. LET()	28810	28810	3.97996
! LET()	23820	52630	7.27058
, LET()	23603	76233	10.5312
ik VNW(pers,pron,nomin,vol,1,ev)	17707	93940	12.9774
? LET()	16978	110918	15.3228
zijn WW(pv,tgw,ev)	12069	122987	16.9901
de LID(bep,stan,rest)	11298	134285	18.5508
je VNW(pers,pron,nomin,red,2v,ev)	10109	144394	19.9473
en VG(neven)	9015	153409	21.1927
een LID(onbep,stan,agr)	7158	160567	22.1816
in VZ(init)	6578	167145	23.0903
nog BW()	6531	173676	23.9925
niet BW()	6327	180003	24.8666
het VNW(pers,pron,stan,red,3,ev,onz)	6284	186287	25.7347
... LET()	6249	192536	26.5979
van VZ(init)	5599	198135	27.3714
wel BW()	5186	203321	28.0878
hebben WW(pv,tgw,ev)	4649	207970	28.7301
ook BW()	4548	212518	29.3583
met VZ(init)	4418	216936	29.9687
x N(soort,ev,basis,zijd,stan)	4374	221310	30.5729
op VZ(init)	4325	225635	31.1704
' LET()	4296	229931	31.7639
voor VZ(init)	4052	233983	32.3236
we VNW(pers,pron,nomin,red,1,mv)	3862	237845	32.8571
er VNW(aanw,adv-pron,stan,red,3,getal)	3814	241659	33.384
maar VG(neven)	3762	245421	33.9037
het LID(bep,stan,evon)	3689	249110	34.4134
nu BW()	3653	252763	34.918
te VZ(init)	3568	256331	35.4109
dan BW()	3513	259844	35.8962
dat VG(onder)	3468	263312	36.3753
al BW()	3230	266542	36.8215
naar VZ(init)	3182	269724	37.2611
om VZ(init)	3091	272815	37.6881
zijn WW(pv,verl,ev)	2875	275690	38.0853
:) SPEC(symb)	2863	278553	38.4808
goed ADJ(vrij,basis,zonder)	2861	281414	38.876
kunnen WW(pv,tgw,ev)	2730	284144	39.2531
: LET()	2719	286863	39.6287
:-) SPEC(symb)	2681	289544	39.9991
dat VNW(aanw,pron,stan,vol,3o,ev)	2618	292162	40.3608
bij VZ(init)	2530	294692	40.7103
ja TSW()	2503	297195	41.0561
tot VZ(init)	2476	299671	41.3981
morgen BW()	2383	302054	41.7273
zo BW()	2355	304409	42.0526
als VG(onder)	2324	306733	42.3737
hoe BW()	2298	309031	42.6912
) LET()	2295	311326	43.0082
gaan WW(pv,tgw,ev)	2235	313561	43.3169
dus BW()	2226	315787	43.6245
aan VZ(init)	2174	317961	43.9248
jij VNW(pers,pron,nomin,vol,2v,ev)	2098	320059	44.2146
.. LET()	2048	322107	44.4975
weer BW()	1990	324097	44.7724
zijn WW(pv,tgw,mv)	1872	325969	45.0311
jou VNW(pers,pron,obl,vol,2v,ev)	1864	327833	45.2886
of VG(neven)	1842	329675	45.543
mijn VNW(bez,det,stan,vol,1,ev,prenom,zonder,agr)	1815	331490	45.7938
moeten WW(pv,tgw,ev)	1806	333296	46.0432
je VNW(bez,det,stan,red,2v,ev,prenom,zonder,agr)	1729	335025	46.2821
vanavond BW()	1656	336681	46.5109
je VNW(pr,pron,obl,red,2v,getal)	1639	338320	46.7373
maar BW()	1617	339937	46.9607
even BW()	1603	341540	47.1821
toch BW()	1539	343079	47.3947
thuis BW()	1534	344613	47.6066
me VNW(pr,pron,obl,red,1,ev)	1533	346146	47.8184
u VNW(pers,pron,nomin,vol,2b,getal)	1503	347649	48.026
geen VNW(onbep,det,stan,prenom,zonder,agr)	1473	349122	48.2295
hebben WW(pv,tgw,met-t)	1451	350573	48.43
kus N(soort,ev,basis,zijd,stan)	1446	352019	48.6297
lekker ADJ(vrij,basis,zonder)	1435	353454	48.828
hier VNW(aanw,adv-pron,obl,vol,3o,getal)	1426	354880	49.025
zullen WW(pv,tgw,ev)	1419	356299	49.221
ze VNW(pers,pron,stan,red,3,mv)	1407	357706	49.4154
wat VNW(vb,pron,stan,vol,3o,ev)	1404	359110	49.6093
gaan WW(pv,tgw,met-t)	1359	360469	49.7971
mij VNW(pr,pron,obl,vol,1,ev)	1352	361821	49.9838
komen WW(pv,tgw,ev)	1349	363170	50.1702
daar VNW(aanw,adv-pron,obl,vol,3o,getal)	1344	364514	50.3559
;) SPEC(symb)	1325	365839	50.5389
jullie VNW(pers,pron,stan,nadr,2v,mv)	1288	367127	50.7168
veel VNW(onbep,grad,stan,prenom,zonder,agr,basis)	1274	368401	50.8928
vandaag BW()	1274	369675	51.0688
net BW()	1272	370947	51.2446
zitten WW(pv,tgw,ev)	1242	372189	51.4161
mee VZ(fin)	1237	373426	51.587
iets VNW(onbep,pron,stan,vol,3o,ev)	1221	374647	51.7557
doen WW(inf,vrij,zonder)	1210	375857	51.9228
denken WW(pv,tgw,ev)	1209	377066	52.0899
" LET()	1192	378258	52.2545
kus N(soort,mv,dim)	1180	379438	52.4175
( LET()	1161	380599	52.5779
horen WW(pv,tgw,ev)	1143	381742	52.7358
die VNW(aanw,det,stan,prenom,zonder,rest)	1143	382885	52.8937
gaan WW(inf,vrij,zonder)	1129	384014	53.0497
straks BW()	1128	385142	53.2055
leuk ADJ(vrij,basis,zonder)	1097	386239	53.3571
eens BW()	1094	387333	53.5082
x SPEC(symb)	1089	388422	53.6586
uur N(soort,ev,basis,onz,stan)	1065	389487	53.8058
ok BW()	1060	390547	53.9522
groet N(soort,mv,dim)	1060	391607	54.0986
echt ADJ(vrij,basis,zonder)	1058	392665	54.2448
hebben WW(pv,verl,ev)	1056	393721	54.3907
weten WW(pv,tgw,ev)	1054	394775	54.5363
willen WW(pv,tgw,ev)	1029	395804	54.6784
zijn WW(inf,vrij,zonder)	1013	396817	54.8184
heel ADJ(vrij,basis,zonder)	988	397805	54.9549
over VZ(init)	979	398784	55.0901
veel VNW(onbep,grad,stan,vrij,zonder,comp)	946	399730	55.2208
hebben WW(pv,tgw,mv)	937	400667	55.3502
houden WW(pv,tgw,ev)	936	401603	55.4795
Haha SPEC(deeleigen)	926	402529	55.6075
;-) SPEC(symb)	924	403453	55.7351
nee TSW()	917	404370	55.8618
dag N(soort,ev,basis,zijd,stan)	912	405282	55.9878
Hey SPEC(vreemd)	905	406187	56.1128
alles VNW(onbep,pron,stan,vol,3o,ev)	901	407088	56.2373
- LET()	865	407953	56.3568
:p SPEC(symb)	862	408815	56.4758
komen WW(pv,tgw,met-t)	852	409667	56.5935
zin N(soort,ev,basis,zijd,stan)	849	410516	56.7108
eten WW(inf,vrij,zonder)	845	411361	56.8276
zullen WW(pv,verl,ev)	841	412202	56.9437
wat VNW(onbep,pron,stan,vol,3o,ev)	828	413030	57.0581
komen WW(inf,vrij,zonder)	826	413856	57.1722
he TSW()	804	414660	57.2833
tijd N(soort,ev,basis,zijd,stan)	788	415448	57.3922
week N(soort,ev,basis,zijd,stan)	782	416230	57.5002
beet N(soort,ev,dim,onz,stan)	779	417009	57.6078
laten WW(pv,tgw,ev)	778	417787	57.7153
waar VNW(vb,adv-pron,obl,vol,3o,getal)	770	418557	57.8216
ff SPEC(afk)	752	419309	57.9255
zijn WW(pv,tgw,met-t)	745	420054	58.0284
hij VNW(pers,pron,nomin,vol,3,ev,masc)	738	420792	58.1304
kus N(soort,ev,dim,onz,stan)	733	421525	58.2317
gaan WW(pv,tgw,mv)	732	422257	58.3328
Hoi SPEC(vreemd)	724	422981	58.4328
trein N(soort,ev,basis,zijd,stan)	723	423704	58.5327
anders BW()	721	424425	58.6323
zien WW(pv,tgw,ev)	716	425141	58.7312
dik ADJ(prenom,basis,met-e,stan)	716	425857	58.8301
da VNW(aanw,pron,stan,vol,3o,ev)	712	426569	58.9285
weten WW(inf,vrij,zonder)	704	427273	59.0257
wij VNW(pers,pron,nomin,vol,1,mv)	703	427976	59.1228
veel VNW(onbep,grad,stan,vrij,zonder,basis)	701	428677	59.2197
< LET()	697	429374	59.316
you SPEC(vreemd)	690	430064	59.4113
plezier N(soort,ev,basis,onz,stan)	690	430754	59.5066
succes N(soort,ev,basis,onz,stan)	677	431431	59.6001
laat ADJ(vrij,basis,zonder)	673	432104	59.6931
ma N(soort,ev,basis,zijd,stan)	669	432773	59.7855
op VZ(fin)	653	433426	59.8757
1 TW(hoofd,vrij)	652	434078	59.9658
Xxx SPEC(vreemd)	650	434728	60.0556
t SPEC(afk)	647	435375	60.145
terug BW()	640	436015	60.2334
af VZ(fin)	638	436653	60.3215
misschien BW()	637	437290	60.4095
persoon N(soort,ev,basis,zijd,stan)	635	437925	60.4972
te BW()	625	438550	60.5836
zeker ADJ(vrij,basis,zonder)	620	439170	60.6692
xx N(soort,ev,basis,onz,stan)	620	439790	60.7549
kijken WW(inf,vrij,zonder)	617	440407	60.8401
aan VZ(fin)	614	441021	60.9249
huis N(soort,ev,basis,onz,stan)	612	441633	61.0095
mogen WW(pv,tgw,ev)	610	442243	61.0938
ze VNW(pers,pron,stan,red,3,ev,fem)	609	442852	61.1779
gewoon ADJ(vrij,basis,zonder)	608	443460	61.2619
uit VZ(init)	607	444067	61.3457
n BW()	605	444672	61.4293
!! LET()	601	445273	61.5123
kunnen WW(pv,tgw,mv)	598	445871	61.5949
; LET()	594	446465	61.677
uit VZ(fin)	593	447058	61.7589
die VNW(aanw,pron,stan,vol,3,getal)	577	447635	61.8386
pas BW()	573	448208	61.9178
weekend N(soort,ev,basis,onz,stan)	572	448780	61.9968
rond VZ(init)	571	449351	62.0757
alleen BW()	567	449918	62.154
na VZ(init)	565	450483	62.2321
prima ADJ(vrij,basis,zonder)	563	451046	62.3098
die VNW(betr,pron,stan,vol,persoon,getal)	562	451608	62.3875
mn SPEC(afk)	560	452168	62.4648
lief ADJ(vrij,basis,zonder)	551	452719	62.541
keer N(soort,ev,basis,zijd,stan)	550	453269	62.6169
werk N(soort,ev,basis,onz,stan)	548	453817	62.6926
/ LET()	546	454363	62.7681
:P SPEC(symb)	536	454899	62.8421
half ADJ(prenom,basis,zonder)	533	455432	62.9157
erg ADJ(vrij,basis,zonder)	529	455961	62.9888
3 TW(hoofd,vrij)	525	456486	63.0614
hÃ© BW()	511	456997	63.1319
of VG(onder)	509	457506	63.2023
worden WW(pv,tgw,met-t)	507	458013	63.2723
oh TSW()	499	458512	63.3412
graag BW()	496	459008	63.4098
want VG(neven)	494	459502	63.478
the SPEC(vreemd)	491	459993	63.5458
doen WW(pv,tgw,ev)	490	460483	63.6135
to SPEC(vreemd)	489	460972	63.6811
:D SPEC(symb)	489	461461	63.7486
mijn VNW(bez,det,stan,red,1,ev,prenom,zonder,agr)	486	461947	63.8158
mooi ADJ(vrij,basis,zonder)	484	462431	63.8826
snel ADJ(vrij,basis,zonder)	481	462912	63.9491
hebben WW(vd,vrij,zonder)	480	463392	64.0154
bedanken WW(vd,vrij,zonder)	479	463871	64.0816
doen WW(vd,vrij,zonder)	475	464346	64.1472
u VNW(pr,pron,obl,vol,2,getal)	466	464812	64.2116
weg BW()	464	465276	64.2756
trouwens BW()	462	465738	64.3395
gezellig ADJ(vrij,basis,zonder)	461	466199	64.4032
ni BW()	460	466659	64.4667
> LET()	460	467119	64.5303
gaan WW(pv,verl,ev)	459	467578	64.5937
bijna BW()	452	468030	64.6561
laat ADJ(vrij,comp,zonder)	446	468476	64.7177
slapen WW(inf,vrij,zonder)	440	468916	64.7785
in VZ(fin)	440	469356	64.8393
ge VNW(pers,pron,nomin,red,2,getal)	440	469796	64.9001
zien WW(inf,vrij,zonder)	437	470233	64.9604
goed ADJ(vrij,comp,zonder)	437	470670	65.0208
.... LET()	434	471104	65.0808
tegen VZ(init)	431	471535	65.1403
# SPEC(symb)	425	471960	65.199
klaar ADJ(vrij,basis,zonder)	423	472383	65.2574
deze VNW(aanw,det,stan,prenom,met-e,rest)	422	472805	65.3157
werken WW(inf,vrij,zonder)	420	473225	65.3738
He SPEC(vreemd)	417	473642	65.4314
kunnen WW(inf,vrij,zonder)	416	474058	65.4888
goed ADJ(prenom,basis,met-e,stan)	402	474460	65.5444
gisteren BW()	396	474856	65.5991
lief N(soort,ev,dim,onz,stan)	393	475249	65.6534
bellen WW(inf,vrij,zonder)	393	475642	65.7077
ha TSW()	392	476034	65.7618
volgen WW(od,prenom,met-e)	389	476423	65.8156
Hey SPEC(deeleigen)	389	476812	65.8693
hem VNW(pers,pron,obl,vol,3,ev,masc)	388	477200	65.9229
2 TW(hoofd,vrij)	388	477588	65.9765
moeten WW(pv,tgw,mv)	386	477974	66.0298
Sorry SPEC(vreemd)	386	478360	66.0831
a SPEC(vreemd)	380	478740	66.1356
:( SPEC(symb)	379	479119	66.188
verjaardag N(soort,ev,basis,zijd,stan)	378	479497	66.2402
hee TSW()	372	479869	66.2916
staan WW(pv,tgw,met-t)	370	480239	66.3427
ver ADJ(vrij,comp,zonder)	369	480608	66.3937
nr N(soort,ev,basis,onz,stan)	367	480975	66.4444
ons VNW(pr,pron,obl,vol,1,mv)	364	481339	66.4947
lang ADJ(vrij,basis,zonder)	363	481702	66.5448
bed N(soort,ev,basis,onz,stan)	363	482065	66.595
bellen WW(pv,tgw,ev)	362	482427	66.645
Gr SPEC(deeleigen)	357	482784	66.6943
zijn WW(vd,vrij,zonder)	355	483139	66.7433
komen WW(pv,tgw,mv)	354	483493	66.7922
tis N(soort,ev,basis,zijd,stan)	350	483843	66.8406
maken WW(inf,vrij,zonder)	350	484193	66.8889
slapen WW(pv,tgw,ev)	347	484540	66.9369
heel ADJ(prenom,basis,met-e,stan)	344	484884	66.9844
altijd BW()	344	485228	67.0319
nou BW()	338	485566	67.0786
eigenlijk ADJ(vrij,basis,zonder)	338	485904	67.1253
fijn ADJ(vrij,basis,zonder)	337	486241	67.1719
door VZ(init)	337	486578	67.2184
vinden WW(pv,tgw,ev)	334	486912	67.2646
drinken WW(inf,vrij,zonder)	333	487245	67.3106
helemaal BW()	332	487577	67.3564
laten WW(inf,vrij,zonder)	329	487906	67.4019
auto N(soort,ev,basis,zijd,stan)	328	488234	67.4472
feliciteren WW(vd,vrij,zonder)	327	488561	67.4924
schat N(soort,ev,dim,onz,stan)	321	488882	67.5367
halen WW(inf,vrij,zonder)	321	489203	67.581
XxX SPEC(deeleigen)	320	489523	67.6253
zeggen WW(pv,tgw,ev)	317	489840	67.669
zaterdag SPEC(deeleigen)	317	490157	67.7128
sms N(soort,ev,basis,zijd,stan)	317	490474	67.7566
zitten WW(pv,tgw,mv)	316	490790	67.8003
natuurlijk ADJ(vrij,basis,zonder)	315	491105	67.8438
vrijdag SPEC(deeleigen)	313	491418	67.887
nie BW()	313	491731	67.9303
sorry SPEC(vreemd)	312	492043	67.9734
eerst BW()	311	492354	68.0163
steeds BW()	310	492664	68.0592
gezien WW(vd,vrij,zonder)	309	492973	68.1019
willen WW(pv,verl,ev)	306	493279	68.1441
jou VNW(bez,det,stan,vol,2v,ev,prenom,zonder,agr)	304	493583	68.1861
druk ADJ(vrij,basis,zonder)	302	493885	68.2278
bezig ADJ(vrij,basis,zonder)	302	494187	68.2696
dit VNW(aanw,det,stan,prenom,zonder,evon)	301	494488	68.3111
samen BW()	298	494786	68.3523
ofzo BW()	298	495084	68.3935
niks VNW(onbep,pron,stan,vol,3o,ev)	298	495382	68.4346
jammer ADJ(vrij,basis,zonder)	297	495679	68.4757
dan VG(onder)	296	495975	68.5166
hopen WW(pv,tgw,ev)	294	496269	68.5572
super ADJ(vrij,basis,zonder)	293	496562	68.5977
I SPEC(vreemd)	293	496855	68.6381
2 TW(hoofd,prenom,stan)	293	497148	68.6786
nieuw ADJ(prenom,basis,met-e,stan)	291	497439	68.7188
niets VNW(onbep,pron,stan,vol,3o,ev)	288	497727	68.7586
hopelijk ADJ(vrij,basis,zonder)	284	498011	68.7978
helaas BW()	284	498295	68.8371
<DECIMAL> SPEC(symb)	284	498579	68.8763
zondag SPEC(deeleigen)	281	498860	68.9151
zelf BW()	280	499140	68.9538
daarna BW()	280	499420	68.9925
8 TW(hoofd,vrij)	280	499700	69.0312
wanneer BW()	277	499977	69.0694
vanaf VZ(init)	277	500254	69.1077
denken WW(pv,verl,ev)	277	500531	69.146
ander ADJ(prenom,basis,met-e,stan)	276	500807	69.1841
worden WW(inf,vrij,zonder)	275	501082	69.2221
genieten WW(pv,tgw,ev)	274	501356	69.2599
Jeroen SPEC(deeleigen)	273	501629	69.2976
!? LET()	273	501902	69.3354
zullen WW(pv,tgw,mv)	272	502174	69.3729
and SPEC(vreemd)	272	502446	69.4105
allemaal BW()	272	502718	69.4481
ah N(soort,ev,basis,zijd,stan)	272	502990	69.4857
min BW()	271	503261	69.5231
dat VNW(aanw,det,stan,prenom,zonder,evon)	271	503532	69.5605
wakke ADJ(vrij,basis,zonder)	268	503800	69.5976
moeten WW(pv,verl,ev)	267	504067	69.6344
best ADJ(vrij,sup,zonder)	264	504331	69.6709
7 TW(hoofd,vrij)	264	504595	69.7074
vanmiddag BW()	263	504858	69.7437
laat ADJ(prenom,sup,met-e,stan)	263	505121	69.78
gelukkig ADJ(vrij,basis,zonder)	263	505384	69.8164
volgens VZ(init)	262	505646	69.8526
over VZ(fin)	261	505907	69.8886
avond N(soort,ev,basis,zijd,stan)	261	506168	69.9247
nodig ADJ(vrij,basis,zonder)	260	506428	69.9606
6 TW(hoofd,vrij)	258	506686	69.9962
vroeg ADJ(vrij,basis,zonder)	257	506943	70.0317
5 TW(hoofd,vrij)	256	507199	70.0671
binnen VZ(fin)	255	507454	70.1023
vakantie N(soort,ev,basis,zijd,stan)	254	507708	70.1374
stad N(soort,ev,basis,zijd,stan)	253	507961	70.1724
leuk ADJ(prenom,basis,met-e,stan)	252	508213	70.2072
vinden WW(pv,verl,ev)	251	508464	70.2419
idee N(soort,ev,basis,onz,stan)	250	508714	70.2764
hij VNW(pers,pron,nomin,red,3,ev,masc)	250	508964	70.3109
alweer BW()	248	509212	70.3452
wie VNW(vb,pron,stan,vol,3p,getal)	246	509458	70.3792
zeggen WW(inf,vrij,zonder)	244	509702	70.4129
slapen WW(vd,vrij,zonder)	244	509946	70.4466
maandag SPEC(deeleigen)	244	510190	70.4803
m SPEC(symb)	242	510432	70.5137
wachten WW(inf,vrij,zonder)	241	510673	70.547
half ADJ(vrij,basis,zonder)	241	510914	70.5803
hebben WW(inf,vrij,zonder)	240	511154	70.6135
vast ADJ(vrij,basis,zonder)	239	511393	70.6465
kunnen WW(pv,tgw,met-t)	239	511632	70.6795
mama N(soort,ev,basis,zijd,stan)	236	511868	70.7121
for SPEC(vreemd)	235	512103	70.7446
omdat VG(onder)	233	512336	70.7768
nemen WW(pv,tgw,ev)	230	512566	70.8085
lijken WW(pv,tgw,met-t)	230	512796	70.8403
eten WW(pv,tgw,ev)	230	513026	70.8721
zijn VNW(bez,det,stan,vol,3,ev,prenom,zonder,agr)	229	513255	70.9037
een TW(rang,prenom,stan)	229	513484	70.9354
schat N(soort,ev,basis,zijd,stan)	227	513711	70.9667
kijken WW(pv,tgw,ev)	227	513938	70.9981
ok TSW()	226	514164	71.0293
van VZ(fin)	225	514389	71.0604
Ela SPEC(deeleigen)	225	514614	71.0915
mooi ADJ(prenom,basis,met-e,stan)	224	514838	71.1224
zitten WW(inf,vrij,zonder)	221	515059	71.1529
doen WW(pv,tgw,met-t)	220	515279	71.1833
!!! LET()	220	515499	71.2137
mail N(soort,ev,basis,zijd,stan)	219	515718	71.244
jaar N(soort,ev,basis,onz,stan)	219	515937	71.2742
bij VZ(fin)	219	516156	71.3045
probleem N(soort,ev,basis,onz,stan)	218	516374	71.3346
bus N(soort,ev,basis,zijd,stan)	218	516592	71.3647
& SPEC(symb)	217	516809	71.3947
wanneer VG(onder)	216	517025	71.4245
inderdaad BW()	216	517241	71.4544
goed ADJ(prenom,basis,zonder)	215	517456	71.4841
fijn ADJ(prenom,basis,met-e,stan)	215	517671	71.5138
al VNW(onbep,det,stan,prenom,met-e,agr)	214	517885	71.5433
uur N(soort,ev,dim,onz,stan)	213	518098	71.5728
voor VZ(fin)	212	518310	71.602
station N(soort,ev,basis,onz,stan)	211	518521	71.6312
ergens VNW(onbep,adv-pron,obl,vol,3o,getal)	211	518732	71.6603
4 TW(hoofd,vrij)	211	518943	71.6895
xje N(soort,ev,dim,onz,stan)	210	519153	71.7185
lukken WW(inf,vrij,zonder)	209	519362	71.7474
door VZ(fin)	209	519571	71.7762
wa SPEC(vreemd)	208	519779	71.805
lukken WW(pv,tgw,met-t)	208	519987	71.8337
haar VNW(bez,det,stan,vol,3,ev,prenom,zonder,agr)	208	520195	71.8624
missen WW(pv,tgw,ev)	206	520401	71.8909
kunnen WW(pv,verl,ev)	206	520607	71.9194
donderdag SPEC(deeleigen)	206	520813	71.9478
xxx SPEC(vreemd)	205	521018	71.9761
telefoon N(soort,ev,basis,zijd,stan)	204	521222	72.0043
toe VZ(fin)	203	521425	72.0324
:-( SPEC(symb)	203	521628	72.0604
9 TW(hoofd,vrij)	203	521831	72.0885
plan N(soort,ev,basis,onz,stan)	202	522033	72.1164
groet N(soort,mv,basis)	202	522235	72.1443
ons VNW(bez,det,stan,vol,1,mv,prenom,met-e,rest)	201	522436	72.172
blij ADJ(vrij,basis,zonder)	201	522637	72.1998
reis N(soort,ev,basis,zijd,stan)	199	522836	72.2273
hmm N(soort,ev,basis,onz,stan)	199	523035	72.2548
woensdag SPEC(deeleigen)	197	523232	72.282
ding N(soort,mv,basis)	196	523428	72.3091
man N(soort,ev,basis,zijd,stan)	195	523623	72.336
kwart N(soort,ev,basis,onz,stan)	195	523818	72.3629
10 TW(hoofd,prenom,stan)	195	524013	72.3899
liggen WW(pv,tgw,met-t)	194	524207	72.4167
Tilburg SPEC(deeleigen)	194	524401	72.4435
zijn WW(pv,verl,mv)	193	524594	72.4701
vergeten WW(vd,vrij,zonder)	193	524787	72.4968
onderweg BW()	193	524980	72.5235
mens N(soort,mv,basis)	193	525173	72.5501
das N(soort,ev,basis,zijd,stan)	193	525366	72.5768
paar N(soort,ev,basis,onz,stan)	192	525558	72.6033
danken WW(pv,tgw,ev)	192	525750	72.6298
10 TW(hoofd,vrij)	192	525942	72.6564
meisje N(soort,ev,dim,onz,stan)	191	526133	72.6828
Me SPEC(vreemd)	191	526324	72.7091
iemand VNW(onbep,pron,stan,vol,3p,ev)	190	526514	72.7354
be SPEC(vreemd)	190	526704	72.7616
staan WW(pv,tgw,ev)	189	526893	72.7877
eten N(soort,ev,basis,onz,stan)	188	527081	72.8137
dag N(soort,mv,basis)	187	527268	72.8395
waarom BW()	186	527454	72.8652
twee TW(hoofd,prenom,stan)	186	527640	72.8909
willen WW(pv,tgw,met-t)	185	527825	72.9165
toevallig ADJ(vrij,basis,zonder)	184	528009	72.9419
ouder N(soort,mv,basis)	184	528193	72.9673
gij VNW(pers,pron,nomin,vol,2,getal)	184	528377	72.9928
langs VZ(init)	183	528560	73.018
12 TW(hoofd,vrij)	183	528743	73.0433
dinsdag SPEC(deeleigen)	182	528925	73.0685
staan WW(inf,vrij,zonder)	181	529106	73.0935
mooi ADJ(prenom,basis,zonder)	180	529286	73.1183
idd WW(vd,vrij,zonder)	180	529466	73.1432
genoeg BW()	180	529646	73.1681
Anke SPEC(deeleigen)	180	529826	73.1929
vragen WW(inf,vrij,zonder)	179	530005	73.2177
feest N(soort,ev,dim,onz,stan)	178	530183	73.2422
e SPEC(symb)	178	530361	73.2668
Oke SPEC(deeleigen)	178	530539	73.2914
uni N(soort,ev,basis,zijd,stan)	177	530716	73.3159
* LET()	177	530893	73.3403
rustig ADJ(vrij,basis,zonder)	176	531069	73.3646
zonder VZ(init)	175	531244	73.3888
moeten WW(inf,vrij,zonder)	175	531419	73.413
me SPEC(vreemd)	175	531594	73.4372
maken WW(pv,tgw,ev)	175	531769	73.4613
tussen VZ(init)	174	531943	73.4854
precies ADJ(vrij,basis,zonder)	174	532117	73.5094
on SPEC(vreemd)	174	532291	73.5335
geven WW(inf,vrij,zonder)	174	532465	73.5575
koffie N(soort,ev,basis,zijd,stan)	173	532638	73.5814
ist SPEC(vreemd)	173	532811	73.6053
staan WW(pv,tgw,mv)	171	532982	73.6289
nummer N(soort,ev,basis,onz,stan)	171	533153	73.6525
my SPEC(vreemd)	171	533324	73.6762
euro N(soort,ev,basis,zijd,stan)	171	533495	73.6998
dit VNW(aanw,pron,stan,vol,3o,ev)	171	533666	73.7234
benieuwd ADJ(vrij,basis,zonder)	171	533837	73.747
afspreken WW(inf,vrij,zonder)	171	534008	73.7706
3 TW(hoofd,prenom,stan)	171	534179	73.7943
papa N(soort,ev,basis,zijd,stan)	170	534349	73.8178
p N(soort,ev,basis,zijd,stan)	169	534518	73.8411
zitten WW(pv,verl,ev)	168	534686	73.8643
elkaar VNW(recip,pron,obl,vol,persoon,mv)	168	534854	73.8875
slaap N(soort,ev,basis,zijd,stan)	167	535021	73.9106
fiets N(soort,ev,basis,zijd,stan)	167	535188	73.9337
buiten VZ(fin)	167	535355	73.9567
zien WW(pv,verl,ev)	166	535521	73.9797
xx N(soort,ev,basis,zijd,stan)	166	535687	74.0026
via VZ(init)	166	535853	74.0255
minuut N(soort,mv,basis)	166	536019	74.0485
gevonden WW(vd,vrij,zonder)	166	536185	74.0714
bellen WW(vd,vrij,zonder)	166	536351	74.0943
meenemen WW(inf,vrij,zonder)	165	536516	74.1171
haar VNW(pers,pron,obl,vol,3,getal,fem)	165	536681	74.1399
gaan WW(vd,vrij,zonder)	165	536846	74.1627
Groeten SPEC(deeleigen)	165	537011	74.1855
20 TW(hoofd,prenom,stan)	165	537176	74.2083
mam N(soort,ev,basis,zijd,stan)	164	537340	74.2309
maken WW(pv,tgw,met-t)	164	537504	74.2536
zo'n VNW(aanw,det,stan,prenom,zonder,agr)	163	537667	74.2761
moe ADJ(vrij,basis,zonder)	163	537830	74.2986
hÃ¨ N(soort,ev,basis,zijd,stan)	162	537992	74.321
rest N(soort,ev,basis,zijd,stan)	161	538153	74.3433
lief ADJ(postnom,basis,met-s)	161	538314	74.3655
langs VZ(fin)	161	538475	74.3877
een LID(onbep,dial)	161	538636	74.41
proberen WW(inf,vrij,zonder)	160	538796	74.4321
ons VNW(bez,det,stan,vol,1,mv,prenom,zonder,evon)	160	538956	74.4542
liggen WW(pv,tgw,ev)	160	539116	74.4763
Kga SPEC(deeleigen)	160	539276	74.4984
nooit BW()	159	539435	74.5204
Wiel SPEC(deeleigen)	159	539594	74.5423
1 TW(hoofd,prenom,stan)	159	539753	74.5643
geval N(soort,ev,basis,onz,stan)	158	539911	74.5861
doen WW(pv,tgw,mv)	158	540069	74.6079
waarschijnlijk ADJ(vrij,basis,zonder)	157	540226	74.6296
kopen WW(inf,vrij,zonder)	157	540383	74.6513
t LID(bep,stan,evon)	156	540539	74.6729
oei N(soort,ev,basis,zijd,stan)	155	540694	74.6943
alvast BW()	155	540849	74.7157
als VZ(init)	155	541004	74.7371
aant ADJ(vrij,basis,zonder)	155	541159	74.7585
zelfs BW()	153	541312	74.7797
weer N(soort,ev,basis,onz,stan)	153	541465	74.8008
horen WW(inf,vrij,zonder)	153	541618	74.8219
blijven WW(inf,vrij,zonder)	153	541771	74.8431
jullie VNW(bez,det,stan,nadr,2v,mv,prenom,zonder,agr)	152	541923	74.8641
iedereen VNW(onbep,pron,stan,vol,3p,ev)	152	542075	74.8851
ongeveer BW()	151	542226	74.9059
sturen WW(inf,vrij,zonder)	150	542376	74.9266
knuffel N(soort,mv,basis)	150	542526	74.9474
foto N(soort,mv,basis)	150	542676	74.9681
Jaro SPEC(deeleigen)	150	542826	74.9888
krijgen WW(pv,tgw,ev)	149	542975	75.0094
horen WW(vd,vrij,zonder)	149	543124	75.03
gister BW()	148	543272	75.0504
film N(soort,ev,basis,zijd,stan)	148	543420	75.0709
Paul SPEC(deeleigen)	148	543568	75.0913
Love SPEC(vreemd)	148	543716	75.1118
Redczus SPEC(deeleigen)	147	543863	75.1321
Hallo SPEC(vreemd)	147	544010	75.1524
geld N(soort,ev,basis,onz,stan)	146	544156	75.1725
voelen WW(pv,tgw,ev)	145	544301	75.1926
nemen WW(inf,vrij,zonder)	145	544446	75.2126
it SPEC(vreemd)	145	544591	75.2326
<TIME> SPEC(symb)	145	544736	75.2527
uw VNW(bez,det,stan,vol,2,getal,prenom,zonder,agr)	144	544880	75.2726
open ADJ(vrij,basis,zonder)	144	545024	75.2925
les N(soort,ev,basis,zijd,stan)	144	545168	75.3123
komen WW(pv,verl,ev)	144	545312	75.3322
eten WW(pv,verl,ev)	144	545456	75.3521
vinden WW(inf,vrij,zonder)	143	545599	75.3719
veel VNW(onbep,grad,stan,prenom,met-e,agr,basis)	143	545742	75.3916
mogen WW(pv,verl,ev)	143	545885	75.4114
know SPEC(vreemd)	143	546028	75.4312
zeggen WW(pv,verl,ev)	142	546170	75.4508
sterkte N(soort,ev,basis,zijd,stan)	142	546312	75.4704
plan N(soort,mv,basis)	142	546454	75.49
k WW(pv,tgw,ev)	142	546596	75.5096
halen WW(vd,vrij,zonder)	142	546738	75.5292
30 TW(hoofd,vrij)	142	546880	75.5489
willen WW(pv,tgw,mv)	141	547021	75.5683
liggen WW(inf,vrij,zonder)	141	547162	75.5878
krijgen WW(vd,vrij,zonder)	140	547302	75.6071
beginnen WW(pv,tgw,met-t)	140	547442	75.6265
Yes SPEC(vreemd)	140	547582	75.6458
de LID(bep,dial)	139	547721	75.665
weg N(soort,ev,basis,zijd,stan)	138	547859	75.6841
rijden WW(inf,vrij,zonder)	138	547997	75.7032
lief ADJ(prenom,basis,met-e,stan)	138	548135	75.7222
maken WW(vd,vrij,zonder)	137	548272	75.7411
klinken WW(pv,tgw,met-t)	136	548408	75.7599
hoop N(soort,ev,basis,zijd,stan)	136	548544	75.7787
ander ADJ(postnom,basis,met-s)	136	548680	75.7975
heerlijk ADJ(vrij,basis,zonder)	135	548815	75.8162
middag N(soort,ev,basis,zijd,stan)	134	548949	75.8347
blijven WW(pv,tgw,ev)	134	549083	75.8532
vooral BW()	132	549215	75.8714
school N(soort,ev,basis,zijd,stan)	132	549347	75.8897
richting N(soort,ev,basis,zijd,stan)	132	549479	75.9079
gelukken WW(vd,vrij,zonder)	132	549611	75.9261
binnenkort BW()	132	549743	75.9444
achter VZ(init)	132	549875	75.9626
mis ADJ(vrij,basis,zonder)	131	550006	75.9807
slaapwel N(soort,ev,basis,zijd,stan)	130	550136	75.9987
hem VNW(pers,pron,obl,red,3,ev,masc)	130	550266	76.0166
blijkbaar ADJ(vrij,basis,zonder)	130	550396	76.0346
juist BW()	129	550525	76.0524
i N(soort,ev,basis,zijd,stan)	129	550654	76.0702
direct ADJ(vrij,basis,zonder)	129	550783	76.088
normaal ADJ(vrij,basis,zonder)	128	550911	76.1057
liever BW()	128	551039	76.1234
enzo BW()	128	551167	76.1411
iig N(soort,ev,basis,zijd,stan)	127	551294	76.1586
i SPEC(symb)	127	551421	76.1762
lieverd N(soort,ev,basis,zijd,stan)	126	551547	76.1936
liefs N(soort,ev,basis,onz,stan)	126	551673	76.211
:-P SPEC(symb)	126	551799	76.2284
11 TW(hoofd,vrij)	126	551925	76.2458
sturen WW(vd,vrij,zonder)	125	552050	76.2631
hart N(soort,ev,basis,dat)	125	552175	76.2803
tentamen N(soort,ev,basis,onz,stan)	124	552299	76.2975
sowieso BW()	124	552423	76.3146
ophalen WW(inf,vrij,zonder)	124	552547	76.3317
in SPEC(vreemd)	124	552671	76.3488
dak N(soort,ev,basis,onz,stan)	123	552794	76.3658
are SPEC(vreemd)	123	552917	76.3828
Thanks SPEC(vreemd)	123	553040	76.3998
ziek ADJ(vrij,basis,zonder)	122	553162	76.4167
vallen WW(pv,tgw,met-t)	122	553284	76.4335
spreken WW(pv,tgw,mv)	122	553406	76.4504
r N(soort,ev,basis,zijd,stan)	122	553528	76.4672
kant N(soort,ev,basis,zijd,stan)	122	553650	76.4841
internet N(soort,ev,basis,onz,stan)	122	553772	76.5009
dankje N(soort,ev,dim,onz,stan)	122	553894	76.5178
afspreken WW(vd,vrij,zonder)	122	554016	76.5347
smakelijk ADJ(vrij,basis,zonder)	121	554137	76.5514
hebben WW(pv,verl,mv)	121	554258	76.5681
haha N(soort,ev,basis,zijd,stan)	121	554379	76.5848
deur N(soort,ev,basis,zijd,stan)	121	554500	76.6015
bericht N(soort,ev,basis,onz,stan)	121	554621	76.6182
xx SPEC(symb)	120	554741	76.6348
with SPEC(vreemd)	120	554861	76.6514
there SPEC(vreemd)	120	554981	76.668
18 TW(hoofd,vrij)	120	555101	76.6845
zich VNW(refl,pron,obl,red,3,getal)	119	555220	76.701
welk VNW(vb,det,stan,prenom,met-e,rest)	119	555339	76.7174
vannacht BW()	119	555458	76.7339
spannend ADJ(vrij,basis,zonder)	119	555577	76.7503
onder VZ(init)	119	555696	76.7667
Jan SPEC(deeleigen)	119	555815	76.7832
zon N(soort,ev,basis,zijd,stan)	118	555933	76.7995
vertrekken WW(inf,vrij,zonder)	118	556051	76.8158
lopen WW(inf,vrij,zonder)	118	556169	76.8321
going SPEC(vreemd)	118	556287	76.8484
gezegd WW(vd,vrij,zonder)	118	556405	76.8647
blijven WW(pv,tgw,met-t)	118	556523	76.881
+ SPEC(symb)	118	556641	76.8973
that SPEC(vreemd)	117	556758	76.9134
sturen WW(pv,tgw,ev)	117	556875	76.9296
nieuw N(soort,ev,basis,onz,stan)	117	556992	76.9458
morgenavond BW()	117	557109	76.9619
Maartje SPEC(deeleigen)	117	557226	76.9781
zien WW(pv,tgw,met-t)	116	557342	76.9941
gelukkig ADJ(prenom,basis,met-e,stan)	116	557458	77.0102
denken WW(inf,vrij,zonder)	116	557574	77.0262
ver ADJ(vrij,basis,zonder)	115	557689	77.0421
orde N(soort,ev,basis,zijd,stan)	115	557804	77.0579
binnen VZ(init)	115	557919	77.0738
15 TW(hoofd,vrij)	115	558034	77.0897
moeilijk ADJ(vrij,basis,zonder)	114	558148	77.1055
's LID(bep,gen,evmo)	114	558262	77.1212
okÃ© ADJ(vrij,basis,zonder)	113	558375	77.1368
ng N(soort,ev,basis,zijd,stan)	113	558488	77.1524
heej TSW(dial)	113	558601	77.1681
week N(soort,mv,basis)	112	558713	77.1835
sebiet ADJ(vrij,basis,zonder)	112	558825	77.199
leren WW(inf,vrij,zonder)	112	558937	77.2145
kamer N(soort,ev,basis,zijd,stan)	112	559049	77.2299
hard ADJ(vrij,basis,zonder)	112	559161	77.2454
ervan BW()	112	559273	77.2609
vrij BW()	111	559384	77.2762
no SPEC(vreemd)	111	559495	77.2916
meteen BW()	111	559606	77.3069
lekker ADJ(prenom,basis,zonder)	111	559717	77.3222
Merci SPEC(vreemd)	111	559828	77.3376
naast VZ(init)	110	559938	77.3528
minder VNW(onbep,grad,stan,vrij,zonder,comp)	110	560048	77.3679
have SPEC(vreemd)	110	560158	77.3831
groet N(soort,ev,basis,zijd,stan)	110	560268	77.3983
zeggen WW(pv,tgw,met-t)	109	560377	77.4134
vrij ADJ(vrij,basis,zonder)	109	560486	77.4285
te VZ(versm)	109	560595	77.4435
ontzettend ADJ(vrij,basis,zonder)	109	560704	77.4586
ll SPEC(vreemd)	109	560813	77.4736
horen WW(pv,verl,ev)	109	560922	77.4887
groot ADJ(prenom,basis,met-e,stan)	109	561031	77.5037
beginnen WW(inf,vrij,zonder)	109	561140	77.5188
eten WW(vd,vrij,zonder)	108	561248	77.5337
bier N(soort,ev,basis,onz,stan)	108	561356	77.5486
Jan. SPEC(afk)	108	561464	77.5636
werken WW(pv,tgw,ev)	107	561571	77.5783
now SPEC(vreemd)	107	561678	77.5931
lieveke N(soort,ev,dim,onz,stan)	107	561785	77.6079
kopen WW(vd,vrij,zonder)	107	561892	77.6227
kheb N(soort,ev,basis,zijd,stan)	107	561999	77.6375
hvj N(soort,ev,basis,zijd,stan)	107	562106	77.6522
ben. SPEC(afk)	107	562213	77.667
adres N(soort,ev,basis,onz,stan)	107	562320	77.6818
willen WW(inf,vrij,zonder)	106	562426	77.6965
welkom ADJ(vrij,basis,zonder)	106	562532	77.7111
per VZ(init)	106	562638	77.7257
geworden WW(vd,vrij,zonder)	106	562744	77.7404
feest N(soort,ev,basis,onz,stan)	106	562850	77.755
Nijmegen SPEC(deeleigen)	106	562956	77.7697
zullen WW(pv,verl,mv)	105	563061	77.7842
toen VG(onder)	105	563166	77.7987
missen WW(vd,vrij,zonder)	105	563271	77.8132
d SPEC(symb)	105	563376	77.8277
college N(soort,ev,basis,onz,stan)	105	563481	77.8422
jep N(soort,ev,basis,zijd,stan)	104	563585	77.8566
afspraak N(soort,ev,basis,zijd,stan)	104	563689	77.8709
zetten WW(inf,vrij,zonder)	103	563792	77.8852
mogelijk ADJ(vrij,basis,zonder)	103	563895	77.8994
koken WW(inf,vrij,zonder)	103	563998	77.9136
geloven WW(pv,tgw,ev)	103	564101	77.9278
do SPEC(vreemd)	103	564204	77.9421
dat VNW(betr,pron,stan,vol,3,ev)	103	564307	77.9563
dag N(soort,ev,dim,onz,stan)	103	564410	77.9705
5 TW(hoofd,prenom,stan)	103	564513	77.9848
kaart N(soort,ev,dim,onz,stan)	102	564615	77.9989
houden WW(inf,vrij,zonder)	102	564717	78.0129
geleden BW()	102	564819	78.027
?! LET()	102	564921	78.0411
zoals VG(onder)	101	565022	78.0551
vergeten WW(inf,vrij,zonder)	101	565123	78.069
heen VZ(fin)	101	565224	78.083
M SPEC(deeleigen)	101	565325	78.0969
Hihi SPEC(deeleigen)	101	565426	78.1109
vertraging N(soort,ev,basis,zijd,stan)	100	565526	78.1247
klein ADJ(prenom,basis,zonder)	100	565626	78.1385
dankjewel N(soort,ev,basis,zijd,stan)	100	565726	78.1523
bier N(soort,ev,dim,onz,stan)	100	565826	78.1662
Maaike SPEC(deeleigen)	100	565926	78.18
zien WW(pv,tgw,mv)	99	566025	78.1936
veilig ADJ(vrij,basis,zonder)	99	566124	78.2073
just SPEC(vreemd)	99	566223	78.221
helpen WW(inf,vrij,zonder)	99	566322	78.2347
Niek SPEC(deeleigen)	99	566421	78.2483
Hai SPEC(deeleigen)	99	566520	78.262
weten WW(pv,verl,ev)	98	566618	78.2756
pakken WW(inf,vrij,zonder)	98	566716	78.2891
erbij BW()	98	566814	78.3026
17 TW(hoofd,vrij)	98	566912	78.3162
zijn VNW(bez,det,stan,red,3,ev,prenom,zonder,agr)	97	567009	78.3296
vorig ADJ(prenom,basis,met-e,stan)	97	567106	78.343
vol ADJ(vrij,basis,zonder)	97	567203	78.3564
veel VNW(onbep,grad,stan,prenom,zonder,agr,comp)	97	567300	78.3698
krijgen WW(pv,verl,ev)	97	567397	78.3832
eind N(soort,ev,basis,onz,stan)	97	567494	78.3966
boodschap N(soort,mv,basis)	97	567591	78.41
sms N(soort,ev,dim,onz,stan)	96	567687	78.4232
mail N(soort,ev,dim,onz,stan)	96	567783	78.4365
gsm N(soort,ev,basis,zijd,stan)	96	567879	78.4498
by SPEC(vreemd)	96	567975	78.463
hm BW()	95	568070	78.4761
baas N(soort,ev,basis,zijd,stan)	95	568165	78.4893
s N(soort,ev,basis,zijd,stan)	94	568259	78.5023
eraan BW()	94	568353	78.5152
You SPEC(vreemd)	94	568447	78.5282
geven WW(pv,tgw,ev)	93	568540	78.5411
zoeken WW(inf,vrij,zonder)	92	568632	78.5538
flink ADJ(vrij,basis,zonder)	92	568724	78.5665
eindelijk ADJ(vrij,basis,zonder)	92	568816	78.5792
staan WW(pv,verl,ev)	91	568907	78.5918
kzal N(soort,ev,basis,zijd,stan)	91	568998	78.6043
Bart SPEC(deeleigen)	91	569089	78.6169
your SPEC(vreemd)	90	569179	78.6294
warm ADJ(vrij,basis,zonder)	90	569269	78.6418
hoeven WW(pv,tgw,met-t)	90	569359	78.6542
ermee BW()	90	569449	78.6667
checken WW(pv,tgw,ev)	90	569539	78.6791
boek N(soort,ev,basis,onz,stan)	90	569629	78.6915
aankomen WW(vd,vrij,zonder)	90	569719	78.7039
vragen WW(pv,verl,ev)	89	569808	78.7162
v SPEC(symb)	89	569897	78.7285
oma N(soort,ev,basis,zijd,stan)	89	569986	78.7408
kloppen WW(pv,tgw,met-t)	89	570075	78.7531
kijken WW(vd,vrij,zonder)	89	570164	78.7654
gesprek N(soort,ev,basis,onz,stan)	89	570253	78.7777
Joost SPEC(deeleigen)	89	570342	78.79
Erik SPEC(deeleigen)	89	570431	78.8023
zeer BW()	88	570519	78.8145
proberen WW(pv,tgw,ev)	88	570607	78.8266
inmiddels BW()	88	570695	78.8388
go SPEC(vreemd)	88	570783	78.8509
Kben SPEC(deeleigen)	88	570871	78.8631
Breda SPEC(deeleigen)	88	570959	78.8752
Ben SPEC(deeleigen)	88	571047	78.8874
?? LET()	88	571135	78.8996
voetbal N(soort,ev,basis,onz,stan)	87	571222	78.9116
vnvn WW(od,vrij,zonder)	87	571309	78.9236
vinden WW(pv,tgw,met-t)	87	571396	78.9356
slecht ADJ(vrij,basis,zonder)	87	571483	78.9476
oud ADJ(prenom,basis,met-e,stan)	87	571570	78.9597
goedemorgen N(soort,mv,basis)	87	571657	78.9717
gek ADJ(vrij,basis,zonder)	87	571744	78.9837
wachten WW(pv,tgw,ev)	86	571830	78.9956
studeren WW(inf,vrij,zonder)	86	571916	79.0075
mogen WW(pv,tgw,mv)	86	572002	79.0193
love SPEC(vreemd)	86	572088	79.0312
laat ADJ(prenom,basis,met-e,stan)	86	572174	79.0431
Ciao SPEC(vreemd)	86	572260	79.055
19 TW(hoofd,vrij)	86	572346	79.0669
worden WW(pv,tgw,ev)	85	572431	79.0786
wolf N(soort,ev,basis,zijd,stan)	85	572516	79.0903
werken WW(pv,tgw,met-t)	85	572601	79.1021
vergadering N(soort,ev,basis,zijd,stan)	85	572686	79.1138
tv N(soort,ev,basis,zijd,stan)	85	572771	79.1256
stuk N(soort,ev,basis,onz,stan)	85	572856	79.1373
not SPEC(vreemd)	85	572941	79.1491
lief ADJ(prenom,basis,zonder)	85	573026	79.1608
kwijt ADJ(vrij,basis,zonder)	85	573111	79.1725
elk VNW(onbep,det,stan,prenom,zonder,evon)	85	573196	79.1843
dokter N(soort,ev,basis,zijd,stan)	85	573281	79.196
bedoelen WW(pv,tgw,ev)	85	573366	79.2078
at SPEC(vreemd)	85	573451	79.2195
zetten WW(pv,tgw,ev)	84	573535	79.2311
studie N(soort,ev,basis,zijd,stan)	84	573619	79.2427
redelijk ADJ(vrij,basis,zonder)	84	573703	79.2543
of SPEC(vreemd)	84	573787	79.2659
nacht N(soort,ev,basis,zijd,stan)	84	573871	79.2775
moment N(soort,ev,basis,onz,stan)	84	573955	79.2891
lastig ADJ(vrij,basis,zonder)	84	574039	79.3007
handig ADJ(vrij,basis,zonder)	84	574123	79.3123
gent N(soort,ev,basis,onz,stan)	84	574207	79.3239
al. SPEC(afk)	84	574291	79.3355
:o SPEC(symb)	84	574375	79.3472
vanmorgen BW()	83	574458	79.3586
too SPEC(vreemd)	83	574541	79.3701
time SPEC(vreemd)	83	574624	79.3816
niemand VNW(onbep,pron,stan,vol,3p,ev)	83	574707	79.393
last N(soort,ev,basis,zijd,stan)	83	574790	79.4045
begin N(soort,ev,basis,onz,stan)	83	574873	79.4159
tuurlijk BW()	82	574955	79.4273
tof ADJ(vrij,basis,zonder)	82	575037	79.4386
reactie N(soort,ev,basis,zijd,stan)	82	575119	79.4499
kut ADJ(vrij,basis,zonder)	82	575201	79.4613
goeiemorgen N(soort,mv,basis)	82	575283	79.4726
Utrecht SPEC(deeleigen)	82	575365	79.4839
Eindhoven SPEC(deeleigen)	82	575447	79.4952
Das SPEC(deeleigen)	82	575529	79.5066
:-D SPEC(symb)	82	575611	79.5179
wat VNW(excl,pron,stan,vol,3,getal)	81	575692	79.5291
vet ADJ(vrij,basis,zonder)	81	575773	79.5403
kussie N(soort,ev,basis,zijd,stan)	81	575854	79.5515
kennen WW(pv,tgw,ev)	81	575935	79.5627
bieb N(soort,ev,basis,zijd,stan)	81	576016	79.5738
â¬ SPEC(symb)	80	576096	79.5849
xxxx N(soort,ev,basis,zijd,stan)	80	576176	79.596
vr ADJ(vrij,basis,zonder)	80	576256	79.607
pa N(soort,ev,basis,zijd,stan)	80	576336	79.6181
komen WW(vd,vrij,zonder)	80	576416	79.6291
kga N(soort,ev,basis,zijd,stan)	80	576496	79.6402
foto N(soort,ev,basis,zijd,stan)	80	576576	79.6512
eh N(soort,ev,basis,zijd,stan)	80	576656	79.6623
beterschap N(soort,ev,basis,zijd,stan)	80	576736	79.6733
avond N(soort,ev,basis,gen)	80	576816	79.6844
So SPEC(vreemd)	80	576896	79.6954
@ SPEC(symb)	80	576976	79.7065
14 TW(hoofd,vrij)	80	577056	79.7175
vertrekken WW(pv,tgw,ev)	79	577135	79.7284
scriptie N(soort,ev,basis,zijd,stan)	79	577214	79.7393
lunch N(soort,ev,basis,zijd,stan)	79	577293	79.7503
krijgen WW(inf,vrij,zonder)	79	577372	79.7612
fietsen WW(inf,vrij,zonder)	79	577451	79.7721
elk VNW(onbep,det,stan,prenom,met-e,evz)	79	577530	79.783
vergeten WW(pv,tgw,ev)	78	577608	79.7938
spelen WW(inf,vrij,zonder)	78	577686	79.8046
klein ADJ(prenom,basis,met-e,stan)	78	577764	79.8153
is SPEC(vreemd)	78	577842	79.8261
XXX SPEC(deeleigen)	78	577920	79.8369
P SPEC(deeleigen)	78	577998	79.8477
vr N(soort,ev,basis,zijd,stan)	77	578075	79.8583
up SPEC(vreemd)	77	578152	79.8689
lief ADJ(nom,sup,met-e,zonder-n,stan)	77	578229	79.8796
lezen WW(inf,vrij,zonder)	77	578306	79.8902
leeg ADJ(vrij,basis,zonder)	77	578383	79.9008
ik VNW(pers,pron,dial)	77	578460	79.9115
ieder VNW(onbep,det,stan,prenom,zonder,evon)	77	578537	79.9221
geven WW(pv,tgw,met-t)	77	578614	79.9328
drie TW(hoofd,prenom,stan)	77	578691	79.9434
worden WW(pv,tgw,mv)	76	578767	79.9539
vraag N(soort,ev,basis,zijd,stan)	76	578843	79.9644
so SPEC(vreemd)	76	578919	79.9749
plaats N(soort,ev,basis,zijd,stan)	76	578995	79.9854
naam N(soort,ev,basis,zijd,stan)	76	579071	79.9959
moeder N(soort,ev,basis,zijd,stan)	76	579147	80.0064
leuk ADJ(prenom,basis,zonder)	76	579223	80.0169
komen WW(od,prenom,met-e)	76	579299	80.0274
fun SPEC(vreemd)	76	579375	80.0379
4 TW(hoofd,prenom,stan)	76	579451	80.0484
tonight SPEC(vreemd)	75	579526	80.0587
pap N(soort,ev,basis,zijd,stan)	75	579601	80.0691
nogal BW()	75	579676	80.0795
leven N(soort,ev,basis,onz,stan)	75	579751	80.0898
innen WW(pv,tgw,met-t)	75	579826	80.1002
halen WW(pv,tgw,ev)	75	579901	80.1105
gelijk ADJ(vrij,basis,zonder)	75	579976	80.1209
d N(soort,ev,basis,zijd,stan)	75	580051	80.1313
Finn SPEC(deeleigen)	75	580126	80.1416
waar ADJ(vrij,basis,zonder)	74	580200	80.1518
toen BW()	74	580274	80.1621
ineens BW()	74	580348	80.1723
hÃ¨ BW()	74	580422	80.1825
hun VNW(bez,det,stan,vol,3,mv,prenom,zonder,agr)	74	580496	80.1927
ding N(soort,ev,basis,onz,stan)	74	580570	80.203
allebei VNW(onbep,det,stan,vrij,zonder)	74	580644	80.2132
Xx SPEC(deeleigen)	74	580718	80.2234
No SPEC(vreemd)	74	580792	80.2336
weinig VNW(onbep,grad,stan,vrij,zonder,basis)	73	580865	80.2437
eerder ADJ(vrij,comp,zonder)	73	580938	80.2538
duren WW(pv,tgw,met-t)	73	581011	80.2639
bericht N(soort,ev,dim,onz,stan)	73	581084	80.274
bank N(soort,ev,basis,zijd,stan)	73	581157	80.2841
al VNW(onbep,det,stan,vrij,zonder)	73	581230	80.2941
zoen N(soort,ev,basis,zijd,stan)	72	581302	80.3041
welk VNW(vb,det,stan,prenom,zonder,evon)	72	581374	80.314
tijdens VZ(init)	72	581446	80.324
snappen WW(pv,tgw,ev)	72	581518	80.3339
raar ADJ(vrij,basis,zonder)	72	581590	80.3439
laptop N(soort,ev,basis,zijd,stan)	72	581662	80.3538
kben N(soort,mv,basis)	72	581734	80.3638
genieten WW(inf,vrij,zonder)	72	581806	80.3737
fijn ADJ(prenom,basis,zonder)	72	581878	80.3837
erop BW()	72	581950	80.3936
broer N(soort,ev,basis,zijd,stan)	72	582022	80.4035
bed N(soort,ev,dim,onz,stan)	72	582094	80.4135
welterusten N(soort,mv,basis)	71	582165	80.4233
trots ADJ(vrij,basis,zonder)	71	582236	80.4331
lol N(soort,ev,basis,zijd,stan)	71	582307	80.4429
zus N(soort,ev,basis,zijd,stan)	70	582377	80.4526
zoveel TW(hoofd,prenom,stan)	70	582447	80.4623
vriend N(soort,mv,basis)	70	582517	80.4719
smak N(soort,ev,basis,zijd,stan)	70	582587	80.4816
rust N(soort,ev,basis,zijd,stan)	70	582657	80.4913
mss SPEC(vreemd)	70	582727	80.5009
knuffel N(soort,ev,basis,zijd,stan)	70	582797	80.5106
gebruiken WW(inf,vrij,zonder)	70	582867	80.5203
Hi SPEC(vreemd)	70	582937	80.53
Greetz SPEC(deeleigen)	70	583007	80.5396
stage N(soort,ev,basis,zijd,stan)	69	583076	80.5492
spul N(soort,mv,basis)	69	583145	80.5587
regen N(soort,ev,basis,zijd,stan)	69	583214	80.5682
regelen WW(vd,vrij,zonder)	69	583283	80.5778
nice SPEC(vreemd)	69	583352	80.5873
lunchen WW(inf,vrij,zonder)	69	583421	80.5968
lopen WW(pv,tgw,ev)	69	583490	80.6063
een TW(hoofd,prenom,stan)	69	583559	80.6159
cool ADJ(vrij,basis,zonder)	69	583628	80.6254
Koen SPEC(deeleigen)	69	583697	80.6349
when SPEC(vreemd)	68	583765	80.6443
soms BW()	68	583833	80.6537
shit N(soort,ev,basis,zijd,stan)	68	583901	80.6631
or SPEC(vreemd)	68	583969	80.6725
morgenochtend BW()	68	584037	80.6819
mailen WW(inf,vrij,zonder)	68	584105	80.6913
lieveke SPEC(vreemd)	68	584173	80.7007
lief N(soort,ev,basis,onz,stan)	68	584241	80.7101
jazeker N(soort,ev,basis,zijd,stan)	68	584309	80.7195
Nope SPEC(vreemd)	68	584377	80.7289
:s SPEC(symb)	68	584445	80.7383
30 TW(hoofd,prenom,stan)	68	584513	80.7477
right SPEC(vreemd)	67	584580	80.7569
goed ADJ(prenom,sup,met-e,stan)	67	584647	80.7662
gewinnen WW(vd,vrij,zonder)	67	584714	80.7754
een TW(hoofd,nom,zonder-n,dim)	67	584781	80.7847
but SPEC(vreemd)	67	584848	80.7939
20 TW(hoofd,vrij)	67	584915	80.8032
uhm N(soort,ev,basis,zijd,stan)	66	584981	80.8123
spreken WW(inf,vrij,zonder)	66	585047	80.8214
sleutel N(soort,ev,basis,zijd,stan)	66	585113	80.8306
rijden WW(pv,tgw,ev)	66	585179	80.8397
leuf N(soort,mv,basis)	66	585245	80.8488
langskomen WW(inf,vrij,zonder)	66	585311	80.8579
kot N(soort,ev,basis,onz,stan)	66	585377	80.867
jame N(soort,mv,basis)	66	585443	80.8761
hahaha TSW()	66	585509	80.8853
daarvoor BW()	66	585575	80.8944
brengen WW(inf,vrij,zonder)	66	585641	80.9035
baan N(soort,ev,basis,zijd,stan)	66	585707	80.9126
See SPEC(vreemd)	66	585773	80.9217
Remko SPEC(deeleigen)	66	585839	80.9309
Anne SPEC(deeleigen)	66	585905	80.94
vanochtend BW()	65	585970	80.9489
ondertussen BW()	65	586035	80.9579
nieuw ADJ(prenom,basis,zonder)	65	586100	80.9669
koen N(soort,mv,basis)	65	586165	80.9759
dicht ADJ(vrij,basis,zonder)	65	586230	80.9849
btw N(soort,ev,basis,zijd,stan)	65	586295	80.9938
achter VZ(fin)	65	586360	81.0028
tomorrow SPEC(vreemd)	64	586424	81.0117
kwartier N(soort,ev,basis,onz,stan)	64	586488	81.0205
hoofd N(soort,ev,basis,onz,stan)	64	586552	81.0293
home SPEC(vreemd)	64	586616	81.0382
et SPEC(vreemd)	64	586680	81.047
buurt N(soort,ev,basis,zijd,stan)	64	586744	81.0559
bak N(soort,ev,dim,onz,stan)	64	586808	81.0647
zorgen WW(pv,tgw,ev)	63	586871	81.0734
vertrekken WW(vd,vrij,zonder)	63	586934	81.0821
tegen VZ(fin)	63	586997	81.0908
slapen WW(pv,tgw,met-t)	63	587060	81.0995
regelen WW(inf,vrij,zonder)	63	587123	81.1082
liggen WW(pv,verl,ev)	63	587186	81.1169
examen N(soort,ev,basis,onz,stan)	63	587249	81.1256
Wouter SPEC(deeleigen)	63	587312	81.1343
Just SPEC(vreemd)	63	587375	81.143
Jo SPEC(deeleigen)	63	587438	81.1517
13 TW(hoofd,vrij)	63	587501	81.1604
't LID(bep,stan,evon)	63	587564	81.1692
zodat VG(onder)	62	587626	81.1777
tentamen N(soort,mv,basis)	62	587688	81.1863
stellen WW(pv,tgw,ev)	62	587750	81.1948
passen WW(pv,tgw,met-t)	62	587812	81.2034
pakken WW(pv,tgw,ev)	62	587874	81.212
mailen WW(vd,vrij,zonder)	62	587936	81.2205
jong N(soort,ev,basis,zijd,stan)	62	587998	81.2291
douchen WW(inf,vrij,zonder)	62	588060	81.2377
bellen WW(pv,verl,ev)	62	588122	81.2462
Joepie SPEC(deeleigen)	62	588184	81.2548
Have SPEC(vreemd)	62	588246	81.2634
xxk N(soort,ev,basis,zijd,stan)	61	588307	81.2718
vervelen ADJ(vrij,basis,zonder)	61	588368	81.2802
utrecht N(soort,ev,basis,zijd,stan)	61	588429	81.2886
this SPEC(vreemd)	61	588490	81.2971
t N(soort,ev,basis,zijd,stan)	61	588551	81.3055
proficiat N(soort,ev,basis,onz,stan)	61	588612	81.3139
ow N(soort,ev,basis,zijd,stan)	61	588673	81.3224
koud ADJ(vrij,basis,zonder)	61	588734	81.3308
gauw ADJ(vrij,basis,zonder)	61	588795	81.3392
Gent SPEC(deeleigen)	61	588856	81.3476
141 TW(hoofd,prenom,stan)	61	588917	81.3561
zometeen BW()	60	588977	81.3643
weinig VNW(onbep,grad,stan,prenom,zonder,agr,basis)	60	589037	81.3726
water N(soort,ev,basis,onz,stan)	60	589097	81.3809
vriend N(soort,ev,basis,zijd,stan)	60	589157	81.3892
vrezen WW(pv,tgw,ev)	60	589217	81.3975
verwachten WW(vd,vrij,zonder)	60	589277	81.4058
vallen WW(pv,verl,ev)	60	589337	81.4141
good SPEC(vreemd)	60	589397	81.4224
The SPEC(vreemd)	60	589457	81.4307
Lisette SPEC(deeleigen)	60	589517	81.4389
HJ SPEC(symb)	60	589577	81.4472
zn VNW(bez,det,stan,red,3,ev,prenom,zonder,agr)	59	589636	81.4554
volgen WW(od,prenom,zonder)	59	589695	81.4635
rij N(soort,ev,basis,zijd,stan)	59	589754	81.4717
presentatie N(soort,ev,basis,zijd,stan)	59	589813	81.4798
pauze N(soort,ev,basis,zijd,stan)	59	589872	81.488
men VNW(pers,pron,nomin,red,3p,ev,masc)	59	589931	81.4961
kapot ADJ(vrij,basis,zonder)	59	589990	81.5043
hoeven WW(pv,tgw,ev)	59	590049	81.5124
from SPEC(vreemd)	59	590108	81.5206
de LID(bep,gen,rest3)	59	590167	81.5287
daarom BW()	59	590226	81.5369
best ADJ(nom,sup,zonder,zonder-n)	59	590285	81.545
will SPEC(vreemd)	58	590343	81.5531
way SPEC(vreemd)	58	590401	81.5611
relaxed ADJ(vrij,basis,zonder)	58	590459	81.5691
perfect ADJ(vrij,basis,zonder)	58	590517	81.5771
namiddag N(soort,ev,basis,zijd,stan)	58	590575	81.5851
naar VZ(fin)	58	590633	81.5931
moeite N(soort,ev,basis,zijd,stan)	58	590691	81.6011
mar N(soort,ev,basis,zijd,stan)	58	590749	81.6091
if SPEC(vreemd)	58	590807	81.6172
huis N(soort,ev,dim,onz,stan)	58	590865	81.6252
gaaf ADJ(vrij,basis,zonder)	58	590923	81.6332
eten WW(inf,nom,zonder,zonder-n)	58	590981	81.6412
brood N(soort,ev,basis,onz,stan)	58	591039	81.6492
avond N(soort,ev,dim,onz,stan)	58	591097	81.6572
Z SPEC(symb)	58	591155	81.6652
Kheb SPEC(deeleigen)	58	591213	81.6732
Arno SPEC(deeleigen)	58	591271	81.6813
16 TW(hoofd,vrij)	58	591329	81.6893
zacht ADJ(vrij,basis,zonder)	57	591386	81.6971
vroeg ADJ(vrij,comp,zonder)	57	591443	81.705
namelijk BW()	57	591500	81.7129
lopen WW(pv,tgw,met-t)	57	591557	81.7208
kerel N(soort,ev,basis,zijd,stan)	57	591614	81.7286
drinken WW(pv,tgw,ev)	57	591671	81.7365
aangezien VG(onder)	57	591728	81.7444
Ruud SPEC(deeleigen)	57	591785	81.7523
zorgen WW(inf,vrij,zonder)	56	591841	81.76
vd SPEC(afk)	56	591897	81.7677
opzetten WW(vd,vrij,zonder)	56	591953	81.7755
nl BW()	56	592009	81.7832
leuk ADJ(postnom,basis,met-s)	56	592065	81.7909
lekker ADJ(prenom,basis,met-e,stan)	56	592121	81.7987
kans N(soort,ev,basis,zijd,stan)	56	592177	81.8064
huh BW()	56	592233	81.8142
hotel N(soort,ev,basis,onz,stan)	56	592289	81.8219
heej WW(pv,tgw,ev)	56	592345	81.8296
gaan WW(pv,verl,mv)	56	592401	81.8374
dr WW(pv,verl,ev)	56	592457	81.8451
baas N(soort,ev,dim,onz,stan)	56	592513	81.8528
Elaba SPEC(deeleigen)	56	592569	81.8606
Am SPEC(vreemd)	56	592625	81.8683
werk N(soort,mv,basis)	55	592680	81.8759
website N(soort,ev,basis,zijd,stan)	55	592735	81.8835
vragen WW(vd,vrij,zonder)	55	592790	81.8911
vr WW(pv,verl,ev)	55	592845	81.8987
stil ADJ(vrij,basis,zonder)	55	592900	81.9063
smsen WW(inf,vrij,zonder)	55	592955	81.9139
pizza N(soort,ev,basis,zijd,stan)	55	593010	81.9215
meeting N(soort,ev,basis,zijd,stan)	55	593065	81.9291
liggen WW(pv,tgw,mv)	55	593120	81.9367
lang ADJ(prenom,basis,met-e,stan)	55	593175	81.9443
ipv SPEC(afk)	55	593230	81.9519
hopen WW(inf,vrij,zonder)	55	593285	81.9595
geraken WW(inf,vrij,zonder)	55	593340	81.9671
extra ADJ(prenom,basis,zonder)	55	593395	81.9747
bezoek N(soort,ev,basis,onz,stan)	55	593450	81.9823
ander ADJ(prenom,basis,zonder)	55	593505	81.9899
agenda N(soort,ev,basis,zijd,stan)	55	593560	81.9975
Das SPEC(vreemd)	55	593615	82.0051
6 TW(hoofd,prenom,stan)	55	593670	82.0127
worden WW(pv,verl,ev)	54	593724	82.0201
we SPEC(vreemd)	54	593778	82.0276
spreken WW(vd,vrij,zonder)	54	593832	82.035
spreken WW(pv,tgw,ev)	54	593886	82.0425
saai ADJ(vrij,basis,zonder)	54	593940	82.05
pc N(soort,ev,basis,zijd,stan)	54	593994	82.0574
kzit N(soort,ev,basis,zijd,stan)	54	594048	82.0649
kort ADJ(vrij,basis,zonder)	54	594102	82.0723
i SPEC(vreemd)	54	594156	82.0798
film N(soort,ev,dim,onz,stan)	54	594210	82.0873
Tom SPEC(deeleigen)	54	594264	82.0947
Mark SPEC(deeleigen)	54	594318	82.1022
And SPEC(vreemd)	54	594372	82.1096
22 TW(hoofd,vrij)	54	594426	82.1171
21 TW(hoofd,vrij)	54	594480	82.1246
think SPEC(vreemd)	53	594533	82.1319
rug N(soort,ev,basis,zijd,stan)	53	594586	82.1392
kissie N(soort,mv,basis)	53	594639	82.1465
kak ADJ(vrij,basis,zonder)	53	594692	82.1538
hand N(soort,ev,basis,zijd,stan)	53	594745	82.1612
goed ADJ(nom,sup,met-e,zonder-n,stan)	53	594798	82.1685
get SPEC(vreemd)	53	594851	82.1758
eten WW(pv,tgw,mv)	53	594904	82.1831
brengen WW(pv,tgw,ev)	53	594957	82.1905
aub SPEC(afk)	53	595010	82.1978
:S SPEC(symb)	53	595063	82.2051
% SPEC(symb)	53	595116	82.2124
wouter N(soort,ev,basis,zijd,stan)	52	595168	82.2196
winkel N(soort,ev,basis,zijd,stan)	52	595220	82.2268
wijn N(soort,ev,basis,zijd,stan)	52	595272	82.234
werken WW(vd,vrij,zonder)	52	595324	82.2412
top N(soort,ev,basis,zijd,stan)	52	595376	82.2483
then SPEC(vreemd)	52	595428	82.2555
terras N(soort,ev,basis,onz,stan)	52	595480	82.2627
ochtend N(soort,ev,basis,zijd,stan)	52	595532	82.2699
muziek N(soort,ev,basis,zijd,stan)	52	595584	82.2771
mss N(soort,ev,basis,zijd,stan)	52	595636	82.2843
krijgen WW(pv,tgw,met-t)	52	595688	82.2914
eindhoven N(soort,mv,basis)	52	595740	82.2986
eerder BW()	52	595792	82.3058
contact N(soort,ev,basis,onz,stan)	52	595844	82.313
collega N(soort,ev,basis,zijd,stan)	52	595896	82.3202
ach TSW()	52	595948	82.3274
about SPEC(vreemd)	52	596000	82.3345
xxxxxxxxxxxxxxxxxxxxxxxx N(soort,ev,basis,zijd,stan)	51	596051	82.3416
weten WW(pv,tgw,mv)	51	596102	82.3486
wedstrijd N(soort,ev,basis,zijd,stan)	51	596153	82.3557
voorbij ADJ(vrij,basis,zonder)	51	596204	82.3627
vieren WW(inf,vrij,zonder)	51	596255	82.3698
twee TW(rang,prenom,stan)	51	596306	82.3768
ticket N(soort,mv,basis)	51	596357	82.3839
lezen WW(pv,tgw,ev)	51	596408	82.3909
jarig ADJ(vrij,basis,zonder)	51	596459	82.398
honger N(soort,ev,basis,zijd,stan)	51	596510	82.405
heten WW(pv,tgw,ev)	51	596561	82.412
geweldig ADJ(vrij,basis,zonder)	51	596612	82.4191
doen WW(pv,verl,ev)	51	596663	82.4261
bang ADJ(vrij,basis,zonder)	51	596714	82.4332
a N(soort,ev,basis,zijd,stan)	51	596765	82.4402
Yo SPEC(vreemd)	51	596816	82.4473
What SPEC(vreemd)	51	596867	82.4543
Pff SPEC(deeleigen)	51	596918	82.4614
Donderdag SPEC(deeleigen)	51	596969	82.4684
All SPEC(vreemd)	51	597020	82.4755
9 TW(hoofd,prenom,stan)	51	597071	82.4825
zij VNW(pers,pron,nomin,vol,3p,mv)	50	597121	82.4894
zee N(soort,ev,basis,zijd,stan)	50	597171	82.4963
wensen WW(vd,vrij,zonder)	50	597221	82.5032
voelen WW(pv,tgw,met-t)	50	597271	82.5101
vertellen WW(pv,tgw,ev)	50	597321	82.517
sport N(soort,mv,basis)	50	597371	82.5239
kaart N(soort,ev,basis,zijd,stan)	50	597421	82.5308
horen WW(pv,tgw,met-t)	50	597471	82.5378
hoeveel TW(hoofd,vrij)	50	597521	82.5447
da SPEC(deeleigen)	50	597571	82.5516
beginnen WW(vd,vrij,zonder)	50	597621	82.5585
antwoord N(soort,ev,basis,onz,stan)	50	597671	82.5654
Will SPEC(vreemd)	50	597721	82.5723
'm SPEC(vreemd)	50	597771	82.5792
verwachten WW(pv,tgw,ev)	49	597820	82.586
vertrekken WW(pv,tgw,met-t)	49	597869	82.5927
vertellen WW(inf,vrij,zonder)	49	597918	82.5995
stom ADJ(vrij,basis,zonder)	49	597967	82.6063
schoen N(soort,mv,basis)	49	598016	82.613
out SPEC(vreemd)	49	598065	82.6198
missen WW(inf,vrij,zonder)	49	598114	82.6266
maand N(soort,ev,basis,zijd,stan)	49	598163	82.6334
laten WW(pv,tgw,mv)	49	598212	82.6401
hoeveel TW(hoofd,prenom,stan)	49	598261	82.6469
geven WW(vd,vrij,zonder)	49	598310	82.6537
droom N(soort,ev,basis,zijd,stan)	49	598359	82.6604
droog ADJ(vrij,basis,zonder)	49	598408	82.6672
cadeau N(soort,ev,basis,onz,stan)	49	598457	82.674
beneden VZ(fin)	49	598506	82.6807
acht TW(hoofd,vrij)	49	598555	82.6875
trein N(soort,mv,basis)	48	598603	82.6941
straat N(soort,ev,basis,zijd,stan)	48	598651	82.7008
opnieuw BW()	48	598699	82.7074
kaart N(soort,mv,basis)	48	598747	82.714
here SPEC(vreemd)	48	598795	82.7207
enorm ADJ(vrij,basis,zonder)	48	598843	82.7273
enkel BW()	48	598891	82.7339
amuseren WW(pv,tgw,ev)	48	598939	82.7406
all SPEC(vreemd)	48	598987	82.7472
Zondag SPEC(deeleigen)	48	599035	82.7538
Jaja SPEC(deeleigen)	48	599083	82.7604
How SPEC(vreemd)	48	599131	82.7671
wow N(soort,ev,basis,zijd,stan)	47	599178	82.7736
vriendin N(soort,ev,basis,zijd,stan)	47	599225	82.7801
vertrek N(soort,ev,basis,onz,stan)	47	599272	82.7866
vader N(soort,ev,basis,zijd,stan)	47	599319	82.793
sinds VZ(init)	47	599366	82.7995
rechts ADJ(vrij,basis,zonder)	47	599413	82.806
park N(soort,ev,basis,onz,stan)	47	599460	82.8125
oke N(soort,ev,basis,zijd,stan)	47	599507	82.819
mailen WW(pv,tgw,ev)	47	599554	82.8255
letten WW(pv,tgw,ev)	47	599601	82.832
gerust ADJ(vrij,basis,zonder)	47	599648	82.8385
vriend N(soort,ev,dim,onz,stan)	46	599694	82.8449
teveel VNW(onbep,grad,stan,vrij,zonder,basis)	46	599740	82.8512
terwijl VG(onder)	46	599786	82.8576
tent N(soort,ev,basis,zijd,stan)	46	599832	82.8639
slecht ADJ(prenom,basis,met-e,stan)	46	599878	82.8703
party SPEC(vreemd)	46	599924	82.8766
oud ADJ(vrij,basis,zonder)	46	599970	82.883
opt VZ(init)	46	600016	82.8893
ooit BW()	46	600062	82.8957
om VZ(fin)	46	600108	82.902
liev N(soort,ev,basis,zijd,stan)	46	600154	82.9084
juli SPEC(deeleigen)	46	600200	82.9148
hoogte N(soort,ev,basis,zijd,stan)	46	600246	82.9211
dadelijk ADJ(vrij,basis,zonder)	46	600292	82.9275
bedoelen WW(pv,verl,ev)	46	600338	82.9338
baby N(soort,ev,basis,zijd,stan)	46	600384	82.9402
Dieter SPEC(deeleigen)	46	600430	82.9465
Delft SPEC(deeleigen)	46	600476	82.9529
8 TW(hoofd,prenom,stan)	46	600522	82.9592
voorlopig ADJ(vrij,basis,zonder)	45	600567	82.9655
snoes N(soort,ev,dim,onz,stan)	45	600612	82.9717
re SPEC(vreemd)	45	600657	82.9779
ontvangen WW(vd,vrij,zonder)	45	600702	82.9841
lief BW()	45	600747	82.9903
kweet N(soort,ev,basis,onz,stan)	45	600792	82.9965
kwartier N(soort,ev,dim,onz,stan)	45	600837	83.0028
helft N(soort,ev,basis,zijd,stan)	45	600882	83.009
geraken WW(vd,vrij,zonder)	45	600927	83.0152
duren WW(inf,vrij,zonder)	45	600972	83.0214
amai TSW()	45	601017	83.0276
aflopen WW(vd,prenom,zonder)	45	601062	83.0338
aant N(soort,ev,basis,zijd,stan)	45	601107	83.0401
25 TW(hoofd,prenom,stan)	45	601152	83.0463
12 TW(hoofd,prenom,stan)	45	601197	83.0525
tilburg N(soort,ev,basis,zijd,stan)	44	601241	83.0586
though SPEC(vreemd)	44	601285	83.0646
some SPEC(vreemd)	44	601329	83.0707
pfff TSW()	44	601373	83.0768
neeje N(soort,ev,dim,onz,stan)	44	601417	83.0829
morgenvroeg BW()	44	601461	83.089
loop WW(pv,tgw,mv)	44	601505	83.095
joh ADJ(vrij,basis,zonder)	44	601549	83.1011
jan BW()	44	601593	83.1072
grappig ADJ(vrij,basis,zonder)	44	601637	83.1133
file N(soort,ev,basis,zijd,stan)	44	601681	83.1193
denken WW(vd,vrij,zonder)	44	601725	83.1254
date N(soort,ev,basis,zijd,stan)	44	601769	83.1315
checken WW(inf,vrij,zonder)	44	601813	83.1376
can SPEC(vreemd)	44	601857	83.1437
brood N(soort,ev,dim,onz,stan)	44	601901	83.1497
boven VZ(fin)	44	601945	83.1558
betalen WW(inf,vrij,zonder)	44	601989	83.1619
beginnen WW(pv,tgw,ev)	44	602033	83.168
aflopen WW(vd,vrij,zonder)	44	602077	83.1741
Wa SPEC(deeleigen)	44	602121	83.1801
Van SPEC(deeleigen)	44	602165	83.1862
Marjan SPEC(deeleigen)	44	602209	83.1923
Good SPEC(vreemd)	44	602253	83.1984
Geof SPEC(deeleigen)	44	602297	83.2044
:'( SPEC(symb)	44	602341	83.2105
100 TW(hoofd,prenom,stan)	44	602385	83.2166
ws N(soort,mv,basis)	43	602428	83.2225
wellicht BW()	43	602471	83.2285
vraag N(soort,mv,basis)	43	602514	83.2344
vandaar BW()	43	602557	83.2404
training N(soort,ev,basis,zijd,stan)	43	602600	83.2463
toppie N(soort,ev,basis,zijd,stan)	43	602643	83.2522
taart N(soort,ev,basis,zijd,stan)	43	602686	83.2582
spel N(soort,ev,basis,onz,stan)	43	602729	83.2641
see SPEC(vreemd)	43	602772	83.2701
schijnen WW(pv,tgw,met-t)	43	602815	83.276
re N(soort,ev,basis,zijd,stan)	43	602858	83.2819
pijn N(soort,ev,basis,zijd,stan)	43	602901	83.2879
night SPEC(vreemd)	43	602944	83.2938
nemen WW(vd,vrij,zonder)	43	602987	83.2998
mop N(soort,ev,dim,onz,stan)	43	603030	83.3057
marianne N(soort,ev,basis,zijd,stan)	43	603073	83.3116
links ADJ(vrij,basis,zonder)	43	603116	83.3176
like SPEC(vreemd)	43	603159	83.3235
liefde N(soort,ev,basis,zijd,stan)	43	603202	83.3295
kater N(soort,ev,basis,zijd,stan)	43	603245	83.3354
karlien N(soort,mv,basis)	43	603288	83.3413
juni SPEC(deeleigen)	43	603331	83.3473
gratis ADJ(vrij,basis,zonder)	43	603374	83.3532
druk ADJ(prenom,basis,met-e,stan)	43	603417	83.3592
der BW()	43	603460	83.3651
balen WW(inf,vrij,zonder)	43	603503	83.371
Vrijdag SPEC(deeleigen)	43	603546	83.377
Jaap SPEC(deeleigen)	43	603589	83.3829
Hi SPEC(deeleigen)	43	603632	83.3889
Den SPEC(deeleigen)	43	603675	83.3948
where SPEC(vreemd)	42	603717	83.4006
vragen WW(pv,tgw,met-t)	42	603759	83.4064
tas N(soort,ev,basis,zijd,stan)	42	603801	83.4122
stuk N(soort,ev,dim,onz,stan)	42	603843	83.418
strakjes BW()	42	603885	83.4238
stap N(soort,ev,basis,zijd,stan)	42	603927	83.4296
schatten WW(pv,tgw,ev)	42	603969	83.4354
rijden WW(pv,tgw,met-t)	42	604011	83.4412
qua VZ(init)	42	604053	83.447
nijmegen N(soort,mv,basis)	42	604095	83.4528
mr N(soort,ev,basis,zijd,stan)	42	604137	83.4586
meerijden WW(inf,vrij,zonder)	42	604179	83.4644
lang ADJ(vrij,comp,zonder)	42	604221	83.4702
familie N(soort,ev,basis,zijd,stan)	42	604263	83.476
euh BW()	42	604305	83.4818
bbq N(soort,ev,basis,zijd,stan)	42	604347	83.4876
bar N(soort,ev,basis,zijd,stan)	42	604389	83.4934
back SPEC(vreemd)	42	604431	83.4992
aardig ADJ(vrij,basis,zonder)	42	604473	83.505
De SPEC(deeleigen)	42	604515	83.5108
Aha SPEC(deeleigen)	42	604557	83.5167
zes TW(hoofd,vrij)	41	604598	83.5223
vreemd ADJ(vrij,basis,zonder)	41	604639	83.528
uitnodiging N(soort,ev,basis,zijd,stan)	41	604680	83.5336
stoppen WW(inf,vrij,zonder)	41	604721	83.5393
something SPEC(vreemd)	41	604762	83.545
slecht ADJ(prenom,basis,zonder)	41	604803	83.5506
pils N(soort,ev,dim,onz,stan)	41	604844	83.5563
okee N(soort,ev,basis,zijd,stan)	41	604885	83.562
oeps N(soort,mv,basis)	41	604926	83.5676
nergens VNW(onbep,adv-pron,obl,vol,3o,getal)	41	604967	83.5733
negen TW(hoofd,vrij)	41	605008	83.579
na VZ(fin)	41	605049	83.5846
markt N(soort,ev,basis,zijd,stan)	41	605090	83.5903
km N(soort,ev,basis,zijd,stan)	41	605131	83.5959
kies WW(inf,vrij,zonder)	41	605172	83.6016
ik VNW(pers,pron,nomin,nadr,1,ev)	41	605213	83.6073
gevoel N(soort,ev,basis,onz,stan)	41	605254	83.6129
gent N(soort,ev,basis,zijd,stan)	41	605295	83.6186
fietsen WW(pv,tgw,ev)	41	605336	83.6243
duidelijk ADJ(vrij,basis,zonder)	41	605377	83.6299
call SPEC(vreemd)	41	605418	83.6356
behalve VG(onder)	41	605459	83.6413
as SPEC(vreemd)	41	605500	83.6469
UvT SPEC(deeleigen)	41	605541	83.6526
Okee SPEC(deeleigen)	41	605582	83.6583
Heey SPEC(deeleigen)	41	605623	83.6639
= SPEC(symb)	41	605664	83.6696
7 TW(hoofd,prenom,stan)	41	605705	83.6752
'n N(soort,mv,basis)	41	605746	83.6809
zoveel TW(hoofd,vrij)	40	605786	83.6864
vragen WW(pv,tgw,ev)	40	605826	83.692
verhuizen WW(inf,vrij,zonder)	40	605866	83.6975
vanwege VZ(init)	40	605906	83.703
smsen N(soort,mv,basis)	40	605946	83.7085
opa N(soort,ev,basis,zijd,stan)	40	605986	83.7141
meebrengen WW(inf,vrij,zonder)	40	606026	83.7196
lezen WW(vd,vrij,zonder)	40	606066	83.7251
info N(soort,ev,basis,zijd,stan)	40	606106	83.7306
gang N(soort,ev,basis,zijd,stan)	40	606146	83.7362
an VZ(fin)	40	606186	83.7417
Zaterdag SPEC(deeleigen)	40	606226	83.7472
Tim SPEC(deeleigen)	40	606266	83.7527
1e TW(rang,prenom,stan)	40	606306	83.7583
zyn WW(inf,vrij,zonder)	39	606345	83.7637
wereld N(soort,ev,basis,zijd,stan)	39	606384	83.769
wekker N(soort,ev,basis,zijd,stan)	39	606423	83.7744
verhaal N(soort,ev,basis,onz,stan)	39	606462	83.7798
twas N(soort,ev,basis,zijd,stan)	39	606501	83.7852
stiekem ADJ(vrij,basis,zonder)	39	606540	83.7906
stappen WW(inf,vrij,zonder)	39	606579	83.796
sneeuw N(soort,ev,basis,zijd,stan)	39	606618	83.8014
rekening N(soort,ev,basis,zijd,stan)	39	606657	83.8068
plannen WW(vd,vrij,zonder)	39	606696	83.8121
mss N(soort,mv,basis)	39	606735	83.8175
morgenmiddag BW()	39	606774	83.8229
mop N(soort,ev,basis,zijd,stan)	39	606813	83.8283
momenteel ADJ(vrij,basis,zonder)	39	606852	83.8337
miss SPEC(vreemd)	39	606891	83.8391
mezelf VNW(pr,pron,obl,nadr,1,ev)	39	606930	83.8445
jezelf VNW(pr,pron,obl,nadr,2v,getal)	39	606969	83.8499
jawel N(soort,ev,basis,zijd,stan)	39	607008	83.8552
hangen WW(pv,tgw,met-t)	39	607047	83.8606
groep N(soort,ev,basis,zijd,stan)	39	607086	83.866
girl SPEC(vreemd)	39	607125	83.8714
f N(soort,ev,basis,zijd,stan)	39	607164	83.8768
drank N(soort,ev,basis,zijd,stan)	39	607203	83.8822
doorsturen WW(inf,vrij,zonder)	39	607242	83.8876
denken WW(pv,tgw,met-t)	39	607281	83.893
borrel N(soort,ev,basis,zijd,stan)	39	607320	83.8983
boos ADJ(vrij,basis,zonder)	39	607359	83.9037
arm ADJ(prenom,basis,met-e,stan)	39	607398	83.9091
aantal N(soort,ev,basis,onz,stan)	39	607437	83.9145
Marloes SPEC(deeleigen)	39	607476	83.9199
LOL SPEC(deeleigen)	39	607515	83.9253
Bosch SPEC(deeleigen)	39	607554	83.9307
Ai SPEC(deeleigen)	39	607593	83.9361
zij VNW(pers,pron,nomin,vol,3v,ev,fem)	38	607631	83.9413
xp N(soort,ev,basis,zijd,stan)	38	607669	83.9466
work SPEC(vreemd)	38	607707	83.9518
vrouw N(soort,ev,basis,zijd,stan)	38	607745	83.9571
vrij ADJ(prenom,basis,met-e,stan)	38	607783	83.9623
vier TW(hoofd,prenom,stan)	38	607821	83.9676
vallen WW(inf,vrij,zonder)	38	607859	83.9728
uiteraard BW()	38	607897	83.9781
tram N(soort,ev,basis,zijd,stan)	38	607935	83.9833
trainen WW(inf,vrij,zonder)	38	607973	83.9886
tafel N(soort,ev,basis,zijd,stan)	38	608011	83.9938
rijden WW(pv,tgw,mv)	38	608049	83.9991
redden WW(inf,vrij,zonder)	38	608087	84.0043
really SPEC(vreemd)	38	608125	84.0096
passen WW(inf,vrij,zonder)	38	608163	84.0148
net ADJ(vrij,dim,zonder)	38	608201	84.0201
nemen WW(pv,tgw,met-t)	38	608239	84.0253
mogen WW(inf,vrij,zonder)	38	608277	84.0306
m N(soort,ev,basis,zijd,stan)	38	608315	84.0358
kgaan WW(pv,tgw,ev)	38	608353	84.0411
id N(soort,ev,basis,zijd,stan)	38	608391	84.0463
hoofdpijn N(soort,ev,basis,zijd,stan)	38	608429	84.0516
hoi N(soort,ev,basis,zijd,stan)	38	608467	84.0568
hangen WW(inf,vrij,zonder)	38	608505	84.062
examen N(soort,mv,basis)	38	608543	84.0673
eventueel ADJ(vrij,basis,zonder)	38	608581	84.0725
eigen ADJ(prenom,basis,zonder)	38	608619	84.0778
denken WW(pv,tgw,mv)	38	608657	84.083
brief N(soort,ev,basis,zijd,stan)	38	608695	84.0883
Super SPEC(deeleigen)	38	608733	84.0935
Peter SPEC(deeleigen)	38	608771	84.0988
On SPEC(vreemd)	38	608809	84.104
50 TW(hoofd,prenom,stan)	38	608847	84.1093
15 TW(hoofd,prenom,stan)	38	608885	84.1145
!!!! LET()	38	608923	84.1198
vertrekken WW(pv,tgw,mv)	37	608960	84.1249
tzal N(soort,ev,basis,zijd,stan)	37	608997	84.13
trw N(soort,mv,basis)	37	609034	84.1351
tien TW(hoofd,vrij)	37	609071	84.1402
thank N(soort,mv,basis)	37	609108	84.1454
serieus ADJ(vrij,basis,zonder)	37	609145	84.1505
schrijven WW(inf,vrij,zonder)	37	609182	84.1556
rond VZ(fin)	37	609219	84.1607
next SPEC(vreemd)	37	609256	84.1658
lift N(soort,ev,basis,zijd,stan)	37	609293	84.1709
klote ADJ(vrij,basis,zonder)	37	609330	84.176
khebben WW(pv,tgw,ev)	37	609367	84.1811
keuken N(soort,ev,basis,zijd,stan)	37	609404	84.1862
kerk N(soort,ev,basis,zijd,stan)	37	609441	84.1914
kado N(soort,ev,basis,onz,stan)	37	609478	84.1965
hoi SPEC(vreemd)	37	609515	84.2016
hap N(soort,ev,dim,onz,stan)	37	609552	84.2067
groot ADJ(vrij,basis,zonder)	37	609589	84.2118
geluk N(soort,ev,basis,onz,stan)	37	609626	84.2169
extra ADJ(vrij,basis,zonder)	37	609663	84.222
echt ADJ(prenom,basis,met-e,stan)	37	609700	84.2271
dienst N(soort,ev,basis,zijd,stan)	37	609737	84.2322
day SPEC(vreemd)	37	609774	84.2374
computer N(soort,ev,basis,zijd,stan)	37	609811	84.2425
coming SPEC(vreemd)	37	609848	84.2476
bureau N(soort,ev,basis,onz,stan)	37	609885	84.2527
already SPEC(vreemd)	37	609922	84.2578
Xxxx SPEC(deeleigen)	37	609959	84.2629
Top SPEC(deeleigen)	37	609996	84.268
Remke SPEC(deeleigen)	37	610033	84.2731
Marike SPEC(deeleigen)	37	610070	84.2782
Kiss SPEC(deeleigen)	37	610107	84.2834
Haai SPEC(deeleigen)	37	610144	84.2885
But SPEC(vreemd)	37	610181	84.2936
Amsterdam SPEC(deeleigen)	37	610218	84.2987
40 TW(hoofd,prenom,stan)	37	610255	84.3038
zot ADJ(vrij,basis,zonder)	36	610291	84.3088
zonde N(soort,ev,basis,zijd,stan)	36	610327	84.3137
zoiets VNW(onbep,pron,stan,vol,3o,ev)	36	610363	84.3187
ziekenhuis N(soort,ev,basis,onz,stan)	36	610399	84.3237
what SPEC(vreemd)	36	610435	84.3287
werkdag N(soort,ev,basis,zijd,stan)	36	610471	84.3336
wassen WW(pv,tgw,met-t)	36	610507	84.3386
vaak ADJ(vrij,basis,zonder)	36	610543	84.3436
tja N(soort,ev,basis,zijd,stan)	36	610579	84.3486
terecht ADJ(vrij,basis,zonder)	36	610615	84.3535
speciaal ADJ(vrij,basis,zonder)	36	610651	84.3585
skype N(soort,ev,basis,onz,stan)	36	610687	84.3635
site N(soort,ev,basis,zijd,stan)	36	610723	84.3685
schelen WW(pv,tgw,met-t)	36	610759	84.3734
punt N(soort,mv,basis)	36	610795	84.3784
praten WW(inf,vrij,zonder)	36	610831	84.3834
post N(soort,ev,basis,zijd,stan)	36	610867	84.3883
overal VNW(onbep,adv-pron,obl,vol,3o,getal)	36	610903	84.3933
morgen N(soort,ev,basis,zijd,stan)	36	610939	84.3983
knuffelen WW(inf,vrij,zonder)	36	610975	84.4033
kast N(soort,ev,basis,zijd,stan)	36	611011	84.4082
hulp N(soort,ev,basis,zijd,stan)	36	611047	84.4132
groot ADJ(prenom,basis,zonder)	36	611083	84.4182
fantastisch ADJ(vrij,basis,zonder)	36	611119	84.4232
enkel VNW(onbep,det,stan,prenom,met-e,rest)	36	611155	84.4281
engel N(soort,ev,basis,zijd,stan)	36	611191	84.4331
centrum N(soort,ev,basis,onz,stan)	36	611227	84.4381
c N(soort,ev,basis,zijd,stan)	36	611263	84.4431
bekijken WW(inf,vrij,zonder)	36	611299	84.448
anen WW(pv,tgw,met-t)	36	611335	84.453
ad SPEC(vreemd)	36	611371	84.458
Yeah SPEC(vreemd)	36	611407	84.4629
Okay SPEC(vreemd)	36	611443	84.4679
Im SPEC(vreemd)	36	611479	84.4729
Fuck SPEC(vreemd)	36	611515	84.4779
D. SPEC(deeleigen)	36	611551	84.4828
Aja SPEC(deeleigen)	36	611587	84.4878
11 TW(hoofd,prenom,stan)	36	611623	84.4928
zullen WW(pv,tgw,met-t)	35	611658	84.4976
zoeken WW(pv,tgw,ev)	35	611693	84.5025
wit ADJ(prenom,basis,met-e,stan)	35	611728	84.5073
vriendin N(soort,ev,dim,onz,stan)	35	611763	84.5121
uur N(soort,mv,dim)	35	611798	84.517
twas N(soort,ev,basis,onz,stan)	35	611833	84.5218
stress N(soort,ev,basis,zijd,stan)	35	611868	84.5266
sporten WW(inf,vrij,zonder)	35	611903	84.5315
soort N(soort,ev,basis,genus,stan)	35	611938	84.5363
plots ADJ(vrij,basis,zonder)	35	611973	84.5411
pakken WW(pv,tgw,met-t)	35	612008	84.546
neen TSW()	35	612043	84.5508
meter N(soort,ev,basis,zijd,stan)	35	612078	84.5556
kruipen WW(inf,vrij,zonder)	35	612113	84.5605
kind N(soort,mv,basis)	35	612148	84.5653
k N(soort,ev,basis,zijd,stan)	35	612183	84.5701
hmmm N(soort,ev,basis,onz,stan)	35	612218	84.575
deel N(soort,ev,basis,onz,stan)	35	612253	84.5798
bruiloft N(soort,ev,basis,zijd,stan)	35	612288	84.5847
\ LET()	35	612323	84.5895
When SPEC(vreemd)	35	612358	84.5943
Nice SPEC(deeleigen)	35	612393	84.5992
Hans SPEC(deeleigen)	35	612428	84.604
Facebook SPEC(deeleigen)	35	612463	84.6088
Elke SPEC(deeleigen)	35	612498	84.6137
23 TW(hoofd,vrij)	35	612533	84.6185
zoet ADJ(vrij,basis,zonder)	34	612567	84.6232
xoxo N(soort,ev,basis,zijd,stan)	34	612601	84.6279
volledig ADJ(vrij,basis,zonder)	34	612635	84.6326
vnv N(soort,ev,basis,zijd,stan)	34	612669	84.6373
tip N(soort,ev,basis,zijd,stan)	34	612703	84.642
spoor N(soort,ev,basis,onz,stan)	34	612737	84.6467
rood ADJ(prenom,basis,met-e,stan)	34	612771	84.6514
reden N(soort,ev,basis,zijd,stan)	34	612805	84.6561
punt N(soort,ev,basis,onz,stan)	34	612839	84.6608
plek N(soort,ev,basis,zijd,stan)	34	612873	84.6655
overdag BW()	34	612907	84.6702
oktober SPEC(deeleigen)	34	612941	84.6749
much SPEC(vreemd)	34	612975	84.6796
more SPEC(vreemd)	34	613009	84.6843
gn VNW(bez,det,stan,red,3,ev,prenom,zonder,agr)	34	613043	84.689
fris ADJ(vrij,basis,zonder)	34	613077	84.6936
ervoor BW()	34	613111	84.6983
enkel VNW(onbep,det,stan,prenom,zonder,evon)	34	613145	84.703
een TW(hoofd,dial)	34	613179	84.7077
dam N(soort,ev,basis,zijd,stan)	34	613213	84.7124
daarnet BW()	34	613247	84.7171
centraal ADJ(vrij,basis,zonder)	34	613281	84.7218
boven VZ(init)	34	613315	84.7265
bon N(soort,ev,basis,zijd,stan)	34	613349	84.7312
b SPEC(symb)	34	613383	84.7359
wensen WW(pv,tgw,ev)	33	613416	84.7405
well SPEC(vreemd)	33	613449	84.745
vrouw N(soort,mv,basis)	33	613482	84.7496
vrijdagavond N(soort,ev,basis,zijd,stan)	33	613515	84.7542
vraag N(soort,ev,dim,onz,stan)	33	613548	84.7587
vorig ADJ(prenom,basis,zonder)	33	613581	84.7633
uitkomen WW(pv,tgw,met-t)	33	613614	84.7678
tenminste BW()	33	613647	84.7724
spelen WW(vd,vrij,zonder)	33	613680	84.777
spelen WW(pv,tgw,met-t)	33	613713	84.7815
sleutel N(soort,mv,basis)	33	613746	84.7861
prachtig ADJ(vrij,basis,zonder)	33	613779	84.7906
place SPEC(vreemd)	33	613812	84.7952
opruimen WW(inf,vrij,zonder)	33	613845	84.7997
meestal BW()	33	613878	84.8043
los ADJ(vrij,basis,zonder)	33	613911	84.8089
leggen WW(pv,tgw,ev)	33	613944	84.8134
khoop N(soort,ev,basis,zijd,stan)	33	613977	84.818
jas N(soort,ev,basis,zijd,stan)	33	614010	84.8225
ingang N(soort,ev,basis,zijd,stan)	33	614043	84.8271
half ADJ(prenom,basis,met-e,stan)	33	614076	84.8317
enig VNW(onbep,det,stan,prenom,met-e,rest)	33	614109	84.8362
drinken WW(vd,vrij,zonder)	33	614142	84.8408
dico N(soort,ev,basis,zijd,stan)	33	614175	84.8453
come SPEC(vreemd)	33	614208	84.8499
bad N(soort,ev,basis,onz,stan)	33	614241	84.8545
a SPEC(deeleigen)	33	614274	84.859
Emma SPEC(deeleigen)	33	614307	84.8636
Bob SPEC(deeleigen)	33	614340	84.8681
2e TW(rang,prenom,stan)	33	614373	84.8727
zetel N(soort,ev,basis,zijd,stan)	32	614405	84.8771
zaterdagavond N(soort,ev,basis,zijd,stan)	32	614437	84.8815
zaal N(soort,ev,basis,zijd,stan)	32	614469	84.8859
xxxxx N(soort,ev,basis,zijd,stan)	32	614501	84.8904
would SPEC(vreemd)	32	614533	84.8948
want SPEC(vreemd)	32	614565	84.8992
vr SPEC(vreemd)	32	614597	84.9036
vinden WW(pv,verl,mv)	32	614629	84.9081
vijf TW(hoofd,prenom,stan)	32	614661	84.9125
uiteindelijk ADJ(vrij,basis,zonder)	32	614693	84.9169
twee TW(hoofd,vrij)	32	614725	84.9213
today SPEC(vreemd)	32	614757	84.9257
tenzij VG(onder)	32	614789	84.9302
strand N(soort,ev,basis,onz,stan)	32	614821	84.9346
slag N(soort,ev,basis,zijd,stan)	32	614853	84.939
rsca N(soort,ev,basis,zijd,stan)	32	614885	84.9434
prijs N(soort,ev,basis,zijd,stan)	32	614917	84.9478
passen WW(pv,tgw,ev)	32	614949	84.9523
overleggen WW(inf,vrij,zonder)	32	614981	84.9567
opnemen WW(inf,vrij,zonder)	32	615013	84.9611
off SPEC(vreemd)	32	615045	84.9655
oeie N(soort,ev,basis,zijd,stan)	32	615077	84.9699
minuut N(soort,mv,dim)	32	615109	84.9744
middag N(soort,ev,basis,gen)	32	615141	84.9788
meten WW(pv,tgw,ev)	32	615173	84.9832
man N(soort,mv,basis)	32	615205	84.9876
hanne N(soort,ev,basis,zijd,stan)	32	615237	84.992
gisteravond BW()	32	615269	84.9965
floor SPEC(vreemd)	32	615301	85.0009
euhm N(soort,ev,basis,zijd,stan)	32	615333	85.0053
een TW(hoofd,vrij)	32	615365	85.0097
duur ADJ(vrij,basis,zonder)	32	615397	85.0141
datum N(soort,ev,basis,zijd,stan)	32	615429	85.0186
concert N(soort,ev,basis,onz,stan)	32	615461	85.023
btw N(soort,ev,basis,onz,stan)	32	615493	85.0274
bevallen WW(pv,tgw,met-t)	32	615525	85.0318
bestelling N(soort,ev,basis,zijd,stan)	32	615557	85.0362
augustus SPEC(deeleigen)	32	615589	85.0407
Woensdag SPEC(deeleigen)	32	615621	85.0451
Twente SPEC(deeleigen)	32	615653	85.0495
Mss SPEC(vreemd)	32	615685	85.0539
Monika SPEC(deeleigen)	32	615717	85.0584
Mieke SPEC(deeleigen)	32	615749	85.0628
Frank SPEC(deeleigen)	32	615781	85.0672
zwaar ADJ(vrij,basis,zonder)	31	615812	85.0715
zorg N(soort,mv,basis)	31	615843	85.0758
zitten WW(vd,vrij,zonder)	31	615874	85.08
wachten WW(pv,tgw,mv)	31	615905	85.0843
voorzichtig ADJ(vrij,basis,zonder)	31	615936	85.0886
vanavn WW(od,vrij,zonder)	31	615967	85.0929
ur SPEC(vreemd)	31	615998	85.0972
trekken WW(pv,tgw,ev)	31	616029	85.1015
topper N(soort,ev,basis,zijd,stan)	31	616060	85.1057
terras N(soort,ev,dim,onz,stan)	31	616091	85.11
tellen WW(pv,tgw,ev)	31	616122	85.1143
take SPEC(vreemd)	31	616153	85.1186
san N(soort,ev,basis,zijd,stan)	31	616184	85.1229
reserveren WW(vd,vrij,zonder)	31	616215	85.1271
raar ADJ(prenom,basis,met-e,stan)	31	616246	85.1314
plannen WW(inf,vrij,zonder)	31	616277	85.1357
opdracht N(soort,ev,basis,zijd,stan)	31	616308	85.14
online ADJ(vrij,basis,zonder)	31	616339	85.1443
ongeluk N(soort,ev,basis,onz,stan)	31	616370	85.1486
mark N(soort,ev,basis,zijd,stan)	31	616401	85.1528
loop N(soort,ev,basis,zijd,stan)	31	616432	85.1571
lenen WW(inf,vrij,zonder)	31	616463	85.1614
lachen WW(inf,vrij,zonder)	31	616494	85.1657
koorts N(soort,ev,basis,zijd,stan)	31	616525	85.17
hoelaat N(soort,ev,basis,onz,stan)	31	616556	85.1743
hey SPEC(vreemd)	31	616587	85.1785
helpen WW(pv,tgw,ev)	31	616618	85.1828
hehe N(soort,ev,basis,zijd,stan)	31	616649	85.1871
haast BW()	31	616680	85.1914
gr N(soort,ev,basis,zijd,stan)	31	616711	85.1957
facebook N(soort,ev,basis,zijd,stan)	31	616742	85.2
drama N(soort,ev,basis,onz,stan)	31	616773	85.2042
cursus N(soort,ev,basis,zijd,stan)	31	616804	85.2085
blijven WW(pv,tgw,mv)	31	616835	85.2128
beide VNW(onbep,grad,stan,prenom,met-e,mv,basis)	31	616866	85.2171
again SPEC(vreemd)	31	616897	85.2214
aanbod N(soort,ev,basis,onz,stan)	31	616928	85.2256
Zoen SPEC(deeleigen)	31	616959	85.2299
Where SPEC(vreemd)	31	616990	85.2342
Ist SPEC(vreemd)	31	617021	85.2385
Dinsdag SPEC(deeleigen)	31	617052	85.2428
Brugge SPEC(deeleigen)	31	617083	85.2471
40 TW(hoofd,vrij)	31	617114	85.2513
zeven TW(hoofd,vrij)	30	617144	85.2555
yo N(soort,ev,basis,zijd,stan)	30	617174	85.2596
xxx N(soort,ev,basis,zijd,stan)	30	617204	85.2638
xxx N(soort,ev,basis,onz,stan)	30	617234	85.2679
woehoew N(soort,ev,basis,zijd,stan)	30	617264	85.2721
vlucht N(soort,ev,basis,zijd,stan)	30	617294	85.2762
vlot ADJ(vrij,basis,zonder)	30	617324	85.2804
verkeerd ADJ(vrij,basis,zonder)	30	617354	85.2845
september SPEC(deeleigen)	30	617384	85.2886
regenen WW(pv,tgw,met-t)	30	617414	85.2928
proficiat N(soort,ev,basis,zijd,stan)	30	617444	85.2969
probleem N(soort,mv,basis)	30	617474	85.3011
overleven WW(vd,vrij,zonder)	30	617504	85.3052
oog N(soort,mv,basis)	30	617534	85.3094
minuut N(soort,ev,basis,zijd,stan)	30	617564	85.3135
lijst N(soort,ev,basis,zijd,stan)	30	617594	85.3177
leggen WW(inf,vrij,zonder)	30	617624	85.3218
laat ADJ(nom,sup,met-e,zonder-n,stan)	30	617654	85.3259
knap ADJ(vrij,basis,zonder)	30	617684	85.3301
kijken WW(pv,tgw,mv)	30	617714	85.3342
kaas N(soort,ev,basis,zijd,stan)	30	617744	85.3384
jeuj N(soort,ev,basis,zijd,stan)	30	617774	85.3425
houden WW(pv,tgw,met-t)	30	617804	85.3467
heur VNW(bez,det,stan,vol,3,ev,prenom,zonder,agr)	30	617834	85.3508
helpen WW(pv,tgw,met-t)	30	617864	85.355
fout ADJ(vrij,basis,zonder)	30	617894	85.3591
e N(soort,ev,basis,zijd,stan)	30	617924	85.3632
drinken WW(pv,tgw,mv)	30	617954	85.3674
dezelfde ADJ(prenom,basis,zonder)	30	617984	85.3715
bereiken WW(inf,vrij,zonder)	30	618014	85.3757
am SPEC(vreemd)	30	618044	85.3798
ah BW()	30	618074	85.384
Yep SPEC(vreemd)	30	618104	85.3881
24 TW(hoofd,vrij)	30	618134	85.3922
zojuist BW()	29	618163	85.3963
zoek N(soort,ev,basis,onz,stan)	29	618192	85.4003
xxxxxxxxxxxxxxxxxxxx N(soort,ev,basis,zijd,stan)	29	618221	85.4043
wonen WW(pv,tgw,ev)	29	618250	85.4083
wauw ADJ(vrij,basis,zonder)	29	618279	85.4123
vinden WW(pv,tgw,mv)	29	618308	85.4163
vier TW(hoofd,vrij)	29	618337	85.4203
verrassing N(soort,ev,basis,zijd,stan)	29	618366	85.4243
uitnodigen WW(vd,vrij,zonder)	29	618395	85.4283
tuin N(soort,ev,basis,zijd,stan)	29	618424	85.4323
test N(soort,ev,basis,zijd,stan)	29	618453	85.4363
stom ADJ(prenom,basis,met-e,stan)	29	618482	85.4403
still SPEC(vreemd)	29	618511	85.4443
staat N(soort,ev,basis,zijd,stan)	29	618540	85.4483
spijtig ADJ(vrij,basis,zonder)	29	618569	85.4523
prima ADJ(prenom,basis,zonder)	29	618598	85.4563
pasta N(soort,ev,basis,zijd,stan)	29	618627	85.4604
ondanks VZ(init)	29	618656	85.4644
landen WW(vd,vrij,zonder)	29	618685	85.4684
kroeg N(soort,ev,basis,zijd,stan)	29	618714	85.4724
kleed N(soort,mv,basis)	29	618743	85.4764
kheb ADJ(vrij,comp,zonder)	29	618772	85.4804
kerst N(soort,ev,basis,zijd,stan)	29	618801	85.4844
hen VNW(pers,pron,obl,vol,3p,mv)	29	618830	85.4884
drank N(soort,ev,dim,onz,stan)	29	618859	85.4924
deze VNW(aanw,det,stan,nom,met-e,zonder-n)	29	618888	85.4964
cafÃ© N(soort,ev,basis,onz,stan)	29	618917	85.5004
cadeau N(soort,ev,dim,onz,stan)	29	618946	85.5044
bellen WW(pv,tgw,mv)	29	618975	85.5084
begrijpen WW(pv,tgw,ev)	29	619004	85.5124
b N(soort,ev,basis,zijd,stan)	29	619033	85.5164
Saar SPEC(deeleigen)	29	619062	85.5204
Not SPEC(vreemd)	29	619091	85.5245
Ilse SPEC(deeleigen)	29	619120	85.5285
:-* SPEC(symb)	29	619149	85.5325
zwaar ADJ(prenom,basis,met-e,stan)	28	619177	85.5363
zodra VG(onder)	28	619205	85.5402
zekerheid N(soort,ev,basis,zijd,stan)	28	619233	85.5441
zalig ADJ(vrij,basis,zonder)	28	619261	85.5479
wit ADJ(vrij,basis,zonder)	28	619289	85.5518
vr SPEC(afk)	28	619317	85.5557
voicemail N(soort,ev,basis,zijd,stan)	28	619345	85.5595
voet N(soort,ev,basis,zijd,stan)	28	619373	85.5634
verkeerd ADJ(prenom,basis,met-e,stan)	28	619401	85.5673
se SPEC(vreemd)	28	619429	85.5711
schieten WW(pv,tgw,ev)	28	619457	85.575
podium N(soort,ev,basis,onz,stan)	28	619485	85.5789
paper N(soort,ev,basis,zijd,stan)	28	619513	85.5828
nogmaals BW()	28	619541	85.5866
morrie N(soort,ev,basis,zijd,stan)	28	619569	85.5905
meis N(soort,ev,basis,genus,stan)	28	619597	85.5944
mail N(soort,mv,basis)	28	619625	85.5982
maat N(soort,ev,basis,zijd,stan)	28	619653	85.6021
lijken WW(pv,verl,ev)	28	619681	85.606
la SPEC(vreemd)	28	619709	85.6098
kapper N(soort,ev,basis,zijd,stan)	28	619737	85.6137
ja N(soort,ev,basis,zijd,stan)	28	619765	85.6176
gvd WW(vd,vrij,zonder)	28	619793	85.6214
graad N(soort,mv,basis)	28	619821	85.6253
goed ADJ(prenom,comp,met-e,stan)	28	619849	85.6292
eruit BW()	28	619877	85.633
erna BW()	28	619905	85.6369
efkes BW()	28	619933	85.6408
doorgeven WW(inf,vrij,zonder)	28	619961	85.6446
da's N(soort,mv,basis)	28	619989	85.6485
c SPEC(symb)	28	620017	85.6524
bestellen WW(inf,vrij,zonder)	28	620045	85.6562
been N(soort,ev,basis,onz,stan)	28	620073	85.6601
bak N(soort,ev,basis,zijd,stan)	28	620101	85.664
Nouja SPEC(deeleigen)	28	620129	85.6678
Maandag SPEC(deeleigen)	28	620157	85.6717
K. SPEC(deeleigen)	28	620185	85.6756
45 TW(hoofd,vrij)	28	620213	85.6795
zyn WW(pv,verl,mv)	27	620240	85.6832
zielig ADJ(vrij,basis,zonder)	27	620267	85.6869
zelfde ADJ(prenom,basis,zonder)	27	620294	85.6906
zak N(soort,ev,basis,zijd,stan)	27	620321	85.6944
voorstellen WW(inf,vrij,zonder)	27	620348	85.6981
vaak ADJ(vrij,comp,zonder)	27	620375	85.7018
uitzoeken WW(inf,vrij,zonder)	27	620402	85.7056
totaal ADJ(vrij,basis,zonder)	27	620429	85.7093
tomo SPEC(vreemd)	27	620456	85.713
sterk ADJ(vrij,basis,zonder)	27	620483	85.7168
staan WW(pv,verl,mv)	27	620510	85.7205
spijten WW(pv,tgw,ev)	27	620537	85.7242
should SPEC(vreemd)	27	620564	85.7279
ruim ADJ(vrij,basis,zonder)	27	620591	85.7317
rap ADJ(vrij,basis,zonder)	27	620618	85.7354
planning N(soort,ev,basis,zijd,stan)	27	620645	85.7391
ontbijt N(soort,ev,basis,onz,stan)	27	620672	85.7429
ong N(soort,ev,basis,zijd,stan)	27	620699	85.7466
officieel ADJ(vrij,basis,zonder)	27	620726	85.7503
maken WW(pv,tgw,mv)	27	620753	85.7541
les N(soort,mv,basis)	27	620780	85.7578
kzr N(soort,ev,basis,zijd,stan)	27	620807	85.7615
kosten WW(pv,tgw,ev)	27	620834	85.7652
it's SPEC(vreemd)	27	620861	85.769
iets N(soort,ev,dim,onz,stan)	27	620888	85.7727
hetzelfde ADJ(vrij,basis,zonder)	27	620915	85.7764
hahaha N(soort,ev,basis,zijd,stan)	27	620942	85.7802
got SPEC(vreemd)	27	620969	85.7839
eten N(soort,ev,dim,onz,stan)	27	620996	85.7876
erin BW()	27	621023	85.7914
enig VNW(onbep,det,stan,prenom,zonder,evon)	27	621050	85.7951
een VNW(onbep,det,stan,prenom,met-e,evz)	27	621077	85.7988
droom N(soort,mv,basis)	27	621104	85.8025
douche N(soort,ev,basis,zijd,stan)	27	621131	85.8063
dieter N(soort,ev,basis,zijd,stan)	27	621158	85.81
dame N(soort,mv,basis)	27	621185	85.8137
content ADJ(vrij,basis,zonder)	27	621212	85.8175
camping N(soort,ev,basis,zijd,stan)	27	621239	85.8212
brief N(soort,ev,dim,onz,stan)	27	621266	85.8249
bollie N(soort,ev,basis,zijd,stan)	27	621293	85.8287
boek N(soort,mv,basis)	27	621320	85.8324
blijven WW(vd,vrij,zonder)	27	621347	85.8361
blijken WW(pv,tgw,met-t)	27	621374	85.8398
betreffen WW(pv,tgw,met-t)	27	621401	85.8436
bekend ADJ(vrij,basis,zonder)	27	621428	85.8473
bart N(soort,ev,basis,zijd,stan)	27	621455	85.851
band N(soort,ev,basis,zijd,stan)	27	621482	85.8548
bah N(soort,ev,basis,onz,stan)	27	621509	85.8585
Laura SPEC(deeleigen)	27	621536	85.8622
Heej SPEC(deeleigen)	27	621563	85.8659
<EMAIL> SPEC(symb)	27	621590	85.8697
25 TW(hoofd,vrij)	27	621617	85.8734
zon N(soort,ev,dim,onz,stan)	26	621643	85.877
zeggen WW(pv,tgw,mv)	26	621669	85.8806
xxk SPEC(symb)	26	621695	85.8842
xr N(soort,ev,basis,zijd,stan)	26	621721	85.8878
voordat VG(onder)	26	621747	85.8914
vooraan BW()	26	621773	85.895
verliefd ADJ(vrij,basis,zonder)	26	621799	85.8986
verdienen WW(vd,vrij,zonder)	26	621825	85.9021
tijd N(soort,ev,dim,onz,stan)	26	621851	85.9057
stem N(soort,ev,basis,zijd,stan)	26	621877	85.9093
slapen WW(pv,tgw,mv)	26	621903	85.9129
slagen WW(vd,vrij,zonder)	26	621929	85.9165
shoppen WW(inf,vrij,zonder)	26	621955	85.9201
reageren WW(inf,vrij,zonder)	26	621981	85.9237
party N(soort,ev,basis,zijd,stan)	26	622007	85.9273
partij N(soort,ev,basis,zijd,stan)	26	622033	85.9309
overmorgen BW()	26	622059	85.9345
overigens BW()	26	622085	85.9381
oplossen WW(vd,vrij,zonder)	26	622111	85.9417
meedoen WW(inf,vrij,zonder)	26	622137	85.9452
krijgen WW(pv,tgw,mv)	26	622163	85.9488
klas N(soort,ev,basis,zijd,stan)	26	622189	85.9524
keuze N(soort,ev,basis,zijd,stan)	26	622215	85.956
kaart N(soort,mv,dim)	26	622241	85.9596
jongen N(soort,mv,basis)	26	622267	85.9632
jes N(soort,mv,dim)	26	622293	85.9668
ivm N(soort,ev,basis,zijd,stan)	26	622319	85.9704
interesse N(soort,ev,basis,zijd,stan)	26	622345	85.974
interessant ADJ(vrij,basis,zonder)	26	622371	85.9776
idd N(soort,ev,basis,onz,stan)	26	622397	85.9812
gevallen WW(vd,vrij,zonder)	26	622423	85.9848
genieten WW(vd,vrij,zonder)	26	622449	85.9883
friet N(soort,mv,dim)	26	622475	85.9919
euhm ADJ(vrij,basis,zonder)	26	622501	85.9955
els N(soort,mv,basis)	26	622527	85.9991
buik N(soort,ev,dim,onz,stan)	26	622553	86.0027
bedenken WW(vd,vrij,zonder)	26	622579	86.0063
alsof VG(onder)	26	622605	86.0099
afkomen WW(inf,vrij,zonder)	26	622631	86.0135
Thomas SPEC(deeleigen)	26	622657	86.0171
Tante N(soort,ev,basis,zijd,stan)	26	622683	86.0207
Sjon SPEC(deeleigen)	26	622709	86.0243
Oja SPEC(deeleigen)	26	622735	86.0279
Google SPEC(deeleigen)	26	622761	86.0314
Damn SPEC(vreemd)	26	622787	86.035
Da's SPEC(afgebr)	26	622813	86.0386
Confide SPEC(deeleigen)	26	622839	86.0422
:-p SPEC(symb)	26	622865	86.0458
wennen WW(inf,vrij,zonder)	25	622890	86.0493
vooruit BW()	25	622915	86.0527
volk N(soort,ev,basis,onz,stan)	25	622940	86.0562
vol ADJ(prenom,basis,met-e,stan)	25	622965	86.0596
vnvnd N(soort,ev,basis,zijd,stan)	25	622990	86.0631
vijf TW(hoofd,vrij)	25	623015	86.0665
versturen WW(vd,vrij,zonder)	25	623040	86.07
verliezen WW(vd,vrij,zonder)	25	623065	86.0734
vast BW()	25	623090	86.0769
va SPEC(vreemd)	25	623115	86.0804
us SPEC(vreemd)	25	623140	86.0838
testen WW(inf,vrij,zonder)	25	623165	86.0873
sturen WW(pv,tgw,met-t)	25	623190	86.0907
sm N(soort,mv,basis)	25	623215	86.0942
schrijven WW(vd,vrij,zonder)	25	623240	86.0976
rijden WW(vd,vrij,zonder)	25	623265	86.1011
redden WW(pv,tgw,ev)	25	623290	86.1045
recht N(soort,ev,basis,onz,stan)	25	623315	86.108
poep N(soort,ev,basis,zijd,stan)	25	623340	86.1114
passeren WW(inf,vrij,zonder)	25	623365	86.1149
pak N(soort,ev,basis,onz,stan)	25	623390	86.1183
oog N(soort,ev,basis,onz,stan)	25	623415	86.1218
o N(soort,ev,basis,zijd,stan)	25	623440	86.1252
ns N(soort,mv,basis)	25	623465	86.1287
mijn VNW(bez,det,dial)	25	623490	86.1322
merci N(soort,mv,basis)	25	623515	86.1356
meegaan WW(inf,vrij,zonder)	25	623540	86.1391
makkelijk ADJ(vrij,basis,zonder)	25	623565	86.1425
make SPEC(vreemd)	25	623590	86.146
leuk ADJ(vrij,comp,zonder)	25	623615	86.1494
kunnen WW(pv,verl,mv)	25	623640	86.1529
kennen WW(pv,tgw,met-t)	25	623665	86.1563
inschrijven WW(vd,vrij,zonder)	25	623690	86.1598
im SPEC(vreemd)	25	623715	86.1632
hoesten WW(pv,tgw,ev)	25	623740	86.1667
goesting N(soort,ev,basis,zijd,stan)	25	623765	86.1701
gezellig ADJ(prenom,basis,met-e,stan)	25	623790	86.1736
gebeuren WW(inf,vrij,zonder)	25	623815	86.1771
gast N(soort,ev,basis,zijd,stan)	25	623840	86.1805
email N(soort,ev,basis,onz,stan)	25	623865	86.184
dromen WW(inf,vrij,zonder)	25	623890	86.1874
die VNW(aanw,det,dial)	25	623915	86.1909
cantus N(soort,ev,basis,zijd,stan)	25	623940	86.1943
bestellen WW(vd,vrij,zonder)	25	623965	86.1978
bereikbaar ADJ(vrij,basis,zonder)	25	623990	86.2012
april SPEC(deeleigen)	25	624015	86.2047
alsnog BW()	25	624040	86.2081
I SPEC(symb)	25	624065	86.2116
H. SPEC(afk)	25	624090	86.215
31 TW(hoofd,vrij)	25	624115	86.2185
28 TW(hoofd,vrij)	25	624140	86.2219
Ã©n VG(neven)	24	624164	86.2253
zijde N(soort,ev,basis,zijd,stan)	24	624188	86.2286
wss SPEC(vreemd)	24	624212	86.2319
wonen WW(pv,tgw,met-t)	24	624236	86.2352
wensen WW(inf,vrij,zonder)	24	624260	86.2385
wens N(soort,mv,basis)	24	624284	86.2418
vliegtuig N(soort,ev,basis,onz,stan)	24	624308	86.2452
vak N(soort,ev,basis,onz,stan)	24	624332	86.2485
tien TW(hoofd,prenom,stan)	24	624356	86.2518
tevoren BW()	24	624380	86.2551
terugweg N(soort,ev,basis,zijd,stan)	24	624404	86.2584
stoppen WW(vd,vrij,zonder)	24	624428	86.2617
stijn WW(pv,tgw,mv)	24	624452	86.2651
soon SPEC(vreemd)	24	624476	86.2684
sollicitatie N(soort,ev,basis,zijd,stan)	24	624500	86.2717
snel ADJ(vrij,comp,zonder)	24	624524	86.275
smste WW(pv,verl,ev)	24	624548	86.2783
reserveren WW(inf,vrij,zonder)	24	624572	86.2816
quiz N(soort,ev,basis,zijd,stan)	24	624596	86.2849
poging N(soort,ev,basis,zijd,stan)	24	624620	86.2883
plek N(soort,ev,dim,onz,stan)	24	624644	86.2916
people SPEC(vreemd)	24	624668	86.2949
one SPEC(vreemd)	24	624692	86.2982
oe VNW(bez,det,dial)	24	624716	86.3015
myn N(soort,mv,basis)	24	624740	86.3048
mr ADJ(vrij,basis,zonder)	24	624764	86.3082
moeten WW(pv,verl,mv)	24	624788	86.3115
minstens BW()	24	624812	86.3148
mei SPEC(deeleigen)	24	624836	86.3181
maand N(soort,mv,basis)	24	624860	86.3214
liggen WW(vd,vrij,zonder)	24	624884	86.3247
kopen WW(pv,tgw,ev)	24	624908	86.328
kep N(soort,ev,dim,onz,stan)	24	624932	86.3314
keer N(soort,ev,basis,genus,stan)	24	624956	86.3347
jup N(soort,ev,basis,zijd,stan)	24	624980	86.338
jow N(soort,ev,basis,zijd,stan)	24	625004	86.3413
indien VG(onder)	24	625028	86.3446
ideaal ADJ(vrij,basis,zonder)	24	625052	86.3479
houden WW(pv,tgw,mv)	24	625076	86.3513
hoog ADJ(vrij,basis,zonder)	24	625100	86.3546
her BW()	24	625124	86.3579
h SPEC(symb)	24	625148	86.3612
gratis ADJ(prenom,basis,zonder)	24	625172	86.3645
gemak N(soort,ev,basis,onz,stan)	24	625196	86.3678
feest N(soort,mv,basis)	24	625220	86.3711
excuus N(soort,mv,basis)	24	625244	86.3745
eerlijk ADJ(vrij,basis,zonder)	24	625268	86.3778
drinkn WW(inf,vrij,zonder)	24	625292	86.3811
dood ADJ(vrij,basis,zonder)	24	625316	86.3844
don't SPEC(vreemd)	24	625340	86.3877
deal N(soort,ev,basis,zijd,stan)	24	625364	86.391
blauw ADJ(prenom,basis,met-e,stan)	24	625388	86.3944
bib N(soort,ev,basis,zijd,stan)	24	625412	86.3977
Tis SPEC(deeleigen)	24	625436	86.401
Rijn SPEC(deeleigen)	24	625460	86.4043
My SPEC(vreemd)	24	625484	86.4076
Joke SPEC(deeleigen)	24	625508	86.4109
Groningen SPEC(deeleigen)	24	625532	86.4142
Danku SPEC(deeleigen)	24	625556	86.4176
Clercq SPEC(deeleigen)	24	625580	86.4209
Bro SPEC(deeleigen)	24	625604	86.4242
B SPEC(symb)	24	625628	86.4275
;d SPEC(symb)	24	625652	86.4308
zus N(soort,ev,dim,onz,stan)	23	625675	86.434
yet SPEC(vreemd)	23	625698	86.4372
wonen WW(inf,vrij,zonder)	23	625721	86.4404
weekend N(soort,ev,dim,onz,stan)	23	625744	86.4435
verhaal N(soort,mv,basis)	23	625767	86.4467
update N(soort,ev,basis,zijd,stan)	23	625790	86.4499
thee N(soort,ev,basis,zijd,stan)	23	625813	86.4531
tekst N(soort,ev,basis,zijd,stan)	23	625836	86.4562
student N(soort,mv,basis)	23	625859	86.4594
rik SPEC(vreemd)	23	625882	86.4626
probably SPEC(vreemd)	23	625905	86.4658
peter N(soort,ev,basis,zijd,stan)	23	625928	86.469
parkeren WW(inf,vrij,zonder)	23	625951	86.4721
oppikken WW(inf,vrij,zonder)	23	625974	86.4753
onthouden WW(inf,vrij,zonder)	23	625997	86.4785
o TSW()	23	626020	86.4817
nummer N(soort,mv,basis)	23	626043	86.4848
new SPEC(vreemd)	23	626066	86.488
nat ADJ(vrij,basis,zonder)	23	626089	86.4912
n N(soort,ev,basis,zijd,stan)	23	626112	86.4944
minder VNW(onbep,grad,stan,prenom,zonder,agr,comp)	23	626135	86.4975
mens N(soort,ev,basis,zijd,stan)	23	626158	86.5007
meeten N(soort,mv,basis)	23	626181	86.5039
maargoed N(soort,ev,basis,onz,stan)	23	626204	86.5071
luisteren WW(inf,vrij,zonder)	23	626227	86.5103
locatie N(soort,ev,basis,zijd,stan)	23	626250	86.5134
lijn N(soort,ev,basis,zijd,stan)	23	626273	86.5166
l N(soort,ev,basis,zijd,stan)	23	626296	86.5198
krant N(soort,ev,basis,zijd,stan)	23	626319	86.523
kmoe N(soort,ev,basis,zijd,stan)	23	626342	86.5261
kat N(soort,ev,basis,zijd,stan)	23	626365	86.5293
kantoor N(soort,ev,basis,onz,stan)	23	626388	86.5325
jong ADJ(vrij,basis,zonder)	23	626411	86.5357
ik VNW(pers,pron,nomin,red,1,ev)	23	626434	86.5389
ijs N(soort,ev,basis,onz,stan)	23	626457	86.542
idd WW(pv,tgw,met-t)	23	626480	86.5452
hihi ADJ(vrij,basis,zonder)	23	626503	86.5484
he SPEC(vreemd)	23	626526	86.5516
handig ADJ(vrij,comp,zonder)	23	626549	86.5547
fles N(soort,ev,dim,onz,stan)	23	626572	86.5579
fit ADJ(vrij,basis,zonder)	23	626595	86.5611
etten N(soort,mv,basis)	23	626618	86.5643
doei N(soort,ev,basis,zijd,stan)	23	626641	86.5675
daarmee BW()	23	626664	86.5706
coffee SPEC(vreemd)	23	626687	86.5738
code N(soort,ev,basis,zijd,stan)	23	626710	86.577
cm N(soort,ev,basis,zijd,stan)	23	626733	86.5802
carnaval N(soort,ev,basis,onz,stan)	23	626756	86.5833
bus N(soort,mv,basis)	23	626779	86.5865
breken WW(pv,verl,ev)	23	626802	86.5897
braaf ADJ(vrij,basis,zonder)	23	626825	86.5929
betalen WW(vd,vrij,zonder)	23	626848	86.596
beloven WW(vd,vrij,zonder)	23	626871	86.5992
awel BW()	23	626894	86.6024
appartement N(soort,ev,basis,onz,stan)	23	626917	86.6056
afwachten WW(inf,vrij,zonder)	23	626940	86.6088
Tralala SPEC(deeleigen)	23	626963	86.6119
Plooier SPEC(deeleigen)	23	626986	86.6151
Martijn SPEC(deeleigen)	23	627009	86.6183
Margje SPEC(deeleigen)	23	627032	86.6215
Hola SPEC(deeleigen)	23	627055	86.6246
Dont SPEC(vreemd)	23	627078	86.6278
50 TW(hoofd,vrij)	23	627101	86.631
2011 TW(hoofd,vrij)	23	627124	86.6342
â SPEC(symb)	22	627146	86.6372
zomer N(soort,ev,basis,zijd,stan)	22	627168	86.6403
zolang VG(onder)	22	627190	86.6433
zoeken WW(pv,tgw,met-t)	22	627212	86.6463
yes SPEC(vreemd)	22	627234	86.6494
werken WW(pv,tgw,mv)	22	627256	86.6524
week N(soort,ev,dim,onz,stan)	22	627278	86.6554
wandelen WW(inf,vrij,zonder)	22	627300	86.6585
voormiddag N(soort,ev,basis,zijd,stan)	22	627322	86.6615
voorkeur N(soort,ev,basis,zijd,stan)	22	627344	86.6646
voorbereiden WW(inf,vrij,zonder)	22	627366	86.6676
vo N(soort,ev,basis,zijd,stan)	22	627388	86.6706
very SPEC(vreemd)	22	627410	86.6737
vertellen WW(vd,vrij,zonder)	22	627432	86.6767
verschijnen WW(inf,vrij,zonder)	22	627454	86.6798
verlof N(soort,ev,basis,onz,stan)	22	627476	86.6828
trekken WW(inf,vrij,zonder)	22	627498	86.6858
trainen WW(pv,tgw,ev)	22	627520	86.6889
tof ADJ(prenom,basis,met-e,stan)	22	627542	86.6919
till SPEC(vreemd)	22	627564	86.695
tijd N(soort,mv,basis)	22	627586	86.698
tevreden ADJ(vrij,basis,zonder)	22	627608	86.701
tegenover VZ(init)	22	627630	86.7041
sturen WW(pv,verl,ev)	22	627652	86.7071
studeren WW(inf,nom,zonder,zonder-n)	22	627674	86.7102
soep N(soort,ev,basis,zijd,stan)	22	627696	86.7132
seizoen N(soort,ev,basis,onz,stan)	22	627718	86.7162
restaurant N(soort,ev,basis,onz,stan)	22	627740	86.7193
regenen WW(inf,vrij,zonder)	22	627762	86.7223
our SPEC(vreemd)	22	627784	86.7254
number SPEC(vreemd)	22	627806	86.7284
need SPEC(vreemd)	22	627828	86.7314
namens VZ(init)	22	627850	86.7345
moe N(soort,ev,basis,zijd,stan)	22	627872	86.7375
merci N(soort,ev,basis,zijd,stan)	22	627894	86.7405
licht N(soort,ev,basis,onz,stan)	22	627916	86.7436
kort ADJ(prenom,basis,met-e,stan)	22	627938	86.7466
kop N(soort,ev,basis,zijd,stan)	22	627960	86.7497
kmoet WW(vd,vrij,zonder)	22	627982	86.7527
klein ADJ(vrij,basis,zonder)	22	628004	86.7557
kiezen WW(pv,tgw,ev)	22	628026	86.7588
kennen WW(inf,vrij,zonder)	22	628048	86.7618
kamp N(soort,ev,basis,onz,stan)	22	628070	86.7649
kak N(soort,ev,basis,zijd,stan)	22	628092	86.7679
join SPEC(vreemd)	22	628114	86.7709
j SPEC(symb)	22	628136	86.774
it. SPEC(afk)	22	628158	86.777
how SPEC(vreemd)	22	628180	86.7801
him SPEC(vreemd)	22	628202	86.7831
has SPEC(vreemd)	22	628224	86.7861
haag N(soort,ev,basis,zijd,stan)	22	628246	86.7892
geven WW(pv,tgw,mv)	22	628268	86.7922
g SPEC(symb)	22	628290	86.7953
em BW()	22	628312	86.7983
duren WW(pv,verl,ev)	22	628334	86.8013
duim N(soort,mv,basis)	22	628356	86.8044
drukte N(soort,ev,basis,zijd,stan)	22	628378	86.8074
dood N(soort,ev,basis,zijd,stan)	22	628400	86.8104
doen WW(inf,nom,zonder,zonder-n)	22	628422	86.8135
chillen WW(inf,vrij,zonder)	22	628444	86.8165
birthday SPEC(vreemd)	22	628466	86.8196
belangrijk ADJ(vrij,basis,zonder)	22	628488	86.8226
bedoeling N(soort,ev,basis,zijd,stan)	22	628510	86.8256
as N(soort,ev,basis,zijd,stan)	22	628532	86.8287
antwoord N(soort,mv,basis)	22	628554	86.8317
anne ADJ(prenom,basis,met-e,stan)	22	628576	86.8348
Wilde SPEC(deeleigen)	22	628598	86.8378
VDZ SPEC(deeleigen)	22	628620	86.8408
Still SPEC(vreemd)	22	628642	86.8439
P. SPEC(afk)	22	628664	86.8469
Meneer N(soort,ev,basis,zijd,stan)	22	628686	86.85
Marieke SPEC(deeleigen)	22	628708	86.853
Hoera SPEC(deeleigen)	22	628730	86.856
Estee SPEC(deeleigen)	22	628752	86.8591
Arnhem SPEC(deeleigen)	22	628774	86.8621
Are SPEC(vreemd)	22	628796	86.8652
Anita SPEC(deeleigen)	22	628818	86.8682
26 TW(hoofd,vrij)	22	628840	86.8712
0 TW(hoofd,vrij)	22	628862	86.8743
zover BW()	21	628883	86.8772
zitten WW(pv,verl,mv)	21	628904	86.8801
winnen WW(inf,vrij,zonder)	21	628925	86.883
wezen WW(inf,vrij,zonder)	21	628946	86.8859
w N(soort,ev,basis,zijd,stan)	21	628967	86.8888
voorstel N(soort,ev,basis,onz,stan)	21	628988	86.8917
volgen WW(inf,vrij,zonder)	21	629009	86.8946
volgen ADJ(prenom,basis,met-e,stan)	21	629030	86.8975
vnv VZ(init)	21	629051	86.9004
vet N(soort,ev,basis,onz,stan)	21	629072	86.9033
verstandig ADJ(vrij,basis,zonder)	21	629093	86.9062
versie N(soort,ev,basis,zijd,stan)	21	629114	86.9091
van SPEC(deeleigen)	21	629135	86.912
tukken WW(inf,vrij,zonder)	21	629156	86.9149
trusten BW()	21	629177	86.9178
timmos ADJ(vrij,basis,zonder)	21	629198	86.9207
thuiskomen WW(vd,vrij,zonder)	21	629219	86.9236
stoppen WW(pv,tgw,ev)	21	629240	86.9265
steken WW(inf,vrij,zonder)	21	629261	86.9294
squashen WW(inf,vrij,zonder)	21	629282	86.9323
spaghetti N(soort,ev,basis,zijd,stan)	21	629303	86.9352
sla N(soort,ev,dim,onz,stan)	21	629324	86.9381
ps N(soort,mv,basis)	21	629345	86.941
proberen WW(pv,tgw,mv)	21	629366	86.9439
plat ADJ(vrij,basis,zonder)	21	629387	86.9468
optie N(soort,ev,basis,zijd,stan)	21	629408	86.9497
oppassen WW(inf,vrij,zonder)	21	629429	86.9526
oei TSW(dial)	21	629450	86.9555
o SPEC(symb)	21	629471	86.9584
nieuwjaar SPEC(deeleigen)	21	629492	86.9613
nacht N(soort,ev,dim,onz,stan)	21	629513	86.9642
meet N(soort,ev,basis,zijd,stan)	21	629534	86.9671
meenemen WW(vd,vrij,zonder)	21	629555	86.97
max N(soort,ev,basis,zijd,stan)	21	629576	86.9729
match N(soort,ev,basis,zijd,stan)	21	629597	86.9758
makkelijk ADJ(vrij,comp,zonder)	21	629618	86.9787
maart SPEC(deeleigen)	21	629639	86.9816
lusten WW(pv,tgw,ev)	21	629660	86.9845
luck SPEC(vreemd)	21	629681	86.9874
lezen WW(pv,verl,ev)	21	629702	86.9903
leven WW(pv,tgw,ev)	21	629723	86.9932
kzal N(soort,ev,basis,onz,stan)	21	629744	86.9961
kip N(soort,ev,basis,zijd,stan)	21	629765	86.999
jaar N(soort,mv,basis)	21	629786	87.0019
iig ADJ(vrij,basis,zonder)	21	629807	87.0048
idd N(soort,ev,basis,zijd,stan)	21	629828	87.0077
huisgenoot N(soort,ev,basis,zijd,stan)	21	629849	87.0106
guys SPEC(vreemd)	21	629870	87.0135
gelukkig ADJ(prenom,basis,zonder)	21	629891	87.0164
gedoe N(soort,ev,basis,onz,stan)	21	629912	87.0193
gebouw N(soort,ev,basis,onz,stan)	21	629933	87.0222
flink ADJ(prenom,basis,met-e,stan)	21	629954	87.0251
fles N(soort,ev,basis,zijd,stan)	21	629975	87.028
feel SPEC(vreemd)	21	629996	87.0309
evening SPEC(vreemd)	21	630017	87.0338
eng ADJ(vrij,basis,zonder)	21	630038	87.0367
elf TW(hoofd,vrij)	21	630059	87.0396
dronken ADJ(vrij,basis,zonder)	21	630080	87.0425
drie TW(hoofd,vrij)	21	630101	87.0454
donderdagavond N(soort,ev,basis,zijd,stan)	21	630122	87.0483
did SPEC(vreemd)	21	630143	87.0512
di SPEC(vreemd)	21	630164	87.0541
daj N(soort,ev,dim,onz,stan)	21	630185	87.057
controle N(soort,ev,basis,zijd,stan)	21	630206	87.0599
buiten VZ(init)	21	630227	87.0628
brievenbus N(soort,ev,basis,zijd,stan)	21	630248	87.0657
bosch ADJ(vrij,basis,zonder)	21	630269	87.0686
bandra N(soort,mv,basis)	21	630290	87.0715
XX SPEC(deeleigen)	21	630311	87.0744
Philip SPEC(deeleigen)	21	630332	87.0773
Now SPEC(vreemd)	21	630353	87.0802
Nice SPEC(vreemd)	21	630374	87.0831
Maarten SPEC(deeleigen)	21	630395	87.086
M. SPEC(afk)	21	630416	87.0889
Leuven SPEC(deeleigen)	21	630437	87.0918
KH SPEC(afk)	21	630458	87.0948
Jasper SPEC(deeleigen)	21	630479	87.0977
It SPEC(vreemd)	21	630500	87.1006
If SPEC(vreemd)	21	630521	87.1035
Haag SPEC(deeleigen)	21	630542	87.1064
Guust SPEC(deeleigen)	21	630563	87.1093
06 SPEC(symb)	21	630584	87.1122
& SPEC(deeleigen)	21	630605	87.1151
zuid ADJ(vrij,basis,zonder)	20	630625	87.1178
za BW()	20	630645	87.1206
was SPEC(vreemd)	20	630665	87.1233
waarvoor BW()	20	630685	87.1261
waard ADJ(vrij,basis,zonder)	20	630705	87.1289
vriendin N(soort,mv,basis)	20	630725	87.1316
vlak BW()	20	630745	87.1344
vanavnd N(soort,ev,basis,zijd,stan)	20	630765	87.1372
uitslapen WW(inf,vrij,zonder)	20	630785	87.1399
uitslag N(soort,ev,basis,zijd,stan)	20	630805	87.1427
tom N(soort,ev,basis,zijd,stan)	20	630825	87.1455
thesis N(soort,ev,basis,zijd,stan)	20	630845	87.1482
sure SPEC(vreemd)	20	630865	87.151
stuk N(soort,mv,basis)	20	630885	87.1537
sjoekie N(soort,ev,basis,zijd,stan)	20	630905	87.1565
s LID(bep,gen,evmo)	20	630925	87.1593
oven N(soort,ev,basis,zijd,stan)	20	630945	87.162
opzoeken WW(inf,vrij,zonder)	20	630965	87.1648
opstaan WW(inf,vrij,zonder)	20	630985	87.1676
ofwel VG(neven)	20	631005	87.1703
oefenen WW(inf,vrij,zonder)	20	631025	87.1731
november SPEC(deeleigen)	20	631045	87.1758
nemen WW(pv,tgw,mv)	20	631065	87.1786
mss ADJ(vrij,basis,zonder)	20	631085	87.1814
maarte N(soort,mv,basis)	20	631105	87.1841
ma. SPEC(afk)	20	631125	87.1869
lopen WW(vd,vrij,zonder)	20	631145	87.1897
lopen WW(pv,verl,ev)	20	631165	87.1924
leren WW(vd,vrij,zonder)	20	631185	87.1952
land N(soort,ev,basis,onz,stan)	20	631205	87.1979
komen WW(pv,verl,mv)	20	631225	87.2007
keer N(soort,ev,dim,onz,stan)	20	631245	87.2035
job N(soort,ev,basis,zijd,stan)	20	631265	87.2062
jip ADJ(vrij,basis,zonder)	20	631285	87.209
iphone N(soort,ev,basis,zijd,stan)	20	631305	87.2118
hÃ¨ N(soort,ev,basis,onz,stan)	20	631325	87.2145
hoek N(soort,ev,basis,zijd,stan)	20	631345	87.2173
hart N(soort,ev,basis,onz,stan)	20	631365	87.22
happy SPEC(vreemd)	20	631385	87.2228
halen WW(pv,tgw,mv)	20	631405	87.2256
h N(soort,ev,basis,zijd,stan)	20	631425	87.2283
godver N(soort,ev,basis,zijd,stan)	20	631445	87.2311
gegeven N(soort,mv,basis)	20	631465	87.2339
flat N(soort,ev,basis,zijd,stan)	20	631485	87.2366
evt ADJ(prenom,basis,zonder)	20	631505	87.2394
eerst TW(rang,nom,zonder-n)	20	631525	87.2422
druk N(soort,ev,basis,zijd,stan)	20	631545	87.2449
dik ADJ(vrij,basis,zonder)	20	631565	87.2477
december SPEC(deeleigen)	20	631585	87.2504
compleet ADJ(vrij,basis,zonder)	20	631605	87.2532
collega N(soort,mv,basis)	20	631625	87.256
ck N(soort,ev,basis,zijd,stan)	20	631645	87.2587
cafe N(soort,ev,basis,onz,stan)	20	631665	87.2615
brood N(soort,mv,dim)	20	631685	87.2643
broek N(soort,ev,basis,zijd,stan)	20	631705	87.267
beuren WW(vd,vrij,zonder)	20	631725	87.2698
bende N(soort,ev,basis,zijd,stan)	20	631745	87.2725
bellen WW(pv,tgw,met-t)	20	631765	87.2753
bedoelen WW(pv,tgw,met-t)	20	631785	87.2781
bedenken WW(pv,tgw,ev)	20	631805	87.2808
bedenken WW(inf,vrij,zonder)	20	631825	87.2836
batterij N(soort,ev,basis,zijd,stan)	20	631845	87.2864
around SPEC(vreemd)	20	631865	87.2891
antwoorden WW(vd,vrij,zonder)	20	631885	87.2919
anneleen N(soort,mv,basis)	20	631905	87.2946
ander ADJ(nom,basis,zonder,zonder-n)	20	631925	87.2974
allerliefst ADJ(nom,sup,met-e,zonder-n,stan)	20	631945	87.3002
after SPEC(vreemd)	20	631965	87.3029
XXx SPEC(deeleigen)	20	631985	87.3057
We SPEC(vreemd)	20	632005	87.3085
UB SPEC(deeleigen)	20	632025	87.3112
Pieter SPEC(deeleigen)	20	632045	87.314
Or SPEC(vreemd)	20	632065	87.3168
Oh SPEC(vreemd)	20	632085	87.3195
NS SPEC(deeleigen)	20	632105	87.3223
Maybe SPEC(vreemd)	20	632125	87.325
Mart SPEC(deeleigen)	20	632145	87.3278
Lieve SPEC(deeleigen)	20	632165	87.3306
Ledeberg SPEC(deeleigen)	20	632185	87.3333
L SPEC(symb)	20	632205	87.3361
Happy SPEC(vreemd)	20	632225	87.3389
Guus SPEC(deeleigen)	20	632245	87.3416
Don't SPEC(vreemd)	20	632265	87.3444
A SPEC(symb)	20	632285	87.3471
zwemmen WW(inf,vrij,zonder)	19	632304	87.3498
zucht N(soort,ev,basis,zijd,stan)	19	632323	87.3524
zondagavond N(soort,ev,basis,zijd,stan)	19	632342	87.355
zenne N(soort,ev,basis,zijd,stan)	19	632361	87.3576
worries SPEC(vreemd)	19	632380	87.3603
whatsapp N(soort,ev,basis,zijd,stan)	19	632399	87.3629
werkse N(soort,ev,basis,zijd,stan)	19	632418	87.3655
vlees N(soort,ev,basis,onz,stan)	19	632437	87.3681
vet ADJ(prenom,basis,met-e,stan)	19	632456	87.3708
verwachten WW(inf,vrij,zonder)	19	632475	87.3734
verkopen WW(vd,vrij,zonder)	19	632494	87.376
verkopen WW(inf,vrij,zonder)	19	632513	87.3786
verbinding N(soort,ev,basis,zijd,stan)	19	632532	87.3813
vent N(soort,ev,basis,zijd,stan)	19	632551	87.3839
vanaaf N(soort,ev,basis,zijd,stan)	19	632570	87.3865
vak N(soort,mv,basis)	19	632589	87.3891
tegenwoordig ADJ(vrij,basis,zonder)	19	632608	87.3918
taxi N(soort,ev,basis,zijd,stan)	19	632627	87.3944
st N(soort,ev,basis,zijd,stan)	19	632646	87.397
sms N(soort,mv,dim)	19	632665	87.3996
sleep N(soort,ev,basis,zijd,stan)	19	632684	87.4023
programma N(soort,ev,basis,onz,stan)	19	632703	87.4049
problemo SPEC(vreemd)	19	632722	87.4075
pen N(soort,ev,basis,zijd,stan)	19	632741	87.4101
pakken WW(vd,vrij,zonder)	19	632760	87.4128
overleg N(soort,ev,basis,onz,stan)	19	632779	87.4154
opeen BW()	19	632798	87.418
ontbijten WW(inf,vrij,zonder)	19	632817	87.4206
nt N(soort,ev,basis,zijd,stan)	19	632836	87.4233
missen WW(pv,tgw,mv)	19	632855	87.4259
mijn VNW(bez,det,stan,vol,1,ev,nom,met-e,zonder-n)	19	632874	87.4285
merken WW(pv,tgw,ev)	19	632893	87.4311
melk N(soort,ev,basis,zijd,stan)	19	632912	87.4338
maandagavond N(soort,ev,basis,zijd,stan)	19	632931	87.4364
lijst N(soort,ev,dim,onz,stan)	19	632950	87.439
lezing N(soort,ev,basis,zijd,stan)	19	632969	87.4416
lekker ADJ(postnom,basis,met-s)	19	632988	87.4443
kzal WW(pv,tgw,ev)	19	633007	87.4469
kwas N(soort,ev,basis,zijd,stan)	19	633026	87.4495
kussen WW(inf,vrij,zonder)	19	633045	87.4521
kost N(soort,mv,basis)	19	633064	87.4548
kletsen WW(inf,vrij,zonder)	19	633083	87.4574
kat N(soort,mv,basis)	19	633102	87.46
jeej TSW(dial)	19	633121	87.4626
james N(soort,mv,dim)	19	633140	87.4653
inleveren WW(vd,vrij,zonder)	19	633159	87.4679
hÃ©hÃ© N(soort,ev,basis,zijd,stan)	19	633178	87.4705
hierheen BW()	19	633197	87.4731
hard ADJ(prenom,basis,met-e,stan)	19	633216	87.4758
halen WW(pv,tgw,met-t)	19	633235	87.4784
gy SPEC(vreemd)	19	633254	87.481
grap N(soort,ev,dim,onz,stan)	19	633273	87.4836
gisterenavond BW()	19	633292	87.4863
gesmst WW(vd,vrij,zonder)	19	633311	87.4889
friend SPEC(vreemd)	19	633330	87.4915
festival N(soort,ev,basis,onz,stan)	19	633349	87.4941
erik WW(pv,tgw,ev)	19	633368	87.4968
ehm N(soort,ev,basis,zijd,stan)	19	633387	87.4994
effe BW()	19	633406	87.502
dringend ADJ(vrij,basis,zonder)	19	633425	87.5046
drie TW(rang,prenom,stan)	19	633444	87.5073
downloaden WW(inf,vrij,zonder)	19	633463	87.5099
down SPEC(vreemd)	19	633482	87.5125
doorsturen WW(vd,vrij,zonder)	19	633501	87.5151
detail N(soort,mv,basis)	19	633520	87.5178
dank N(soort,ev,basis,zijd,stan)	19	633539	87.5204
dag N(soort,mv,dim)	19	633558	87.523
course SPEC(vreemd)	19	633577	87.5256
could SPEC(vreemd)	19	633596	87.5283
cijfer N(soort,ev,basis,onz,stan)	19	633615	87.5309
buur N(soort,mv,basis)	19	633634	87.5335
bruin ADJ(vrij,basis,zonder)	19	633653	87.5361
broer N(soort,ev,dim,onz,stan)	19	633672	87.5387
bis N(soort,ev,basis,zijd,stan)	19	633691	87.5414
bijzonder ADJ(vrij,basis,zonder)	19	633710	87.544
bier N(soort,mv,dim)	19	633729	87.5466
beurs N(soort,ev,basis,zijd,stan)	19	633748	87.5492
bereik N(soort,ev,basis,onz,stan)	19	633767	87.5519
beginnen WW(pv,tgw,mv)	19	633786	87.5545
anke SPEC(vreemd)	19	633805	87.5571
ander ADJ(nom,basis,met-e,mv-n)	19	633824	87.5597
al VNW(onbep,det,stan,nom,met-e,mv-n)	19	633843	87.5624
afwas N(soort,ev,basis,zijd,stan)	19	633862	87.565
afmaken WW(inf,vrij,zonder)	19	633881	87.5676
Stijn SPEC(deeleigen)	19	633900	87.5702
Rob SPEC(deeleigen)	19	633919	87.5729
Nederland SPEC(deeleigen)	19	633938	87.5755
Maureen SPEC(deeleigen)	19	633957	87.5781
Loe SPEC(deeleigen)	19	633976	87.5807
Lieke SPEC(deeleigen)	19	633995	87.5834
Kelly SPEC(deeleigen)	19	634014	87.586
Jos SPEC(deeleigen)	19	634033	87.5886
Buur SPEC(deeleigen)	19	634052	87.5912
??? SPEC(symb)	19	634071	87.5939
;p SPEC(symb)	19	634090	87.5965
35 TW(hoofd,prenom,stan)	19	634109	87.5991
200 TW(hoofd,prenom,stan)	19	634128	87.6017
1,5 TW(hoofd,prenom,stan)	19	634147	87.6044
Ã©cht ADJ(vrij,basis,zonder)	18	634165	87.6069
zomaar BW()	18	634183	87.6093
zoeken WW(pv,tgw,mv)	18	634201	87.6118
xx SPEC(deeleigen)	18	634219	87.6143
xx ADJ(vrij,basis,zonder)	18	634237	87.6168
wilde WW(pv,verl,mv)	18	634255	87.6193
vree N(soort,ev,basis,zijd,stan)	18	634273	87.6218
volgen WW(od,nom,met-e,zonder-n)	18	634291	87.6243
uw VNW(bez,det,dial)	18	634309	87.6267
uur N(soort,mv,basis)	18	634327	87.6292
uitrusten WW(inf,vrij,zonder)	18	634345	87.6317
teveel TW(hoofd,prenom,stan)	18	634363	87.6342
tellen WW(inf,vrij,zonder)	18	634381	87.6367
studio N(soort,ev,basis,zijd,stan)	18	634399	87.6392
student N(soort,ev,basis,zijd,stan)	18	634417	87.6417
slaapwel ADJ(prenom,basis,zonder)	18	634435	87.6442
sint N(soort,ev,basis,zijd,stan)	18	634453	87.6466
rood ADJ(vrij,basis,zonder)	18	634471	87.6491
proberen WW(vd,vrij,zonder)	18	634489	87.6516
prins N(soort,ev,basis,zijd,stan)	18	634507	87.6541
politie N(soort,ev,basis,zijd,stan)	18	634525	87.6566
plus BW()	18	634543	87.6591
pint N(soort,ev,dim,onz,stan)	18	634561	87.6616
overstappen WW(inf,vrij,zonder)	18	634579	87.664
oud ADJ(prenom,basis,zonder)	18	634597	87.6665
online ADJ(prenom,basis,zonder)	18	634615	87.669
office SPEC(vreemd)	18	634633	87.6715
oefening N(soort,mv,basis)	18	634651	87.674
ochtend N(soort,ev,basis,gen)	18	634669	87.6765
nÃº BW()	18	634687	87.679
nieuw ADJ(vrij,basis,zonder)	18	634705	87.6815
naam N(soort,ev,basis,dat)	18	634723	87.6839
motor N(soort,ev,basis,zijd,stan)	18	634741	87.6864
moesjie VNW(aanw,pron,stan,vol,3,getal)	18	634759	87.6889
manier N(soort,ev,basis,zijd,stan)	18	634777	87.6914
lui N(soort,mv,basis)	18	634795	87.6939
lucht N(soort,ev,basis,zijd,stan)	18	634813	87.6964
leveren WW(inf,vrij,zonder)	18	634831	87.6989
laatst BW()	18	634849	87.7013
kzit N(soort,ev,basis,onz,stan)	18	634867	87.7038
kussen N(soort,ev,basis,onz,stan)	18	634885	87.7063
koelkast N(soort,ev,basis,zijd,stan)	18	634903	87.7088
klimmen WW(inf,vrij,zonder)	18	634921	87.7113
kleur N(soort,ev,basis,zijd,stan)	18	634939	87.7138
kelder N(soort,ev,basis,zijd,stan)	18	634957	87.7163
jy N(soort,ev,basis,zijd,stan)	18	634975	87.7188
jaaaa N(soort,ev,basis,zijd,stan)	18	634993	87.7212
hÃ©Ã©l ADJ(vrij,basis,zonder)	18	635011	87.7237
houden WW(vd,vrij,zonder)	18	635029	87.7262
hostel N(soort,ev,basis,onz,stan)	18	635047	87.7287
hetzelfde ADJ(prenom,basis,zonder)	18	635065	87.7312
heerlijk ADJ(prenom,basis,zonder)	18	635083	87.7337
halfuur N(soort,ev,dim,onz,stan)	18	635101	87.7362
haasten WW(inf,vrij,zonder)	18	635119	87.7386
gooien WW(inf,vrij,zonder)	18	635137	87.7411
gokken WW(pv,tgw,ev)	18	635155	87.7436
goe ADJ(dial)	18	635173	87.7461
gezelligheid N(soort,ev,basis,zijd,stan)	18	635191	87.7486
genieten WW(inf,nom,zonder,zonder-n)	18	635209	87.7511
gebruiken WW(vd,vrij,zonder)	18	635227	87.7536
friday SPEC(vreemd)	18	635245	87.7561
ernaar BW()	18	635263	87.7585
erik SPEC(deeleigen)	18	635281	87.761
ela N(soort,ev,basis,zijd,stan)	18	635299	87.7635
drinks SPEC(vreemd)	18	635317	87.766
didn't SPEC(vreemd)	18	635335	87.7685
club N(soort,ev,basis,zijd,stan)	18	635353	87.771
ciao SPEC(vreemd)	18	635371	87.7735
blok N(soort,ev,basis,onz,stan)	18	635389	87.7759
bijkomen WW(vd,vrij,zonder)	18	635407	87.7784
bezetten WW(vd,vrij,zonder)	18	635425	87.7809
besluiten WW(vd,vrij,zonder)	18	635443	87.7834
beschikbaar ADJ(vrij,basis,zonder)	18	635461	87.7859
allerlei ADJ(prenom,basis,zonder)	18	635479	87.7884
afhalen WW(inf,vrij,zonder)	18	635497	87.7909
achteraf BW()	18	635515	87.7934
achteraan BW()	18	635533	87.7958
aap N(soort,ev,dim,onz,stan)	18	635551	87.7983
Would SPEC(vreemd)	18	635569	87.8008
Willem SPEC(deeleigen)	18	635587	87.8033
That SPEC(vreemd)	18	635605	87.8058
Persoon SPEC(deeleigen)	18	635623	87.8083
O SPEC(deeleigen)	18	635641	87.8108
Miss SPEC(deeleigen)	18	635659	87.8132
Linda SPEC(deeleigen)	18	635677	87.8157
Lennart SPEC(deeleigen)	18	635695	87.8182
Got SPEC(vreemd)	18	635713	87.8207
Bram SPEC(deeleigen)	18	635731	87.8232
47 TW(hoofd,vrij)	18	635749	87.8257
45 TW(hoofd,prenom,stan)	18	635767	87.8282
013 SPEC(deeleigen)	18	635785	87.8307
zyn N(soort,mv,basis)	17	635802	87.833
wegens VZ(init)	17	635819	87.8353
wc N(soort,ev,basis,zijd,stan)	17	635836	87.8377
warm ADJ(prenom,basis,met-e,stan)	17	635853	87.84
war N(soort,ev,basis,zijd,stan)	17	635870	87.8424
voetballen WW(inf,vrij,zonder)	17	635887	87.8447
vloer N(soort,ev,basis,zijd,stan)	17	635904	87.8471
vervelen WW(inf,vrij,zonder)	17	635921	87.8494
vanaf VZ(fin)	17	635938	87.8518
terugreis N(soort,ev,basis,zijd,stan)	17	635955	87.8541
terugbellen WW(inf,vrij,zonder)	17	635972	87.8565
team N(soort,ev,basis,onz,stan)	17	635989	87.8588
tandarts N(soort,ev,basis,zijd,stan)	17	636006	87.8612
stuff SPEC(vreemd)	17	636023	87.8635
stoel N(soort,ev,basis,zijd,stan)	17	636040	87.8659
stellen WW(inf,vrij,zonder)	17	636057	87.8682
sauna N(soort,ev,basis,zijd,stan)	17	636074	87.8706
ruilen WW(inf,vrij,zonder)	17	636091	87.8729
roos ADJ(prenom,basis,zonder)	17	636108	87.8753
project N(soort,ev,basis,onz,stan)	17	636125	87.8776
prinses N(soort,ev,dim,onz,stan)	17	636142	87.88
pocket N(soort,ev,basis,zijd,stan)	17	636159	87.8823
passeren WW(pv,tgw,ev)	17	636176	87.8847
other SPEC(vreemd)	17	636193	87.887
okido N(soort,ev,basis,zijd,stan)	17	636210	87.8894
oiden WW(vd,vrij,zonder)	17	636227	87.8917
nt N(soort,ev,basis,onz,stan)	17	636244	87.8941
nonkel N(soort,ev,basis,zijd,stan)	17	636261	87.8964
nl. SPEC(afk)	17	636278	87.8988
neus N(soort,ev,basis,zijd,stan)	17	636295	87.9011
netwerk N(soort,ev,basis,onz,stan)	17	636312	87.9035
nadat VG(onder)	17	636329	87.9058
muur N(soort,ev,basis,zijd,stan)	17	636346	87.9082
mozzarella N(soort,ev,basis,zijd,stan)	17	636363	87.9105
missen WW(pv,tgw,met-t)	17	636380	87.9128
merken WW(vd,vrij,zonder)	17	636397	87.9152
meepakken WW(inf,vrij,zonder)	17	636414	87.9175
mee-eten WW(inf,vrij,zonder)	17	636431	87.9199
man N(soort,ev,dim,onz,stan)	17	636448	87.9222
logeren WW(inf,vrij,zonder)	17	636465	87.9246
little SPEC(vreemd)	17	636482	87.9269
lied N(soort,ev,dim,onz,stan)	17	636499	87.9293
leen N(soort,ev,basis,onz,stan)	17	636516	87.9316
lasagne N(soort,ev,basis,zijd,stan)	17	636533	87.934
kzie N(soort,ev,basis,zijd,stan)	17	636550	87.9363
kusjes N(soort,mv,basis)	17	636567	87.9387
komen WW(od,prenom,zonder)	17	636584	87.941
kind N(soort,mv,dim)	17	636601	87.9434
kik N(soort,ev,basis,zijd,stan)	17	636618	87.9457
kiezen WW(vd,vrij,zonder)	17	636635	87.9481
kennis N(soort,ev,basis,zijd,stan)	17	636652	87.9504
keelpijn N(soort,ev,basis,zijd,stan)	17	636669	87.9528
kdenk N(soort,ev,basis,zijd,stan)	17	636686	87.9551
kampterrein N(soort,ev,basis,onz,stan)	17	636703	87.9575
joker N(soort,ev,basis,zijd,stan)	17	636720	87.9598
joehoe N(soort,ev,basis,zijd,stan)	17	636737	87.9622
jee N(soort,ev,basis,zijd,stan)	17	636754	87.9645
j N(soort,ev,basis,zijd,stan)	17	636771	87.9669
hour SPEC(vreemd)	17	636788	87.9692
hartstikke BW()	17	636805	87.9716
hans N(soort,mv,basis)	17	636822	87.9739
goal N(soort,ev,basis,zijd,stan)	17	636839	87.9763
gn N(soort,mv,basis)	17	636856	87.9786
getting SPEC(vreemd)	17	636873	87.981
gelegenheid N(soort,ev,basis,zijd,stan)	17	636890	87.9833
fitness N(soort,ev,basis,zijd,stan)	17	636907	87.9856
finale N(soort,ev,basis,zijd,stan)	17	636924	87.988
eur N(soort,ev,basis,zijd,stan)	17	636941	87.9903
duim N(soort,ev,basis,zijd,stan)	17	636958	87.9927
du SPEC(vreemd)	17	636975	87.995
dom ADJ(vrij,basis,zonder)	17	636992	87.9974
cola N(soort,ev,basis,zijd,stan)	17	637009	87.9997
cinema N(soort,ev,basis,zijd,stan)	17	637026	88.0021
chill SPEC(vreemd)	17	637043	88.0044
ca BW()	17	637060	88.0068
bruin ADJ(prenom,basis,zonder)	17	637077	88.0091
brand N(soort,ev,basis,zijd,stan)	17	637094	88.0115
boel N(soort,ev,basis,zijd,stan)	17	637111	88.0138
bloed N(soort,ev,basis,onz,stan)	17	637128	88.0162
beu ADJ(vrij,basis,zonder)	17	637145	88.0185
behoorlijk ADJ(vrij,basis,zonder)	17	637162	88.0209
before SPEC(vreemd)	17	637179	88.0232
balkon N(soort,ev,basis,onz,stan)	17	637196	88.0256
bakken WW(inf,vrij,zonder)	17	637213	88.0279
babbelen WW(inf,vrij,zonder)	17	637230	88.0303
artikel N(soort,ev,basis,onz,stan)	17	637247	88.0326
also SPEC(vreemd)	17	637264	88.035
aiaiai N(soort,ev,basis,zijd,stan)	17	637281	88.0373
afhankelijk ADJ(vrij,basis,zonder)	17	637298	88.0397
aankomen WW(od,prenom,met-e)	17	637315	88.042
Zeun SPEC(vreemd)	17	637332	88.0444
New SPEC(deeleigen)	17	637349	88.0467
Neenee SPEC(deeleigen)	17	637366	88.0491
Marleen SPEC(deeleigen)	17	637383	88.0514
Marco SPEC(deeleigen)	17	637400	88.0538
Its SPEC(vreemd)	17	637417	88.0561
It's SPEC(vreemd)	17	637434	88.0585
Alexander SPEC(deeleigen)	17	637451	88.0608
zorg N(soort,ev,basis,zijd,stan)	16	637467	88.063
ziten WW(pv,verl,ev)	16	637483	88.0652
xxxxxx N(soort,ev,basis,zijd,stan)	16	637499	88.0674
workshop N(soort,ev,basis,zijd,stan)	16	637515	88.0696
wk N(soort,ev,basis,zijd,stan)	16	637531	88.0719
wijn N(soort,ev,dim,onz,stan)	16	637547	88.0741
wassen WW(inf,vrij,zonder)	16	637563	88.0763
volgen WW(pv,tgw,ev)	16	637579	88.0785
vlakbij BW()	16	637595	88.0807
vervelen WW(pv,tgw,ev)	16	637611	88.0829
vermoeiend ADJ(vrij,basis,zonder)	16	637627	88.0851
verlangen WW(pv,tgw,ev)	16	637643	88.0873
vandaan VZ(fin)	16	637659	88.0895
town SPEC(vreemd)	16	637675	88.0917
toekomen WW(vd,vrij,zonder)	16	637691	88.094
thx N(soort,ev,basis,zijd,stan)	16	637707	88.0962
thing SPEC(vreemd)	16	637723	88.0984
than SPEC(vreemd)	16	637739	88.1006
tell SPEC(vreemd)	16	637755	88.1028
stappen WW(pv,tgw,ev)	16	637771	88.105
sommig VNW(onbep,det,stan,prenom,met-e,rest)	16	637787	88.1072
slot N(soort,ev,basis,onz,stan)	16	637803	88.1094
slapen WW(pv,verl,ev)	16	637819	88.1116
skype N(soort,mv,basis)	16	637835	88.1138
shirt N(soort,ev,basis,onz,stan)	16	637851	88.1161
sgoe N(soort,ev,basis,zijd,stan)	16	637867	88.1183
set N(soort,ev,basis,zijd,stan)	16	637883	88.1205
sebiet BW()	16	637899	88.1227
score N(soort,ev,basis,zijd,stan)	16	637915	88.1249
scherm N(soort,ev,basis,onz,stan)	16	637931	88.1271
sava N(soort,ev,basis,zijd,stan)	16	637947	88.1293
rechtstreeks ADJ(vrij,basis,zonder)	16	637963	88.1315
recht ADJ(vrij,basis,zonder)	16	637979	88.1337
receptie N(soort,ev,basis,zijd,stan)	16	637995	88.136
problem SPEC(vreemd)	16	638011	88.1382
printen WW(inf,vrij,zonder)	16	638027	88.1404
prettig ADJ(prenom,basis,met-e,stan)	16	638043	88.1426
plaats N(soort,mv,basis)	16	638059	88.1448
pieter N(soort,ev,basis,zijd,stan)	16	638075	88.147
papier N(soort,ev,basis,onz,stan)	16	638091	88.1492
pakken WW(pv,tgw,mv)	16	638107	88.1514
overtuigen WW(inf,vrij,zonder)	16	638123	88.1536
oproep N(soort,ev,basis,zijd,stan)	16	638139	88.1558
oplader N(soort,ev,basis,zijd,stan)	16	638155	88.1581
ophalen WW(vd,vrij,zonder)	16	638171	88.1603
ontspannen WW(vd,vrij,zonder)	16	638187	88.1625
onderzoek N(soort,ev,basis,onz,stan)	16	638203	88.1647
omhoog BW()	16	638219	88.1669
oesje N(soort,ev,dim,onz,stan)	16	638235	88.1691
oe BW()	16	638251	88.1713
nederland SPEC(deeleigen)	16	638267	88.1735
morning SPEC(vreemd)	16	638283	88.1757
mogen WW(pv,tgw,met-t)	16	638299	88.1779
mind SPEC(vreemd)	16	638315	88.1802
maja SPEC(vreemd)	16	638331	88.1824
mailbox N(soort,ev,basis,zijd,stan)	16	638347	88.1846
lief ADJ(prenom,sup,met-e,stan)	16	638363	88.1868
lenen WW(pv,tgw,ev)	16	638379	88.189
left SPEC(vreemd)	16	638395	88.1912
kxal N(soort,ev,basis,zijd,stan)	16	638411	88.1934
kwil N(soort,ev,basis,zijd,stan)	16	638427	88.1956
kuss N(soort,mv,basis)	16	638443	88.1978
koken WW(inf,nom,zonder,zonder-n)	16	638459	88.2001
kijken WW(pv,tgw,met-t)	16	638475	88.2023
jup N(soort,mv,basis)	16	638491	88.2045
jippie N(soort,ev,basis,zijd,stan)	16	638507	88.2067
jaloers ADJ(vrij,basis,zonder)	16	638523	88.2089
ikea N(soort,ev,basis,zijd,stan)	16	638539	88.2111
huisgenoot N(soort,mv,basis)	16	638555	88.2133
hond N(soort,ev,basis,zijd,stan)	16	638571	88.2155
helpen WW(vd,vrij,zonder)	16	638587	88.2177
heel ADJ(prenom,basis,zonder)	16	638603	88.2199
haar N(soort,ev,basis,onz,stan)	16	638619	88.2222
guust N(soort,ev,basis,zijd,stan)	16	638635	88.2244
groeten WW(inf,vrij,zonder)	16	638651	88.2266
goed ADJ(nom,basis,met-e,zonder-n,stan)	16	638667	88.2288
gezond ADJ(vrij,basis,zonder)	16	638683	88.231
gewennen WW(vd,vrij,zonder)	16	638699	88.2332
geof N(soort,ev,basis,zijd,stan)	16	638715	88.2354
geluid N(soort,ev,basis,onz,stan)	16	638731	88.2376
gedacht N(soort,mv,basis)	16	638747	88.2398
gebeuren WW(pv,tgw,met-t)	16	638763	88.242
fysio N(soort,ev,basis,zijd,stan)	16	638779	88.2443
fout N(soort,ev,dim,onz,stan)	16	638795	88.2465
film N(soort,mv,basis)	16	638811	88.2487
etc SPEC(afk)	16	638827	88.2509
er VNW(onbep,adv-pron,gen,red,3,getal)	16	638843	88.2531
elisa N(soort,ev,basis,zijd,stan)	16	638859	88.2553
ebben WW(pv,tgw,met-t)	16	638875	88.2575
drukken WW(pv,tgw,ev)	16	638891	88.2597
doorgaan WW(inf,vrij,zonder)	16	638907	88.2619
done SPEC(vreemd)	16	638923	88.2642
dju TSW(dial)	16	638939	88.2664
diploma N(soort,ev,basis,onz,stan)	16	638955	88.2686
dinner SPEC(vreemd)	16	638971	88.2708
deadline N(soort,ev,basis,zijd,stan)	16	638987	88.273
de SPEC(deeleigen)	16	639003	88.2752
dansen WW(inf,vrij,zonder)	16	639019	88.2774
cv N(soort,ev,basis,zijd,stan)	16	639035	88.2796
casino N(soort,ev,basis,onz,stan)	16	639051	88.2818
bit SPEC(vreemd)	16	639067	88.284
betekenen WW(pv,tgw,met-t)	16	639083	88.2863
bericht N(soort,mv,basis)	16	639099	88.2885
beeld N(soort,ev,basis,onz,stan)	16	639115	88.2907
bal N(soort,ev,basis,zijd,stan)	16	639131	88.2929
aanbieding N(soort,ev,basis,zijd,stan)	16	639147	88.2951
YES SPEC(deeleigen)	16	639163	88.2973
VCARD SPEC(deeleigen)	16	639179	88.2995
Sure SPEC(vreemd)	16	639195	88.3017
Rutger SPEC(deeleigen)	16	639211	88.3039
Oki SPEC(deeleigen)	16	639227	88.3061
Johan SPEC(deeleigen)	16	639243	88.3084
James SPEC(deeleigen)	16	639259	88.3106
J SPEC(deeleigen)	16	639275	88.3128
Eric SPEC(deeleigen)	16	639291	88.315
Do SPEC(vreemd)	16	639307	88.3172
Aalst SPEC(deeleigen)	16	639323	88.3194
:d SPEC(symb)	16	639339	88.3216
35 TW(hoofd,vrij)	16	639355	88.3238
2010 TW(hoofd,vrij)	16	639371	88.326
zÃ³ BW()	15	639386	88.3281
zwart ADJ(prenom,basis,met-e,stan)	15	639401	88.3302
zaak N(soort,mv,basis)	15	639416	88.3323
woord N(soort,mv,basis)	15	639431	88.3343
wo N(soort,ev,basis,zijd,stan)	15	639446	88.3364
wachtwoord N(soort,ev,basis,onz,stan)	15	639461	88.3385
vr N(soort,ev,basis,onz,stan)	15	639476	88.3405
vnj N(soort,ev,basis,zijd,stan)	15	639491	88.3426
verzenden WW(vd,vrij,zonder)	15	639506	88.3447
vertrouwen N(soort,ev,basis,onz,stan)	15	639521	88.3468
versturen WW(inf,vrij,zonder)	15	639536	88.3488
vermaken WW(vd,vrij,zonder)	15	639551	88.3509
verhuizing N(soort,ev,basis,zijd,stan)	15	639566	88.353
verdieping N(soort,ev,basis,zijd,stan)	15	639581	88.355
veel VNW(onbep,grad,stan,vrij,zonder,sup)	15	639596	88.3571
vanaaf N(soort,ev,basis,onz,stan)	15	639611	88.3592
uitslapen WW(vd,vrij,zonder)	15	639626	88.3613
two SPEC(vreemd)	15	639641	88.3633
twee TW(rang,nom,zonder-n)	15	639656	88.3654
trui N(soort,ev,basis,zijd,stan)	15	639671	88.3675
trap N(soort,ev,basis,zijd,stan)	15	639686	88.3696
tip N(soort,mv,basis)	15	639701	88.3716
tim N(soort,ev,basis,zijd,stan)	15	639716	88.3737
tessa N(soort,ev,basis,zijd,stan)	15	639731	88.3758
teleurstellen WW(vd,vrij,zonder)	15	639746	88.3778
statistiek N(soort,ev,basis,zijd,stan)	15	639761	88.3799
start N(soort,ev,basis,zijd,stan)	15	639776	88.382
stand N(soort,ev,basis,zijd,stan)	15	639791	88.3841
staan WW(vd,vrij,zonder)	15	639806	88.3861
spaans ADJ(prenom,basis,met-e,stan)	15	639821	88.3882
soort N(soort,ev,basis,onz,stan)	15	639836	88.3903
snor N(soort,ev,basis,zijd,stan)	15	639851	88.3923
skypen WW(inf,vrij,zonder)	15	639866	88.3944
schuld N(soort,ev,basis,zijd,stan)	15	639881	88.3965
schrijven WW(pv,tgw,ev)	15	639896	88.3986
schoon ADJ(vrij,basis,zonder)	15	639911	88.4006
schitterend ADJ(vrij,basis,zonder)	15	639926	88.4027
salade N(soort,ev,basis,zijd,stan)	15	639941	88.4048
radio N(soort,ev,basis,zijd,stan)	15	639956	88.4069
positief ADJ(vrij,basis,zonder)	15	639971	88.4089
oplossing N(soort,ev,basis,zijd,stan)	15	639986	88.411
operatie N(soort,ev,basis,zijd,stan)	15	640001	88.4131
opdracht N(soort,mv,basis)	15	640016	88.4151
oef N(soort,ev,basis,zijd,stan)	15	640031	88.4172
nouja N(soort,ev,basis,zijd,stan)	15	640046	88.4193
msn N(soort,ev,basis,zijd,stan)	15	640061	88.4214
mitchaux N(soort,ev,basis,zijd,stan)	15	640076	88.4234
long SPEC(vreemd)	15	640091	88.4255
leo N(soort,ev,basis,zijd,stan)	15	640106	88.4276
leggen WW(vd,vrij,zonder)	15	640121	88.4296
leave SPEC(vreemd)	15	640136	88.4317
last SPEC(vreemd)	15	640151	88.4338
kweet ADJ(vrij,basis,zonder)	15	640166	88.4359
korting N(soort,ev,basis,zijd,stan)	15	640181	88.4379
knuffelen WW(pv,tgw,ev)	15	640196	88.44
kind N(soort,ev,basis,onz,stan)	15	640211	88.4421
kermis N(soort,ev,basis,zijd,stan)	15	640226	88.4442
karlientje N(soort,ev,dim,onz,stan)	15	640241	88.4462
januari SPEC(deeleigen)	15	640256	88.4483
jaaa N(soort,ev,basis,zijd,stan)	15	640271	88.4504
intussen BW()	15	640286	88.4524
inpakken WW(inf,vrij,zonder)	15	640301	88.4545
indruk N(soort,ev,basis,zijd,stan)	15	640316	88.4566
ieder VNW(onbep,det,stan,prenom,met-e,evz)	15	640331	88.4587
hoog ADJ(prenom,basis,met-e,stan)	15	640346	88.4607
hoewel VG(onder)	15	640361	88.4628
herinneren WW(inf,vrij,zonder)	15	640376	88.4649
halfuur N(soort,ev,basis,onz,stan)	15	640391	88.4669
groningen SPEC(deeleigen)	15	640406	88.469
grond N(soort,ev,basis,zijd,stan)	15	640421	88.4711
groen ADJ(prenom,basis,met-e,stan)	15	640436	88.4732
green SPEC(vreemd)	15	640451	88.4752
great SPEC(vreemd)	15	640466	88.4773
grap N(soort,ev,basis,zijd,stan)	15	640481	88.4794
gonna SPEC(vreemd)	15	640496	88.4815
geen VNW(onbep,det,dial)	15	640511	88.4835
geduld N(soort,ev,basis,onz,stan)	15	640526	88.4856
gebruik N(soort,ev,basis,onz,stan)	15	640541	88.4877
five SPEC(vreemd)	15	640556	88.4897
first SPEC(vreemd)	15	640571	88.4918
excuus N(soort,ev,basis,onz,stan)	15	640586	88.4939
etc. SPEC(afk)	15	640601	88.496
energie N(soort,ev,basis,zijd,stan)	15	640616	88.498
echter BW()	15	640631	88.5001
dvd N(soort,ev,basis,zijd,stan)	15	640646	88.5022
durven WW(pv,tgw,ev)	15	640661	88.5042
dubbel ADJ(vrij,basis,zonder)	15	640676	88.5063
daarop BW()	15	640691	88.5084
contract N(soort,ev,basis,onz,stan)	15	640706	88.5105
change SPEC(vreemd)	15	640721	88.5125
cava N(soort,ev,basis,zijd,stan)	15	640736	88.5146
camera N(soort,ev,basis,zijd,stan)	15	640751	88.5167
brommer N(soort,ev,basis,zijd,stan)	15	640766	88.5188
brengen WW(pv,tgw,met-t)	15	640781	88.5208
boeien ADJ(vrij,basis,zonder)	15	640796	88.5229
blijven WW(pv,verl,ev)	15	640811	88.525
beleid N(soort,ev,basis,onz,stan)	15	640826	88.527
bah TSW()	15	640841	88.5291
apart ADJ(vrij,basis,zonder)	15	640856	88.5312
anything SPEC(vreemd)	15	640871	88.5333
afspraak N(soort,mv,basis)	15	640886	88.5353
Xx SPEC(vreemd)	15	640901	88.5374
Spanje SPEC(deeleigen)	15	640916	88.5395
Slaapwel SPEC(deeleigen)	15	640931	88.5415
Nyugati SPEC(deeleigen)	15	640946	88.5436
Moesjie SPEC(deeleigen)	15	640961	88.5457
Michel SPEC(deeleigen)	15	640976	88.5478
Martin SPEC(deeleigen)	15	640991	88.5498
Leeds SPEC(deeleigen)	15	641006	88.5519
Kitty SPEC(deeleigen)	15	641021	88.554
Jaa SPEC(deeleigen)	15	641036	88.5561
Hope SPEC(vreemd)	15	641051	88.5581
Gwendoline SPEC(deeleigen)	15	641066	88.5602
Ff SPEC(deeleigen)	15	641081	88.5623
Enschede SPEC(deeleigen)	15	641096	88.5643
Brussel SPEC(deeleigen)	15	641111	88.5664
Boedapest SPEC(deeleigen)	15	641126	88.5685
As SPEC(deeleigen)	15	641141	88.5706
Antwerpen SPEC(deeleigen)	15	641156	88.5726
Anneleen SPEC(deeleigen)	15	641171	88.5747
Ajax SPEC(deeleigen)	15	641186	88.5768
80 TW(hoofd,prenom,stan)	15	641201	88.5788
29 TW(hoofd,vrij)	15	641216	88.5809
18 TW(hoofd,prenom,stan)	15	641231	88.583
...? SPEC(symb)	15	641246	88.5851
-1 TW(hoofd,prenom,stan)	15	641261	88.5871
zwaaien WW(inf,vrij,zonder)	14	641275	88.5891
zoon N(soort,ev,basis,zijd,stan)	14	641289	88.591
zoenen WW(inf,vrij,zonder)	14	641303	88.5929
zoen N(soort,mv,dim)	14	641317	88.5949
zen WW(pv,tgw,ev)	14	641331	88.5968
xxxkk WW(vd,vrij,zonder)	14	641345	88.5987
xd N(soort,ev,basis,zijd,stan)	14	641359	88.6007
wÃ¨ TSW(dial)	14	641373	88.6026
wit ADJ(prenom,basis,zonder)	14	641387	88.6045
winnen WW(pv,tgw,met-t)	14	641401	88.6065
werken WW(inf,nom,zonder,zonder-n)	14	641415	88.6084
waarvan BW()	14	641429	88.6103
vroeg ADJ(prenom,basis,met-e,stan)	14	641443	88.6123
voldoend ADJ(vrij,basis,zonder)	14	641457	88.6142
voet N(soort,mv,basis)	14	641471	88.6161
voelen WW(inf,vrij,zonder)	14	641485	88.6181
vo SPEC(afk)	14	641499	88.62
vliegen WW(inf,vrij,zonder)	14	641513	88.6219
vies ADJ(vrij,basis,zonder)	14	641527	88.6239
vervolgens BW()	14	641541	88.6258
verschil N(soort,ev,basis,onz,stan)	14	641555	88.6277
vermoedelijk ADJ(vrij,basis,zonder)	14	641569	88.6297
verkouden ADJ(vrij,basis,zonder)	14	641583	88.6316
veranderen WW(inf,vrij,zonder)	14	641597	88.6336
vanuit VZ(fin)	14	641611	88.6355
uitrusten WW(vd,vrij,zonder)	14	641625	88.6374
uitleg N(soort,ev,basis,zijd,stan)	14	641639	88.6394
tussen VZ(fin)	14	641653	88.6413
truste TW(rang,nom,zonder-n)	14	641667	88.6432
ticket N(soort,ev,basis,onz,stan)	14	641681	88.6452
sturen WW(pv,tgw,mv)	14	641695	88.6471
stof N(soort,ev,basis,zijd,stan)	14	641709	88.649
spreken WW(pv,verl,ev)	14	641723	88.651
solliciteren WW(inf,vrij,zonder)	14	641737	88.6529
sociaal ADJ(prenom,basis,zonder)	14	641751	88.6548
slechts BW()	14	641765	88.6568
slagroom N(soort,ev,basis,zijd,stan)	14	641779	88.6587
slaan WW(inf,vrij,zonder)	14	641793	88.6606
seks N(soort,ev,basis,zijd,stan)	14	641807	88.6626
sein N(soort,ev,dim,onz,stan)	14	641821	88.6645
scheetie N(soort,ev,basis,zijd,stan)	14	641835	88.6664
say SPEC(vreemd)	14	641849	88.6684
route N(soort,ev,basis,zijd,stan)	14	641863	88.6703
rennen WW(inf,vrij,zonder)	14	641877	88.6722
relaxt ADJ(vrij,basis,zonder)	14	641891	88.6742
reizen WW(inf,vrij,zonder)	14	641905	88.6761
raam N(soort,ev,basis,onz,stan)	14	641919	88.678
philip N(soort,ev,basis,onz,stan)	14	641933	88.68
per SPEC(vreemd)	14	641947	88.6819
paul ADJ(vrij,basis,zonder)	14	641961	88.6838
overmaken WW(vd,vrij,zonder)	14	641975	88.6858
overmaken WW(inf,vrij,zonder)	14	641989	88.6877
optreden WW(inf,vrij,zonder)	14	642003	88.6896
open ADJ(prenom,basis,zonder)	14	642017	88.6916
ooh BW()	14	642031	88.6935
okee TSW()	14	642045	88.6954
nummer N(soort,ev,basis,zijd,stan)	14	642059	88.6974
nt ADJ(vrij,basis,zonder)	14	642073	88.6993
noemen WW(pv,tgw,met-t)	14	642087	88.7012
nodig ADJ(prenom,basis,met-e,stan)	14	642101	88.7032
neer BW()	14	642115	88.7051
nadenken WW(inf,vrij,zonder)	14	642129	88.707
naartoe BW()	14	642143	88.709
mooi ADJ(postnom,basis,met-s)	14	642157	88.7109
monday SPEC(vreemd)	14	642171	88.7128
mo N(soort,ev,basis,zijd,stan)	14	642185	88.7148
midden N(soort,ev,basis,onz,stan)	14	642199	88.7167
menen WW(pv,tgw,ev)	14	642213	88.7186
meid N(soort,ev,basis,zijd,stan)	14	642227	88.7206
materiaal N(soort,ev,basis,onz,stan)	14	642241	88.7225
master N(soort,ev,basis,zijd,stan)	14	642255	88.7245
maag N(soort,ev,basis,zijd,stan)	14	642269	88.7264
live ADJ(vrij,basis,zonder)	14	642283	88.7283
lik N(soort,ev,basis,zijd,stan)	14	642297	88.7303
letterlijk ADJ(vrij,basis,zonder)	14	642311	88.7322
langzaam ADJ(vrij,basis,zonder)	14	642325	88.7341
lader N(soort,ev,basis,zijd,stan)	14	642339	88.7361
kruipen WW(pv,tgw,ev)	14	642353	88.738
kou N(soort,ev,basis,zijd,stan)	14	642367	88.7399
koffer N(soort,ev,basis,zijd,stan)	14	642381	88.7419
kijken WW(inf,nom,zonder,zonder-n)	14	642395	88.7438
kijkavond N(soort,ev,basis,zijd,stan)	14	642409	88.7457
keb N(soort,ev,basis,zijd,stan)	14	642423	88.7477
kamer N(soort,mv,basis)	14	642437	88.7496
juist ADJ(vrij,basis,zonder)	14	642451	88.7515
joo N(soort,ev,basis,zijd,stan)	14	642465	88.7535
its SPEC(vreemd)	14	642479	88.7554
huis N(soort,mv,basis)	14	642493	88.7573
hehe ADJ(prenom,basis,met-e,stan)	14	642507	88.7593
heerlijk ADJ(prenom,basis,met-e,stan)	14	642521	88.7612
hangen WW(pv,tgw,ev)	14	642535	88.7631
hahahaha TSW()	14	642549	88.7651
guy SPEC(vreemd)	14	642563	88.767
gp N(soort,mv,basis)	14	642577	88.7689
goed ADJ(prenom,comp,zonder)	14	642591	88.7709
gat N(soort,mv,basis)	14	642605	88.7728
garage N(soort,ev,basis,zijd,stan)	14	642619	88.7747
free SPEC(vreemd)	14	642633	88.7767
evt. SPEC(afk)	14	642647	88.7786
erg ADJ(vrij,comp,zonder)	14	642661	88.7805
erdoor BW()	14	642675	88.7825
enigszins BW()	14	642689	88.7844
elmo N(soort,ev,basis,onz,stan)	14	642703	88.7863
dromen WW(vd,vrij,zonder)	14	642717	88.7883
draaien WW(inf,vrij,zonder)	14	642731	88.7902
doing SPEC(vreemd)	14	642745	88.7921
dinsdagavond N(soort,ev,basis,zijd,stan)	14	642759	88.7941
desnoods BW()	14	642773	88.796
der SPEC(deeleigen)	14	642787	88.7979
data N(soort,mv,basis)	14	642801	88.7999
daarvan BW()	14	642815	88.8018
cd N(soort,ev,basis,zijd,stan)	14	642829	88.8037
buur N(soort,ev,basis,zijd,stan)	14	642843	88.8057
btw. SPEC(afk)	14	642857	88.8076
boeken WW(inf,vrij,zonder)	14	642871	88.8095
boek N(soort,ev,dim,onz,stan)	14	642885	88.8115
bezorgd ADJ(vrij,basis,zonder)	14	642899	88.8134
bestaan WW(pv,tgw,met-t)	14	642913	88.8153
begrijpen WW(vd,vrij,zonder)	14	642927	88.8173
bal N(soort,mv,basis)	14	642941	88.8192
bagage N(soort,ev,basis,zijd,stan)	14	642955	88.8212
badkamer N(soort,ev,basis,zijd,stan)	14	642969	88.8231
aug N(soort,ev,basis,zijd,stan)	14	642983	88.825
arm N(soort,mv,basis)	14	642997	88.827
antwerpen SPEC(deeleigen)	14	643011	88.8289
an SPEC(vreemd)	14	643025	88.8308
amsterdam N(soort,ev,basis,onz,stan)	14	643039	88.8328
amper BW()	14	643053	88.8347
alst VG(onder)	14	643067	88.8366
afstuderen WW(vd,vrij,zonder)	14	643081	88.8386
afscheid N(soort,ev,basis,onz,stan)	14	643095	88.8405
aanwezig ADJ(vrij,basis,zonder)	14	643109	88.8424
aant N(soort,ev,basis,onz,stan)	14	643123	88.8444
aant ADJ(prenom,basis,zonder)	14	643137	88.8463
aannemen WW(vd,vrij,zonder)	14	643151	88.8482
_ LET()	14	643165	88.8502
Xxxxx SPEC(deeleigen)	14	643179	88.8521
X SPEC(deeleigen)	14	643193	88.854
U SPEC(vreemd)	14	643207	88.856
True SPEC(vreemd)	14	643221	88.8579
Tijl SPEC(deeleigen)	14	643235	88.8598
Rotterdam SPEC(deeleigen)	14	643249	88.8618
Robin SPEC(deeleigen)	14	643263	88.8637
Mika SPEC(deeleigen)	14	643277	88.8656
Menno SPEC(deeleigen)	14	643291	88.8676
Marianne SPEC(deeleigen)	14	643305	88.8695
Maastricht SPEC(deeleigen)	14	643319	88.8714
Louis SPEC(deeleigen)	14	643333	88.8734
Londen SPEC(deeleigen)	14	643347	88.8753
Liset SPEC(deeleigen)	14	643361	88.8772
Lieveke SPEC(deeleigen)	14	643375	88.8792
K SPEC(symb)	14	643389	88.8811
Jah SPEC(deeleigen)	14	643403	88.883
Duitsland SPEC(deeleigen)	14	643417	88.885
Could SPEC(vreemd)	14	643431	88.8869
Chill SPEC(vreemd)	14	643445	88.8888
Budapest SPEC(deeleigen)	14	643459	88.8908
Bon SPEC(vreemd)	14	643473	88.8927
Allez SPEC(vreemd)	14	643487	88.8946
A SPEC(deeleigen)	14	643501	88.8966
:-S SPEC(symb)	14	643515	88.8985
14 TW(hoofd,prenom,stan)	14	643529	88.9004
Ã¨n VG(neven)	13	643542	88.9022
zwolle N(soort,ev,basis,zijd,stan)	13	643555	88.904
zwembad N(soort,ev,basis,onz,stan)	13	643568	88.9058
zwanger ADJ(vrij,basis,zonder)	13	643581	88.9076
zooo N(soort,ev,basis,zijd,stan)	13	643594	88.9094
zoeken WW(vd,vrij,zonder)	13	643607	88.9112
zalm N(soort,ev,basis,zijd,stan)	13	643620	88.913
yow N(soort,ev,basis,zijd,stan)	13	643633	88.9148
wr N(soort,mv,basis)	13	643646	88.9166
worry SPEC(vreemd)	13	643659	88.9184
woord N(soort,ev,basis,onz,stan)	13	643672	88.9202
wijs ADJ(vrij,basis,zonder)	13	643685	88.922
whoehoe N(soort,ev,basis,zijd,stan)	13	643698	88.9238
weltrusten N(soort,mv,basis)	13	643711	88.9256
warm ADJ(prenom,basis,zonder)	13	643724	88.9274
vuurwerk N(soort,ev,basis,onz,stan)	13	643737	88.9292
vriend N(soort,mv,dim)	13	643750	88.931
vreselijk ADJ(vrij,basis,zonder)	13	643763	88.9328
voorbereiding N(soort,ev,basis,zijd,stan)	13	643776	88.9346
voorbereiden WW(vd,vrij,zonder)	13	643789	88.9364
volop BW()	13	643802	88.9382
voelen WW(pv,verl,ev)	13	643815	88.94
vliegveld N(soort,ev,basis,onz,stan)	13	643828	88.9418
vieren WW(pv,tgw,met-t)	13	643841	88.9435
vier TW(hoofd,nom,mv-n,basis)	13	643854	88.9453
vervoer N(soort,ev,basis,onz,stan)	13	643867	88.9471
verdienen WW(inf,vrij,zonder)	13	643880	88.9489
uitleggen WW(inf,vrij,zonder)	13	643893	88.9507
ub N(soort,ev,basis,zijd,stan)	13	643906	88.9525
tzal N(soort,ev,basis,onz,stan)	13	643919	88.9543
trip SPEC(vreemd)	13	643932	88.9561
trip N(soort,ev,basis,zijd,stan)	13	643945	88.9579
traag ADJ(vrij,basis,zonder)	13	643958	88.9597
tje N(soort,ev,dim,onz,stan)	13	643971	88.9615
times SPEC(vreemd)	13	643984	88.9633
studeren WW(vd,vrij,zonder)	13	643997	88.9651
skattie N(soort,ev,basis,zijd,stan)	13	644010	88.9669
server N(soort,ev,basis,zijd,stan)	13	644023	88.9687
schema N(soort,ev,basis,onz,stan)	13	644036	88.9705
schade N(soort,ev,basis,zijd,stan)	13	644049	88.9723
roken WW(inf,vrij,zonder)	13	644062	88.9741
robberen WW(pv,tgw,met-t)	13	644075	88.9759
refter N(soort,ev,basis,zijd,stan)	13	644088	88.9777
prachtig ADJ(prenom,basis,zonder)	13	644101	88.9795
pikken WW(pv,tgw,ev)	13	644114	88.9813
opruimen WW(vd,vrij,zonder)	13	644127	88.9831
onweer N(soort,ev,basis,onz,stan)	13	644140	88.9849
onverwacht ADJ(vrij,basis,zonder)	13	644153	88.9866
nieuwsgierig ADJ(vrij,basis,zonder)	13	644166	88.9884
neen N(soort,ev,basis,onz,stan)	13	644179	88.9902
nakijken WW(vd,vrij,zonder)	13	644192	88.992
nadenken WW(vd,vrij,zonder)	13	644205	88.9938
movie SPEC(vreemd)	13	644218	88.9956
mooi ADJ(vrij,comp,zonder)	13	644231	88.9974
mmm BW()	13	644244	88.9992
missen WW(vd,prenom,met-e)	13	644257	89.001
michiel N(soort,ev,basis,zijd,stan)	13	644270	89.0028
metro N(soort,ev,basis,zijd,stan)	13	644283	89.0046
menno N(soort,ev,basis,zijd,stan)	13	644296	89.0064
meenemen WW(pv,tgw,mv)	13	644309	89.0082
life SPEC(vreemd)	13	644322	89.01
letten WW(inf,vrij,zonder)	13	644335	89.0118
leeg ADJ(prenom,basis,met-e,stan)	13	644348	89.0136
leaving SPEC(vreemd)	13	644361	89.0154
laten WW(vd,vrij,zonder)	13	644374	89.0172
langskomen WW(pv,tgw,met-t)	13	644387	89.019
kwestie N(soort,ev,basis,zijd,stan)	13	644400	89.0208
kloot N(soort,mv,basis)	13	644413	89.0226
klok N(soort,ev,basis,zijd,stan)	13	644426	89.0244
kilo N(soort,ev,basis,zijd,stan)	13	644439	89.0262
kijken WW(pv,verl,ev)	13	644452	89.028
keurig ADJ(vrij,basis,zonder)	13	644465	89.0298
kennen WW(pv,verl,ev)	13	644478	89.0315
keihard ADJ(vrij,basis,zonder)	13	644491	89.0333
jeroen N(soort,mv,basis)	13	644504	89.0351
jelmer N(soort,ev,basis,zijd,stan)	13	644517	89.0369
hoezo TSW()	13	644530	89.0387
hoelaat N(soort,ev,basis,zijd,stan)	13	644543	89.0405
hoeist N(soort,ev,basis,zijd,stan)	13	644556	89.0423
heftig ADJ(vrij,basis,zonder)	13	644569	89.0441
hebben WW(pv,conj,ev)	13	644582	89.0459
gwn N(soort,mv,basis)	13	644595	89.0477
guus N(soort,ev,dim,onz,stan)	13	644608	89.0495
gewoon ADJ(prenom,basis,met-e,stan)	13	644621	89.0513
gerief N(soort,ev,basis,onz,stan)	13	644634	89.0531
geloven WW(inf,vrij,zonder)	13	644647	89.0549
gast N(soort,mv,basis)	13	644660	89.0567
frank N(soort,ev,basis,zijd,stan)	13	644673	89.0585
fout N(soort,ev,basis,zijd,stan)	13	644686	89.0603
forum N(soort,ev,basis,onz,stan)	13	644699	89.0621
food SPEC(vreemd)	13	644712	89.0639
exact ADJ(vrij,basis,zonder)	13	644725	89.0657
euh N(soort,ev,basis,onz,stan)	13	644738	89.0675
enthousiast ADJ(vrij,basis,zonder)	13	644751	89.0693
e-mail N(soort,ev,basis,zijd,stan)	13	644764	89.0711
dut N(soort,ev,dim,onz,stan)	13	644777	89.0729
dom ADJ(prenom,basis,met-e,stan)	13	644790	89.0746
discussie N(soort,ev,basis,zijd,stan)	13	644803	89.0764
dichtbij ADJ(vrij,basis,zonder)	13	644816	89.0782
david N(soort,ev,basis,zijd,stan)	13	644829	89.08
daje N(soort,ev,dim,onz,stan)	13	644842	89.0818
daardoor BW()	13	644855	89.0836
contact N(soort,mv,basis)	13	644868	89.0854
city SPEC(vreemd)	13	644881	89.0872
cijfer N(soort,mv,basis)	13	644894	89.089
bril N(soort,ev,basis,zijd,stan)	13	644907	89.0908
breda N(soort,ev,basis,zijd,stan)	13	644920	89.0926
boeken WW(vd,vrij,zonder)	13	644933	89.0944
blijken WW(pv,verl,ev)	13	644946	89.0962
bijzonder ADJ(postnom,basis,met-s)	13	644959	89.098
better SPEC(vreemd)	13	644972	89.0998
bericht N(soort,mv,dim)	13	644985	89.1016
bel N(soort,ev,basis,zijd,stan)	13	644998	89.1034
ander ADJ(nom,basis,met-e,zonder-n,stan)	13	645011	89.1052
alleszins BW()	13	645024	89.107
afzeggen WW(vd,vrij,zonder)	13	645037	89.1088
aflevering N(soort,ev,basis,zijd,stan)	13	645050	89.1106
activiteit N(soort,ev,basis,zijd,stan)	13	645063	89.1124
actie N(soort,ev,basis,zijd,stan)	13	645076	89.1142
aanzetten WW(inf,vrij,zonder)	13	645089	89.116
Xoxo SPEC(deeleigen)	13	645102	89.1177
XXXXXXXXXXXXXXXXXXXXXXXX SPEC(deeleigen)	13	645115	89.1195
XX SPEC(symb)	13	645128	89.1213
Will SPEC(deeleigen)	13	645141	89.1231
Why SPEC(vreemd)	13	645154	89.1249
Was SPEC(vreemd)	13	645167	89.1267
Walter SPEC(deeleigen)	13	645180	89.1285
Thanx SPEC(deeleigen)	13	645193	89.1303
Stefan SPEC(deeleigen)	13	645206	89.1321
Patrick SPEC(deeleigen)	13	645219	89.1339
OrphÃ©e SPEC(deeleigen)	13	645232	89.1357
NYC SPEC(deeleigen)	13	645245	89.1375
NL SPEC(deeleigen)	13	645258	89.1393
Michiel SPEC(deeleigen)	13	645271	89.1411
Mar SPEC(deeleigen)	13	645284	89.1429
Lien SPEC(deeleigen)	13	645297	89.1447
Kzou SPEC(deeleigen)	13	645310	89.1465
Joe SPEC(deeleigen)	13	645323	89.1483
Janneke SPEC(deeleigen)	13	645336	89.1501
Ikea SPEC(deeleigen)	13	645349	89.1519
Hoop SPEC(deeleigen)	13	645362	89.1537
Hilde SPEC(deeleigen)	13	645375	89.1555
Harm SPEC(deeleigen)	13	645388	89.1573
Gizmo SPEC(deeleigen)	13	645401	89.1591
Frans SPEC(deeleigen)	13	645414	89.1609
Eva SPEC(deeleigen)	13	645427	89.1626
Dries SPEC(deeleigen)	13	645440	89.1644
Der SPEC(deeleigen)	13	645453	89.1662
At SPEC(vreemd)	13	645466	89.168
Albert SPEC(deeleigen)	13	645479	89.1698
Afh SPEC(deeleigen)	13	645492	89.1716
;)) SPEC(symb)	13	645505	89.1734
:| SPEC(symb)	13	645518	89.1752
:-s SPEC(symb)	13	645531	89.177
1230 TW(hoofd,vrij)	13	645544	89.1788
-0 SPEC(symb)	13	645557	89.1806
& LET()	13	645570	89.1824
Ã  VZ(init)	12	645582	89.1841
zu SPEC(vreemd)	12	645594	89.1857
zondagmiddag N(soort,ev,basis,zijd,stan)	12	645606	89.1874
ziek ADJ(vrij,dim,zonder)	12	645618	89.189
zes TW(hoofd,prenom,stan)	12	645630	89.1907
zenuwachtig ADJ(vrij,basis,zonder)	12	645642	89.1923
zacht ADJ(prenom,basis,zonder)	12	645654	89.194
zaak N(soort,ev,basis,zijd,stan)	12	645666	89.1957
yup N(soort,ev,basis,zijd,stan)	12	645678	89.1973
yesterday SPEC(vreemd)	12	645690	89.199
wind N(soort,ev,basis,zijd,stan)	12	645702	89.2006
whatsapp WW(pv,tgw,met-t)	12	645714	89.2023
were SPEC(vreemd)	12	645726	89.204
wegbrengen WW(inf,vrij,zonder)	12	645738	89.2056
waarop BW()	12	645750	89.2073
waardoor BW()	12	645762	89.2089
vr WW(pv,tgw,ev)	12	645774	89.2106
vr VZ(init)	12	645786	89.2122
voort BW()	12	645798	89.2139
voordeur N(soort,ev,basis,zijd,stan)	12	645810	89.2156
vnvnd ADJ(vrij,basis,zonder)	12	645822	89.2172
vn VZ(init)	12	645834	89.2189
villa N(soort,ev,basis,zijd,stan)	12	645846	89.2205
vermoeden WW(pv,tgw,ev)	12	645858	89.2222
vergaderen WW(inf,vrij,zonder)	12	645870	89.2238
verder BW()	12	645882	89.2255
veilig ADJ(prenom,basis,zonder)	12	645894	89.2272
veg N(soort,ev,basis,zijd,stan)	12	645906	89.2288
vallen WW(pv,tgw,ev)	12	645918	89.2305
val N(soort,ev,basis,zijd,stan)	12	645930	89.2321
vaag ADJ(vrij,basis,zonder)	12	645942	89.2338
twijfelen WW(inf,vrij,zonder)	12	645954	89.2354
trainen WW(vd,vrij,zonder)	12	645966	89.2371
tonen WW(inf,vrij,zonder)	12	645978	89.2388
tobeke N(soort,ev,dim,onz,stan)	12	645990	89.2404
terrein N(soort,ev,basis,onz,stan)	12	646002	89.2421
tegenaan BW()	12	646014	89.2437
tegelijk BW()	12	646026	89.2454
stoel N(soort,mv,basis)	12	646038	89.2471
sterk ADJ(vrij,comp,zonder)	12	646050	89.2487
stam N(soort,ev,basis,zijd,stan)	12	646062	89.2504
springen WW(inf,vrij,zonder)	12	646074	89.252
spreken WW(pv,tgw,met-t)	12	646086	89.2537
sport N(soort,ev,basis,zijd,stan)	12	646098	89.2553
spel WW(pv,tgw,mv)	12	646110	89.257
spel N(soort,ev,dim,onz,stan)	12	646122	89.2587
speciaal ADJ(prenom,basis,met-e,stan)	12	646134	89.2603
sms WW(pv,tgw,ev)	12	646146	89.262
slim ADJ(vrij,basis,zonder)	12	646158	89.2636
slapen WW(inf,nom,zonder,zonder-n)	12	646170	89.2653
sgoed N(soort,ev,basis,onz,stan)	12	646182	89.2669
sept WW(vd,vrij,zonder)	12	646194	89.2686
schijf N(soort,ev,basis,zijd,stan)	12	646206	89.2703
schattie N(soort,ev,basis,zijd,stan)	12	646218	89.2719
ruud N(soort,ev,basis,zijd,stan)	12	646230	89.2736
rustig ADJ(prenom,basis,zonder)	12	646242	89.2752
rond N(soort,ev,dim,onz,stan)	12	646254	89.2769
roeselare SPEC(vreemd)	12	646266	89.2786
relatie N(soort,ev,basis,zijd,stan)	12	646278	89.2802
rekenen WW(pv,tgw,ev)	12	646290	89.2819
reageren WW(pv,verl,ev)	12	646302	89.2835
reactie N(soort,mv,basis)	12	646314	89.2852
raar ADJ(prenom,basis,zonder)	12	646326	89.2868
pukkelpop N(soort,ev,basis,zijd,stan)	12	646338	89.2885
proper ADJ(vrij,basis,zonder)	12	646350	89.2902
prettig ADJ(vrij,basis,zonder)	12	646362	89.2918
present ADJ(vrij,basis,zonder)	12	646374	89.2935
poster N(soort,ev,basis,zijd,stan)	12	646386	89.2951
plakken WW(inf,vrij,zonder)	12	646398	89.2968
piefje N(soort,ev,dim,onz,stan)	12	646410	89.2984
photo N(soort,ev,basis,zijd,stan)	12	646422	89.3001
pad N(soort,ev,basis,onz,stan)	12	646434	89.3018
own SPEC(vreemd)	12	646446	89.3034
overlijden WW(vd,vrij,zonder)	12	646458	89.3051
opweg BW()	12	646470	89.3067
opleiding N(soort,ev,basis,zijd,stan)	12	646482	89.3084
oor N(soort,ev,basis,onz,stan)	12	646494	89.31
onhandig ADJ(vrij,basis,zonder)	12	646506	89.3117
okee N(soort,ev,basis,onz,stan)	12	646518	89.3134
nuchter ADJ(vrij,basis,zonder)	12	646530	89.315
nacht N(soort,mv,basis)	12	646542	89.3167
mooi ADJ(prenom,sup,met-e,stan)	12	646554	89.3183
monifa SPEC(vreemd)	12	646566	89.32
moe N(soort,mv,dim)	12	646578	89.3217
mmm N(soort,ev,basis,onz,stan)	12	646590	89.3233
melden WW(inf,vrij,zonder)	12	646602	89.325
meisje N(soort,mv,dim)	12	646614	89.3266
meid N(soort,mv,basis)	12	646626	89.3283
meevallen WW(pv,tgw,met-t)	12	646638	89.3299
mat N(soort,ev,dim,onz,stan)	12	646650	89.3316
ma N(soort,ev,dim,onz,stan)	12	646662	89.3333
lichaam N(soort,ev,basis,onz,stan)	12	646674	89.3349
leven WW(pv,conj,ev)	12	646686	89.3366
leven WW(inf,vrij,zonder)	12	646698	89.3382
let SPEC(vreemd)	12	646710	89.3399
lap N(soort,ev,basis,zijd,stan)	12	646722	89.3415
kyken WW(inf,vrij,zonder)	12	646734	89.3432
kwas N(soort,ev,basis,onz,stan)	12	646746	89.3449
kwaliteit N(soort,ev,basis,zijd,stan)	12	646758	89.3465
kuisen WW(inf,vrij,zonder)	12	646770	89.3482
kortom BW()	12	646782	89.3498
kopen WW(pv,tgw,mv)	12	646794	89.3515
kopen WW(pv,tgw,met-t)	12	646806	89.3531
koers N(soort,ev,basis,zijd,stan)	12	646818	89.3548
knie N(soort,ev,basis,zijd,stan)	12	646830	89.3565
kging N(soort,ev,basis,zijd,stan)	12	646842	89.3581
kei N(soort,ev,basis,zijd,stan)	12	646854	89.3598
karliensong N(soort,ev,basis,zijd,stan)	12	646866	89.3614
kantine N(soort,ev,basis,zijd,stan)	12	646878	89.3631
juist ADJ(prenom,basis,met-e,stan)	12	646890	89.3648
joow N(soort,ev,basis,zijd,stan)	12	646902	89.3664
ja VG(neven)	12	646914	89.3681
interview N(soort,ev,basis,onz,stan)	12	646926	89.3697
inschrijven WW(inf,vrij,zonder)	12	646938	89.3714
his SPEC(vreemd)	12	646950	89.373
hiep TSW()	12	646962	89.3747
herhaling N(soort,ev,basis,zijd,stan)	12	646974	89.3764
held N(soort,ev,basis,zijd,stan)	12	646986	89.378
heeeel ADJ(vrij,basis,zonder)	12	646998	89.3797
heee N(soort,ev,basis,zijd,stan)	12	647010	89.3813
having SPEC(vreemd)	12	647022	89.383
hartendief N(soort,ev,dim,onz,stan)	12	647034	89.3846
gooien WW(pv,tgw,ev)	12	647046	89.3863
gn VZ(init)	12	647058	89.388
gezien VZ(init)	12	647070	89.3896
gezelschap N(soort,ev,basis,onz,stan)	12	647082	89.3913
geweldig ADJ(prenom,basis,met-e,stan)	12	647094	89.3929
geraken WW(pv,tgw,ev)	12	647106	89.3946
gemakkelijk ADJ(vrij,basis,zonder)	12	647118	89.3963
gelijk VG(onder)	12	647130	89.3979
gans ADJ(vrij,basis,zonder)	12	647142	89.3996
gade N(soort,ev,basis,zijd,stan)	12	647154	89.4012
friet N(soort,ev,basis,zijd,stan)	12	647166	89.4029
frankrijk ADJ(vrij,basis,zonder)	12	647178	89.4045
formulier N(soort,ev,basis,onz,stan)	12	647190	89.4062
evy N(soort,ev,basis,zijd,stan)	12	647202	89.4079
ellende N(soort,ev,basis,zijd,stan)	12	647214	89.4095
doorwerken WW(inf,vrij,zonder)	12	647226	89.4112
doorheen VZ(fin)	12	647238	89.4128
doorgaan WW(pv,tgw,met-t)	12	647250	89.4145
doodop ADJ(vrij,basis,zonder)	12	647262	89.4161
doodmoe ADJ(vrij,basis,zonder)	12	647274	89.4178
donker ADJ(vrij,basis,zonder)	12	647286	89.4195
diner N(soort,ev,basis,onz,stan)	12	647298	89.4211
die VNW(aanw,pron,dial)	12	647310	89.4228
delven WW(pv,tgw,met-t)	12	647322	89.4244
de VNW(pers,pron,dial)	12	647334	89.4261
das SPEC(vreemd)	12	647346	89.4277
damn SPEC(vreemd)	12	647358	89.4294
daarheen BW()	12	647370	89.4311
burgerwolf N(soort,ev,basis,zijd,stan)	12	647382	89.4327
brussel N(soort,ev,basis,zijd,stan)	12	647394	89.4344
brugge BW()	12	647406	89.436
brengen WW(vd,vrij,zonder)	12	647418	89.4377
bowling N(soort,ev,basis,zijd,stan)	12	647430	89.4394
bos N(soort,ev,basis,onz,stan)	12	647442	89.441
beurt N(soort,ev,basis,zijd,stan)	12	647454	89.4427
bespreken WW(inf,vrij,zonder)	12	647466	89.4443
behoefte N(soort,ev,basis,zijd,stan)	12	647478	89.446
begrijpelijk ADJ(vrij,basis,zonder)	12	647490	89.4476
beginnen WW(pv,verl,ev)	12	647502	89.4493
bakker N(soort,ev,basis,zijd,stan)	12	647514	89.451
afdrukken WW(inf,vrij,zonder)	12	647526	89.4526
aant WW(pv,tgw,ev)	12	647538	89.4543
Xje SPEC(deeleigen)	12	647550	89.4559
Wilke SPEC(deeleigen)	12	647562	89.4576
Then SPEC(vreemd)	12	647574	89.4592
That's SPEC(vreemd)	12	647586	89.4609
Sjors SPEC(deeleigen)	12	647598	89.4626
RenÃ© SPEC(deeleigen)	12	647610	89.4642
Pango SPEC(deeleigen)	12	647622	89.4659
PS SPEC(deeleigen)	12	647634	89.4675
Ni SPEC(deeleigen)	12	647646	89.4692
Marcella SPEC(deeleigen)	12	647658	89.4708
Mandy SPEC(deeleigen)	12	647670	89.4725
Mail SPEC(deeleigen)	12	647682	89.4742
Lynn SPEC(deeleigen)	12	647694	89.4758
Knuf SPEC(deeleigen)	12	647706	89.4775
Khad SPEC(deeleigen)	12	647718	89.4791
Karlien SPEC(deeleigen)	12	647730	89.4808
Karel SPEC(deeleigen)	12	647742	89.4825
Iris SPEC(deeleigen)	12	647754	89.4841
Ill SPEC(vreemd)	12	647766	89.4858
Hanne SPEC(deeleigen)	12	647778	89.4874
Haha SPEC(vreemd)	12	647790	89.4891
Going SPEC(vreemd)	12	647802	89.4907
Done SPEC(vreemd)	12	647814	89.4924
Daan SPEC(deeleigen)	12	647826	89.4941
Can SPEC(vreemd)	12	647838	89.4957
Call SPEC(vreemd)	12	647850	89.4974
CS SPEC(deeleigen)	12	647862	89.499
Breau SPEC(deeleigen)	12	647874	89.5007
BBQ SPEC(deeleigen)	12	647886	89.5023
Ahh SPEC(deeleigen)	12	647898	89.504
54 TW(hoofd,vrij)	12	647910	89.5057
22 TW(hoofd,prenom,stan)	12	647922	89.5073
2,5 TW(hoofd,prenom,stan)	12	647934	89.509
13 TW(hoofd,prenom,stan)	12	647946	89.5106
1000 TW(hoofd,prenom,stan)	12	647958	89.5123
05 SPEC(symb)	12	647970	89.5139
...! SPEC(symb)	12	647982	89.5156
zwart ADJ(vrij,basis,zonder)	11	647993	89.5171
zottegem N(soort,ev,basis,zijd,stan)	11	648004	89.5186
zicht N(soort,ev,basis,onz,stan)	11	648015	89.5202
wss N(soort,ev,basis,zijd,stan)	11	648026	89.5217
wrschlk N(soort,ev,basis,zijd,stan)	11	648037	89.5232
woensdagavond N(soort,ev,basis,zijd,stan)	11	648048	89.5247
winst N(soort,ev,basis,zijd,stan)	11	648059	89.5262
why SPEC(vreemd)	11	648070	89.5278
what's SPEC(vreemd)	11	648081	89.5293
werkze N(soort,ev,basis,zijd,stan)	11	648092	89.5308
wauw N(soort,ev,basis,zijd,stan)	11	648103	89.5323
ward N(soort,ev,basis,zijd,stan)	11	648114	89.5338
waarover BW()	11	648125	89.5354
waarmee BW()	11	648136	89.5369
vrydag N(soort,ev,basis,zijd,stan)	11	648147	89.5384
vrijdagmiddag N(soort,ev,basis,zijd,stan)	11	648158	89.5399
voorzien WW(vd,vrij,zonder)	11	648169	89.5414
volhouden WW(inf,vrij,zonder)	11	648180	89.543
volgen WW(pv,tgw,met-t)	11	648191	89.5445
vnvnd WW(vd,vrij,zonder)	11	648202	89.546
vlug ADJ(vrij,basis,zonder)	11	648213	89.5475
verzorgen WW(pv,tgw,ev)	11	648224	89.549
verschrikkelijk ADJ(vrij,basis,zonder)	11	648235	89.5506
verschillend ADJ(prenom,basis,met-e,stan)	11	648246	89.5521
vers ADJ(prenom,basis,met-e,stan)	11	648257	89.5536
verkoudheid N(soort,ev,basis,zijd,stan)	11	648268	89.5551
veld N(soort,ev,basis,onz,stan)	11	648279	89.5566
ur N(soort,ev,basis,zijd,stan)	11	648290	89.5582
uitnodigen WW(inf,vrij,zonder)	11	648301	89.5597
tzal WW(pv,tgw,ev)	11	648312	89.5612
twitter N(soort,ev,basis,zijd,stan)	11	648323	89.5627
twaalf TW(hoofd,vrij)	11	648334	89.5642
tussendoor BW()	11	648345	89.5658
tralala N(soort,ev,basis,zijd,stan)	11	648356	89.5673
toets N(soort,ev,basis,zijd,stan)	11	648367	89.5688
toernooi N(soort,ev,basis,onz,stan)	11	648378	89.5703
tja TSW()	11	648389	89.5718
them SPEC(vreemd)	11	648400	89.5734
thanks SPEC(vreemd)	11	648411	89.5749
telefoon N(soort,ev,dim,onz,stan)	11	648422	89.5764
tel N(soort,ev,basis,zijd,stan)	11	648433	89.5779
tekenen WW(inf,vrij,zonder)	11	648444	89.5794
tamusement N(soort,ev,basis,zijd,stan)	11	648455	89.581
systeem N(soort,ev,basis,onz,stan)	11	648466	89.5825
supermarkt N(soort,ev,basis,zijd,stan)	11	648477	89.584
sunday SPEC(vreemd)	11	648488	89.5855
suf ADJ(vrij,basis,zonder)	11	648499	89.587
subiet ADJ(vrij,basis,zonder)	11	648510	89.5885
storing N(soort,ev,basis,zijd,stan)	11	648521	89.5901
stel N(soort,ev,dim,onz,stan)	11	648532	89.5916
sporten WW(vd,vrij,zonder)	11	648543	89.5931
spel N(soort,mv,dim)	11	648554	89.5946
sparen WW(inf,vrij,zonder)	11	648565	89.5961
spanje N(soort,ev,dim,onz,stan)	11	648576	89.5977
smaak N(soort,ev,basis,zijd,stan)	11	648587	89.5992
sluiten WW(pv,tgw,ev)	11	648598	89.6007
skat N(soort,ev,basis,zijd,stan)	11	648609	89.6022
sjiek ADJ(vrij,basis,zonder)	11	648620	89.6037
situatie N(soort,ev,basis,zijd,stan)	11	648631	89.6053
show N(soort,ev,basis,zijd,stan)	11	648642	89.6068
schrikken WW(inf,vrij,zonder)	11	648653	89.6083
schoonouder N(soort,mv,basis)	11	648664	89.6098
schoonmaken WW(inf,vrij,zonder)	11	648675	89.6113
schilderen WW(inf,vrij,zonder)	11	648686	89.6129
schieten WW(inf,vrij,zonder)	11	648697	89.6144
ruzie N(soort,ev,basis,zijd,stan)	11	648708	89.6159
rustig ADJ(prenom,basis,met-e,stan)	11	648719	89.6174
rooster N(soort,ev,basis,onz,stan)	11	648730	89.6189
rock SPEC(vreemd)	11	648741	89.6205
rit N(soort,ev,basis,zijd,stan)	11	648752	89.622
rijden WW(pv,verl,ev)	11	648763	89.6235
resultaat N(soort,ev,basis,onz,stan)	11	648774	89.625
praten WW(vd,vrij,zonder)	11	648785	89.6265
practicum N(soort,ev,basis,onz,stan)	11	648796	89.6281
poes N(soort,ev,basis,zijd,stan)	11	648807	89.6296
plezant ADJ(vrij,basis,zonder)	11	648818	89.6311
plein N(soort,ev,basis,onz,stan)	11	648829	89.6326
plans SPEC(vreemd)	11	648840	89.6341
pittig ADJ(vrij,basis,zonder)	11	648851	89.6357
perron N(soort,ev,basis,onz,stan)	11	648862	89.6372
paraplu N(soort,ev,basis,zijd,stan)	11	648873	89.6387
pannenkoek N(soort,mv,basis)	11	648884	89.6402
pagina N(soort,ev,basis,zijd,stan)	11	648895	89.6417
overleven WW(pv,tgw,met-t)	11	648906	89.6433
opnemen WW(vd,vrij,zonder)	11	648917	89.6448
opening N(soort,ev,basis,zijd,stan)	11	648928	89.6463
ontvangen WW(inf,vrij,zonder)	11	648939	89.6478
only SPEC(vreemd)	11	648950	89.6493
oeh N(soort,ev,basis,zijd,stan)	11	648961	89.6509
nt WW(pv,tgw,met-t)	11	648972	89.6524
niels N(soort,mv,basis)	11	648983	89.6539
nemen WW(pv,verl,ev)	11	648994	89.6554
nek N(soort,ev,basis,zijd,stan)	11	649005	89.6569
nauwelijks BW()	11	649016	89.6584
mogen WW(pv,verl,mv)	11	649027	89.66
moed N(soort,ev,basis,zijd,stan)	11	649038	89.6615
midden BW()	11	649049	89.663
michel SPEC(vreemd)	11	649060	89.6645
mevrouw N(soort,ev,basis,zijd,stan)	11	649071	89.666
message SPEC(vreemd)	11	649082	89.6676
mephisto N(soort,ev,basis,zijd,stan)	11	649093	89.6691
matig ADJ(vrij,basis,zonder)	11	649104	89.6706
maarja N(soort,ev,basis,zijd,stan)	11	649115	89.6721
maai N(soort,ev,basis,zijd,stan)	11	649126	89.6736
lot N(soort,ev,basis,onz,stan)	11	649137	89.6752
living N(soort,ev,basis,zijd,stan)	11	649148	89.6767
liter N(soort,ev,basis,zijd,stan)	11	649159	89.6782
link N(soort,ev,basis,zijd,stan)	11	649170	89.6797
lid N(soort,ev,basis,onz,stan)	11	649181	89.6812
leven WW(pv,tgw,met-t)	11	649192	89.6828
lang ADJ(prenom,basis,zonder)	11	649203	89.6843
kunde N(soort,ev,basis,zijd,stan)	11	649214	89.6858
kop N(soort,ev,dim,onz,stan)	11	649225	89.6873
koen WW(inf,vrij,zonder)	11	649236	89.6888
kmoet N(soort,ev,basis,onz,stan)	11	649247	89.6904
klus N(soort,ev,basis,zijd,stan)	11	649258	89.6919
kleed N(soort,ev,dim,onz,stan)	11	649269	89.6934
klaas N(soort,ev,basis,onz,stan)	11	649280	89.6949
khad N(soort,ev,basis,zijd,stan)	11	649291	89.6964
keer N(soort,mv,basis)	11	649302	89.698
keep SPEC(vreemd)	11	649313	89.6995
keel N(soort,ev,basis,zijd,stan)	11	649324	89.701
kdacht N(soort,ev,basis,zijd,stan)	11	649335	89.7025
kbc N(soort,ev,basis,zijd,stan)	11	649346	89.704
karlien WW(inf,vrij,zonder)	11	649357	89.7056
kampioen N(soort,ev,basis,zijd,stan)	11	649368	89.7071
kado N(soort,mv,dim)	11	649379	89.7086
jurk N(soort,ev,basis,zijd,stan)	11	649390	89.7101
joyce N(soort,ev,basis,zijd,stan)	11	649401	89.7116
joh. SPEC(afk)	11	649412	89.7132
joe N(soort,ev,basis,zijd,stan)	11	649423	89.7147
ipad N(soort,ev,basis,onz,stan)	11	649434	89.7162
invullen WW(inf,vrij,zonder)	11	649445	89.7177
interessant ADJ(prenom,basis,met-e,stan)	11	649456	89.7192
inleveren WW(inf,vrij,zonder)	11	649467	89.7208
ill SPEC(vreemd)	11	649478	89.7223
ier N(soort,ev,basis,zijd,stan)	11	649489	89.7238
idd ADJ(vrij,basis,zonder)	11	649500	89.7253
huur N(soort,ev,basis,zijd,stan)	11	649511	89.7268
huh SPEC(vreemd)	11	649522	89.7284
house SPEC(vreemd)	11	649533	89.7299
hoelang BW()	11	649544	89.7314
hiep N(soort,ev,basis,zijd,stan)	11	649555	89.7329
hetzelfde ADJ(nom,basis,zonder,zonder-n)	11	649566	89.7344
hand N(soort,mv,basis)	11	649577	89.7359
gr. SPEC(afk)	11	649588	89.7375
goedkoop ADJ(vrij,comp,zonder)	11	649599	89.739
goedkoop ADJ(vrij,basis,zonder)	11	649610	89.7405
goedkeuren WW(vd,vrij,zonder)	11	649621	89.742
gezicht N(soort,ev,basis,onz,stan)	11	649632	89.7435
gevoelen WW(vd,vrij,zonder)	11	649643	89.7451
gelden WW(pv,tgw,met-t)	11	649654	89.7466
geheugen N(soort,ev,basis,onz,stan)	11	649665	89.7481
gaar ADJ(vrij,basis,zonder)	11	649676	89.7496
fuck SPEC(vreemd)	11	649687	89.7511
fout ADJ(prenom,basis,met-e,stan)	11	649698	89.7527
fluiten WW(inf,vrij,zonder)	11	649709	89.7542
fixen WW(inf,vrij,zonder)	11	649720	89.7557
fine SPEC(vreemd)	11	649731	89.7572
find SPEC(vreemd)	11	649742	89.7587
feliciteren WW(inf,vrij,zonder)	11	649753	89.7603
felicitatie N(soort,mv,basis)	11	649764	89.7618
feit N(soort,ev,basis,onz,stan)	11	649775	89.7633
feeling SPEC(vreemd)	11	649786	89.7648
februari SPEC(deeleigen)	11	649797	89.7663
erover BW()	11	649808	89.7679
enig ADJ(nom,basis,met-e,zonder-n,stan)	11	649819	89.7694
engel N(soort,mv,basis)	11	649830	89.7709
eergisteren BW()	11	649841	89.7724
een TW(hoofd,nom,zonder-n,basis)	11	649852	89.7739
eat SPEC(vreemd)	11	649863	89.7755
early SPEC(vreemd)	11	649874	89.777
drie N(soort,mv,basis)	11	649885	89.7785
douchen WW(vd,vrij,zonder)	11	649896	89.78
doos N(soort,ev,basis,zijd,stan)	11	649907	89.7815
denken WW(pv,verl,mv)	11	649918	89.7831
de SPEC(vreemd)	11	649929	89.7846
dankzij VZ(init)	11	649940	89.7861
d'n LID(bep,stan,rest)	11	649951	89.7876
chip N(soort,mv,basis)	11	649962	89.7891
chil N(soort,mv,basis)	11	649973	89.7907
called SPEC(vreemd)	11	649984	89.7922
buggenhout N(soort,ev,basis,onz,stan)	11	649995	89.7937
bovendien BW()	11	650006	89.7952
borrelen WW(inf,vrij,zonder)	11	650017	89.7967
blauw ADJ(vrij,basis,zonder)	11	650028	89.7983
bijkomen WW(inf,vrij,zonder)	11	650039	89.7998
big SPEC(vreemd)	11	650050	89.8013
bezorgen WW(inf,vrij,zonder)	11	650061	89.8028
belgie N(soort,ev,basis,zijd,stan)	11	650072	89.8043
belangrijk ADJ(vrij,comp,zonder)	11	650083	89.8059
belachelijk ADJ(vrij,basis,zonder)	11	650094	89.8074
bedoeld WW(vd,vrij,zonder)	11	650105	89.8089
bday N(soort,ev,basis,zijd,stan)	11	650116	89.8104
barbecue N(soort,ev,basis,zijd,stan)	11	650127	89.8119
bar SPEC(vreemd)	11	650138	89.8134
baby SPEC(vreemd)	11	650149	89.815
awesome SPEC(vreemd)	11	650160	89.8165
arrived SPEC(vreemd)	11	650171	89.818
arnhem N(soort,ev,basis,onz,stan)	11	650182	89.8195
anderhalf ADJ(prenom,basis,zonder)	11	650193	89.821
and SPEC(deeleigen)	11	650204	89.8226
alsjeblieft WW(pv,tgw,met-t)	11	650215	89.8241
allez SPEC(vreemd)	11	650226	89.8256
afzetten WW(inf,vrij,zonder)	11	650237	89.8271
afzeggen WW(inf,vrij,zonder)	11	650248	89.8286
absoluut ADJ(vrij,basis,zonder)	11	650259	89.8302
aankomen WW(inf,vrij,zonder)	11	650270	89.8317
aandoen WW(inf,vrij,zonder)	11	650281	89.8332
aandacht N(soort,ev,basis,zijd,stan)	11	650292	89.8347
York SPEC(deeleigen)	11	650303	89.8362
Wiebe SPEC(deeleigen)	11	650314	89.8378
Werkze SPEC(deeleigen)	11	650325	89.8393
Wendy SPEC(deeleigen)	11	650336	89.8408
Steve SPEC(deeleigen)	11	650347	89.8423
St SPEC(deeleigen)	11	650358	89.8438
Ruby SPEC(deeleigen)	11	650369	89.8454
Roen SPEC(deeleigen)	11	650380	89.8469
Roel SPEC(deeleigen)	11	650391	89.8484
Proficiat SPEC(deeleigen)	11	650402	89.8499
PREF SPEC(deeleigen)	11	650413	89.8514
Nele SPEC(deeleigen)	11	650424	89.853
Morrisons SPEC(deeleigen)	11	650435	89.8545
Meet SPEC(vreemd)	11	650446	89.856
Margreet SPEC(deeleigen)	11	650457	89.8575
Marcel SPEC(deeleigen)	11	650468	89.859
London SPEC(deeleigen)	11	650479	89.8606
Feel SPEC(vreemd)	11	650490	89.8621
FB SPEC(deeleigen)	11	650501	89.8636
Enjoy SPEC(deeleigen)	11	650512	89.8651
Bregje SPEC(deeleigen)	11	650523	89.8666
Bordeaux SPEC(deeleigen)	11	650534	89.8682
Berlijn SPEC(deeleigen)	11	650545	89.8697
Bas SPEC(deeleigen)	11	650556	89.8712
Awesome SPEC(vreemd)	11	650567	89.8727
Auke SPEC(deeleigen)	11	650578	89.8742
Any SPEC(vreemd)	11	650589	89.8758
AH SPEC(symb)	11	650600	89.8773
60 TW(hoofd,prenom,stan)	11	650611	89.8788
44 TW(hoofd,vrij)	11	650622	89.8803
4 SPEC(vreemd)	11	650633	89.8818
2de TW(rang,prenom,stan)	11	650644	89.8834
27 TW(hoofd,vrij)	11	650655	89.8849
-- LET()	11	650666	89.8864
!!!!! LET()	11	650677	89.8879
zweden N(soort,mv,basis)	10	650687	89.8893
zot ADJ(prenom,basis,met-e,stan)	10	650697	89.8907
zoo N(soort,ev,basis,zijd,stan)	10	650707	89.8921
zittn WW(pv,verl,mv)	10	650717	89.8934
zichzelf VNW(refl,pron,obl,nadr,3,getal)	10	650727	89.8948
yeah SPEC(vreemd)	10	650737	89.8962
xtase N(soort,ev,basis,zijd,stan)	10	650747	89.8976
wok N(soort,ev,basis,zijd,stan)	10	650757	89.899
woe N(soort,ev,basis,zijd,stan)	10	650767	89.9003
who SPEC(vreemd)	10	650777	89.9017
werken WW(pv,verl,ev)	10	650787	89.9031
wennen WW(pv,tgw,met-t)	10	650797	89.9045
wenen WW(inf,vrij,zonder)	10	650807	89.9059
weggaan WW(pv,tgw,met-t)	10	650817	89.9072
weggaan WW(inf,vrij,zonder)	10	650827	89.9086
weekend N(soort,mv,basis)	10	650837	89.91
wanna SPEC(vreemd)	10	650847	89.9114
waarsch ADJ(vrij,basis,zonder)	10	650857	89.9128
vuur N(soort,ev,basis,onz,stan)	10	650867	89.9142
vullen WW(inf,vrij,zonder)	10	650877	89.9155
vrolijk ADJ(vrij,basis,zonder)	10	650887	89.9169
voortaan BW()	10	650897	89.9183
voordeel N(soort,ev,basis,onz,stan)	10	650907	89.9197
vis N(soort,ev,basis,zijd,stan)	10	650917	89.9211
vieren WW(vd,vrij,zonder)	10	650927	89.9224
verzinnen WW(inf,vrij,zonder)	10	650937	89.9238
verzetten WW(inf,vrij,zonder)	10	650947	89.9252
verwachten WW(pv,tgw,mv)	10	650957	89.9266
verslapen WW(vd,vrij,zonder)	10	650967	89.928
verhuizen WW(inf,nom,zonder,zonder-n)	10	650977	89.9294
verdienen WW(pv,tgw,met-t)	10	650987	89.9307
vat N(soort,ev,basis,onz,stan)	10	650997	89.9321
vanzelf BW()	10	651007	89.9335
vanalles TW(hoofd,vrij)	10	651017	89.9349
valies N(soort,ev,basis,onz,stan)	10	651027	89.9363
universiteit N(soort,ev,basis,zijd,stan)	10	651037	89.9376
uitstellen WW(inf,vrij,zonder)	10	651047	89.939
typisch ADJ(vrij,basis,zonder)	10	651057	89.9404
twintig TW(hoofd,prenom,stan)	10	651067	89.9418
twijfelen WW(pv,tgw,ev)	10	651077	89.9432
twas BW()	10	651087	89.9445
tv. SPEC(afk)	10	651097	89.9459
trekken WW(vd,vrij,zonder)	10	651107	89.9473
toevoegen WW(inf,vrij,zonder)	10	651117	89.9487
toet N(soort,ev,dim,onz,stan)	10	651127	89.9501
tiramisu N(soort,ev,basis,zijd,stan)	10	651137	89.9515
tim N(soort,ev,basis,onz,stan)	10	651147	89.9528
thinking SPEC(vreemd)	10	651157	89.9542
thema N(soort,ev,basis,onz,stan)	10	651167	89.9556
th SPEC(deeleigen)	10	651177	89.957
tegenkomen WW(vd,vrij,zonder)	10	651187	89.9584
studeren WW(pv,tgw,ev)	10	651197	89.9597
strak ADJ(prenom,basis,zonder)	10	651207	89.9611
stoptrein N(soort,ev,basis,zijd,stan)	10	651217	89.9625
stoppen WW(pv,tgw,met-t)	10	651227	89.9639
sterk ADJ(prenom,basis,met-e,stan)	10	651237	89.9653
sten N(soort,mv,basis)	10	651247	89.9667
stellen WW(pv,verl,ev)	10	651257	89.968
starten WW(inf,vrij,zonder)	10	651267	89.9694
spijt N(soort,ev,basis,zijd,stan)	10	651277	89.9708
snoezepoes N(soort,ev,dim,onz,stan)	10	651287	89.9722
sluiten WW(inf,vrij,zonder)	10	651297	89.9736
slopen WW(vd,vrij,zonder)	10	651307	89.9749
slaan WW(pv,tgw,ev)	10	651317	89.9763
simon N(soort,ev,basis,zijd,stan)	10	651327	89.9777
side SPEC(vreemd)	10	651337	89.9791
shinen WW(inf,vrij,zonder)	10	651347	89.9805
sfeer N(soort,ev,basis,zijd,stan)	10	651357	89.9818
send SPEC(vreemd)	10	651367	89.9832
scout N(soort,mv,basis)	10	651377	89.9846
schrik N(soort,ev,basis,zijd,stan)	10	651387	89.986
ruil N(soort,ev,basis,zijd,stan)	10	651397	89.9874
rot ADJ(vrij,basis,zonder)	10	651407	89.9888
rondleiding N(soort,ev,basis,zijd,stan)	10	651417	89.9901
road SPEC(vreemd)	10	651427	89.9915
ring N(soort,ev,basis,zijd,stan)	10	651437	89.9929
reis N(soort,mv,basis)	10	651447	89.9943
regelen WW(pv,tgw,ev)	10	651457	89.9957
reageren WW(pv,tgw,met-t)	10	651467	89.997
raken WW(inf,vrij,zonder)	10	651477	89.9984
puzzel N(soort,ev,basis,zijd,stan)	10	651487	89.9998
proberen WW(pv,verl,ev)	10	651497	90.0012
principe N(soort,ev,basis,onz,stan)	10	651507	90.0026
pretty SPEC(vreemd)	10	651517	90.004
pot N(soort,ev,basis,zijd,stan)	10	651527	90.0053
plant N(soort,mv,basis)	10	651537	90.0067
pint N(soort,ev,basis,zijd,stan)	10	651547	90.0081
pils N(soort,ev,basis,zijd,stan)	10	651557	90.0095
pikken WW(inf,vrij,zonder)	10	651567	90.0109
phone SPEC(vreemd)	10	651577	90.0122
pff TSW()	10	651587	90.0136
perhaps SPEC(vreemd)	10	651597	90.015
paspoort N(soort,ev,basis,onz,stan)	10	651607	90.0164
paracetamol N(soort,ev,basis,zijd,stan)	10	651617	90.0178
papier N(soort,mv,basis)	10	651627	90.0191
pak N(soort,ev,dim,onz,stan)	10	651637	90.0205
p. SPEC(afk)	10	651647	90.0219
oud ADJ(nom,basis,met-e,zonder-n,stan)	10	651657	90.0233
opstaan WW(vd,vrij,zonder)	10	651667	90.0247
opslaan WW(inf,vrij,zonder)	10	651677	90.0261
oproep(en) N(soort,mv,basis)	10	651687	90.0274
opletten WW(inf,vrij,zonder)	10	651697	90.0288
opeten WW(inf,vrij,zonder)	10	651707	90.0302
ontvangen WW(pv,tgw,ev)	10	651717	90.0316
ontmoeten WW(vd,vrij,zonder)	10	651727	90.033
onder VZ(fin)	10	651737	90.0343
omkleden WW(inf,vrij,zonder)	10	651747	90.0357
oeioei N(soort,ev,basis,zijd,stan)	10	651757	90.0371
ns N(soort,ev,basis,zijd,stan)	10	651767	90.0385
noteren WW(vd,vrij,zonder)	10	651777	90.0399
noor N(soort,ev,dim,onz,stan)	10	651787	90.0413
nood N(soort,ev,basis,zijd,stan)	10	651797	90.0426
noh BW()	10	651807	90.044
nochtans BW()	10	651817	90.0454
nieuw ADJ(postnom,basis,met-s)	10	651827	90.0468
nicht N(soort,ev,dim,onz,stan)	10	651837	90.0482
nest N(soort,ev,basis,onz,stan)	10	651847	90.0495
nederlands ADJ(prenom,basis,zonder)	10	651857	90.0509
near SPEC(vreemd)	10	651867	90.0523
mÃ³et WW(pv,tgw,ev)	10	651877	90.0537
mol N(soort,ev,basis,zijd,stan)	10	651887	90.0551
mms N(soort,mv,basis)	10	651897	90.0564
mja N(soort,ev,basis,onz,stan)	10	651907	90.0578
miss N(soort,ev,basis,zijd,stan)	10	651917	90.0592
minke SPEC(vreemd)	10	651927	90.0606
mensa N(soort,ev,basis,zijd,stan)	10	651937	90.062
meekomen WW(inf,vrij,zonder)	10	651947	90.0634
mazzel N(soort,ev,basis,zijd,stan)	10	651957	90.0647
maken WW(pv,verl,ev)	10	651967	90.0661
maken WW(inf,nom,zonder,zonder-n)	10	651977	90.0675
mailen WW(pv,tgw,mv)	10	651987	90.0689
maandagochtend N(soort,ev,basis,zijd,stan)	10	651997	90.0703
maaltijd N(soort,ev,basis,zijd,stan)	10	652007	90.0716
lul N(soort,ev,basis,zijd,stan)	10	652017	90.073
lowlands SPEC(deeleigen)	10	652027	90.0744
ll N(soort,ev,basis,zijd,stan)	10	652037	90.0758
liefie SPEC(vreemd)	10	652047	90.0772
lief N(soort,ev,basis,zijd,stan)	10	652057	90.0785
lied N(soort,mv,dim)	10	652067	90.0799
least SPEC(vreemd)	10	652077	90.0813
kring N(soort,ev,basis,zijd,stan)	10	652087	90.0827
krijgen WW(pv,verl,mv)	10	652097	90.0841
koop N(soort,ev,basis,zijd,stan)	10	652107	90.0855
koken WW(pv,tgw,ev)	10	652117	90.0868
koes N(soort,mv,basis)	10	652127	90.0882
koel ADJ(vrij,basis,zonder)	10	652137	90.0896
klussen WW(inf,vrij,zonder)	10	652147	90.091
kloppen WW(inf,vrij,zonder)	10	652157	90.0924
klinken WW(pv,verl,ev)	10	652167	90.0937
kben WW(inf,vrij,zonder)	10	652177	90.0951
kado N(soort,ev,dim,onz,stan)	10	652187	90.0965
jy VNW(aanw,pron,stan,vol,3,getal)	10	652197	90.0979
jouw VNW(bez,det,stan,vol,2v,ev,nom,met-e,zonder-n)	10	652207	90.0993
jarig ADJ(prenom,basis,met-e,stan)	10	652217	90.1007
internetverbinding N(soort,ev,basis,zijd,stan)	10	652227	90.102
installeren WW(vd,vrij,zonder)	10	652237	90.1034
inpakken WW(vd,vrij,zonder)	10	652247	90.1048
iet VNW(onbep,pron,dial)	10	652257	90.1062
hy N(soort,ev,basis,zijd,stan)	10	652267	90.1076
hours SPEC(vreemd)	10	652277	90.1089
hoog ADJ(vrij,comp,zonder)	10	652287	90.1103
hoihoi N(soort,ev,basis,zijd,stan)	10	652297	90.1117
hoera SPEC(vreemd)	10	652307	90.1131
helpen WW(pv,tgw,mv)	10	652317	90.1145
hear SPEC(vreemd)	10	652327	90.1158
handig ADJ(nom,sup,zonder,zonder-n)	10	652337	90.1172
halverwege BW()	10	652347	90.1186
groot ADJ(vrij,comp,zonder)	10	652357	90.12
griep N(soort,ev,basis,zijd,stan)	10	652367	90.1214
gras N(soort,ev,basis,onz,stan)	10	652377	90.1228
goedzo N(soort,ev,basis,zijd,stan)	10	652387	90.1241
gezondheid N(soort,ev,basis,zijd,stan)	10	652397	90.1255
geven WW(pv,verl,ev)	10	652407	90.1269
geval N(soort,mv,basis)	10	652417	90.1283
gent WW(pv,tgw,met-t)	10	652427	90.1297
geniaal ADJ(vrij,basis,zonder)	10	652437	90.131
geldig ADJ(vrij,basis,zonder)	10	652447	90.1324
gat N(soort,ev,basis,onz,stan)	10	652457	90.1338
gaat N(soort,ev,dim,onz,stan)	10	652467	90.1352
fucking SPEC(vreemd)	10	652477	90.1366
fitnessen WW(inf,vrij,zonder)	10	652487	90.138
fietsen WW(vd,vrij,zonder)	10	652497	90.1393
far SPEC(vreemd)	10	652507	90.1407
euh TSW()	10	652517	90.1421
etten-leur N(soort,ev,basis,zijd,stan)	10	652527	90.1435
essay N(soort,ev,basis,onz,stan)	10	652537	90.1449
eric N(soort,ev,basis,zijd,stan)	10	652547	90.1462
enjoy N(soort,ev,basis,zijd,stan)	10	652557	90.1476
e VNW(pers,pron,dial)	10	652567	90.149
drunk SPEC(vreemd)	10	652577	90.1504
drink SPEC(vreemd)	10	652587	90.1518
draaien WW(pv,tgw,met-t)	10	652597	90.1531
do. SPEC(afk)	10	652607	90.1545
ding N(soort,mv,dim)	10	652617	90.1559
dik ADJ(prenom,basis,zonder)	10	652627	90.1573
diepvries N(soort,ev,basis,zijd,stan)	10	652637	90.1587
da's WW(pv,tgw,ev)	10	652647	90.1601
da LID(bep,stan,rest)	10	652657	90.1614
cul N(soort,ev,basis,zijd,stan)	10	652667	90.1628
crashen WW(inf,vrij,zonder)	10	652677	90.1642
coupe N(soort,ev,basis,zijd,stan)	10	652687	90.1656
congÃ© N(soort,ev,basis,onz,stan)	10	652697	90.167
congres N(soort,ev,basis,onz,stan)	10	652707	90.1683
combi N(soort,ev,basis,zijd,stan)	10	652717	90.1697
champagne N(soort,ev,basis,zijd,stan)	10	652727	90.1711
care SPEC(vreemd)	10	652737	90.1725
buy SPEC(vreemd)	10	652747	90.1739
busy SPEC(vreemd)	10	652757	90.1753
buik N(soort,ev,basis,zijd,stan)	10	652767	90.1766
btje N(soort,ev,dim,onz,stan)	10	652777	90.178
bruin ADJ(prenom,basis,met-e,stan)	10	652787	90.1794
bouwen WW(inf,vrij,zonder)	10	652797	90.1808
boterham N(soort,mv,basis)	10	652807	90.1822
boot N(soort,ev,basis,zijd,stan)	10	652817	90.1835
boom N(soort,ev,basis,zijd,stan)	10	652827	90.1849
bios N(soort,ev,basis,zijd,stan)	10	652837	90.1863
binne N(soort,ev,basis,zijd,stan)	10	652847	90.1877
bijv BW()	10	652857	90.1891
bezoeken WW(inf,vrij,zonder)	10	652867	90.1904
bezoek N(soort,ev,dim,onz,stan)	10	652877	90.1918
bestellen WW(pv,tgw,ev)	10	652887	90.1932
benauwd ADJ(vrij,basis,zonder)	10	652897	90.1946
begrijpen WW(pv,verl,ev)	10	652907	90.196
bedenken WW(pv,verl,ev)	10	652917	90.1974
bedanken WW(inf,vrij,zonder)	10	652927	90.1987
bandra SPEC(vreemd)	10	652937	90.2001
bak N(soort,mv,dim)	10	652947	90.2015
babysitten WW(inf,vrij,zonder)	10	652957	90.2029
arrive SPEC(vreemd)	10	652967	90.2043
antwoorden WW(inf,vrij,zonder)	10	652977	90.2056
afwassen WW(inf,vrij,zonder)	10	652987	90.207
afstand N(soort,ev,basis,zijd,stan)	10	652997	90.2084
advies N(soort,ev,basis,onz,stan)	10	653007	90.2098
accu N(soort,ev,basis,zijd,stan)	10	653017	90.2112
able SPEC(vreemd)	10	653027	90.2126
aant SPEC(vreemd)	10	653037	90.2139
aansluiting N(soort,ev,basis,zijd,stan)	10	653047	90.2153
aanpassen WW(inf,vrij,zonder)	10	653057	90.2167
aankomst N(soort,ev,basis,zijd,stan)	10	653067	90.2181
aah BW()	10	653077	90.2195
aah ADJ(vrij,basis,zonder)	10	653087	90.2208
a.s. SPEC(afk)	10	653097	90.2222
Zoja SPEC(deeleigen)	10	653107	90.2236
Wolf SPEC(deeleigen)	10	653117	90.225
Wnn SPEC(deeleigen)	10	653127	90.2264
Wim SPEC(deeleigen)	10	653137	90.2277
Whats SPEC(vreemd)	10	653147	90.2291
Werk SPEC(deeleigen)	10	653157	90.2305
Wens SPEC(deeleigen)	10	653167	90.2319
Vera SPEC(deeleigen)	10	653177	90.2333
Take SPEC(vreemd)	10	653187	90.2347
Sytske SPEC(deeleigen)	10	653197	90.236
Sven SPEC(deeleigen)	10	653207	90.2374
Sjarlot SPEC(deeleigen)	10	653217	90.2388
Saturday SPEC(vreemd)	10	653227	90.2402
Rudy SPEC(deeleigen)	10	653237	90.2416
Prof. SPEC(afk)	10	653247	90.2429
PHOTO SPEC(deeleigen)	10	653257	90.2443
Oss SPEC(deeleigen)	10	653267	90.2457
Oost SPEC(deeleigen)	10	653277	90.2471
Okidoki SPEC(deeleigen)	10	653287	90.2485
Next SPEC(vreemd)	10	653297	90.2498
NY SPEC(deeleigen)	10	653307	90.2512
Mn SPEC(deeleigen)	10	653317	90.2526
Milou SPEC(deeleigen)	10	653327	90.254
Mike SPEC(deeleigen)	10	653337	90.2554
Lenny SPEC(deeleigen)	10	653347	90.2568
Leiden SPEC(deeleigen)	10	653357	90.2581
Keep SPEC(vreemd)	10	653367	90.2595
Ingrid SPEC(deeleigen)	10	653377	90.2609
HÃ¨hÃ¨ SPEC(vreemd)	10	653387	90.2623
Hela SPEC(deeleigen)	10	653397	90.2637
Heijn SPEC(deeleigen)	10	653407	90.265
Hediye SPEC(vreemd)	10	653417	90.2664
Harry SPEC(deeleigen)	10	653427	90.2678
Hanneke SPEC(deeleigen)	10	653437	90.2692
Gijs SPEC(deeleigen)	10	653447	90.2706
Gezondheidseconomie SPEC(deeleigen)	10	653457	90.272
FZ SPEC(deeleigen)	10	653467	90.2733
Etten SPEC(deeleigen)	10	653477	90.2747
Es SPEC(vreemd)	10	653487	90.2761
Engels SPEC(deeleigen)	10	653497	90.2775
Els SPEC(deeleigen)	10	653507	90.2789
Dirk SPEC(deeleigen)	10	653517	90.2802
Chinees SPEC(deeleigen)	10	653527	90.2816
Charlotte SPEC(deeleigen)	10	653537	90.283
Be SPEC(vreemd)	10	653547	90.2844
Anna SPEC(deeleigen)	10	653557	90.2858
Alex SPEC(deeleigen)	10	653567	90.2871
:)) SPEC(symb)	10	653577	90.2885
300 TW(hoofd,prenom,stan)	10	653587	90.2899
24 SPEC(deeleigen)	10	653597	90.2913
19 TW(hoofd,prenom,stan)	10	653607	90.2927
$ SPEC(symb)	10	653617	90.2941
Ã³Ã³k BW()	9	653626	90.2953
zyt WW(pv,tgw,met-t)	9	653635	90.2965
zuster N(soort,ev,basis,zijd,stan)	9	653644	90.2978
zuipen WW(inf,vrij,zonder)	9	653653	90.299
zowel BW()	9	653662	90.3003
zonnig ADJ(vrij,basis,zonder)	9	653671	90.3015
zijn WW(pv,verl,met-t)	9	653680	90.3028
zien WW(pv,verl,mv)	9	653689	90.304
zenuw N(soort,mv,basis)	9	653698	90.3052
zacht ADJ(prenom,basis,met-e,stan)	9	653707	90.3065
york SPEC(vreemd)	9	653716	90.3077
y SPEC(vreemd)	9	653725	90.309
xxk WW(pv,tgw,ev)	9	653734	90.3102
xp VZ(fin)	9	653743	90.3115
xd WW(vd,vrij,zonder)	9	653752	90.3127
worden WW(pv,verl,mv)	9	653761	90.3139
without SPEC(vreemd)	9	653770	90.3152
wim BW()	9	653779	90.3164
wijf N(soort,ev,basis,onz,stan)	9	653788	90.3177
whether ADJ(vrij,comp,zonder)	9	653797	90.3189
west ADJ(vrij,basis,zonder)	9	653806	90.3202
werkgroep N(soort,ev,basis,zijd,stan)	9	653815	90.3214
wennen WW(pv,tgw,ev)	9	653824	90.3227
vriezer N(soort,ev,basis,zijd,stan)	9	653833	90.3239
voorstelling N(soort,ev,basis,zijd,stan)	9	653842	90.3251
voeren WW(inf,vrij,zonder)	9	653851	90.3264
verzenden WW(inf,vrij,zonder)	9	653860	90.3276
verstand N(soort,ev,basis,onz,stan)	9	653869	90.3289
verslag N(soort,ev,basis,onz,stan)	9	653878	90.3301
verrassen WW(od,vrij,zonder)	9	653887	90.3314
verlopen WW(pv,tgw,met-t)	9	653896	90.3326
ve SPEC(vreemd)	9	653905	90.3338
ve N(soort,ev,basis,zijd,stan)	9	653914	90.3351
v SPEC(afk)	9	653923	90.3363
uvt N(soort,ev,basis,zijd,stan)	9	653932	90.3376
uitvallen WW(vd,vrij,zonder)	9	653941	90.3388
typen WW(inf,vrij,zonder)	9	653950	90.3401
tyd WW(vd,vrij,zonder)	9	653959	90.3413
twijfel N(soort,ev,basis,zijd,stan)	9	653968	90.3425
true SPEC(vreemd)	9	653977	90.3438
trouw N(soort,ev,basis,zijd,stan)	9	653986	90.345
troosten WW(inf,vrij,zonder)	9	653995	90.3463
trompetter N(soort,ev,dim,onz,stan)	9	654004	90.3475
trillen WW(inf,vrij,zonder)	9	654013	90.3488
trefpunt N(soort,ev,basis,onz,stan)	9	654022	90.35
toall N(soort,ev,basis,zijd,stan)	9	654031	90.3512
text SPEC(vreemd)	9	654040	90.3525
teken N(soort,mv,basis)	9	654049	90.3537
teken N(soort,ev,basis,onz,stan)	9	654058	90.355
talking SPEC(vreemd)	9	654067	90.3562
sushi N(soort,ev,basis,zijd,stan)	9	654076	90.3575
superlief ADJ(vrij,basis,zonder)	9	654085	90.3587
stuur N(soort,ev,basis,onz,stan)	9	654094	90.36
studie N(soort,mv,basis)	9	654103	90.3612
storm N(soort,ev,basis,zijd,stan)	9	654112	90.3624
stoppen WW(pv,tgw,mv)	9	654121	90.3637
stellen WW(pv,tgw,met-t)	9	654130	90.3649
spoed N(soort,ev,basis,zijd,stan)	9	654139	90.3662
spelen WW(pv,tgw,ev)	9	654148	90.3674
sollicitatiegesprek N(soort,ev,basis,onz,stan)	9	654157	90.3687
soepel ADJ(vrij,basis,zonder)	9	654166	90.3699
snelheid N(soort,ev,basis,zijd,stan)	9	654175	90.3711
slaapzak N(soort,ev,basis,zijd,stan)	9	654184	90.3724
slaapkamer N(soort,ev,basis,zijd,stan)	9	654193	90.3736
simpel ADJ(vrij,basis,zonder)	9	654202	90.3749
she SPEC(vreemd)	9	654211	90.3761
schoonheid N(soort,ev,basis,zijd,stan)	9	654220	90.3774
schiphol N(soort,ev,basis,zijd,stan)	9	654229	90.3786
schee N(soort,ev,dim,onz,stan)	9	654238	90.3798
samenvatting N(soort,ev,basis,zijd,stan)	9	654247	90.3811
same SPEC(vreemd)	9	654256	90.3823
ruiken WW(inf,vrij,zonder)	9	654265	90.3836
rugzak N(soort,ev,basis,zijd,stan)	9	654274	90.3848
royal SPEC(vreemd)	9	654283	90.3861
ronde N(soort,ev,basis,zijd,stan)	9	654292	90.3873
roddel N(soort,mv,basis)	9	654301	90.3885
rich ADJ(vrij,basis,zonder)	9	654310	90.3898
rekeningnummer N(soort,ev,basis,onz,stan)	9	654319	90.391
recept N(soort,ev,basis,onz,stan)	9	654328	90.3923
reageren WW(vd,vrij,zonder)	9	654337	90.3935
reageren WW(pv,tgw,ev)	9	654346	90.3948
q N(soort,ev,basis,zijd,stan)	9	654355	90.396
puik ADJ(prenom,basis,zonder)	9	654364	90.3973
pubquiz N(soort,ev,basis,zijd,stan)	9	654373	90.3985
proclamatie N(soort,ev,basis,zijd,stan)	9	654382	90.3997
prob SPEC(vreemd)	9	654391	90.401
prettig ADJ(prenom,basis,zonder)	9	654400	90.4022
praktisch ADJ(vrij,basis,zonder)	9	654409	90.4035
prachtig ADJ(prenom,basis,met-e,stan)	9	654418	90.4047
positief ADJ(prenom,basis,met-e,stan)	9	654427	90.406
polÃ© N(soort,ev,basis,onz,stan)	9	654436	90.4072
plek N(soort,mv,basis)	9	654445	90.4084
pick SPEC(vreemd)	9	654454	90.4097
pech N(soort,ev,basis,zijd,stan)	9	654463	90.4109
pat N(soort,ev,basis,zijd,stan)	9	654472	90.4122
parkeerplaats N(soort,ev,basis,zijd,stan)	9	654481	90.4134
pak N(soort,mv,basis)	9	654490	90.4147
optreden WW(inf,nom,zonder,zonder-n)	9	654499	90.4159
opsturen WW(inf,vrij,zonder)	9	654508	90.4171
opslaan WW(vd,vrij,zonder)	9	654517	90.4184
opschieten WW(vd,vrij,zonder)	9	654526	90.4196
opgeven WW(vd,vrij,zonder)	9	654535	90.4209
openen WW(inf,vrij,zonder)	9	654544	90.4221
ongelooflijk ADJ(vrij,basis,zonder)	9	654553	90.4234
ome N(soort,ev,basis,zijd,stan)	9	654562	90.4246
old SPEC(vreemd)	9	654571	90.4258
offline N(soort,ev,basis,zijd,stan)	9	654580	90.4271
oa SPEC(afk)	9	654589	90.4283
nov SPEC(deeleigen)	9	654598	90.4296
normaal ADJ(prenom,basis,met-e,stan)	9	654607	90.4308
nix N(soort,ev,basis,zijd,stan)	9	654616	90.4321
nipt ADJ(vrij,basis,zonder)	9	654625	90.4333
ner LID(onbep,dial)	9	654634	90.4345
neje N(soort,ev,dim,onz,stan)	9	654643	90.4358
nacht N(soort,ev,basis,gen)	9	654652	90.437
museum N(soort,ev,basis,onz,stan)	9	654661	90.4383
mottig ADJ(vrij,basis,zonder)	9	654670	90.4395
moto N(soort,ev,basis,zijd,stan)	9	654679	90.4408
morgen N(soort,ev,basis,gen)	9	654688	90.442
mogelijk ADJ(prenom,basis,met-e,stan)	9	654697	90.4433
moeilijk ADJ(vrij,comp,zonder)	9	654706	90.4445
moeilijk ADJ(prenom,basis,met-e,stan)	9	654715	90.4457
moe N(soort,ev,dim,onz,stan)	9	654724	90.447
mini N(soort,ev,basis,zijd,stan)	9	654733	90.4482
might SPEC(vreemd)	9	654742	90.4495
mercikes N(soort,mv,dim)	9	654751	90.4507
meekomen WW(pv,tgw,met-t)	9	654760	90.452
meeeten N(soort,mv,basis)	9	654769	90.4532
marktplaats N(soort,ev,basis,zijd,stan)	9	654778	90.4544
mam N(soort,ev,basis,onz,stan)	9	654787	90.4557
main SPEC(vreemd)	9	654796	90.4569
lukken WW(pv,verl,ev)	9	654805	90.4582
lotte N(soort,ev,basis,zijd,stan)	9	654814	90.4594
lood N(soort,mv,dim)	9	654823	90.4607
londen N(soort,mv,basis)	9	654832	90.4619
lezen WW(inf,nom,zonder,zonder-n)	9	654841	90.4631
leren WW(pv,tgw,ev)	9	654850	90.4644
leeftijd N(soort,ev,basis,zijd,stan)	9	654859	90.4656
le SPEC(vreemd)	9	654868	90.4669
lau N(soort,ev,basis,zijd,stan)	9	654877	90.4681
langskomen WW(pv,tgw,ev)	9	654886	90.4694
kwaad ADJ(vrij,basis,zonder)	9	654895	90.4706
kvrees N(soort,mv,basis)	9	654904	90.4718
kut N(soort,ev,basis,zijd,stan)	9	654913	90.4731
kussie N(soort,mv,basis)	9	654922	90.4743
kussen WW(pv,tgw,ev)	9	654931	90.4756
kusjee N(soort,ev,basis,zijd,stan)	9	654940	90.4768
kris N(soort,ev,basis,zijd,stan)	9	654949	90.4781
kort ADJ(prenom,basis,zonder)	9	654958	90.4793
komen WW(pv,conj,ev)	9	654967	90.4806
klus N(soort,mv,basis)	9	654976	90.4818
kiezen WW(pv,tgw,met-t)	9	654985	90.483
keus N(soort,ev,basis,zijd,stan)	9	654994	90.4843
kben ADJ(dial)	9	655003	90.4855
kassa N(soort,ev,basis,zijd,stan)	9	655012	90.4868
jr ADJ(postnom,basis,zonder)	9	655021	90.488
jong ADJ(prenom,basis,met-e,stan)	9	655030	90.4893
jiha N(soort,ev,basis,zijd,stan)	9	655039	90.4905
jep WW(pv,tgw,ev)	9	655048	90.4917
irritant ADJ(vrij,basis,zonder)	9	655057	90.493
inzetten WW(inf,vrij,zonder)	9	655066	90.4942
intercity N(soort,ev,basis,zijd,stan)	9	655075	90.4955
inloggen WW(inf,vrij,zonder)	9	655084	90.4967
inhouden WW(inf,vrij,zonder)	9	655093	90.498
inhalen WW(inf,vrij,zonder)	9	655102	90.4992
informatie N(soort,ev,basis,zijd,stan)	9	655111	90.5004
ijs N(soort,ev,dim,onz,stan)	9	655120	90.5017
idea SPEC(vreemd)	9	655129	90.5029
huilen WW(inf,vrij,zonder)	9	655138	90.5042
housewarming N(soort,ev,basis,zijd,stan)	9	655147	90.5054
hoera SPEC(deeleigen)	9	655156	90.5067
helder ADJ(vrij,basis,zonder)	9	655165	90.5079
harry SPEC(deeleigen)	9	655174	90.5091
hardlopen WW(inf,vrij,zonder)	9	655183	90.5104
happening SPEC(vreemd)	9	655192	90.5116
hanne SPEC(vreemd)	9	655201	90.5129
haast N(soort,ev,basis,zijd,stan)	9	655210	90.5141
grens N(soort,ev,basis,zijd,stan)	9	655219	90.5154
goedmaken WW(inf,vrij,zonder)	9	655228	90.5166
gn WW(inf,vrij,zonder)	9	655237	90.5179
gn N(soort,ev,basis,onz,stan)	9	655246	90.5191
gezellig ADJ(prenom,basis,zonder)	9	655255	90.5203
geof N(soort,ev,basis,onz,stan)	9	655264	90.5216
geel ADJ(prenom,basis,met-e,stan)	9	655273	90.5228
forward SPEC(vreemd)	9	655282	90.5241
formule N(soort,ev,basis,zijd,stan)	9	655291	90.5253
forgot SPEC(vreemd)	9	655300	90.5266
film N(soort,mv,dim)	9	655309	90.5278
fier ADJ(vrij,basis,zonder)	9	655318	90.529
feest N(soort,mv,dim)	9	655327	90.5303
feb N(soort,ev,basis,zijd,stan)	9	655336	90.5315
fb N(soort,ev,basis,onz,stan)	9	655345	90.5328
fantastisch ADJ(prenom,basis,met-e,stan)	9	655354	90.534
extreem ADJ(vrij,basis,zonder)	9	655363	90.5353
ervaring N(soort,ev,basis,zijd,stan)	9	655372	90.5365
er N(soort,mv,basis)	9	655381	90.5377
enorm ADJ(prenom,basis,met-e,stan)	9	655390	90.539
emma N(soort,ev,basis,onz,stan)	9	655399	90.5402
eerder ADJ(vrij,basis,zonder)	9	655408	90.5415
eenmaal BW()	9	655417	90.5427
durven WW(pv,tgw,met-t)	9	655426	90.544
duizend TW(hoofd,prenom,stan)	9	655435	90.5452
dubbel ADJ(prenom,basis,met-e,stan)	9	655444	90.5464
drukken WW(inf,vrij,zonder)	9	655453	90.5477
druk ADJ(prenom,basis,zonder)	9	655462	90.5489
drinken WW(pv,tgw,met-t)	9	655471	90.5502
drinken WW(inf,nom,zonder,zonder-n)	9	655480	90.5514
dood ADJ(nom,basis,met-e,mv-n)	9	655489	90.5527
dol ADJ(prenom,basis,met-e,stan)	9	655498	90.5539
dn LID(bep,stan,rest)	9	655507	90.5552
dicht ADJ(vrij,comp,zonder)	9	655516	90.5564
dalijk ADJ(vrij,basis,zonder)	9	655525	90.5576
close SPEC(vreemd)	9	655534	90.5589
checken WW(vd,vrij,zonder)	9	655543	90.5601
check N(soort,ev,basis,zijd,stan)	9	655552	90.5614
chatten WW(inf,vrij,zonder)	9	655561	90.5626
cent N(soort,mv,dim)	9	655570	90.5639
ce SPEC(vreemd)	9	655579	90.5651
carnavallen WW(inf,vrij,zonder)	9	655588	90.5663
can't SPEC(vreemd)	9	655597	90.5676
cadeau N(soort,mv,dim)	9	655606	90.5688
budapest N(soort,ev,basis,zijd,stan)	9	655615	90.5701
boterham N(soort,ev,basis,zijd,stan)	9	655624	90.5713
bord N(soort,ev,basis,onz,stan)	9	655633	90.5726
blykbaar ADJ(vrij,basis,zonder)	9	655642	90.5738
blue SPEC(vreemd)	9	655651	90.575
bloem N(soort,mv,basis)	9	655660	90.5763
bis BW()	9	655669	90.5775
bier N(soort,ev,basis,zijd,stan)	9	655678	90.5788
bewaren WW(inf,vrij,zonder)	9	655687	90.58
betalen WW(pv,tgw,ev)	9	655696	90.5813
beslissen WW(inf,vrij,zonder)	9	655705	90.5825
begrijpen WW(pv,tgw,met-t)	9	655714	90.5837
bedrijf N(soort,ev,basis,onz,stan)	9	655723	90.585
av SPEC(afk)	9	655732	90.5862
artikel N(soort,mv,basis)	9	655741	90.5875
arriveren WW(vd,vrij,zonder)	9	655750	90.5887
arm N(soort,ev,basis,zijd,stan)	9	655759	90.59
ardennen N(soort,mv,basis)	9	655768	90.5912
any SPEC(vreemd)	9	655777	90.5924
amuseren WW(inf,vrij,zonder)	9	655786	90.5937
altyd WW(vd,vrij,zonder)	9	655795	90.5949
alternatief N(soort,ev,basis,onz,stan)	9	655804	90.5962
allee N(soort,ev,basis,zijd,stan)	9	655813	90.5974
allang BW()	9	655822	90.5987
alcohol N(soort,ev,basis,zijd,stan)	9	655831	90.5999
akkoord ADJ(vrij,basis,zonder)	9	655840	90.6012
ajax N(soort,ev,basis,zijd,stan)	9	655849	90.6024
ahja N(soort,ev,basis,zijd,stan)	9	655858	90.6036
afschaffen WW(vd,vrij,zonder)	9	655867	90.6049
afgelasten WW(vd,vrij,zonder)	9	655876	90.6061
address SPEC(vreemd)	9	655885	90.6074
actually SPEC(vreemd)	9	655894	90.6086
acht TW(hoofd,prenom,stan)	9	655903	90.6099
aap N(soort,ev,basis,zijd,stan)	9	655912	90.6111
aanpassen WW(vd,vrij,zonder)	9	655921	90.6123
aankomen WW(pv,tgw,met-t)	9	655930	90.6136
Ziezo SPEC(deeleigen)	9	655939	90.6148
Z SPEC(deeleigen)	9	655948	90.6161
Yilmaz SPEC(deeleigen)	9	655957	90.6173
Xxx SPEC(deeleigen)	9	655966	90.6186
Wo SPEC(vreemd)	9	655975	90.6198
Werner SPEC(deeleigen)	9	655984	90.621
Were SPEC(vreemd)	9	655993	90.6223
Wenen SPEC(deeleigen)	9	656002	90.6235
Wanna SPEC(vreemd)	9	656011	90.6248
Valerie SPEC(deeleigen)	9	656020	90.626
V SPEC(deeleigen)	9	656029	90.6273
The SPEC(deeleigen)	9	656038	90.6285
Tessa SPEC(deeleigen)	9	656047	90.6297
Saskia SPEC(deeleigen)	9	656056	90.631
Sanne SPEC(deeleigen)	9	656065	90.6322
San SPEC(deeleigen)	9	656074	90.6335
S SPEC(symb)	9	656083	90.6347
Ruben SPEC(deeleigen)	9	656092	90.636
Roos SPEC(deeleigen)	9	656101	90.6372
Refter SPEC(deeleigen)	9	656110	90.6385
R SPEC(deeleigen)	9	656119	90.6397
Pffff SPEC(deeleigen)	9	656128	90.6409
Oslo SPEC(deeleigen)	9	656137	90.6422
Olaf SPEC(deeleigen)	9	656146	90.6434
Oeh SPEC(vreemd)	9	656155	90.6447
Nothing SPEC(vreemd)	9	656164	90.6459
Niels SPEC(deeleigen)	9	656173	90.6472
Nick SPEC(deeleigen)	9	656182	90.6484
Natasha SPEC(deeleigen)	9	656191	90.6496
Moi SPEC(vreemd)	9	656200	90.6509
Miss SPEC(vreemd)	9	656209	90.6521
Mignon SPEC(deeleigen)	9	656218	90.6534
Marlies SPEC(deeleigen)	9	656227	90.6546
Lucas SPEC(deeleigen)	9	656236	90.6559
Lotte SPEC(deeleigen)	9	656245	90.6571
Lies SPEC(deeleigen)	9	656254	90.6583
Leen SPEC(deeleigen)	9	656263	90.6596
Kzal SPEC(deeleigen)	9	656272	90.6608
Kortrijk SPEC(deeleigen)	9	656281	90.6621
Klaas SPEC(deeleigen)	9	656290	90.6633
Kei SPEC(deeleigen)	9	656299	90.6646
Kandinsky SPEC(deeleigen)	9	656308	90.6658
Ich SPEC(vreemd)	9	656317	90.667
Hvj SPEC(deeleigen)	9	656326	90.6683
Holland SPEC(deeleigen)	9	656335	90.6695
Hello SPEC(vreemd)	9	656344	90.6708
Evertslaan SPEC(deeleigen)	9	656353	90.672
Esther SPEC(deeleigen)	9	656362	90.6733
Engeland SPEC(deeleigen)	9	656371	90.6745
Ellen SPEC(deeleigen)	9	656380	90.6758
Elisa SPEC(deeleigen)	9	656389	90.677
El SPEC(deeleigen)	9	656398	90.6782
Ehv SPEC(deeleigen)	9	656407	90.6795
Efteling SPEC(deeleigen)	9	656416	90.6807
Did SPEC(vreemd)	9	656425	90.682
Costa SPEC(deeleigen)	9	656434	90.6832
Argh SPEC(deeleigen)	9	656443	90.6845
Anneloes SPEC(deeleigen)	9	656452	90.6857
Anneke SPEC(deeleigen)	9	656461	90.6869
Aida SPEC(deeleigen)	9	656470	90.6882
<NAAM> SPEC(symb)	9	656479	90.6894
<DECIMAL> SPEC(vreemd)	9	656488	90.6907
:-| SPEC(symb)	9	656497	90.6919
70 TW(hoofd,prenom,stan)	9	656506	90.6932
32 SPEC(symb)	9	656515	90.6944
17 TW(hoofd,prenom,stan)	9	656524	90.6956
150 TW(hoofd,prenom,stan)	9	656533	90.6969
1 SPEC(vreemd)	9	656542	90.6981
09 SPEC(symb)	9	656551	90.6994
.! LET()	9	656560	90.7006
-0 TW(hoofd,vrij)	9	656569	90.7019
's BW()	9	656578	90.7031
'k LET()	9	656587	90.7043
Ã© N(soort,ev,basis,onz,stan)	8	656595	90.7055
zweet N(soort,ev,basis,onz,stan)	8	656603	90.7066
zozo BW()	8	656611	90.7077
zowaar BW()	8	656619	90.7088
zorgen WW(pv,tgw,met-t)	8	656627	90.7099
zooi N(soort,ev,basis,zijd,stan)	8	656635	90.711
zonet BW()	8	656643	90.7121
zeuren WW(inf,vrij,zonder)	8	656651	90.7132
zetten WW(pv,tgw,mv)	8	656659	90.7143
zeggen WW(pv,verl,mv)	8	656667	90.7154
zalig ADJ(prenom,basis,zonder)	8	656675	90.7165
zak N(soort,ev,dim,onz,stan)	8	656683	90.7176
z N(soort,ev,basis,onz,stan)	8	656691	90.7187
year SPEC(vreemd)	8	656699	90.7198
xp ADJ(vrij,basis,zonder)	8	656707	90.7209
wr N(soort,ev,basis,zijd,stan)	8	656715	90.722
woohoow N(soort,ev,basis,zijd,stan)	8	656723	90.7231
won't SPEC(vreemd)	8	656731	90.7242
wisselen WW(inf,vrij,zonder)	8	656739	90.7253
wild ADJ(vrij,basis,zonder)	8	656747	90.7265
wijn N(soort,mv,dim)	8	656755	90.7276
werkos ADJ(prenom,basis,met-e,stan)	8	656763	90.7287
werkcollege N(soort,ev,basis,onz,stan)	8	656771	90.7298
weinig VNW(onbep,grad,stan,vrij,zonder,sup)	8	656779	90.7309
weeral BW()	8	656787	90.732
week N(soort,mv,dim)	8	656795	90.7331
waiting SPEC(vreemd)	8	656803	90.7342
wagen N(soort,ev,basis,zijd,stan)	8	656811	90.7353
waarde N(soort,ev,basis,zijd,stan)	8	656819	90.7364
vreete ADJ(prenom,basis,met-e,stan)	8	656827	90.7375
vragen WW(pv,tgw,mv)	8	656835	90.7386
voorzitter N(soort,ev,basis,zijd,stan)	8	656843	90.7397
voorspellen WW(vd,vrij,zonder)	8	656851	90.7408
voorhand N(soort,ev,basis,zijd,stan)	8	656859	90.7419
vooraf BW()	8	656867	90.743
volledig ADJ(prenom,basis,met-e,stan)	8	656875	90.7441
vnv SPEC(deeleigen)	8	656883	90.7452
vier TW(rang,prenom,stan)	8	656891	90.7463
verzorgen WW(inf,vrij,zonder)	8	656899	90.7474
verzamelen WW(inf,vrij,zonder)	8	656907	90.7486
vervangen WW(vd,vrij,zonder)	8	656915	90.7497
vertragen WW(vd,vrij,zonder)	8	656923	90.7508
verstaan WW(inf,vrij,zonder)	8	656931	90.7519
verslag N(soort,mv,basis)	8	656939	90.753
verplichten WW(vd,vrij,zonder)	8	656947	90.7541
verlopen WW(inf,vrij,zonder)	8	656955	90.7552
verlang N(soort,ev,basis,zijd,stan)	8	656963	90.7563
verhuizen WW(vd,vrij,zonder)	8	656971	90.7574
verdenken WW(vd,vrij,zonder)	8	656979	90.7585
veranderen WW(vd,vrij,zonder)	8	656987	90.7596
vast ADJ(prenom,basis,met-e,stan)	8	656995	90.7607
vanavnd ADJ(vrij,basis,zonder)	8	657003	90.7618
vallen WW(pv,tgw,mv)	8	657011	90.7629
vacature N(soort,ev,basis,zijd,stan)	8	657019	90.764
utca N(soort,ev,basis,zijd,stan)	8	657027	90.7651
uploaden WW(inf,vrij,zonder)	8	657035	90.7662
und SPEC(vreemd)	8	657043	90.7673
uitzicht N(soort,ev,basis,onz,stan)	8	657051	90.7684
uitverkopen WW(vd,vrij,zonder)	8	657059	90.7696
uitstellen WW(vd,vrij,zonder)	8	657067	90.7707
uitkijken WW(inf,vrij,zonder)	8	657075	90.7718
uitgang N(soort,ev,basis,zijd,stan)	8	657083	90.7729
uitgaan WW(inf,vrij,zonder)	8	657091	90.774
uiterlijk ADJ(vrij,basis,zonder)	8	657099	90.7751
uitdaging N(soort,ev,basis,zijd,stan)	8	657107	90.7762
trouwdag N(soort,ev,basis,zijd,stan)	8	657115	90.7773
totaal N(soort,ev,basis,onz,stan)	8	657123	90.7784
told SPEC(vreemd)	8	657131	90.7795
toilet N(soort,ev,basis,onz,stan)	8	657139	90.7806
tocht N(soort,ev,basis,zijd,stan)	8	657147	90.7817
tijdstip N(soort,ev,basis,onz,stan)	8	657155	90.7828
thursday SPEC(vreemd)	8	657163	90.7839
tgaat N(soort,ev,basis,onz,stan)	8	657171	90.785
tegemoet BW()	8	657179	90.7861
tb N(soort,ev,basis,onz,stan)	8	657187	90.7872
talk SPEC(vreemd)	8	657195	90.7883
t. SPEC(afk)	8	657203	90.7894
sweet SPEC(vreemd)	8	657211	90.7905
supermooi ADJ(vrij,basis,zonder)	8	657219	90.7917
superleuk ADJ(vrij,basis,zonder)	8	657227	90.7928
super N(soort,ev,basis,zijd,stan)	8	657235	90.7939
strelen WW(pv,tgw,ev)	8	657243	90.795
storen WW(inf,vrij,zonder)	8	657251	90.7961
stem N(soort,mv,basis)	8	657259	90.7972
stellen WW(pv,tgw,mv)	8	657267	90.7983
steken WW(pv,tgw,ev)	8	657275	90.7994
stefanie N(soort,ev,basis,zijd,stan)	8	657283	90.8005
steek N(soort,ev,basis,zijd,stan)	8	657291	90.8016
stay SPEC(vreemd)	8	657299	90.8027
starten WW(pv,tgw,ev)	8	657307	90.8038
stapel N(soort,ev,basis,zijd,stan)	8	657315	90.8049
springen WW(pv,tgw,ev)	8	657323	90.806
spotten WW(vd,vrij,zonder)	8	657331	90.8071
sporten WW(inf,nom,zonder,zonder-n)	8	657339	90.8082
spontaan ADJ(vrij,basis,zonder)	8	657347	90.8093
spinazie N(soort,ev,basis,zijd,stan)	8	657355	90.8104
spierpijn N(soort,ev,basis,zijd,stan)	8	657363	90.8115
spass N(soort,ev,basis,zijd,stan)	8	657371	90.8127
spanning N(soort,ev,basis,zijd,stan)	8	657379	90.8138
spannend ADJ(prenom,basis,met-e,stan)	8	657387	90.8149
snel ADJ(prenom,basis,met-e,stan)	8	657395	90.816
smst WW(pv,tgw,met-t)	8	657403	90.8171
smaken WW(pv,tgw,met-t)	8	657411	90.8182
sluiten WW(vd,vrij,zonder)	8	657419	90.8193
slaapzacht N(soort,ev,basis,zijd,stan)	8	657427	90.8204
slaapwel ADJ(vrij,basis,zonder)	8	657435	90.8215
sla N(soort,ev,basis,zijd,stan)	8	657443	90.8226
shoppen WW(vd,vrij,zonder)	8	657451	90.8237
sgoe N(soort,ev,basis,onz,stan)	8	657459	90.8248
serieus ADJ(prenom,basis,met-e,stan)	8	657467	90.8259
sec ADJ(vrij,basis,zonder)	8	657475	90.827
schoon ADJ(prenom,basis,zonder)	8	657483	90.8281
schoon ADJ(prenom,basis,met-e,stan)	8	657491	90.8292
sara N(soort,ev,basis,zijd,stan)	8	657499	90.8303
safe ADJ(vrij,basis,zonder)	8	657507	90.8314
saai ADJ(prenom,basis,met-e,stan)	8	657515	90.8325
rusten WW(inf,vrij,zonder)	8	657523	90.8337
ruimte N(soort,ev,basis,zijd,stan)	8	657531	90.8348
remke N(soort,ev,dim,onz,stan)	8	657539	90.8359
remember SPEC(vreemd)	8	657547	90.837
relaxen WW(inf,vrij,zonder)	8	657555	90.8381
relatief ADJ(vrij,basis,zonder)	8	657563	90.8392
reis N(soort,ev,dim,onz,stan)	8	657571	90.8403
regelen WW(pv,tgw,mv)	8	657579	90.8414
ready SPEC(vreemd)	8	657587	90.8425
raken WW(pv,tgw,ev)	8	657595	90.8436
raden WW(pv,tgw,ev)	8	657603	90.8447
race N(soort,ev,basis,zijd,stan)	8	657611	90.8458
quite SPEC(vreemd)	8	657619	90.8469
queen SPEC(vreemd)	8	657627	90.848
pro VZ(init)	8	657635	90.8491
prihima N(soort,ev,basis,zijd,stan)	8	657643	90.8502
pot N(soort,ev,dim,onz,stan)	8	657651	90.8513
poekie N(soort,ev,basis,zijd,stan)	8	657659	90.8524
pint N(soort,mv,dim)	8	657667	90.8535
pieters N(soort,mv,basis)	8	657675	90.8546
passen WW(pv,verl,ev)	8	657683	90.8558
passen WW(pv,tgw,mv)	8	657691	90.8569
panini N(soort,ev,basis,zijd,stan)	8	657699	90.858
paard N(soort,ev,basis,onz,stan)	8	657707	90.8591
overstap N(soort,ev,basis,zijd,stan)	8	657715	90.8602
overslapen WW(vd,vrij,zonder)	8	657723	90.8613
overnemen WW(inf,vrij,zonder)	8	657731	90.8624
opzoeken WW(vd,vrij,zonder)	8	657739	90.8635
optreden N(soort,ev,basis,onz,stan)	8	657747	90.8646
opgeven WW(inf,vrij,zonder)	8	657755	90.8657
oost ADJ(vrij,basis,zonder)	8	657763	90.8668
oorzaak N(soort,ev,basis,zijd,stan)	8	657771	90.8679
oom N(soort,ev,basis,zijd,stan)	8	657779	90.869
ontsteking N(soort,ev,basis,zijd,stan)	8	657787	90.8701
ongemak N(soort,ev,basis,onz,stan)	8	657795	90.8712
olga N(soort,ev,basis,zijd,stan)	8	657803	90.8723
okt WW(vd,vrij,zonder)	8	657811	90.8734
nÃ³g BW()	8	657819	90.8745
nuttig ADJ(vrij,basis,zonder)	8	657827	90.8756
nr SPEC(vreemd)	8	657835	90.8768
noemen WW(inf,vrij,zonder)	8	657843	90.8779
never SPEC(vreemd)	8	657851	90.879
nat N(soort,ev,dim,onz,stan)	8	657859	90.8801
nakijken WW(inf,vrij,zonder)	8	657867	90.8812
nachtrust N(soort,ev,basis,zijd,stan)	8	657875	90.8823
nacht N(soort,mv,dim)	8	657883	90.8834
naar ADJ(prenom,basis,met-e,stan)	8	657891	90.8845
mwah ADJ(vrij,basis,zonder)	8	657899	90.8856
muh BW()	8	657907	90.8867
mossel N(soort,mv,basis)	8	657915	90.8878
mond N(soort,ev,basis,zijd,stan)	8	657923	90.8889
moederdag N(soort,ev,basis,zijd,stan)	8	657931	90.89
missen WW(pv,verl,ev)	8	657939	90.8911
mening N(soort,ev,basis,zijd,stan)	8	657947	90.8922
mega ADJ(vrij,basis,zonder)	8	657955	90.8933
meerder VNW(onbep,det,stan,prenom,met-e,mv)	8	657963	90.8944
meegeven WW(inf,vrij,zonder)	8	657971	90.8955
medicijn N(soort,mv,basis)	8	657979	90.8966
maybe SPEC(vreemd)	8	657987	90.8978
marathon N(soort,ev,basis,zijd,stan)	8	657995	90.8989
makelaar N(soort,ev,basis,zijd,stan)	8	658003	90.9
maj SPEC(vreemd)	8	658011	90.9011
mail N(soort,mv,dim)	8	658019	90.9022
made SPEC(vreemd)	8	658027	90.9033
maandagmiddag N(soort,ev,basis,zijd,stan)	8	658035	90.9044
lunchen WW(vd,vrij,zonder)	8	658043	90.9055
lui ADJ(prenom,basis,met-e,stan)	8	658051	90.9066
looking SPEC(vreemd)	8	658059	90.9077
lokaal N(soort,ev,basis,onz,stan)	8	658067	90.9088
loe N(soort,ev,dim,onz,stan)	8	658075	90.9099
lijken WW(pv,tgw,mv)	8	658083	90.911
lijf N(soort,ev,basis,onz,stan)	8	658091	90.9121
lezen WW(pv,tgw,met-t)	8	658099	90.9132
lelijk ADJ(prenom,basis,met-e,stan)	8	658107	90.9143
lekker ADJ(vrij,comp,zonder)	8	658115	90.9154
lau N(soort,ev,basis,onz,stan)	8	658123	90.9165
latertje N(soort,ev,dim,onz,stan)	8	658131	90.9176
later SPEC(vreemd)	8	658139	90.9187
late SPEC(vreemd)	8	658147	90.9199
lastig ADJ(prenom,basis,met-e,stan)	8	658155	90.921
lachen WW(vd,vrij,zonder)	8	658163	90.9221
kvondet N(soort,ev,basis,onz,stan)	8	658171	90.9232
kunne WW(pv,verl,ev)	8	658179	90.9243
krediet N(soort,ev,basis,onz,stan)	8	658187	90.9254
kort ADJ(vrij,comp,zonder)	8	658195	90.9265
koppijn N(soort,ev,basis,zijd,stan)	8	658203	90.9276
koning N(soort,ev,basis,zijd,stan)	8	658211	90.9287
koken WW(pv,tgw,met-t)	8	658219	90.9298
koffie N(soort,ev,dim,onz,stan)	8	658227	90.9309
koek N(soort,ev,dim,onz,stan)	8	658235	90.932
koedie N(soort,ev,basis,zijd,stan)	8	658243	90.9331
knaap N(soort,mv,basis)	8	658251	90.9342
kmag N(soort,ev,basis,zijd,stan)	8	658259	90.9353
klagen WW(inf,vrij,zonder)	8	658267	90.9364
klaarmaken WW(inf,vrij,zonder)	8	658275	90.9375
kick SPEC(vreemd)	8	658283	90.9386
kheb SPEC(vreemd)	8	658291	90.9397
kheb N(soort,ev,basis,onz,stan)	8	658299	90.9409
kga SPEC(vreemd)	8	658307	90.942
kdenk N(soort,ev,basis,onz,stan)	8	658315	90.9431
kben N(soort,ev,basis,onz,stan)	8	658323	90.9442
kampkrant N(soort,ev,dim,onz,stan)	8	658331	90.9453
kader N(soort,ev,basis,onz,stan)	8	658339	90.9464
juij ADJ(vrij,basis,zonder)	8	658347	90.9475
joepie N(soort,ev,basis,zijd,stan)	8	658355	90.9486
jerom N(soort,ev,basis,onz,stan)	8	658363	90.9497
jenever N(soort,ev,basis,zijd,stan)	8	658371	90.9508
jeetsel N(soort,mv,basis)	8	658379	90.9519
jasper N(soort,ev,basis,zijd,stan)	8	658387	90.953
jaarwisseling N(soort,ev,basis,zijd,stan)	8	658395	90.9541
jaar N(soort,ev,dim,onz,stan)	8	658403	90.9552
ivm N(soort,ev,basis,onz,stan)	8	658411	90.9563
invullen WW(vd,vrij,zonder)	8	658419	90.9574
intro N(soort,ev,basis,zijd,stan)	8	658427	90.9585
internationaal ADJ(prenom,basis,met-e,stan)	8	658435	90.9596
inschrijving N(soort,mv,basis)	8	658443	90.9607
informeren WW(inf,vrij,zonder)	8	658451	90.9618
ijs N(soort,mv,dim)	8	658459	90.963
idem BW()	8	658467	90.9641
ideaal ADJ(prenom,basis,met-e,stan)	8	658475	90.9652
hup N(soort,ev,basis,zijd,stan)	8	658483	90.9663
huisnummer N(soort,ev,basis,onz,stan)	8	658491	90.9674
huisbaas N(soort,ev,basis,zijd,stan)	8	658499	90.9685
huid N(soort,ev,basis,zijd,stan)	8	658507	90.9696
hopen WW(pv,tgw,mv)	8	658515	90.9707
honey SPEC(vreemd)	8	658523	90.9718
hogeschool N(soort,ev,basis,zijd,stan)	8	658531	90.9729
hoezo N(soort,ev,basis,zijd,stan)	8	658539	90.974
hoezo BW()	8	658547	90.9751
hoesten WW(inf,vrij,zonder)	8	658555	90.9762
hmmmm N(soort,ev,basis,onz,stan)	8	658563	90.9773
hi SPEC(vreemd)	8	658571	90.9784
heten WW(pv,verl,ev)	8	658579	90.9795
hangen WW(pv,verl,ev)	8	658587	90.9806
hand N(soort,mv,dim)	8	658595	90.9817
halte N(soort,ev,basis,zijd,stan)	8	658603	90.9828
hallo SPEC(vreemd)	8	658611	90.984
hallo N(soort,ev,basis,zijd,stan)	8	658619	90.9851
hal N(soort,ev,basis,zijd,stan)	8	658627	90.9862
gy N(soort,ev,basis,zijd,stan)	8	658635	90.9873
grr N(soort,ev,basis,zijd,stan)	8	658643	90.9884
grof ADJ(vrij,basis,zonder)	8	658651	90.9895
groen ADJ(vrij,basis,zonder)	8	658659	90.9906
gok N(soort,ev,basis,zijd,stan)	8	658667	90.9917
god N(soort,ev,basis,zijd,stan)	8	658675	90.9928
girls SPEC(vreemd)	8	658683	90.9939
gg N(soort,ev,basis,zijd,stan)	8	658691	90.995
geren WW(pv,tgw,met-t)	8	658699	90.9961
geraken WW(pv,tgw,mv)	8	658707	90.9972
gek ADJ(prenom,basis,met-e,stan)	8	658715	90.9983
gebruiken WW(pv,tgw,mv)	8	658723	90.9994
gate N(soort,ev,basis,zijd,stan)	8	658731	91.0005
gas N(soort,ev,basis,onz,stan)	8	658739	91.0016
fruitig ADJ(vrij,basis,zonder)	8	658747	91.0027
fruit N(soort,ev,basis,onz,stan)	8	658755	91.0038
front SPEC(vreemd)	8	658763	91.005
fris ADJ(prenom,basis,met-e,stan)	8	658771	91.0061
friends SPEC(vreemd)	8	658779	91.0072
france SPEC(deeleigen)	8	658787	91.0083
fotos N(soort,ev,basis,zijd,stan)	8	658795	91.0094
few SPEC(vreemd)	8	658803	91.0105
fam N(soort,ev,basis,zijd,stan)	8	658811	91.0116
ernstig ADJ(vrij,basis,zonder)	8	658819	91.0127
ernstig ADJ(postnom,basis,met-s)	8	658827	91.0138
enz. SPEC(afk)	8	658835	91.0149
end N(soort,ev,basis,zijd,stan)	8	658843	91.016
else SPEC(vreemd)	8	658851	91.0171
ei N(soort,ev,basis,onz,stan)	8	658859	91.0182
eenzaam ADJ(vrij,basis,zonder)	8	658867	91.0193
eb N(soort,ev,basis,zijd,stan)	8	658875	91.0204
earlier SPEC(vreemd)	8	658883	91.0215
duren WW(vd,vrij,zonder)	8	658891	91.0226
dropbox N(soort,ev,basis,zijd,stan)	8	658899	91.0237
drinkn N(soort,mv,basis)	8	658907	91.0248
drie TW(rang,nom,zonder-n)	8	658915	91.0259
dragen WW(inf,vrij,zonder)	8	658923	91.0271
doorgeven WW(vd,vrij,zonder)	8	658931	91.0282
doordat VG(onder)	8	658939	91.0293
dont SPEC(vreemd)	8	658947	91.0304
dochter N(soort,ev,basis,zijd,stan)	8	658955	91.0315
directie N(soort,ev,basis,zijd,stan)	8	658963	91.0326
dik ADJ(nom,basis,met-e,zonder-n,stan)	8	658971	91.0337
dierenarts N(soort,ev,basis,zijd,stan)	8	658979	91.0348
didnt SPEC(vreemd)	8	658987	91.0359
dessert N(soort,ev,basis,onz,stan)	8	658995	91.037
denkek N(soort,ev,basis,onz,stan)	8	659003	91.0381
dec N(soort,ev,basis,zijd,stan)	8	659011	91.0392
dankjewel BW()	8	659019	91.0403
dame N(soort,ev,basis,zijd,stan)	8	659027	91.0414
daarstraks BW()	8	659035	91.0425
cool SPEC(vreemd)	8	659043	91.0436
compenseren WW(inf,vrij,zonder)	8	659051	91.0447
college N(soort,mv,basis)	8	659059	91.0458
cocktail N(soort,mv,basis)	8	659067	91.0469
clock SPEC(vreemd)	8	659075	91.0481
chick SPEC(vreemd)	8	659083	91.0492
chat N(soort,ev,basis,zijd,stan)	8	659091	91.0503
charlotte N(soort,ev,basis,zijd,stan)	8	659099	91.0514
cc N(soort,ev,basis,zijd,stan)	8	659107	91.0525
cava N(soort,mv,basis)	8	659115	91.0536
car SPEC(vreemd)	8	659123	91.0547
by SPEC(deeleigen)	8	659131	91.0558
buurman N(soort,ev,basis,zijd,stan)	8	659139	91.0569
burger N(soort,ev,basis,zijd,stan)	8	659147	91.058
buitenland N(soort,ev,basis,onz,stan)	8	659155	91.0591
buikpijn N(soort,ev,basis,zijd,stan)	8	659163	91.0602
btw ADJ(vrij,basis,zonder)	8	659171	91.0613
bro N(soort,ev,basis,zijd,stan)	8	659179	91.0624
bring SPEC(vreemd)	8	659187	91.0635
brengen WW(pv,tgw,mv)	8	659195	91.0646
brechtje N(soort,ev,dim,onz,stan)	8	659203	91.0657
box N(soort,mv,basis)	8	659211	91.0668
boodschap N(soort,mv,dim)	8	659219	91.0679
bol N(soort,ev,basis,zijd,stan)	8	659227	91.0691
bodem N(soort,ev,basis,zijd,stan)	8	659235	91.0702
bob N(soort,ev,basis,zijd,stan)	8	659243	91.0713
blyven WW(inf,vrij,zonder)	8	659251	91.0724
bluh N(soort,ev,basis,onz,stan)	8	659259	91.0735
blokken WW(inf,vrij,zonder)	8	659267	91.0746
beweging N(soort,ev,basis,zijd,stan)	8	659275	91.0757
bevestiging N(soort,ev,basis,zijd,stan)	8	659283	91.0768
bessie N(soort,ev,basis,zijd,stan)	8	659291	91.0779
bel N(soort,ev,dim,onz,stan)	8	659299	91.079
bekijken WW(pv,tgw,mv)	8	659307	91.0801
begrafenis N(soort,ev,basis,zijd,stan)	8	659315	91.0812
battle SPEC(vreemd)	8	659323	91.0823
bas N(soort,ev,basis,zijd,stan)	8	659331	91.0834
band N(soort,ev,dim,onz,stan)	8	659339	91.0845
balen WW(pv,tgw,ev)	8	659347	91.0856
badmintonnen WW(inf,vrij,zonder)	8	659355	91.0867
away SPEC(vreemd)	8	659363	91.0878
auto N(soort,mv,basis)	8	659371	91.0889
app N(soort,ev,basis,zijd,stan)	8	659379	91.09
amuseren WW(pv,tgw,met-t)	8	659387	91.0912
along SPEC(vreemd)	8	659395	91.0923
almost SPEC(vreemd)	8	659403	91.0934
akkoord N(soort,ev,basis,onz,stan)	8	659411	91.0945
airco N(soort,ev,basis,zijd,stan)	8	659419	91.0956
ai N(soort,ev,basis,zijd,stan)	8	659427	91.0967
afzetten WW(vd,vrij,zonder)	8	659435	91.0978
afspreken WW(pv,tgw,mv)	8	659443	91.0989
afsluiten WW(inf,vrij,zonder)	8	659451	91.1
achternaam N(soort,ev,basis,zijd,stan)	8	659459	91.1011
aardappel N(soort,mv,basis)	8	659467	91.1022
aanwezigheid N(soort,ev,basis,zijd,stan)	8	659475	91.1033
aangenaam ADJ(vrij,basis,zonder)	8	659483	91.1044
^ SPEC(symb)	8	659491	91.1055
Zweden SPEC(deeleigen)	8	659499	91.1066
Zeeland SPEC(deeleigen)	8	659507	91.1077
Yvonne SPEC(deeleigen)	8	659515	91.1088
Yay SPEC(deeleigen)	8	659523	91.1099
XD SPEC(deeleigen)	8	659531	91.111
Wss SPEC(vreemd)	8	659539	91.1122
West SPEC(deeleigen)	8	659547	91.1133
Waalwijk SPEC(deeleigen)	8	659555	91.1144
Vr SPEC(deeleigen)	8	659563	91.1155
Vermaak SPEC(deeleigen)	8	659571	91.1166
VERSION SPEC(deeleigen)	8	659579	91.1177
Tss SPEC(vreemd)	8	659587	91.1188
Tri SPEC(deeleigen)	8	659595	91.1199
Toon SPEC(deeleigen)	8	659603	91.121
Tomas SPEC(deeleigen)	8	659611	91.1221
Thx SPEC(deeleigen)	8	659619	91.1232
Thijs SPEC(deeleigen)	8	659627	91.1243
Tell SPEC(vreemd)	8	659635	91.1254
TEL SPEC(deeleigen)	8	659643	91.1265
Stefanie SPEC(deeleigen)	8	659651	91.1276
St. SPEC(afk)	8	659659	91.1287
Sofie SPEC(deeleigen)	8	659667	91.1298
Sinterklaas SPEC(deeleigen)	8	659675	91.1309
Simon SPEC(deeleigen)	8	659683	91.132
Should SPEC(vreemd)	8	659691	91.1331
Schiphol SPEC(deeleigen)	8	659699	91.1343
Sarah SPEC(deeleigen)	8	659707	91.1354
Sander SPEC(deeleigen)	8	659715	91.1365
Robbert SPEC(deeleigen)	8	659723	91.1376
Ramon SPEC(deeleigen)	8	659731	91.1387
Praag SPEC(deeleigen)	8	659739	91.1398
Please SPEC(vreemd)	8	659747	91.1409
Paulus SPEC(deeleigen)	8	659755	91.142
Ow SPEC(vreemd)	8	659763	91.1431
Oooh SPEC(deeleigen)	8	659771	91.1442
Nmgn SPEC(deeleigen)	8	659779	91.1453
Naja SPEC(deeleigen)	8	659787	91.1464
NAME SPEC(deeleigen)	8	659795	91.1475
Might SPEC(vreemd)	8	659803	91.1486
Michael SPEC(deeleigen)	8	659811	91.1497
McGraard SPEC(deeleigen)	8	659819	91.1508
Marnix SPEC(deeleigen)	8	659827	91.1519
Maja SPEC(deeleigen)	8	659835	91.153
Maeike SPEC(deeleigen)	8	659843	91.1541
M SPEC(symb)	8	659851	91.1553
Lena SPEC(deeleigen)	8	659859	91.1564
LL SPEC(deeleigen)	8	659867	91.1575
L. SPEC(afk)	8	659875	91.1586
Kzie SPEC(deeleigen)	8	659883	91.1597
Korvelseweg SPEC(deeleigen)	8	659891	91.1608
Keb SPEC(deeleigen)	8	659899	91.1619
Jiha SPEC(deeleigen)	8	659907	91.163
Jezus SPEC(deeleigen)	8	659915	91.1641
JJ SPEC(symb)	8	659923	91.1652
ItaliÃ« SPEC(deeleigen)	8	659931	91.1663
Inge SPEC(deeleigen)	8	659939	91.1674
In SPEC(vreemd)	8	659947	91.1685
Idd SPEC(deeleigen)	8	659955	91.1696
II SPEC(deeleigen)	8	659963	91.1707
Herman SPEC(deeleigen)	8	659971	91.1718
Hema SPEC(deeleigen)	8	659979	91.1729
Grtz SPEC(deeleigen)	8	659987	91.174
GO SPEC(deeleigen)	8	659995	91.1751
Frankrijk SPEC(deeleigen)	8	660003	91.1763
Florence SPEC(deeleigen)	8	660011	91.1774
Floor SPEC(deeleigen)	8	660019	91.1785
Evelien SPEC(deeleigen)	8	660027	91.1796
Edwin SPEC(deeleigen)	8	660035	91.1807
Deal SPEC(deeleigen)	8	660043	91.1818
Davy SPEC(deeleigen)	8	660051	91.1829
College SPEC(deeleigen)	8	660059	91.184
Club SPEC(deeleigen)	8	660067	91.1851
CELL SPEC(deeleigen)	8	660075	91.1862
Brabant SPEC(deeleigen)	8	660083	91.1873
Arjan SPEC(deeleigen)	8	660091	91.1884
Anouk SPEC(deeleigen)	8	660099	91.1895
Annemarie SPEC(deeleigen)	8	660107	91.1906
Annelieke SPEC(deeleigen)	8	660115	91.1917
Also SPEC(vreemd)	8	660123	91.1928
<URL> SPEC(symb)	8	660131	91.1939
<NAME> SPEC(symb)	8	660139	91.195
;D SPEC(symb)	8	660147	91.1961
90 TW(hoofd,prenom,stan)	8	660155	91.1972
66 TW(hoofd,vrij)	8	660163	91.1984
64 TW(hoofd,vrij)	8	660171	91.1995
56 SPEC(symb)	8	660179	91.2006
500 TW(hoofd,prenom,stan)	8	660187	91.2017
387 TW(hoofd,vrij)	8	660195	91.2028
38 TW(hoofd,vrij)	8	660203	91.2039
23 TW(hoofd,prenom,stan)	8	660211	91.205
21 TW(hoofd,prenom,stan)	8	660219	91.2061
198 TW(hoofd,vrij)	8	660227	91.2072
16 TW(hoofd,prenom,stan)	8	660235	91.2083
108 TW(hoofd,vrij)	8	660243	91.2094
04 SPEC(symb)	8	660251	91.2105
00 SPEC(symb)	8	660259	91.2116
..? SPEC(symb)	8	660267	91.2127
zulk VNW(aanw,det,stan,prenom,met-e,rest)	7	660274	91.2137
zuiden N(soort,ev,basis,onz,stan)	7	660281	91.2147
zowiezo SPEC(afk)	7	660288	91.2156
zonnebril N(soort,ev,basis,zijd,stan)	7	660295	91.2166
zondagochtend N(soort,ev,basis,zijd,stan)	7	660302	91.2176
zingen WW(inf,vrij,zonder)	7	660309	91.2185
zekers BW()	7	660316	91.2195
zeilen WW(inf,vrij,zonder)	7	660323	91.2205
zaterdagochtend N(soort,ev,basis,zijd,stan)	7	660330	91.2214
zat BW()	7	660337	91.2224
xp N(soort,ev,basis,onz,stan)	7	660344	91.2234
ww N(soort,ev,basis,zijd,stan)	7	660351	91.2243
wss N(soort,mv,basis)	7	660358	91.2253
wss ADJ(vrij,basis,zonder)	7	660365	91.2263
wreed ADJ(vrij,basis,zonder)	7	660372	91.2272
worst N(soort,ev,basis,zijd,stan)	7	660379	91.2282
woonkamer N(soort,ev,basis,zijd,stan)	7	660386	91.2292
wognum N(soort,ev,basis,onz,stan)	7	660393	91.2301
wim N(soort,ev,basis,zijd,stan)	7	660400	91.2311
while SPEC(vreemd)	7	660407	91.2321
which SPEC(vreemd)	7	660414	91.233
westen N(soort,ev,basis,onz,stan)	7	660421	91.234
west ADJ(nom,basis,zonder,zonder-n)	7	660428	91.235
werkelijk ADJ(vrij,basis,zonder)	7	660435	91.2359
were BW()	7	660442	91.2369
weliswaar BW()	7	660449	91.2379
wegen WW(pv,tgw,met-t)	7	660456	91.2388
wederom BW()	7	660463	91.2398
webstek N(soort,ev,basis,zijd,stan)	7	660470	91.2408
watje N(soort,ev,dim,onz,stan)	7	660477	91.2417
watching SPEC(vreemd)	7	660484	91.2427
wasmachine N(soort,ev,basis,zijd,stan)	7	660491	91.2437
wanted SPEC(vreemd)	7	660498	91.2446
wann N(soort,ev,basis,zijd,stan)	7	660505	91.2456
wandeling N(soort,ev,basis,zijd,stan)	7	660512	91.2466
vÃ³Ã³r VZ(init)	7	660519	91.2475
vvd N(soort,ev,basis,zijd,stan)	7	660526	91.2485
vriendelijk ADJ(vrij,basis,zonder)	7	660533	91.2495
vragen WW(pv,verl,mv)	7	660540	91.2504
vr ADJ(prenom,basis,zonder)	7	660547	91.2514
vorm N(soort,ev,basis,zijd,stan)	7	660554	91.2524
voren BW()	7	660561	91.2533
voorbereiding N(soort,mv,basis)	7	660568	91.2543
volgen WW(vd,vrij,zonder)	7	660575	91.2553
vol ADJ(postnom,basis,zonder)	7	660582	91.2562
voedsel N(soort,ev,basis,onz,stan)	7	660589	91.2572
vnvnd N(soort,ev,basis,onz,stan)	7	660596	91.2582
vnv N(soort,mv,basis)	7	660603	91.2591
vitamine N(soort,ev,dim,onz,stan)	7	660610	91.2601
visite N(soort,ev,basis,zijd,stan)	7	660617	91.2611
vet ADJ(prenom,basis,zonder)	7	660624	91.262
verzekering N(soort,ev,basis,zijd,stan)	7	660631	91.263
verwerken WW(inf,vrij,zonder)	7	660638	91.264
verveling N(soort,ev,basis,zijd,stan)	7	660645	91.2649
vervanger N(soort,ev,basis,zijd,stan)	7	660652	91.2659
vers ADJ(vrij,basis,zonder)	7	660659	91.2669
verplaatsen WW(vd,vrij,zonder)	7	660666	91.2678
verplaatsen WW(inf,vrij,zonder)	7	660673	91.2688
vermaken WW(pv,tgw,ev)	7	660680	91.2698
vermaken WW(inf,vrij,zonder)	7	660687	91.2707
verdorie N(soort,ev,basis,zijd,stan)	7	660694	91.2717
verbranden WW(vd,vrij,zonder)	7	660701	91.2727
verbouwing N(soort,ev,basis,zijd,stan)	7	660708	91.2736
vatbaar ADJ(vrij,basis,zonder)	7	660715	91.2746
vanop VZ(init)	7	660722	91.2756
vanav N(soort,ev,basis,zijd,stan)	7	660729	91.2765
vanaaf ADJ(vrij,basis,zonder)	7	660736	91.2775
vallen WW(pv,verl,mv)	7	660743	91.2785
valerie N(soort,ev,basis,zijd,stan)	7	660750	91.2794
vake N(soort,ev,basis,zijd,stan)	7	660757	91.2804
va N(soort,ev,basis,zijd,stan)	7	660764	91.2814
uniform N(soort,ev,basis,onz,stan)	7	660771	91.2823
un SPEC(vreemd)	7	660778	91.2833
uitlopen WW(vd,vrij,zonder)	7	660785	91.2843
uitkomen WW(inf,vrij,zonder)	7	660792	91.2852
type N(soort,ev,basis,onz,stan)	7	660799	91.2862
twijfelen WW(pv,verl,ev)	7	660806	91.2872
tweeling N(soort,ev,basis,zijd,stan)	7	660813	91.2881
twas WW(pv,verl,ev)	7	660820	91.2891
trusten N(soort,mv,basis)	7	660827	91.2901
trug ADJ(vrij,basis,zonder)	7	660834	91.291
trouwen WW(vd,vrij,zonder)	7	660841	91.292
troep N(soort,ev,basis,zijd,stan)	7	660848	91.293
trek N(soort,ev,basis,zijd,stan)	7	660855	91.294
traject N(soort,ev,basis,onz,stan)	7	660862	91.2949
trainen WW(inf,nom,zonder,zonder-n)	7	660869	91.2959
traan N(soort,mv,basis)	7	660876	91.2969
toeval N(soort,ev,basis,onz,stan)	7	660883	91.2978
toestel N(soort,ev,basis,onz,stan)	7	660890	91.2988
toestand N(soort,ev,basis,zijd,stan)	7	660897	91.2998
tobe N(soort,ev,basis,zijd,stan)	7	660904	91.3007
tnx N(soort,ev,basis,zijd,stan)	7	660911	91.3017
timing N(soort,ev,basis,zijd,stan)	7	660918	91.3027
tijdelijk ADJ(vrij,basis,zonder)	7	660925	91.3036
thuiskomst N(soort,ev,basis,zijd,stan)	7	660932	91.3046
thuisfront N(soort,ev,basis,onz,stan)	7	660939	91.3056
through SPEC(vreemd)	7	660946	91.3065
those SPEC(vreemd)	7	660953	91.3075
things SPEC(vreemd)	7	660960	91.3085
tging N(soort,ev,basis,zijd,stan)	7	660967	91.3094
text WW(pv,tgw,met-t)	7	660974	91.3104
tempo N(soort,ev,basis,onz,stan)	7	660981	91.3114
tekst N(soort,mv,basis)	7	660988	91.3123
tekenen WW(vd,vrij,zonder)	7	660995	91.3133
tegenkomen WW(inf,vrij,zonder)	7	661002	91.3143
tas N(soort,mv,basis)	7	661009	91.3152
tanken WW(inf,vrij,zonder)	7	661016	91.3162
tand N(soort,mv,basis)	7	661023	91.3172
taai ADJ(vrij,basis,zonder)	7	661030	91.3181
t-shirt N(soort,ev,basis,onz,stan)	7	661037	91.3191
sybo N(soort,ev,basis,zijd,stan)	7	661044	91.3201
suggestie N(soort,mv,basis)	7	661051	91.321
strx N(soort,mv,basis)	7	661058	91.322
strategie N(soort,ev,basis,zijd,stan)	7	661065	91.323
storten WW(inf,vrij,zonder)	7	661072	91.3239
stijl N(soort,ev,basis,zijd,stan)	7	661079	91.3249
stevig ADJ(vrij,basis,zonder)	7	661086	91.3259
steun N(soort,ev,basis,zijd,stan)	7	661093	91.3268
stelen WW(vd,vrij,zonder)	7	661100	91.3278
stappen WW(pv,tgw,mv)	7	661107	91.3288
stap N(soort,ev,dim,onz,stan)	7	661114	91.3297
squash N(soort,ev,basis,onz,stan)	7	661121	91.3307
spul N(soort,ev,basis,onz,stan)	7	661128	91.3317
spiegel N(soort,ev,basis,zijd,stan)	7	661135	91.3326
spa N(soort,ev,basis,zijd,stan)	7	661142	91.3336
soir SPEC(vreemd)	7	661149	91.3346
snappen WW(pv,verl,ev)	7	661156	91.3355
slimpie N(soort,ev,basis,zijd,stan)	7	661163	91.3365
slightly SPEC(vreemd)	7	661170	91.3375
slaan WW(pv,tgw,met-t)	7	661177	91.3384
sir SPEC(vreemd)	7	661184	91.3394
sinterklaas N(soort,ev,basis,zijd,stan)	7	661191	91.3404
seg N(soort,ev,basis,zijd,stan)	7	661198	91.3413
scoren WW(vd,vrij,zonder)	7	661205	91.3423
scoren WW(inf,vrij,zonder)	7	661212	91.3433
schouwburg N(soort,ev,basis,zijd,stan)	7	661219	91.3442
schaap N(soort,ev,basis,onz,stan)	7	661226	91.3452
sanne N(soort,ev,basis,zijd,stan)	7	661233	91.3462
salaris N(soort,ev,basis,onz,stan)	7	661240	91.3471
ruit N(soort,ev,basis,zijd,stan)	7	661247	91.3481
rotterdam N(soort,ev,basis,onz,stan)	7	661254	91.3491
roos N(soort,ev,basis,zijd,stan)	7	661261	91.35
room SPEC(vreemd)	7	661268	91.351
rinkelen WW(inf,vrij,zonder)	7	661275	91.352
reÃ¼nie N(soort,ev,basis,zijd,stan)	7	661282	91.3529
respect N(soort,ev,basis,onz,stan)	7	661289	91.3539
reserveren WW(pv,tgw,mv)	7	661296	91.3549
remke N(soort,ev,basis,zijd,stan)	7	661303	91.3558
relaxen WW(pv,tgw,ev)	7	661310	91.3568
reeds BW()	7	661317	91.3578
reden N(soort,mv,basis)	7	661324	91.3587
rechtenkantine N(soort,ev,basis,zijd,stan)	7	661331	91.3597
recht N(soort,mv,basis)	7	661338	91.3607
real SPEC(vreemd)	7	661345	91.3616
reach TSW()	7	661352	91.3626
raden WW(inf,vrij,zonder)	7	661359	91.3636
r. ADJ(vrij,basis,zonder)	7	661366	91.3645
pub N(soort,ev,basis,zijd,stan)	7	661373	91.3655
psycholoog N(soort,ev,basis,zijd,stan)	7	661380	91.3665
programmeren WW(inf,vrij,zonder)	7	661387	91.3674
prikken WW(inf,vrij,zonder)	7	661394	91.3684
pp N(soort,ev,basis,zijd,stan)	7	661401	91.3694
possible SPEC(vreemd)	7	661408	91.3703
portemonnee N(soort,ev,basis,zijd,stan)	7	661415	91.3713
portefeuille N(soort,ev,basis,zijd,stan)	7	661422	91.3723
pop N(soort,ev,dim,onz,stan)	7	661429	91.3732
ploeg N(soort,ev,basis,zijd,stan)	7	661436	91.3742
please SPEC(vreemd)	7	661443	91.3752
plat ADJ(prenom,basis,met-e,stan)	7	661450	91.3761
plastic ADJ(prenom,basis,zonder)	7	661457	91.3771
plafond N(soort,ev,basis,onz,stan)	7	661464	91.3781
penalty N(soort,ev,basis,zijd,stan)	7	661471	91.379
patat N(soort,ev,basis,zijd,stan)	7	661478	91.38
pass SPEC(vreemd)	7	661485	91.381
pasen N(soort,mv,basis)	7	661492	91.3819
parking N(soort,ev,basis,zijd,stan)	7	661499	91.3829
parkeren WW(vd,vrij,zonder)	7	661506	91.3839
pakket N(soort,ev,dim,onz,stan)	7	661513	91.3849
paella N(soort,ev,basis,zijd,stan)	7	661520	91.3858
overtuigen WW(vd,vrij,zonder)	7	661527	91.3868
overschot N(soort,ev,basis,onz,stan)	7	661534	91.3878
overleggen WW(vd,vrij,zonder)	7	661541	91.3887
overkant N(soort,ev,basis,zijd,stan)	7	661548	91.3897
oud ADJ(vrij,comp,zonder)	7	661555	91.3907
organisatie N(soort,ev,basis,zijd,stan)	7	661562	91.3916
oranje ADJ(prenom,basis,zonder)	7	661569	91.3926
opwarmen WW(inf,vrij,zonder)	7	661576	91.3936
optreden N(soort,mv,basis)	7	661583	91.3945
opstellen WW(inf,vrij,zonder)	7	661590	91.3955
opgelucht ADJ(vrij,basis,zonder)	7	661597	91.3965
onzin N(soort,ev,basis,zijd,stan)	7	661604	91.3974
ontvangst N(soort,ev,basis,zijd,stan)	7	661611	91.3984
ontdekken WW(vd,vrij,zonder)	7	661618	91.3994
ongelofelijk ADJ(vrij,basis,zonder)	7	661625	91.4003
ong. SPEC(afk)	7	661632	91.4013
ofwa N(soort,ev,basis,zijd,stan)	7	661639	91.4023
nu VG(onder)	7	661646	91.4032
nope N(soort,ev,basis,onz,stan)	7	661653	91.4042
noemen WW(pv,tgw,ev)	7	661660	91.4052
nie WW(inf,vrij,zonder)	7	661667	91.4061
negeren WW(pv,tgw,ev)	7	661674	91.4071
negatief ADJ(vrij,basis,zonder)	7	661681	91.4081
neef N(soort,ev,basis,zijd,stan)	7	661688	91.409
natuur N(soort,ev,basis,zijd,stan)	7	661695	91.41
nah BW()	7	661702	91.411
naam N(soort,mv,basis)	7	661709	91.4119
myself SPEC(vreemd)	7	661716	91.4129
myn N(soort,ev,basis,zijd,stan)	7	661723	91.4139
munt N(soort,mv,dim)	7	661730	91.4148
muffin N(soort,mv,basis)	7	661737	91.4158
motivatie N(soort,ev,basis,zijd,stan)	7	661744	91.4168
morgn N(soort,mv,basis)	7	661751	91.4177
morgennamiddag BW()	7	661758	91.4187
mood SPEC(vreemd)	7	661765	91.4197
moment N(soort,mv,basis)	7	661772	91.4206
moek N(soort,ev,basis,zijd,stan)	7	661779	91.4216
moeder N(soort,mv,basis)	7	661786	91.4226
mobiel ADJ(vrij,basis,zonder)	7	661793	91.4235
misselijk ADJ(vrij,basis,zonder)	7	661800	91.4245
minutes SPEC(vreemd)	7	661807	91.4255
minute SPEC(vreemd)	7	661814	91.4264
mine SPEC(vreemd)	7	661821	91.4274
middernacht N(soort,ev,basis,zijd,stan)	7	661828	91.4284
mgl WW(pv,tgw,met-t)	7	661835	91.4293
melden WW(pv,tgw,ev)	7	661842	91.4303
meisie N(soort,ev,basis,zijd,stan)	7	661849	91.4313
mein SPEC(vreemd)	7	661856	91.4322
meegaan WW(pv,tgw,met-t)	7	661863	91.4332
meegaan WW(pv,tgw,ev)	7	661870	91.4342
meebrengen WW(pv,tgw,mv)	7	661877	91.4351
mean SPEC(vreemd)	7	661884	91.4361
max. SPEC(afk)	7	661891	91.4371
matras N(soort,ev,basis,zijd,stan)	7	661898	91.438
mat N(soort,ev,basis,zijd,stan)	7	661905	91.439
management N(soort,ev,basis,onz,stan)	7	661912	91.44
mailen WW(pv,verl,ev)	7	661919	91.4409
madam N(soort,ev,basis,zijd,stan)	7	661926	91.4419
maal N(soort,ev,basis,zijd,stan)	7	661933	91.4429
m SPEC(afk)	7	661940	91.4438
luisteren WW(pv,tgw,ev)	7	661947	91.4448
luchthaven N(soort,ev,basis,zijd,stan)	7	661954	91.4458
light SPEC(vreemd)	7	661961	91.4467
lievio N(soort,ev,basis,zijd,stan)	7	661968	91.4477
lieffie SPEC(vreemd)	7	661975	91.4487
lid N(soort,mv,basis)	7	661982	91.4496
library SPEC(vreemd)	7	661989	91.4506
let's SPEC(vreemd)	7	661996	91.4516
lentekriebel N(soort,ev,basis,zijd,stan)	7	662003	91.4525
lelijk ADJ(vrij,basis,zonder)	7	662010	91.4535
lekkah ADJ(vrij,basis,zonder)	7	662017	91.4545
leerling N(soort,mv,basis)	7	662024	91.4554
laus SPEC(vreemd)	7	662031	91.4564
laura N(soort,ev,basis,zijd,stan)	7	662038	91.4574
laten WW(pv,verl,ev)	7	662045	91.4583
langskomen WW(pv,tgw,mv)	7	662052	91.4593
lama N(soort,ev,basis,zijd,stan)	7	662059	91.4603
kzou WW(pv,tgw,ev)	7	662066	91.4612
kzal VG(onder)	7	662073	91.4622
kutweer N(soort,ev,basis,onz,stan)	7	662080	91.4632
krat N(soort,mv,dim)	7	662087	91.4641
kraan N(soort,ev,basis,zijd,stan)	7	662094	91.4651
koud ADJ(prenom,basis,met-e,stan)	7	662101	91.4661
kont N(soort,ev,basis,zijd,stan)	7	662108	91.467
koek N(soort,mv,dim)	7	662115	91.468
knop N(soort,ev,dim,onz,stan)	7	662122	91.469
knallen WW(inf,vrij,zonder)	7	662129	91.4699
klote N(soort,ev,basis,zijd,stan)	7	662136	91.4709
kind N(soort,ev,dim,onz,stan)	7	662143	91.4719
khad N(soort,ev,basis,onz,stan)	7	662150	91.4728
kezour N(soort,ev,basis,zijd,stan)	7	662157	91.4738
kat N(soort,mv,dim)	7	662164	91.4748
kaka N(soort,ev,basis,zijd,stan)	7	662171	91.4757
jumbo N(soort,ev,basis,zijd,stan)	7	662178	91.4767
juij BW()	7	662185	91.4777
jeugd N(soort,ev,basis,zijd,stan)	7	662192	91.4787
jazz N(soort,ev,basis,zijd,stan)	7	662199	91.4796
jatten WW(vd,vrij,zonder)	7	662206	91.4806
italiaans ADJ(prenom,basis,zonder)	7	662213	91.4816
ish N(soort,ev,basis,zijd,stan)	7	662220	91.4825
irish N(soort,ev,basis,zijd,stan)	7	662227	91.4835
inzien WW(inf,vrij,zonder)	7	662234	91.4845
into SPEC(vreemd)	7	662241	91.4854
instelling N(soort,mv,basis)	7	662248	91.4864
instant SPEC(vreemd)	7	662255	91.4874
instant N(soort,ev,basis,onz,stan)	7	662262	91.4883
inspreken WW(vd,vrij,zonder)	7	662269	91.4893
inspreken WW(inf,vrij,zonder)	7	662276	91.4903
inside SPEC(vreemd)	7	662283	91.4912
inclusief ADJ(vrij,basis,zonder)	7	662290	91.4922
ier N(soort,ev,basis,onz,stan)	7	662297	91.4932
idioot ADJ(vrij,basis,zonder)	7	662304	91.4941
idee N(soort,mv,basis)	7	662311	91.4951
huren WW(inf,vrij,zonder)	7	662318	91.4961
hun VNW(pers,pron,obl,vol,3p,mv)	7	662325	91.497
huiswerk N(soort,ev,basis,onz,stan)	7	662332	91.498
hr N(soort,ev,basis,zijd,stan)	7	662339	91.499
how N(soort,mv,basis)	7	662346	91.4999
hout N(soort,ev,basis,onz,stan)	7	662353	91.5009
houden WW(pv,verl,ev)	7	662360	91.5019
hot SPEC(vreemd)	7	662367	91.5028
horen WW(pv,tgw,mv)	7	662374	91.5038
hopen WW(vd,vrij,zonder)	7	662381	91.5048
hope SPEC(vreemd)	7	662388	91.5057
honderd TW(hoofd,prenom,stan)	7	662395	91.5067
hoii N(soort,ev,basis,zijd,stan)	7	662402	91.5077
hobby N(soort,ev,basis,zijd,stan)	7	662409	91.5086
hippie N(soort,ev,basis,zijd,stan)	7	662416	91.5096
hiervan BW()	7	662423	91.5106
heute SPEC(vreemd)	7	662430	91.5115
herinneren WW(pv,tgw,ev)	7	662437	91.5125
hemel N(soort,ev,basis,zijd,stan)	7	662444	91.5135
helaesch ADJ(vrij,basis,zonder)	7	662451	91.5144
hectisch ADJ(vrij,basis,zonder)	7	662458	91.5154
heard SPEC(vreemd)	7	662465	91.5164
hartelijk ADJ(prenom,basis,zonder)	7	662472	91.5173
hap N(soort,mv,dim)	7	662479	91.5183
hap N(soort,ev,basis,zijd,stan)	7	662486	91.5193
halleej TSW(dial)	7	662493	91.5202
haat N(soort,ev,basis,zijd,stan)	7	662500	91.5212
ha N(soort,ev,basis,zijd,stan)	7	662507	91.5222
guess SPEC(vreemd)	7	662514	91.5231
groot ADJ(prenom,sup,met-e,stan)	7	662521	91.5241
groeien WW(inf,vrij,zonder)	7	662528	91.5251
grieperig ADJ(vrij,basis,zonder)	7	662535	91.526
gordijn N(soort,mv,basis)	7	662542	91.527
gooien WW(vd,vrij,zonder)	7	662549	91.528
goh BW()	7	662556	91.5289
goeste N(soort,ev,basis,zijd,stan)	7	662563	91.5299
gn SPEC(vreemd)	7	662570	91.5309
gevecht N(soort,ev,basis,onz,stan)	7	662577	91.5318
gemeen ADJ(vrij,basis,zonder)	7	662584	91.5328
gemakkelijk ADJ(vrij,comp,zonder)	7	662591	91.5338
gelijk BW()	7	662598	91.5347
gay SPEC(vreemd)	7	662605	91.5357
game SPEC(vreemd)	7	662612	91.5367
gaje N(soort,ev,dim,onz,stan)	7	662619	91.5376
gaadet WW(vd,vrij,zonder)	7	662626	91.5386
g N(soort,ev,basis,zijd,stan)	7	662633	91.5396
fulltime ADJ(vrij,basis,zonder)	7	662640	91.5405
frigo N(soort,ev,basis,zijd,stan)	7	662647	91.5415
frederik N(soort,ev,basis,zijd,stan)	7	662654	91.5425
fre N(soort,ev,basis,zijd,stan)	7	662661	91.5434
found SPEC(vreemd)	7	662668	91.5444
folder N(soort,ev,basis,zijd,stan)	7	662675	91.5454
foei N(soort,ev,basis,zijd,stan)	7	662682	91.5463
flief N(soort,ev,dim,onz,stan)	7	662689	91.5473
fles N(soort,mv,basis)	7	662696	91.5483
ff N(soort,mv,dim)	7	662703	91.5492
feestdag N(soort,mv,basis)	7	662710	91.5502
fb N(soort,ev,basis,zijd,stan)	7	662717	91.5512
fan N(soort,ev,basis,zijd,stan)	7	662724	91.5521
extreem ADJ(prenom,basis,met-e,stan)	7	662731	91.5531
everything SPEC(vreemd)	7	662738	91.5541
ever SPEC(vreemd)	7	662745	91.555
even WW(pv,tgw,met-t)	7	662752	91.556
eng ADJ(prenom,basis,met-e,stan)	7	662759	91.557
elmo N(soort,ev,basis,zijd,stan)	7	662766	91.5579
el N(soort,mv,basis)	7	662773	91.5589
ej N(soort,ev,basis,zijd,stan)	7	662780	91.5599
eiland N(soort,ev,basis,onz,stan)	7	662787	91.5608
eight SPEC(vreemd)	7	662794	91.5618
eeuw N(soort,ev,basis,zijd,stan)	7	662801	91.5628
eens ADJ(vrij,basis,zonder)	7	662808	91.5637
eed N(soort,ev,basis,dat)	7	662815	91.5647
economie N(soort,ev,basis,zijd,stan)	7	662822	91.5657
duitsland SPEC(deeleigen)	7	662829	91.5666
duidelijkheid N(soort,ev,basis,zijd,stan)	7	662836	91.5676
dromenland N(soort,ev,basis,onz,stan)	7	662843	91.5686
dromen WW(pv,tgw,ev)	7	662850	91.5696
draaien WW(vd,vrij,zonder)	7	662857	91.5705
downloaden WW(vd,vrij,zonder)	7	662864	91.5715
dorp N(soort,ev,basis,onz,stan)	7	662871	91.5725
doos N(soort,mv,basis)	7	662878	91.5734
dont N(soort,ev,basis,zijd,stan)	7	662885	91.5744
does SPEC(vreemd)	7	662892	91.5754
dodo N(soort,ev,basis,zijd,stan)	7	662899	91.5763
directeur N(soort,ev,basis,zijd,stan)	7	662906	91.5773
dik ADJ(dial)	7	662913	91.5783
died SPEC(vreemd)	7	662920	91.5792
denkek N(soort,ev,basis,zijd,stan)	7	662927	91.5802
definitief ADJ(vrij,basis,zonder)	7	662934	91.5812
de LID(bep,gen,evmo)	7	662941	91.5821
daarnaast BW()	7	662948	91.5831
daarbij BW()	7	662955	91.5841
curry N(soort,ev,basis,zijd,stan)	7	662962	91.585
crisis N(soort,ev,basis,zijd,stan)	7	662969	91.586
crib N(soort,ev,basis,zijd,stan)	7	662976	91.587
costa SPEC(deeleigen)	7	662983	91.5879
competitie N(soort,ev,basis,zijd,stan)	7	662990	91.5889
communicatie N(soort,ev,basis,zijd,stan)	7	662997	91.5899
combineren WW(inf,vrij,zonder)	7	663004	91.5908
colruyt N(soort,ev,basis,zijd,stan)	7	663011	91.5918
collegas N(soort,ev,basis,zijd,stan)	7	663018	91.5928
chembur N(soort,ev,basis,zijd,stan)	7	663025	91.5937
cheap SPEC(vreemd)	7	663032	91.5947
chaos N(soort,ev,basis,zijd,stan)	7	663039	91.5957
chance N(soort,ev,basis,zijd,stan)	7	663046	91.5966
cent N(soort,ev,basis,zijd,stan)	7	663053	91.5976
cd's N(soort,mv,basis)	7	663060	91.5986
came SPEC(vreemd)	7	663067	91.5995
byna N(soort,ev,basis,zijd,stan)	7	663074	91.6005
bv BW()	7	663081	91.6015
bushalte N(soort,ev,basis,zijd,stan)	7	663088	91.6024
brunch N(soort,ev,basis,zijd,stan)	7	663095	91.6034
brugge N(soort,ev,basis,zijd,stan)	7	663102	91.6044
brugge N(soort,ev,basis,dat)	7	663109	91.6053
brug N(soort,ev,basis,zijd,stan)	7	663116	91.6063
break SPEC(vreemd)	7	663123	91.6073
bram N(soort,ev,basis,zijd,stan)	7	663130	91.6082
borne N(soort,ev,basis,zijd,stan)	7	663137	91.6092
book SPEC(vreemd)	7	663144	91.6102
boeg N(soort,ev,basis,zijd,stan)	7	663151	91.6111
boe N(soort,ev,basis,zijd,stan)	7	663158	91.6121
bod N(soort,ev,basis,onz,stan)	7	663165	91.6131
blok N(soort,mv,basis)	7	663172	91.614
blauw ADJ(prenom,basis,zonder)	7	663179	91.615
blad N(soort,ev,basis,onz,stan)	7	663186	91.616
bizar ADJ(vrij,basis,zonder)	7	663193	91.6169
bien SPEC(vreemd)	7	663200	91.6179
bevestigen WW(vd,vrij,zonder)	7	663207	91.6189
beveiliging N(soort,ev,basis,zijd,stan)	7	663214	91.6198
bevallen WW(vd,vrij,zonder)	7	663221	91.6208
bestuur N(soort,ev,basis,onz,stan)	7	663228	91.6218
bespreken WW(vd,vrij,zonder)	7	663235	91.6227
berging N(soort,ev,basis,zijd,stan)	7	663242	91.6237
berg N(soort,ev,basis,zijd,stan)	7	663249	91.6247
beloven WW(pv,tgw,ev)	7	663256	91.6256
bekijken WW(pv,tgw,ev)	7	663263	91.6266
bedrag N(soort,ev,basis,onz,stan)	7	663270	91.6276
bbq N(soort,mv,basis)	7	663277	91.6285
bbq ADJ(vrij,basis,zonder)	7	663284	91.6295
bart WW(pv,tgw,met-t)	7	663291	91.6305
barcelona N(soort,ev,basis,zijd,stan)	7	663298	91.6314
babysit N(soort,ev,basis,zijd,stan)	7	663305	91.6324
baan N(soort,mv,basis)	7	663312	91.6334
avondeten N(soort,ev,basis,onz,stan)	7	663319	91.6343
automatisch ADJ(vrij,basis,zonder)	7	663326	91.6353
ask SPEC(vreemd)	7	663333	91.6363
arbeid N(soort,ev,basis,zijd,stan)	7	663340	91.6372
apparaat N(soort,ev,basis,onz,stan)	7	663347	91.6382
apotheek N(soort,ev,basis,zijd,stan)	7	663354	91.6392
anyway SPEC(vreemd)	7	663361	91.6401
always SPEC(vreemd)	7	663368	91.6411
allerliefst ADJ(prenom,sup,met-e,stan)	7	663375	91.6421
alive SPEC(vreemd)	7	663382	91.643
alhoewel VG(onder)	7	663389	91.644
ahnee N(soort,ev,basis,zijd,stan)	7	663396	91.645
afwerken WW(inf,vrij,zonder)	7	663403	91.6459
afstuderen WW(inf,vrij,zonder)	7	663410	91.6469
afsluiten WW(vd,vrij,zonder)	7	663417	91.6479
afschuwelijk ADJ(vrij,basis,zonder)	7	663424	91.6488
administratie N(soort,ev,basis,zijd,stan)	7	663431	91.6498
adem N(soort,ev,basis,zijd,stan)	7	663438	91.6508
achterop BW()	7	663445	91.6517
abend SPEC(vreemd)	7	663452	91.6527
aanbellen WW(inf,vrij,zonder)	7	663459	91.6537
ZzZ SPEC(deeleigen)	7	663466	91.6546
Wognum SPEC(deeleigen)	7	663473	91.6556
Wilma SPEC(deeleigen)	7	663480	91.6566
Who SPEC(vreemd)	7	663487	91.6575
What's SPEC(vreemd)	7	663494	91.6585
Wer SPEC(vreemd)	7	663501	91.6595
USB SPEC(deeleigen)	7	663508	91.6605
Tine SPEC(deeleigen)	7	663515	91.6614
This SPEC(vreemd)	7	663522	91.6624
Thank SPEC(vreemd)	7	663529	91.6634
Teun SPEC(deeleigen)	7	663536	91.6643
Simone SPEC(deeleigen)	7	663543	91.6653
Schoemakerstraat SPEC(deeleigen)	7	663550	91.6663
Ryan SPEC(deeleigen)	7	663557	91.6672
Rem SPEC(deeleigen)	7	663564	91.6682
Porto SPEC(deeleigen)	7	663571	91.6692
Pat SPEC(deeleigen)	7	663578	91.6701
Party SPEC(vreemd)	7	663585	91.6711
Parijs SPEC(deeleigen)	7	663592	91.6721
OK SPEC(deeleigen)	7	663599	91.673
Nighty SPEC(vreemd)	7	663606	91.674
NL SPEC(symb)	7	663613	91.675
Moss SPEC(deeleigen)	7	663620	91.6759
Mezz SPEC(deeleigen)	7	663627	91.6769
Meileken SPEC(deeleigen)	7	663634	91.6779
Medisoc SPEC(deeleigen)	7	663641	91.6788
Matt SPEC(deeleigen)	7	663648	91.6798
Margriet SPEC(deeleigen)	7	663655	91.6808
Madrid SPEC(deeleigen)	7	663662	91.6817
Lieven SPEC(deeleigen)	7	663669	91.6827
Lemme SPEC(vreemd)	7	663676	91.6837
Las SPEC(deeleigen)	7	663683	91.6846
La SPEC(deeleigen)	7	663690	91.6856
Kristin SPEC(deeleigen)	7	663697	91.6866
Kissies SPEC(deeleigen)	7	663704	91.6875
JosÃ© SPEC(deeleigen)	7	663711	91.6885
Johannes SPEC(deeleigen)	7	663718	91.6895
Hihihi SPEC(deeleigen)	7	663725	91.6904
Haay SPEC(deeleigen)	7	663732	91.6914
HK SPEC(deeleigen)	7	663739	91.6924
Gerard SPEC(deeleigen)	7	663746	91.6933
GGZ SPEC(deeleigen)	7	663753	91.6943
Floris SPEC(deeleigen)	7	663760	91.6953
Famke SPEC(deeleigen)	7	663767	91.6962
Ey SPEC(deeleigen)	7	663774	91.6972
Erwin SPEC(deeleigen)	7	663781	91.6982
Enjoy SPEC(vreemd)	7	663788	91.6991
Eddy SPEC(deeleigen)	7	663795	91.7001
EJ SPEC(symb)	7	663802	91.7011
Don SPEC(deeleigen)	7	663809	91.702
Deventer SPEC(deeleigen)	7	663816	91.703
Delhaize SPEC(deeleigen)	7	663823	91.704
Cleo SPEC(deeleigen)	7	663830	91.7049
CafÃ© SPEC(deeleigen)	7	663837	91.7059
Bbq SPEC(deeleigen)	7	663844	91.7069
Balkan SPEC(deeleigen)	7	663851	91.7078
Bacchus SPEC(deeleigen)	7	663858	91.7088
Arjen SPEC(deeleigen)	7	663865	91.7098
Anything SPEC(vreemd)	7	663872	91.7107
Amersfoort SPEC(deeleigen)	7	663879	91.7117
Ahn SPEC(deeleigen)	7	663886	91.7127
A SPEC(vreemd)	7	663893	91.7136
86 TW(hoofd,prenom,stan)	7	663900	91.7146
76 TW(hoofd,vrij)	7	663907	91.7156
60 TW(hoofd,vrij)	7	663914	91.7165
59 TW(hoofd,prenom,stan)	7	663921	91.7175
58 TW(hoofd,vrij)	7	663928	91.7185
41 TW(hoofd,vrij)	7	663935	91.7194
39 TW(hoofd,vrij)	7	663942	91.7204
36 TW(hoofd,vrij)	7	663949	91.7214
2006 TW(hoofd,vrij)	7	663956	91.7223
1ste TW(rang,prenom,stan)	7	663963	91.7233
1500 TW(hoofd,prenom,stan)	7	663970	91.7243
.? LET()	7	663977	91.7252
'n WW(vd,prenom,zonder)	7	663984	91.7262
Ã© N(soort,ev,basis,zijd,stan)	6	663990	91.727
Â° SPEC(symb)	6	663996	91.7279
zyn SPEC(deeleigen)	6	664002	91.7287
zwemmen WW(vd,vrij,zonder)	6	664008	91.7295
zwanger ADJ(prenom,basis,met-e,stan)	6	664014	91.7304
zuster N(soort,ev,dim,onz,stan)	6	664020	91.7312
zuchten WW(pv,tgw,ev)	6	664026	91.732
zottegem N(soort,ev,basis,onz,stan)	6	664032	91.7328
zoooo N(soort,ev,basis,zijd,stan)	6	664038	91.7337
zombie N(soort,ev,basis,zijd,stan)	6	664044	91.7345
zoetie N(soort,ev,basis,zijd,stan)	6	664050	91.7353
zije N(soort,ev,dim,onz,stan)	6	664056	91.7362
zeun N(soort,ev,basis,zijd,stan)	6	664062	91.737
zalig ADJ(prenom,basis,met-e,stan)	6	664068	91.7378
zakken WW(inf,vrij,zonder)	6	664074	91.7386
xx WW(inf,vrij,zonder)	6	664080	91.7395
xp SPEC(vreemd)	6	664086	91.7403
xkxkx WW(vd,vrij,zonder)	6	664092	91.7411
xbox N(soort,ev,basis,zijd,stan)	6	664098	91.742
wÃ©Ã©r BW()	6	664104	91.7428
working SPEC(vreemd)	6	664110	91.7436
woohoo N(soort,ev,basis,zijd,stan)	6	664116	91.7444
winter N(soort,ev,basis,zijd,stan)	6	664122	91.7453
winkelen WW(inf,vrij,zonder)	6	664128	91.7461
winkel N(soort,mv,basis)	6	664134	91.7469
wijzen WW(pv,verl,ev)	6	664140	91.7478
whatsapp N(soort,ev,basis,onz,stan)	6	664146	91.7486
weten WW(vd,vrij,zonder)	6	664152	91.7494
werkzaamheid N(soort,mv,basis)	6	664158	91.7502
wens N(soort,ev,basis,zijd,stan)	6	664164	91.7511
welkom N(soort,ev,basis,onz,stan)	6	664170	91.7519
welcome SPEC(vreemd)	6	664176	91.7527
weekend SPEC(vreemd)	6	664182	91.7536
wassen WW(vd,vrij,zonder)	6	664188	91.7544
was N(soort,ev,basis,zijd,stan)	6	664194	91.7552
warmte N(soort,ev,basis,zijd,stan)	6	664200	91.756
warm ADJ(vrij,comp,zonder)	6	664206	91.7569
wacht N(soort,ev,basis,zijd,stan)	6	664212	91.7577
vreemd ADJ(prenom,basis,met-e,stan)	6	664218	91.7585
vraagteken N(soort,ev,basis,onz,stan)	6	664224	91.7594
vr ADJ(vrij,comp,zonder)	6	664230	91.7602
voorraad N(soort,ev,basis,zijd,stan)	6	664236	91.761
voorin BW()	6	664242	91.7618
volkomen ADJ(vrij,basis,zonder)	6	664248	91.7627
volgen WW(pv,tgw,mv)	6	664254	91.7635
vol ADJ(prenom,basis,zonder)	6	664260	91.7643
voicemail N(soort,ev,basis,onz,stan)	6	664266	91.7652
vogel N(soort,ev,basis,zijd,stan)	6	664272	91.766
vo N(soort,ev,basis,onz,stan)	6	664278	91.7668
vlot ADJ(vrij,comp,zonder)	6	664284	91.7677
vlieger N(soort,ev,basis,zijd,stan)	6	664290	91.7685
vliegen WW(pv,tgw,met-t)	6	664296	91.7693
vlaams ADJ(prenom,basis,met-e,stan)	6	664302	91.7701
vinger N(soort,mv,basis)	6	664308	91.771
vieren WW(pv,tgw,mv)	6	664314	91.7718
vier TW(rang,nom,zonder-n)	6	664320	91.7726
vest N(soort,ev,basis,onz,stan)	6	664326	91.7735
verzoek N(soort,ev,basis,onz,stan)	6	664332	91.7743
verwijderen WW(vd,vrij,zonder)	6	664338	91.7751
verwerken WW(vd,vrij,zonder)	6	664344	91.7759
verwennen WW(vd,vrij,zonder)	6	664350	91.7768
vervangen WW(inf,vrij,zonder)	6	664356	91.7776
vertellen WW(pv,verl,ev)	6	664362	91.7784
verslapen WW(inf,vrij,zonder)	6	664368	91.7793
vermaken WW(pv,tgw,mv)	6	664374	91.7801
verlopen WW(vd,vrij,zonder)	6	664380	91.7809
verjaardagsfeest N(soort,ev,dim,onz,stan)	6	664386	91.7817
vergissen WW(vd,vrij,zonder)	6	664392	91.7826
vergeten WW(pv,tgw,mv)	6	664398	91.7834
verdwijnen WW(vd,vrij,zonder)	6	664404	91.7842
verdoving N(soort,ev,basis,zijd,stan)	6	664410	91.7851
verdediging N(soort,ev,basis,zijd,stan)	6	664416	91.7859
verbondsraad N(soort,ev,basis,zijd,stan)	6	664422	91.7867
ver ADJ(prenom,comp,met-e,stan)	6	664428	91.7875
ver ADJ(prenom,basis,met-e,stan)	6	664434	91.7884
vader N(soort,mv,basis)	6	664440	91.7892
vaak BW()	6	664446	91.79
until SPEC(vreemd)	6	664452	91.7909
uitwisseling N(soort,ev,basis,zijd,stan)	6	664458	91.7917
uittellen WW(vd,vrij,zonder)	6	664464	91.7925
uitstel N(soort,ev,basis,onz,stan)	6	664470	91.7933
uitreiking N(soort,ev,basis,zijd,stan)	6	664476	91.7942
ui N(soort,ev,dim,onz,stan)	6	664482	91.795
tzijn N(soort,ev,basis,zijd,stan)	6	664488	91.7958
type N(soort,mv,basis)	6	664494	91.7967
tyd N(soort,ev,basis,onz,stan)	6	664500	91.7975
twente N(soort,ev,basis,zijd,stan)	6	664506	91.7983
tuurlyk N(soort,ev,basis,onz,stan)	6	664512	91.7991
truste WW(pv,verl,ev)	6	664518	91.8
trug N(soort,ev,basis,zijd,stan)	6	664524	91.8008
treffen WW(vd,vrij,zonder)	6	664530	91.8016
tram N(soort,mv,basis)	6	664536	91.8025
tralala SPEC(deeleigen)	6	664542	91.8033
trakteren WW(pv,tgw,ev)	6	664548	91.8041
trailer N(soort,ev,basis,zijd,stan)	6	664554	91.805
touw N(soort,ev,basis,onz,stan)	6	664560	91.8058
tour N(soort,ev,basis,zijd,stan)	6	664566	91.8066
totally SPEC(vreemd)	6	664572	91.8074
toog N(soort,ev,basis,zijd,stan)	6	664578	91.8083
tonijn N(soort,ev,basis,zijd,stan)	6	664584	91.8091
tomaat N(soort,ev,basis,zijd,stan)	6	664590	91.8099
tom SPEC(vreemd)	6	664596	91.8108
toi SPEC(vreemd)	6	664602	91.8116
toestemming N(soort,ev,basis,zijd,stan)	6	664608	91.8124
toer N(soort,mv,basis)	6	664614	91.8132
toer N(soort,ev,dim,onz,stan)	6	664620	91.8141
tired SPEC(vreemd)	6	664626	91.8149
tijger N(soort,ev,basis,zijd,stan)	6	664632	91.8157
thought SPEC(vreemd)	6	664638	91.8166
thou SPEC(vreemd)	6	664644	91.8174
they SPEC(vreemd)	6	664650	91.8182
theorie N(soort,ev,basis,zijd,stan)	6	664656	91.819
that's SPEC(vreemd)	6	664662	91.8199
tgaat N(soort,ev,basis,zijd,stan)	6	664668	91.8207
testen WW(vd,vrij,zonder)	6	664674	91.8215
terugkomen WW(inf,vrij,zonder)	6	664680	91.8224
termijn N(soort,ev,basis,zijd,stan)	6	664686	91.8232
tenslotte BW()	6	664692	91.824
tennissen WW(inf,vrij,zonder)	6	664698	91.8248
temperatuur N(soort,ev,basis,zijd,stan)	6	664704	91.8257
telefoonnummer N(soort,ev,basis,onz,stan)	6	664710	91.8265
teeg ADJ(prenom,basis,met-e,stan)	6	664716	91.8273
technisch ADJ(prenom,basis,met-e,stan)	6	664722	91.8282
tank N(soort,ev,basis,zijd,stan)	6	664728	91.829
tango N(soort,ev,basis,zijd,stan)	6	664734	91.8298
tafel N(soort,ev,dim,onz,stan)	6	664740	91.8306
taak N(soort,ev,basis,zijd,stan)	6	664746	91.8315
superveel ADJ(vrij,basis,zonder)	6	664752	91.8323
supermoe ADJ(vrij,basis,zonder)	6	664758	91.8331
supergoed N(soort,ev,basis,onz,stan)	6	664764	91.834
suiker N(soort,ev,basis,zijd,stan)	6	664770	91.8348
stuk N(soort,mv,dim)	6	664776	91.8356
stressen WW(inf,vrij,zonder)	6	664782	91.8364
storten WW(vd,vrij,zonder)	6	664788	91.8373
stop N(soort,ev,basis,zijd,stan)	6	664794	91.8381
stoer ADJ(vrij,basis,zonder)	6	664800	91.8389
stoep N(soort,ev,basis,zijd,stan)	6	664806	91.8398
stevig ADJ(prenom,basis,met-e,stan)	6	664812	91.8406
steken WW(vd,vrij,zonder)	6	664818	91.8414
steken WW(pv,tgw,mv)	6	664824	91.8422
station SPEC(vreemd)	6	664830	91.8431
stap N(soort,mv,basis)	6	664836	91.8439
stan N(soort,ev,basis,onz,stan)	6	664842	91.8447
stad N(soort,ev,dim,onz,stan)	6	664848	91.8456
stabiel ADJ(vrij,basis,zonder)	6	664854	91.8464
spelletjesavond N(soort,ev,basis,zijd,stan)	6	664860	91.8472
specifiek ADJ(prenom,basis,met-e,stan)	6	664866	91.8481
speciaal ADJ(postnom,basis,met-s)	6	664872	91.8489
souvenir N(soort,mv,basis)	6	664878	91.8497
smeren WW(vd,vrij,zonder)	6	664884	91.8505
smart N(soort,ev,basis,zijd,stan)	6	664890	91.8514
slecht ADJ(vrij,comp,zonder)	6	664896	91.8522
slaapwel WW(pv,tgw,ev)	6	664902	91.853
slaapspul N(soort,mv,basis)	6	664908	91.8539
sjans N(soort,ev,basis,zijd,stan)	6	664914	91.8547
six N(soort,ev,basis,zijd,stan)	6	664920	91.8555
sgoed N(soort,ev,basis,zijd,stan)	6	664926	91.8563
set N(soort,ev,dim,onz,stan)	6	664932	91.8572
sessie N(soort,ev,basis,zijd,stan)	6	664938	91.858
service N(soort,ev,basis,zijd,stan)	6	664944	91.8588
semester N(soort,ev,basis,onz,stan)	6	664950	91.8597
selecteren WW(vd,vrij,zonder)	6	664956	91.8605
schoot N(soort,ev,basis,zijd,stan)	6	664962	91.8613
schitteren WW(inf,vrij,zonder)	6	664968	91.8621
scheveningen N(soort,mv,basis)	6	664974	91.863
schattig ADJ(vrij,basis,zonder)	6	664980	91.8638
schaatsen WW(inf,vrij,zonder)	6	664986	91.8646
sas N(soort,ev,basis,zijd,stan)	6	664992	91.8655
saldo N(soort,ev,basis,onz,stan)	6	664998	91.8663
saai ADJ(prenom,basis,zonder)	6	665004	91.8671
rustig ADJ(vrij,comp,zonder)	6	665010	91.8679
run N(soort,ev,basis,zijd,stan)	6	665016	91.8688
ruimen WW(inf,vrij,zonder)	6	665022	91.8696
rond N(soort,mv,dim)	6	665028	91.8704
rommelmarkt N(soort,ev,basis,zijd,stan)	6	665034	91.8713
roepen WW(inf,vrij,zonder)	6	665040	91.8721
rock N(soort,ev,basis,zijd,stan)	6	665046	91.8729
ringbaan N(soort,ev,basis,zijd,stan)	6	665052	91.8737
rimke SPEC(vreemd)	6	665058	91.8746
rijn N(soort,ev,basis,zijd,stan)	6	665064	91.8754
reservesleutel N(soort,ev,basis,zijd,stan)	6	665070	91.8762
rem N(soort,ev,basis,zijd,stan)	6	665076	91.8771
relax ADJ(prenom,basis,met-e,stan)	6	665082	91.8779
rekenen WW(inf,vrij,zonder)	6	665088	91.8787
redden WW(pv,tgw,mv)	6	665094	91.8795
rash SPEC(vreemd)	6	665100	91.8804
quiz N(soort,mv,basis)	6	665106	91.8812
punt N(soort,mv,dim)	6	665112	91.882
punt N(soort,ev,dim,onz,stan)	6	665118	91.8829
puf N(soort,ev,basis,zijd,stan)	6	665124	91.8837
puber N(soort,mv,basis)	6	665130	91.8845
ps. SPEC(afk)	6	665136	91.8854
promotor N(soort,ev,basis,zijd,stan)	6	665142	91.8862
profiteren WW(inf,vrij,zonder)	6	665148	91.887
productief ADJ(vrij,basis,zonder)	6	665154	91.8878
printer N(soort,ev,basis,zijd,stan)	6	665160	91.8887
printen WW(pv,tgw,ev)	6	665166	91.8895
prinses N(soort,ev,basis,zijd,stan)	6	665172	91.8903
pret N(soort,ev,basis,zijd,stan)	6	665178	91.8912
praese N(soort,mv,basis)	6	665184	91.892
pot N(soort,mv,basis)	6	665190	91.8928
posten WW(vd,vrij,zonder)	6	665196	91.8936
poedie N(soort,ev,basis,zijd,stan)	6	665202	91.8945
plotseling ADJ(vrij,basis,zonder)	6	665208	91.8953
plek N(soort,ev,basis,dat)	6	665214	91.8961
plant N(soort,ev,basis,zijd,stan)	6	665220	91.897
plak N(soort,ev,basis,zijd,stan)	6	665226	91.8978
plaat N(soort,mv,dim)	6	665232	91.8986
pitta N(soort,ev,basis,zijd,stan)	6	665238	91.8994
pinpas N(soort,ev,basis,zijd,stan)	6	665244	91.9003
piet N(soort,ev,basis,zijd,stan)	6	665250	91.9011
phone N(soort,ev,basis,zijd,stan)	6	665256	91.9019
persoonlijk ADJ(vrij,basis,zonder)	6	665262	91.9028
perfect ADJ(prenom,basis,met-e,stan)	6	665268	91.9036
penis N(soort,ev,basis,zijd,stan)	6	665274	91.9044
passeren WW(pv,tgw,met-t)	6	665280	91.9052
part N(soort,ev,basis,onz,stan)	6	665286	91.9061
parkeerkaart N(soort,ev,basis,zijd,stan)	6	665292	91.9069
parijs N(soort,ev,basis,onz,stan)	6	665298	91.9077
parcours N(soort,ev,basis,onz,stan)	6	665304	91.9086
paniek N(soort,ev,basis,zijd,stan)	6	665310	91.9094
pan N(soort,mv,basis)	6	665316	91.9102
paal N(soort,ev,basis,zijd,stan)	6	665322	91.911
overslaan WW(inf,vrij,zonder)	6	665328	91.9119
overschrijven WW(inf,vrij,zonder)	6	665334	91.9127
organiseren WW(vd,vrij,zonder)	6	665340	91.9135
opzet N(soort,ev,basis,zijd,stan)	6	665346	91.9144
opvallen WW(vd,vrij,zonder)	6	665352	91.9152
opsturen WW(vd,vrij,zonder)	6	665358	91.916
opruimen WW(inf,nom,zonder,zonder-n)	6	665364	91.9168
opmerking N(soort,ev,basis,zijd,stan)	6	665370	91.9177
opluchting N(soort,ev,basis,zijd,stan)	6	665376	91.9185
oplossen WW(inf,vrij,zonder)	6	665382	91.9193
oplopen WW(vd,vrij,zonder)	6	665388	91.9202
opeten WW(vd,vrij,zonder)	6	665394	91.921
openbaar ADJ(prenom,basis,zonder)	6	665400	91.9218
oordop N(soort,mv,dim)	6	665406	91.9226
ontmoeten WW(inf,vrij,zonder)	6	665412	91.9235
ontbijten WW(vd,vrij,zonder)	6	665418	91.9243
onmogelijk ADJ(vrij,basis,zonder)	6	665424	91.9251
onmiddellijk ADJ(vrij,basis,zonder)	6	665430	91.926
ongerust ADJ(vrij,basis,zonder)	6	665436	91.9268
onderwerp N(soort,ev,basis,onz,stan)	6	665442	91.9276
olie N(soort,ev,basis,zijd,stan)	6	665448	91.9285
ola N(soort,ev,basis,zijd,stan)	6	665454	91.9293
oke TSW()	6	665460	91.9301
normaalgezien N(soort,mv,basis)	6	665466	91.9309
noord N(soort,ev,basis,onz,stan)	6	665472	91.9318
nike SPEC(vreemd)	6	665478	91.9326
nick N(soort,ev,basis,zijd,stan)	6	665484	91.9334
neuken WW(inf,vrij,zonder)	6	665490	91.9343
neuh N(soort,ev,basis,onz,stan)	6	665496	91.9351
net ADJ(prenom,basis,met-e,stan)	6	665502	91.9359
neger N(soort,ev,basis,zijd,stan)	6	665508	91.9367
negen TW(hoofd,prenom,stan)	6	665514	91.9376
neel ADJ(prenom,basis,met-e,stan)	6	665520	91.9384
naart N(soort,ev,basis,zijd,stan)	6	665526	91.9392
naaien WW(vd,vrij,zonder)	6	665532	91.9401
muts N(soort,ev,basis,zijd,stan)	6	665538	91.9409
musical N(soort,ev,basis,zijd,stan)	6	665544	91.9417
mumbai SPEC(vreemd)	6	665550	91.9425
mumbai N(soort,ev,basis,zijd,stan)	6	665556	91.9434
mooizo N(soort,ev,basis,zijd,stan)	6	665562	91.9442
moment N(soort,ev,dim,onz,stan)	6	665568	91.945
mojito N(soort,ev,basis,zijd,stan)	6	665574	91.9459
mogelijkheid N(soort,mv,basis)	6	665580	91.9467
moeilijk ADJ(prenom,basis,zonder)	6	665586	91.9475
mobiel N(soort,ev,basis,zijd,stan)	6	665592	91.9483
mobiel ADJ(prenom,basis,met-e,stan)	6	665598	91.9492
mn N(soort,ev,basis,zijd,stan)	6	665604	91.95
mjammie N(soort,ev,basis,zijd,stan)	6	665610	91.9508
missed SPEC(vreemd)	6	665616	91.9517
miljoen N(soort,ev,basis,onz,stan)	6	665622	91.9525
middle SPEC(vreemd)	6	665628	91.9533
michel N(soort,ev,basis,zijd,stan)	6	665634	91.9541
merken WW(inf,vrij,zonder)	6	665640	91.955
merelbeke N(soort,ev,dim,onz,stan)	6	665646	91.9558
mercike N(soort,mv,basis)	6	665652	91.9566
merci N(soort,ev,basis,onz,stan)	6	665658	91.9575
menu N(soort,ev,basis,onz,stan)	6	665664	91.9583
mentor N(soort,ev,basis,zijd,stan)	6	665670	91.9591
melding N(soort,ev,basis,zijd,stan)	6	665676	91.9599
meeting SPEC(vreemd)	6	665682	91.9608
meest VNW(onbep,grad,stan,prenom,met-e,agr,sup)	6	665688	91.9616
meenemen WW(pv,tgw,met-t)	6	665694	91.9624
meekrijgen WW(vd,vrij,zonder)	6	665700	91.9633
market SPEC(vreemd)	6	665706	91.9641
marike N(soort,ev,basis,zijd,stan)	6	665712	91.9649
mam N(soort,ev,basis,gen)	6	665718	91.9658
mailadres N(soort,ev,basis,onz,stan)	6	665724	91.9666
magnetron N(soort,ev,basis,zijd,stan)	6	665730	91.9674
machtig ADJ(vrij,basis,zonder)	6	665736	91.9682
mac N(soort,ev,basis,zijd,stan)	6	665742	91.9691
maan N(soort,ev,basis,zijd,stan)	6	665748	91.9699
lotten WW(pv,verl,ev)	6	665754	91.9707
lossen WW(pv,tgw,met-t)	6	665760	91.9716
los ADJ(prenom,basis,met-e,stan)	6	665766	91.9724
look SPEC(vreemd)	6	665772	91.9732
lokeren N(soort,mv,basis)	6	665778	91.974
logo N(soort,ev,basis,onz,stan)	6	665784	91.9749
lievio N(soort,ev,dim,onz,stan)	6	665790	91.9757
lieffie N(soort,ev,basis,zijd,stan)	6	665796	91.9765
lied N(soort,ev,basis,onz,stan)	6	665802	91.9774
leren WW(pv,tgw,met-t)	6	665808	91.9782
lek ADJ(vrij,basis,zonder)	6	665814	91.979
lek ADJ(prenom,basis,met-e,stan)	6	665820	91.9798
leiding N(soort,ev,basis,zijd,stan)	6	665826	91.9807
leerzaam ADJ(vrij,basis,zonder)	6	665832	91.9815
langskomen WW(vd,vrij,zonder)	6	665838	91.9823
langsgaan WW(inf,vrij,zonder)	6	665844	91.9832
lamp N(soort,ev,dim,onz,stan)	6	665850	91.984
lady SPEC(vreemd)	6	665856	91.9848
l SPEC(deeleigen)	6	665862	91.9856
kzal BW()	6	665868	91.9865
kyken N(soort,mv,basis)	6	665874	91.9873
kwist N(soort,ev,basis,zijd,stan)	6	665880	91.9881
kwil WW(pv,tgw,ev)	6	665886	91.989
kvind N(soort,ev,basis,zijd,stan)	6	665892	91.9898
kvertrek N(soort,ev,basis,zijd,stan)	6	665898	91.9906
kvertrek N(soort,ev,basis,onz,stan)	6	665904	91.9914
ksta N(soort,ev,basis,zijd,stan)	6	665910	91.9923
krap ADJ(vrij,basis,zonder)	6	665916	91.9931
kr WW(vd,vrij,zonder)	6	665922	91.9939
kopiÃ«ren WW(inf,vrij,zonder)	6	665928	91.9948
kopie N(soort,ev,basis,zijd,stan)	6	665934	91.9956
komst N(soort,ev,basis,zijd,stan)	6	665940	91.9964
klussen WW(vd,vrij,zonder)	6	665946	91.9972
klus N(soort,mv,dim)	6	665952	91.9981
kliniek N(soort,ev,basis,zijd,stan)	6	665958	91.9989
klein N(soort,ev,dim,onz,stan)	6	665964	91.9997
kleding N(soort,ev,basis,zijd,stan)	6	665970	92.0006
kk SPEC(vreemd)	6	665976	92.0014
kiss SPEC(vreemd)	6	665982	92.0022
kerstdag N(soort,ev,basis,zijd,stan)	6	665988	92.0031
kerel N(soort,mv,basis)	6	665994	92.0039
kdenk ADJ(prenom,basis,zonder)	6	666000	92.0047
kast N(soort,ev,dim,onz,stan)	6	666006	92.0055
kapot ADJ(prenom,basis,met-e,stan)	6	666012	92.0064
kapoen N(soort,mv,basis)	6	666018	92.0072
kant N(soort,mv,basis)	6	666024	92.008
kans N(soort,mv,basis)	6	666030	92.0089
kampvuur N(soort,ev,basis,onz,stan)	6	666036	92.0097
kalm ADJ(vrij,basis,zonder)	6	666042	92.0105
kalender N(soort,ev,basis,zijd,stan)	6	666048	92.0113
kabel N(soort,ev,basis,zijd,stan)	6	666054	92.0122
jurk N(soort,ev,dim,onz,stan)	6	666060	92.013
joow N(soort,ev,basis,onz,stan)	6	666066	92.0138
jooo N(soort,ev,basis,zijd,stan)	6	666072	92.0147
jongen N(soort,ev,dim,onz,stan)	6	666078	92.0155
jo N(soort,ev,basis,zijd,stan)	6	666084	92.0163
jep N(soort,mv,basis)	6	666090	92.0171
janne N(soort,ev,basis,zijd,stan)	6	666096	92.018
james N(soort,ev,basis,zijd,stan)	6	666102	92.0188
jaja TSW()	6	666108	92.0196
jaaaah N(soort,ev,basis,onz,stan)	6	666114	92.0205
jaaaaa N(soort,ev,basis,zijd,stan)	6	666120	92.0213
italiaans ADJ(prenom,basis,met-e,stan)	6	666126	92.0221
irritant ADJ(prenom,basis,met-e,stan)	6	666132	92.0229
inzitten WW(inf,vrij,zonder)	6	666138	92.0238
invite SPEC(vreemd)	6	666144	92.0246
intensief ADJ(prenom,basis,met-e,stan)	6	666150	92.0254
instructie N(soort,mv,basis)	6	666156	92.0263
inkoop N(soort,mv,basis)	6	666162	92.0271
indian SPEC(vreemd)	6	666168	92.0279
indeling N(soort,ev,basis,zijd,stan)	6	666174	92.0287
immers BW()	6	666180	92.0296
id ADJ(vrij,basis,zonder)	6	666186	92.0304
hypotheek N(soort,ev,basis,zijd,stan)	6	666192	92.0312
huisarts N(soort,ev,basis,zijd,stan)	6	666198	92.0321
hout ADJ(prenom,basis,zonder)	6	666204	92.0329
hopeloos ADJ(vrij,basis,zonder)	6	666210	92.0337
hooi N(soort,ev,basis,onz,stan)	6	666216	92.0345
hoofdingang N(soort,ev,basis,zijd,stan)	6	666222	92.0354
hoeven WW(pv,tgw,mv)	6	666228	92.0362
hockey N(soort,ev,basis,zijd,stan)	6	666234	92.037
hmmmmmmmm N(soort,ev,basis,onz,stan)	6	666240	92.0379
herrie N(soort,ev,basis,zijd,stan)	6	666246	92.0387
herkansing N(soort,ev,basis,zijd,stan)	6	666252	92.0395
hell SPEC(vreemd)	6	666258	92.0403
helaasch ADJ(vrij,basis,zonder)	6	666264	92.0412
heet ADJ(prenom,basis,met-e,stan)	6	666270	92.042
heer N(soort,mv,basis)	6	666276	92.0428
hectisch ADJ(prenom,basis,met-e,stan)	6	666282	92.0437
hartelijk ADJ(vrij,basis,zonder)	6	666288	92.0445
hartelijk ADJ(prenom,basis,met-e,stan)	6	666294	92.0453
harmonie N(soort,ev,basis,zijd,stan)	6	666300	92.0462
hanzie N(soort,ev,basis,zijd,stan)	6	666306	92.047
hangen WW(pv,tgw,mv)	6	666312	92.0478
haar N(soort,mv,basis)	6	666318	92.0486
gÃ©Ã©n VNW(onbep,det,stan,prenom,zonder,agr)	6	666324	92.0495
guust WW(vd,vrij,zonder)	6	666330	92.0503
guitar SPEC(vreemd)	6	666336	92.0511
grrrr ADJ(vrij,comp,zonder)	6	666342	92.052
grrr ADJ(vrij,comp,zonder)	6	666348	92.0528
griep N(soort,ev,dim,onz,stan)	6	666354	92.0536
gr WW(pv,verl,ev)	6	666360	92.0544
google ADJ(prenom,basis,met-e,stan)	6	666366	92.0553
gokken WW(inf,vrij,zonder)	6	666372	92.0561
goedkoop ADJ(prenom,basis,met-e,stan)	6	666378	92.0569
godverdomme N(soort,ev,basis,onz,stan)	6	666384	92.0578
glazen ADJ(prenom,basis,zonder)	6	666390	92.0586
glas N(soort,ev,basis,onz,stan)	6	666396	92.0594
give SPEC(vreemd)	6	666402	92.0602
gitaar N(soort,ev,basis,zijd,stan)	6	666408	92.0611
ginder BW()	6	666414	92.0619
geubel N(soort,mv,basis)	6	666420	92.0627
gents ADJ(prenom,basis,met-e,stan)	6	666426	92.0636
genk N(soort,ev,basis,zijd,stan)	6	666432	92.0644
gemak N(soort,ev,dim,onz,stan)	6	666438	92.0652
geluid N(soort,mv,basis)	6	666444	92.066
gelijk N(soort,ev,basis,onz,stan)	6	666450	92.0669
gekkenhuis N(soort,ev,basis,onz,stan)	6	666456	92.0677
geheel ADJ(vrij,basis,zonder)	6	666462	92.0685
gedachte N(soort,ev,basis,zijd,stan)	6	666468	92.0694
geboren ADJ(vrij,basis,zonder)	6	666474	92.0702
gaslab N(soort,ev,basis,zijd,stan)	6	666480	92.071
gange N(soort,mv,basis)	6	666486	92.0718
fuif N(soort,ev,basis,zijd,stan)	6	666492	92.0727
friet N(soort,mv,basis)	6	666498	92.0735
frans ADJ(prenom,basis,met-e,stan)	6	666504	92.0743
flexibel ADJ(vrij,basis,zonder)	6	666510	92.0752
flauw ADJ(vrij,basis,zonder)	6	666516	92.076
finished SPEC(vreemd)	6	666522	92.0768
file N(soort,mv,basis)	6	666528	92.0776
fiets N(soort,mv,basis)	6	666534	92.0785
feesten WW(vd,vrij,zonder)	6	666540	92.0793
feedback N(soort,ev,basis,zijd,stan)	6	666546	92.0801
fatsoenlijk ADJ(vrij,basis,zonder)	6	666552	92.081
factuur N(soort,ev,basis,zijd,stan)	6	666558	92.0818
facebook N(soort,ev,basis,onz,stan)	6	666564	92.0826
extase N(soort,ev,basis,zijd,stan)	6	666570	92.0835
exam SPEC(vreemd)	6	666576	92.0843
exact ADJ(prenom,basis,met-e,stan)	6	666582	92.0851
eveline N(soort,ev,basis,zijd,stan)	6	666588	92.0859
eva N(soort,ev,basis,zijd,stan)	6	666594	92.0868
espresso N(soort,ev,basis,zijd,stan)	6	666600	92.0876
es N(soort,ev,basis,zijd,stan)	6	666606	92.0884
ernaast BW()	6	666612	92.0893
erheen BW()	6	666618	92.0901
erachter BW()	6	666624	92.0909
envelop N(soort,ev,basis,zijd,stan)	6	666630	92.0917
eis N(soort,mv,basis)	6	666636	92.0926
eind N(soort,ev,dim,onz,stan)	6	666642	92.0934
efteling N(soort,ev,basis,zijd,stan)	6	666648	92.0942
eem LID(onbep,stan,agr)	6	666654	92.0951
ee N(soort,ev,basis,zijd,stan)	6	666660	92.0959
duur N(soort,ev,basis,zijd,stan)	6	666666	92.0967
duur ADJ(prenom,basis,met-e,stan)	6	666672	92.0975
dutten WW(inf,vrij,zonder)	6	666678	92.0984
duts N(soort,ev,basis,zijd,stan)	6	666684	92.0992
dusja N(soort,ev,basis,zijd,stan)	6	666690	92.1
durven WW(pv,verl,ev)	6	666696	92.1009
duits ADJ(prenom,basis,met-e,stan)	6	666702	92.1017
duimen WW(pv,tgw,ev)	6	666708	92.1025
drunen N(soort,mv,basis)	6	666714	92.1033
drukken WW(pv,verl,ev)	6	666720	92.1042
droomzacht ADJ(prenom,basis,zonder)	6	666726	92.105
droog ADJ(prenom,basis,met-e,stan)	6	666732	92.1058
droger N(soort,ev,basis,zijd,stan)	6	666738	92.1067
draaien WW(pv,tgw,mv)	6	666744	92.1075
dr. SPEC(afk)	6	666750	92.1083
doos N(soort,ev,dim,onz,stan)	6	666756	92.1091
doormailen WW(vd,vrij,zonder)	6	666762	92.11
doormailen WW(inf,vrij,zonder)	6	666768	92.1108
doordeweeks ADJ(vrij,basis,zonder)	6	666774	92.1116
dol ADJ(vrij,basis,zonder)	6	666780	92.1125
doesnt SPEC(vreemd)	6	666786	92.1133
doei WW(pv,tgw,ev)	6	666792	92.1141
document N(soort,ev,basis,onz,stan)	6	666798	92.1149
dirkie N(soort,ev,basis,zijd,stan)	6	666804	92.1158
diep ADJ(vrij,basis,zonder)	6	666810	92.1166
dichtbij ADJ(vrij,comp,zonder)	6	666816	92.1174
di WW(pv,verl,ev)	6	666822	92.1183
deugd N(soort,ev,basis,zijd,stan)	6	666828	92.1191
denkek WW(pv,tgw,ev)	6	666834	92.1199
definitief ADJ(prenom,basis,met-e,stan)	6	666840	92.1207
date SPEC(vreemd)	6	666846	92.1216
dans N(soort,ev,basis,zijd,stan)	6	666852	92.1224
dankjewel VG(neven)	6	666858	92.1232
dankbaar ADJ(vrij,basis,zonder)	6	666864	92.1241
dance SPEC(vreemd)	6	666870	92.1249
dagen WW(pv,tgw,ev)	6	666876	92.1257
daarin BW()	6	666882	92.1266
daaraan BW()	6	666888	92.1274
daaag N(soort,ev,basis,zijd,stan)	6	666894	92.1282
croque SPEC(vreemd)	6	666900	92.129
crazy SPEC(vreemd)	6	666906	92.1299
conferentie N(soort,ev,basis,zijd,stan)	6	666912	92.1307
concert SPEC(vreemd)	6	666918	92.1315
concentreren WW(inf,vrij,zonder)	6	666924	92.1324
company SPEC(vreemd)	6	666930	92.1332
clubavond N(soort,ev,basis,zijd,stan)	6	666936	92.134
close ADJ(vrij,basis,zonder)	6	666942	92.1348
classic SPEC(vreemd)	6	666948	92.1357
christine N(soort,ev,basis,zijd,stan)	6	666954	92.1365
chocolade N(soort,ev,basis,zijd,stan)	6	666960	92.1373
chocola N(soort,ev,basis,zijd,stan)	6	666966	92.1382
chique ADJ(vrij,basis,zonder)	6	666972	92.139
cat SPEC(vreemd)	6	666978	92.1398
case SPEC(vreemd)	6	666984	92.1406
cadeau N(soort,mv,basis)	6	666990	92.1415
buurvrouw N(soort,ev,basis,zijd,stan)	6	666996	92.1423
bummer N(soort,ev,basis,zijd,stan)	6	667002	92.1431
bulgarije N(soort,ev,dim,onz,stan)	6	667008	92.144
buikgriep N(soort,ev,basis,zijd,stan)	6	667014	92.1448
bui N(soort,ev,basis,zijd,stan)	6	667020	92.1456
btw WW(pv,tgw,ev)	6	667026	92.1464
brussel N(soort,ev,basis,onz,stan)	6	667032	92.1473
brugpensioen N(soort,ev,basis,onz,stan)	6	667038	92.1481
brugge ADJ(prenom,basis,met-e,stan)	6	667044	92.1489
breed ADJ(vrij,basis,zonder)	6	667050	92.1498
brandweer N(soort,ev,basis,zijd,stan)	6	667056	92.1506
branden WW(inf,vrij,zonder)	6	667062	92.1514
boven ADJ(prenom,sup,met-e,stan)	6	667068	92.1522
boterhamworst N(soort,ev,basis,zijd,stan)	6	667074	92.1531
bordspel N(soort,ev,basis,onz,stan)	6	667080	92.1539
bord N(soort,mv,basis)	6	667086	92.1547
bom N(soort,mv,basis)	6	667092	92.1556
boer N(soort,mv,basis)	6	667098	92.1564
boekhouden WW(inf,nom,zonder,zonder-n)	6	667104	92.1572
bly SPEC(vreemd)	6	667110	92.158
bloot ADJ(prenom,basis,met-e,stan)	6	667116	92.1589
blij ADJ(prenom,basis,zonder)	6	667122	92.1597
black SPEC(vreemd)	6	667128	92.1605
blaasontsteking N(soort,ev,basis,zijd,stan)	6	667134	92.1614
binnensteken WW(inf,vrij,zonder)	6	667140	92.1622
bijvoorbeeld BW()	6	667146	92.163
bijten WW(pv,tgw,ev)	6	667152	92.1639
bijpraten WW(inf,vrij,zonder)	6	667158	92.1647
bidden WW(inf,vrij,zonder)	6	667164	92.1655
bewust ADJ(vrij,basis,zonder)	6	667170	92.1663
bewaren WW(pv,tgw,ev)	6	667176	92.1672
bevestigen WW(inf,vrij,zonder)	6	667182	92.168
betalen WW(pv,tgw,met-t)	6	667188	92.1688
bestemming N(soort,ev,basis,zijd,stan)	6	667194	92.1697
bestand N(soort,mv,basis)	6	667200	92.1705
bespreking N(soort,ev,basis,zijd,stan)	6	667206	92.1713
beschikking N(soort,ev,basis,zijd,stan)	6	667212	92.1721
berlijn N(soort,ev,basis,zijd,stan)	6	667218	92.173
berg N(soort,mv,basis)	6	667224	92.1738
bepaald ADJ(prenom,basis,zonder)	6	667230	92.1746
beloning N(soort,ev,basis,zijd,stan)	6	667236	92.1755
belgiÃ« SPEC(deeleigen)	6	667242	92.1763
belgisch ADJ(prenom,basis,met-e,stan)	6	667248	92.1771
beleven WW(inf,vrij,zonder)	6	667254	92.1779
belangrijk ADJ(prenom,sup,met-e,stan)	6	667260	92.1788
belangrijk ADJ(prenom,basis,met-e,stan)	6	667266	92.1796
bekijken WW(vd,vrij,zonder)	6	667272	92.1804
beide VNW(onbep,grad,stan,nom,met-e,mv-n,basis)	6	667278	92.1813
begeleiding N(soort,ev,basis,zijd,stan)	6	667284	92.1821
beest N(soort,ev,basis,onz,stan)	6	667290	92.1829
beer N(soort,ev,basis,zijd,stan)	6	667296	92.1837
been SPEC(vreemd)	6	667302	92.1846
been N(soort,mv,basis)	6	667308	92.1854
beautiful SPEC(vreemd)	6	667314	92.1862
bbqen WW(inf,vrij,zonder)	6	667320	92.1871
bank N(soort,mv,basis)	6	667326	92.1879
bank N(soort,ev,dim,onz,stan)	6	667332	92.1887
banaan N(soort,ev,basis,zijd,stan)	6	667338	92.1895
backup N(soort,ev,basis,zijd,stan)	6	667344	92.1904
babies N(soort,mv,basis)	6	667350	92.1912
aula N(soort,ev,basis,zijd,stan)	6	667356	92.192
arno SPEC(vreemd)	6	667362	92.1929
antwoorden WW(pv,tgw,met-t)	6	667368	92.1937
antibioticum N(soort,mv,basis)	6	667374	92.1945
another SPEC(vreemd)	6	667380	92.1953
annelien N(soort,mv,basis)	6	667386	92.1962
anish SPEC(vreemd)	6	667392	92.197
andersom BW()	6	667398	92.1978
amuseren WW(vd,vrij,zonder)	6	667404	92.1987
amerikaanse ADJ(prenom,basis,met-e,stan)	6	667410	92.1995
allÃ© N(soort,ev,basis,onz,stan)	6	667416	92.2003
alledrie TW(hoofd,prenom,stan)	6	667422	92.2012
algemeen ADJ(prenom,basis,met-e,stan)	6	667428	92.202
aldi N(soort,ev,basis,zijd,stan)	6	667434	92.2028
alarm N(soort,ev,basis,onz,stan)	6	667440	92.2036
al VZ(init)	6	667446	92.2045
afwezigheid N(soort,ev,basis,zijd,stan)	6	667452	92.2053
afternoon SPEC(vreemd)	6	667458	92.2061
afstuderen WW(inf,nom,zonder,zonder-n)	6	667464	92.207
aflopen WW(pv,tgw,met-t)	6	667470	92.2078
afleggen WW(inf,vrij,zonder)	6	667476	92.2086
afhaker N(soort,ev,basis,zijd,stan)	6	667482	92.2094
afdeling N(soort,ev,basis,zijd,stan)	6	667488	92.2103
adam N(soort,ev,basis,onz,stan)	6	667494	92.2111
activiteit N(soort,mv,basis)	6	667500	92.2119
actief ADJ(vrij,basis,zonder)	6	667506	92.2128
achterin BW()	6	667512	92.2136
account N(soort,ev,basis,onz,stan)	6	667518	92.2144
abseilen WW(inf,vrij,zonder)	6	667524	92.2152
aardig ADJ(prenom,basis,met-e,stan)	6	667530	92.2161
aardbeving N(soort,ev,basis,zijd,stan)	6	667536	92.2169
aantrekkelijk ADJ(vrij,basis,zonder)	6	667542	92.2177
aanpassing N(soort,mv,basis)	6	667548	92.2186
aanbieden WW(vd,vrij,zonder)	6	667554	92.2194
aanbevelen WW(vd,vrij,zonder)	6	667560	92.2202
aai N(soort,ev,basis,zijd,stan)	6	667566	92.221
a SPEC(symb)	6	667572	92.2219
Zoetermeer SPEC(deeleigen)	6	667578	92.2227
Your SPEC(vreemd)	6	667584	92.2235
X. SPEC(deeleigen)	6	667590	92.2244
Wa SPEC(vreemd)	6	667596	92.2252
Uden SPEC(deeleigen)	6	667602	92.226
Tsss SPEC(vreemd)	6	667608	92.2268
Tsja SPEC(deeleigen)	6	667614	92.2277
Tots SPEC(deeleigen)	6	667620	92.2285
Too SPEC(deeleigen)	6	667626	92.2293
Tjerk SPEC(deeleigen)	6	667632	92.2302
Tineke SPEC(deeleigen)	6	667638	92.231
Thnx SPEC(deeleigen)	6	667644	92.2318
They SPEC(deeleigen)	6	667650	92.2326
Thats SPEC(vreemd)	6	667656	92.2335
Suus SPEC(deeleigen)	6	667662	92.2343
Sunday SPEC(deeleigen)	6	667668	92.2351
Shit SPEC(vreemd)	6	667674	92.236
Seppe SPEC(deeleigen)	6	667680	92.2368
Ringbaan SPEC(deeleigen)	6	667686	92.2376
Poppel SPEC(deeleigen)	6	667692	92.2384
Poeh SPEC(deeleigen)	6	667698	92.2393
Pils SPEC(deeleigen)	6	667704	92.2401
Piet SPEC(deeleigen)	6	667710	92.2409
One SPEC(vreemd)	6	667716	92.2418
Ole SPEC(deeleigen)	6	667722	92.2426
Ohhhh SPEC(deeleigen)	6	667728	92.2434
Oesje SPEC(deeleigen)	6	667734	92.2443
OV SPEC(deeleigen)	6	667740	92.2451
Noorwegen SPEC(deeleigen)	6	667746	92.2459
Need SPEC(vreemd)	6	667752	92.2467
Mumbai SPEC(deeleigen)	6	667758	92.2476
Mjah SPEC(deeleigen)	6	667764	92.2484
Mitchauxke SPEC(deeleigen)	6	667770	92.2492
Miriam SPEC(deeleigen)	6	667776	92.2501
Markt SPEC(deeleigen)	6	667782	92.2509
Ma SPEC(deeleigen)	6	667788	92.2517
Linde SPEC(deeleigen)	6	667794	92.2525
Leo SPEC(deeleigen)	6	667800	92.2534
Kussss SPEC(deeleigen)	6	667806	92.2542
Kusss SPEC(deeleigen)	6	667812	92.255
Keulen SPEC(deeleigen)	6	667818	92.2559
Karin SPEC(deeleigen)	6	667824	92.2567
Kaatsheuvel SPEC(deeleigen)	6	667830	92.2575
Jorn SPEC(deeleigen)	6	667836	92.2583
Jokio SPEC(deeleigen)	6	667842	92.2592
John SPEC(deeleigen)	6	667848	92.26
Jiska SPEC(deeleigen)	6	667854	92.2608
Jep SPEC(deeleigen)	6	667860	92.2617
Je SPEC(vreemd)	6	667866	92.2625
Jap SPEC(deeleigen)	6	667872	92.2633
Janne SPEC(deeleigen)	6	667878	92.2641
Jaaaah SPEC(deeleigen)	6	667884	92.265
Iva SPEC(vreemd)	6	667890	92.2658
ING SPEC(deeleigen)	6	667896	92.2666
Hyves SPEC(deeleigen)	6	667902	92.2675
Hugo SPEC(deeleigen)	6	667908	92.2683
Home SPEC(vreemd)	6	667914	92.2691
Hoelaat SPEC(deeleigen)	6	667920	92.2699
Go SPEC(vreemd)	6	667926	92.2708
Get SPEC(vreemd)	6	667932	92.2716
GaGa SPEC(deeleigen)	6	667938	92.2724
Fucking SPEC(vreemd)	6	667944	92.2733
Fred SPEC(deeleigen)	6	667950	92.2741
For SPEC(vreemd)	6	667956	92.2749
Feyenoord SPEC(deeleigen)	6	667962	92.2757
FN SPEC(deeleigen)	6	667968	92.2766
Eline SPEC(deeleigen)	6	667974	92.2774
Ede SPEC(deeleigen)	6	667980	92.2782
Dorien SPEC(deeleigen)	6	667986	92.2791
Didnt SPEC(vreemd)	6	667992	92.2799
Date SPEC(vreemd)	6	667998	92.2807
Danilo SPEC(deeleigen)	6	668004	92.2816
Dag SPEC(deeleigen)	6	668010	92.2824
DB SPEC(deeleigen)	6	668016	92.2832
Chuck SPEC(deeleigen)	6	668022	92.284
Carlijn SPEC(deeleigen)	6	668028	92.2849
Bus SPEC(deeleigen)	6	668034	92.2857
Buggenhout SPEC(deeleigen)	6	668040	92.2865
Boris SPEC(deeleigen)	6	668046	92.2874
Bol SPEC(deeleigen)	6	668052	92.2882
Belle SPEC(deeleigen)	6	668058	92.289
Belgie SPEC(deeleigen)	6	668064	92.2898
BBC SPEC(deeleigen)	6	668070	92.2907
Apple SPEC(deeleigen)	6	668076	92.2915
Apeldoorn SPEC(deeleigen)	6	668082	92.2923
Anyway SPEC(vreemd)	6	668088	92.2932
Aniek SPEC(deeleigen)	6	668094	92.294
Al SPEC(deeleigen)	6	668100	92.2948
Ahja SPEC(deeleigen)	6	668106	92.2956
Ah SPEC(vreemd)	6	668112	92.2965
Afrika SPEC(deeleigen)	6	668118	92.2973
Ad SPEC(deeleigen)	6	668124	92.2981
Abir SPEC(vreemd)	6	668130	92.299
Aaahn SPEC(vreemd)	6	668136	92.2998
?!? SPEC(symb)	6	668142	92.3006
<naam> SPEC(symb)	6	668148	92.3014
:-[ SPEC(symb)	6	668154	92.3023
:$ SPEC(symb)	6	668160	92.3031
96 SPEC(symb)	6	668166	92.3039
90 TW(hoofd,vrij)	6	668172	92.3048
85 TW(hoofd,prenom,stan)	6	668178	92.3056
49 TW(hoofd,prenom,stan)	6	668184	92.3064
47 TW(hoofd,prenom,stan)	6	668190	92.3072
42 TW(hoofd,vrij)	6	668196	92.3081
32 TW(hoofd,prenom,stan)	6	668202	92.3089
31616868581 TW(hoofd,prenom,stan)	6	668208	92.3097
3 SPEC(symb)	6	668214	92.3106
25 TW(rang,prenom,stan)	6	668220	92.3114
2030 TW(hoofd,vrij)	6	668226	92.3122
2 SPEC(vreemd)	6	668232	92.313
2 SPEC(symb)	6	668238	92.3139
15:00 SPEC(symb)	6	668244	92.3147
02 SPEC(symb)	6	668250	92.3155
01 SPEC(symb)	6	668256	92.3164
...? LET()	6	668262	92.3172
!!!!!! LET()	6	668268	92.318
| LET()	5	668273	92.3187
zwart ADJ(prenom,basis,zonder)	5	668278	92.3194
zwaar ADJ(prenom,basis,zonder)	5	668283	92.3201
zuur ADJ(vrij,basis,zonder)	5	668288	92.3208
zuigen WW(inf,vrij,zonder)	5	668293	92.3215
zu SPEC(deeleigen)	5	668298	92.3222
zonnig ADJ(prenom,basis,met-e,stan)	5	668303	92.3229
zoektocht N(soort,ev,basis,zijd,stan)	5	668308	92.3235
zes TW(hoofd,nom,mv-n,basis)	5	668313	92.3242
zelfde ADJ(nom,basis,zonder,zonder-n)	5	668318	92.3249
zat ADJ(prenom,basis,met-e,stan)	5	668323	92.3256
youtube N(soort,ev,basis,zijd,stan)	5	668328	92.3263
yeay N(soort,ev,basis,zijd,stan)	5	668333	92.327
ya SPEC(vreemd)	5	668338	92.3277
y N(soort,ev,basis,zijd,stan)	5	668343	92.3284
xjes N(soort,mv,dim)	5	668348	92.3291
xXx SPEC(vreemd)	5	668353	92.3298
wtf ADJ(vrij,basis,zonder)	5	668358	92.3305
wrs N(soort,ev,basis,onz,stan)	5	668363	92.3311
wrm N(soort,ev,basis,zijd,stan)	5	668368	92.3318
wraps N(soort,mv,basis)	5	668373	92.3325
woutie N(soort,ev,basis,zijd,stan)	5	668378	92.3332
world SPEC(vreemd)	5	668383	92.3339
worden WW(inf,nom,zonder,zonder-n)	5	668388	92.3346
woning N(soort,ev,basis,zijd,stan)	5	668393	92.3353
wonen WW(pv,verl,ev)	5	668398	92.336
wolk N(soort,mv,basis)	5	668403	92.3367
wnn N(soort,ev,basis,zijd,stan)	5	668408	92.3374
wk N(soort,ev,basis,onz,stan)	5	668413	92.3381
wiskunde N(soort,ev,basis,zijd,stan)	5	668418	92.3387
winnie N(soort,ev,basis,zijd,stan)	5	668423	92.3394
willen WW(vd,vrij,zonder)	5	668428	92.3401
wild ADJ(prenom,basis,met-e,stan)	5	668433	92.3408
wijzigen WW(vd,vrij,zonder)	5	668438	92.3415
wijk N(soort,ev,basis,zijd,stan)	5	668443	92.3422
wifi N(soort,ev,basis,zijd,stan)	5	668448	92.3429
wie VNW(vb,pron,gen,vol,3m,ev)	5	668453	92.3436
wi VG(onder)	5	668458	92.3443
whaha TSW()	5	668463	92.345
wet N(soort,ev,basis,zijd,stan)	5	668468	92.3457
werkweek N(soort,ev,basis,zijd,stan)	5	668473	92.3463
werker N(soort,ev,basis,zijd,stan)	5	668478	92.347
wenen WW(pv,tgw,ev)	5	668483	92.3477
welk VNW(vrag,det,dial)	5	668488	92.3484
welk VNW(vb,det,stan,nom,met-e,zonder-n)	5	668493	92.3491
weird SPEC(vreemd)	5	668498	92.3498
wegwezen WW(vd,vrij,zonder)	5	668503	92.3505
weglaten WW(vd,vrij,zonder)	5	668508	92.3512
weggaan WW(pv,verl,ev)	5	668513	92.3519
weer N(soort,ev,dim,onz,stan)	5	668518	92.3526
weekeinde N(soort,ev,basis,onz,stan)	5	668523	92.3532
wat N(soort,mv,basis)	5	668528	92.3539
wann N(soort,ev,basis,onz,stan)	5	668533	92.3546
wandeling N(soort,ev,dim,onz,stan)	5	668538	92.3553
wait SPEC(vreemd)	5	668543	92.356
waarin BW()	5	668548	92.3567
waarheid N(soort,ev,basis,zijd,stan)	5	668553	92.3574
waardeloos ADJ(vrij,basis,zonder)	5	668558	92.3581
waarbij BW()	5	668563	92.3588
waar WW(pv,conj,ev)	5	668568	92.3595
waaien WW(pv,tgw,met-t)	5	668573	92.3602
vuur N(soort,ev,dim,onz,stan)	5	668578	92.3608
vroeg ADJ(nom,sup,zonder,zonder-n)	5	668583	92.3615
vrijwel BW()	5	668588	92.3622
vrijdagen SPEC(deeleigen)	5	668593	92.3629
vrijblijvend ADJ(vrij,basis,zonder)	5	668598	92.3636
vriendschap N(soort,ev,basis,zijd,stan)	5	668603	92.3643
vreemd ADJ(prenom,basis,zonder)	5	668608	92.365
vr. SPEC(afk)	5	668613	92.3657
vr BW()	5	668618	92.3664
vooruitgang N(soort,ev,basis,zijd,stan)	5	668623	92.3671
voorstellen WW(vd,vrij,zonder)	5	668628	92.3678
voorkeur N(soort,mv,basis)	5	668633	92.3684
voorbehoud N(soort,ev,basis,onz,stan)	5	668638	92.3691
voldoen WW(inf,vrij,zonder)	5	668643	92.3698
voetbalplaatje N(soort,mv,dim)	5	668648	92.3705
vo SPEC(vreemd)	5	668653	92.3712
vnv SPEC(vreemd)	5	668658	92.3719
vlag N(soort,ev,basis,zijd,stan)	5	668663	92.3726
visit SPEC(vreemd)	5	668668	92.3733
vinger N(soort,ev,basis,zijd,stan)	5	668673	92.374
video N(soort,ev,basis,zijd,stan)	5	668678	92.3747
verwarming N(soort,ev,basis,zijd,stan)	5	668683	92.3754
verwachten WW(pv,verl,ev)	5	668688	92.376
vervolg N(soort,ev,basis,onz,stan)	5	668693	92.3767
vervelend ADJ(prenom,basis,met-e,stan)	5	668698	92.3774
vervelen WW(od,vrij,zonder)	5	668703	92.3781
vertrekken WW(pv,verl,mv)	5	668708	92.3788
vertrekken WW(pv,verl,ev)	5	668713	92.3795
verslijten WW(vd,vrij,zonder)	5	668718	92.3802
verschil N(soort,mv,basis)	5	668723	92.3809
verplichten WW(vd,prenom,met-e)	5	668728	92.3816
verliezen WW(inf,vrij,zonder)	5	668733	92.3823
verlaten WW(pv,tgw,ev)	5	668738	92.3829
verlaten WW(inf,vrij,zonder)	5	668743	92.3836
verhuis N(soort,ev,basis,zijd,stan)	5	668748	92.3843
vergadering N(soort,mv,basis)	5	668753	92.385
verdrietig ADJ(vrij,basis,zonder)	5	668758	92.3857
verdienen WW(pv,tgw,ev)	5	668763	92.3864
verdedigen WW(inf,vrij,zonder)	5	668768	92.3871
verbeteren WW(vd,vrij,zonder)	5	668773	92.3878
verbeteren WW(inf,vrij,zonder)	5	668778	92.3885
verandering N(soort,ev,basis,zijd,stan)	5	668783	92.3892
venster N(soort,ev,basis,onz,stan)	5	668788	92.3899
ven N(soort,ev,basis,onz,stan)	5	668793	92.3905
vel N(soort,ev,basis,onz,stan)	5	668798	92.3912
vechten WW(inf,vrij,zonder)	5	668803	92.3919
vant ADJ(prenom,basis,zonder)	5	668808	92.3926
vangen WW(inf,vrij,zonder)	5	668813	92.3933
vanbuiten BW()	5	668818	92.394
vaderdag SPEC(deeleigen)	5	668823	92.3947
utrecht WW(vd,vrij,zonder)	5	668828	92.3954
use SPEC(vreemd)	5	668833	92.3961
upstairs N(soort,mv,basis)	5	668838	92.3968
update N(soort,mv,basis)	5	668843	92.3975
uitzieken WW(inf,vrij,zonder)	5	668848	92.3981
uitprinten WW(inf,vrij,zonder)	5	668853	92.3988
uitleggen WW(vd,vrij,zonder)	5	668858	92.3995
uhm BW()	5	668863	92.4002
uh N(soort,ev,basis,zijd,stan)	5	668868	92.4009
u-half N(soort,ev,basis,zijd,stan)	5	668873	92.4016
twintig TW(hoofd,vrij)	5	668878	92.4023
twee N(soort,mv,dim)	5	668883	92.403
trying SPEC(vreemd)	5	668888	92.4037
try SPEC(vreemd)	5	668893	92.4044
truste N(soort,ev,basis,zijd,stan)	5	668898	92.4051
trouwen WW(inf,vrij,zonder)	5	668903	92.4057
troost N(soort,ev,basis,zijd,stan)	5	668908	92.4064
trekken WW(pv,tgw,met-t)	5	668913	92.4071
trakteren WW(inf,vrij,zonder)	5	668918	92.4078
touchscreen N(soort,mv,basis)	5	668923	92.4085
topdag N(soort,ev,basis,zijd,stan)	5	668928	92.4092
toon N(soort,ev,basis,zijd,stan)	5	668933	92.4099
tomaat N(soort,mv,basis)	5	668938	92.4106
tom N(soort,ev,basis,onz,stan)	5	668943	92.4113
together SPEC(vreemd)	5	668948	92.412
toewensen WW(vd,vrij,zonder)	5	668953	92.4127
toevoegen WW(vd,vrij,zonder)	5	668958	92.4133
tilly N(soort,ev,basis,zijd,stan)	5	668963	92.414
tijdelijk ADJ(prenom,basis,met-e,stan)	5	668968	92.4147
three SPEC(vreemd)	5	668973	92.4154
theater N(soort,ev,basis,onz,stan)	5	668978	92.4161
thats SPEC(vreemd)	5	668983	92.4168
tgaan WW(pv,tgw,met-t)	5	668988	92.4175
teveel TW(hoofd,vrij)	5	668993	92.4182
tet N(soort,mv,basis)	5	668998	92.4189
tering N(soort,ev,basis,zijd,stan)	5	669003	92.4196
ter BW()	5	669008	92.4202
tent N(soort,mv,basis)	5	669013	92.4209
telkens BW()	5	669018	92.4216
teletekst N(soort,ev,basis,zijd,stan)	5	669023	92.4223
telefonisch ADJ(vrij,basis,zonder)	5	669028	92.423
tekort N(soort,ev,basis,onz,stan)	5	669033	92.4237
talent N(soort,ev,basis,onz,stan)	5	669038	92.4244
superveel ADJ(prenom,basis,zonder)	5	669043	92.4251
sun SPEC(deeleigen)	5	669048	92.4258
suf ADJ(prenom,basis,met-e,stan)	5	669053	92.4265
suckt WW(vd,vrij,zonder)	5	669058	92.4272
sturen WW(inf,nom,zonder,zonder-n)	5	669063	92.4278
structuur N(soort,ev,basis,zijd,stan)	5	669068	92.4285
strijken WW(inf,vrij,zonder)	5	669073	92.4292
strax N(soort,ev,basis,zijd,stan)	5	669078	92.4299
strak ADJ(vrij,basis,zonder)	5	669083	92.4306
straf N(soort,ev,basis,zijd,stan)	5	669088	92.4313
stom ADJ(prenom,basis,zonder)	5	669093	92.432
stipt ADJ(vrij,basis,zonder)	5	669098	92.4327
stinken WW(pv,tgw,met-t)	5	669103	92.4334
stick N(soort,ev,basis,zijd,stan)	5	669108	92.4341
stellen WW(vd,vrij,zonder)	5	669113	92.4348
stel N(soort,ev,basis,onz,stan)	5	669118	92.4354
stekkie N(soort,dial)	5	669123	92.4361
steen N(soort,ev,basis,zijd,stan)	5	669128	92.4368
staying SPEC(vreemd)	5	669133	92.4375
startdag N(soort,ev,basis,zijd,stan)	5	669138	92.4382
start N(soort,mv,basis)	5	669143	92.4389
stad N(soort,mv,basis)	5	669148	92.4396
spul N(soort,mv,dim)	5	669153	92.4403
springen WW(vd,vrij,zonder)	5	669158	92.441
sportcentrum N(soort,ev,basis,onz,stan)	5	669163	92.4417
spinnen WW(inf,vrij,zonder)	5	669168	92.4424
spel N(soort,mv,basis)	5	669173	92.443
speciaal ADJ(prenom,basis,zonder)	5	669178	92.4437
spannend ADJ(vrij,comp,zonder)	5	669183	92.4444
sowieso SPEC(vreemd)	5	669188	92.4451
south SPEC(vreemd)	5	669193	92.4458
sort SPEC(vreemd)	5	669198	92.4465
som N(soort,ev,basis,zijd,stan)	5	669203	92.4472
sollicitatie N(soort,mv,basis)	5	669208	92.4479
sociaal ADJ(prenom,basis,met-e,stan)	5	669213	92.4486
snoep N(soort,mv,dim)	5	669218	92.4493
snoep N(soort,ev,basis,zijd,stan)	5	669223	92.4499
snif N(soort,ev,basis,zijd,stan)	5	669228	92.4506
snelweg N(soort,ev,basis,zijd,stan)	5	669233	92.4513
smsen WW(pv,verl,mv)	5	669238	92.452
smsen N(soort,ev,basis,onz,stan)	5	669243	92.4527
sms't WW(pv,tgw,met-t)	5	669248	92.4534
smetstraat N(soort,ev,basis,zijd,stan)	5	669253	92.4541
smerig ADJ(vrij,basis,zonder)	5	669258	92.4548
sloerie N(soort,ev,basis,zijd,stan)	5	669263	92.4555
slap ADJ(prenom,basis,met-e,stan)	5	669268	92.4562
slager N(soort,ev,basis,zijd,stan)	5	669273	92.4569
slaapplaats N(soort,ev,basis,zijd,stan)	5	669278	92.4575
slaapie N(soort,ev,basis,zijd,stan)	5	669283	92.4582
sla N(soort,mv,dim)	5	669288	92.4589
skag N(soort,ev,basis,zijd,stan)	5	669293	92.4596
sissen WW(pv,tgw,ev)	5	669298	92.4603
siri SPEC(vreemd)	5	669303	92.461
since SPEC(vreemd)	5	669308	92.4617
simpel ADJ(prenom,basis,met-e,stan)	5	669313	92.4624
sie SPEC(vreemd)	5	669318	92.4631
shoppen WW(inf,nom,zonder,zonder-n)	5	669323	92.4638
shop SPEC(vreemd)	5	669328	92.4645
shoot SPEC(vreemd)	5	669333	92.4651
sexy ADJ(vrij,basis,zonder)	5	669338	92.4658
sexy ADJ(prenom,basis,zonder)	5	669343	92.4665
seven SPEC(vreemd)	5	669348	92.4672
seppe N(soort,ev,basis,onz,stan)	5	669353	92.4679
sensatie N(soort,ev,basis,zijd,stan)	5	669358	92.4686
seconde N(soort,mv,basis)	5	669363	92.4693
second SPEC(vreemd)	5	669368	92.47
script N(soort,ev,basis,onz,stan)	5	669373	92.4707
schrijven WW(pv,tgw,mv)	5	669378	92.4714
schrijfwijzer N(soort,ev,basis,zijd,stan)	5	669383	92.4721
schraal ADJ(vrij,basis,zonder)	5	669388	92.4727
schoonbroer N(soort,ev,basis,zijd,stan)	5	669393	92.4734
schoen N(soort,mv,dim)	5	669398	92.4741
schitteren WW(vd,vrij,zonder)	5	669403	92.4748
schikken WW(pv,tgw,met-t)	5	669408	92.4755
schijf N(soort,mv,basis)	5	669413	92.4762
schieten WW(inf,nom,zonder,zonder-n)	5	669418	92.4769
scheids N(soort,ev,basis,zijd,stan)	5	669423	92.4776
schande N(soort,ev,basis,zijd,stan)	5	669428	92.4783
schandalig ADJ(vrij,basis,zonder)	5	669433	92.479
scanner N(soort,ev,basis,zijd,stan)	5	669438	92.4797
saying SPEC(vreemd)	5	669443	92.4803
sava N(soort,mv,basis)	5	669448	92.481
safely SPEC(vreemd)	5	669453	92.4817
s SPEC(symb)	5	669458	92.4824
s SPEC(afgebr)	5	669463	92.4831
rusten WW(pv,tgw,ev)	5	669468	92.4838
rtl N(soort,ev,basis,zijd,stan)	5	669473	92.4845
rol N(soort,ev,basis,zijd,stan)	5	669478	92.4852
roeselare N(soort,ev,basis,zijd,stan)	5	669483	92.4859
roepen WW(vd,vrij,zonder)	5	669488	92.4866
rijk N(soort,ev,basis,onz,stan)	5	669493	92.4872
rijbewijs N(soort,ev,basis,onz,stan)	5	669498	92.4879
righty SPEC(vreemd)	5	669503	92.4886
resultaat N(soort,mv,basis)	5	669508	92.4893
resto N(soort,ev,basis,zijd,stan)	5	669513	92.49
reservering N(soort,ev,basis,zijd,stan)	5	669518	92.4907
reply SPEC(vreemd)	5	669523	92.4914
rekenen WW(vd,vrij,zonder)	5	669528	92.4921
reiziger N(soort,mv,basis)	5	669533	92.4928
regenen WW(vd,vrij,zonder)	5	669538	92.4935
regelmatig ADJ(vrij,basis,zonder)	5	669543	92.4942
reclame N(soort,ev,basis,zijd,stan)	5	669548	92.4948
reading SPEC(vreemd)	5	669553	92.4955
rats N(soort,ev,basis,zijd,stan)	5	669558	92.4962
rashmi SPEC(vreemd)	5	669563	92.4969
radiologie N(soort,ev,basis,zijd,stan)	5	669568	92.4976
raak ADJ(vrij,basis,zonder)	5	669573	92.4983
quote N(soort,ev,basis,zijd,stan)	5	669578	92.499
publiek N(soort,ev,basis,onz,stan)	5	669583	92.4997
prÃ³even WW(inf,vrij,zonder)	5	669588	92.5004
proost N(soort,ev,basis,zijd,stan)	5	669593	92.5011
prono N(soort,ev,basis,zijd,stan)	5	669598	92.5018
profiel N(soort,ev,basis,onz,stan)	5	669603	92.5024
proeven WW(inf,vrij,zonder)	5	669608	92.5031
processor N(soort,ev,basis,zijd,stan)	5	669613	92.5038
probleem N(soort,ev,dim,onz,stan)	5	669618	92.5045
proberen WW(pv,tgw,met-t)	5	669623	92.5052
prijs N(soort,mv,basis)	5	669628	92.5059
precies ADJ(prenom,basis,met-e,stan)	5	669633	92.5066
praten WW(pv,tgw,ev)	5	669638	92.5073
praktisch ADJ(prenom,basis,met-e,stan)	5	669643	92.508
praesidium N(soort,ev,basis,onz,stan)	5	669648	92.5087
pour SPEC(vreemd)	5	669653	92.5094
posted WW(pv,verl,ev)	5	669658	92.51
populair ADJ(vrij,basis,zonder)	5	669663	92.5107
point SPEC(vreemd)	5	669668	92.5114
poes N(soort,mv,dim)	5	669673	92.5121
poepen WW(inf,vrij,zonder)	5	669678	92.5128
pocket SPEC(vreemd)	5	669683	92.5135
pluis ADJ(vrij,basis,zonder)	5	669688	92.5142
plant N(soort,mv,dim)	5	669693	92.5149
planeet N(soort,ev,basis,zijd,stan)	5	669698	92.5156
place SPEC(deeleigen)	5	669703	92.5163
plaat N(soort,ev,basis,zijd,stan)	5	669708	92.517
pissed SPEC(vreemd)	5	669713	92.5176
pilzen WW(inf,vrij,zonder)	5	669718	92.5183
pil N(soort,mv,basis)	5	669723	92.519
pikken WW(pv,tgw,met-t)	5	669728	92.5197
pijnlijk ADJ(vrij,basis,zonder)	5	669733	92.5204
piekeren WW(inf,vrij,zonder)	5	669738	92.5211
phil N(soort,ev,basis,zijd,stan)	5	669743	92.5218
pesto N(soort,ev,basis,zijd,stan)	5	669748	92.5225
persoonlijk ADJ(prenom,basis,met-e,stan)	5	669753	92.5232
persoon N(soort,mv,basis)	5	669758	92.5239
perfect ADJ(prenom,basis,zonder)	5	669763	92.5245
peinzen WW(inf,vrij,zonder)	5	669768	92.5252
pauper N(soort,ev,basis,zijd,stan)	5	669773	92.5259
passeren WW(vd,vrij,zonder)	5	669778	92.5266
partytent N(soort,ev,basis,zijd,stan)	5	669783	92.5273
partner N(soort,ev,basis,zijd,stan)	5	669788	92.528
parti N(soort,ev,basis,zijd,stan)	5	669793	92.5287
part SPEC(vreemd)	5	669798	92.5294
paraat ADJ(vrij,basis,zonder)	5	669803	92.5301
pannekoek N(soort,mv,basis)	5	669808	92.5308
pampel N(soort,ev,basis,zijd,stan)	5	669813	92.5315
pakket N(soort,ev,basis,onz,stan)	5	669818	92.5321
pack SPEC(vreemd)	5	669823	92.5328
owkeej TSW(dial)	5	669828	92.5335
ow ADJ(vrij,basis,zonder)	5	669833	92.5342
overwinning N(soort,ev,basis,zijd,stan)	5	669838	92.5349
overwegen WW(pv,tgw,ev)	5	669843	92.5356
overleven WW(pv,tgw,ev)	5	669848	92.5363
overleggen WW(pv,tgw,mv)	5	669853	92.537
overkomen WW(pv,tgw,met-t)	5	669858	92.5377
overheen BW()	5	669863	92.5384
overdreven ADJ(vrij,basis,zonder)	5	669868	92.5391
outfit N(soort,ev,basis,zijd,stan)	5	669873	92.5397
oudjaar N(soort,ev,basis,onz,stan)	5	669878	92.5404
ouderwets ADJ(vrij,basis,zonder)	5	669883	92.5411
oudejaar N(soort,ev,basis,onz,stan)	5	669888	92.5418
otto N(soort,ev,basis,zijd,stan)	5	669893	92.5425
opzetten WW(inf,vrij,zonder)	5	669898	92.5432
optimaal ADJ(vrij,basis,zonder)	5	669903	92.5439
opschrijven WW(inf,vrij,zonder)	5	669908	92.5446
opschieten WW(inf,vrij,zonder)	5	669913	92.5453
opmaken WW(inf,vrij,zonder)	5	669918	92.546
opladen WW(inf,vrij,zonder)	5	669923	92.5467
ophangen WW(inf,vrij,zonder)	5	669928	92.5473
opendoen WW(inf,vrij,zonder)	5	669933	92.548
opdoen WW(vd,vrij,zonder)	5	669938	92.5487
oooh ADJ(vrij,basis,zonder)	5	669943	92.5494
oog N(soort,ev,dim,onz,stan)	5	669948	92.5501
onzekerheid N(soort,ev,basis,zijd,stan)	5	669953	92.5508
onwijs ADJ(vrij,basis,zonder)	5	669958	92.5515
ontslag N(soort,ev,basis,onz,stan)	5	669963	92.5522
ontbijten WW(pv,tgw,ev)	5	669968	92.5529
onrustig ADJ(vrij,basis,zonder)	5	669973	92.5536
onnozel ADJ(vrij,basis,zonder)	5	669978	92.5542
onnozel ADJ(prenom,basis,met-e,stan)	5	669983	92.5549
onduidelijk ADJ(vrij,basis,zonder)	5	669988	92.5556
onderuit BW()	5	669993	92.5563
omgeving N(soort,ev,basis,zijd,stan)	5	669998	92.557
omgaan WW(inf,vrij,zonder)	5	670003	92.5577
omg N(soort,ev,basis,zijd,stan)	5	670008	92.5584
okee SPEC(deeleigen)	5	670013	92.5591
okee N(soort,mv,dim)	5	670018	92.5598
okay SPEC(deeleigen)	5	670023	92.5605
oja N(soort,ev,basis,zijd,stan)	5	670028	92.5612
oid N(soort,ev,basis,zijd,stan)	5	670033	92.5618
offerte N(soort,ev,basis,zijd,stan)	5	670038	92.5625
oepsie N(soort,ev,basis,zijd,stan)	5	670043	92.5632
ocharme N(soort,ev,basis,onz,stan)	5	670048	92.5639
o SPEC(vreemd)	5	670053	92.5646
nsv N(soort,ev,basis,zijd,stan)	5	670058	92.5653
nr N(soort,ev,basis,zijd,stan)	5	670063	92.566
notitie N(soort,mv,basis)	5	670068	92.5667
noorden N(soort,ev,basis,onz,stan)	5	670073	92.5674
noemen WW(vd,vrij,zonder)	5	670078	92.5681
nodigen WW(pv,tgw,met-t)	5	670083	92.5688
nmb N(soort,mv,basis)	5	670088	92.5694
niveau N(soort,ev,basis,onz,stan)	5	670093	92.5701
nine SPEC(vreemd)	5	670098	92.5708
nimr N(soort,ev,basis,zijd,stan)	5	670103	92.5715
nieuwschierig ADJ(vrij,basis,zonder)	5	670108	92.5722
nieuw ADJ(prenom,sup,met-e,stan)	5	670113	92.5729
ng ADJ(vrij,basis,zonder)	5	670118	92.5736
nerveus ADJ(vrij,basis,zonder)	5	670123	92.5743
nekeer N(soort,ev,basis,onz,stan)	5	670128	92.575
neenee N(soort,ev,basis,zijd,stan)	5	670133	92.5757
neef N(soort,ev,dim,onz,stan)	5	670138	92.5764
neeee N(soort,ev,basis,zijd,stan)	5	670143	92.577
nasi N(soort,ev,basis,zijd,stan)	5	670148	92.5777
naakt ADJ(vrij,basis,zonder)	5	670153	92.5784
mÃ³et WW(pv,tgw,met-t)	5	670158	92.5791
myn SPEC(vreemd)	5	670163	92.5798
muis N(soort,ev,basis,zijd,stan)	5	670168	92.5805
mss WW(pv,tgw,ev)	5	670173	92.5812
mss SPEC(deeleigen)	5	670178	92.5819
mss N(soort,ev,basis,onz,stan)	5	670183	92.5826
mooi ADJ(nom,sup,met-e,zonder-n,stan)	5	670188	92.5833
mogelijkheid N(soort,ev,basis,zijd,stan)	5	670193	92.584
moete N(soort,ev,basis,zijd,stan)	5	670198	92.5846
moeheid N(soort,ev,basis,zijd,stan)	5	670203	92.5853
mobiel ADJ(prenom,basis,zonder)	5	670208	92.586
mitchaux N(soort,ev,basis,onz,stan)	5	670213	92.5867
mist N(soort,ev,basis,zijd,stan)	5	670218	92.5874
minke N(soort,ev,basis,zijd,stan)	5	670223	92.5881
miet N(soort,ev,dim,onz,stan)	5	670228	92.5888
miem ADJ(vrij,basis,zonder)	5	670233	92.5895
mieke N(soort,ev,dim,onz,stan)	5	670238	92.5902
middenin BW()	5	670243	92.5909
middagdutje N(soort,ev,dim,onz,stan)	5	670248	92.5915
microgolf N(soort,ev,basis,zijd,stan)	5	670253	92.5922
meubel N(soort,mv,basis)	5	670258	92.5929
meter N(soort,mv,basis)	5	670263	92.5936
mentaal ADJ(vrij,basis,zonder)	5	670268	92.5943
meis N(soort,ev,basis,zijd,stan)	5	670273	92.595
meileken WW(inf,vrij,zonder)	5	670278	92.5957
mega ADJ(prenom,basis,zonder)	5	670283	92.5964
meezitten WW(pv,tgw,ev)	5	670288	92.5971
meevallen WW(vd,vrij,zonder)	5	670293	92.5978
meeste VNW(onbep,grad,stan,nom,met-e,zonder-n,sup)	5	670298	92.5985
medisch ADJ(prenom,basis,met-e,stan)	5	670303	92.5991
media N(soort,mv,basis)	5	670308	92.5998
medewerker N(soort,ev,basis,zijd,stan)	5	670313	92.6005
mechelen N(soort,mv,basis)	5	670318	92.6012
mb N(soort,ev,basis,zijd,stan)	5	670323	92.6019
massa N(soort,ev,basis,zijd,stan)	5	670328	92.6026
map N(soort,mv,basis)	5	670333	92.6033
map N(soort,ev,basis,zijd,stan)	5	670338	92.604
many SPEC(vreemd)	5	670343	92.6047
mam SPEC(vreemd)	5	670348	92.6054
mam N(soort,ev,dim,onz,stan)	5	670353	92.6061
mal ADJ(prenom,basis,met-e,stan)	5	670358	92.6067
mailen WW(pv,tgw,met-t)	5	670363	92.6074
maestro N(soort,ev,basis,zijd,stan)	5	670368	92.6081
macaroni N(soort,ev,basis,zijd,stan)	5	670373	92.6088
maarre BW()	5	670378	92.6095
m VNW(pers,pron,obl,red,3,ev,masc)	5	670383	92.6102
lullen WW(inf,vrij,zonder)	5	670388	92.6109
lossen WW(inf,vrij,zonder)	5	670393	92.6116
loket N(soort,ev,basis,onz,stan)	5	670398	92.6123
live SPEC(vreemd)	5	670403	92.613
liset N(soort,ev,basis,zijd,stan)	5	670408	92.6137
line SPEC(vreemd)	5	670413	92.6143
limburg N(soort,ev,basis,zijd,stan)	5	670418	92.615
lijk BW()	5	670423	92.6157
lien N(soort,mv,basis)	5	670428	92.6164
licht ADJ(vrij,basis,zonder)	5	670433	92.6171
less SPEC(vreemd)	5	670438	92.6178
leren WW(inf,nom,zonder,zonder-n)	5	670443	92.6185
leo N(soort,ev,basis,onz,stan)	5	670448	92.6192
lente N(soort,ev,basis,zijd,stan)	5	670453	92.6199
leiden WW(inf,vrij,zonder)	5	670458	92.6206
leggen WW(pv,tgw,mv)	5	670463	92.6213
lebber N(soort,ev,basis,zijd,stan)	5	670468	92.6219
lazy SPEC(vreemd)	5	670473	92.6226
lastigvallen WW(inf,vrij,zonder)	5	670478	92.6233
langsgaan WW(vd,vrij,zonder)	5	670483	92.624
landmark SPEC(vreemd)	5	670488	92.6247
land N(soort,mv,basis)	5	670493	92.6254
lamp N(soort,ev,basis,zijd,stan)	5	670498	92.6261
ladies SPEC(vreemd)	5	670503	92.6268
laden WW(inf,vrij,zonder)	5	670508	92.6275
lachen WW(pv,tgw,met-t)	5	670513	92.6282
laan N(soort,ev,basis,zijd,stan)	5	670518	92.6288
kzou N(soort,ev,basis,onz,stan)	5	670523	92.6295
ky N(soort,ev,dim,onz,stan)	5	670528	92.6302
kweet N(soort,dial)	5	670533	92.6309
kvond N(soort,ev,basis,zijd,stan)	5	670538	92.6316
kunn WW(pv,tgw,mv)	5	670543	92.6323
kunal SPEC(vreemd)	5	670548	92.633
kr WW(pv,tgw,met-t)	5	670553	92.6337
koud ADJ(prenom,basis,zonder)	5	670558	92.6344
kosten WW(vd,vrij,zonder)	5	670563	92.6351
kosten WW(inf,vrij,zonder)	5	670568	92.6358
kortrijk ADJ(vrij,basis,zonder)	5	670573	92.6364
korenmarkt N(soort,ev,basis,zijd,stan)	5	670578	92.6371
koopzondag N(soort,ev,basis,zijd,stan)	5	670583	92.6378
konijn N(soort,ev,dim,onz,stan)	5	670588	92.6385
komn WW(inf,vrij,zonder)	5	670593	92.6392
komkommer N(soort,ev,basis,zijd,stan)	5	670598	92.6399
koen SPEC(vreemd)	5	670603	92.6406
koen N(soort,ev,basis,onz,stan)	5	670608	92.6413
koek N(soort,ev,basis,zijd,stan)	5	670613	92.642
knus ADJ(vrij,basis,zonder)	5	670618	92.6427
knuffeltijd N(soort,ev,basis,zijd,stan)	5	670623	92.6434
knows SPEC(vreemd)	5	670628	92.644
knal N(soort,mv,basis)	5	670633	92.6447
kmoet N(soort,ev,basis,zijd,stan)	5	670638	92.6454
klop N(soort,ev,basis,zijd,stan)	5	670643	92.6461
klas N(soort,mv,basis)	5	670648	92.6468
klant N(soort,mv,basis)	5	670653	92.6475
klant N(soort,ev,basis,zijd,stan)	5	670658	92.6482
klaat N(soort,ev,basis,onz,stan)	5	670663	92.6489
kill SPEC(vreemd)	5	670668	92.6496
kijk N(soort,ev,dim,onz,stan)	5	670673	92.6503
kids SPEC(vreemd)	5	670678	92.651
kg N(soort,ev,basis,zijd,stan)	5	670683	92.6516
kerstmarkt N(soort,ev,basis,zijd,stan)	5	670688	92.6523
kep N(soort,mv,dim)	5	670693	92.653
keiveel ADJ(prenom,basis,zonder)	5	670698	92.6537
kei ADJ(vrij,basis,zonder)	5	670703	92.6544
kdacht N(soort,ev,basis,onz,stan)	5	670708	92.6551
kben N(soort,ev,basis,zijd,stan)	5	670713	92.6558
kater N(soort,ev,dim,onz,stan)	5	670718	92.6565
karaoke N(soort,ev,basis,zijd,stan)	5	670723	92.6572
kalkoen N(soort,ev,basis,zijd,stan)	5	670728	92.6579
kado N(soort,mv,basis)	5	670733	92.6585
kaars N(soort,ev,dim,onz,stan)	5	670738	92.6592
kaar N(soort,mv,basis)	5	670743	92.6599
ka SPEC(vreemd)	5	670748	92.6606
jurg N(soort,mv,basis)	5	670753	92.6613
jorn N(soort,mv,basis)	5	670758	92.662
joost N(soort,ev,basis,zijd,stan)	5	670763	92.6627
jong N(soort,ev,basis,onz,stan)	5	670768	92.6634
jij ADJ(vrij,basis,zonder)	5	670773	92.6641
jerom N(soort,ev,basis,zijd,stan)	5	670778	92.6648
jeetje N(soort,ev,dim,onz,stan)	5	670783	92.6655
jeeej TSW(dial)	5	670788	92.6661
jammergenoeg WW(pv,verl,ev)	5	670793	92.6668
ivm ADJ(prenom,basis,met-e,stan)	5	670798	92.6675
isda N(soort,ev,basis,zijd,stan)	5	670803	92.6682
interested SPEC(vreemd)	5	670808	92.6689
inleiding N(soort,ev,basis,zijd,stan)	5	670813	92.6696
inkom N(soort,ev,basis,zijd,stan)	5	670818	92.6703
informatica N(soort,ev,basis,zijd,stan)	5	670823	92.671
indrinken WW(inf,vrij,zonder)	5	670828	92.6717
inchecken WW(vd,vrij,zonder)	5	670833	92.6724
ij VNW(pers,pron,nomin,vol,1,mv)	5	670838	92.6731
iig WW(pv,tgw,ev)	5	670843	92.6737
iem ADJ(vrij,basis,zonder)	5	670848	92.6744
idem SPEC(vreemd)	5	670853	92.6751
ideeen N(soort,mv,basis)	5	670858	92.6758
id SPEC(afk)	5	670863	92.6765
huisfeest N(soort,ev,basis,onz,stan)	5	670868	92.6772
huis N(soort,ev,basis,dat)	5	670873	92.6779
huidig ADJ(prenom,basis,met-e,stan)	5	670878	92.6786
hopen WW(pv,verl,ev)	5	670883	92.6793
hoorn N(soort,ev,basis,zijd,stan)	5	670888	92.68
hoofdstuk N(soort,ev,basis,onz,stan)	5	670893	92.6807
homo N(soort,ev,basis,zijd,stan)	5	670898	92.6813
homie N(soort,mv,basis)	5	670903	92.682
homie N(soort,ev,basis,zijd,stan)	5	670908	92.6827
home N(soort,ev,basis,onz,stan)	5	670913	92.6834
holland N(soort,ev,basis,onz,stan)	5	670918	92.6841
hoeven WW(pv,verl,ev)	5	670923	92.6848
hoeveelheid N(soort,ev,basis,zijd,stan)	5	670928	92.6855
hoelaat ADJ(vrij,basis,zonder)	5	670933	92.6862
ho N(soort,ev,basis,zijd,stan)	5	670938	92.6869
hmm N(soort,ev,basis,zijd,stan)	5	670943	92.6876
hip ADJ(prenom,basis,met-e,stan)	5	670948	92.6883
hint N(soort,ev,basis,zijd,stan)	5	670953	92.6889
hierna BW()	5	670958	92.6896
heus ADJ(vrij,basis,zonder)	5	670963	92.6903
herstellen WW(inf,vrij,zonder)	5	670968	92.691
hersenen N(soort,mv,basis)	5	670973	92.6917
herkennen WW(pv,tgw,ev)	5	670978	92.6924
herkenbaar ADJ(vrij,basis,zonder)	5	670983	92.6931
herfstvakantie N(soort,ev,basis,zijd,stan)	5	670988	92.6938
herexamen N(soort,mv,basis)	5	670993	92.6945
hengelo N(soort,ev,basis,zijd,stan)	5	670998	92.6952
hemd N(soort,ev,basis,onz,stan)	5	671003	92.6958
heem N(soort,ev,basis,onz,stan)	5	671008	92.6965
heee BW()	5	671013	92.6972
hebben WW(dial)	5	671018	92.6979
he N(soort,ev,basis,zijd,stan)	5	671023	92.6986
hardlopen WW(inf,nom,zonder,zonder-n)	5	671028	92.6993
hard ADJ(vrij,comp,zonder)	5	671033	92.7
handleiding N(soort,ev,basis,zijd,stan)	5	671038	92.7007
handdoek N(soort,mv,basis)	5	671043	92.7014
hairdresser SPEC(vreemd)	5	671048	92.7021
haalbaar ADJ(vrij,basis,zonder)	5	671053	92.7028
gulder VNW(pers,pron,dial)	5	671058	92.7034
grtjs N(soort,ev,basis,onz,stan)	5	671063	92.7041
grap N(soort,mv,dim)	5	671068	92.7048
gram N(soort,ev,basis,zijd,stan)	5	671073	92.7055
gr WW(pv,tgw,met-t)	5	671078	92.7062
godverdomme TSW()	5	671083	92.7069
gigantisch ADJ(vrij,basis,zonder)	5	671088	92.7076
gigantisch ADJ(prenom,basis,met-e,stan)	5	671093	92.7083
gezin N(soort,ev,basis,onz,stan)	5	671098	92.709
gezicht N(soort,ev,dim,onz,stan)	5	671103	92.7097
gewoonlijk ADJ(vrij,basis,zonder)	5	671108	92.7104
geweldig ADJ(prenom,basis,zonder)	5	671113	92.711
gevaarlijk ADJ(vrij,basis,zonder)	5	671118	92.7117
geschikt ADJ(vrij,basis,zonder)	5	671123	92.7124
genieten WW(pv,tgw,mv)	5	671128	92.7131
geloven WW(pv,tgw,mv)	5	671133	92.7138
geestig ADJ(vrij,basis,zonder)	5	671138	92.7145
gebruiken WW(pv,tgw,ev)	5	671143	92.7152
gebrek N(soort,ev,basis,onz,stan)	5	671148	92.7159
gebied N(soort,ev,basis,onz,stan)	5	671153	92.7166
gb N(soort,ev,basis,zijd,stan)	5	671158	92.7173
gastvrijheid N(soort,ev,basis,zijd,stan)	5	671163	92.718
garnaal N(soort,mv,basis)	5	671168	92.7186
gang N(soort,ev,dim,onz,stan)	5	671173	92.7193
gaarne BW()	5	671178	92.72
fzo N(soort,ev,basis,zijd,stan)	5	671183	92.7207
fwden WW(vd,vrij,zonder)	5	671188	92.7214
full SPEC(vreemd)	5	671193	92.7221
fuik N(soort,ev,basis,zijd,stan)	5	671198	92.7228
frituur N(soort,ev,basis,zijd,stan)	5	671203	92.7235
french SPEC(vreemd)	5	671208	92.7242
frans ADJ(vrij,basis,zonder)	5	671213	92.7249
four SPEC(vreemd)	5	671218	92.7255
fototoestel N(soort,ev,basis,onz,stan)	5	671223	92.7262
fotograferen WW(inf,vrij,zonder)	5	671228	92.7269
flow SPEC(vreemd)	5	671233	92.7276
flink ADJ(prenom,basis,zonder)	5	671238	92.7283
filmfestival N(soort,ev,basis,onz,stan)	5	671243	92.729
filmen WW(inf,vrij,zonder)	5	671248	92.7297
film SPEC(vreemd)	5	671253	92.7304
fietsenstalling N(soort,ev,basis,zijd,stan)	5	671258	92.7311
fietsen WW(inf,nom,zonder,zonder-n)	5	671263	92.7318
fieteren WW(pv,tgw,met-t)	5	671268	92.7325
ffe BW()	5	671273	92.7331
ffe ADJ(nom,basis,met-e,zonder-n,stan)	5	671278	92.7338
feliciteren WW(pv,tgw,ev)	5	671283	92.7345
fantastisch ADJ(prenom,basis,zonder)	5	671288	92.7352
fanny's N(soort,mv,basis)	5	671293	92.7359
family SPEC(vreemd)	5	671298	92.7366
fail N(soort,ev,basis,zijd,stan)	5	671303	92.7373
eye SPEC(vreemd)	5	671308	92.738
extern ADJ(prenom,basis,met-e,stan)	5	671313	92.7387
expres ADJ(vrij,basis,zonder)	5	671318	92.7394
every SPEC(vreemd)	5	671323	92.7401
evaluatie N(soort,ev,basis,zijd,stan)	5	671328	92.7407
eum N(soort,ev,basis,onz,stan)	5	671333	92.7414
etiket N(soort,mv,basis)	5	671338	92.7421
erg ADJ(postnom,basis,met-s)	5	671343	92.7428
entrance SPEC(vreemd)	5	671348	92.7435
em VNW(pers,pron,dial)	5	671353	92.7442
elegast N(soort,ev,basis,zijd,stan)	5	671358	92.7449
eigl WW(pv,tgw,met-t)	5	671363	92.7456
eigenwijs ADJ(vrij,basis,zonder)	5	671368	92.7463
ei N(soort,mv,dim)	5	671373	92.747
ei N(soort,ev,dim,onz,stan)	5	671378	92.7477
effectief ADJ(vrij,basis,zonder)	5	671383	92.7483
een VNW(onbep,det,stan,prenom,zonder,evon)	5	671388	92.749
een VNW(onbep,det,dial)	5	671393	92.7497
edde WW(dial)	5	671398	92.7504
easy SPEC(vreemd)	5	671403	92.7511
dweilen WW(inf,vrij,zonder)	5	671408	92.7518
duvel N(soort,ev,basis,zijd,stan)	5	671413	92.7525
duif N(soort,ev,basis,zijd,stan)	5	671418	92.7532
dude SPEC(vreemd)	5	671423	92.7539
drukken WW(vd,vrij,zonder)	5	671428	92.7546
drop SPEC(vreemd)	5	671433	92.7553
drank N(soort,mv,dim)	5	671438	92.7559
dragen WW(pv,tgw,ev)	5	671443	92.7566
draaien WW(pv,tgw,ev)	5	671448	92.7573
doorrijden WW(inf,vrij,zonder)	5	671453	92.758
don N(soort,ev,basis,zijd,stan)	5	671458	92.7587
dollar N(soort,ev,basis,zijd,stan)	5	671463	92.7594
doen WW(pv,verl,mv)	5	671468	92.7601
doel N(soort,ev,basis,onz,stan)	5	671473	92.7608
doeii N(soort,ev,basis,zijd,stan)	5	671478	92.7615
docent N(soort,ev,basis,zijd,stan)	5	671483	92.7622
doc SPEC(symb)	5	671488	92.7628
ding N(soort,ev,dim,onz,stan)	5	671493	92.7635
digitaal ADJ(vrij,basis,zonder)	5	671498	92.7642
dierentuin N(soort,ev,basis,zijd,stan)	5	671503	92.7649
diederik N(soort,ev,basis,onz,stan)	5	671508	92.7656
diarree N(soort,ev,basis,zijd,stan)	5	671513	92.7663
di. SPEC(afk)	5	671518	92.767
deventer N(soort,ev,basis,onz,stan)	5	671523	92.7677
des BW()	5	671528	92.7684
departement N(soort,ev,basis,onz,stan)	5	671533	92.7691
dennis N(soort,ev,basis,zijd,stan)	5	671538	92.7698
denken WW(inf,nom,zonder,zonder-n)	5	671543	92.7704
deb SPEC(vreemd)	5	671548	92.7711
deadline N(soort,mv,basis)	5	671553	92.7718
daten WW(inf,nom,zonder,zonder-n)	5	671558	92.7725
dankuwel N(soort,ev,basis,zijd,stan)	5	671563	92.7732
daaro VNW(aanw,adv-pron,obl,vol,3o,getal)	5	671568	92.7739
daagse N(soort,ev,basis,zijd,stan)	5	671573	92.7746
daadwerkelijk ADJ(vrij,basis,zonder)	5	671578	92.7753
cv N(soort,ev,basis,onz,stan)	5	671583	92.776
cursus N(soort,mv,basis)	5	671588	92.7767
creme N(soort,ev,basis,zijd,stan)	5	671593	92.7774
creche N(soort,ev,basis,zijd,stan)	5	671598	92.778
corner N(soort,ev,basis,zijd,stan)	5	671603	92.7787
cool ADJ(prenom,basis,met-e,stan)	5	671608	92.7794
controleren WW(vd,vrij,zonder)	5	671613	92.7801
container N(soort,ev,basis,zijd,stan)	5	671618	92.7808
constant ADJ(vrij,basis,zonder)	5	671623	92.7815
conclusie N(soort,ev,basis,zijd,stan)	5	671628	92.7822
concept N(soort,ev,basis,onz,stan)	5	671633	92.7829
computer N(soort,mv,basis)	5	671638	92.7836
commissie N(soort,mv,basis)	5	671643	92.7843
combinatie N(soort,ev,basis,zijd,stan)	5	671648	92.785
coma N(soort,ev,basis,zijd,stan)	5	671653	92.7856
colff N(soort,ev,basis,zijd,stan)	5	671658	92.7863
cocktail N(soort,ev,dim,onz,stan)	5	671663	92.787
clercq N(soort,ev,basis,zijd,stan)	5	671668	92.7877
cl N(soort,ev,basis,zijd,stan)	5	671673	92.7884
chunkie N(soort,ev,basis,zijd,stan)	5	671678	92.7891
chica N(soort,ev,basis,zijd,stan)	5	671683	92.7898
cheers N(soort,mv,basis)	5	671688	92.7905
charlotte WW(pv,verl,ev)	5	671693	92.7912
cell SPEC(vreemd)	5	671698	92.7919
carriÃ¨re N(soort,ev,basis,zijd,stan)	5	671703	92.7926
cabaret N(soort,ev,basis,onz,stan)	5	671708	92.7932
bwa N(soort,ev,basis,zijd,stan)	5	671713	92.7939
bus SPEC(vreemd)	5	671718	92.7946
bundel N(soort,ev,basis,zijd,stan)	5	671723	92.7953
buffet N(soort,ev,basis,onz,stan)	5	671728	92.796
breken WW(vd,vrij,zonder)	5	671733	92.7967
brasserie N(soort,ev,basis,zijd,stan)	5	671738	92.7974
brak ADJ(vrij,basis,zonder)	5	671743	92.7981
bouwput N(soort,ev,basis,zijd,stan)	5	671748	92.7988
boss SPEC(vreemd)	5	671753	92.7995
boor N(soort,ev,basis,zijd,stan)	5	671758	92.8001
bondstraat N(soort,ev,basis,zijd,stan)	5	671763	92.8008
boksen WW(inf,vrij,zonder)	5	671768	92.8015
bloem N(soort,mv,dim)	5	671773	92.8022
blik N(soort,ev,dim,onz,stan)	5	671778	92.8029
blessure N(soort,ev,basis,zijd,stan)	5	671783	92.8036
blesseren WW(vd,vrij,zonder)	5	671788	92.8043
blaarmeersen N(soort,mv,basis)	5	671793	92.805
bisous N(soort,ev,basis,zijd,stan)	5	671798	92.8057
binnenspringen WW(inf,vrij,zonder)	5	671803	92.8064
binden WW(inf,vrij,zonder)	5	671808	92.8071
bikini N(soort,ev,basis,zijd,stan)	5	671813	92.8077
bijzonder ADJ(prenom,basis,met-e,stan)	5	671818	92.8084
bijslapen WW(inf,vrij,zonder)	5	671823	92.8091
bijlage N(soort,ev,basis,zijd,stan)	5	671828	92.8098
bijkletsen WW(inf,vrij,zonder)	5	671833	92.8105
bijeenkomst N(soort,ev,basis,zijd,stan)	5	671838	92.8112
bijdrage N(soort,ev,basis,zijd,stan)	5	671843	92.8119
bij N(soort,mv,dim)	5	671848	92.8126
biefstuk N(soort,ev,basis,zijd,stan)	5	671853	92.8133
bezoeken WW(vd,vrij,zonder)	5	671858	92.814
betaling N(soort,ev,basis,zijd,stan)	5	671863	92.8147
betalen WW(pv,tgw,mv)	5	671868	92.8153
bestival N(soort,ev,basis,zijd,stan)	5	671873	92.816
bestellen WW(pv,tgw,mv)	5	671878	92.8167
best SPEC(vreemd)	5	671883	92.8174
bereiden WW(inf,vrij,zonder)	5	671888	92.8181
bennek N(soort,ev,basis,zijd,stan)	5	671893	92.8188
benieuwen WW(vd,vrij,zonder)	5	671898	92.8195
beltegoed N(soort,ev,basis,onz,stan)	5	671903	92.8202
beloven WW(pv,tgw,met-t)	5	671908	92.8209
belln WW(inf,vrij,zonder)	5	671913	92.8216
bella SPEC(vreemd)	5	671918	92.8223
belga SPEC(deeleigen)	5	671923	92.8229
bekennen WW(inf,vrij,zonder)	5	671928	92.8236
being SPEC(vreemd)	5	671933	92.8243
begrip N(soort,ev,basis,onz,stan)	5	671938	92.825
beetje N(soort,ev,dim,onz,stan)	5	671943	92.8257
beestig ADJ(vrij,basis,zonder)	5	671948	92.8264
beest N(soort,ev,dim,onz,stan)	5	671953	92.8271
bedrijfskunde N(soort,ev,basis,zijd,stan)	5	671958	92.8278
bedrijf N(soort,mv,basis)	5	671963	92.8285
because SPEC(vreemd)	5	671968	92.8292
beach SPEC(vreemd)	5	671973	92.8298
baudelo N(soort,ev,basis,zijd,stan)	5	671978	92.8305
bar N(soort,mv,basis)	5	671983	92.8312
bandra N(soort,ev,basis,zijd,stan)	5	671988	92.8319
balie N(soort,ev,basis,zijd,stan)	5	671993	92.8326
bakken WW(vd,vrij,zonder)	5	671998	92.8333
bak N(soort,mv,basis)	5	672003	92.834
bag SPEC(vreemd)	5	672008	92.8347
bad SPEC(vreemd)	5	672013	92.8354
baarddag N(soort,ev,basis,zijd,stan)	5	672018	92.8361
avond N(soort,mv,basis)	5	672023	92.8368
automaat N(soort,ev,basis,zijd,stan)	5	672028	92.8374
auto N(soort,ev,dim,onz,stan)	5	672033	92.8381
augurk N(soort,ev,basis,zijd,stan)	5	672038	92.8388
attent ADJ(vrij,basis,zonder)	5	672043	92.8395
aswin BW()	5	672048	92.8402
asociaal ADJ(vrij,basis,zonder)	5	672053	92.8409
art SPEC(vreemd)	5	672058	92.8416
arno N(soort,ev,basis,zijd,stan)	5	672063	92.8423
aperitieven WW(inf,vrij,zonder)	5	672068	92.843
apartment SPEC(vreemd)	5	672073	92.8437
apart ADJ(prenom,basis,zonder)	5	672078	92.8444
apart ADJ(prenom,basis,met-e,stan)	5	672083	92.845
anyone SPEC(vreemd)	5	672088	92.8457
annoying SPEC(vreemd)	5	672093	92.8464
anke WW(od,prenom,met-e)	5	672098	92.8471
andr N(soort,mv,basis)	5	672103	92.8478
anderhalf ADJ(prenom,basis,met-e,stan)	5	672108	92.8485
amusement N(soort,ev,basis,onz,stan)	5	672113	92.8492
amuseleute N(soort,ev,basis,zijd,stan)	5	672118	92.8499
ambiance N(soort,ev,basis,zijd,stan)	5	672123	92.8506
always N(soort,mv,basis)	5	672128	92.8513
alletwee VNW(onbep,det,stan,vrij,zonder)	5	672133	92.852
algemeen ADJ(nom,basis,zonder,zonder-n)	5	672138	92.8526
album N(soort,ev,basis,onz,stan)	5	672143	92.8533
afwerken WW(vd,vrij,zonder)	5	672148	92.854
afronden WW(inf,vrij,zonder)	5	672153	92.8547
afmaken WW(vd,vrij,zonder)	5	672158	92.8554
aflevering N(soort,mv,basis)	5	672163	92.8561
afkomen WW(pv,tgw,ev)	5	672168	92.8568
afhalen N(soort,mv,basis)	5	672173	92.8575
afgeven WW(vd,vrij,zonder)	5	672178	92.8582
afgeven WW(inf,vrij,zonder)	5	672183	92.8589
advocaat N(soort,ev,basis,zijd,stan)	5	672188	92.8596
adres N(soort,mv,basis)	5	672193	92.8602
achterlaten WW(vd,vrij,zonder)	5	672198	92.8609
acht TW(hoofd,nom,zonder-n,basis)	5	672203	92.8616
accepteren WW(inf,vrij,zonder)	5	672208	92.8623
aardbei N(soort,mv,basis)	5	672213	92.863
aanzetten WW(vd,vrij,zonder)	5	672218	92.8637
aanvulling N(soort,ev,basis,zijd,stan)	5	672223	92.8644
aanvraag N(soort,ev,basis,zijd,stan)	5	672228	92.8651
aantrekken WW(inf,vrij,zonder)	5	672233	92.8658
aansluiten WW(vd,vrij,zonder)	5	672238	92.8665
aansluiten WW(inf,vrij,zonder)	5	672243	92.8671
aanschuiven WW(inf,vrij,zonder)	5	672248	92.8678
aanleiding N(soort,ev,basis,zijd,stan)	5	672253	92.8685
aankomen WW(od,prenom,zonder)	5	672258	92.8692
aangeschoten ADJ(vrij,basis,zonder)	5	672263	92.8699
aalst N(soort,ev,basis,zijd,stan)	5	672268	92.8706
aaie N(soort,ev,basis,zijd,stan)	5	672273	92.8713
[ LET()	5	672278	92.872
Zwolle SPEC(deeleigen)	5	672283	92.8727
Zoo SPEC(deeleigen)	5	672288	92.8734
Zeb SPEC(vreemd)	5	672293	92.8741
Xx SPEC(afk)	5	672298	92.8747
XXXXXXXXXXXXXXXXXXXX SPEC(deeleigen)	5	672303	92.8754
XXXXXXXXX SPEC(deeleigen)	5	672308	92.8761
XL SPEC(deeleigen)	5	672313	92.8768
X SPEC(symb)	5	672318	92.8775
Wss SPEC(deeleigen)	5	672323	92.8782
Ws SPEC(deeleigen)	5	672328	92.8789
Windows SPEC(deeleigen)	5	672333	92.8796
WhatsApp SPEC(deeleigen)	5	672338	92.8803
Welles SPEC(deeleigen)	5	672343	92.881
Well SPEC(vreemd)	5	672348	92.8817
Wageningen SPEC(deeleigen)	5	672353	92.8823
Waalkade SPEC(deeleigen)	5	672358	92.883
W. SPEC(afk)	5	672363	92.8837
VoiceMail SPEC(deeleigen)	5	672368	92.8844
Very SPEC(vreemd)	5	672373	92.8851
VS SPEC(deeleigen)	5	672378	92.8858
Ur SPEC(deeleigen)	5	672383	92.8865
Und SPEC(vreemd)	5	672388	92.8872
Top SPEC(vreemd)	5	672393	92.8879
Tonight SPEC(vreemd)	5	672398	92.8886
Tomorrow SPEC(vreemd)	5	672403	92.8893
Tomorrow SPEC(deeleigen)	5	672408	92.8899
To SPEC(vreemd)	5	672413	92.8906
Tnx SPEC(deeleigen)	5	672418	92.8913
Tinus SPEC(deeleigen)	5	672423	92.892
Thx SPEC(vreemd)	5	672428	92.8927
Think SPEC(vreemd)	5	672433	92.8934
Think SPEC(deeleigen)	5	672438	92.8941
There SPEC(vreemd)	5	672443	92.8948
T SPEC(deeleigen)	5	672448	92.8955
Sweet SPEC(deeleigen)	5	672453	92.8962
Suzanne SPEC(deeleigen)	5	672458	92.8968
Stef SPEC(deeleigen)	5	672463	92.8975
Sounds SPEC(vreemd)	5	672468	92.8982
Soest SPEC(deeleigen)	5	672473	92.8989
Smak SPEC(deeleigen)	5	672478	92.8996
Skype SPEC(deeleigen)	5	672483	92.9003
Skaat SPEC(deeleigen)	5	672488	92.901
Sint SPEC(deeleigen)	5	672493	92.9017
Rsca SPEC(deeleigen)	5	672498	92.9024
Roosendaal SPEC(deeleigen)	5	672503	92.9031
Rick SPEC(deeleigen)	5	672508	92.9038
Richard SPEC(deeleigen)	5	672513	92.9044
Renske SPEC(deeleigen)	5	672518	92.9051
Reni SPEC(deeleigen)	5	672523	92.9058
Red SPEC(deeleigen)	5	672528	92.9065
Really SPEC(vreemd)	5	672533	92.9072
Rash SPEC(deeleigen)	5	672538	92.9079
Pulles SPEC(deeleigen)	5	672543	92.9086
Ps SPEC(deeleigen)	5	672548	92.9093
Prince SPEC(deeleigen)	5	672553	92.91
Portugal SPEC(deeleigen)	5	672558	92.9107
Petra SPEC(deeleigen)	5	672563	92.9114
Pauls SPEC(deeleigen)	5	672568	92.912
Paula SPEC(deeleigen)	5	672573	92.9127
Oude SPEC(deeleigen)	5	672578	92.9134
Oswald SPEC(deeleigen)	5	672583	92.9141
Oscar SPEC(deeleigen)	5	672588	92.9148
Open SPEC(deeleigen)	5	672593	92.9155
Oops SPEC(deeleigen)	5	672598	92.9162
Online SPEC(deeleigen)	5	672603	92.9169
Ohja SPEC(deeleigen)	5	672608	92.9176
Oei SPEC(vreemd)	5	672613	92.9183
Oeh SPEC(deeleigen)	5	672618	92.919
Nol SPEC(deeleigen)	5	672623	92.9196
Night SPEC(vreemd)	5	672628	92.9203
Nederlands SPEC(deeleigen)	5	672633	92.921
Nadine SPEC(deeleigen)	5	672638	92.9217
NAC SPEC(deeleigen)	5	672643	92.9224
Murphy SPEC(deeleigen)	5	672648	92.9231
Mulder SPEC(deeleigen)	5	672653	92.9238
Mm SPEC(deeleigen)	5	672658	92.9245
Mirjam SPEC(deeleigen)	5	672663	92.9252
Mikee SPEC(deeleigen)	5	672668	92.9259
Martje SPEC(deeleigen)	5	672673	92.9266
Marjolijn SPEC(deeleigen)	5	672678	92.9272
Marie-Rose SPEC(deeleigen)	5	672683	92.9279
Manchester SPEC(deeleigen)	5	672688	92.9286
Machteld SPEC(deeleigen)	5	672693	92.9293
Loes SPEC(deeleigen)	5	672698	92.93
Lisa SPEC(deeleigen)	5	672703	92.9307
Like SPEC(vreemd)	5	672708	92.9314
Lidka SPEC(deeleigen)	5	672713	92.9321
Let's SPEC(vreemd)	5	672718	92.9328
Lap SPEC(deeleigen)	5	672723	92.9335
LUD SPEC(deeleigen)	5	672728	92.9341
LU SPEC(deeleigen)	5	672733	92.9348
Kiss SPEC(vreemd)	5	672738	92.9355
Kim SPEC(deeleigen)	5	672743	92.9362
Karlijn SPEC(deeleigen)	5	672748	92.9369
Joris SPEC(deeleigen)	5	672753	92.9376
Joh SPEC(deeleigen)	5	672758	92.9383
Jeff SPEC(deeleigen)	5	672763	92.939
Jaro SPEC(vreemd)	5	672768	92.9397
J. SPEC(deeleigen)	5	672773	92.9404
Irene SPEC(deeleigen)	5	672778	92.9411
India SPEC(deeleigen)	5	672783	92.9417
Ilyana SPEC(deeleigen)	5	672788	92.9424
IRC SPEC(deeleigen)	5	672793	92.9431
IKEA SPEC(deeleigen)	5	672798	92.9438
II SPEC(symb)	5	672803	92.9445
Hy SPEC(deeleigen)	5	672808	92.9452
Horsforth SPEC(deeleigen)	5	672813	92.9459
Hihihihihi SPEC(deeleigen)	5	672818	92.9466
Hihi SPEC(vreemd)	5	672823	92.9473
Heleen SPEC(deeleigen)	5	672828	92.948
Harco SPEC(vreemd)	5	672833	92.9487
Guess SPEC(vreemd)	5	672838	92.9493
Grunn SPEC(deeleigen)	5	672843	92.95
Grietje SPEC(deeleigen)	5	672848	92.9507
Grietha SPEC(deeleigen)	5	672853	92.9514
Graard SPEC(deeleigen)	5	672858	92.9521
Go SPEC(deeleigen)	5	672863	92.9528
Girl SPEC(vreemd)	5	672868	92.9535
Gimme SPEC(vreemd)	5	672873	92.9542
Gefeli SPEC(deeleigen)	5	672878	92.9549
Fun SPEC(vreemd)	5	672883	92.9556
Fienelot SPEC(deeleigen)	5	672888	92.9563
Extase SPEC(deeleigen)	5	672893	92.9569
Everything SPEC(vreemd)	5	672898	92.9576
Et SPEC(vreemd)	5	672903	92.9583
Emily SPEC(deeleigen)	5	672908	92.959
Elle SPEC(deeleigen)	5	672913	92.9597
Eef SPEC(deeleigen)	5	672918	92.9604
Edward SPEC(deeleigen)	5	672923	92.9611
ETA SPEC(deeleigen)	5	672928	92.9618
Dunno SPEC(deeleigen)	5	672933	92.9625
Dr SPEC(deeleigen)	5	672938	92.9632
Doing SPEC(vreemd)	5	672943	92.9639
Dinner SPEC(vreemd)	5	672948	92.9645
Dieren SPEC(deeleigen)	5	672953	92.9652
Diederik SPEC(deeleigen)	5	672958	92.9659
Day SPEC(deeleigen)	5	672963	92.9666
Dante SPEC(deeleigen)	5	672968	92.9673
Dankje SPEC(deeleigen)	5	672973	92.968
Dagmar SPEC(deeleigen)	5	672978	92.9687
Cya SPEC(deeleigen)	5	672983	92.9694
Cul SPEC(deeleigen)	5	672988	92.9701
Come SPEC(vreemd)	5	672993	92.9708
Christoph SPEC(deeleigen)	5	672998	92.9714
Ca SPEC(vreemd)	5	673003	92.9721
Bradford SPEC(deeleigen)	5	673008	92.9728
Bleh SPEC(vreemd)	5	673013	92.9735
Big SPEC(deeleigen)	5	673018	92.9742
BelgiÃ« SPEC(deeleigen)	5	673023	92.9749
BE SPEC(deeleigen)	5	673028	92.9756
Assebroek SPEC(deeleigen)	5	673033	92.9763
Aruba SPEC(deeleigen)	5	673038	92.977
Appie SPEC(deeleigen)	5	673043	92.9777
Antje SPEC(deeleigen)	5	673048	92.9784
Ans SPEC(deeleigen)	5	673053	92.979
Annie SPEC(deeleigen)	5	673058	92.9797
Annelies SPEC(deeleigen)	5	673063	92.9804
Anja SPEC(deeleigen)	5	673068	92.9811
An SPEC(deeleigen)	5	673073	92.9818
Alright SPEC(vreemd)	5	673078	92.9825
Almost SPEC(deeleigen)	5	673083	92.9832
AH SPEC(deeleigen)	5	673088	92.9839
?. LET()	5	673093	92.9846
;s SPEC(symb)	5	673098	92.9853
;o SPEC(symb)	5	673103	92.986
:O SPEC(symb)	5	673108	92.9866
:'-( SPEC(symb)	5	673113	92.9873
9050 TW(hoofd,vrij)	5	673118	92.988
80 TW(hoofd,vrij)	5	673123	92.9887
8 SPEC(symb)	5	673128	92.9894
75 TW(hoofd,prenom,stan)	5	673133	92.9901
70 TW(hoofd,vrij)	5	673138	92.9908
6462611 TW(hoofd,vrij)	5	673143	92.9915
5e TW(rang,prenom,stan)	5	673148	92.9922
53 SPEC(symb)	5	673153	92.9929
439 TW(hoofd,prenom,stan)	5	673158	92.9936
43 TW(hoofd,vrij)	5	673163	92.9942
3e TW(rang,prenom,stan)	5	673168	92.9949
39 TW(hoofd,prenom,stan)	5	673173	92.9956
3 SPEC(vreemd)	5	673178	92.9963
24 TW(hoofd,prenom,stan)	5	673183	92.997
22 TW(rang,prenom,stan)	5	673188	92.9977
2009 TW(hoofd,vrij)	5	673193	92.9984
18:30 TW(hoofd,vrij)	5	673198	92.9991
14.00 SPEC(symb)	5	673203	92.9998
13.30 SPEC(symb)	5	673208	93.0005
127 TW(hoofd,vrij)	5	673213	93.0011
120 TW(hoofd,prenom,stan)	5	673218	93.0018
105 TW(hoofd,prenom,stan)	5	673223	93.0025
100 TW(hoofd,vrij)	5	673228	93.0032
10 SPEC(deeleigen)	5	673233	93.0039
07 SPEC(symb)	5	673238	93.0046
...! LET()	5	673243	93.0053
..! SPEC(symb)	5	673248	93.006
-7 TW(hoofd,prenom,stan)	5	673253	93.0067
* SPEC(symb)	5	673258	93.0074
's VNW(pers,pron,dial)	5	673263	93.0081
Ã§a SPEC(vreemd)	4	673267	93.0086
Ã  SPEC(vreemd)	4	673271	93.0092
Ã SPEC(symb)	4	673275	93.0097
zyn WW(pv,tgw,mv)	4	673279	93.0103
zyn SPEC(vreemd)	4	673283	93.0108
zwembroek N(soort,ev,basis,zijd,stan)	4	673287	93.0114
zumba N(soort,ev,basis,zijd,stan)	4	673291	93.0119
zulln WW(pv,verl,mv)	4	673295	93.0125
zulle N(soort,ev,basis,zijd,stan)	4	673299	93.013
zuigen WW(pv,tgw,met-t)	4	673303	93.0136
zowat BW()	4	673307	93.0141
zorgen WW(pv,tgw,mv)	4	673311	93.0147
zoeken WW(pv,verl,ev)	4	673315	93.0152
zoek N(soort,ev,basis,genus,stan)	4	673319	93.0158
zis WW(pv,tgw,ev)	4	673323	93.0163
zinne N(soort,ev,basis,zijd,stan)	4	673327	93.0169
zingen WW(pv,tgw,met-t)	4	673331	93.0175
zijn VNW(bez,det,dial)	4	673335	93.018
ziens BW()	4	673339	93.0186
zeveren WW(inf,vrij,zonder)	4	673343	93.0191
zeven TW(rang,prenom,stan)	4	673347	93.0197
zeven TW(hoofd,prenom,stan)	4	673351	93.0202
zetten WW(pv,verl,ev)	4	673355	93.0208
zes TW(rang,nom,zonder-n)	4	673359	93.0213
zelfmoord N(soort,ev,basis,zijd,stan)	4	673363	93.0219
zelden BW()	4	673367	93.0224
zeiknat ADJ(vrij,basis,zonder)	4	673371	93.023
zaza N(soort,ev,basis,zijd,stan)	4	673375	93.0235
zaterdagmiddag N(soort,ev,basis,zijd,stan)	4	673379	93.0241
zand N(soort,ev,basis,onz,stan)	4	673383	93.0246
zalk N(soort,ev,basis,zijd,stan)	4	673387	93.0252
zadel N(soort,ev,basis,onz,stan)	4	673391	93.0257
yoga N(soort,ev,basis,zijd,stan)	4	673395	93.0263
xxxxxxxxxxxxx N(soort,ev,basis,zijd,stan)	4	673399	93.0268
xxxxxxxx N(soort,ev,basis,zijd,stan)	4	673403	93.0274
xxxxxxx N(soort,ev,basis,zijd,stan)	4	673407	93.0279
xxxkk WW(pv,tgw,met-t)	4	673411	93.0285
xxkirsten N(soort,mv,basis)	4	673415	93.0291
xx WW(pv,tgw,ev)	4	673419	93.0296
xx SPEC(vreemd)	4	673423	93.0302
xp ADJ(postnom,basis,zonder)	4	673427	93.0307
wÃ©l BW()	4	673431	93.0313
wÃ¨l BW()	4	673435	93.0318
wy N(soort,ev,basis,zijd,stan)	4	673439	93.0324
wschlk N(soort,ev,basis,zijd,stan)	4	673443	93.0329
wrschlk N(soort,ev,basis,onz,stan)	4	673447	93.0335
workshop N(soort,mv,basis)	4	673451	93.034
wonder N(soort,ev,basis,onz,stan)	4	673455	93.0346
woman SPEC(vreemd)	4	673459	93.0351
wokken WW(inf,vrij,zonder)	4	673463	93.0357
woke SPEC(vreemd)	4	673467	93.0362
woensdagnamiddag N(soort,ev,basis,zijd,stan)	4	673471	93.0368
woensdagmiddag N(soort,ev,basis,zijd,stan)	4	673475	93.0373
wodka N(soort,ev,basis,zijd,stan)	4	673479	93.0379
witten WW(inf,vrij,zonder)	4	673483	93.0384
wissen WW(vd,vrij,zonder)	4	673487	93.039
wisselen WW(pv,tgw,met-t)	4	673491	93.0396
wishes SPEC(vreemd)	4	673495	93.0401
wir SPEC(vreemd)	4	673499	93.0407
wijs ADJ(vrij,comp,zonder)	4	673503	93.0412
wijf N(soort,mv,basis)	4	673507	93.0418
whatsapp WW(vd,vrij,zonder)	4	673511	93.0423
whatever SPEC(vreemd)	4	673515	93.0429
weten WW(dial)	4	673519	93.0434
werktijd N(soort,ev,basis,zijd,stan)	4	673523	93.044
werkelijkheid N(soort,ev,basis,zijd,stan)	4	673527	93.0445
wer N(soort,ev,dim,onz,stan)	4	673531	93.0451
wensen WW(pv,tgw,mv)	4	673535	93.0456
wensen WW(pv,tgw,met-t)	4	673539	93.0462
welverdiend ADJ(prenom,basis,met-e,stan)	4	673543	93.0467
weleens BW()	4	673547	93.0473
weinig VNW(onbep,grad,stan,nom,met-e,zonder-n,sup)	4	673551	93.0478
weigeren WW(pv,tgw,met-t)	4	673555	93.0484
weglopen WW(inf,vrij,zonder)	4	673559	93.0489
weggooien WW(inf,vrij,zonder)	4	673563	93.0495
weggaan WW(pv,tgw,ev)	4	673567	93.0501
website N(soort,mv,basis)	4	673571	93.0506
webmail N(soort,ev,basis,zijd,stan)	4	673575	93.0512
wazig ADJ(vrij,basis,zonder)	4	673579	93.0517
waw ADJ(vrij,basis,zonder)	4	673583	93.0523
was N(soort,ev,dim,onz,stan)	4	673587	93.0528
wann SPEC(vreemd)	4	673591	93.0534
wandelen WW(vd,vrij,zonder)	4	673595	93.0539
walk SPEC(vreemd)	4	673599	93.0545
wake SPEC(vreemd)	4	673603	93.055
wachten WW(inf,nom,zonder,zonder-n)	4	673607	93.0556
waarderen WW(vd,vrij,zonder)	4	673611	93.0561
waaien WW(pv,verl,ev)	4	673615	93.0567
vuilnis N(soort,ev,basis,zijd,stan)	4	673619	93.0572
vuil ADJ(vrij,basis,zonder)	4	673623	93.0578
vuil ADJ(prenom,basis,met-e,stan)	4	673627	93.0583
vrolijk ADJ(prenom,basis,met-e,stan)	4	673631	93.0589
vroeg ADJ(nom,sup,met-e,zonder-n,stan)	4	673635	93.0594
vrind N(soort,ev,basis,zijd,stan)	4	673639	93.06
vrijgezellenfeest N(soort,ev,basis,onz,stan)	4	673643	93.0606
vrijdagochtend N(soort,ev,basis,zijd,stan)	4	673647	93.0611
vriendelijk ADJ(prenom,basis,met-e,stan)	4	673651	93.0617
vreten WW(pv,tgw,ev)	4	673655	93.0622
vrachtwagen N(soort,ev,basis,zijd,stan)	4	673659	93.0628
voorwaarde N(soort,ev,basis,zijd,stan)	4	673663	93.0633
voorprogramma N(soort,ev,basis,onz,stan)	4	673667	93.0639
voornamelijk ADJ(vrij,basis,zonder)	4	673671	93.0644
voorbij ADJ(prenom,basis,met-e,stan)	4	673675	93.065
vooralsnog BW()	4	673679	93.0655
volwassen ADJ(nom,basis,met-e,mv-n)	4	673683	93.0661
voltage N(soort,ev,basis,onz,stan)	4	673687	93.0666
voldaan WW(vd,vrij,zonder)	4	673691	93.0672
voila SPEC(vreemd)	4	673695	93.0677
vogel N(soort,ev,dim,onz,stan)	4	673699	93.0683
voegen WW(inf,vrij,zonder)	4	673703	93.0688
voeding N(soort,ev,basis,zijd,stan)	4	673707	93.0694
vnvn WW(od,prenom,zonder)	4	673711	93.0699
vnj N(soort,ev,basis,onz,stan)	4	673715	93.0705
vluchtnummer N(soort,ev,basis,onz,stan)	4	673719	93.0711
vliegen WW(pv,verl,ev)	4	673723	93.0716
vliegen WW(pv,tgw,mv)	4	673727	93.0722
vliegen WW(pv,tgw,ev)	4	673731	93.0727
vis N(soort,ev,dim,onz,stan)	4	673735	93.0733
virus N(soort,ev,basis,onz,stan)	4	673739	93.0738
vijf TW(rang,nom,zonder-n)	4	673743	93.0744
vice SPEC(vreemd)	4	673747	93.0749
vh ADJ(vrij,basis,zonder)	4	673751	93.0755
veur N(soort,ev,basis,zijd,stan)	4	673755	93.076
veto N(soort,ev,basis,onz,stan)	4	673759	93.0766
vest N(soort,ev,basis,zijd,stan)	4	673763	93.0771
verzetten WW(pv,tgw,ev)	4	673767	93.0777
verzamelen WW(pv,tgw,mv)	4	673771	93.0782
verwittigen WW(inf,vrij,zonder)	4	673775	93.0788
verwennen WW(inf,vrij,zonder)	4	673779	93.0793
verwarmen WW(inf,vrij,zonder)	4	673783	93.0799
verwachting N(soort,mv,basis)	4	673787	93.0804
vertrouwen WW(pv,tgw,ev)	4	673791	93.081
vertaling N(soort,ev,basis,zijd,stan)	4	673795	93.0815
verrassen WW(inf,vrij,zonder)	4	673799	93.0821
verpesten WW(vd,vrij,zonder)	4	673803	93.0827
vermijden WW(inf,vrij,zonder)	4	673807	93.0832
verliezen WW(pv,tgw,met-t)	4	673811	93.0838
verkeerd ADJ(prenom,basis,zonder)	4	673815	93.0843
verhuizen WW(pv,tgw,mv)	4	673819	93.0849
vergeven WW(inf,vrij,zonder)	4	673823	93.0854
verdrinken WW(vd,vrij,zonder)	4	673827	93.086
verden WW(vd,vrij,zonder)	4	673831	93.0865
veranderen WW(pv,tgw,met-t)	4	673835	93.0871
varen WW(inf,vrij,zonder)	4	673839	93.0876
vantevoren BW()	4	673843	93.0882
vant ADJ(vrij,basis,zonder)	4	673847	93.0887
valkhof N(soort,ev,basis,onz,stan)	4	673851	93.0893
vakantieman N(soort,ev,basis,zijd,stan)	4	673855	93.0898
vacature N(soort,mv,basis)	4	673859	93.0904
vaag ADJ(prenom,basis,met-e,stan)	4	673863	93.0909
ut WW(pv,tgw,met-t)	4	673867	93.0915
used SPEC(vreemd)	4	673871	93.092
usc N(soort,ev,basis,onz,stan)	4	673875	93.0926
usb N(soort,ev,basis,zijd,stan)	4	673879	93.0932
uns SPEC(vreemd)	4	673883	93.0937
uitzondering N(soort,ev,basis,zijd,stan)	4	673887	93.0943
uitzien WW(pv,tgw,met-t)	4	673891	93.0948
uitzetten WW(inf,vrij,zonder)	4	673895	93.0954
uitstekend ADJ(vrij,basis,zonder)	4	673899	93.0959
uitstappen WW(inf,vrij,zonder)	4	673903	93.0965
uitproberen WW(inf,vrij,zonder)	4	673907	93.097
uitpakken WW(vd,vrij,zonder)	4	673911	93.0976
uitlopen WW(pv,tgw,met-t)	4	673915	93.0981
uitlenen WW(vd,vrij,zonder)	4	673919	93.0987
uitlenen WW(inf,vrij,zonder)	4	673923	93.0992
uitkomst N(soort,ev,basis,zijd,stan)	4	673927	93.0998
uitkomen WW(vd,vrij,zonder)	4	673931	93.1003
uithangen WW(inf,vrij,zonder)	4	673935	93.1009
uitdelen WW(inf,vrij,zonder)	4	673939	93.1014
uitbrengen WW(vd,vrij,zonder)	4	673943	93.102
uitbreiden WW(vd,vrij,zonder)	4	673947	93.1025
uitbreiden ADJ(vrij,basis,zonder)	4	673951	93.1031
u-half TW(hoofd,vrij)	4	673955	93.1037
tÃ³ch BW()	4	673959	93.1042
tzou WW(pv,tgw,ev)	4	673963	93.1048
typen WW(vd,vrij,zonder)	4	673967	93.1053
twee TW(hoofd,nom,mv-n,basis)	4	673971	93.1059
tussenstop N(soort,ev,basis,zijd,stan)	4	673975	93.1064
turks ADJ(prenom,basis,met-e,stan)	4	673979	93.107
turkije N(soort,ev,dim,onz,stan)	4	673983	93.1075
tunnel N(soort,ev,basis,zijd,stan)	4	673987	93.1081
tuig N(soort,ev,basis,onz,stan)	4	673991	93.1086
tubbie N(soort,ev,basis,zijd,stan)	4	673995	93.1092
tt N(soort,ev,basis,zijd,stan)	4	673999	93.1097
tssk N(soort,ev,basis,zijd,stan)	4	674003	93.1103
tss SPEC(vreemd)	4	674007	93.1108
trouble SPEC(vreemd)	4	674011	93.1114
treinkaart N(soort,mv,dim)	4	674015	93.1119
treffen WW(inf,vrij,zonder)	4	674019	93.1125
trakteren WW(pv,tgw,met-t)	4	674023	93.113
totaal ADJ(prenom,basis,met-e,stan)	4	674027	93.1136
topper N(soort,ev,dim,onz,stan)	4	674031	93.1142
topidee N(soort,ev,basis,zijd,stan)	4	674035	93.1147
tonen WW(pv,tgw,mv)	4	674039	93.1153
tomtom N(soort,ev,basis,zijd,stan)	4	674043	93.1158
tolerantie N(soort,ev,basis,zijd,stan)	4	674047	93.1164
tof ADJ(prenom,basis,zonder)	4	674051	93.1169
toets N(soort,mv,basis)	4	674055	93.1175
toekomstig ADJ(prenom,basis,met-e,stan)	4	674059	93.118
toekomst N(soort,ev,basis,zijd,stan)	4	674063	93.1186
toegang N(soort,ev,basis,zijd,stan)	4	674067	93.1191
tjah SPEC(vreemd)	4	674071	93.1197
titel N(soort,mv,basis)	4	674075	93.1202
titel N(soort,ev,basis,zijd,stan)	4	674079	93.1208
tis N(soort,ev,basis,onz,stan)	4	674083	93.1213
tim SPEC(vreemd)	4	674087	93.1219
tim ADJ(vrij,basis,zonder)	4	674091	93.1224
tik N(soort,ev,basis,zijd,stan)	4	674095	93.123
tie N(soort,ev,basis,zijd,stan)	4	674099	93.1235
ti N(soort,mv,basis)	4	674103	93.1241
ti N(soort,ev,basis,zijd,stan)	4	674107	93.1247
thuisraken WW(vd,vrij,zonder)	4	674111	93.1252
their SPEC(vreemd)	4	674115	93.1258
thebben WW(pv,tgw,met-t)	4	674119	93.1263
thans BW()	4	674123	93.1269
teveel N(soort,ev,basis,onz,stan)	4	674127	93.1274
terugvinden WW(inf,vrij,zonder)	4	674131	93.128
terugbrengen WW(vd,vrij,zonder)	4	674135	93.1285
tennis N(soort,ev,basis,onz,stan)	4	674139	93.1291
telefoon N(soort,mv,basis)	4	674143	93.1296
tekst N(soort,ev,dim,onz,stan)	4	674147	93.1302
tegoed ADJ(vrij,basis,zonder)	4	674151	93.1307
tegenvallen WW(inf,vrij,zonder)	4	674155	93.1313
tegenkomen WW(pv,tgw,met-t)	4	674159	93.1318
tegenbericht N(soort,ev,basis,onz,stan)	4	674163	93.1324
tege N(soort,ev,basis,onz,stan)	4	674167	93.1329
team N(soort,mv,basis)	4	674171	93.1335
tapas N(soort,ev,basis,zijd,stan)	4	674175	93.134
takraad N(soort,ev,basis,zijd,stan)	4	674179	93.1346
taking SPEC(vreemd)	4	674183	93.1352
tak N(soort,ev,basis,zijd,stan)	4	674187	93.1357
surprise N(soort,ev,basis,zijd,stan)	4	674191	93.1363
surfen WW(inf,nom,zonder,zonder-n)	4	674195	93.1368
support SPEC(vreemd)	4	674199	93.1374
supertrots N(soort,ev,basis,zijd,stan)	4	674203	93.1379
supertof ADJ(vrij,basis,zonder)	4	674207	93.1385
superhard ADJ(vrij,basis,zonder)	4	674211	93.139
supergoed ADJ(vrij,basis,zonder)	4	674215	93.1396
supergezellig ADJ(vrij,basis,zonder)	4	674219	93.1401
sukkel N(soort,mv,basis)	4	674223	93.1407
sucks SPEC(vreemd)	4	674227	93.1412
succeskus N(soort,ev,dim,onz,stan)	4	674231	93.1418
suc N(soort,ev,basis,zijd,stan)	4	674235	93.1423
subway SPEC(vreemd)	4	674239	93.1429
studying SPEC(vreemd)	4	674243	93.1434
studiegenoot N(soort,mv,basis)	4	674247	93.144
studieboek N(soort,ev,basis,onz,stan)	4	674251	93.1445
studieadviseur N(soort,ev,basis,zijd,stan)	4	674255	93.1451
stroom N(soort,ev,basis,zijd,stan)	4	674259	93.1456
street SPEC(vreemd)	4	674263	93.1462
straat N(soort,mv,basis)	4	674267	93.1468
story SPEC(vreemd)	4	674271	93.1473
storen WW(pv,tgw,met-t)	4	674275	93.1479
stoom N(soort,ev,basis,zijd,stan)	4	674279	93.1484
stokbrood N(soort,ev,basis,onz,stan)	4	674283	93.149
stinken WW(inf,vrij,zonder)	4	674287	93.1495
stil ADJ(vrij,dim,zonder)	4	674291	93.1501
stil ADJ(prenom,basis,met-e,stan)	4	674295	93.1506
stijf ADJ(vrij,basis,zonder)	4	674299	93.1512
stiefpapa N(soort,ev,basis,onz,stan)	4	674303	93.1517
steven N(soort,mv,basis)	4	674307	93.1523
steunen WW(inf,vrij,zonder)	4	674311	93.1528
ster N(soort,ev,basis,zijd,stan)	4	674315	93.1534
stemmen WW(vd,vrij,zonder)	4	674319	93.1539
stefan SPEC(vreemd)	4	674323	93.1545
stef N(soort,ev,basis,onz,stan)	4	674327	93.155
status N(soort,ev,basis,zijd,stan)	4	674331	93.1556
starten WW(pv,tgw,mv)	4	674335	93.1561
stappen WW(vd,vrij,zonder)	4	674339	93.1567
stapavond N(soort,ev,basis,zijd,stan)	4	674343	93.1573
standaard N(soort,ev,basis,zijd,stan)	4	674347	93.1578
stadium N(soort,ev,basis,onz,stan)	4	674351	93.1584
st SPEC(vreemd)	4	674355	93.1589
squashbaan N(soort,ev,basis,zijd,stan)	4	674359	93.1595
sportief ADJ(vrij,basis,zonder)	4	674363	93.16
sportdag N(soort,ev,basis,zijd,stan)	4	674367	93.1606
spoorloos ADJ(vrij,basis,zonder)	4	674371	93.1611
spoor N(soort,mv,basis)	4	674375	93.1617
spontaan ADJ(prenom,basis,met-e,stan)	4	674379	93.1622
spellen WW(inf,vrij,zonder)	4	674383	93.1628
spelen WW(inf,nom,zonder,zonder-n)	4	674387	93.1633
speeltuin N(soort,ev,basis,zijd,stan)	4	674391	93.1639
speelster N(soort,mv,basis)	4	674395	93.1644
speeksel N(soort,ev,basis,onz,stan)	4	674399	93.165
special SPEC(vreemd)	4	674403	93.1655
speciaalbier N(soort,ev,dim,onz,stan)	4	674407	93.1661
sparen WW(pv,tgw,ev)	4	674411	93.1666
spar N(soort,ev,basis,zijd,stan)	4	674415	93.1672
spam N(soort,ev,basis,onz,stan)	4	674419	93.1678
spaghettiavond N(soort,ev,basis,zijd,stan)	4	674423	93.1683
space SPEC(vreemd)	4	674427	93.1689
sound SPEC(vreemd)	4	674431	93.1694
somewhere SPEC(vreemd)	4	674435	93.17
solo N(soort,ev,basis,zijd,stan)	4	674439	93.1705
solar SPEC(vreemd)	4	674443	93.1711
sok N(soort,mv,basis)	4	674447	93.1716
software N(soort,ev,basis,zijd,stan)	4	674451	93.1722
social SPEC(vreemd)	4	674455	93.1727
snel ADJ(prenom,comp,met-e,stan)	4	674459	93.1733
snel ADJ(prenom,basis,zonder)	4	674463	93.1738
sneeuwen WW(pv,tgw,met-t)	4	674467	93.1744
snappen WW(pv,tgw,met-t)	4	674471	93.1749
smst N(soort,ev,basis,zijd,stan)	4	674475	93.1755
sms-je N(soort,ev,dim,onz,stan)	4	674479	93.176
smijten WW(vd,vrij,zonder)	4	674483	93.1766
slopen WW(inf,vrij,zonder)	4	674487	93.1771
slim ADJ(prenom,basis,met-e,stan)	4	674491	93.1777
slides SPEC(vreemd)	4	674495	93.1783
slepen WW(inf,vrij,zonder)	4	674499	93.1788
slecht ADJ(prenom,sup,met-e,stan)	4	674503	93.1794
slagen WW(pv,tgw,ev)	4	674507	93.1799
slachtoffer N(soort,ev,basis,onz,stan)	4	674511	93.1805
slaaptekort N(soort,ev,basis,onz,stan)	4	674515	93.181
slaan WW(pv,tgw,mv)	4	674519	93.1816
sky SPEC(vreemd)	4	674523	93.1821
skippen WW(pv,tgw,ev)	4	674527	93.1827
skippen WW(inf,vrij,zonder)	4	674531	93.1832
ski N(soort,ev,basis,zijd,stan)	4	674535	93.1838
sjors N(soort,mv,basis)	4	674539	93.1843
sjoe N(soort,ev,basis,zijd,stan)	4	674543	93.1849
sjakos N(soort,ev,basis,zijd,stan)	4	674547	93.1854
six SPEC(vreemd)	4	674551	93.186
site SPEC(vreemd)	4	674555	93.1865
simon SPEC(vreemd)	4	674559	93.1871
simon N(soort,ev,basis,onz,stan)	4	674563	93.1876
sick ADJ(vrij,basis,zonder)	4	674567	93.1882
shower SPEC(vreemd)	4	674571	93.1888
shopping SPEC(vreemd)	4	674575	93.1893
shoarma N(soort,ev,basis,zijd,stan)	4	674579	93.1899
shirt N(soort,mv,basis)	4	674583	93.1904
shana N(soort,ev,basis,zijd,stan)	4	674587	93.191
shame SPEC(vreemd)	4	674591	93.1915
serie N(soort,mv,basis)	4	674595	93.1921
sept. SPEC(afk)	4	674599	93.1926
seg BW()	4	674603	93.1932
seems SPEC(vreemd)	4	674607	93.1937
seconde N(soort,ev,basis,zijd,stan)	4	674611	93.1943
sebbe N(soort,ev,basis,zijd,stan)	4	674615	93.1948
scripting N(soort,ev,basis,zijd,stan)	4	674619	93.1954
schuiven WW(inf,vrij,zonder)	4	674623	93.1959
schrijfwijzerdag N(soort,ev,basis,zijd,stan)	4	674627	93.1965
schoot N(soort,mv,basis)	4	674631	93.197
schoonzus N(soort,ev,dim,onz,stan)	4	674635	93.1976
schoonheid SPEC(vreemd)	4	674639	93.1981
schoolwerk N(soort,ev,basis,onz,stan)	4	674643	93.1987
schoen N(soort,ev,basis,zijd,stan)	4	674647	93.1992
schitterend ADJ(prenom,basis,met-e,stan)	4	674651	93.1998
schitteren ADJ(prenom,basis,zonder)	4	674655	93.2004
schimmel N(soort,ev,basis,zijd,stan)	4	674659	93.2009
schilderen WW(inf,nom,zonder,zonder-n)	4	674663	93.2015
scheuren WW(vd,vrij,zonder)	4	674667	93.202
scheuren WW(inf,vrij,zonder)	4	674671	93.2026
schatting N(soort,ev,basis,zijd,stan)	4	674675	93.2031
schat N(soort,mv,dim)	4	674679	93.2037
schamen WW(pv,tgw,ev)	4	674683	93.2042
schaatsen WW(inf,nom,zonder,zonder-n)	4	674687	93.2048
scannen WW(inf,vrij,zonder)	4	674691	93.2053
savonds N(soort,mv,basis)	4	674695	93.2059
saturday SPEC(vreemd)	4	674699	93.2064
sat SPEC(vreemd)	4	674703	93.207
sangria N(soort,ev,basis,zijd,stan)	4	674707	93.2075
samenwonen WW(inf,vrij,zonder)	4	674711	93.2081
said SPEC(vreemd)	4	674715	93.2086
ruth SPEC(deeleigen)	4	674719	93.2092
run N(soort,mv,basis)	4	674723	93.2097
ruk N(soort,ev,basis,zijd,stan)	4	674727	93.2103
ruit N(soort,mv,basis)	4	674731	93.2109
ruiken WW(pv,tgw,met-t)	4	674735	93.2114
royal N(soort,ev,basis,zijd,stan)	4	674739	93.212
rose SPEC(vreemd)	4	674743	93.2125
rook N(soort,ev,basis,zijd,stan)	4	674747	93.2131
rood ADJ(prenom,basis,zonder)	4	674751	93.2136
rondlopen WW(inf,vrij,zonder)	4	674755	93.2142
rommel N(soort,ev,basis,zijd,stan)	4	674759	93.2147
romantisch ADJ(vrij,basis,zonder)	4	674763	93.2153
romantisch ADJ(prenom,basis,zonder)	4	674767	93.2158
rol N(soort,mv,basis)	4	674771	93.2164
rok N(soort,ev,basis,zijd,stan)	4	674775	93.2169
roepen WW(pv,tgw,ev)	4	674779	93.2175
ritme N(soort,ev,basis,onz,stan)	4	674783	93.218
risico N(soort,ev,basis,onz,stan)	4	674787	93.2186
ring N(soort,mv,basis)	4	674791	93.2191
rik N(soort,ev,basis,onz,stan)	4	674795	93.2197
rijexamen N(soort,ev,basis,onz,stan)	4	674799	93.2202
retard ADJ(vrij,basis,zonder)	4	674803	93.2208
resteren WW(od,prenom,zonder)	4	674807	93.2214
restaurant N(soort,mv,basis)	4	674811	93.2219
research N(soort,ev,basis,zijd,stan)	4	674815	93.2225
repetitie N(soort,ev,basis,zijd,stan)	4	674819	93.223
repeteren WW(inf,vrij,zonder)	4	674823	93.2236
repareren WW(inf,vrij,zonder)	4	674827	93.2241
rennen WW(vd,vrij,zonder)	4	674831	93.2247
rel N(soort,mv,basis)	4	674835	93.2252
rekenmachine N(soort,ev,basis,zijd,stan)	4	674839	93.2258
reistijd N(soort,ev,basis,zijd,stan)	4	674843	93.2263
regenen WW(inf,nom,zonder,zonder-n)	4	674847	93.2269
regeling N(soort,ev,basis,zijd,stan)	4	674851	93.2274
regelen WW(pv,tgw,met-t)	4	674855	93.228
redelijk ADJ(prenom,basis,zonder)	4	674859	93.2285
redden WW(vd,vrij,zonder)	4	674863	93.2291
rap ADJ(vrij,comp,zonder)	4	674867	93.2296
raken WW(pv,tgw,met-t)	4	674871	93.2302
raam N(soort,mv,basis)	4	674875	93.2307
raad N(soort,ev,basis,zijd,stan)	4	674879	93.2313
question SPEC(vreemd)	4	674883	93.2319
quality SPEC(vreemd)	4	674887	93.2324
puur ADJ(prenom,basis,met-e,stan)	4	674891	93.233
put N(soort,ev,basis,zijd,stan)	4	674895	93.2335
pub SPEC(vreemd)	4	674899	93.2341
provider N(soort,ev,basis,zijd,stan)	4	674903	93.2346
promotie N(soort,ev,basis,zijd,stan)	4	674907	93.2352
proef N(soort,ev,basis,zijd,stan)	4	674911	93.2357
productief ADJ(prenom,basis,met-e,stan)	4	674915	93.2363
prioriteit N(soort,mv,basis)	4	674919	93.2368
printen WW(vd,vrij,zonder)	4	674923	93.2374
prima SPEC(vreemd)	4	674927	93.2379
price SPEC(vreemd)	4	674931	93.2385
praten WW(pv,tgw,mv)	4	674935	93.239
praktijk N(soort,ev,basis,zijd,stan)	4	674939	93.2396
praesidiumlokaal N(soort,ev,basis,onz,stan)	4	674943	93.2401
power N(soort,ev,basis,zijd,stan)	4	674947	93.2407
postvak N(soort,ev,dim,onz,stan)	4	674951	93.2412
postersessie N(soort,ev,basis,zijd,stan)	4	674955	93.2418
postcode N(soort,ev,basis,zijd,stan)	4	674959	93.2424
poort N(soort,ev,basis,zijd,stan)	4	674963	93.2429
poolen WW(inf,vrij,zonder)	4	674967	93.2435
polo N(soort,ev,basis,zijd,stan)	4	674971	93.244
pokeren WW(inf,nom,zonder,zonder-n)	4	674975	93.2446
poetsen WW(inf,vrij,zonder)	4	674979	93.2451
poes N(soort,mv,basis)	4	674983	93.2457
plegen WW(vd,vrij,zonder)	4	674987	93.2462
plegen WW(inf,vrij,zonder)	4	674991	93.2468
playing SPEC(vreemd)	4	674995	93.2473
player SPEC(vreemd)	4	674999	93.2479
plas N(soort,ev,basis,zijd,stan)	4	675003	93.2484
plaats N(soort,ev,dim,onz,stan)	4	675007	93.249
pitch N(soort,ev,basis,zijd,stan)	4	675011	93.2495
pirates N(soort,mv,basis)	4	675015	93.2501
pinnen WW(inf,vrij,zonder)	4	675019	93.2506
pilates N(soort,mv,basis)	4	675023	93.2512
pil N(soort,ev,basis,zijd,stan)	4	675027	93.2517
pikken WW(vd,vrij,zonder)	4	675031	93.2523
pijnstiller N(soort,mv,basis)	4	675035	93.2528
piano N(soort,mv,basis)	4	675039	93.2534
piano N(soort,ev,basis,zijd,stan)	4	675043	93.254
pff N(soort,ev,basis,zijd,stan)	4	675047	93.2545
pesten WW(inf,vrij,zonder)	4	675051	93.2551
person SPEC(vreemd)	4	675055	93.2556
peptalk N(soort,ev,basis,zijd,stan)	4	675059	93.2562
pen N(soort,mv,basis)	4	675063	93.2567
peacestreet N(soort,ev,basis,zijd,stan)	4	675067	93.2573
pat N(soort,ev,dim,onz,stan)	4	675071	93.2578
passe SPEC(vreemd)	4	675075	93.2584
pass N(soort,ev,basis,zijd,stan)	4	675079	93.2589
parket N(soort,ev,basis,onz,stan)	4	675083	93.2595
parkeren WW(inf,nom,zonder,zonder-n)	4	675087	93.26
parfum N(soort,ev,basis,onz,stan)	4	675091	93.2606
paprika N(soort,ev,basis,zijd,stan)	4	675095	93.2611
paper SPEC(vreemd)	4	675099	93.2617
pap SPEC(vreemd)	4	675103	93.2622
pand N(soort,ev,basis,onz,stan)	4	675107	93.2628
pagina N(soort,mv,basis)	4	675111	93.2633
overzicht N(soort,ev,basis,onz,stan)	4	675115	93.2639
overweg BW()	4	675119	93.2645
overvallen WW(vd,vrij,zonder)	4	675123	93.265
overtreffen WW(vd,vrij,zonder)	4	675127	93.2656
overschrijven WW(vd,vrij,zonder)	4	675131	93.2661
overleven WW(pv,tgw,mv)	4	675135	93.2667
overhemd N(soort,ev,basis,onz,stan)	4	675139	93.2672
overgeven WW(vd,vrij,zonder)	4	675143	93.2678
overeenkomst N(soort,ev,basis,zijd,stan)	4	675147	93.2683
overeen BW()	4	675151	93.2689
overbodig ADJ(vrij,basis,zonder)	4	675155	93.2694
ov N(soort,ev,basis,zijd,stan)	4	675159	93.27
ov N(soort,ev,basis,onz,stan)	4	675163	93.2705
outside SPEC(vreemd)	4	675167	93.2711
oudje N(soort,mv,dim)	4	675171	93.2716
orphÃ©e SPEC(vreemd)	4	675175	93.2722
opzij BW()	4	675179	93.2727
opwachten WW(inf,vrij,zonder)	4	675183	93.2733
opvangen WW(vd,vrij,zonder)	4	675187	93.2738
optie N(soort,mv,basis)	4	675191	93.2744
opstarten WW(inf,vrij,zonder)	4	675195	93.275
opschrijven WW(vd,vrij,zonder)	4	675199	93.2755
oppakken WW(inf,vrij,zonder)	4	675203	93.2761
opladen WW(vd,vrij,zonder)	4	675207	93.2766
ophouden WW(vd,vrij,zonder)	4	675211	93.2772
opereren WW(vd,vrij,zonder)	4	675215	93.2777
oostende N(soort,ev,basis,zijd,stan)	4	675219	93.2783
oor N(soort,mv,basis)	4	675223	93.2788
oog N(soort,mv,dim)	4	675227	93.2794
ontspannen WW(inf,vrij,zonder)	4	675231	93.2799
ontbijt N(soort,ev,dim,onz,stan)	4	675235	93.2805
onschuldig ADJ(vrij,basis,zonder)	4	675239	93.281
ongeduldig ADJ(vrij,basis,zonder)	4	675243	93.2816
onee N(soort,ev,basis,zijd,stan)	4	675247	93.2821
onduidelijkheid N(soort,ev,basis,zijd,stan)	4	675251	93.2827
onderst ADJ(prenom,basis,met-e,stan)	4	675255	93.2832
onderdeel N(soort,ev,basis,onz,stan)	4	675259	93.2838
onderaan BW()	4	675263	93.2843
once SPEC(vreemd)	4	675267	93.2849
onbekend ADJ(vrij,basis,zonder)	4	675271	93.2855
onaardig ADJ(vrij,basis,zonder)	4	675275	93.286
on SPEC(deeleigen)	4	675279	93.2866
omnom N(soort,ev,basis,zijd,stan)	4	675283	93.2871
omlaag BW()	4	675287	93.2877
omda N(soort,ev,basis,zijd,stan)	4	675291	93.2882
olijf N(soort,mv,basis)	4	675295	93.2888
oliebol N(soort,mv,basis)	4	675299	93.2893
oi TSW()	4	675303	93.2899
oh N(soort,ev,basis,zijd,stan)	4	675307	93.2904
oftewel VG(neven)	4	675311	93.291
often SPEC(vreemd)	4	675315	93.2915
office N(soort,ev,basis,onz,stan)	4	675319	93.2921
of SPEC(deeleigen)	4	675323	93.2926
oeee N(soort,ev,basis,zijd,stan)	4	675327	93.2932
och TSW()	4	675331	93.2937
nul TW(hoofd,vrij)	4	675335	93.2943
nu.nl SPEC(symb)	4	675339	93.2948
nr WW(pv,tgw,ev)	4	675343	93.2954
nous SPEC(vreemd)	4	675347	93.296
normaal ADJ(prenom,basis,zonder)	4	675351	93.2965
noor SPEC(vreemd)	4	675355	93.2971
nml N(soort,ev,basis,onz,stan)	4	675359	93.2976
njet SPEC(vreemd)	4	675363	93.2982
nja N(soort,ev,basis,zijd,stan)	4	675367	93.2987
nietes N(soort,mv,basis)	4	675371	93.2993
netwerk N(soort,mv,basis)	4	675375	93.2998
neeeee N(soort,ev,basis,zijd,stan)	4	675379	93.3004
nee N(soort,ev,basis,zijd,stan)	4	675383	93.3009
navragen WW(inf,vrij,zonder)	4	675387	93.3015
navigeren WW(inf,vrij,zonder)	4	675391	93.302
navigator N(soort,ev,basis,zijd,stan)	4	675395	93.3026
nat ADJ(prenom,basis,met-e,stan)	4	675399	93.3031
napraten WW(inf,vrij,zonder)	4	675403	93.3037
nancy N(soort,ev,basis,zijd,stan)	4	675407	93.3042
nagel N(soort,mv,basis)	4	675411	93.3048
nadien BW()	4	675415	93.3053
naast VZ(fin)	4	675419	93.3059
mÃ³et SPEC(vreemd)	4	675423	93.3065
mÃ³et N(soort,ev,basis,onz,stan)	4	675427	93.307
mzzl N(soort,ev,basis,zijd,stan)	4	675431	93.3076
mvg N(soort,ev,basis,zijd,stan)	4	675435	93.3081
musketier N(soort,mv,basis)	4	675439	93.3087
music SPEC(vreemd)	4	675443	93.3092
mug N(soort,mv,basis)	4	675447	93.3098
mr SPEC(vreemd)	4	675451	93.3103
move SPEC(vreemd)	4	675455	93.3109
morgenavn WW(od,vrij,zonder)	4	675459	93.3114
morgen VG(onder)	4	675463	93.312
mooi ADJ(prenom,comp,met-e,stan)	4	675467	93.3125
mooi ADJ(nom,basis,met-e,zonder-n,stan)	4	675471	93.3131
money SPEC(vreemd)	4	675475	93.3136
moesjie N(soort,ev,basis,zijd,stan)	4	675479	93.3142
moen WW(inf,vrij,zonder)	4	675483	93.3147
moeizaam ADJ(vrij,basis,zonder)	4	675487	93.3153
model N(soort,ev,basis,onz,stan)	4	675491	93.3158
mm SPEC(symb)	4	675495	93.3164
mixer N(soort,ev,basis,zijd,stan)	4	675499	93.3169
misverstand N(soort,ev,basis,onz,stan)	4	675503	93.3175
miserie N(soort,ev,basis,zijd,stan)	4	675507	93.3181
minor SPEC(vreemd)	4	675511	93.3186
mietje N(soort,mv,dim)	4	675515	93.3192
miepmiep N(soort,ev,basis,zijd,stan)	4	675519	93.3197
middagpauze N(soort,ev,basis,zijd,stan)	4	675523	93.3203
middag N(soort,ev,dim,onz,stan)	4	675527	93.3208
michiel SPEC(vreemd)	4	675531	93.3214
mich VNW(refl,pron,dial)	4	675535	93.3219
merken WW(pv,tgw,met-t)	4	675539	93.3225
merelbeke ADJ(prenom,basis,met-e,stan)	4	675543	93.323
menen WW(pv,verl,ev)	4	675547	93.3236
men WW(pv,tgw,met-t)	4	675551	93.3241
meis N(soort,ev,basis,onz,stan)	4	675555	93.3247
meileken N(soort,mv,basis)	4	675559	93.3252
meemaken WW(vd,vrij,zonder)	4	675563	93.3258
meekomen WW(pv,tgw,mv)	4	675567	93.3263
meedoen WW(pv,tgw,met-t)	4	675571	93.3269
mededeling N(soort,ev,basis,zijd,stan)	4	675575	93.3274
mechanica N(soort,ev,basis,zijd,stan)	4	675579	93.328
meant SPEC(vreemd)	4	675583	93.3286
me VNW(bez,det,dial)	4	675587	93.3291
mc SPEC(vreemd)	4	675591	93.3297
matthijs SPEC(vreemd)	4	675595	93.3302
matras N(soort,ev,dim,onz,stan)	4	675599	93.3308
materie N(soort,ev,basis,zijd,stan)	4	675603	93.3313
martijn N(soort,ev,basis,zijd,stan)	4	675607	93.3319
margriet N(soort,ev,basis,zijd,stan)	4	675611	93.3324
maps SPEC(deeleigen)	4	675615	93.333
map N(soort,ev,dim,onz,stan)	4	675619	93.3335
mand N(soort,ev,basis,zijd,stan)	4	675623	93.3341
manager N(soort,ev,basis,zijd,stan)	4	675627	93.3346
mall SPEC(vreemd)	4	675631	93.3352
makes SPEC(vreemd)	4	675635	93.3357
maffen WW(inf,vrij,zonder)	4	675639	93.3363
macht N(soort,ev,basis,zijd,stan)	4	675643	93.3368
machinist N(soort,ev,basis,zijd,stan)	4	675647	93.3374
machen SPEC(vreemd)	4	675651	93.3379
maat N(soort,mv,basis)	4	675655	93.3385
m. SPEC(afk)	4	675659	93.3391
lunchpauze N(soort,ev,basis,zijd,stan)	4	675663	93.3396
lumen N(soort,mv,basis)	4	675667	93.3402
luid ADJ(vrij,basis,zonder)	4	675671	93.3407
lui ADJ(vrij,basis,zonder)	4	675675	93.3413
luchtbed N(soort,ev,basis,onz,stan)	4	675679	93.3418
louis N(soort,ev,basis,zijd,stan)	4	675683	93.3424
loslaten WW(inf,vrij,zonder)	4	675687	93.3429
look N(soort,ev,basis,zijd,stan)	4	675691	93.3435
loko SPEC(deeleigen)	4	675695	93.344
lokaal ADJ(vrij,basis,zonder)	4	675699	93.3446
logisch ADJ(vrij,basis,zonder)	4	675703	93.3451
loggen WW(inf,vrij,zonder)	4	675707	93.3457
lobby N(soort,ev,basis,zijd,stan)	4	675711	93.3462
live ADJ(prenom,basis,zonder)	4	675715	93.3468
literatuurstudie N(soort,ev,basis,zijd,stan)	4	675719	93.3473
lisette N(soort,mv,basis)	4	675723	93.3479
lip N(soort,mv,basis)	4	675727	93.3484
linking SPEC(vreemd)	4	675731	93.349
linkerkant N(soort,ev,basis,zijd,stan)	4	675735	93.3496
linde N(soort,ev,basis,zijd,stan)	4	675739	93.3501
lik N(soort,mv,dim)	4	675743	93.3507
lieverd N(soort,ev,dim,onz,stan)	4	675747	93.3512
lies N(soort,ev,basis,zijd,stan)	4	675751	93.3518
lief N(soort,mv,dim)	4	675755	93.3523
lief N(soort,mv,basis)	4	675759	93.3529
liebe N(soort,ev,basis,zijd,stan)	4	675763	93.3534
licht ADJ(prenom,basis,met-e,stan)	4	675767	93.354
lib SPEC(afk)	4	675771	93.3545
leveren WW(pv,tgw,ev)	4	675775	93.3551
leven WW(pv,tgw,mv)	4	675779	93.3556
leuk ADJ(prenom,comp,met-e,stan)	4	675783	93.3562
leren WW(pv,tgw,mv)	4	675787	93.3567
lens N(soort,ev,basis,zijd,stan)	4	675791	93.3573
lekkerding N(soort,ev,basis,zijd,stan)	4	675795	93.3578
leiderscursus N(soort,ev,basis,zijd,stan)	4	675799	93.3584
leeg ADJ(prenom,basis,zonder)	4	675803	93.3589
ledeberg N(soort,ev,basis,onz,stan)	4	675807	93.3595
lebber N(soort,mv,basis)	4	675811	93.3601
lcd N(soort,ev,basis,zijd,stan)	4	675815	93.3606
layout N(soort,ev,basis,zijd,stan)	4	675819	93.3612
lau SPEC(vreemd)	4	675823	93.3617
lastig ADJ(vrij,comp,zonder)	4	675827	93.3623
langsbrengen WW(inf,vrij,zonder)	4	675831	93.3628
landlord SPEC(vreemd)	4	675835	93.3634
lampiris N(soort,ev,basis,zijd,stan)	4	675839	93.3639
lamp N(soort,mv,basis)	4	675843	93.3645
laf ADJ(vrij,basis,zonder)	4	675847	93.365
laf ADJ(prenom,basis,met-e,stan)	4	675851	93.3656
lacanau N(soort,ev,basis,onz,stan)	4	675855	93.3661
labo N(soort,ev,basis,onz,stan)	4	675859	93.3667
kzullen WW(pv,tgw,met-t)	4	675863	93.3672
kzal SPEC(vreemd)	4	675867	93.3678
kxal BW()	4	675871	93.3683
kwil ADJ(vrij,basis,zonder)	4	675875	93.3689
kwijtgeraken WW(vd,vrij,zonder)	4	675879	93.3694
kwas WW(pv,verl,ev)	4	675883	93.37
kwas BW()	4	675887	93.3705
kwaad N(soort,ev,basis,onz,stan)	4	675891	93.3711
kust N(soort,ev,basis,zijd,stan)	4	675895	93.3717
kussen WW(vd,vrij,zonder)	4	675899	93.3722
kuskuskus N(soort,ev,basis,zijd,stan)	4	675903	93.3728
kuskus N(soort,ev,basis,zijd,stan)	4	675907	93.3733
kunnen WW(vd,vrij,zonder)	4	675911	93.3739
kunn ADJ(vrij,basis,zonder)	4	675915	93.3744
kunal N(soort,ev,basis,zijd,stan)	4	675919	93.375
kstuur N(soort,ev,basis,zijd,stan)	4	675923	93.3755
kruipen WW(pv,tgw,mv)	4	675927	93.3761
krish SPEC(vreemd)	4	675931	93.3766
krentenbol N(soort,mv,basis)	4	675935	93.3772
krat N(soort,ev,dim,onz,stan)	4	675939	93.3777
krant N(soort,ev,dim,onz,stan)	4	675943	93.3783
kracht N(soort,ev,basis,zijd,stan)	4	675947	93.3788
kraamvisite N(soort,ev,basis,zijd,stan)	4	675951	93.3794
kortrijk N(soort,ev,basis,zijd,stan)	4	675955	93.3799
korenmarkt WW(vd,vrij,zonder)	4	675959	93.3805
koptelefoon N(soort,ev,basis,zijd,stan)	4	675963	93.381
koppel N(soort,ev,basis,onz,stan)	4	675967	93.3816
kop N(soort,mv,basis)	4	675971	93.3822
kookteam N(soort,ev,basis,onz,stan)	4	675975	93.3827
konijn N(soort,mv,dim)	4	675979	93.3833
konijn N(soort,ev,basis,onz,stan)	4	675983	93.3838
kom N(soort,ev,basis,zijd,stan)	4	675987	93.3844
koffiepauze N(soort,ev,basis,zijd,stan)	4	675991	93.3849
koers N(soort,mv,basis)	4	675995	93.3855
koen ADJ(vrij,basis,zonder)	4	675999	93.386
koe N(soort,mv,basis)	4	676003	93.3866
knuppel N(soort,ev,basis,zijd,stan)	4	676007	93.3871
knuffel N(soort,ev,basis,onz,stan)	4	676011	93.3877
knopen WW(inf,vrij,zonder)	4	676015	93.3882
knappen WW(inf,vrij,zonder)	4	676019	93.3888
kmoet WW(pv,tgw,met-t)	4	676023	93.3893
km SPEC(symb)	4	676027	93.3899
klote ADJ(prenom,basis,zonder)	4	676031	93.3904
kleur N(soort,mv,basis)	4	676035	93.391
klein ADJ(vrij,comp,zonder)	4	676039	93.3915
klein ADJ(prenom,comp,met-e,stan)	4	676043	93.3921
klein ADJ(nom,basis,met-e,zonder-n,stan)	4	676047	93.3927
kleed N(soort,mv,dim)	4	676051	93.3932
klappen WW(inf,vrij,zonder)	4	676055	93.3938
klaarleggen WW(inf,vrij,zonder)	4	676059	93.3943
king SPEC(deeleigen)	4	676063	93.3949
kilo N(soort,mv,basis)	4	676067	93.3954
kier N(soort,ev,basis,zijd,stan)	4	676071	93.396
kheb ADJ(prenom,comp,zonder)	4	676075	93.3965
ketting N(soort,ev,basis,zijd,stan)	4	676079	93.3971
kerstpakket N(soort,ev,basis,onz,stan)	4	676083	93.3976
kerol N(soort,ev,basis,zijd,stan)	4	676087	93.3982
keppekes BW()	4	676091	93.3987
kenzo N(soort,ev,basis,zijd,stan)	4	676095	93.3993
kennen WW(vd,vrij,zonder)	4	676099	93.3998
kennen WW(pv,tgw,mv)	4	676103	93.4004
kennen WW(od,vrij,zonder)	4	676107	93.4009
ken WW(od,vrij,zonder)	4	676111	93.4015
keigoed ADJ(vrij,basis,zonder)	4	676115	93.402
kdenket N(soort,ev,basis,onz,stan)	4	676119	93.4026
kdenk WW(od,prenom,zonder)	4	676123	93.4032
kben ADJ(prenom,basis,zonder)	4	676127	93.4037
kasticket N(soort,mv,dim)	4	676131	93.4043
karin N(soort,ev,basis,zijd,stan)	4	676135	93.4048
kandidaat N(soort,ev,basis,zijd,stan)	4	676139	93.4054
kamperen WW(inf,vrij,zonder)	4	676143	93.4059
kaarten WW(inf,vrij,zonder)	4	676147	93.4065
kaars N(soort,mv,basis)	4	676151	93.407
juuk N(soort,ev,basis,zijd,stan)	4	676155	93.4076
jup N(soort,ev,basis,onz,stan)	4	676159	93.4081
junior N(soort,ev,basis,zijd,stan)	4	676163	93.4087
julie N(soort,ev,basis,zijd,stan)	4	676167	93.4092
juij ADJ(prenom,basis,zonder)	4	676171	93.4098
juf N(soort,ev,basis,zijd,stan)	4	676175	93.4103
jubileum N(soort,ev,basis,onz,stan)	4	676179	93.4109
joy SPEC(vreemd)	4	676183	93.4114
jorn N(soort,ev,basis,zijd,stan)	4	676187	93.412
joris N(soort,ev,basis,zijd,stan)	4	676191	93.4125
jokos N(soort,ev,basis,zijd,stan)	4	676195	93.4131
joke SPEC(vreemd)	4	676199	93.4137
jobbeurs N(soort,ev,basis,zijd,stan)	4	676203	93.4142
job SPEC(vreemd)	4	676207	93.4148
joa N(soort,ev,basis,zijd,stan)	4	676211	93.4153
jij N(soort,ev,basis,zijd,stan)	4	676215	93.4159
jezus N(soort,ev,basis,zijd,stan)	4	676219	93.4164
jeugdherberg N(soort,ev,basis,zijd,stan)	4	676223	93.417
jet SPEC(vreemd)	4	676227	93.4175
jeans N(soort,ev,basis,zijd,stan)	4	676231	93.4181
jaszak N(soort,ev,basis,zijd,stan)	4	676235	93.4186
jarig ADJ(nom,basis,met-e,zonder-n,stan)	4	676239	93.4192
janken WW(inf,vrij,zonder)	4	676243	93.4197
jam N(soort,ev,basis,zijd,stan)	4	676247	93.4203
jahoor N(soort,ev,basis,zijd,stan)	4	676251	93.4208
jacobs N(soort,mv,basis)	4	676255	93.4214
jaarbeurs N(soort,ev,basis,zijd,stan)	4	676259	93.4219
ja N(soort,ev,basis,onz,stan)	4	676263	93.4225
ivm WW(pv,tgw,ev)	4	676267	93.423
ivm ADJ(vrij,basis,zonder)	4	676271	93.4236
italie N(soort,ev,basis,zijd,stan)	4	676275	93.4241
issie N(soort,ev,basis,zijd,stan)	4	676279	93.4247
ish SPEC(vreemd)	4	676283	93.4253
irc N(soort,ev,basis,zijd,stan)	4	676287	93.4258
ipod N(soort,ev,basis,zijd,stan)	4	676291	93.4264
inzetten WW(vd,vrij,zonder)	4	676295	93.4269
internetten WW(inf,vrij,zonder)	4	676299	93.4275
intern ADJ(vrij,basis,zonder)	4	676303	93.428
interesseren WW(vd,vrij,zonder)	4	676307	93.4286
interesseren WW(pv,tgw,met-t)	4	676311	93.4291
intake N(soort,ev,basis,zijd,stan)	4	676315	93.4297
inloggegeven N(soort,mv,basis)	4	676319	93.4302
initiatief N(soort,ev,basis,onz,stan)	4	676323	93.4308
inhoud N(soort,ev,basis,zijd,stan)	4	676327	93.4313
inhalen WW(vd,vrij,zonder)	4	676331	93.4319
ingredient N(soort,mv,basis)	4	676335	93.4324
informeren WW(vd,vrij,zonder)	4	676339	93.433
indrukwekkend ADJ(vrij,basis,zonder)	4	676343	93.4335
incl N(soort,ev,basis,zijd,stan)	4	676347	93.4341
il SPEC(vreemd)	4	676351	93.4346
ikzelf VNW(pers,pron,nomin,nadr,1,ev)	4	676355	93.4352
ietwat BW()	4	676359	93.4358
ier ADJ(vrij,comp,zonder)	4	676363	93.4363
idd SPEC(vreemd)	4	676367	93.4369
id N(soort,ev,basis,onz,stan)	4	676371	93.4374
ich SPEC(vreemd)	4	676375	93.438
ice SPEC(vreemd)	4	676379	93.4385
huissleutel N(soort,ev,basis,zijd,stan)	4	676383	93.4391
hug N(soort,ev,basis,zijd,stan)	4	676387	93.4396
hotmail N(soort,ev,basis,onz,stan)	4	676391	93.4402
horloge N(soort,ev,basis,onz,stan)	4	676395	93.4407
horen WW(pv,verl,mv)	4	676399	93.4413
hopelyk N(soort,ev,basis,onz,stan)	4	676403	93.4418
hooooi N(soort,ev,basis,zijd,stan)	4	676407	93.4424
hooguit BW()	4	676411	93.4429
hoofdstuk N(soort,mv,basis)	4	676415	93.4435
hond N(soort,mv,basis)	4	676419	93.444
holiday SPEC(vreemd)	4	676423	93.4446
hoeven WW(inf,vrij,zonder)	4	676427	93.4451
hoesten WW(inf,nom,zonder,zonder-n)	4	676431	93.4457
hoeraaaa N(soort,ev,basis,zijd,stan)	4	676435	93.4463
hoek N(soort,ev,dim,onz,stan)	4	676439	93.4468
hockeyen WW(inf,vrij,zonder)	4	676443	93.4474
hobbelen WW(inf,vrij,zonder)	4	676447	93.4479
hmm SPEC(symb)	4	676451	93.4485
hilarisch ADJ(vrij,basis,zonder)	4	676455	93.449
hilarisch ADJ(prenom,basis,met-e,stan)	4	676459	93.4496
hihihi ADJ(vrij,basis,zonder)	4	676463	93.4501
hiervoor BW()	4	676467	93.4507
hetgeen VNW(betr,det,stan,nom,zonder,zonder-n)	4	676471	93.4512
herstel N(soort,ev,basis,onz,stan)	4	676475	93.4518
hersentumor N(soort,ev,basis,zijd,stan)	4	676479	93.4523
her SPEC(vreemd)	4	676483	93.4529
hem VNW(pers,pron,dial)	4	676487	93.4534
helpen WW(pv,verl,ev)	4	676491	93.454
helpen WW(inf,nom,zonder,zonder-n)	4	676495	93.4545
help N(soort,ev,basis,zijd,stan)	4	676499	93.4551
heks N(soort,ev,basis,zijd,stan)	4	676503	93.4556
hein SPEC(vreemd)	4	676507	93.4562
heide N(soort,ev,basis,zijd,stan)	4	676511	93.4568
heelhuids ADJ(vrij,basis,zonder)	4	676515	93.4573
heei N(soort,ev,basis,zijd,stan)	4	676519	93.4579
heeel ADJ(vrij,basis,zonder)	4	676523	93.4584
hebbn WW(pv,tgw,mv)	4	676527	93.459
hebbek N(soort,ev,basis,zijd,stan)	4	676531	93.4595
heavy ADJ(vrij,basis,zonder)	4	676535	93.4601
hawai WW(pv,tgw,ev)	4	676539	93.4606
hawai ADJ(vrij,basis,zonder)	4	676543	93.4612
hause SPEC(vreemd)	4	676547	93.4617
happening N(soort,ev,basis,zijd,stan)	4	676551	93.4623
handel N(soort,ev,basis,zijd,stan)	4	676555	93.4628
handbagage N(soort,ev,basis,zijd,stan)	4	676559	93.4634
hamburger N(soort,mv,basis)	4	676563	93.4639
hambo N(soort,mv,basis)	4	676567	93.4645
halfjaar N(soort,ev,basis,onz,stan)	4	676571	93.465
haken WW(pv,tgw,ev)	4	676575	93.4656
hahahahaha TSW()	4	676579	93.4661
haasten WW(pv,tgw,ev)	4	676583	93.4667
haande N(soort,ev,basis,zijd,stan)	4	676587	93.4673
gwendoline N(soort,ev,basis,zijd,stan)	4	676591	93.4678
gunnen WW(vd,vrij,zonder)	4	676595	93.4684
gruwelijk ADJ(vrij,basis,zonder)	4	676599	93.4689
grtz N(soort,ev,basis,zijd,stan)	4	676603	93.4695
groeten WW(pv,tgw,ev)	4	676607	93.47
groepsraad N(soort,ev,basis,zijd,stan)	4	676611	93.4706
groep N(soort,ev,dim,onz,stan)	4	676615	93.4711
groente N(soort,mv,basis)	4	676619	93.4717
groente N(soort,ev,basis,zijd,stan)	4	676623	93.4722
grijs ADJ(prenom,basis,met-e,stan)	4	676627	93.4728
greets N(soort,ev,basis,zijd,stan)	4	676631	93.4733
graard ADJ(vrij,basis,zonder)	4	676635	93.4739
graad N(soort,ev,basis,zijd,stan)	4	676639	93.4744
google N(soort,ev,basis,zijd,stan)	4	676643	93.475
golf N(soort,mv,basis)	4	676647	93.4755
goedkomen WW(inf,vrij,zonder)	4	676651	93.4761
gn N(soort,ev,basis,zijd,stan)	4	676655	93.4766
glas N(soort,mv,basis)	4	676659	93.4772
gistermiddag BW()	4	676663	93.4778
gieten WW(pv,tgw,ev)	4	676667	93.4783
ghb N(soort,ev,basis,zijd,stan)	4	676671	93.4789
geven WW(inf,nom,zonder,zonder-n)	4	676675	93.4794
gevangen WW(vd,vrij,zonder)	4	676679	93.48
getuige N(soort,ev,basis,zijd,stan)	4	676683	93.4805
gesprek N(soort,mv,basis)	4	676687	93.4811
gesmst N(soort,ev,basis,zijd,stan)	4	676691	93.4816
geschiedenis N(soort,ev,basis,zijd,stan)	4	676695	93.4822
gerto N(soort,ev,basis,zijd,stan)	4	676699	93.4827
geregeld ADJ(vrij,basis,zonder)	4	676703	93.4833
gereedschap N(soort,ev,basis,onz,stan)	4	676707	93.4838
geoffie N(soort,ev,basis,zijd,stan)	4	676711	93.4844
gent ADJ(prenom,basis,zonder)	4	676715	93.4849
geniaal ADJ(prenom,basis,met-e,stan)	4	676719	93.4855
gemeente N(soort,ev,basis,zijd,stan)	4	676723	93.486
gelukkig ADJ(nom,basis,met-e,mv-n)	4	676727	93.4866
geloven WW(pv,tgw,met-t)	4	676731	93.4871
gek ADJ(vrij,comp,zonder)	4	676735	93.4877
gek ADJ(prenom,sup,met-e,stan)	4	676739	93.4882
gek ADJ(prenom,basis,zonder)	4	676743	93.4888
geil ADJ(prenom,basis,zonder)	4	676747	93.4894
geil ADJ(prenom,basis,met-e,stan)	4	676751	93.4899
geht's SPEC(vreemd)	4	676755	93.4905
gehakt N(soort,ev,basis,onz,stan)	4	676759	93.491
gefixt WW(vd,vrij,zonder)	4	676763	93.4916
gefixt WW(pv,tgw,ev)	4	676767	93.4921
gedrag N(soort,ev,basis,onz,stan)	4	676771	93.4927
gedeeltelijk ADJ(vrij,basis,zonder)	4	676775	93.4932
gedacht N(soort,ev,basis,onz,stan)	4	676779	93.4938
gebruiken WW(pv,tgw,met-t)	4	676783	93.4943
gdoe N(soort,mv,dim)	4	676787	93.4949
gave N(soort,ev,basis,zijd,stan)	4	676791	93.4954
game N(soort,mv,basis)	4	676795	93.496
gall N(soort,ev,basis,zijd,stan)	4	676799	93.4965
galerij N(soort,ev,basis,zijd,stan)	4	676803	93.4971
gaga SPEC(vreemd)	4	676807	93.4976
gaak N(soort,ev,basis,zijd,stan)	4	676811	93.4982
functie N(soort,ev,basis,zijd,stan)	4	676815	93.4987
fruitsap N(soort,ev,basis,onz,stan)	4	676819	93.4993
fris ADJ(vrij,comp,zonder)	4	676823	93.4999
frietkot N(soort,ev,basis,onz,stan)	4	676827	93.5004
fotos ADJ(vrij,basis,zonder)	4	676831	93.501
fotograferen WW(inf,nom,zonder,zonder-n)	4	676835	93.5015
fotograaf N(soort,ev,basis,zijd,stan)	4	676839	93.5021
forget SPEC(vreemd)	4	676843	93.5026
forfait N(soort,ev,basis,onz,stan)	4	676847	93.5032
foon N(soort,ev,basis,zijd,stan)	4	676851	93.5037
foon N(soort,ev,basis,onz,stan)	4	676855	93.5043
folder N(soort,mv,basis)	4	676859	93.5048
flik N(soort,mv,basis)	4	676863	93.5054
flauw ADJ(prenom,basis,zonder)	4	676867	93.5059
flash SPEC(vreemd)	4	676871	93.5065
fijn ADJ(vrij,comp,zonder)	4	676875	93.507
fifa SPEC(vreemd)	4	676879	93.5076
fietstocht N(soort,ev,basis,zijd,stan)	4	676883	93.5081
fenna N(soort,ev,basis,zijd,stan)	4	676887	93.5087
fast SPEC(vreemd)	4	676891	93.5092
fantasie N(soort,ev,basis,zijd,stan)	4	676895	93.5098
fancy SPEC(vreemd)	4	676899	93.5104
familiedag N(soort,ev,basis,zijd,stan)	4	676903	93.5109
fam N(soort,ev,basis,onz,stan)	4	676907	93.5115
face SPEC(vreemd)	4	676911	93.512
experiment N(soort,mv,basis)	4	676915	93.5126
evt ADJ(nom,basis,zonder,zonder-n)	4	676919	93.5131
evil SPEC(vreemd)	4	676923	93.5137
evenement N(soort,ev,basis,onz,stan)	4	676927	93.5142
evelien N(soort,mv,basis)	4	676931	93.5148
eva SPEC(deeleigen)	4	676935	93.5153
est SPEC(vreemd)	4	676939	93.5159
erwtensoep N(soort,ev,basis,zijd,stan)	4	676943	93.5164
erg ADJ(nom,sup,met-e,zonder-n,stan)	4	676947	93.517
enz SPEC(afk)	4	676951	93.5175
entreprise N(soort,ev,basis,zijd,stan)	4	676955	93.5181
entourage N(soort,ev,basis,zijd,stan)	4	676959	93.5186
enthousiasme N(soort,ev,basis,onz,stan)	4	676963	93.5192
enter N(soort,ev,basis,zijd,stan)	4	676967	93.5197
enquete N(soort,ev,basis,zijd,stan)	4	676971	93.5203
enorm ADJ(prenom,basis,zonder)	4	676975	93.5209
enkel N(soort,ev,basis,zijd,stan)	4	676979	93.5214
engelt N(soort,ev,dim,onz,stan)	4	676983	93.522
end N(soort,ev,basis,onz,stan)	4	676987	93.5225
enal N(soort,ev,basis,onz,stan)	4	676991	93.5231
en VNW(pers,pron,nomin,vol,2b,getal)	4	676995	93.5236
emmer N(soort,ev,basis,zijd,stan)	4	676999	93.5242
eline N(soort,ev,basis,zijd,stan)	4	677003	93.5247
elien N(soort,mv,basis)	4	677007	93.5253
either SPEC(vreemd)	4	677011	93.5258
eikel N(soort,ev,basis,zijd,stan)	4	677015	93.5264
eigenaar N(soort,ev,basis,zijd,stan)	4	677019	93.5269
eig ADJ(vrij,basis,zonder)	4	677023	93.5275
ei N(soort,mv,basis)	4	677027	93.528
eh TSW()	4	677031	93.5286
eeuwig ADJ(vrij,basis,zonder)	4	677035	93.5291
eeuwig ADJ(prenom,basis,met-e,stan)	4	677039	93.5297
eenzaam ADJ(prenom,basis,met-e,stan)	4	677043	93.5302
eej N(soort,ev,basis,zijd,stan)	4	677047	93.5308
ed N(soort,ev,basis,onz,stan)	4	677051	93.5314
east WW(pv,tgw,met-t)	4	677055	93.5319
each SPEC(vreemd)	4	677059	93.5325
dwars ADJ(vrij,basis,zonder)	4	677063	93.533
dwaas ADJ(prenom,basis,met-e,stan)	4	677067	93.5336
duur ADJ(vrij,comp,zonder)	4	677071	93.5341
duts N(soort,ev,dim,onz,stan)	4	677075	93.5347
durven WW(pv,tgw,mv)	4	677079	93.5352
duidelijk ADJ(prenom,basis,met-e,stan)	4	677083	93.5358
dublin N(soort,ev,basis,zijd,stan)	4	677087	93.5363
druppel N(soort,mv,basis)	4	677091	93.5369
drogen WW(inf,vrij,zonder)	4	677095	93.5374
drij N(soort,ev,basis,zijd,stan)	4	677099	93.538
dress SPEC(vreemd)	4	677103	93.5385
dreams SPEC(vreemd)	4	677107	93.5391
dragegen WW(vd,vrij,zonder)	4	677111	93.5396
douane N(soort,ev,basis,zijd,stan)	4	677115	93.5402
dorpsfeest N(soort,ev,basis,onz,stan)	4	677119	93.5407
doordoen WW(inf,vrij,zonder)	4	677123	93.5413
dont WW(pv,tgw,met-t)	4	677127	93.5418
donker ADJ(nom,basis,zonder,zonder-n)	4	677131	93.5424
donderdagavn WW(od,vrij,zonder)	4	677135	93.543
dollar N(soort,mv,basis)	4	677139	93.5435
dol ADJ(nom,basis,met-e,zonder-n,stan)	4	677143	93.5441
doel N(soort,mv,basis)	4	677147	93.5446
doek N(soort,ev,basis,onz,stan)	4	677151	93.5452
ditto N(soort,ev,basis,zijd,stan)	4	677155	93.5457
ditmaal BW()	4	677159	93.5463
dispuut N(soort,ev,basis,onz,stan)	4	677163	93.5468
direction SPEC(vreemd)	4	677167	93.5474
dip N(soort,ev,dim,onz,stan)	4	677171	93.5479
diegene VNW(aanw,det,stan,nom,met-e,zonder-n)	4	677175	93.5485
diederik N(soort,ev,basis,zijd,stan)	4	677179	93.549
deze VNW(aanw,det,gen,prenom,met-e,rest3)	4	677183	93.5496
detail N(soort,ev,basis,onz,stan)	4	677187	93.5501
destijds ADJ(vrij,basis,zonder)	4	677191	93.5507
dessertbuffet N(soort,ev,basis,onz,stan)	4	677195	93.5512
deken N(soort,mv,basis)	4	677199	93.5518
degelijk ADJ(vrij,basis,zonder)	4	677203	93.5523
dead SPEC(vreemd)	4	677207	93.5529
days SPEC(vreemd)	4	677211	93.5535
datumprikker N(soort,ev,basis,zijd,stan)	4	677215	93.554
danke TSW(dial)	4	677219	93.5546
daniel N(soort,ev,basis,zijd,stan)	4	677223	93.5551
dadelijk BW()	4	677227	93.5557
daartussen BW()	4	677231	93.5562
daarjuist BW()	4	677235	93.5568
daan WW(inf,vrij,zonder)	4	677239	93.5573
cva SPEC(deeleigen)	4	677243	93.5579
cute N(soort,ev,basis,zijd,stan)	4	677247	93.5584
cultuur N(soort,ev,basis,zijd,stan)	4	677251	93.559
ct N(soort,ev,basis,zijd,stan)	4	677255	93.5595
crash N(soort,ev,basis,zijd,stan)	4	677259	93.5601
crap N(soort,ev,basis,zijd,stan)	4	677263	93.5606
coÃ¶rdinatiechemie N(soort,ev,basis,zijd,stan)	4	677267	93.5612
couple SPEC(vreemd)	4	677271	93.5617
count WW(pv,tgw,met-t)	4	677275	93.5623
corrie N(soort,ev,basis,zijd,stan)	4	677279	93.5628
copy SPEC(vreemd)	4	677283	93.5634
considering N(soort,ev,basis,zijd,stan)	4	677287	93.564
confirm SPEC(vreemd)	4	677291	93.5645
conducteur N(soort,ev,basis,zijd,stan)	4	677295	93.5651
condoleren WW(vd,vrij,zonder)	4	677299	93.5656
conditie N(soort,ev,basis,zijd,stan)	4	677303	93.5662
compensatie N(soort,ev,basis,zijd,stan)	4	677307	93.5667
column N(soort,ev,basis,zijd,stan)	4	677311	93.5673
colruyt WW(pv,tgw,met-t)	4	677315	93.5678
collectie N(soort,ev,basis,zijd,stan)	4	677319	93.5684
colleague SPEC(vreemd)	4	677323	93.5689
cocktail N(soort,ev,basis,zijd,stan)	4	677327	93.5695
clothes SPEC(vreemd)	4	677331	93.57
class SPEC(vreemd)	4	677335	93.5706
claire SPEC(vreemd)	4	677339	93.5711
claimen WW(inf,vrij,zonder)	4	677343	93.5717
civiel ADJ(prenom,basis,zonder)	4	677347	93.5722
cheque N(soort,mv,basis)	4	677351	93.5728
chauffeur N(soort,ev,basis,zijd,stan)	4	677355	93.5733
chagrijnig ADJ(vrij,basis,zonder)	4	677359	93.5739
catch SPEC(vreemd)	4	677363	93.5745
casa SPEC(vreemd)	4	677367	93.575
cake N(soort,ev,basis,zijd,stan)	4	677371	93.5756
bxl N(soort,ev,basis,zijd,stan)	4	677375	93.5761
busstation N(soort,ev,basis,onz,stan)	4	677379	93.5767
business SPEC(vreemd)	4	677383	93.5772
burger SPEC(vreemd)	4	677387	93.5778
bunker N(soort,ev,basis,zijd,stan)	4	677391	93.5783
buis N(soort,ev,basis,zijd,stan)	4	677395	93.5789
building SPEC(vreemd)	4	677399	93.5794
budget N(soort,ev,basis,onz,stan)	4	677403	93.58
buddy SPEC(vreemd)	4	677407	93.5805
brok N(soort,mv,basis)	4	677411	93.5811
broer N(soort,mv,basis)	4	677415	93.5816
breken WW(inf,vrij,zonder)	4	677419	93.5822
breda SPEC(deeleigen)	4	677423	93.5827
branden WW(pv,tgw,met-t)	4	677427	93.5833
brakheid N(soort,ev,basis,zijd,stan)	4	677431	93.5838
brak ADJ(prenom,basis,met-e,stan)	4	677435	93.5844
brabants ADJ(prenom,basis,met-e,stan)	4	677439	93.585
braaf ADJ(prenom,basis,met-e,stan)	4	677443	93.5855
boxtel N(soort,ev,basis,zijd,stan)	4	677447	93.5861
bowlen WW(inf,nom,zonder,zonder-n)	4	677451	93.5866
bovenaan BW()	4	677455	93.5872
bouw N(soort,ev,basis,zijd,stan)	4	677459	93.5877
bosbrand N(soort,ev,basis,zijd,stan)	4	677463	93.5883
borrel N(soort,ev,dim,onz,stan)	4	677467	93.5888
boos ADJ(prenom,basis,met-e,stan)	4	677471	93.5894
boon N(soort,mv,basis)	4	677475	93.5899
booked SPEC(vreemd)	4	677479	93.5905
boog N(soort,ev,basis,zijd,stan)	4	677483	93.591
bol N(soort,mv,basis)	4	677487	93.5916
bok N(soort,ev,basis,zijd,stan)	4	677491	93.5921
boiler N(soort,ev,basis,zijd,stan)	4	677495	93.5927
boffen WW(pv,tgw,mv)	4	677499	93.5932
boer N(soort,ev,basis,zijd,stan)	4	677503	93.5938
boek N(soort,mv,dim)	4	677507	93.5943
boe TSW()	4	677511	93.5949
body SPEC(vreemd)	4	677515	93.5955
boarding SPEC(vreemd)	4	677519	93.596
blz SPEC(afk)	4	677523	93.5966
blyf N(soort,mv,basis)	4	677527	93.5971
blood SPEC(vreemd)	4	677531	93.5977
blond ADJ(vrij,basis,zonder)	4	677535	93.5982
blij ADJ(vrij,comp,zonder)	4	677539	93.5988
blazen WW(inf,vrij,zonder)	4	677543	93.5993
blanca N(soort,ev,basis,zijd,stan)	4	677547	93.5999
blad N(soort,mv,basis)	4	677551	93.6004
blackboard N(soort,ev,basis,zijd,stan)	4	677555	93.601
blabla N(soort,ev,basis,zijd,stan)	4	677559	93.6015
bitterbal N(soort,mv,basis)	4	677563	93.6021
bi ADJ(vrij,basis,zonder)	4	677567	93.6026
bezwaar N(soort,mv,basis)	4	677571	93.6032
bezwaar N(soort,ev,basis,onz,stan)	4	677575	93.6037
bezichtiging N(soort,ev,basis,zijd,stan)	4	677579	93.6043
bewonderen WW(inf,vrij,zonder)	4	677583	93.6048
bewijs N(soort,ev,basis,onz,stan)	4	677587	93.6054
bevalling N(soort,ev,basis,zijd,stan)	4	677591	93.6059
betwijfelen WW(pv,tgw,ev)	4	677595	93.6065
bestel N(soort,ev,basis,onz,stan)	4	677599	93.6071
besteden WW(inf,vrij,zonder)	4	677603	93.6076
bestand N(soort,ev,basis,onz,stan)	4	677607	93.6082
bestaan WW(inf,vrij,zonder)	4	677611	93.6087
beschadigen WW(vd,prenom,met-e)	4	677615	93.6093
beroerd ADJ(vrij,basis,zonder)	4	677619	93.6098
bepaald ADJ(prenom,basis,met-e,stan)	4	677623	93.6104
benzine N(soort,ev,basis,zijd,stan)	4	677627	93.6109
belminuut N(soort,mv,basis)	4	677631	93.6115
beller N(soort,mv,basis)	4	677635	93.612
belkrediet N(soort,ev,basis,onz,stan)	4	677639	93.6126
belgacom N(soort,ev,basis,zijd,stan)	4	677643	93.6131
belasting N(soort,ev,basis,zijd,stan)	4	677647	93.6137
bekomen WW(inf,vrij,zonder)	4	677651	93.6142
bekend ADJ(prenom,basis,zonder)	4	677655	93.6148
bek N(soort,ev,basis,zijd,stan)	4	677659	93.6153
begeleider N(soort,mv,basis)	4	677663	93.6159
begeleider N(soort,ev,basis,zijd,stan)	4	677667	93.6164
bedtijd N(soort,ev,basis,zijd,stan)	4	677671	93.617
bedragen WW(pv,tgw,met-t)	4	677675	93.6176
beat N(soort,mv,basis)	4	677679	93.6181
beantwoorden WW(inf,vrij,zonder)	4	677683	93.6187
basis N(soort,ev,basis,zijd,stan)	4	677687	93.6192
basically SPEC(vreemd)	4	677691	93.6198
bar ADJ(vrij,basis,zonder)	4	677695	93.6203
band N(soort,mv,basis)	4	677699	93.6209
bakmans ADJ(vrij,basis,zonder)	4	677703	93.6214
baddie N(soort,ev,basis,zijd,stan)	4	677707	93.622
bachelor SPEC(vreemd)	4	677711	93.6225
babbel N(soort,ev,basis,zijd,stan)	4	677715	93.6231
baard N(soort,ev,basis,zijd,stan)	4	677719	93.6236
baar N(soort,ev,basis,zijd,stan)	4	677723	93.6242
baaldag N(soort,ev,basis,zijd,stan)	4	677727	93.6247
baafs N(soort,mv,basis)	4	677731	93.6253
b-day SPEC(vreemd)	4	677735	93.6258
avontuur N(soort,mv,basis)	4	677739	93.6264
avontuur N(soort,ev,basis,onz,stan)	4	677743	93.6269
avondles N(soort,ev,basis,zijd,stan)	4	677747	93.6275
auw ADJ(vrij,basis,zonder)	4	677751	93.6281
autostrade N(soort,ev,basis,zijd,stan)	4	677755	93.6286
automatisch ADJ(prenom,basis,met-e,stan)	4	677759	93.6292
assebroek N(soort,ev,basis,onz,stan)	4	677763	93.6297
arwen N(soort,mv,basis)	4	677767	93.6303
arts N(soort,ev,basis,zijd,stan)	4	677771	93.6308
arrogant ADJ(vrij,basis,zonder)	4	677775	93.6314
arnhem N(soort,ev,basis,zijd,stan)	4	677779	93.6319
arm ADJ(prenom,basis,zonder)	4	677783	93.6325
arjen N(soort,mv,basis)	4	677787	93.633
area SPEC(vreemd)	4	677791	93.6336
applicatie N(soort,ev,basis,zijd,stan)	4	677795	93.6341
appeltaart N(soort,ev,basis,zijd,stan)	4	677799	93.6347
appel N(soort,mv,basis)	4	677803	93.6352
appartement N(soort,ev,dim,onz,stan)	4	677807	93.6358
app WW(pv,tgw,met-t)	4	677811	93.6363
ap N(soort,ev,basis,zijd,stan)	4	677815	93.6369
anymore SPEC(vreemd)	4	677819	93.6374
anton N(soort,ev,basis,onz,stan)	4	677823	93.638
ank ADJ(prenom,basis,met-e,stan)	4	677827	93.6386
amstel N(soort,ev,basis,zijd,stan)	4	677831	93.6391
ambetant ADJ(vrij,basis,zonder)	4	677835	93.6397
ambassade N(soort,ev,basis,zijd,stan)	4	677839	93.6402
amai N(soort,ev,basis,zijd,stan)	4	677843	93.6408
alzek ADJ(vrij,basis,zonder)	4	677847	93.6413
alom BW()	4	677851	93.6419
allÃ© N(soort,ev,basis,zijd,stan)	4	677855	93.6424
allijk ADJ(vrij,basis,zonder)	4	677859	93.643
allerbest ADJ(prenom,sup,met-e,stan)	4	677863	93.6435
alegria N(soort,mv,basis)	4	677867	93.6441
aldus BW()	4	677871	93.6446
afwezig ADJ(vrij,basis,zonder)	4	677875	93.6452
aftellen WW(inf,vrij,zonder)	4	677879	93.6457
aftellen WW(inf,nom,zonder,zonder-n)	4	677883	93.6463
afronden WW(vd,vrij,zonder)	4	677887	93.6468
afkomen WW(pv,tgw,met-t)	4	677891	93.6474
afkijken WW(inf,vrij,zonder)	4	677895	93.6479
afhangen WW(inf,vrij,zonder)	4	677899	93.6485
afgooien WW(inf,vrij,zonder)	4	677903	93.6491
afdrukken WW(vd,vrij,zonder)	4	677907	93.6496
aex N(soort,ev,basis,zijd,stan)	4	677911	93.6502
adapter N(soort,ev,basis,zijd,stan)	4	677915	93.6507
achteruit BW()	4	677919	93.6513
achterlijk ADJ(prenom,basis,zonder)	4	677923	93.6518
achterlaten WW(inf,vrij,zonder)	4	677927	93.6524
achterkant N(soort,ev,basis,zijd,stan)	4	677931	93.6529
achterbank N(soort,ev,basis,zijd,stan)	4	677935	93.6535
aardbei N(soort,ev,basis,zijd,stan)	4	677939	93.654
aap N(soort,mv,basis)	4	677943	93.6546
aanwinst N(soort,ev,basis,zijd,stan)	4	677947	93.6551
aanvragen WW(vd,vrij,zonder)	4	677951	93.6557
aantekening N(soort,mv,basis)	4	677955	93.6562
aanspreken WW(inf,vrij,zonder)	4	677959	93.6568
aanrader N(soort,ev,basis,zijd,stan)	4	677963	93.6573
aanraden WW(vd,vrij,zonder)	4	677967	93.6579
aanraden WW(inf,vrij,zonder)	4	677971	93.6584
aanpakken WW(inf,vrij,zonder)	4	677975	93.659
aankomsttijd N(soort,ev,basis,zijd,stan)	4	677979	93.6595
aankomend ADJ(prenom,basis,met-e,stan)	4	677983	93.6601
aankleden WW(inf,vrij,zonder)	4	677987	93.6607
aanhankelijk ADJ(vrij,basis,zonder)	4	677991	93.6612
aanhanger N(soort,ev,basis,zijd,stan)	4	677995	93.6618
aanhang N(soort,ev,basis,zijd,stan)	4	677999	93.6623
aangeven WW(inf,vrij,zonder)	4	678003	93.6629
aandoen WW(vd,vrij,zonder)	4	678007	93.6634
] LET()	4	678011	93.664
Zutphen SPEC(deeleigen)	4	678015	93.6645
Zuid SPEC(deeleigen)	4	678019	93.6651
Zoe SPEC(deeleigen)	4	678023	93.6656
Zijde SPEC(deeleigen)	4	678027	93.6662
Zeun SPEC(deeleigen)	4	678031	93.6667
ZA SPEC(deeleigen)	4	678035	93.6673
Yvon SPEC(deeleigen)	4	678039	93.6678
YouTube SPEC(deeleigen)	4	678043	93.6684
Yesss SPEC(vreemd)	4	678047	93.6689
XxXxX SPEC(deeleigen)	4	678051	93.6695
Xc SPEC(deeleigen)	4	678055	93.67
XM SPEC(deeleigen)	4	678059	93.6706
WÃ¨ SPEC(vreemd)	4	678063	93.6712
Wtf SPEC(deeleigen)	4	678067	93.6717
Wouters SPEC(deeleigen)	4	678071	93.6723
Woman SPEC(deeleigen)	4	678075	93.6728
Wit SPEC(deeleigen)	4	678079	93.6734
Wilke SPEC(vreemd)	4	678083	93.6739
Wii SPEC(deeleigen)	4	678087	93.6745
Wifi SPEC(deeleigen)	4	678091	93.675
Whatsapp SPEC(deeleigen)	4	678095	93.6756
Wait SPEC(vreemd)	4	678099	93.6761
Waaaah SPEC(deeleigen)	4	678103	93.6767
WTF SPEC(deeleigen)	4	678107	93.6772
Vredestraat SPEC(deeleigen)	4	678111	93.6778
Volendam SPEC(deeleigen)	4	678115	93.6783
Vincent SPEC(deeleigen)	4	678119	93.6789
Vietnam SPEC(deeleigen)	4	678123	93.6794
Ventoux SPEC(deeleigen)	4	678127	93.68
University SPEC(deeleigen)	4	678131	93.6805
Tzey SPEC(vreemd)	4	678135	93.6811
Tweede SPEC(deeleigen)	4	678139	93.6817
Tv SPEC(deeleigen)	4	678143	93.6822
Tu SPEC(vreemd)	4	678147	93.6828
Tt SPEC(afk)	4	678151	93.6833
TschÃ¼ss SPEC(vreemd)	4	678155	93.6839
Tschuss SPEC(vreemd)	4	678159	93.6844
Troela SPEC(deeleigen)	4	678163	93.685
Trek SPEC(deeleigen)	4	678167	93.6855
Tralalala SPEC(deeleigen)	4	678171	93.6861
Tots SPEC(vreemd)	4	678175	93.6866
Too SPEC(vreemd)	4	678179	93.6872
Tommy SPEC(deeleigen)	4	678183	93.6877
Tie SPEC(deeleigen)	4	678187	93.6883
Thought SPEC(vreemd)	4	678191	93.6888
Though SPEC(deeleigen)	4	678195	93.6894
Tga SPEC(deeleigen)	4	678199	93.6899
Tess SPEC(deeleigen)	4	678203	93.6905
TNO SPEC(deeleigen)	4	678207	93.691
T. SPEC(deeleigen)	4	678211	93.6916
Swalmen SPEC(deeleigen)	4	678215	93.6922
Stupid SPEC(vreemd)	4	678219	93.6927
Starbucks SPEC(deeleigen)	4	678223	93.6933
Spits SPEC(deeleigen)	4	678227	93.6938
Spass SPEC(deeleigen)	4	678231	93.6944
Sounds SPEC(deeleigen)	4	678235	93.6949
Sophie SPEC(deeleigen)	4	678239	93.6955
Sonja SPEC(deeleigen)	4	678243	93.696
Sjoerd SPEC(deeleigen)	4	678247	93.6966
Selma SPEC(deeleigen)	4	678251	93.6971
Seba SPEC(deeleigen)	4	678255	93.6977
Schoten SPEC(deeleigen)	4	678259	93.6982
Scheveningen SPEC(deeleigen)	4	678263	93.6988
Santiago SPEC(deeleigen)	4	678267	93.6993
Samson SPEC(deeleigen)	4	678271	93.6999
Same SPEC(vreemd)	4	678275	93.7004
SQ SPEC(deeleigen)	4	678279	93.701
Rutuja SPEC(deeleigen)	4	678283	93.7015
Roy SPEC(deeleigen)	4	678287	93.7021
Rinus SPEC(deeleigen)	4	678291	93.7027
Restaurant SPEC(deeleigen)	4	678295	93.7032
Renata SPEC(deeleigen)	4	678299	93.7038
RM SPEC(deeleigen)	4	678303	93.7043
Queens SPEC(deeleigen)	4	678307	93.7049
Queen SPEC(deeleigen)	4	678311	93.7054
Pukkelpop SPEC(deeleigen)	4	678315	93.706
Poor SPEC(vreemd)	4	678319	93.7065
Polly SPEC(deeleigen)	4	678323	93.7071
Pisa SPEC(deeleigen)	4	678327	93.7076
Pieters SPEC(deeleigen)	4	678331	93.7082
Pierre SPEC(deeleigen)	4	678335	93.7087
Philippe SPEC(deeleigen)	4	678339	93.7093
Pepijn SPEC(deeleigen)	4	678343	93.7098
PSV SPEC(deeleigen)	4	678347	93.7104
Owja SPEC(deeleigen)	4	678351	93.7109
Ow SPEC(deeleigen)	4	678355	93.7115
Orf SPEC(deeleigen)	4	678359	93.712
Oranje SPEC(deeleigen)	4	678363	93.7126
Only SPEC(vreemd)	4	678367	93.7131
Ola SPEC(deeleigen)	4	678371	93.7137
Of SPEC(vreemd)	4	678375	93.7143
OAD SPEC(deeleigen)	4	678379	93.7148
Nyugati SPEC(vreemd)	4	678383	93.7154
Nora SPEC(deeleigen)	4	678387	93.7159
Noami SPEC(vreemd)	4	678391	93.7165
Ninja SPEC(deeleigen)	4	678395	93.717
Nico SPEC(deeleigen)	4	678399	93.7176
Never SPEC(vreemd)	4	678403	93.7181
Nederlanders SPEC(deeleigen)	4	678407	93.7187
Myn SPEC(deeleigen)	4	678411	93.7192
Mr SPEC(deeleigen)	4	678415	93.7198
Morgen SPEC(deeleigen)	4	678419	93.7203
Moeders SPEC(deeleigen)	4	678423	93.7209
Milan SPEC(deeleigen)	4	678427	93.7214
Michele SPEC(deeleigen)	4	678431	93.722
Merelbeke SPEC(deeleigen)	4	678435	93.7225
Merci SPEC(deeleigen)	4	678439	93.7231
McDonald's SPEC(deeleigen)	4	678443	93.7236
Marlon SPEC(deeleigen)	4	678447	93.7242
Mail SPEC(vreemd)	4	678451	93.7248
Maddy SPEC(deeleigen)	4	678455	93.7253
Maaske SPEC(deeleigen)	4	678459	93.7259
Maart SPEC(deeleigen)	4	678463	93.7264
Maarja SPEC(deeleigen)	4	678467	93.727
Love SPEC(deeleigen)	4	678471	93.7275
Looking SPEC(vreemd)	4	678475	93.7281
Lex SPEC(deeleigen)	4	678479	93.7286
Lets SPEC(deeleigen)	4	678483	93.7292
Leaving SPEC(vreemd)	4	678487	93.7297
Landgraaf SPEC(deeleigen)	4	678491	93.7303
LG SPEC(symb)	4	678495	93.7308
Kwou SPEC(deeleigen)	4	678499	93.7314
Kwas SPEC(deeleigen)	4	678503	93.7319
Kuss SPEC(vreemd)	4	678507	93.7325
Korenmarkt SPEC(deeleigen)	4	678511	93.733
Kong SPEC(deeleigen)	4	678515	93.7336
Koldewee SPEC(deeleigen)	4	678519	93.7341
Khou SPEC(deeleigen)	4	678523	93.7347
Kemal SPEC(deeleigen)	4	678527	93.7353
Kees SPEC(deeleigen)	4	678531	93.7358
Kay SPEC(deeleigen)	4	678535	93.7364
Katrin SPEC(deeleigen)	4	678539	93.7369
Karen SPEC(deeleigen)	4	678543	93.7375
Jozef SPEC(deeleigen)	4	678547	93.738
Joy SPEC(vreemd)	4	678551	93.7386
Joren SPEC(deeleigen)	4	678555	93.7391
Joan SPEC(deeleigen)	4	678559	93.7397
Jim SPEC(deeleigen)	4	678563	93.7402
Jess SPEC(deeleigen)	4	678567	93.7408
Jansen SPEC(deeleigen)	4	678571	93.7413
Janine SPEC(deeleigen)	4	678575	93.7419
Jacqueline SPEC(deeleigen)	4	678579	93.7424
JM SPEC(deeleigen)	4	678583	93.743
JB SPEC(deeleigen)	4	678587	93.7435
Ivo SPEC(deeleigen)	4	678591	93.7441
Istanbul SPEC(deeleigen)	4	678595	93.7446
International SPEC(deeleigen)	4	678599	93.7452
Ingeborg SPEC(deeleigen)	4	678603	93.7458
Ineke SPEC(deeleigen)	4	678607	93.7463
Hows SPEC(vreemd)	4	678611	93.7469
Howdy SPEC(deeleigen)	4	678615	93.7474
Hope SPEC(deeleigen)	4	678619	93.748
Hellevoet SPEC(deeleigen)	4	678623	93.7485
Hell SPEC(deeleigen)	4	678627	93.7491
Han SPEC(deeleigen)	4	678631	93.7496
Hahahaha SPEC(deeleigen)	4	678635	93.7502
HD SPEC(symb)	4	678639	93.7507
Goodnight SPEC(vreemd)	4	678643	93.7513
Gohja SPEC(deeleigen)	4	678647	93.7518
Goedele SPEC(deeleigen)	4	678651	93.7524
God SPEC(deeleigen)	4	678655	93.7529
Getting SPEC(vreemd)	4	678659	93.7535
George SPEC(deeleigen)	4	678663	93.754
Genk SPEC(deeleigen)	4	678667	93.7546
Gear SPEC(deeleigen)	4	678671	93.7551
France SPEC(vreemd)	4	678675	93.7557
Fons SPEC(deeleigen)	4	678679	93.7563
Flotje SPEC(deeleigen)	4	678683	93.7568
Filip SPEC(deeleigen)	4	678687	93.7574
Fiets SPEC(deeleigen)	4	678691	93.7579
Fer SPEC(deeleigen)	4	678695	93.7585
Femke SPEC(deeleigen)	4	678699	93.759
Feeling SPEC(deeleigen)	4	678703	93.7596
FYI SPEC(deeleigen)	4	678707	93.7601
Etten-Leur SPEC(deeleigen)	4	678711	93.7607
Espla SPEC(deeleigen)	4	678715	93.7612
Es SPEC(deeleigen)	4	678719	93.7618
Ernstjan SPEC(deeleigen)	4	678723	93.7623
Eela SPEC(deeleigen)	4	678727	93.7629
EMAIL SPEC(deeleigen)	4	678731	93.7634
E. SPEC(symb)	4	678735	93.764
Dutch SPEC(vreemd)	4	678739	93.7645
Duits SPEC(deeleigen)	4	678743	93.7651
Drunen SPEC(deeleigen)	4	678747	93.7656
Draeck SPEC(deeleigen)	4	678751	93.7662
Dr. SPEC(afk)	4	678755	93.7668
Dik SPEC(deeleigen)	4	678759	93.7673
Derna SPEC(deeleigen)	4	678763	93.7679
Depends SPEC(deeleigen)	4	678767	93.7684
David SPEC(deeleigen)	4	678771	93.769
Dankuuuu SPEC(deeleigen)	4	678775	93.7695
DVD SPEC(deeleigen)	4	678779	93.7701
D. SPEC(symb)	4	678783	93.7706
CÃ©derik SPEC(deeleigen)	4	678787	93.7712
Corinne SPEC(deeleigen)	4	678791	93.7717
Coming SPEC(vreemd)	4	678795	93.7723
Chick SPEC(deeleigen)	4	678799	93.7728
Charles SPEC(deeleigen)	4	678803	93.7734
Centraal SPEC(deeleigen)	4	678807	93.7739
Canada SPEC(deeleigen)	4	678811	93.7745
By SPEC(vreemd)	4	678815	93.775
Budget SPEC(deeleigen)	4	678819	93.7756
Brunninkhuis SPEC(deeleigen)	4	678823	93.7761
Brian SPEC(deeleigen)	4	678827	93.7767
Bolle SPEC(deeleigen)	4	678831	93.7772
Boer SPEC(deeleigen)	4	678835	93.7778
Bo SPEC(deeleigen)	4	678839	93.7784
Blaha SPEC(deeleigen)	4	678843	93.7789
Beugel SPEC(deeleigen)	4	678847	93.7795
Bertine SPEC(deeleigen)	4	678851	93.78
Bert SPEC(deeleigen)	4	678855	93.7806
Baukje SPEC(deeleigen)	4	678859	93.7811
Barbara SPEC(deeleigen)	4	678863	93.7817
Bandra SPEC(deeleigen)	4	678867	93.7822
Back SPEC(vreemd)	4	678871	93.7828
BB SPEC(deeleigen)	4	678875	93.7833
B. SPEC(deeleigen)	4	678879	93.7839
AskNow SPEC(deeleigen)	4	678883	93.7844
Arentien SPEC(deeleigen)	4	678887	93.785
Ardennen SPEC(deeleigen)	4	678891	93.7855
Apparently SPEC(vreemd)	4	678895	93.7861
Annchen SPEC(vreemd)	4	678899	93.7866
Annaplein SPEC(deeleigen)	4	678903	93.7872
Angelo SPEC(deeleigen)	4	678907	93.7877
Angelina SPEC(deeleigen)	4	678911	93.7883
AndrÃ© SPEC(deeleigen)	4	678915	93.7889
Amstel SPEC(deeleigen)	4	678919	93.7894
Already SPEC(vreemd)	4	678923	93.79
Already SPEC(deeleigen)	4	678927	93.7905
Almelo SPEC(deeleigen)	4	678931	93.7911
Allright SPEC(vreemd)	4	678935	93.7916
Ale SPEC(deeleigen)	4	678939	93.7922
Aight SPEC(vreemd)	4	678943	93.7927
Aida SPEC(vreemd)	4	678947	93.7933
Ab SPEC(deeleigen)	4	678951	93.7938
Aahn SPEC(vreemd)	4	678955	93.7944
Aah SPEC(deeleigen)	4	678959	93.7949
ALV SPEC(deeleigen)	4	678963	93.7955
ABN SPEC(deeleigen)	4	678967	93.796
<naam> N(soort,ev,basis,zijd,stan)	4	678971	93.7966
:-$ SPEC(symb)	4	678975	93.7971
94 TW(hoofd,prenom,stan)	4	678979	93.7977
900 TW(hoofd,prenom,stan)	4	678983	93.7982
86 TW(hoofd,vrij)	4	678987	93.7988
78 TW(hoofd,vrij)	4	678991	93.7994
75 SPEC(symb)	4	678995	93.7999
72 TW(hoofd,vrij)	4	678999	93.8005
7,5 TW(hoofd,prenom,stan)	4	679003	93.801
6e TW(rang,prenom,stan)	4	679007	93.8016
63 TW(hoofd,vrij)	4	679011	93.8021
6,5 TW(hoofd,prenom,stan)	4	679015	93.8027
5de TW(rang,prenom,stan)	4	679019	93.8032
55 TW(hoofd,vrij)	4	679023	93.8038
55 SPEC(symb)	4	679027	93.8043
4de TW(rang,prenom,stan)	4	679031	93.8049
48 TW(hoofd,vrij)	4	679035	93.8054
48 TW(hoofd,prenom,stan)	4	679039	93.806
400 TW(hoofd,prenom,stan)	4	679043	93.8065
40 SPEC(deeleigen)	4	679047	93.8071
4 SPEC(symb)	4	679051	93.8076
37 TW(hoofd,vrij)	4	679055	93.8082
36 TW(hoofd,prenom,stan)	4	679059	93.8087
33 TW(hoofd,prenom,stan)	4	679063	93.8093
30e TW(rang,prenom,stan)	4	679067	93.8099
3.0 SPEC(symb)	4	679071	93.8104
24ste TW(rang,prenom,stan)	4	679075	93.811
239 TW(hoofd,prenom,stan)	4	679079	93.8115
22:22 SPEC(symb)	4	679083	93.8121
2100 TW(hoofd,vrij)	4	679087	93.8126
20:15 SPEC(symb)	4	679091	93.8132
2000 TW(hoofd,vrij)	4	679095	93.8137
18:00 SPEC(symb)	4	679099	93.8143
16:50 TW(hoofd,vrij)	4	679103	93.8148
16 TW(rang,prenom,stan)	4	679107	93.8154
140 TW(hoofd,prenom,stan)	4	679111	93.8159
13:00 SPEC(symb)	4	679115	93.8165
129 TW(hoofd,vrij)	4	679119	93.817
125 TW(hoofd,prenom,stan)	4	679123	93.8176
12331 TW(hoofd,vrij)	4	679127	93.8181
123 TW(hoofd,vrij)	4	679131	93.8187
-9 SPEC(symb)	4	679135	93.8192
-8 SPEC(symb)	4	679139	93.8198
-6 SPEC(symb)	4	679143	93.8204
-3 SPEC(symb)	4	679147	93.8209
!?! LET()	4	679151	93.8215
!!!!!!! LET()	4	679155	93.822
Ã²f BW()	3	679158	93.8224
Ã¨cht N(soort,ev,basis,onz,stan)	3	679161	93.8228
Ã¡l BW()	3	679164	93.8233
Ãa SPEC(vreemd)	3	679167	93.8237
Â£ SPEC(symb)	3	679170	93.8241
zz N(soort,ev,basis,zijd,stan)	3	679173	93.8245
zyn WW(inf,nom,zonder,zonder-n)	3	679176	93.8249
zweten WW(inf,vrij,zonder)	3	679179	93.8253
zwemmen WW(inf,nom,zonder,zonder-n)	3	679182	93.8257
zweeds ADJ(prenom,basis,met-e,stan)	3	679185	93.8262
zwaaien WW(pv,tgw,ev)	3	679188	93.8266
zuurstof N(soort,ev,basis,zijd,stan)	3	679191	93.827
zuur N(soort,ev,basis,onz,stan)	3	679194	93.8274
zus N(soort,mv,basis)	3	679197	93.8278
zulln WW(inf,vrij,zonder)	3	679200	93.8282
zsm ADJ(vrij,basis,zonder)	3	679203	93.8286
zott N(soort,ev,basis,zijd,stan)	3	679206	93.8291
zot N(soort,mv,dim)	3	679209	93.8295
zot ADJ(prenom,basis,zonder)	3	679212	93.8299
zonnen WW(inf,vrij,zonder)	3	679215	93.8303
zonnebank N(soort,ev,basis,zijd,stan)	3	679218	93.8307
zonde ADJ(vrij,basis,zonder)	3	679221	93.8311
zondagen SPEC(deeleigen)	3	679224	93.8315
zometeen ADJ(dial)	3	679227	93.832
zolder N(soort,ev,basis,zijd,stan)	3	679230	93.8324
zoetje N(soort,ev,dim,onz,stan)	3	679233	93.8328
zoeken WW(inf,nom,zonder,zonder-n)	3	679236	93.8332
zoe WW(pv,verl,ev)	3	679239	93.8336
zn WW(pv,tgw,mv)	3	679242	93.834
zittn N(soort,mv,basis)	3	679245	93.8344
zin N(soort,mv,basis)	3	679248	93.8349
zijkant N(soort,ev,basis,zijd,stan)	3	679251	93.8353
ziel N(soort,mv,basis)	3	679254	93.8357
ziek ADJ(prenom,basis,met-e,stan)	3	679257	93.8361
zeven TW(hoofd,nom,mv-n,basis)	3	679260	93.8365
zeun N(soort,ev,basis,onz,stan)	3	679263	93.8369
zetel N(soort,mv,basis)	3	679266	93.8373
zeggn N(soort,mv,basis)	3	679269	93.8378
zegen N(soort,ev,basis,zijd,stan)	3	679272	93.8382
zeer ADJ(prenom,basis,met-e,stan)	3	679275	93.8386
zeep N(soort,ev,basis,zijd,stan)	3	679278	93.839
zeehond N(soort,ev,basis,zijd,stan)	3	679281	93.8394
zaterdagnamiddag N(soort,ev,basis,zijd,stan)	3	679284	93.8398
zat ADJ(vrij,basis,zonder)	3	679287	93.8402
zangles N(soort,ev,basis,zijd,stan)	3	679290	93.8407
zanger N(soort,ev,basis,zijd,stan)	3	679293	93.8411
zakelijk ADJ(vrij,basis,zonder)	3	679296	93.8415
zagen WW(inf,vrij,zonder)	3	679299	93.8419
zacht ADJ(vrij,comp,zonder)	3	679302	93.8423
zabzab N(soort,ev,basis,zijd,stan)	3	679305	93.8427
yvonne N(soort,ev,basis,zijd,stan)	3	679308	93.8431
yup ADJ(vrij,basis,zonder)	3	679311	93.8436
youtube ADJ(prenom,basis,met-e,stan)	3	679314	93.844
yours SPEC(vreemd)	3	679317	93.8444
your N(soort,mv,basis)	3	679320	93.8448
yoghurt N(soort,ev,basis,zijd,stan)	3	679323	93.8452
xxxxxxxxxxxxxxxxxxxx SPEC(deeleigen)	3	679326	93.8456
xxxxxxxxxxxxxx N(soort,ev,basis,zijd,stan)	3	679329	93.846
xxx N(soort,mv,dim)	3	679332	93.8465
xxk N(soort,ev,basis,onz,stan)	3	679335	93.8469
xtc N(soort,ev,basis,zijd,stan)	3	679338	93.8473
xr ADJ(vrij,basis,zonder)	3	679341	93.8477
xmen WW(inf,vrij,zonder)	3	679344	93.8481
xmen SPEC(vreemd)	3	679347	93.8485
xd SPEC(afk)	3	679350	93.8489
xc N(soort,ev,basis,zijd,stan)	3	679353	93.8494
wss WW(pv,tgw,ev)	3	679356	93.8498
ws N(soort,ev,basis,onz,stan)	3	679359	93.8502
wringen WW(pv,verl,ev)	3	679362	93.8506
wout N(soort,ev,basis,onz,stan)	3	679365	93.851
woow N(soort,ev,basis,zijd,stan)	3	679368	93.8514
woordenboek N(soort,ev,basis,onz,stan)	3	679371	93.8518
wooooow N(soort,ev,basis,zijd,stan)	3	679374	93.8523
woodside ADJ(prenom,basis,met-e,stan)	3	679377	93.8527
wond N(soort,ev,basis,zijd,stan)	3	679380	93.8531
woelen WW(inf,vrij,zonder)	3	679383	93.8535
wissen WW(inf,vrij,zonder)	3	679386	93.8539
wisselstoring N(soort,ev,basis,zijd,stan)	3	679389	93.8543
wissel N(soort,ev,basis,zijd,stan)	3	679392	93.8547
winterband N(soort,mv,basis)	3	679395	93.8552
winnaar N(soort,mv,basis)	3	679398	93.8556
windows N(soort,mv,basis)	3	679401	93.856
wim SPEC(symb)	3	679404	93.8564
willen WW(pv,verl,mv)	3	679407	93.8568
will N(soort,ev,basis,zijd,stan)	3	679410	93.8572
wil N(soort,ev,basis,zijd,stan)	3	679413	93.8576
wil N(soort,ev,basis,dat)	3	679416	93.8581
wijzigen WW(inf,vrij,zonder)	3	679419	93.8585
wijze N(soort,ev,basis,zijd,stan)	3	679422	93.8589
wii N(soort,ev,basis,zijd,stan)	3	679425	93.8593
wifi N(soort,mv,basis)	3	679428	93.8597
wife SPEC(vreemd)	3	679431	93.8601
wieke N(soort,ev,dim,onz,stan)	3	679434	93.8606
wiek N(soort,ev,basis,zijd,stan)	3	679437	93.861
whom SPEC(vreemd)	3	679440	93.8614
whole SPEC(vreemd)	3	679443	93.8618
whisky N(soort,ev,basis,zijd,stan)	3	679446	93.8622
whatsappen WW(inf,vrij,zonder)	3	679449	93.8626
whatsap N(soort,mv,basis)	3	679452	93.863
whats N(soort,mv,basis)	3	679455	93.8635
whaaa N(soort,ev,basis,zijd,stan)	3	679458	93.8639
wh ADJ(vrij,basis,zonder)	3	679461	93.8643
werkse SPEC(vreemd)	3	679464	93.8647
werkn WW(inf,vrij,zonder)	3	679467	93.8651
werking N(soort,ev,basis,zijd,stan)	3	679470	93.8655
werkgroep N(soort,mv,basis)	3	679473	93.8659
werken WW(od,prenom,met-e)	3	679476	93.8664
werk N(soort,ev,dim,onz,stan)	3	679479	93.8668
werf N(soort,ev,basis,zijd,stan)	3	679482	93.8672
werchter N(soort,ev,basis,zijd,stan)	3	679485	93.8676
werchter N(soort,ev,basis,onz,stan)	3	679488	93.868
wensen WW(vd,prenom,zonder)	3	679491	93.8684
wegrijden WW(inf,vrij,zonder)	3	679494	93.8688
wegleggen WW(vd,vrij,zonder)	3	679497	93.8693
weggeven WW(vd,vrij,zonder)	3	679500	93.8697
weggaan WW(vd,vrij,zonder)	3	679503	93.8701
weg N(soort,mv,basis)	3	679506	93.8705
weetje N(soort,ev,dim,onz,stan)	3	679509	93.8709
weerhouden WW(inf,vrij,zonder)	3	679512	93.8713
weegschaal N(soort,ev,basis,zijd,stan)	3	679515	93.8717
wedstrijd N(soort,ev,dim,onz,stan)	3	679518	93.8722
wedding N(soort,ev,basis,zijd,stan)	3	679521	93.8726
weather SPEC(vreemd)	3	679524	93.873
wdj N(soort,ev,basis,zijd,stan)	3	679527	93.8734
wc-papier N(soort,ev,basis,onz,stan)	3	679530	93.8738
waterstof N(soort,ev,basis,zijd,stan)	3	679533	93.8742
wat VNW(vrag,pron,stan,nadr,3o,ev)	3	679536	93.8746
wasn't SPEC(vreemd)	3	679539	93.8751
wann ADJ(vrij,basis,zonder)	3	679542	93.8755
wandelen WW(inf,nom,zonder,zonder-n)	3	679545	93.8759
wagen WW(inf,vrij,zonder)	3	679548	93.8763
wafel N(soort,mv,basis)	3	679551	93.8767
waarschuwing N(soort,ev,basis,zijd,stan)	3	679554	93.8771
waaronder BW()	3	679557	93.8775
waardeloos ADJ(prenom,basis,met-e,stan)	3	679560	93.878
waard ADJ(prenom,basis,met-e,stan)	3	679563	93.8784
waar ADJ(prenom,basis,met-e,stan)	3	679566	93.8788
vuvuzela N(soort,ev,basis,zijd,stan)	3	679569	93.8792
vulling N(soort,ev,basis,zijd,stan)	3	679572	93.8796
vu SPEC(vreemd)	3	679575	93.88
vry SPEC(vreemd)	3	679578	93.8804
vry N(soort,ev,basis,zijd,stan)	3	679581	93.8809
vrouwelijk ADJ(vrij,basis,zonder)	3	679584	93.8813
vrouwelijk ADJ(prenom,basis,met-e,stan)	3	679587	93.8817
vrouw N(soort,mv,dim)	3	679590	93.8821
vrouw N(soort,ev,dim,onz,stan)	3	679593	93.8825
vrolijk ADJ(vrij,comp,zonder)	3	679596	93.8829
vroeg ADJ(prenom,comp,met-e,stan)	3	679599	93.8833
vroeg ADJ(prenom,basis,zonder)	3	679602	93.8838
vrijdagavn WW(od,vrij,zonder)	3	679605	93.8842
vriezen WW(inf,vrij,zonder)	3	679608	93.8846
vrieskou N(soort,ev,basis,zijd,stan)	3	679611	93.885
vreugde N(soort,ev,basis,zijd,stan)	3	679614	93.8854
vr VNW(pers,pron,nomin,red,1,mv)	3	679617	93.8858
vouwfiets N(soort,ev,basis,zijd,stan)	3	679620	93.8862
vormen WW(pv,tgw,met-t)	3	679623	93.8867
vork N(soort,ev,basis,zijd,stan)	3	679626	93.8871
vordering N(soort,mv,basis)	3	679629	93.8875
vooruitzicht N(soort,ev,basis,onz,stan)	3	679632	93.8879
voortuin N(soort,ev,basis,zijd,stan)	3	679635	93.8883
voorts BW()	3	679638	93.8887
voortdurend ADJ(vrij,basis,zonder)	3	679641	93.8891
voorst ADJ(prenom,basis,met-e,stan)	3	679644	93.8896
voorspoedig ADJ(prenom,basis,met-e,stan)	3	679647	93.89
voorspellen WW(inf,vrij,zonder)	3	679650	93.8904
voornemen N(soort,ev,basis,onz,stan)	3	679653	93.8908
voorbereiden WW(inf,nom,zonder,zonder-n)	3	679656	93.8912
volzet ADJ(vrij,basis,zonder)	3	679659	93.8916
voltijds ADJ(prenom,basis,met-e,stan)	3	679662	93.892
volplannen WW(vd,vrij,zonder)	3	679665	93.8925
volleyballen WW(inf,vrij,zonder)	3	679668	93.8929
volkskrant N(soort,ev,basis,zijd,stan)	3	679671	93.8933
volkoren ADJ(prenom,basis,zonder)	3	679674	93.8937
volgorde N(soort,ev,basis,zijd,stan)	3	679677	93.8941
voldoen ADJ(prenom,basis,zonder)	3	679680	93.8945
voice SPEC(vreemd)	3	679683	93.8949
voetballen WW(inf,nom,zonder,zonder-n)	3	679686	93.8954
voeren WW(vd,vrij,zonder)	3	679689	93.8958
vo N(soort,mv,basis)	3	679692	93.8962
vluchten WW(pv,tgw,ev)	3	679695	93.8966
vlot ADJ(vrij,dim,zonder)	3	679698	93.897
vlot ADJ(prenom,basis,met-e,stan)	3	679701	93.8974
vloeken WW(inf,vrij,zonder)	3	679704	93.8978
vloek N(soort,ev,basis,zijd,stan)	3	679707	93.8983
vloei N(soort,ev,basis,zijd,stan)	3	679710	93.8987
vliegtuig N(soort,mv,basis)	3	679713	93.8991
vlieg N(soort,ev,basis,zijd,stan)	3	679716	93.8995
vlakbij VZ(init)	3	679719	93.8999
vlak N(soort,ev,basis,onz,stan)	3	679722	93.9003
vlaai N(soort,ev,basis,zijd,stan)	3	679725	93.9008
visum N(soort,ev,basis,onz,stan)	3	679728	93.9012
visie N(soort,ev,basis,zijd,stan)	3	679731	93.9016
vis N(soort,mv,basis)	3	679734	93.902
vinder N(soort,ev,basis,zijd,stan)	3	679737	93.9024
vijf TW(hoofd,nom,mv-n,basis)	3	679740	93.9028
vieren WW(pv,tgw,ev)	3	679743	93.9032
vesting N(soort,ev,basis,zijd,stan)	3	679746	93.9037
verzinnen WW(pv,tgw,mv)	3	679749	93.9041
verzet N(soort,ev,basis,onz,stan)	3	679752	93.9045
verzameling N(soort,ev,basis,zijd,stan)	3	679755	93.9049
verwarren WW(od,vrij,zonder)	3	679758	93.9053
verwachting N(soort,ev,basis,zijd,stan)	3	679761	93.9057
vervroegen WW(vd,vrij,zonder)	3	679764	93.9061
verven WW(inf,nom,zonder,zonder-n)	3	679767	93.9066
vervelen WW(pv,tgw,met-t)	3	679770	93.907
vertrouwen WW(inf,vrij,zonder)	3	679773	93.9074
vertrouwd ADJ(prenom,basis,met-e,stan)	3	679776	93.9078
vertier N(soort,ev,basis,onz,stan)	3	679779	93.9082
vertellen WW(pv,tgw,met-t)	3	679782	93.9086
verstoring N(soort,ev,basis,zijd,stan)	3	679785	93.909
verstoppen WW(vd,vrij,zonder)	3	679788	93.9095
verstoppen WW(inf,vrij,zonder)	3	679791	93.9099
verslaven WW(vd,vrij,zonder)	3	679794	93.9103
versieren WW(inf,vrij,zonder)	3	679797	93.9107
versie N(soort,mv,basis)	3	679800	93.9111
verschieten WW(pv,tgw,ev)	3	679803	93.9115
verrassing N(soort,mv,basis)	3	679806	93.9119
verrassen WW(vd,vrij,zonder)	3	679809	93.9124
verrassen WW(pv,tgw,ev)	3	679812	93.9128
verplichting N(soort,mv,basis)	3	679815	93.9132
verpesten WW(pv,tgw,met-t)	3	679818	93.9136
veronica N(soort,ev,basis,zijd,stan)	3	679821	93.914
vermoorden WW(vd,vrij,zonder)	3	679824	93.9144
vermoeien WW(od,prenom,met-e)	3	679827	93.9148
vermoeden WW(inf,vrij,zonder)	3	679830	93.9153
vermoeden N(soort,ev,basis,onz,stan)	3	679833	93.9157
vermelden WW(vd,vrij,zonder)	3	679836	93.9161
verlopen WW(pv,verl,ev)	3	679839	93.9165
verliezen WW(vd,prenom,zonder)	3	679842	93.9169
verliezen WW(pv,tgw,ev)	3	679845	93.9173
verleidelijk ADJ(vrij,basis,zonder)	3	679848	93.9177
verlanglijst N(soort,ev,basis,zijd,stan)	3	679851	93.9182
verkoper N(soort,ev,basis,zijd,stan)	3	679854	93.9186
verkopen WW(pv,tgw,met-t)	3	679857	93.919
verklaring N(soort,ev,basis,zijd,stan)	3	679860	93.9194
verkennen WW(inf,vrij,zonder)	3	679863	93.9198
verkennen WW(inf,nom,zonder,zonder-n)	3	679866	93.9202
verjaardagscadeau N(soort,ev,dim,onz,stan)	3	679869	93.9206
verjaardagsbier N(soort,ev,dim,onz,stan)	3	679872	93.9211
verhuisdoos N(soort,mv,basis)	3	679875	93.9215
verhelpen WW(vd,vrij,zonder)	3	679878	93.9219
vergissen WW(pv,tgw,met-t)	3	679881	93.9223
vergissen WW(pv,tgw,ev)	3	679884	93.9227
vergelijken WW(inf,vrij,zonder)	3	679887	93.9231
vergelijkbaar ADJ(vrij,basis,zonder)	3	679890	93.9235
verf N(soort,ev,basis,zijd,stan)	3	679893	93.924
verdwijning N(soort,ev,basis,zijd,stan)	3	679896	93.9244
verdwalen WW(vd,vrij,zonder)	3	679899	93.9248
verdrinken WW(inf,vrij,zonder)	3	679902	93.9252
verdomme N(soort,ev,basis,onz,stan)	3	679905	93.9256
verdikkeme N(soort,ev,basis,onz,stan)	3	679908	93.926
verdiep N(soort,ev,basis,onz,stan)	3	679911	93.9264
verdienen WW(pv,tgw,mv)	3	679914	93.9269
verderop BW()	3	679917	93.9273
verdacht ADJ(vrij,basis,zonder)	3	679920	93.9277
verblijf N(soort,ev,basis,onz,stan)	3	679923	93.9281
verbieden WW(vd,vrij,zonder)	3	679926	93.9285
verbetering N(soort,ev,basis,zijd,stan)	3	679929	93.9289
verband N(soort,ev,basis,onz,stan)	3	679932	93.9293
verantwoord ADJ(vrij,basis,zonder)	3	679935	93.9298
vensterbank N(soort,ev,basis,zijd,stan)	3	679938	93.9302
ven WW(pv,tgw,ev)	3	679941	93.9306
vellen WW(vd,vrij,zonder)	3	679944	93.931
veiling N(soort,ev,basis,zijd,stan)	3	679947	93.9314
veiligheid N(soort,ev,basis,zijd,stan)	3	679950	93.9318
veilig ADJ(prenom,basis,met-e,stan)	3	679953	93.9322
vegetarisch ADJ(vrij,basis,zonder)	3	679956	93.9327
vastleggen WW(inf,vrij,zonder)	3	679959	93.9331
vasthouden WW(inf,vrij,zonder)	3	679962	93.9335
varkenshaas N(soort,ev,basis,zijd,stan)	3	679965	93.9339
variant N(soort,ev,basis,zijd,stan)	3	679968	93.9343
vandoor BW()	3	679971	93.9347
vanavn WW(od,prenom,zonder)	3	679974	93.9351
vanaaf WW(pv,verl,ev)	3	679977	93.9356
vals ADJ(prenom,basis,met-e,stan)	3	679980	93.936
valies N(soort,ev,dim,onz,stan)	3	679983	93.9364
valentijn N(soort,ev,basis,zijd,stan)	3	679986	93.9368
vakantiegeld N(soort,ev,basis,onz,stan)	3	679989	93.9372
vagina N(soort,ev,basis,zijd,stan)	3	679992	93.9376
vaatwasser N(soort,ev,basis,zijd,stan)	3	679995	93.9381
vaatwas N(soort,ev,basis,zijd,stan)	3	679998	93.9385
utca SPEC(vreemd)	3	680001	93.9389
using SPEC(vreemd)	3	680004	93.9393
url N(soort,ev,basis,zijd,stan)	3	680007	93.9397
urgent ADJ(vrij,basis,zonder)	3	680010	93.9401
updaten WW(inf,vrij,zonder)	3	680013	93.9405
unief N(soort,ev,basis,zijd,stan)	3	680016	93.941
uni SPEC(vreemd)	3	680019	93.9414
une SPEC(vreemd)	3	680022	93.9418
understand SPEC(vreemd)	3	680025	93.9422
uk ADJ(vrij,basis,zonder)	3	680028	93.9426
uj N(soort,ev,basis,zijd,stan)	3	680031	93.943
uitzoeken WW(vd,vrij,zonder)	3	680034	93.9434
uitzetten WW(vd,vrij,zonder)	3	680037	93.9439
uitzending N(soort,ev,basis,zijd,stan)	3	680040	93.9443
uitzenden WW(vd,vrij,zonder)	3	680043	93.9447
uitsteken WW(inf,vrij,zonder)	3	680046	93.9451
uitspraak N(soort,ev,basis,zijd,stan)	3	680049	93.9455
uitspelen WW(vd,vrij,zonder)	3	680052	93.9459
uitputten WW(vd,vrij,zonder)	3	680055	93.9463
uitpakken WW(inf,vrij,zonder)	3	680058	93.9468
uitlopen WW(inf,vrij,zonder)	3	680061	93.9472
uitloop N(soort,ev,basis,zijd,stan)	3	680064	93.9476
uitlezen WW(vd,vrij,zonder)	3	680067	93.948
uitkiezen WW(vd,vrij,zonder)	3	680070	93.9484
uithalen WW(inf,vrij,zonder)	3	680073	93.9488
uitgaan WW(pv,tgw,mv)	3	680076	93.9492
uiterlijk N(soort,ev,basis,onz,stan)	3	680079	93.9497
uitdrinken WW(inf,vrij,zonder)	3	680082	93.9501
tÃ© BW()	3	680085	93.9505
tÃ¨ BW()	3	680088	93.9509
tzit N(soort,ev,basis,zijd,stan)	3	680091	93.9513
tzem SPEC(vreemd)	3	680094	93.9517
tze ADJ(prenom,basis,met-e,stan)	3	680097	93.9521
tzal SPEC(vreemd)	3	680100	93.9526
typen WW(pv,tgw,met-t)	3	680103	93.953
typen WW(inf,nom,zonder,zonder-n)	3	680106	93.9534
twijfelen WW(inf,nom,zonder,zonder-n)	3	680109	93.9538
twerk N(soort,ev,basis,onz,stan)	3	680112	93.9542
tweeen N(soort,mv,basis)	3	680115	93.9546
twee TW(hoofd,nom,zonder-n,basis)	3	680118	93.955
twas ADJ(prenom,basis,zonder)	3	680121	93.9555
twaalf TW(hoofd,prenom,stan)	3	680124	93.9559
tva N(soort,ev,basis,zijd,stan)	3	680127	93.9563
tut N(soort,ev,basis,zijd,stan)	3	680130	93.9567
tussenuit BW()	3	680133	93.9571
turns SPEC(vreemd)	3	680136	93.9575
turnen WW(inf,nom,zonder,zonder-n)	3	680139	93.9579
turen WW(pv,tgw,ev)	3	680142	93.9584
tuincentrum N(soort,ev,basis,onz,stan)	3	680145	93.9588
tuesday SPEC(vreemd)	3	680148	93.9592
tt WW(pv,tgw,met-t)	3	680151	93.9596
tsss N(soort,mv,basis)	3	680154	93.96
tsk N(soort,ev,basis,zijd,stan)	3	680157	93.9604
tsja N(soort,ev,basis,zijd,stan)	3	680160	93.9608
truste ADJ(prenom,sup,met-e,stan)	3	680163	93.9613
trouwfeest N(soort,ev,basis,onz,stan)	3	680166	93.9617
trommelvlies N(soort,ev,basis,onz,stan)	3	680169	93.9621
trio N(soort,ev,basis,onz,stan)	3	680172	93.9625
trekken WW(pv,tgw,mv)	3	680175	93.9629
treinstel N(soort,ev,basis,onz,stan)	3	680178	93.9633
trein N(soort,ev,dim,onz,stan)	3	680181	93.9637
treden WW(inf,vrij,zonder)	3	680184	93.9642
trappelen WW(inf,vrij,zonder)	3	680187	93.9646
trap N(soort,mv,basis)	3	680190	93.965
transport N(soort,ev,basis,onz,stan)	3	680193	93.9654
tralalala N(soort,ev,basis,zijd,stan)	3	680196	93.9658
training N(soort,mv,basis)	3	680199	93.9662
tout SPEC(vreemd)	3	680202	93.9666
totdat VG(onder)	3	680205	93.9671
toren N(soort,ev,basis,zijd,stan)	3	680208	93.9675
topfit ADJ(vrij,basis,zonder)	3	680211	93.9679
tony N(soort,ev,basis,zijd,stan)	3	680214	93.9683
tons BW()	3	680217	93.9687
tong N(soort,ev,basis,zijd,stan)	3	680220	93.9691
tonen WW(pv,tgw,met-t)	3	680223	93.9695
toneel N(soort,ev,basis,onz,stan)	3	680226	93.97
toekomen WW(pv,tgw,met-t)	3	680229	93.9704
toekomen WW(inf,vrij,zonder)	3	680232	93.9708
toegeven WW(inf,vrij,zonder)	3	680235	93.9712
tis BW()	3	680238	93.9716
tilburg SPEC(symb)	3	680241	93.972
tijger N(soort,mv,basis)	3	680244	93.9724
tijdverlies N(soort,ev,basis,onz,stan)	3	680247	93.9729
tijdsverschil N(soort,ev,basis,onz,stan)	3	680250	93.9733
tiens SPEC(vreemd)	3	680253	93.9737
tien N(soort,ev,dim,onz,stan)	3	680256	93.9741
tie VNW(aanw,pron,stan,vol,3,getal)	3	680259	93.9745
thuiskomen WW(inf,vrij,zonder)	3	680262	93.9749
thuisblijven WW(inf,vrij,zonder)	3	680265	93.9753
thuis N(soort,ev,basis,onz,stan)	3	680268	93.9758
though SPEC(deeleigen)	3	680271	93.9762
though N(soort,ev,basis,zijd,stan)	3	680274	93.9766
thomas N(soort,ev,basis,zijd,stan)	3	680277	93.977
these SPEC(vreemd)	3	680280	93.9774
thekla N(soort,ev,basis,zijd,stan)	3	680283	93.9778
the SPEC(deeleigen)	3	680286	93.9783
thanks N(soort,ev,basis,zijd,stan)	3	680289	93.9787
thank SPEC(vreemd)	3	680292	93.9791
thalys N(soort,mv,basis)	3	680295	93.9795
thais ADJ(vrij,basis,zonder)	3	680298	93.9799
tga N(soort,ev,basis,zijd,stan)	3	680301	93.9803
testen WW(pv,tgw,ev)	3	680304	93.9807
terugvinden WW(vd,vrij,zonder)	3	680307	93.9812
terugsturen WW(inf,vrij,zonder)	3	680310	93.9816
terugkrijgen WW(vd,vrij,zonder)	3	680313	93.982
terugkomen WW(vd,vrij,zonder)	3	680316	93.9824
terugkomen WW(pv,tgw,met-t)	3	680319	93.9828
terugkijken WW(inf,vrij,zonder)	3	680322	93.9832
teruggeven WW(inf,vrij,zonder)	3	680325	93.9836
term N(soort,mv,basis)	3	680328	93.9841
term N(soort,ev,basis,zijd,stan)	3	680331	93.9845
tentoonstelling N(soort,ev,basis,zijd,stan)	3	680334	93.9849
tentakel N(soort,mv,basis)	3	680337	93.9853
tellen WW(pv,tgw,met-t)	3	680340	93.9857
televisie N(soort,ev,basis,zijd,stan)	3	680343	93.9861
telefoonboek N(soort,ev,basis,onz,stan)	3	680346	93.9865
telefoon N(soort,mv,dim)	3	680349	93.987
teen N(soort,mv,basis)	3	680352	93.9874
technisch ADJ(prenom,basis,zonder)	3	680355	93.9878
teamgenoot N(soort,ev,basis,zijd,stan)	3	680358	93.9882
tea SPEC(vreemd)	3	680361	93.9886
te VZ(fin)	3	680364	93.989
td N(soort,ev,basis,zijd,stan)	3	680367	93.9894
tappen WW(inf,vrij,zonder)	3	680370	93.9899
tante N(soort,mv,basis)	3	680373	93.9903
tanken WW(vd,vrij,zonder)	3	680376	93.9907
table SPEC(vreemd)	3	680379	93.9911
tab N(soort,ev,basis,zijd,stan)	3	680382	93.9915
taal N(soort,ev,basis,zijd,stan)	3	680385	93.9919
taak N(soort,mv,basis)	3	680388	93.9923
sziget SPEC(vreemd)	3	680391	93.9928
sziget N(soort,ev,basis,onz,stan)	3	680394	93.9932
symfonie N(soort,ev,basis,zijd,stan)	3	680397	93.9936
swype N(soort,ev,basis,onz,stan)	3	680400	93.994
sweetie N(soort,ev,basis,zijd,stan)	3	680403	93.9944
surinaams ADJ(prenom,basis,zonder)	3	680406	93.9948
surfen WW(pv,tgw,ev)	3	680409	93.9952
superleuk N(soort,ev,basis,zijd,stan)	3	680412	93.9957
supergoe N(soort,ev,basis,zijd,stan)	3	680415	93.9961
superdruk N(soort,ev,basis,zijd,stan)	3	680418	93.9965
superdruk ADJ(vrij,basis,zonder)	3	680421	93.9969
superdikke ADJ(prenom,basis,met-e,stan)	3	680424	93.9973
superblij ADJ(vrij,basis,zonder)	3	680427	93.9977
superbedanken WW(pv,tgw,met-t)	3	680430	93.9981
sunblock N(soort,ev,basis,zijd,stan)	3	680433	93.9986
sultan N(soort,ev,basis,zijd,stan)	3	680436	93.999
sukkelaar N(soort,ev,basis,zijd,stan)	3	680439	93.9994
sukkel N(soort,ev,basis,zijd,stan)	3	680442	93.9998
suis SPEC(vreemd)	3	680445	94.0002
suggestie N(soort,ev,basis,zijd,stan)	3	680448	94.0006
sugar SPEC(vreemd)	3	680451	94.001
suck SPEC(vreemd)	3	680454	94.0015
such SPEC(vreemd)	3	680457	94.0019
subtiel ADJ(vrij,basis,zonder)	3	680460	94.0023
stuwmeer N(soort,ev,basis,onz,stan)	3	680463	94.0027
study SPEC(vreemd)	3	680466	94.0031
structuurcievergadering N(soort,ev,basis,zijd,stan)	3	680469	94.0035
structuurcie N(soort,ev,basis,zijd,stan)	3	680472	94.0039
strip N(soort,ev,basis,zijd,stan)	3	680475	94.0044
strijken WW(vd,vrij,zonder)	3	680478	94.0048
strijk N(soort,ev,basis,zijd,stan)	3	680481	94.0052
streep N(soort,mv,dim)	3	680484	94.0056
streep N(soort,ev,dim,onz,stan)	3	680487	94.006
strand N(soort,mv,basis)	3	680490	94.0064
stralend ADJ(prenom,basis,zonder)	3	680493	94.0068
stralen WW(od,prenom,met-e)	3	680496	94.0073
strakkies N(soort,mv,basis)	3	680499	94.0077
stout ADJ(prenom,basis,met-e,stan)	3	680502	94.0081
storten WW(pv,tgw,ev)	3	680505	94.0085
storen WW(pv,tgw,ev)	3	680508	94.0089
stofzuigen WW(inf,nom,zonder,zonder-n)	3	680511	94.0093
stilzitten WW(inf,vrij,zonder)	3	680514	94.0097
stilstaan WW(vd,vrij,zonder)	3	680517	94.0102
stil ADJ(vrij,comp,zonder)	3	680520	94.0106
stift N(soort,mv,basis)	3	680523	94.011
stevig ADJ(prenom,basis,zonder)	3	680526	94.0114
steve ADJ(prenom,basis,met-e,stan)	3	680529	94.0118
sterven WW(vd,vrij,zonder)	3	680532	94.0122
sterven WW(inf,vrij,zonder)	3	680535	94.0126
ster N(soort,mv,basis)	3	680538	94.0131
stephen N(soort,mv,basis)	3	680541	94.0135
stekker N(soort,mv,basis)	3	680544	94.0139
stekker N(soort,ev,basis,zijd,stan)	3	680547	94.0143
steken WW(pv,tgw,met-t)	3	680550	94.0147
stek N(soort,ev,basis,zijd,stan)	3	680553	94.0151
steil ADJ(vrij,basis,zonder)	3	680556	94.0155
stege N(soort,ev,basis,dat)	3	680559	94.016
stefan N(soort,ev,basis,zijd,stan)	3	680562	94.0164
stef N(soort,ev,basis,zijd,stan)	3	680565	94.0168
steenweg N(soort,ev,basis,zijd,stan)	3	680568	94.0172
statistiek N(soort,mv,basis)	3	680571	94.0176
stationshal N(soort,ev,basis,zijd,stan)	3	680574	94.018
starting SPEC(vreemd)	3	680577	94.0185
starten WW(vd,vrij,zonder)	3	680580	94.0189
started SPEC(vreemd)	3	680583	94.0193
staren WW(inf,vrij,zonder)	3	680586	94.0197
stapelgek ADJ(vrij,basis,zonder)	3	680589	94.0201
standbeeld N(soort,ev,basis,onz,stan)	3	680592	94.0205
standard SPEC(vreemd)	3	680595	94.0209
stand-up SPEC(vreemd)	3	680598	94.0214
stan SPEC(vreemd)	3	680601	94.0218
stalken WW(inf,vrij,zonder)	3	680604	94.0222
staking N(soort,ev,basis,zijd,stan)	3	680607	94.0226
stagedag N(soort,ev,basis,zijd,stan)	3	680610	94.023
stadion N(soort,ev,basis,onz,stan)	3	680613	94.0234
staal N(soort,mv,basis)	3	680616	94.0238
st N(soort,ev,basis,onz,stan)	3	680619	94.0243
sri SPEC(vreemd)	3	680622	94.0247
squashen WW(vd,vrij,zonder)	3	680625	94.0251
springen WW(pv,tgw,mv)	3	680628	94.0255
spreeks N(soort,ev,basis,zijd,stan)	3	680631	94.0259
spot N(soort,ev,basis,zijd,stan)	3	680634	94.0263
sportpark N(soort,ev,basis,onz,stan)	3	680637	94.0267
sportkaart WW(pv,tgw,met-t)	3	680640	94.0272
sportbroek N(soort,ev,dim,onz,stan)	3	680643	94.0276
spijker N(soort,ev,basis,zijd,stan)	3	680646	94.028
speurtocht N(soort,ev,basis,zijd,stan)	3	680649	94.0284
spetteren WW(od,vrij,zonder)	3	680652	94.0288
spelling N(soort,ev,basis,zijd,stan)	3	680655	94.0292
spelfout N(soort,ev,basis,zijd,stan)	3	680658	94.0296
speler N(soort,ev,basis,zijd,stan)	3	680661	94.0301
spelen WW(pv,verl,ev)	3	680664	94.0305
speelplaats N(soort,ev,basis,zijd,stan)	3	680667	94.0309
speelgoed N(soort,ev,basis,onz,stan)	3	680670	94.0313
speech N(soort,ev,basis,zijd,stan)	3	680673	94.0317
spectaculair ADJ(vrij,basis,zonder)	3	680676	94.0321
specifiek ADJ(vrij,basis,zonder)	3	680679	94.0325
spater N(soort,ev,basis,zijd,stan)	3	680682	94.033
spass SPEC(vreemd)	3	680685	94.0334
spandoek N(soort,ev,basis,onz,stan)	3	680688	94.0338
spaans N(soort,mv,basis)	3	680691	94.0342
spaans ADJ(vrij,basis,zonder)	3	680694	94.0346
sow N(soort,ev,basis,onz,stan)	3	680697	94.035
souvenir N(soort,ev,basis,onz,stan)	3	680700	94.0354
soort N(soort,ev,basis,zijd,stan)	3	680703	94.0359
songfestival N(soort,ev,basis,onz,stan)	3	680706	94.0363
sometime SPEC(vreemd)	3	680709	94.0367
someone SPEC(vreemd)	3	680712	94.0371
soll N(soort,ev,basis,zijd,stan)	3	680715	94.0375
solderen WW(inf,vrij,zonder)	3	680718	94.0379
solar N(soort,ev,basis,zijd,stan)	3	680721	94.0383
sol N(soort,ev,basis,zijd,stan)	3	680724	94.0388
soft SPEC(vreemd)	3	680727	94.0392
soep N(soort,ev,dim,onz,stan)	3	680730	94.0396
society SPEC(vreemd)	3	680733	94.04
soap N(soort,ev,basis,zijd,stan)	3	680736	94.0404
snurken WW(inf,vrij,zonder)	3	680739	94.0408
snorry SPEC(vreemd)	3	680742	94.0412
snikheet ADJ(vrij,basis,zonder)	3	680745	94.0417
snijden WW(inf,vrij,zonder)	3	680748	94.0421
sneu ADJ(vrij,basis,zonder)	3	680751	94.0425
sneeuwstorm N(soort,ev,basis,zijd,stan)	3	680754	94.0429
sneeuwen WW(inf,vrij,zonder)	3	680757	94.0433
sneakers N(soort,mv,basis)	3	680760	94.0437
smullie N(soort,ev,basis,zijd,stan)	3	680763	94.0441
smst WW(vd,vrij,zonder)	3	680766	94.0446
sms-en WW(inf,vrij,zonder)	3	680769	94.045
smoes N(soort,ev,basis,zijd,stan)	3	680772	94.0454
smeren WW(pv,tgw,ev)	3	680775	94.0458
smakelijk ADJ(prenom,basis,zonder)	3	680778	94.0462
sloom ADJ(vrij,basis,zonder)	3	680781	94.0466
sleutelhanger N(soort,ev,basis,zijd,stan)	3	680784	94.047
sleutelbos N(soort,ev,basis,zijd,stan)	3	680787	94.0475
slet N(soort,ev,basis,zijd,stan)	3	680790	94.0479
slaapwel N(soort,ev,basis,onz,stan)	3	680793	94.0483
slaapkus N(soort,ev,dim,onz,stan)	3	680796	94.0487
slaapje N(soort,ev,dim,onz,stan)	3	680799	94.0491
slaan WW(vd,vrij,zonder)	3	680802	94.0495
slaan WW(pv,verl,ev)	3	680805	94.0499
skype SPEC(vreemd)	3	680808	94.0504
skagerrak N(soort,ev,basis,zijd,stan)	3	680811	94.0508
sjouwen WW(vd,vrij,zonder)	3	680814	94.0512
sjaal N(soort,ev,basis,zijd,stan)	3	680817	94.0516
sister SPEC(vreemd)	3	680820	94.052
sip ADJ(vrij,basis,zonder)	3	680823	94.0524
singstar N(soort,ev,basis,zijd,stan)	3	680826	94.0528
sinaasappel N(soort,ev,basis,zijd,stan)	3	680829	94.0533
sigaret N(soort,ev,dim,onz,stan)	3	680832	94.0537
sierra SPEC(vreemd)	3	680835	94.0541
shuttle N(soort,ev,basis,zijd,stan)	3	680838	94.0545
shot N(soort,ev,basis,onz,stan)	3	680841	94.0549
short SPEC(vreemd)	3	680844	94.0553
shoestring N(soort,ev,basis,zijd,stan)	3	680847	94.0557
shmoezel N(soort,mv,basis)	3	680850	94.0562
shithole N(soort,ev,basis,zijd,stan)	3	680853	94.0566
shirt N(soort,ev,dim,onz,stan)	3	680856	94.057
shine SPEC(vreemd)	3	680859	94.0574
sharp N(soort,ev,basis,zijd,stan)	3	680862	94.0578
share SPEC(vreemd)	3	680865	94.0582
shall SPEC(vreemd)	3	680868	94.0587
servies N(soort,ev,basis,onz,stan)	3	680871	94.0591
serie N(soort,ev,basis,zijd,stan)	3	680874	94.0595
sent SPEC(vreemd)	3	680877	94.0599
sehen SPEC(vreemd)	3	680880	94.0603
second N(soort,ev,dim,onz,stan)	3	680883	94.0607
sebiets N(soort,mv,basis)	3	680886	94.0611
sebas N(soort,ev,basis,zijd,stan)	3	680889	94.0616
seba N(soort,ev,basis,zijd,stan)	3	680892	94.062
seat SPEC(vreemd)	3	680895	94.0624
scrabble N(soort,ev,basis,onz,stan)	3	680898	94.0628
schuren WW(inf,vrij,zonder)	3	680901	94.0632
schuldig ADJ(vrij,basis,zonder)	3	680904	94.0636
schuimparty N(soort,ev,basis,zijd,stan)	3	680907	94.064
schrikken WW(vd,vrij,zonder)	3	680910	94.0645
schrikken WW(pv,tgw,ev)	3	680913	94.0649
schrijven WW(pv,verl,ev)	3	680916	94.0653
schreeuwen WW(od,prenom,met-e)	3	680919	94.0657
schouder N(soort,mv,basis)	3	680922	94.0661
schot N(soort,ev,basis,onz,stan)	3	680925	94.0665
schorpioen N(soort,ev,basis,zijd,stan)	3	680928	94.0669
schoonzus N(soort,ev,basis,zijd,stan)	3	680931	94.0674
schooldag N(soort,ev,basis,zijd,stan)	3	680934	94.0678
schieten WW(pv,verl,mv)	3	680937	94.0682
scheur N(soort,ev,dim,onz,stan)	3	680940	94.0686
scheren WW(vd,vrij,zonder)	3	680943	94.069
schelen WW(inf,vrij,zonder)	3	680946	94.0694
scheetie SPEC(vreemd)	3	680949	94.0698
scheef ADJ(vrij,basis,zonder)	3	680952	94.0703
schattig ADJ(prenom,basis,met-e,stan)	3	680955	94.0707
schattie SPEC(vreemd)	3	680958	94.0711
schaatsen WW(vd,vrij,zonder)	3	680961	94.0715
schaamhaar N(soort,ev,basis,onz,stan)	3	680964	94.0719
saus N(soort,ev,basis,zijd,stan)	3	680967	94.0723
sarah N(soort,ev,basis,zijd,stan)	3	680970	94.0727
sarah ADJ(vrij,basis,zonder)	3	680973	94.0732
sap N(soort,ev,basis,onz,stan)	3	680976	94.0736
sangria N(soort,mv,basis)	3	680979	94.074
sandra N(soort,mv,basis)	3	680982	94.0744
sander N(soort,ev,basis,zijd,stan)	3	680985	94.0748
samsung N(soort,ev,basis,zijd,stan)	3	680988	94.0752
sam N(soort,ev,basis,onz,stan)	3	680991	94.0756
salsa N(soort,ev,basis,zijd,stan)	3	680994	94.0761
sachempak N(soort,mv,dim)	3	680997	94.0765
sabbel N(soort,ev,dim,onz,stan)	3	681000	94.0769
rutuja SPEC(vreemd)	3	681003	94.0773
rutger N(soort,ev,basis,zijd,stan)	3	681006	94.0777
rum N(soort,ev,basis,zijd,stan)	3	681009	94.0781
rugpijn N(soort,ev,basis,zijd,stan)	3	681012	94.0785
rube N(soort,mv,basis)	3	681015	94.079
ru N(soort,ev,basis,zijd,stan)	3	681018	94.0794
royale WW(pv,verl,ev)	3	681021	94.0798
router SPEC(vreemd)	3	681024	94.0802
rotdag N(soort,ev,basis,zijd,stan)	3	681027	94.0806
rossen WW(pv,tgw,ev)	3	681030	94.081
room N(soort,ev,basis,zijd,stan)	3	681033	94.0814
ronselen WW(inf,vrij,zonder)	3	681036	94.0819
rondkijken WW(inf,vrij,zonder)	3	681039	94.0823
rondcrossen WW(inf,vrij,zonder)	3	681042	94.0827
romantisch ADJ(prenom,basis,met-e,stan)	3	681045	94.0831
roken WW(vd,prenom,met-e)	3	681048	94.0835
roen ADJ(prenom,basis,zonder)	3	681051	94.0839
robin ADJ(vrij,basis,zonder)	3	681054	94.0843
robbert N(soort,ev,basis,onz,stan)	3	681057	94.0848
rob N(soort,ev,basis,zijd,stan)	3	681060	94.0852
road N(soort,ev,basis,zijd,stan)	3	681063	94.0856
rn N(soort,mv,basis)	3	681066	94.086
rit N(soort,ev,dim,onz,stan)	3	681069	94.0864
risotto N(soort,ev,basis,zijd,stan)	3	681072	94.0868
rikh SPEC(vreemd)	3	681075	94.0872
rik N(soort,ev,basis,zijd,stan)	3	681078	94.0877
rijst N(soort,ev,basis,zijd,stan)	3	681081	94.0881
rijles N(soort,ev,basis,zijd,stan)	3	681084	94.0885
rijk ADJ(vrij,basis,zonder)	3	681087	94.0889
rijden WW(inf,nom,zonder,zonder-n)	3	681090	94.0893
rij N(soort,ev,dim,onz,stan)	3	681093	94.0897
richten WW(inf,vrij,zonder)	3	681096	94.0901
richard WW(vd,vrij,zonder)	3	681099	94.0906
ricardo N(soort,ev,basis,zijd,stan)	3	681102	94.091
retour N(soort,ev,dim,onz,stan)	3	681105	94.0914
retard N(soort,ev,basis,zijd,stan)	3	681108	94.0918
resteren WW(od,prenom,met-e)	3	681111	94.0922
rest N(soort,mv,dim)	3	681114	94.0926
rest N(soort,ev,dim,onz,stan)	3	681117	94.093
reservesleutel N(soort,mv,basis)	3	681120	94.0935
reserve N(soort,ev,basis,zijd,stan)	3	681123	94.0939
reservatie N(soort,ev,basis,zijd,stan)	3	681126	94.0943
rescue SPEC(vreemd)	3	681129	94.0947
repareren WW(vd,vrij,zonder)	3	681132	94.0951
reparatie N(soort,ev,basis,zijd,stan)	3	681135	94.0955
rennen WW(pv,tgw,ev)	3	681138	94.096
ren N(soort,ev,basis,zijd,stan)	3	681141	94.0964
reminder N(soort,ev,basis,zijd,stan)	3	681144	94.0968
remind WW(pv,tgw,ev)	3	681147	94.0972
relaxed ADJ(prenom,comp,zonder)	3	681150	94.0976
rekeningnr N(soort,ev,basis,zijd,stan)	3	681153	94.098
rek N(soort,ev,basis,zijd,stan)	3	681156	94.0984
reggae N(soort,ev,basis,zijd,stan)	3	681159	94.0989
regenjas N(soort,ev,basis,zijd,stan)	3	681162	94.0993
redden WW(pv,tgw,met-t)	3	681165	94.0997
recordpoging N(soort,ev,basis,zijd,stan)	3	681168	94.1001
rechtsachter N(soort,ev,basis,zijd,stan)	3	681171	94.1005
rechter N(soort,ev,basis,zijd,stan)	3	681174	94.1009
realiseren WW(pv,verl,ev)	3	681177	94.1013
realiseren WW(pv,tgw,ev)	3	681180	94.1018
razend ADJ(vrij,basis,zonder)	3	681183	94.1022
rauw ADJ(vrij,basis,zonder)	3	681186	94.1026
rather SPEC(vreemd)	3	681189	94.103
rat N(soort,ev,basis,zijd,stan)	3	681192	94.1034
rantanplan N(soort,ev,basis,onz,stan)	3	681195	94.1038
ramp N(soort,ev,basis,zijd,stan)	3	681198	94.1042
raarrr ADJ(vrij,comp,zonder)	3	681201	94.1047
raadsel N(soort,ev,basis,onz,stan)	3	681204	94.1051
quite N(soort,ev,basis,zijd,stan)	3	681207	94.1055
quinten N(soort,mv,basis)	3	681210	94.1059
quiet SPEC(vreemd)	3	681213	94.1063
quick SPEC(vreemd)	3	681216	94.1067
quiche N(soort,ev,basis,zijd,stan)	3	681219	94.1071
pyjama N(soort,ev,basis,zijd,stan)	3	681222	94.1076
puur ADJ(vrij,basis,zonder)	3	681225	94.108
put SPEC(vreemd)	3	681228	94.1084
pussy SPEC(vreemd)	3	681231	94.1088
puck N(soort,ev,basis,zijd,stan)	3	681234	94.1092
pubkwisje N(soort,ev,dim,onz,stan)	3	681237	94.1096
pub SPEC(deeleigen)	3	681240	94.11
psychiater N(soort,ev,basis,zijd,stan)	3	681243	94.1105
proud SPEC(vreemd)	3	681246	94.1109
proposal SPEC(vreemd)	3	681249	94.1113
propedeuse N(soort,ev,basis,zijd,stan)	3	681252	94.1117
promo N(soort,ev,basis,zijd,stan)	3	681255	94.1121
project SPEC(vreemd)	3	681258	94.1125
prof N(soort,ev,basis,zijd,stan)	3	681261	94.1129
proefrit N(soort,ev,basis,zijd,stan)	3	681264	94.1134
prochaine SPEC(vreemd)	3	681267	94.1138
procedure N(soort,mv,basis)	3	681270	94.1142
prob N(soort,ev,basis,zijd,stan)	3	681273	94.1146
printerpapier N(soort,ev,basis,onz,stan)	3	681276	94.115
prik N(soort,ev,basis,zijd,stan)	3	681279	94.1154
presentatie N(soort,mv,basis)	3	681282	94.1158
premaman N(soort,ev,basis,zijd,stan)	3	681285	94.1163
practice SPEC(vreemd)	3	681288	94.1167
praat N(soort,mv,dim)	3	681291	94.1171
praat N(soort,ev,dim,onz,stan)	3	681294	94.1175
powernap SPEC(vreemd)	3	681297	94.1179
powernap N(soort,ev,basis,onz,stan)	3	681300	94.1183
potter N(soort,ev,basis,zijd,stan)	3	681303	94.1187
potkulcs SPEC(vreemd)	3	681306	94.1192
porto N(soort,ev,basis,zijd,stan)	3	681309	94.1196
portie N(soort,ev,basis,zijd,stan)	3	681312	94.12
porter N(soort,mv,basis)	3	681315	94.1204
port N(soort,ev,basis,zijd,stan)	3	681318	94.1208
por SPEC(vreemd)	3	681321	94.1212
pools ADJ(prenom,basis,met-e,stan)	3	681324	94.1216
pompoen N(soort,ev,basis,zijd,stan)	3	681327	94.1221
pomp N(soort,ev,basis,zijd,stan)	3	681330	94.1225
polÃ©polÃ© N(soort,ev,basis,onz,stan)	3	681333	94.1229
polsen WW(inf,vrij,zonder)	3	681336	94.1233
pols N(soort,ev,basis,zijd,stan)	3	681339	94.1237
polish SPEC(vreemd)	3	681342	94.1241
pokeren WW(inf,vrij,zonder)	3	681345	94.1245
poetsen WW(vd,vrij,zonder)	3	681348	94.125
poes N(soort,ev,dim,onz,stan)	3	681351	94.1254
poe ADJ(dial)	3	681354	94.1258
plein N(soort,ev,dim,onz,stan)	3	681357	94.1262
pleasant SPEC(vreemd)	3	681360	94.1266
play SPEC(vreemd)	3	681363	94.127
plannen WW(pv,tgw,ev)	3	681366	94.1274
plank N(soort,mv,basis)	3	681369	94.1279
plane SPEC(vreemd)	3	681372	94.1283
plan SPEC(vreemd)	3	681375	94.1287
plan N(soort,ev,dim,onz,stan)	3	681378	94.1291
plaat N(soort,ev,dim,onz,stan)	3	681381	94.1295
pizza N(soort,ev,dim,onz,stan)	3	681384	94.1299
pita N(soort,ev,basis,zijd,stan)	3	681387	94.1303
pindakaas N(soort,ev,basis,zijd,stan)	3	681390	94.1308
pilzen N(soort,mv,basis)	3	681393	94.1312
pilsen N(soort,ev,basis,onz,stan)	3	681396	94.1316
pils N(soort,mv,dim)	3	681399	94.132
pil N(soort,ev,dim,onz,stan)	3	681402	94.1324
pijp N(soort,ev,basis,zijd,stan)	3	681405	94.1328
pijnlijk ADJ(prenom,basis,met-e,stan)	3	681408	94.1332
pieter N(soort,ev,basis,onz,stan)	3	681411	94.1337
piepen WW(inf,vrij,zonder)	3	681414	94.1341
piep N(soort,ev,dim,onz,stan)	3	681417	94.1345
picture SPEC(vreemd)	3	681420	94.1349
pffft N(soort,ev,basis,onz,stan)	3	681423	94.1353
pffffft N(soort,ev,basis,onz,stan)	3	681426	94.1357
peux SPEC(vreemd)	3	681429	94.1362
peuk N(soort,mv,basis)	3	681432	94.1366
perspectief N(soort,ev,basis,onz,stan)	3	681435	94.137
personeelsdienst N(soort,ev,basis,zijd,stan)	3	681438	94.1374
personeel N(soort,ev,basis,onz,stan)	3	681441	94.1378
perse BW()	3	681444	94.1382
pers N(soort,ev,basis,zijd,stan)	3	681447	94.1386
perongeluk ADJ(vrij,basis,zonder)	3	681450	94.1391
periode N(soort,ev,basis,zijd,stan)	3	681453	94.1395
peer N(soort,ev,basis,zijd,stan)	3	681456	94.1399
peda N(soort,ev,basis,zijd,stan)	3	681459	94.1403
pdf N(soort,ev,basis,zijd,stan)	3	681462	94.1407
patat N(soort,mv,basis)	3	681465	94.1411
passen WW(vd,vrij,zonder)	3	681468	94.1415
pascal N(soort,ev,basis,zijd,stan)	3	681471	94.142
parttimedag N(soort,ev,basis,zijd,stan)	3	681474	94.1424
parkeergarage N(soort,ev,basis,zijd,stan)	3	681477	94.1428
paraplu N(soort,mv,basis)	3	681480	94.1432
parade N(soort,ev,basis,zijd,stan)	3	681483	94.1436
paper N(soort,mv,basis)	3	681486	94.144
panty N(soort,ev,basis,zijd,stan)	3	681489	94.1444
panne N(soort,ev,basis,zijd,stan)	3	681492	94.1449
panel N(soort,mv,basis)	3	681495	94.1453
pan N(soort,ev,basis,zijd,stan)	3	681498	94.1457
paleis N(soort,ev,basis,onz,stan)	3	681501	94.1461
pain SPEC(vreemd)	3	681504	94.1465
page SPEC(vreemd)	3	681507	94.1469
oww N(soort,ev,basis,zijd,stan)	3	681510	94.1473
owla N(soort,ev,basis,zijd,stan)	3	681513	94.1478
owkeej WW(pv,tgw,ev)	3	681516	94.1482
owkay N(soort,ev,basis,zijd,stan)	3	681519	94.1486
owk N(soort,ev,basis,zijd,stan)	3	681522	94.149
owk N(soort,ev,basis,onz,stan)	3	681525	94.1494
owjeej TSW(dial)	3	681528	94.1498
overwegen WW(inf,vrij,zonder)	3	681531	94.1502
oversteken WW(inf,vrij,zonder)	3	681534	94.1507
overleven WW(inf,vrij,zonder)	3	681537	94.1511
overhoop BW()	3	681540	94.1515
ovenschotel N(soort,ev,basis,zijd,stan)	3	681543	94.1519
others SPEC(vreemd)	3	681546	94.1523
orphÃ©e N(soort,ev,basis,zijd,stan)	3	681549	94.1527
origineel ADJ(vrij,basis,zonder)	3	681552	94.1531
origineel ADJ(prenom,basis,met-e,stan)	3	681555	94.1536
opzich ADJ(vrij,basis,zonder)	3	681558	94.154
opzeggen WW(vd,vrij,zonder)	3	681561	94.1544
opstijgen WW(inf,vrij,zonder)	3	681564	94.1548
opstaan WW(inf,nom,zonder,zonder-n)	3	681567	94.1552
oprit N(soort,ev,basis,zijd,stan)	3	681570	94.1556
oppas N(soort,ev,basis,zijd,stan)	3	681573	94.156
oppakken WW(vd,vrij,zonder)	3	681576	94.1565
opnemen WW(pv,verl,ev)	3	681579	94.1569
opmeten WW(vd,vrij,zonder)	3	681582	94.1573
opmaken WW(vd,vrij,zonder)	3	681585	94.1577
opkuisen WW(inf,vrij,zonder)	3	681588	94.1581
ophouden WW(inf,vrij,zonder)	3	681591	94.1585
ophangegen WW(vd,vrij,zonder)	3	681594	94.1589
opgave N(soort,ev,basis,zijd,stan)	3	681597	94.1594
openen WW(vd,vrij,zonder)	3	681600	94.1598
openen WW(pv,tgw,met-t)	3	681603	94.1602
open SPEC(vreemd)	3	681606	94.1606
opdrinken WW(inf,vrij,zonder)	3	681609	94.161
opbeuren WW(inf,vrij,zonder)	3	681612	94.1614
oostrozebeke ADJ(prenom,basis,met-e,stan)	3	681615	94.1618
oostakker N(soort,ev,basis,zijd,stan)	3	681618	94.1623
oordelen WW(inf,vrij,zonder)	3	681621	94.1627
oops N(soort,mv,basis)	3	681624	94.1631
oooo N(soort,ev,basis,zijd,stan)	3	681627	94.1635
oooh N(soort,ev,basis,zijd,stan)	3	681630	94.1639
ooh ADJ(vrij,basis,zonder)	3	681633	94.1643
onzeker ADJ(vrij,basis,zonder)	3	681636	94.1647
onwerkelijk ADJ(vrij,basis,zonder)	3	681639	94.1652
onweren WW(pv,tgw,met-t)	3	681642	94.1656
onverwacht ADJ(prenom,basis,met-e,stan)	3	681645	94.166
ontspanning N(soort,ev,basis,zijd,stan)	3	681648	94.1664
ontspannen WW(pv,tgw,ev)	3	681651	94.1668
onthouden WW(pv,tgw,ev)	3	681654	94.1672
onterecht ADJ(vrij,basis,zonder)	3	681657	94.1676
ontdekken WW(inf,vrij,zonder)	3	681660	94.1681
ontbijt ADJ(vrij,basis,zonder)	3	681663	94.1685
ons VNW(bez,det,dial)	3	681666	94.1689
onrust N(soort,ev,basis,zijd,stan)	3	681669	94.1693
online BW()	3	681672	94.1697
online ADJ(postnom,basis,zonder)	3	681675	94.1701
onduidelijk ADJ(prenom,basis,met-e,stan)	3	681678	94.1705
ondertiteling N(soort,ev,basis,zijd,stan)	3	681681	94.171
ondertitel N(soort,mv,basis)	3	681684	94.1714
ondersteboven BW()	3	681687	94.1718
onderhandelen WW(inf,vrij,zonder)	3	681690	94.1722
ondergoed N(soort,ev,basis,onz,stan)	3	681693	94.1726
onderdak N(soort,ev,basis,onz,stan)	3	681696	94.173
onderbroek N(soort,ev,basis,zijd,stan)	3	681699	94.1734
onbewust ADJ(vrij,basis,zonder)	3	681702	94.1739
onbeleefd ADJ(vrij,basis,zonder)	3	681705	94.1743
omzeilen WW(vd,vrij,zonder)	3	681708	94.1747
omleiden WW(vd,vrij,zonder)	3	681711	94.1751
omda VG(onder)	3	681714	94.1755
ombudsman N(soort,ev,basis,zijd,stan)	3	681717	94.1759
oma N(soort,ev,basis,gen)	3	681720	94.1764
oldenzaal N(soort,ev,basis,zijd,stan)	3	681723	94.1768
oktogon N(soort,ev,basis,onz,stan)	3	681726	94.1772
oker N(soort,ev,basis,onz,stan)	3	681729	94.1776
okel N(soort,ev,basis,zijd,stan)	3	681732	94.178
okee WW(pv,verl,ev)	3	681735	94.1784
ojaaa N(soort,ev,basis,zijd,stan)	3	681738	94.1788
oid WW(pv,verl,ev)	3	681741	94.1793
ohoh N(soort,ev,basis,onz,stan)	3	681744	94.1797
ohhh ADJ(prenom,basis,zonder)	3	681747	94.1801
ofzoiets N(soort,ev,basis,zijd,stan)	3	681750	94.1805
officieel ADJ(prenom,basis,met-e,stan)	3	681753	94.1809
oewist N(soort,ev,basis,zijd,stan)	3	681756	94.1813
oefening N(soort,mv,dim)	3	681759	94.1817
och BW()	3	681762	94.1822
obviously N(soort,ev,basis,zijd,stan)	3	681765	94.1826
oad.nl SPEC(symb)	3	681768	94.183
o. SPEC(afk)	3	681771	94.1834
nÃ©t BW()	3	681774	94.1838
nÃ¨t BW()	3	681777	94.1842
nyrstar N(soort,ev,basis,zijd,stan)	3	681780	94.1846
nw ADJ(prenom,basis,met-e,stan)	3	681783	94.1851
ns.nl SPEC(symb)	3	681786	94.1855
ns ADJ(vrij,basis,zonder)	3	681789	94.1859
normaalgezien WW(inf,vrij,zonder)	3	681792	94.1863
noordeinde N(soort,ev,basis,onz,stan)	3	681795	94.1867
nonstop N(soort,ev,basis,zijd,stan)	3	681798	94.1871
noi N(soort,ev,basis,zijd,stan)	3	681801	94.1875
noemen WW(pv,verl,ev)	3	681804	94.188
noemen WW(pv,tgw,mv)	3	681807	94.1884
nodigen WW(inf,vrij,zonder)	3	681810	94.1888
nl N(soort,ev,basis,onz,stan)	3	681813	94.1892
njummie N(soort,ev,basis,zijd,stan)	3	681816	94.1896
nimmeren WW(pv,tgw,ev)	3	681819	94.19
nijmegen WW(inf,vrij,zonder)	3	681822	94.1904
nijmeegs ADJ(nom,basis,met-e,zonder-n,stan)	3	681825	94.1909
nights SPEC(vreemd)	3	681828	94.1913
nieuwtje N(soort,mv,dim)	3	681831	94.1917
nieuwtje N(soort,ev,dim,onz,stan)	3	681834	94.1921
nieuwjaar N(soort,ev,basis,onz,stan)	3	681837	94.1925
nieuw ADJ(nom,basis,met-e,zonder-n,stan)	3	681840	94.1929
niemeer N(soort,ev,basis,zijd,stan)	3	681843	94.1933
niek BW()	3	681846	94.1938
nieje N(soort,ev,dim,onz,stan)	3	681849	94.1942
nicole N(soort,ev,basis,zijd,stan)	3	681852	94.1946
nicht N(soort,mv,dim)	3	681855	94.195
nicht N(soort,ev,basis,zijd,stan)	3	681858	94.1954
ng N(soort,ev,basis,onz,stan)	3	681861	94.1958
neurologisch ADJ(prenom,basis,met-e,stan)	3	681864	94.1962
nerden WW(inf,nom,zonder,zonder-n)	3	681867	94.1967
nepal SPEC(vreemd)	3	681870	94.1971
nepal N(soort,ev,basis,onz,stan)	3	681873	94.1975
nele N(soort,ev,basis,zijd,stan)	3	681876	94.1979
nekkanacht N(soort,ev,basis,zijd,stan)	3	681879	94.1983
negeren WW(inf,vrij,zonder)	3	681882	94.1987
neerzetten WW(inf,vrij,zonder)	3	681885	94.1991
neerleggen WW(vd,vrij,zonder)	3	681888	94.1996
nederlands ADJ(prenom,basis,met-e,stan)	3	681891	94.2
nathalie SPEC(vreemd)	3	681894	94.2004
nakijken WW(inf,nom,zonder,zonder-n)	3	681897	94.2008
naja N(soort,ev,basis,zijd,stan)	3	681900	94.2012
nadine N(soort,ev,basis,zijd,stan)	3	681903	94.2016
naderhand BW()	3	681906	94.202
nachtzoen N(soort,ev,basis,zijd,stan)	3	681909	94.2025
nachtwerk N(soort,ev,basis,onz,stan)	3	681912	94.2029
nachttrein N(soort,ev,basis,zijd,stan)	3	681915	94.2033
nachtkus N(soort,ev,dim,onz,stan)	3	681918	94.2037
nach SPEC(vreemd)	3	681921	94.2041
naborrel N(soort,ev,basis,zijd,stan)	3	681924	94.2045
naart WW(pv,tgw,met-t)	3	681927	94.2049
naald N(soort,ev,basis,zijd,stan)	3	681930	94.2054
na ADJ(vrij,comp,zonder)	3	681933	94.2058
mÃ³et N(soort,ev,basis,zijd,stan)	3	681936	94.2062
mÃ©Ã©r VNW(onbep,grad,stan,vrij,zonder,comp)	3	681939	94.2066
mÃ©t VZ(init)	3	681942	94.207
muzikaal ADJ(prenom,basis,met-e,stan)	3	681945	94.2074
muur N(soort,mv,basis)	3	681948	94.2078
muse N(soort,ev,basis,zijd,stan)	3	681951	94.2083
munt N(soort,mv,basis)	3	681954	94.2087
mundial N(soort,ev,basis,zijd,stan)	3	681957	94.2091
muf ADJ(vrij,basis,zonder)	3	681960	94.2095
muesli N(soort,ev,basis,zijd,stan)	3	681963	94.2099
mtv N(soort,ev,basis,zijd,stan)	3	681966	94.2103
mtc SPEC(vreemd)	3	681969	94.2107
mss BW()	3	681972	94.2112
mr. SPEC(afk)	3	681975	94.2116
mr ADJ(vrij,comp,zonder)	3	681978	94.212
mozza SPEC(vreemd)	3	681981	94.2124
mozarella N(soort,ev,basis,zijd,stan)	3	681984	94.2128
mouw N(soort,mv,basis)	3	681987	94.2132
motorfiets N(soort,ev,basis,zijd,stan)	3	681990	94.2136
mother SPEC(vreemd)	3	681993	94.2141
mosterd N(soort,ev,basis,zijd,stan)	3	681996	94.2145
morrison N(soort,mv,basis)	3	681999	94.2149
morgenvoormiddag BW()	3	682002	94.2153
morge ADJ(prenom,basis,met-e,stan)	3	682005	94.2157
mooiboy N(soort,ev,basis,zijd,stan)	3	682008	94.2161
mooi ADJ(prenom,comp,zonder)	3	682011	94.2166
monteur N(soort,ev,basis,zijd,stan)	3	682014	94.217
monster N(soort,mv,dim)	3	682017	94.2174
monne N(soort,ev,basis,zijd,stan)	3	682020	94.2178
monika SPEC(vreemd)	3	682023	94.2182
molen N(soort,ev,basis,zijd,stan)	3	682026	94.2186
mok N(soort,ev,basis,zijd,stan)	3	682029	94.219
moi SPEC(vreemd)	3	682032	94.2195
mogelyk N(soort,ev,basis,onz,stan)	3	682035	94.2199
moe WW(pv,tgw,ev)	3	682038	94.2203
mobile SPEC(vreemd)	3	682041	94.2207
mn WW(pv,tgw,mv)	3	682044	94.2211
mmmmm N(soort,ev,basis,onz,stan)	3	682047	94.2215
mmmm N(soort,ev,basis,onz,stan)	3	682050	94.2219
mm. SPEC(afk)	3	682053	94.2224
mits VG(onder)	3	682056	94.2228
mister SPEC(vreemd)	3	682059	94.2232
missen WW(pv,verl,mv)	3	682062	94.2236
misselijkheid N(soort,ev,basis,zijd,stan)	3	682065	94.224
missch ADJ(vrij,basis,zonder)	3	682068	94.2244
mislopen WW(inf,vrij,zonder)	3	682071	94.2248
mis N(soort,ev,basis,zijd,stan)	3	682074	94.2253
mins N(soort,mv,basis)	3	682077	94.2257
ministerie N(soort,ev,basis,onz,stan)	3	682080	94.2261
minimum N(soort,ev,basis,onz,stan)	3	682083	94.2265
minibar N(soort,ev,basis,zijd,stan)	3	682086	94.2269
mine N(soort,ev,basis,zijd,stan)	3	682089	94.2273
milo N(soort,ev,basis,zijd,stan)	3	682092	94.2277
miljard N(soort,ev,basis,onz,stan)	3	682095	94.2282
mikken WW(pv,tgw,ev)	3	682098	94.2286
mijn VZ(versm)	3	682101	94.229
migraine N(soort,ev,basis,zijd,stan)	3	682104	94.2294
miek ADJ(prenom,basis,met-e,stan)	3	682107	94.2298
michel N(soort,ev,basis,onz,stan)	3	682110	94.2302
michalak N(soort,ev,basis,zijd,stan)	3	682113	94.2306
michael N(soort,ev,basis,zijd,stan)	3	682116	94.2311
mevr N(soort,ev,basis,zijd,stan)	3	682119	94.2315
methode N(soort,mv,basis)	3	682122	94.2319
methode N(soort,ev,basis,zijd,stan)	3	682125	94.2323
messages SPEC(vreemd)	3	682128	94.2327
mes N(soort,ev,basis,onz,stan)	3	682131	94.2331
merken WW(pv,verl,ev)	3	682134	94.2335
merken WW(pv,tgw,mv)	3	682137	94.234
mentaliteit N(soort,ev,basis,zijd,stan)	3	682140	94.2344
menen WW(pv,tgw,met-t)	3	682143	94.2348
melden WW(vd,vrij,zonder)	3	682146	94.2352
mekaar VNW(recip,pron,obl,vol,persoon,mv)	3	682149	94.2356
meid N(soort,ev,dim,onz,stan)	3	682152	94.236
meevallen WW(inf,vrij,zonder)	3	682155	94.2364
meepikken WW(inf,vrij,zonder)	3	682158	94.2369
meepakken WW(vd,vrij,zonder)	3	682161	94.2373
meeneme N(soort,ev,basis,onz,stan)	3	682164	94.2377
meekomen WW(vd,vrij,zonder)	3	682167	94.2381
meej VZ(init,dial)	3	682170	94.2385
meegeven WW(vd,vrij,zonder)	3	682173	94.2389
meeeten WW(inf,vrij,zonder)	3	682176	94.2393
meedoen WW(vd,vrij,zonder)	3	682179	94.2398
meebrengn N(soort,ev,basis,onz,stan)	3	682182	94.2402
medica N(soort,ev,basis,zijd,stan)	3	682185	94.2406
medelijden N(soort,ev,basis,onz,stan)	3	682188	94.241
me VNW(pers,pron,dial)	3	682191	94.2414
mayonaise N(soort,ev,basis,zijd,stan)	3	682194	94.2418
matig ADJ(prenom,basis,met-e,stan)	3	682197	94.2422
masters SPEC(vreemd)	3	682200	94.2427
mart N(soort,ev,basis,zijd,stan)	3	682203	94.2431
marjolein SPEC(deeleigen)	3	682206	94.2435
marieke ADJ(prenom,basis,met-e,stan)	3	682209	94.2439
marian ADJ(vrij,basis,zonder)	3	682212	94.2443
maps SPEC(vreemd)	3	682215	94.2447
manman N(soort,ev,basis,zijd,stan)	3	682218	94.2451
mankeren WW(pv,tgw,met-t)	3	682221	94.2456
manee N(soort,ev,basis,zijd,stan)	3	682224	94.246
mand N(soort,ev,dim,onz,stan)	3	682227	94.2464
malderen N(soort,mv,basis)	3	682230	94.2468
making SPEC(vreemd)	3	682233	94.2472
mailadres N(soort,mv,basis)	3	682236	94.2476
machtiging N(soort,ev,basis,zijd,stan)	3	682239	94.248
mac N(soort,mv,basis)	3	682242	94.2485
maastricht N(soort,ev,basis,zijd,stan)	3	682245	94.2489
maar N(soort,ev,dim,onz,stan)	3	682248	94.2493
maaltijdcheque N(soort,mv,basis)	3	682251	94.2497
maalcie N(soort,ev,basis,zijd,stan)	3	682254	94.2501
maaikie N(soort,ev,basis,zijd,stan)	3	682257	94.2505
maaike ADJ(prenom,basis,met-e,stan)	3	682260	94.2509
maaaar ADJ(vrij,basis,zonder)	3	682263	94.2514
ma SPEC(vreemd)	3	682266	94.2518
luxe N(soort,ev,basis,zijd,stan)	3	682269	94.2522
luxe ADJ(prenom,basis,zonder)	3	682272	94.2526
luttel ADJ(prenom,basis,met-e,stan)	3	682275	94.253
lunet N(soort,mv,basis)	3	682278	94.2534
lunchtijd N(soort,ev,basis,zijd,stan)	3	682281	94.2539
lunch SPEC(vreemd)	3	682284	94.2543
lullig ADJ(vrij,basis,zonder)	3	682287	94.2547
luk WW(pv,tgw,met-t)	3	682290	94.2551
luisteren WW(vd,vrij,zonder)	3	682293	94.2555
luieren WW(inf,vrij,zonder)	3	682296	94.2559
lucky SPEC(vreemd)	3	682299	94.2563
lover N(soort,ev,basis,onz,stan)	3	682302	94.2568
lovely SPEC(vreemd)	3	682305	94.2572
lot SPEC(vreemd)	3	682308	94.2576
lot N(soort,ev,dim,onz,stan)	3	682311	94.258
lord N(soort,ev,basis,zijd,stan)	3	682314	94.2584
lopen WW(od,vrij,zonder)	3	682317	94.2588
longer SPEC(vreemd)	3	682320	94.2592
lomp ADJ(prenom,basis,met-e,stan)	3	682323	94.2597
logistiek N(soort,ev,basis,zijd,stan)	3	682326	94.2601
logeren WW(pv,tgw,mv)	3	682329	94.2605
logeerkamer N(soort,ev,basis,zijd,stan)	3	682332	94.2609
lodewijkscollege N(soort,ev,basis,zijd,stan)	3	682335	94.2613
locatie N(soort,mv,basis)	3	682338	94.2617
lizzy SPEC(vreemd)	3	682341	94.2621
literatuur N(soort,ev,basis,zijd,stan)	3	682344	94.2626
liter N(soort,mv,basis)	3	682347	94.263
lissie N(soort,ev,basis,zijd,stan)	3	682350	94.2634
liset N(soort,ev,basis,onz,stan)	3	682353	94.2638
linkerduim N(soort,ev,basis,zijd,stan)	3	682356	94.2642
limonade N(soort,ev,basis,zijd,stan)	3	682359	94.2646
limiet N(soort,ev,basis,zijd,stan)	3	682362	94.265
lille N(soort,ev,basis,zijd,stan)	3	682365	94.2655
lik N(soort,ev,dim,onz,stan)	3	682368	94.2659
lijst N(soort,mv,basis)	3	682371	94.2663
lijken WW(inf,vrij,zonder)	3	682374	94.2667
liggen WW(pv,verl,mv)	3	682377	94.2671
liften WW(inf,vrij,zonder)	3	682380	94.2675
lieverd N(soort,mv,basis)	3	682383	94.2679
lieveling N(soort,ev,basis,zijd,stan)	3	682386	94.2684
liesbeth SPEC(deeleigen)	3	682389	94.2688
lief ADJ(nom,basis,zonder,zonder-n)	3	682392	94.2692
liedjeslijst N(soort,ev,basis,zijd,stan)	3	682395	94.2696
lezing N(soort,mv,basis)	3	682398	94.27
lezen WW(pv,tgw,mv)	3	682401	94.2704
leutig ADJ(vrij,basis,zonder)	3	682404	94.2708
leuk ADJ(nom,basis,met-e,zonder-n,stan)	3	682407	94.2713
letter N(soort,mv,basis)	3	682410	94.2717
letter N(soort,ev,basis,zijd,stan)	3	682413	94.2721
lesgeven WW(inf,vrij,zonder)	3	682416	94.2725
les N(soort,ev,dim,onz,stan)	3	682419	94.2729
leraar N(soort,ev,basis,zijd,stan)	3	682422	94.2733
lenz N(soort,ev,basis,zijd,stan)	3	682425	94.2737
lens N(soort,mv,basis)	3	682428	94.2742
lening N(soort,ev,basis,zijd,stan)	3	682431	94.2746
lenen WW(vd,vrij,zonder)	3	682434	94.275
lenen WW(inf,nom,zonder,zonder-n)	3	682437	94.2754
lekkertje N(soort,ev,dim,onz,stan)	3	682440	94.2758
leider N(soort,ev,basis,zijd,stan)	3	682443	94.2762
lego N(soort,ev,basis,genus,stan)	3	682446	94.2766
leggen WW(pv,tgw,met-t)	3	682449	94.2771
leger N(soort,ev,basis,onz,stan)	3	682452	94.2775
legendarisch ADJ(prenom,basis,met-e,stan)	3	682455	94.2779
legaal ADJ(vrij,basis,zonder)	3	682458	94.2783
leeuw N(soort,ev,basis,zijd,stan)	3	682461	94.2787
leerkracht N(soort,ev,basis,zijd,stan)	3	682464	94.2791
leek N(soort,ev,basis,zijd,stan)	3	682467	94.2795
ledeberg N(soort,ev,basis,zijd,stan)	3	682470	94.28
lector N(soort,ev,basis,zijd,stan)	3	682473	94.2804
leaving N(soort,ev,basis,zijd,stan)	3	682476	94.2808
lazimpat SPEC(vreemd)	3	682479	94.2812
lawaai N(soort,ev,basis,onz,stan)	3	682482	94.2816
laus ADJ(vrij,basis,zonder)	3	682485	94.282
laurens N(soort,mv,basis)	3	682488	94.2824
laura SPEC(vreemd)	3	682491	94.2829
laude SPEC(vreemd)	3	682494	94.2833
lanka SPEC(vreemd)	3	682497	94.2837
langdradig ADJ(vrij,basis,zonder)	3	682500	94.2841
lang ADJ(prenom,sup,met-e,stan)	3	682503	94.2845
lame N(soort,ev,basis,zijd,stan)	3	682506	94.2849
lam ADJ(prenom,basis,met-e,stan)	3	682509	94.2853
laks ADJ(vrij,basis,zonder)	3	682512	94.2858
lack SPEC(vreemd)	3	682515	94.2862
lachen WW(pv,tgw,ev)	3	682518	94.2866
lach N(soort,ev,basis,zijd,stan)	3	682521	94.287
laat ADJ(vrij,sup,zonder)	3	682524	94.2874
laat ADJ(prenom,comp,met-e,stan)	3	682527	94.2878
laag N(soort,ev,dim,onz,stan)	3	682530	94.2882
laag ADJ(vrij,comp,zonder)	3	682533	94.2887
laag ADJ(vrij,basis,zonder)	3	682536	94.2891
laag ADJ(prenom,basis,met-e,stan)	3	682539	94.2895
la N(soort,ev,basis,zijd,stan)	3	682542	94.2899
kxie N(soort,ev,basis,zijd,stan)	3	682545	94.2903
kxal N(soort,ev,basis,onz,stan)	3	682548	94.2907
kweetnie N(soort,ev,basis,zijd,stan)	3	682551	94.2911
kweetni N(soort,ev,basis,zijd,stan)	3	682554	94.2916
kweet SPEC(symb)	3	682557	94.292
kweet N(soort,ev,basis,zijd,stan)	3	682560	94.2924
kwast N(soort,ev,basis,zijd,stan)	3	682563	94.2928
kwalificatie N(soort,ev,basis,zijd,stan)	3	682566	94.2932
kwaadaardig ADJ(vrij,basis,zonder)	3	682569	94.2936
kvrees WW(pv,verl,ev)	3	682572	94.2941
kuus N(soort,ev,basis,zijd,stan)	3	682575	94.2945
kutwijf N(soort,ev,basis,onz,stan)	3	682578	94.2949
kutten WW(inf,vrij,zonder)	3	682581	94.2953
kutdag N(soort,ev,basis,zijd,stan)	3	682584	94.2957
kut ADJ(prenom,basis,zonder)	3	682587	94.2961
kusss N(soort,ev,basis,zijd,stan)	3	682590	94.2965
kusjeee N(soort,ev,basis,zijd,stan)	3	682593	94.297
kurla N(soort,ev,basis,zijd,stan)	3	682596	94.2974
kunst N(soort,ev,basis,zijd,stan)	3	682599	94.2978
kunne N(soort,ev,basis,zijd,stan)	3	682602	94.2982
kuisvrouw N(soort,ev,basis,zijd,stan)	3	682605	94.2986
ks N(soort,mv,basis)	3	682608	94.299
krygen WW(pv,tgw,met-t)	3	682611	94.2994
kruis N(soort,ev,basis,onz,stan)	3	682614	94.2999
kruipen WW(vd,vrij,zonder)	3	682617	94.3003
kruip N(soort,ev,basis,onz,stan)	3	682620	94.3007
krom ADJ(prenom,basis,met-e,stan)	3	682623	94.3011
kroket N(soort,ev,basis,zijd,stan)	3	682626	94.3015
kritiek N(soort,ev,basis,zijd,stan)	3	682629	94.3019
kringweekend N(soort,ev,basis,zijd,stan)	3	682632	94.3023
kringboek N(soort,ev,dim,onz,stan)	3	682635	94.3028
krat N(soort,ev,basis,onz,stan)	3	682638	94.3032
krant N(soort,mv,basis)	3	682641	94.3036
kramp N(soort,mv,basis)	3	682644	94.304
kraam N(soort,ev,basis,zijd,stan)	3	682647	94.3044
kr SPEC(vreemd)	3	682650	94.3048
kr N(soort,ev,basis,zijd,stan)	3	682653	94.3052
kpeis N(soort,ev,basis,zijd,stan)	3	682656	94.3057
kotsen WW(inf,vrij,zonder)	3	682659	94.3061
kot N(soort,ev,dim,onz,stan)	3	682662	94.3065
kosten WW(pv,verl,ev)	3	682665	94.3069
korvelseweg N(soort,ev,basis,zijd,stan)	3	682668	94.3073
kort ADJ(nom,basis,zonder,zonder-n)	3	682671	94.3077
koppelen WW(vd,vrij,zonder)	3	682674	94.3081
kopie N(soort,mv,basis)	3	682677	94.3086
kopie N(soort,ev,dim,onz,stan)	3	682680	94.309
kopen WW(pv,verl,ev)	3	682683	94.3094
kop N(soort,mv,dim)	3	682686	94.3098
kooi N(soort,ev,basis,zijd,stan)	3	682689	94.3102
koninginnenacht N(soort,ev,basis,zijd,stan)	3	682692	94.3106
kompas N(soort,ev,basis,onz,stan)	3	682695	94.311
komde ADJ(prenom,basis,met-e,stan)	3	682698	94.3115
kolonist N(soort,mv,basis)	3	682701	94.3119
koksijde N(soort,ev,basis,zijd,stan)	3	682704	94.3123
koken WW(vd,vrij,zonder)	3	682707	94.3127
koken WW(pv,tgw,mv)	3	682710	94.3131
koes N(soort,ev,dim,onz,stan)	3	682713	94.3135
koer N(soort,ev,basis,zijd,stan)	3	682716	94.3139
koen N(soort,ev,basis,zijd,stan)	3	682719	94.3144
koelen WW(pv,tgw,met-t)	3	682722	94.3148
knul N(soort,ev,basis,zijd,stan)	3	682725	94.3152
knop N(soort,mv,dim)	3	682728	94.3156
knew SPEC(vreemd)	3	682731	94.316
knappen WW(pv,tgw,met-t)	3	682734	94.3164
kmoest N(soort,ev,basis,zijd,stan)	3	682737	94.3168
kmis N(soort,ev,basis,zijd,stan)	3	682740	94.3173
klussen WW(inf,nom,zonder,zonder-n)	3	682743	94.3177
kluis N(soort,mv,basis)	3	682746	94.3181
kloten WW(inf,vrij,zonder)	3	682749	94.3185
klomp N(soort,ev,basis,zijd,stan)	3	682752	94.3189
klok N(soort,ev,dim,onz,stan)	3	682755	94.3193
klimmen WW(pv,tgw,mv)	3	682758	94.3197
kletsen WW(vd,vrij,zonder)	3	682761	94.3202
klein N(soort,mv,dim)	3	682764	94.3206
klassiek ADJ(prenom,basis,met-e,stan)	3	682767	94.321
klasse N(soort,ev,basis,zijd,stan)	3	682770	94.3214
klap N(soort,mv,basis)	3	682773	94.3218
klantenservice N(soort,ev,basis,zijd,stan)	3	682776	94.3222
kkom N(soort,ev,basis,zijd,stan)	3	682779	94.3226
kiwi N(soort,ev,basis,zijd,stan)	3	682782	94.3231
kittens N(soort,mv,basis)	3	682785	94.3235
kits ADJ(vrij,basis,zonder)	3	682788	94.3239
kirsten N(soort,mv,basis)	3	682791	94.3243
kinepolis N(soort,ev,basis,zijd,stan)	3	682794	94.3247
kinderboerderij N(soort,ev,basis,zijd,stan)	3	682797	94.3251
kim N(soort,ev,basis,onz,stan)	3	682800	94.3255
kim ADJ(vrij,basis,zonder)	3	682803	94.326
kicking SPEC(vreemd)	3	682806	94.3264
kiado N(soort,ev,basis,zijd,stan)	3	682809	94.3268
ki SPEC(vreemd)	3	682812	94.3272
khebben WW(pv,verl,ev)	3	682815	94.3276
khad WW(pv,tgw,ev)	3	682818	94.328
kgeraak N(soort,ev,basis,zijd,stan)	3	682821	94.3284
keyboard N(soort,ev,basis,onz,stan)	3	682824	94.3289
keuze N(soort,mv,basis)	3	682827	94.3293
keuren WW(inf,vrij,zonder)	3	682830	94.3297
keulen WW(inf,vrij,zonder)	3	682833	94.3301
kerstkaart N(soort,ev,basis,zijd,stan)	3	682836	94.3305
kerlinnen N(soort,mv,basis)	3	682839	94.3309
kerkdienst N(soort,ev,basis,zijd,stan)	3	682842	94.3313
kerel SPEC(vreemd)	3	682845	94.3318
keppeke SPEC(vreemd)	3	682848	94.3322
kenner N(soort,ev,basis,zijd,stan)	3	682851	94.3326
kelly's N(soort,mv,basis)	3	682854	94.333
kel N(soort,ev,basis,zijd,stan)	3	682857	94.3334
kek N(soort,ev,basis,zijd,stan)	3	682860	94.3338
kek ADJ(prenom,basis,met-e,stan)	3	682863	94.3343
keine N(soort,ev,basis,zijd,stan)	3	682866	94.3347
keb WW(pv,tgw,ev)	3	682869	94.3351
kdv SPEC(deeleigen)	3	682872	94.3355
kdenken WW(pv,tgw,ev)	3	682875	94.3359
kdenk WW(od,vrij,zonder)	3	682878	94.3363
kdenk ADJ(vrij,basis,zonder)	3	682881	94.3367
kbegin N(soort,ev,basis,zijd,stan)	3	682884	94.3372
katrien N(soort,mv,basis)	3	682887	94.3376
katinka N(soort,ev,basis,zijd,stan)	3	682890	94.338
kat N(soort,ev,dim,onz,stan)	3	682893	94.3384
kast N(soort,mv,basis)	3	682896	94.3388
karlien N(soort,ev,basis,onz,stan)	3	682899	94.3392
karig ADJ(vrij,basis,zonder)	3	682902	94.3396
kareltje N(soort,ev,dim,onz,stan)	3	682905	94.3401
kar N(soort,ev,basis,zijd,stan)	3	682908	94.3405
kapsel N(soort,ev,basis,onz,stan)	3	682911	94.3409
kapelweekend N(soort,ev,basis,zijd,stan)	3	682914	94.3413
kano N(soort,ev,basis,zijd,stan)	3	682917	94.3417
kank N(soort,ev,basis,zijd,stan)	3	682920	94.3421
kamer N(soort,ev,dim,onz,stan)	3	682923	94.3425
kakkie SPEC(vreemd)	3	682926	94.343
kakken WW(inf,vrij,zonder)	3	682929	94.3434
kados N(soort,ev,basis,zijd,stan)	3	682932	94.3438
kabouter N(soort,ev,basis,zijd,stan)	3	682935	94.3442
kabel N(soort,mv,basis)	3	682938	94.3446
kaaskroket N(soort,ev,basis,onz,stan)	3	682941	94.345
kaal ADJ(vrij,basis,zonder)	3	682944	94.3454
kaakchirurg N(soort,ev,basis,zijd,stan)	3	682947	94.3459
kaak N(soort,ev,basis,zijd,stan)	3	682950	94.3463
jy VNW(pers,pron,dial)	3	682953	94.3467
jus N(soort,ev,basis,zijd,stan)	3	682956	94.3471
juij N(soort,ev,basis,zijd,stan)	3	682959	94.3475
juichen WW(inf,vrij,zonder)	3	682962	94.3479
jouw VNW(bez,det,stan,vol,2,getal,prenom,zonder,agr)	3	682965	94.3483
jot N(soort,ev,basis,zijd,stan)	3	682968	94.3488
jos N(soort,ev,basis,zijd,stan)	3	682971	94.3492
joren WW(inf,vrij,zonder)	3	682974	94.3496
jop N(soort,ev,basis,zijd,stan)	3	682977	94.35
joor N(soort,ev,basis,zijd,stan)	3	682980	94.3504
joooo N(soort,ev,basis,zijd,stan)	3	682983	94.3508
joni N(soort,ev,basis,zijd,stan)	3	682986	94.3512
jongleren WW(pv,verl,ev)	3	682989	94.3517
jongeman N(soort,ev,basis,zijd,stan)	3	682992	94.3521
jonas N(soort,ev,basis,zijd,stan)	3	682995	94.3525
joining SPEC(vreemd)	3	682998	94.3529
joined SPEC(vreemd)	3	683001	94.3533
joh BW()	3	683004	94.3537
job N(soort,ev,dim,onz,stan)	3	683007	94.3541
jo VNW(aanw,pron,stan,vol,3,getal)	3	683010	94.3546
jo N(soort,ev,dim,onz,stan)	3	683013	94.355
jeurn N(soort,ev,basis,zijd,stan)	3	683016	94.3554
jeuh N(soort,ev,basis,onz,stan)	3	683019	94.3558
jetzt SPEC(vreemd)	3	683022	94.3562
jetlag N(soort,ev,basis,zijd,stan)	3	683025	94.3566
jet N(soort,ev,basis,zijd,stan)	3	683028	94.357
jelmer N(soort,mv,basis)	3	683031	94.3575
jeej WW(pv,tgw,ev)	3	683034	94.3579
jeeeej TSW(dial)	3	683037	94.3583
je SPEC(vreemd)	3	683040	94.3587
jb N(soort,ev,basis,zijd,stan)	3	683043	94.3591
jazekers TSW(dial)	3	683046	94.3595
jatten WW(inf,vrij,zonder)	3	683049	94.3599
jamie N(soort,ev,basis,zijd,stan)	3	683052	94.3604
jameske N(soort,mv,basis)	3	683055	94.3608
jaloezie N(soort,ev,basis,zijd,stan)	3	683058	94.3612
jack N(soort,ev,basis,onz,stan)	3	683061	94.3616
jacht N(soort,ev,basis,zijd,stan)	3	683064	94.362
jaargenoot N(soort,mv,basis)	3	683067	94.3624
jaaaaaa N(soort,ev,basis,zijd,stan)	3	683070	94.3628
jaa N(soort,ev,basis,zijd,stan)	3	683073	94.3633
ivum N(soort,mv,basis)	3	683076	94.3637
ivm N(soort,ev,basis,genus,stan)	3	683079	94.3641
ive ADJ(prenom,basis,met-e,stan)	3	683082	94.3645
item N(soort,ev,basis,onz,stan)	3	683085	94.3649
italiaan N(soort,ev,basis,zijd,stan)	3	683088	94.3653
it N(soort,mv,basis)	3	683091	94.3657
isn't SPEC(vreemd)	3	683094	94.3662
irssi N(soort,ev,basis,zijd,stan)	3	683097	94.3666
irish SPEC(vreemd)	3	683100	94.367
ipads N(soort,mv,basis)	3	683103	94.3674
inzet N(soort,ev,basis,zijd,stan)	3	683106	94.3678
inwonen WW(pv,tgw,mv)	3	683109	94.3682
invullen WW(inf,nom,zonder,zonder-n)	3	683112	94.3686
invoeren WW(inf,vrij,zonder)	3	683115	94.3691
invited SPEC(vreemd)	3	683118	94.3695
invite WW(pv,verl,ev)	3	683121	94.3699
invitatie N(soort,ev,basis,zijd,stan)	3	683124	94.3703
internations SPEC(vreemd)	3	683127	94.3707
internation N(soort,mv,basis)	3	683130	94.3711
interieur N(soort,ev,basis,onz,stan)	3	683133	94.3715
interessant ADJ(prenom,basis,zonder)	3	683136	94.372
instellen WW(vd,vrij,zonder)	3	683139	94.3724
instantie N(soort,ev,basis,zijd,stan)	3	683142	94.3728
installeren WW(inf,vrij,zonder)	3	683145	94.3732
inspiratie N(soort,ev,basis,zijd,stan)	3	683148	94.3736
inschrijving N(soort,ev,basis,zijd,stan)	3	683151	94.374
inschieten WW(vd,vrij,zonder)	3	683154	94.3745
inpakken WW(inf,nom,zonder,zonder-n)	3	683157	94.3749
inorbit SPEC(vreemd)	3	683160	94.3753
inno N(soort,ev,basis,zijd,stan)	3	683163	94.3757
innemen WW(vd,vrij,zonder)	3	683166	94.3761
inlassen WW(vd,vrij,zonder)	3	683169	94.3765
inkruipen WW(inf,vrij,zonder)	3	683172	94.3769
inkomen N(soort,ev,basis,onz,stan)	3	683175	94.3774
inhoudelijk ADJ(vrij,basis,zonder)	3	683178	94.3778
inhoudelijk ADJ(prenom,basis,met-e,stan)	3	683181	94.3782
ingeving N(soort,ev,basis,zijd,stan)	3	683184	94.3786
ing SPEC(vreemd)	3	683187	94.379
information SPEC(vreemd)	3	683190	94.3794
indienen WW(inf,vrij,zonder)	3	683193	94.3798
indians SPEC(vreemd)	3	683196	94.3803
inchecken WW(inf,vrij,zonder)	3	683199	94.3807
in SPEC(deeleigen)	3	683202	94.3811
iig WW(pv,verl,ev)	3	683205	94.3815
iig TW(hoofd,dial)	3	683208	94.3819
idee N(soort,ev,dim,onz,stan)	3	683211	94.3823
idd SPEC(deeleigen)	3	683214	94.3827
id WW(od,prenom,zonder)	3	683217	94.3832
id SPEC(vreemd)	3	683220	94.3836
hunk N(soort,ev,basis,zijd,stan)	3	683223	94.384
hungry SPEC(vreemd)	3	683226	94.3844
huishuur N(soort,ev,basis,zijd,stan)	3	683229	94.3848
huishouden N(soort,ev,basis,onz,stan)	3	683232	94.3852
huisfeest N(soort,ev,basis,zijd,stan)	3	683235	94.3856
huilen WW(od,prenom,met-e)	3	683238	94.3861
hubert WW(pv,tgw,met-t)	3	683241	94.3865
hopduvel N(soort,ev,basis,onz,stan)	3	683244	94.3869
hoor N(soort,ev,basis,zijd,stan)	3	683247	94.3873
hoor BW()	3	683250	94.3877
hoog ADJ(prenom,sup,met-e,stan)	3	683253	94.3881
hoofdpodium N(soort,ev,basis,onz,stan)	3	683256	94.3885
hoofdgerecht N(soort,ev,basis,onz,stan)	3	683259	94.389
hongaars ADJ(prenom,basis,met-e,stan)	3	683262	94.3894
honderd N(soort,mv,basis)	3	683265	94.3898
homo N(soort,mv,basis)	3	683268	94.3902
hollands ADJ(prenom,basis,met-e,stan)	3	683271	94.3906
hol ADJ(vrij,basis,zonder)	3	683274	94.391
hoeraaa N(soort,ev,basis,zijd,stan)	3	683277	94.3914
hoer N(soort,mv,basis)	3	683280	94.3919
hoer N(soort,ev,basis,zijd,stan)	3	683283	94.3923
hoek N(soort,mv,basis)	3	683286	94.3927
hoe N(soort,mv,basis)	3	683289	94.3931
hm N(soort,ev,basis,zijd,stan)	3	683292	94.3935
hit N(soort,mv,basis)	3	683295	94.3939
hispeed N(soort,ev,basis,onz,stan)	3	683298	94.3943
hindi SPEC(vreemd)	3	683301	94.3948
hilarisch ADJ(prenom,basis,zonder)	3	683304	94.3952
hihihi N(soort,ev,basis,zijd,stan)	3	683307	94.3956
high SPEC(vreemd)	3	683310	94.396
hierbij BW()	3	683313	94.3964
hiep SPEC(vreemd)	3	683316	94.3968
hie VNW(pers,pron,nomin,vol,3,ev,masc)	3	683319	94.3972
heuvel N(soort,ev,basis,zijd,stan)	3	683322	94.3977
heus BW()	3	683325	94.3981
heus ADJ(prenom,basis,zonder)	3	683328	94.3985
heup N(soort,ev,basis,zijd,stan)	3	683331	94.3989
heuj N(soort,ev,basis,zijd,stan)	3	683334	94.3993
heten WW(pv,tgw,mv)	3	683337	94.3997
hero SPEC(vreemd)	3	683340	94.4001
hernia N(soort,ev,basis,zijd,stan)	3	683343	94.4006
herkennen WW(pv,tgw,met-t)	3	683346	94.401
herkennen WW(inf,vrij,zonder)	3	683349	94.4014
herkansen WW(inf,vrij,zonder)	3	683352	94.4018
herinnering N(soort,mv,basis)	3	683355	94.4022
herinnering N(soort,ev,basis,zijd,stan)	3	683358	94.4026
herinneren WW(pv,verl,ev)	3	683361	94.403
herinneren WW(pv,tgw,met-t)	3	683364	94.4035
hels ADJ(prenom,basis,met-e,stan)	3	683367	94.4039
helikopter N(soort,ev,basis,zijd,stan)	3	683370	94.4043
heleboel N(soort,ev,basis,zijd,stan)	3	683373	94.4047
hel N(soort,ev,basis,zijd,stan)	3	683376	94.4051
hekel N(soort,ev,basis,zijd,stan)	3	683379	94.4055
heiweg N(soort,ev,basis,zijd,stan)	3	683382	94.4059
heimwee N(soort,ev,basis,onz,stan)	3	683385	94.4064
hehehe N(soort,ev,basis,zijd,stan)	3	683388	94.4068
heeeele ADJ(prenom,basis,met-e,stan)	3	683391	94.4072
heeeeel ADJ(vrij,basis,zonder)	3	683394	94.4076
hee N(soort,ev,basis,zijd,stan)	3	683397	94.408
hebn WW(inf,vrij,zonder)	3	683400	94.4084
hebk N(soort,ev,basis,onz,stan)	3	683403	94.4088
hebbn WW(pv,verl,mv)	3	683406	94.4093
hawai SPEC(vreemd)	3	683409	94.4097
havent SPEC(vreemd)	3	683412	94.4101
hash SPEC(vreemd)	3	683415	94.4105
hardrock SPEC(vreemd)	3	683418	94.4109
hard SPEC(vreemd)	3	683421	94.4113
happened SPEC(vreemd)	3	683424	94.4118
hanne WW(pv,verl,ev)	3	683427	94.4122
hanne ADJ(prenom,basis,met-e,stan)	3	683430	94.4126
hangover SPEC(vreemd)	3	683433	94.413
hangover N(soort,ev,basis,zijd,stan)	3	683436	94.4134
handrem N(soort,ev,basis,zijd,stan)	3	683439	94.4138
handmatig ADJ(vrij,basis,zonder)	3	683442	94.4142
han N(soort,ev,basis,zijd,stan)	3	683445	94.4147
hals N(soort,ev,basis,zijd,stan)	3	683448	94.4151
halloween SPEC(vreemd)	3	683451	94.4155
halen WW(pv,verl,ev)	3	683454	94.4159
hagel N(soort,ev,basis,zijd,stan)	3	683457	94.4163
had SPEC(vreemd)	3	683460	94.4167
haar N(soort,mv,dim)	3	683463	94.4171
haak N(soort,ev,basis,zijd,stan)	3	683466	94.4176
gynaecoloog N(soort,ev,basis,zijd,stan)	3	683469	94.418
gwn N(soort,ev,basis,onz,stan)	3	683472	94.4184
guust WW(pv,tgw,met-t)	3	683475	94.4188
gunstig ADJ(vrij,basis,zonder)	3	683478	94.4192
gunder VNW(pers,pron,dial)	3	683481	94.4196
gulle VNW(pers,pron,dial)	3	683484	94.42
guesthouse N(soort,ev,basis,zijd,stan)	3	683487	94.4205
guard SPEC(vreemd)	3	683490	94.4209
gsm N(soort,ev,basis,onz,stan)	3	683493	94.4213
grt WW(pv,tgw,met-t)	3	683496	94.4217
grootouder N(soort,mv,basis)	3	683499	94.4221
groot ADJ(prenom,comp,met-e,stan)	3	683502	94.4225
groen N(soort,mv,dim)	3	683505	94.4229
greetings ADJ(vrij,basis,zonder)	3	683508	94.4234
graslei N(soort,ev,basis,onz,stan)	3	683511	94.4238
grap N(soort,mv,basis)	3	683514	94.4242
gozer N(soort,ev,basis,zijd,stan)	3	683517	94.4246
gouwraad N(soort,ev,basis,zijd,stan)	3	683520	94.425
gourmet N(soort,ev,basis,zijd,stan)	3	683523	94.4254
goud N(soort,ev,basis,onz,stan)	3	683526	94.4258
google SPEC(vreemd)	3	683529	94.4263
goodbye SPEC(vreemd)	3	683532	94.4267
gone N(soort,ev,basis,zijd,stan)	3	683535	94.4271
goh N(soort,ev,basis,zijd,stan)	3	683538	94.4275
goh N(soort,ev,basis,onz,stan)	3	683541	94.4279
goedkeuring N(soort,ev,basis,zijd,stan)	3	683544	94.4283
goedgoed N(soort,ev,basis,onz,stan)	3	683547	94.4287
goedenavond TSW()	3	683550	94.4292
goed N(soort,mv,basis)	3	683553	94.4296
goal N(soort,mv,basis)	3	683556	94.43
gn ADJ(prenom,basis,zonder)	3	683559	94.4304
gn ADJ(postnom,basis,met-s)	3	683562	94.4308
gmail N(soort,ev,basis,zijd,stan)	3	683565	94.4312
glad ADJ(vrij,basis,zonder)	3	683568	94.4316
giverleiding N(soort,ev,basis,zijd,stan)	3	683571	94.4321
gips N(soort,ev,basis,onz,stan)	3	683574	94.4325
gij VNW(pr,pron,obl,nadr,2,getal)	3	683577	94.4329
gids N(soort,ev,basis,zijd,stan)	3	683580	94.4333
gezondheidseconomie N(soort,ev,basis,zijd,stan)	3	683583	94.4337
gezeur N(soort,ev,basis,onz,stan)	3	683586	94.4341
gezellig ADJ(vrij,comp,zonder)	3	683589	94.4345
gezeik N(soort,ev,basis,onz,stan)	3	683592	94.435
gezamenlijk ADJ(vrij,basis,zonder)	3	683595	94.4354
gewond ADJ(vrij,basis,zonder)	3	683598	94.4358
gevonde WW(pv,verl,ev)	3	683601	94.4362
gevolg N(soort,mv,basis)	3	683604	94.4366
gevoel N(soort,mv,basis)	3	683607	94.437
geven WW(vd,prenom,zonder)	3	683610	94.4374
geslaapt WW(vd,vrij,zonder)	3	683613	94.4379
geslaagd ADJ(prenom,basis,met-e,stan)	3	683616	94.4383
gereedschapskist N(soort,ev,basis,zijd,stan)	3	683619	94.4387
geraken WW(pv,tgw,met-t)	3	683622	94.4391
genre N(soort,ev,basis,onz,stan)	3	683625	94.4395
genoegen N(soort,ev,basis,onz,stan)	3	683628	94.4399
genk N(soort,ev,basis,onz,stan)	3	683631	94.4403
gemiddeld ADJ(vrij,basis,zonder)	3	683634	94.4408
gemeen ADJ(prenom,basis,met-e,stan)	3	683637	94.4412
gemakkelijk ADJ(nom,sup,met-e,zonder-n,stan)	3	683640	94.4416
gelul N(soort,ev,basis,onz,stan)	3	683643	94.442
geldigheid N(soort,ev,basis,zijd,stan)	3	683646	94.4424
geldig ADJ(prenom,basis,zonder)	3	683649	94.4428
gel N(soort,ev,basis,zijd,stan)	3	683652	94.4432
geitenkaas N(soort,ev,basis,zijd,stan)	3	683655	94.4437
geinteresseerd WW(vd,vrij,zonder)	3	683658	94.4441
geheim N(soort,ev,basis,onz,stan)	3	683661	94.4445
gehandicapt ADJ(vrij,basis,zonder)	3	683664	94.4449
geert SPEC(deeleigen)	3	683667	94.4453
geel ADJ(vrij,basis,zonder)	3	683670	94.4457
gedeelte N(soort,ev,basis,onz,stan)	3	683673	94.4461
gebruikelijk ADJ(prenom,basis,met-e,stan)	3	683676	94.4466
gebeuren WW(pv,tgw,mv)	3	683679	94.447
gatver N(soort,ev,basis,zijd,stan)	3	683682	94.4474
gate SPEC(vreemd)	3	683685	94.4478
gastbroer N(soort,ev,dim,onz,stan)	3	683688	94.4482
gamma N(soort,ev,basis,onz,stan)	3	683691	94.4486
game N(soort,ev,basis,zijd,stan)	3	683694	94.449
gaat N(soort,mv,dim)	3	683697	94.4495
gaarheid N(soort,ev,basis,zijd,stan)	3	683700	94.4499
gaan WW(dial)	3	683703	94.4503
gaaf ADJ(prenom,basis,met-e,stan)	3	683706	94.4507
gaadet ADJ(vrij,comp,zonder)	3	683709	94.4511
fzo BW()	3	683712	94.4515
fuuuck N(soort,ev,basis,zijd,stan)	3	683715	94.452
future SPEC(vreemd)	3	683718	94.4524
funny SPEC(vreemd)	3	683721	94.4528
ftw N(soort,ev,basis,zijd,stan)	3	683724	94.4532
ft N(soort,ev,basis,zijd,stan)	3	683727	94.4536
frustrated SPEC(vreemd)	3	683730	94.454
front N(soort,ev,basis,onz,stan)	3	683733	94.4544
fris ADJ(vrij,dim,zonder)	3	683736	94.4549
frikandel N(soort,ev,basis,zijd,stan)	3	683739	94.4553
friet N(soort,ev,dim,onz,stan)	3	683742	94.4557
friday N(soort,ev,basis,zijd,stan)	3	683745	94.4561
frans ADJ(prenom,basis,zonder)	3	683748	94.4565
frannie N(soort,ev,basis,zijd,stan)	3	683751	94.4569
francisco N(soort,ev,basis,zijd,stan)	3	683754	94.4573
foutmelding N(soort,ev,basis,zijd,stan)	3	683757	94.4578
fout N(soort,mv,basis)	3	683760	94.4582
fourier N(soort,ev,basis,zijd,stan)	3	683763	94.4586
fotoshoot N(soort,ev,basis,zijd,stan)	3	683766	94.459
fotos N(soort,mv,basis)	3	683769	94.4594
formulier N(soort,mv,basis)	3	683772	94.4598
formaat N(soort,ev,basis,onz,stan)	3	683775	94.4602
forest SPEC(vreemd)	3	683778	94.4607
fonetiek N(soort,ev,basis,zijd,stan)	3	683781	94.4611
flyer N(soort,mv,basis)	3	683784	94.4615
flight SPEC(vreemd)	3	683787	94.4619
fleur N(soort,ev,basis,zijd,stan)	3	683790	94.4623
flater N(soort,ev,basis,zijd,stan)	3	683793	94.4627
fjew N(soort,ev,basis,zijd,stan)	3	683796	94.4631
fire SPEC(vreemd)	3	683799	94.4636
finish N(soort,ev,basis,zijd,stan)	3	683802	94.464
financiÃ«n N(soort,mv,basis)	3	683805	94.4644
fifteen SPEC(vreemd)	3	683808	94.4648
fifa N(soort,ev,basis,zijd,stan)	3	683811	94.4652
fietspomp N(soort,ev,basis,zijd,stan)	3	683814	94.4656
fietsen WW(pv,verl,ev)	3	683817	94.466
fietsen WW(pv,tgw,met-t)	3	683820	94.4665
fien N(soort,mv,basis)	3	683823	94.4669
fft N(soort,mv,dim)	3	683826	94.4673
ferm ADJ(vrij,basis,zonder)	3	683829	94.4677
femke N(soort,ev,dim,onz,stan)	3	683832	94.4681
fb SPEC(vreemd)	3	683835	94.4685
favoriet ADJ(prenom,basis,met-e,stan)	3	683838	94.4689
favor SPEC(vreemd)	3	683841	94.4694
fase N(soort,ev,basis,zijd,stan)	3	683844	94.4698
fanatiek ADJ(vrij,basis,zonder)	3	683847	94.4702
experiment N(soort,ev,basis,onz,stan)	3	683850	94.4706
expensive SPEC(vreemd)	3	683853	94.471
exemplaar N(soort,ev,basis,onz,stan)	3	683856	94.4714
excursie N(soort,ev,basis,zijd,stan)	3	683859	94.4718
ewel N(soort,ev,basis,zijd,stan)	3	683862	94.4723
evt N(soort,ev,basis,zijd,stan)	3	683865	94.4727
eventueel ADJ(prenom,basis,met-e,stan)	3	683868	94.4731
event SPEC(vreemd)	3	683871	94.4735
evelien WW(inf,vrij,zonder)	3	683874	94.4739
evalueren WW(inf,vrij,zonder)	3	683877	94.4743
eva SPEC(vreemd)	3	683880	94.4747
euroborg N(soort,ev,basis,zijd,stan)	3	683883	94.4752
euri N(soort,mv,basis)	3	683886	94.4756
etenstijd N(soort,ev,basis,zijd,stan)	3	683889	94.476
etage N(soort,ev,basis,zijd,stan)	3	683892	94.4764
estafette N(soort,ev,basis,zijd,stan)	3	683895	94.4768
essar SPEC(vreemd)	3	683898	94.4772
ervaren WW(vd,vrij,zonder)	3	683901	94.4776
error SPEC(vreemd)	3	683904	94.4781
eraf BW()	3	683907	94.4785
episch ADJ(vrij,basis,zonder)	3	683910	94.4789
entree N(soort,ev,basis,zijd,stan)	3	683913	94.4793
enschede N(soort,ev,basis,zijd,stan)	3	683916	94.4797
enough SPEC(vreemd)	3	683919	94.4801
enjoyed SPEC(vreemd)	3	683922	94.4805
enigzins BW()	3	683925	94.481
english SPEC(vreemd)	3	683928	94.4814
engels ADJ(prenom,basis,met-e,stan)	3	683931	94.4818
engeland N(soort,ev,basis,onz,stan)	3	683934	94.4822
engel N(soort,ev,dim,onz,stan)	3	683937	94.4826
en SPEC(vreemd)	3	683940	94.483
employee N(soort,ev,basis,zijd,stan)	3	683943	94.4834
emmer N(soort,mv,basis)	3	683946	94.4839
emailadres N(soort,ev,basis,onz,stan)	3	683949	94.4843
email N(soort,ev,basis,zijd,stan)	3	683952	94.4847
elsa N(soort,ev,basis,zijd,stan)	3	683955	94.4851
elkaar VNW(recip,pron,gen,vol,persoon,mv)	3	683958	94.4855
elf TW(hoofd,prenom,stan)	3	683961	94.4859
elders BW()	3	683964	94.4863
ein SPEC(vreemd)	3	683967	94.4868
effect N(soort,ev,basis,onz,stan)	3	683970	94.4872
eeuw N(soort,mv,basis)	3	683973	94.4876
eetplan N(soort,mv,basis)	3	683976	94.488
eer N(soort,ev,basis,zijd,stan)	3	683979	94.4884
eend N(soort,ev,basis,zijd,stan)	3	683982	94.4888
eej BW()	3	683985	94.4892
eea N(soort,ev,basis,onz,stan)	3	683988	94.4897
edward WW(vd,vrij,zonder)	3	683991	94.4901
ed. SPEC(afk)	3	683994	94.4905
echt ADJ(prenom,basis,zonder)	3	683997	94.4909
echo N(soort,ev,basis,zijd,stan)	3	684000	94.4913
ebk N(soort,ev,basis,onz,stan)	3	684003	94.4917
ebbn WW(pv,tgw,mv)	3	684006	94.4922
east N(soort,ev,basis,zijd,stan)	3	684009	94.4926
e-mailadres N(soort,ev,basis,onz,stan)	3	684012	94.493
dÃ©lice SPEC(vreemd)	3	684015	94.4934
dvd's N(soort,mv,basis)	3	684018	94.4938
duwen WW(vd,vrij,zonder)	3	684021	94.4942
duwen WW(inf,vrij,zonder)	3	684024	94.4946
durven WW(inf,vrij,zonder)	3	684027	94.4951
dun ADJ(vrij,basis,zonder)	3	684030	94.4955
dun ADJ(prenom,basis,met-e,stan)	3	684033	94.4959
dulle ADJ(prenom,basis,met-e,stan)	3	684036	94.4963
duits N(soort,mv,basis)	3	684039	94.4967
duiken WW(pv,tgw,ev)	3	684042	94.4971
duiken WW(inf,vrij,zonder)	3	684045	94.4975
drum N(soort,ev,basis,zijd,stan)	3	684048	94.498
droomzacht N(soort,ev,basis,zijd,stan)	3	684051	94.4984
dronken ADJ(prenom,basis,zonder)	3	684054	94.4988
driver SPEC(vreemd)	3	684057	94.4992
drinkn SPEC(vreemd)	3	684060	94.4996
drinking SPEC(vreemd)	3	684063	94.5
drie TW(hoofd,nom,mv-n,basis)	3	684066	94.5004
dressing N(soort,ev,basis,zijd,stan)	3	684069	94.5009
dresscode N(soort,ev,basis,zijd,stan)	3	684072	94.5013
dreamweaver N(soort,ev,basis,zijd,stan)	3	684075	94.5017
dream SPEC(vreemd)	3	684078	94.5021
dragen WW(pv,tgw,met-t)	3	684081	94.5025
draft SPEC(vreemd)	3	684084	94.5029
draak N(soort,ev,dim,onz,stan)	3	684087	94.5033
draak N(soort,ev,basis,zijd,stan)	3	684090	94.5038
draaien WW(pv,verl,ev)	3	684093	94.5042
draad N(soort,ev,basis,zijd,stan)	3	684096	94.5046
downstairs N(soort,mv,basis)	3	684099	94.505
download N(soort,ev,basis,onz,stan)	3	684102	94.5054
douchen WW(pv,tgw,ev)	3	684105	94.5058
douchen WW(inf,nom,zonder,zonder-n)	3	684108	94.5062
dosis N(soort,ev,basis,zijd,stan)	3	684111	94.5067
doorzetten WW(inf,vrij,zonder)	3	684114	94.5071
doorsturen WW(inf,nom,zonder,zonder-n)	3	684117	94.5075
doorrijden WW(vd,vrij,zonder)	3	684120	94.5079
doornemen WW(vd,vrij,zonder)	3	684123	94.5083
doorlezen WW(vd,vrij,zonder)	3	684126	94.5087
doorkomen WW(vd,vrij,zonder)	3	684129	94.5091
doorhebben WW(pv,verl,ev)	3	684132	94.5096
doorhebben WW(inf,vrij,zonder)	3	684135	94.51
doorgeven WW(inf,nom,zonder,zonder-n)	3	684138	94.5104
doorgaan WW(vd,vrij,zonder)	3	684141	94.5108
doorbrengen WW(inf,vrij,zonder)	3	684144	94.5112
dood ADJ(prenom,basis,met-e,stan)	3	684147	94.5116
donker ADJ(prenom,basis,zonder)	3	684150	94.512
donker ADJ(prenom,basis,met-e,stan)	3	684153	94.5125
donder N(soort,ev,basis,zijd,stan)	3	684156	94.5129
dokter N(soort,mv,basis)	3	684159	94.5133
doh BW()	3	684162	94.5137
doesn't SPEC(vreemd)	3	684165	94.5141
doeiii N(soort,ev,basis,zijd,stan)	3	684168	94.5145
doeg N(soort,ev,basis,zijd,stan)	3	684171	94.5149
docu N(soort,ev,basis,onz,stan)	3	684174	94.5154
doctoraatsvoorstel N(soort,ev,basis,onz,stan)	3	684177	94.5158
doch VG(neven)	3	684180	94.5162
doc N(soort,mv,basis)	3	684183	94.5166
dobbelen WW(inf,vrij,zonder)	3	684186	94.517
djok N(soort,ev,basis,zijd,stan)	3	684189	94.5174
divers ADJ(prenom,basis,met-e,stan)	3	684192	94.5178
discussion SPEC(vreemd)	3	684195	94.5183
discussie N(soort,mv,basis)	3	684198	94.5187
dinges N(soort,ev,basis,zijd,stan)	3	684201	94.5191
ding N(soort,ev,basis,zijd,stan)	3	684204	94.5195
dijk N(soort,ev,basis,zijd,stan)	3	684207	94.5199
difficult SPEC(vreemd)	3	684210	94.5203
dieter SPEC(vreemd)	3	684213	94.5207
diesel N(soort,ev,basis,zijd,stan)	3	684216	94.5212
dienstregeling N(soort,ev,basis,zijd,stan)	3	684219	94.5216
dienst N(soort,mv,basis)	3	684222	94.522
dieet N(soort,ev,basis,onz,stan)	3	684225	94.5224
died N(soort,ev,basis,onz,stan)	3	684228	94.5228
dicht ADJ(nom,sup,met-e,zonder-n,stan)	3	684231	94.5232
dich SPEC(vreemd)	3	684234	94.5236
diagnose N(soort,ev,basis,zijd,stan)	3	684237	94.5241
deventer N(soort,ev,basis,zijd,stan)	3	684240	94.5245
deurbel N(soort,ev,basis,zijd,stan)	3	684243	94.5249
desondanks BW()	3	684246	94.5253
dertig TW(hoofd,prenom,stan)	3	684249	94.5257
derrick N(soort,ev,basis,zijd,stan)	3	684252	94.5261
dermee N(soort,ev,basis,zijd,stan)	3	684255	94.5265
dentist SPEC(vreemd)	3	684258	94.527
den WW(pv,tgw,met-t)	3	684261	94.5274
delhaize SPEC(vreemd)	3	684264	94.5278
delhaize N(soort,ev,basis,zijd,stan)	3	684267	94.5282
delen WW(vd,vrij,zonder)	3	684270	94.5286
dekbed N(soort,ev,basis,onz,stan)	3	684273	94.529
degene VNW(aanw,det,stan,nom,met-e,zonder-n)	3	684276	94.5294
deftig ADJ(vrij,basis,zonder)	3	684279	94.5299
defect N(soort,ev,basis,onz,stan)	3	684282	94.5303
defect ADJ(prenom,basis,met-e,stan)	3	684285	94.5307
deels ADJ(vrij,basis,zonder)	3	684288	94.5311
dec ADJ(prenom,basis,zonder)	3	684291	94.5315
debby SPEC(vreemd)	3	684294	94.5319
deal SPEC(vreemd)	3	684297	94.5324
ddl WW(pv,tgw,met-t)	3	684300	94.5328
db N(soort,ev,basis,zijd,stan)	3	684303	94.5332
dattem N(soort,ev,basis,zijd,stan)	3	684306	94.5336
date N(soort,mv,basis)	3	684309	94.534
database N(soort,ev,basis,zijd,stan)	3	684312	94.5344
darling N(soort,ev,basis,zijd,stan)	3	684315	94.5348
dansen WW(vd,vrij,zonder)	3	684318	94.5353
dans N(soort,ev,dim,onz,stan)	3	684321	94.5357
danku SPEC(symb)	3	684324	94.5361
dankjulliewel N(soort,ev,basis,zijd,stan)	3	684327	94.5365
daniel N(soort,ev,basis,onz,stan)	3	684330	94.5369
dancing SPEC(vreemd)	3	684333	94.5373
daglicht N(soort,ev,basis,onz,stan)	3	684336	94.5377
daarzo BW()	3	684339	94.5382
daaruit BW()	3	684342	94.5386
daarover BW()	3	684345	94.539
daarentegen BW()	3	684348	94.5394
da't WW(pv,tgw,met-t)	3	684351	94.5398
da SPEC(vreemd)	3	684354	94.5402
cva N(soort,ev,basis,zijd,stan)	3	684357	94.5406
cuythoek N(soort,ev,basis,zijd,stan)	3	684360	94.5411
cuyt N(soort,ev,basis,zijd,stan)	3	684363	94.5415
customs N(soort,mv,basis)	3	684366	94.5419
cum SPEC(vreemd)	3	684369	94.5423
cultureel ADJ(vrij,basis,zonder)	3	684372	94.5427
cultural SPEC(vreemd)	3	684375	94.5431
cross N(soort,ev,basis,zijd,stan)	3	684378	94.5435
crematie N(soort,ev,basis,zijd,stan)	3	684381	94.544
creditcard N(soort,ev,basis,zijd,stan)	3	684384	94.5444
crash SPEC(vreemd)	3	684387	94.5448
cousin SPEC(vreemd)	3	684390	94.5452
court SPEC(vreemd)	3	684393	94.5456
costa's N(soort,mv,basis)	3	684396	94.546
correctie N(soort,ev,basis,zijd,stan)	3	684399	94.5464
controleren WW(inf,vrij,zonder)	3	684402	94.5469
context N(soort,ev,basis,zijd,stan)	3	684405	94.5473
contant ADJ(vrij,basis,zonder)	3	684408	94.5477
containerpark N(soort,ev,basis,onz,stan)	3	684411	94.5481
contactpersoon N(soort,mv,basis)	3	684414	94.5485
contacteren WW(vd,vrij,zonder)	3	684417	94.5489
consulaat N(soort,ev,basis,onz,stan)	3	684420	94.5493
consequent ADJ(vrij,basis,zonder)	3	684423	94.5498
confrater N(soort,ev,basis,zijd,stan)	3	684426	94.5502
condenseren WW(vd,prenom,met-e)	3	684429	94.5506
concreet ADJ(prenom,basis,met-e,stan)	3	684432	94.551
concer N(soort,ev,dim,onz,stan)	3	684435	94.5514
concentratie N(soort,ev,basis,zijd,stan)	3	684438	94.5518
compliment N(soort,mv,basis)	3	684441	94.5522
compliment N(soort,ev,basis,onz,stan)	3	684444	94.5527
completely SPEC(vreemd)	3	684447	94.5531
compagnie N(soort,ev,basis,zijd,stan)	3	684450	94.5535
commissie N(soort,ev,basis,zijd,stan)	3	684453	94.5539
commentaar N(soort,ev,basis,onz,stan)	3	684456	94.5543
comment SPEC(vreemd)	3	684459	94.5547
collegezaal N(soort,ev,basis,zijd,stan)	3	684462	94.5551
cognac N(soort,ev,basis,zijd,stan)	3	684465	94.5556
coffee N(soort,ev,basis,zijd,stan)	3	684468	94.556
cocktailbar N(soort,ev,basis,zijd,stan)	3	684471	94.5564
co N(soort,ev,basis,zijd,stan)	3	684474	94.5568
cm. SPEC(afk)	3	684477	94.5572
closest SPEC(vreemd)	3	684480	94.5576
clooske N(soort,ev,dim,onz,stan)	3	684483	94.558
cirkel N(soort,ev,basis,zijd,stan)	3	684486	94.5585
cinema SPEC(vreemd)	3	684489	94.5589
cindy SPEC(vreemd)	3	684492	94.5593
ciao N(soort,ev,basis,zijd,stan)	3	684495	94.5597
chocomel N(soort,ev,basis,zijd,stan)	3	684498	94.5601
chocoladebol N(soort,mv,basis)	3	684501	94.5605
chirurg N(soort,ev,basis,zijd,stan)	3	684504	94.5609
chip N(soort,ev,basis,zijd,stan)	3	684507	94.5614
china N(soort,ev,basis,zijd,stan)	3	684510	94.5618
chili SPEC(vreemd)	3	684513	94.5622
chick N(soort,ev,basis,zijd,stan)	3	684516	94.5626
chem N(soort,ev,basis,zijd,stan)	3	684519	94.563
cheese SPEC(vreemd)	3	684522	94.5634
checken WW(pv,tgw,met-t)	3	684525	94.5638
charme N(soort,mv,basis)	3	684528	94.5643
chaotisch ADJ(vrij,basis,zonder)	3	684531	94.5647
challenge SPEC(vreemd)	3	684534	94.5651
centraal ADJ(prenom,basis,zonder)	3	684537	94.5655
cause SPEC(vreemd)	3	684540	94.5659
cash BW()	3	684543	94.5663
carlijn N(soort,ev,basis,zijd,stan)	3	684546	94.5667
carine N(soort,ev,basis,zijd,stan)	3	684549	94.5672
cantus N(soort,mv,basis)	3	684552	94.5676
cantor N(soort,ev,basis,zijd,stan)	3	684555	94.568
cant SPEC(vreemd)	3	684558	94.5684
campus N(soort,ev,basis,zijd,stan)	3	684561	94.5688
camping N(soort,mv,basis)	3	684564	94.5692
camille ADJ(prenom,basis,met-e,stan)	3	684567	94.5697
calendar N(soort,ev,basis,zijd,stan)	3	684570	94.5701
cafe N(soort,ev,basis,zijd,stan)	3	684573	94.5705
cab SPEC(vreemd)	3	684576	94.5709
ca. SPEC(afk)	3	684579	94.5713
bÃ¨n WW(pv,tgw,ev)	3	684582	94.5717
bxl N(soort,ev,basis,onz,stan)	3	684585	94.5721
businessmeeting N(soort,ev,basis,zijd,stan)	3	684588	94.5726
buschauffeur N(soort,ev,basis,zijd,stan)	3	684591	94.573
bus N(soort,ev,dim,onz,stan)	3	684594	94.5734
burning SPEC(vreemd)	3	684597	94.5738
buis N(soort,mv,basis)	3	684600	94.5742
buienradar N(soort,ev,basis,zijd,stan)	3	684603	94.5746
bui N(soort,mv,basis)	3	684606	94.575
brutaal ADJ(vrij,basis,zonder)	3	684609	94.5755
brussel N(soort,ev,basis,genus,stan)	3	684612	94.5759
brrrr ADJ(vrij,comp,zonder)	3	684615	94.5763
brrr N(soort,ev,basis,zijd,stan)	3	684618	94.5767
brr N(soort,ev,basis,zijd,stan)	3	684621	94.5771
brownie N(soort,ev,basis,zijd,stan)	3	684624	94.5775
brother SPEC(vreemd)	3	684627	94.5779
bron N(soort,mv,basis)	3	684630	94.5784
broeder N(soort,ev,basis,zijd,stan)	3	684633	94.5788
brief N(soort,mv,dim)	3	684636	94.5792
brief N(soort,mv,basis)	3	684639	94.5796
brengen WW(pv,verl,ev)	3	684642	94.58
brecht N(soort,ev,basis,zijd,stan)	3	684645	94.5804
breau N(soort,ev,basis,onz,stan)	3	684648	94.5808
breakfast SPEC(vreemd)	3	684651	94.5813
bram N(soort,ev,basis,onz,stan)	3	684654	94.5817
bp VNW(pers,pron,nomin,red,1,mv)	3	684657	94.5821
boy SPEC(vreemd)	3	684660	94.5825
boy N(soort,ev,dim,onz,stan)	3	684663	94.5829
box N(soort,ev,basis,zijd,stan)	3	684666	94.5833
bowling SPEC(vreemd)	3	684669	94.5837
bouwen WW(inf,nom,zonder,zonder-n)	3	684672	94.5842
bourgondisch ADJ(prenom,basis,met-e,stan)	3	684675	94.5846
boudewijn N(soort,ev,basis,zijd,stan)	3	684678	94.585
both SPEC(vreemd)	3	684681	94.5854
bot N(soort,ev,basis,onz,stan)	3	684684	94.5858
bord N(soort,ev,dim,onz,stan)	3	684687	94.5862
boodschap N(soort,ev,basis,zijd,stan)	3	684690	94.5866
bonjour N(soort,ev,basis,zijd,stan)	3	684693	94.5871
bommelding N(soort,ev,basis,zijd,stan)	3	684696	94.5875
bol N(soort,mv,dim)	3	684699	94.5879
bol N(soort,ev,dim,onz,stan)	3	684702	94.5883
bol ADJ(prenom,basis,met-e,stan)	3	684705	94.5887
bokaal N(soort,mv,basis)	3	684708	94.5891
boelie N(soort,ev,basis,zijd,stan)	3	684711	94.5895
bobbys N(soort,mv,basis)	3	684714	94.59
boat SPEC(vreemd)	3	684717	94.5904
boarden WW(pv,verl,mv)	3	684720	94.5908
boarden WW(inf,vrij,zonder)	3	684723	94.5912
blokkeren WW(vd,vrij,zonder)	3	684726	94.5916
blokker N(soort,ev,basis,zijd,stan)	3	684729	94.592
bloem N(soort,ev,basis,zijd,stan)	3	684732	94.5924
bliksembezoek N(soort,ev,basis,onz,stan)	3	684735	94.5929
blijk N(soort,ev,basis,onz,stan)	3	684738	94.5933
blandijn N(soort,ev,basis,zijd,stan)	3	684741	94.5937
blanco ADJ(prenom,basis,zonder)	3	684744	94.5941
bizar ADJ(prenom,basis,met-e,stan)	3	684747	94.5945
bisto SPEC(vreemd)	3	684750	94.5949
bist SPEC(vreemd)	3	684753	94.5953
biomedisch ADJ(prenom,basis,met-e,stan)	3	684756	94.5958
binnenstad N(soort,ev,basis,zijd,stan)	3	684759	94.5962
binnenkoppen WW(vd,vrij,zonder)	3	684762	94.5966
binne ADJ(prenom,basis,met-e,stan)	3	684765	94.597
binn N(soort,ev,basis,onz,stan)	3	684768	94.5974
bingo N(soort,ev,basis,onz,stan)	3	684771	94.5978
bill SPEC(vreemd)	3	684774	94.5982
bil N(soort,mv,basis)	3	684777	94.5987
bijzijn N(soort,ev,basis,onz,stan)	3	684780	94.5991
bijenkast N(soort,ev,basis,zijd,stan)	3	684783	94.5995
bij N(soort,mv,basis)	3	684786	94.5999
bierparadijs N(soort,ev,basis,onz,stan)	3	684789	94.6003
biermenu N(soort,ev,basis,onz,stan)	3	684792	94.6007
biergarten N(soort,mv,basis)	3	684795	94.6011
bieden WW(pv,tgw,met-t)	3	684798	94.6016
bieden WW(pv,tgw,ev)	3	684801	94.602
bezig ADJ(prenom,basis,zonder)	3	684804	94.6024
bezichtigen WW(inf,vrij,zonder)	3	684807	94.6028
bewonen WW(vd,prenom,met-e)	3	684810	94.6032
bewolkt ADJ(vrij,basis,zonder)	3	684813	94.6036
beuren WW(inf,vrij,zonder)	3	684816	94.604
between SPEC(vreemd)	3	684819	94.6045
betekenen WW(inf,vrij,zonder)	3	684822	94.6049
betaalbaar ADJ(vrij,basis,zonder)	3	684825	94.6053
bestellen WW(pv,verl,ev)	3	684828	94.6057
bestand N(soort,ev,dim,onz,stan)	3	684831	94.6061
bespreken WW(pv,tgw,mv)	3	684834	94.6065
bespreekbureau N(soort,ev,basis,onz,stan)	3	684837	94.6069
bespeuren WW(inf,vrij,zonder)	3	684840	94.6074
besmettelijk ADJ(vrij,basis,zonder)	3	684843	94.6078
besluiten WW(pv,verl,mv)	3	684846	94.6082
besluiten WW(pv,verl,ev)	3	684849	94.6086
beslissing N(soort,ev,basis,zijd,stan)	3	684852	94.609
beslissen WW(vd,vrij,zonder)	3	684855	94.6094
beschermengel N(soort,ev,basis,zijd,stan)	3	684858	94.6099
beroemd ADJ(vrij,basis,zonder)	3	684861	94.6103
berekening N(soort,ev,basis,zijd,stan)	3	684864	94.6107
bereiken WW(pv,tgw,ev)	3	684867	94.6111
bereid ADJ(vrij,basis,zonder)	3	684870	94.6115
beperken WW(inf,vrij,zonder)	3	684873	94.6119
benner N(soort,ev,basis,zijd,stan)	3	684876	94.6123
benefits SPEC(vreemd)	3	684879	94.6128
beloven WW(vd,prenom,met-e)	3	684882	94.6132
bellen WW(pv,verl,mv)	3	684885	94.6136
bellen WW(inf,nom,zonder,zonder-n)	3	684888	94.614
belgisch ADJ(prenom,basis,zonder)	3	684891	94.6144
belgian SPEC(vreemd)	3	684894	94.6148
belg N(soort,mv,basis)	3	684897	94.6152
beleg N(soort,ev,basis,onz,stan)	3	684900	94.6157
belasting N(soort,mv,basis)	3	684903	94.6161
belangrijk ADJ(nom,sup,met-e,zonder-n,stan)	3	684906	94.6165
belachelijk ADJ(prenom,basis,met-e,stan)	3	684909	94.6169
bekomen WW(vd,vrij,zonder)	3	684912	94.6173
bekomen WW(inf,nom,zonder,zonder-n)	3	684915	94.6177
bekend ADJ(nom,basis,met-e,mv-n)	3	684918	94.6181
bejaardcantus N(soort,ev,basis,zijd,stan)	3	684921	94.6186
behind SPEC(vreemd)	3	684924	94.619
behandelen WW(vd,vrij,zonder)	3	684927	94.6194
beginnen WW(pv,verl,mv)	3	684930	94.6198
beffen WW(inf,vrij,zonder)	3	684933	94.6202
beest N(soort,mv,dim)	3	684936	94.6206
beest N(soort,mv,basis)	3	684939	94.621
beenhesp N(soort,ev,basis,zijd,stan)	3	684942	94.6215
been N(soort,mv,dim)	3	684945	94.6219
beeld N(soort,mv,basis)	3	684948	94.6223
bedenker N(soort,ev,basis,zijd,stan)	3	684951	94.6227
bedenken WW(pv,tgw,met-t)	3	684954	94.6231
bedanken WW(pv,tgw,ev)	3	684957	94.6235
bed SPEC(vreemd)	3	684960	94.6239
bed N(soort,ev,basis,zijd,stan)	3	684963	94.6244
beachen WW(inf,vrij,zonder)	3	684966	94.6248
bday SPEC(vreemd)	3	684969	94.6252
bbq N(soort,ev,dim,onz,stan)	3	684972	94.6256
bbq N(soort,ev,basis,onz,stan)	3	684975	94.626
bbc N(soort,ev,basis,zijd,stan)	3	684978	94.6264
basgitaar N(soort,ev,basis,zijd,stan)	3	684981	94.6268
barshi N(soort,ev,basis,zijd,stan)	3	684984	94.6273
band N(soort,mv,dim)	3	684987	94.6277
banaan N(soort,mv,basis)	3	684990	94.6281
ballerin N(soort,ev,basis,zijd,stan)	3	684993	94.6285
balkondeur N(soort,ev,basis,zijd,stan)	3	684996	94.6289
bal N(soort,mv,dim)	3	684999	94.6293
baksteen N(soort,ev,basis,zijd,stan)	3	685002	94.6297
badminton N(soort,ev,basis,onz,stan)	3	685005	94.6302
bacchus N(soort,ev,basis,zijd,stan)	3	685008	94.6306
babe SPEC(vreemd)	3	685011	94.631
baan N(soort,ev,dim,onz,stan)	3	685014	94.6314
awoert WW(pv,tgw,met-t)	3	685017	94.6318
aw N(soort,ev,basis,zijd,stan)	3	685020	94.6322
avondschool N(soort,ev,basis,zijd,stan)	3	685023	94.6326
avond SPEC(vreemd)	3	685026	94.6331
avan N(soort,mv,basis)	3	685029	94.6335
autosleutel N(soort,ev,basis,zijd,stan)	3	685032	94.6339
autocorrectie N(soort,ev,basis,zijd,stan)	3	685035	94.6343
aukoerek N(soort,ev,basis,zijd,stan)	3	685038	94.6347
aug. SPEC(afk)	3	685041	94.6351
auditorium N(soort,ev,basis,onz,stan)	3	685044	94.6355
auch SPEC(vreemd)	3	685047	94.636
au SPEC(vreemd)	3	685050	94.6364
aswolk N(soort,ev,basis,zijd,stan)	3	685053	94.6368
asus N(soort,ev,basis,zijd,stan)	3	685056	94.6372
assesment N(soort,ev,basis,onz,stan)	3	685059	94.6376
ass SPEC(vreemd)	3	685062	94.638
artistiek ADJ(prenom,basis,zonder)	3	685065	94.6384
arrived N(soort,ev,basis,onz,stan)	3	685068	94.6389
argument N(soort,ev,basis,onz,stan)	3	685071	94.6393
arena N(soort,ev,basis,zijd,stan)	3	685074	94.6397
architectuur N(soort,ev,basis,zijd,stan)	3	685077	94.6401
apr ADJ(vrij,basis,zonder)	3	685080	94.6405
appel N(soort,ev,dim,onz,stan)	3	685083	94.6409
apparently SPEC(vreemd)	3	685086	94.6413
antwoorden WW(pv,verl,ev)	3	685089	94.6418
answer SPEC(vreemd)	3	685092	94.6422
annuleren WW(inf,vrij,zonder)	3	685095	94.6426
anniek N(soort,ev,basis,zijd,stan)	3	685098	94.643
annemarie N(soort,ev,basis,zijd,stan)	3	685101	94.6434
anneleen WW(inf,vrij,zonder)	3	685104	94.6438
anna N(soort,ev,basis,zijd,stan)	3	685107	94.6442
aniek N(soort,ev,basis,zijd,stan)	3	685110	94.6447
anderlecht N(soort,ev,basis,onz,stan)	3	685113	94.6451
anderhalf TW(hoofd,prenom,stan)	3	685116	94.6455
anarchie N(soort,ev,basis,zijd,stan)	3	685119	94.6459
analyseren WW(inf,vrij,zonder)	3	685122	94.6463
analyse N(soort,ev,basis,zijd,stan)	3	685125	94.6467
amersfoort N(soort,ev,basis,zijd,stan)	3	685128	94.6471
ambtenaar N(soort,ev,basis,zijd,stan)	3	685131	94.6476
alzek WW(pv,tgw,ev)	3	685134	94.648
alv N(soort,ev,basis,zijd,stan)	3	685137	94.6484
altij ADJ(vrij,basis,zonder)	3	685140	94.6488
althans BW()	3	685143	94.6492
almanak N(soort,ev,basis,zijd,stan)	3	685146	94.6496
allright SPEC(vreemd)	3	685149	94.6501
allicht BW()	3	685152	94.6505
allerlekker ADJ(nom,sup,met-e,zonder-n,stan)	3	685155	94.6509
allereerst ADJ(vrij,sup,zonder)	3	685158	94.6513
alf ADJ(prenom,basis,zonder)	3	685161	94.6517
al VNW(onbep,det,gen,prenom,met-e,mv)	3	685164	94.6521
akelig ADJ(vrij,basis,zonder)	3	685167	94.6525
ajuinfeest N(soort,mv,basis)	3	685170	94.653
ajb ADJ(vrij,basis,zonder)	3	685173	94.6534
airport SPEC(vreemd)	3	685176	94.6538
aiai N(soort,ev,basis,zijd,stan)	3	685179	94.6542
agent N(soort,ev,basis,zijd,stan)	3	685182	94.6546
agenda N(soort,mv,basis)	3	685185	94.655
age SPEC(vreemd)	3	685188	94.6554
afzien WW(vd,vrij,zonder)	3	685191	94.6559
afwassen WW(vd,vrij,zonder)	3	685194	94.6563
afterwards SPEC(vreemd)	3	685197	94.6567
aftap N(soort,ev,basis,zijd,stan)	3	685200	94.6571
afstappen WW(inf,vrij,zonder)	3	685203	94.6575
afspreken WW(pv,tgw,met-t)	3	685206	94.6579
afslag N(soort,ev,basis,zijd,stan)	3	685209	94.6583
afscheidsfeest N(soort,ev,dim,onz,stan)	3	685212	94.6588
afmeting N(soort,mv,basis)	3	685215	94.6592
afmelden WW(vd,vrij,zonder)	3	685218	94.6596
afloop N(soort,ev,basis,zijd,stan)	3	685221	94.66
afleveren WW(vd,vrij,zonder)	3	685224	94.6604
afleiding N(soort,ev,basis,zijd,stan)	3	685227	94.6608
afleiden WW(vd,vrij,zonder)	3	685230	94.6612
afgaan WW(vd,vrij,zonder)	3	685233	94.6617
affectie N(soort,ev,basis,zijd,stan)	3	685236	94.6621
adviseur N(soort,ev,basis,zijd,stan)	3	685239	94.6625
activeren WW(inf,vrij,zonder)	3	685242	94.6629
act N(soort,ev,basis,zijd,stan)	3	685245	94.6633
achterhoofd N(soort,ev,basis,onz,stan)	3	685248	94.6637
achterdeur N(soort,ev,basis,zijd,stan)	3	685251	94.6641
achten WW(pv,tgw,ev)	3	685254	94.6646
achillespees N(soort,ev,basis,zijd,stan)	3	685257	94.665
accounting N(soort,ev,basis,zijd,stan)	3	685260	94.6654
access SPEC(vreemd)	3	685263	94.6658
accent N(soort,ev,basis,onz,stan)	3	685266	94.6662
abo N(soort,ev,basis,onz,stan)	3	685269	94.6666
aard N(soort,ev,basis,zijd,stan)	3	685272	94.667
aap N(soort,mv,dim)	3	685275	94.6675
aanzet N(soort,ev,basis,zijd,stan)	3	685278	94.6679
aanwaaien WW(inf,vrij,zonder)	3	685281	94.6683
aanvragen WW(inf,vrij,zonder)	3	685284	94.6687
aanvang N(soort,ev,basis,zijd,stan)	3	685287	94.6691
aantrekken WW(inf,nom,zonder,zonder-n)	3	685290	94.6695
aantrekkelijk ADJ(prenom,basis,met-e,stan)	3	685293	94.6699
aansteken WW(vd,vrij,zonder)	3	685296	94.6704
aanstaand ADJ(prenom,basis,met-e,stan)	3	685299	94.6708
aanstaan WW(pv,tgw,met-t)	3	685302	94.6712
aanrijding N(soort,ev,basis,zijd,stan)	3	685305	94.6716
aannemer N(soort,ev,basis,zijd,stan)	3	685308	94.672
aanmelding N(soort,ev,basis,zijd,stan)	3	685311	94.6724
aanmelden WW(vd,vrij,zonder)	3	685314	94.6728
aanmelden WW(inf,vrij,zonder)	3	685317	94.6733
aankomen WW(pv,tgw,ev)	3	685320	94.6737
aanhouden WW(inf,vrij,zonder)	3	685323	94.6741
aangifte N(soort,ev,basis,zijd,stan)	3	685326	94.6745
aangeven WW(vd,vrij,zonder)	3	685329	94.6749
aandeel N(soort,mv,basis)	3	685332	94.6753
aan't WW(pv,tgw,met-t)	3	685335	94.6757
aaah ADJ(vrij,basis,zonder)	3	685338	94.6762
aaaah ADJ(vrij,basis,zonder)	3	685341	94.6766
^^ N(soort,mv,basis)	3	685344	94.677
Zyn SPEC(deeleigen)	3	685347	94.6774
Zweeds SPEC(deeleigen)	3	685350	94.6778
Zutendaal SPEC(deeleigen)	3	685353	94.6782
Zkh SPEC(deeleigen)	3	685356	94.6786
Za SPEC(deeleigen)	3	685359	94.6791
Yoyo SPEC(deeleigen)	3	685362	94.6795
Yes SPEC(deeleigen)	3	685365	94.6799
XXxxXX SPEC(deeleigen)	3	685368	94.6803
XXXXXXXXXXXXXXXXXXXXX SPEC(deeleigen)	3	685371	94.6807
XXXXXXXXXXXXXXXXXXX SPEC(deeleigen)	3	685374	94.6811
XO SPEC(deeleigen)	3	685377	94.6815
Ww SPEC(deeleigen)	3	685380	94.682
World SPEC(deeleigen)	3	685383	94.6824
Work SPEC(vreemd)	3	685386	94.6828
Woops SPEC(deeleigen)	3	685389	94.6832
Woehoew SPEC(vreemd)	3	685392	94.6836
Wir SPEC(vreemd)	3	685395	94.684
Willy's SPEC(deeleigen)	3	685398	94.6844
Willy SPEC(deeleigen)	3	685401	94.6849
Wilko SPEC(deeleigen)	3	685404	94.6853
Wiljo SPEC(deeleigen)	3	685407	94.6857
Wil SPEC(deeleigen)	3	685410	94.6861
Wie SPEC(vreemd)	3	685413	94.6865
Which SPEC(vreemd)	3	685416	94.6869
Westen SPEC(deeleigen)	3	685419	94.6873
Wednesday SPEC(vreemd)	3	685422	94.6878
Watt SPEC(deeleigen)	3	685425	94.6882
Wanted SPEC(vreemd)	3	685428	94.6886
Wally SPEC(deeleigen)	3	685431	94.689
Wakefield SPEC(deeleigen)	3	685434	94.6894
Waiting SPEC(vreemd)	3	685437	94.6898
Vries SPEC(deeleigen)	3	685440	94.6903
Vree SPEC(deeleigen)	3	685443	94.6907
Volkskrant SPEC(deeleigen)	3	685446	94.6911
Voice SPEC(vreemd)	3	685449	94.6915
Vodafone SPEC(deeleigen)	3	685452	94.6919
Vnv SPEC(deeleigen)	3	685455	94.6923
Vegas SPEC(deeleigen)	3	685458	94.6927
Veerle SPEC(deeleigen)	3	685461	94.6932
Vanaaf SPEC(deeleigen)	3	685464	94.6936
Valkenburg SPEC(deeleigen)	3	685467	94.694
VNJ SPEC(deeleigen)	3	685470	94.6944
Utca SPEC(deeleigen)	3	685473	94.6948
USC SPEC(deeleigen)	3	685476	94.6952
Twitter SPEC(deeleigen)	3	685479	94.6956
Tristan SPEC(deeleigen)	3	685482	94.6961
Treurniet SPEC(deeleigen)	3	685485	94.6965
Tous SPEC(deeleigen)	3	685488	94.6969
Told SPEC(vreemd)	3	685491	94.6973
Tkan SPEC(deeleigen)	3	685494	94.6977
Tjits SPEC(vreemd)	3	685497	94.6981
Tjah SPEC(deeleigen)	3	685500	94.6985
Tisda SPEC(deeleigen)	3	685503	94.699
Tiny SPEC(deeleigen)	3	685506	94.6994
Tini SPEC(deeleigen)	3	685509	94.6998
Timmos SPEC(deeleigen)	3	685512	94.7002
Time SPEC(vreemd)	3	685515	94.7006
Tijs SPEC(deeleigen)	3	685518	94.701
They SPEC(vreemd)	3	685521	94.7014
Theo SPEC(deeleigen)	3	685524	94.7019
Teur SPEC(deeleigen)	3	685527	94.7023
Tanzania SPEC(deeleigen)	3	685530	94.7027
TIM SPEC(deeleigen)	3	685533	94.7031
T-Mobile SPEC(deeleigen)	3	685536	94.7035
Sybo SPEC(deeleigen)	3	685539	94.7039
Studio SPEC(deeleigen)	3	685542	94.7043
Stoute SPEC(deeleigen)	3	685545	94.7048
Stoffel SPEC(deeleigen)	3	685548	94.7052
Steven SPEC(deeleigen)	3	685551	94.7056
Stefaan SPEC(deeleigen)	3	685554	94.706
Start SPEC(deeleigen)	3	685557	94.7064
Speeltuin SPEC(deeleigen)	3	685560	94.7068
Spanish SPEC(deeleigen)	3	685563	94.7072
Sori SPEC(deeleigen)	3	685566	94.7077
Something SPEC(vreemd)	3	685569	94.7081
Skat SPEC(deeleigen)	3	685572	94.7085
Sjonge SPEC(deeleigen)	3	685575	94.7089
Siena SPEC(deeleigen)	3	685578	94.7093
She SPEC(vreemd)	3	685581	94.7097
Share SPEC(vreemd)	3	685584	94.7101
Shall SPEC(deeleigen)	3	685587	94.7106
Sevilla SPEC(deeleigen)	3	685590	94.711
Seven SPEC(vreemd)	3	685593	94.7114
Schneider SPEC(deeleigen)	3	685596	94.7118
Schijf SPEC(deeleigen)	3	685599	94.7122
Schaaaat SPEC(deeleigen)	3	685602	94.7126
Sara SPEC(deeleigen)	3	685605	94.713
Samsung SPEC(deeleigen)	3	685608	94.7135
Saartje SPEC(deeleigen)	3	685611	94.7139
Ruth SPEC(deeleigen)	3	685614	94.7143
Rudi SPEC(deeleigen)	3	685617	94.7147
Rose SPEC(deeleigen)	3	685620	94.7151
Rosalie SPEC(deeleigen)	3	685623	94.7155
Ronald SPEC(deeleigen)	3	685626	94.7159
Rolf SPEC(deeleigen)	3	685629	94.7164
Roeselare SPEC(deeleigen)	3	685632	94.7168
Roemenie SPEC(deeleigen)	3	685635	94.7172
Robert SPEC(deeleigen)	3	685638	94.7176
Rina SPEC(deeleigen)	3	685641	94.718
Rik SPEC(deeleigen)	3	685644	94.7184
Rijsel SPEC(deeleigen)	3	685647	94.7188
Right SPEC(vreemd)	3	685650	94.7193
Rianne SPEC(deeleigen)	3	685653	94.7197
Reuver SPEC(deeleigen)	3	685656	94.7201
Remember SPEC(vreemd)	3	685659	94.7205
Rashmi SPEC(deeleigen)	3	685662	94.7209
Radiohead SPEC(deeleigen)	3	685665	94.7213
Rabo SPEC(deeleigen)	3	685668	94.7217
QM SPEC(deeleigen)	3	685671	94.7222
Ppm SPEC(deeleigen)	3	685674	94.7226
Polen SPEC(deeleigen)	3	685677	94.723
Plato SPEC(deeleigen)	3	685680	94.7234
Ping SPEC(deeleigen)	3	685683	94.7238
Pij SPEC(deeleigen)	3	685686	94.7242
Pieterjan SPEC(deeleigen)	3	685689	94.7246
Photoshop SPEC(deeleigen)	3	685692	94.7251
Phone(Mobiel) SPEC(deeleigen)	3	685695	94.7255
Pepsi SPEC(deeleigen)	3	685698	94.7259
Pearle SPEC(deeleigen)	3	685701	94.7263
Pascal SPEC(deeleigen)	3	685704	94.7267
Paris SPEC(deeleigen)	3	685707	94.7271
Paolo SPEC(deeleigen)	3	685710	94.7276
Pangaea SPEC(deeleigen)	3	685713	94.728
Palinka SPEC(vreemd)	3	685716	94.7284
PM SPEC(vreemd)	3	685719	94.7288
Overleg SPEC(deeleigen)	3	685722	94.7292
Opera SPEC(deeleigen)	3	685725	94.7296
Ooh SPEC(deeleigen)	3	685728	94.73
Ohhh SPEC(deeleigen)	3	685731	94.7305
Ohh SPEC(deeleigen)	3	685734	94.7309
Oh SPEC(deeleigen)	3	685737	94.7313
Oela SPEC(deeleigen)	3	685740	94.7317
OMG SPEC(deeleigen)	3	685743	94.7321
O. SPEC(afk)	3	685746	94.7325
Nicole SPEC(deeleigen)	3	685749	94.7329
Nathalie SPEC(deeleigen)	3	685752	94.7334
Nancy SPEC(deeleigen)	3	685755	94.7338
Name SPEC(vreemd)	3	685758	94.7342
NOT SPEC(deeleigen)	3	685761	94.7346
NL. SPEC(afk)	3	685764	94.735
NL SPEC(afk)	3	685767	94.7354
Mundial SPEC(deeleigen)	3	685770	94.7358
Mumus SPEC(vreemd)	3	685773	94.7363
Mulisch SPEC(deeleigen)	3	685776	94.7367
Muhahaha SPEC(deeleigen)	3	685779	94.7371
Mr. SPEC(afk)	3	685782	94.7375
Moguh SPEC(deeleigen)	3	685785	94.7379
Milaan SPEC(deeleigen)	3	685788	94.7383
Midi SPEC(deeleigen)	3	685791	94.7387
Mexico SPEC(deeleigen)	3	685794	94.7392
Meerkerk SPEC(deeleigen)	3	685797	94.7396
Mayke SPEC(deeleigen)	3	685800	94.74
Mayka SPEC(vreemd)	3	685803	94.7404
Maurits SPEC(deeleigen)	3	685806	94.7408
Mats SPEC(deeleigen)	3	685809	94.7412
Match SPEC(deeleigen)	3	685812	94.7416
Marks SPEC(deeleigen)	3	685815	94.7421
Marjet SPEC(deeleigen)	3	685818	94.7425
Marjans SPEC(deeleigen)	3	685821	94.7429
Mario SPEC(deeleigen)	3	685824	94.7433
Maria SPEC(deeleigen)	3	685827	94.7437
Mari SPEC(deeleigen)	3	685830	94.7441
Margrietha SPEC(deeleigen)	3	685833	94.7445
Marcella SPEC(vreemd)	3	685836	94.745
Man SPEC(deeleigen)	3	685839	94.7454
Malta SPEC(deeleigen)	3	685842	94.7458
Majja SPEC(deeleigen)	3	685845	94.7462
Madness SPEC(vreemd)	3	685848	94.7466
Mac SPEC(deeleigen)	3	685851	94.747
Maargoed SPEC(deeleigen)	3	685854	94.7474
Maag SPEC(deeleigen)	3	685857	94.7479
MB SPEC(deeleigen)	3	685860	94.7483
MADNESS SPEC(deeleigen)	3	685863	94.7487
Lyon SPEC(deeleigen)	3	685866	94.7491
Luwak SPEC(deeleigen)	3	685869	94.7495
Luv SPEC(deeleigen)	3	685872	94.7499
Luuk SPEC(deeleigen)	3	685875	94.7503
Lowlands SPEC(deeleigen)	3	685878	94.7508
Loos SPEC(deeleigen)	3	685881	94.7512
London SPEC(vreemd)	3	685884	94.7516
Loetje SPEC(deeleigen)	3	685887	94.752
Lionne SPEC(deeleigen)	3	685890	94.7524
Let SPEC(vreemd)	3	685893	94.7528
Les SPEC(vreemd)	3	685896	94.7532
Leren SPEC(deeleigen)	3	685899	94.7537
Lenie SPEC(deeleigen)	3	685902	94.7541
Laureen SPEC(deeleigen)	3	685905	94.7545
Last SPEC(deeleigen)	3	685908	94.7549
Lacanau SPEC(deeleigen)	3	685911	94.7553
L SPEC(deeleigen)	3	685914	94.7557
Kweetni SPEC(deeleigen)	3	685917	94.7561
Ksta SPEC(deeleigen)	3	685920	94.7566
Kruidvat SPEC(deeleigen)	3	685923	94.757
Kpeis SPEC(deeleigen)	3	685926	94.7574
Kopi SPEC(deeleigen)	3	685929	94.7578
Koenraad SPEC(deeleigen)	3	685932	94.7582
Kissies SPEC(vreemd)	3	685935	94.7586
King SPEC(deeleigen)	3	685938	94.759
Kids SPEC(deeleigen)	3	685941	94.7595
Kick SPEC(vreemd)	3	685944	94.7599
Kga SPEC(vreemd)	3	685947	94.7603
Kelis SPEC(deeleigen)	3	685950	94.7607
Kalvin SPEC(deeleigen)	3	685953	94.7611
Kaat SPEC(deeleigen)	3	685956	94.7615
Kaapstad SPEC(deeleigen)	3	685959	94.7619
KUS SPEC(deeleigen)	3	685962	94.7624
KH SPEC(deeleigen)	3	685965	94.7628
Justus SPEC(deeleigen)	3	685968	94.7632
Juste SPEC(deeleigen)	3	685971	94.7636
Jupiter SPEC(deeleigen)	3	685974	94.764
Julia SPEC(deeleigen)	3	685977	94.7644
Juij SPEC(vreemd)	3	685980	94.7648
Judith SPEC(deeleigen)	3	685983	94.7653
Joyce SPEC(deeleigen)	3	685986	94.7657
Joshua SPEC(deeleigen)	3	685989	94.7661
Joni SPEC(deeleigen)	3	685992	94.7665
Jonathan SPEC(deeleigen)	3	685995	94.7669
Join SPEC(vreemd)	3	685998	94.7673
Johny SPEC(deeleigen)	3	686001	94.7678
Jobs SPEC(deeleigen)	3	686004	94.7682
Job SPEC(deeleigen)	3	686007	94.7686
Joah SPEC(deeleigen)	3	686010	94.769
Jiha SPEC(vreemd)	3	686013	94.7694
Jette SPEC(deeleigen)	3	686016	94.7698
Jess SPEC(vreemd)	3	686019	94.7702
Jelmer SPEC(deeleigen)	3	686022	94.7707
Jelle SPEC(deeleigen)	3	686025	94.7711
Jef SPEC(deeleigen)	3	686028	94.7715
Jackson SPEC(deeleigen)	3	686031	94.7719
Jaaaaah SPEC(deeleigen)	3	686034	94.7723
JW SPEC(deeleigen)	3	686037	94.7727
JOU SPEC(deeleigen)	3	686040	94.7731
Italie SPEC(deeleigen)	3	686043	94.7736
Irish SPEC(vreemd)	3	686046	94.774
Inorbit SPEC(vreemd)	3	686049	94.7744
Ier SPEC(deeleigen)	3	686052	94.7748
IVN SPEC(deeleigen)	3	686055	94.7752
ID SPEC(deeleigen)	3	686058	94.7756
HÃ©Ã©l SPEC(deeleigen)	3	686061	94.776
Hurry SPEC(vreemd)	3	686064	94.7765
Huis SPEC(deeleigen)	3	686067	94.7769
Houten SPEC(deeleigen)	3	686070	94.7773
Hoppa SPEC(deeleigen)	3	686073	94.7777
Hongarije SPEC(deeleigen)	3	686076	94.7781
Holy SPEC(vreemd)	3	686079	94.7785
Hoii SPEC(deeleigen)	3	686082	94.7789
Hoei SPEC(deeleigen)	3	686085	94.7794
Hmja SPEC(deeleigen)	3	686088	94.7798
Hii SPEC(deeleigen)	3	686091	94.7802
Heyy SPEC(deeleigen)	3	686094	94.7806
Heya SPEC(deeleigen)	3	686097	94.781
Heul SPEC(deeleigen)	3	686100	94.7814
Hero SPEC(deeleigen)	3	686103	94.7818
Hengelo SPEC(deeleigen)	3	686106	94.7823
Hen SPEC(deeleigen)	3	686109	94.7827
Helen SPEC(deeleigen)	3	686112	94.7831
Heidi SPEC(deeleigen)	3	686115	94.7835
Heeey SPEC(deeleigen)	3	686118	94.7839
Havana SPEC(deeleigen)	3	686121	94.7843
Hard SPEC(deeleigen)	3	686124	94.7847
Halte SPEC(deeleigen)	3	686127	94.7852
Haja SPEC(deeleigen)	3	686130	94.7856
Haarlem SPEC(deeleigen)	3	686133	94.786
Haa SPEC(deeleigen)	3	686136	94.7864
HOERA SPEC(deeleigen)	3	686139	94.7868
HC SPEC(symb)	3	686142	94.7872
Grolsch SPEC(deeleigen)	3	686145	94.7876
Greta SPEC(deeleigen)	3	686148	94.7881
Graslei SPEC(deeleigen)	3	686151	94.7885
Gps SPEC(deeleigen)	3	686154	94.7889
Gouden SPEC(deeleigen)	3	686157	94.7893
Gouda SPEC(deeleigen)	3	686160	94.7897
Gert SPEC(deeleigen)	3	686163	94.7901
Gerjanne SPEC(deeleigen)	3	686166	94.7905
GVD SPEC(deeleigen)	3	686169	94.791
GB SPEC(symb)	3	686172	94.7914
Fuik SPEC(deeleigen)	3	686175	94.7918
French SPEC(vreemd)	3	686178	94.7922
Frederik SPEC(deeleigen)	3	686181	94.7926
France SPEC(deeleigen)	3	686184	94.793
First SPEC(vreemd)	3	686187	94.7934
Finally SPEC(vreemd)	3	686190	94.7939
File SPEC(deeleigen)	3	686193	94.7943
Ff SPEC(vreemd)	3	686196	94.7947
Felix SPEC(deeleigen)	3	686199	94.7951
FIFA SPEC(deeleigen)	3	686202	94.7955
Evy SPEC(deeleigen)	3	686205	94.7959
Eveline SPEC(deeleigen)	3	686208	94.7963
Euhm SPEC(deeleigen)	3	686211	94.7968
Emile SPEC(deeleigen)	3	686214	94.7972
Elst SPEC(deeleigen)	3	686217	94.7976
Elmo SPEC(deeleigen)	3	686220	94.798
Eldrid SPEC(deeleigen)	3	686223	94.7984
Eldenia SPEC(deeleigen)	3	686226	94.7988
Effenaar SPEC(deeleigen)	3	686229	94.7992
Eej SPEC(deeleigen)	3	686232	94.7997
Ee SPEC(deeleigen)	3	686235	94.8001
Edinburgh SPEC(deeleigen)	3	686238	94.8005
Easy SPEC(deeleigen)	3	686241	94.8009
Early SPEC(deeleigen)	3	686244	94.8013
EWI SPEC(deeleigen)	3	686247	94.8017
E. SPEC(deeleigen)	3	686250	94.8021
Dutch SPEC(deeleigen)	3	686253	94.8026
Du SPEC(deeleigen)	3	686256	94.803
Donna SPEC(deeleigen)	3	686259	94.8034
Donau SPEC(deeleigen)	3	686262	94.8038
Dimitri SPEC(deeleigen)	3	686265	94.8042
Dikke SPEC(deeleigen)	3	686268	94.8046
Didi SPEC(deeleigen)	3	686271	94.805
Di SPEC(deeleigen)	3	686274	94.8055
Dexter SPEC(deeleigen)	3	686277	94.8059
Denise SPEC(deeleigen)	3	686280	94.8063
Delilah SPEC(deeleigen)	3	686283	94.8067
Dear SPEC(vreemd)	3	686286	94.8071
Day SPEC(vreemd)	3	686289	94.8075
Danny SPEC(deeleigen)	3	686292	94.808
Daniel SPEC(deeleigen)	3	686295	94.8084
Dana SPEC(deeleigen)	3	686298	94.8088
DH SPEC(deeleigen)	3	686301	94.8092
DC SPEC(deeleigen)	3	686304	94.8096
Currently SPEC(vreemd)	3	686307	94.81
Comment SPEC(vreemd)	3	686310	94.8104
Cola SPEC(deeleigen)	3	686313	94.8109
Close SPEC(deeleigen)	3	686316	94.8113
Clooney SPEC(deeleigen)	3	686319	94.8117
Clinge SPEC(deeleigen)	3	686322	94.8121
Clancy's SPEC(deeleigen)	3	686325	94.8125
City SPEC(deeleigen)	3	686328	94.8129
Chili SPEC(deeleigen)	3	686331	94.8133
Chicken SPEC(vreemd)	3	686334	94.8138
Chick SPEC(vreemd)	3	686337	94.8142
Chen SPEC(deeleigen)	3	686340	94.8146
Check SPEC(vreemd)	3	686343	94.815
Charleroi SPEC(deeleigen)	3	686346	94.8154
Ceder SPEC(deeleigen)	3	686349	94.8158
Carel SPEC(deeleigen)	3	686352	94.8162
Cafe SPEC(deeleigen)	3	686355	94.8167
C SPEC(deeleigen)	3	686358	94.8171
Butler SPEC(deeleigen)	3	686361	94.8175
Bruxelles SPEC(vreemd)	3	686364	94.8179
Brood SPEC(deeleigen)	3	686367	94.8183
Brand SPEC(deeleigen)	3	686370	94.8187
Brammetje SPEC(deeleigen)	3	686373	94.8191
Boxtel SPEC(deeleigen)	3	686376	94.8196
Bonne SPEC(vreemd)	3	686379	94.82
Bleg SPEC(deeleigen)	3	686382	94.8204
Black SPEC(deeleigen)	3	686385	94.8208
Birthday SPEC(vreemd)	3	686388	94.8212
Biomoleculen SPEC(deeleigen)	3	686391	94.8216
Bergschenhoek SPEC(deeleigen)	3	686394	94.822
Bergen SPEC(deeleigen)	3	686397	94.8225
Berdieke SPEC(deeleigen)	3	686400	94.8229
Bende SPEC(deeleigen)	3	686403	94.8233
Beer SPEC(deeleigen)	3	686406	94.8237
Bed SPEC(vreemd)	3	686409	94.8241
Beats SPEC(vreemd)	3	686412	94.8245
Beatles SPEC(deeleigen)	3	686415	94.8249
Basta SPEC(deeleigen)	3	686418	94.8254
Barcelona SPEC(deeleigen)	3	686421	94.8258
Barca SPEC(deeleigen)	3	686424	94.8262
Barbie SPEC(deeleigen)	3	686427	94.8266
BV SPEC(deeleigen)	3	686430	94.827
BDK SPEC(deeleigen)	3	686433	94.8274
BA SPEC(symb)	3	686436	94.8278
AustraliÃ« SPEC(deeleigen)	3	686439	94.8283
Aswin SPEC(deeleigen)	3	686442	94.8287
As SPEC(vreemd)	3	686445	94.8291
Arts SPEC(deeleigen)	3	686448	94.8295
Arne SPEC(deeleigen)	3	686451	94.8299
Arie SPEC(deeleigen)	3	686454	94.8303
Annika SPEC(deeleigen)	3	686457	94.8307
Anne-Marie SPEC(deeleigen)	3	686460	94.8312
Angelique SPEC(deeleigen)	3	686463	94.8316
Android SPEC(deeleigen)	3	686466	94.832
Andreas SPEC(deeleigen)	3	686469	94.8324
Andalusie SPEC(deeleigen)	3	686472	94.8328
American SPEC(vreemd)	3	686475	94.8332
Alstu SPEC(deeleigen)	3	686478	94.8336
Alphen SPEC(deeleigen)	3	686481	94.8341
Allen SPEC(deeleigen)	3	686484	94.8345
Ale SPEC(vreemd)	3	686487	94.8349
After SPEC(deeleigen)	3	686490	94.8353
Adriaan SPEC(deeleigen)	3	686493	94.8357
Achja SPEC(deeleigen)	3	686496	94.8361
Aaargh SPEC(deeleigen)	3	686499	94.8365
AVC SPEC(deeleigen)	3	686502	94.837
AB SPEC(deeleigen)	3	686505	94.8374
= LET()	3	686508	94.8378
;-)) SPEC(symb)	3	686511	94.8382
;-( SPEC(symb)	3	686514	94.8386
;( SPEC(symb)	3	686517	94.839
:-o SPEC(symb)	3	686520	94.8394
9e TW(rang,prenom,stan)	3	686523	94.8399
9:40 TW(hoofd,vrij)	3	686526	94.8403
99 TW(hoofd,prenom,stan)	3	686529	94.8407
93 TW(hoofd,prenom,stan)	3	686532	94.8411
9 SPEC(vreemd)	3	686535	94.8415
8e TW(rang,prenom,stan)	3	686538	94.8419
89 SPEC(symb)	3	686541	94.8423
87 SPEC(symb)	3	686544	94.8428
84 TW(hoofd,vrij)	3	686547	94.8432
8310 TW(hoofd,vrij)	3	686550	94.8436
8,5 TW(hoofd,prenom,stan)	3	686553	94.844
7:45 SPEC(symb)	3	686556	94.8444
79 TW(hoofd,vrij)	3	686559	94.8448
79 TW(hoofd,prenom,stan)	3	686562	94.8452
75 TW(hoofd,vrij)	3	686565	94.8457
71 TW(hoofd,vrij)	3	686568	94.8461
69 TW(hoofd,vrij)	3	686571	94.8465
68 TW(hoofd,vrij)	3	686574	94.8469
65 TW(hoofd,vrij)	3	686577	94.8473
6.30 TW(hoofd,prenom,stan)	3	686580	94.8477
6.2 SPEC(symb)	3	686583	94.8482
6 SPEC(symb)	3	686586	94.8486
59 SPEC(symb)	3	686589	94.849
55 TW(hoofd,prenom,stan)	3	686592	94.8494
52 TW(hoofd,prenom,stan)	3	686595	94.8498
51 TW(hoofd,vrij)	3	686598	94.8502
500 TW(hoofd,vrij)	3	686601	94.8506
4e TW(rang,prenom,stan)	3	686604	94.8511
459 TW(hoofd,prenom,stan)	3	686607	94.8515
450 TW(hoofd,prenom,stan)	3	686610	94.8519
3de TW(rang,prenom,stan)	3	686613	94.8523
350 TW(hoofd,prenom,stan)	3	686616	94.8527
33 TW(hoofd,vrij)	3	686619	94.8531
31610728743 SPEC(symb)	3	686622	94.8535
31 TW(rang,prenom,stan)	3	686625	94.854
305 TW(hoofd,vrij)	3	686628	94.8544
26 TW(hoofd,prenom,stan)	3	686631	94.8548
25ste TW(rang,nom,zonder-n)	3	686634	94.8552
250 TW(hoofd,prenom,stan)	3	686637	94.8556
240 TW(hoofd,prenom,stan)	3	686640	94.856
23ste TW(rang,nom,zonder-n)	3	686643	94.8564
23:00 SPEC(symb)	3	686646	94.8569
2200 TW(hoofd,prenom,stan)	3	686649	94.8573
2130 SPEC(symb)	3	686652	94.8577
21.15 TW(hoofd,vrij)	3	686655	94.8581
20e TW(rang,prenom,stan)	3	686658	94.8585
20:00 SPEC(symb)	3	686661	94.8589
2015 TW(hoofd,vrij)	3	686664	94.8593
200 TW(hoofd,vrij)	3	686667	94.8598
20.00 TW(hoofd,prenom,stan)	3	686670	94.8602
19:00 SPEC(symb)	3	686673	94.8606
19.30 TW(hoofd,vrij)	3	686676	94.861
18:10 TW(hoofd,vrij)	3	686679	94.8614
18:00 TW(hoofd,vrij)	3	686682	94.8618
1830 TW(hoofd,vrij)	3	686685	94.8622
18.00 SPEC(symb)	3	686688	94.8627
18 TW(rang,prenom,stan)	3	686691	94.8631
1730 TW(hoofd,vrij)	3	686694	94.8635
16:00 TW(hoofd,vrij)	3	686697	94.8639
1630 TW(hoofd,vrij)	3	686700	94.8643
1530 TW(hoofd,vrij)	3	686703	94.8647
15 TW(rang,prenom,stan)	3	686706	94.8651
14:00 TW(hoofd,vrij)	3	686709	94.8656
14.30 TW(hoofd,vrij)	3	686712	94.866
137 TW(hoofd,vrij)	3	686715	94.8664
136 TW(hoofd,vrij)	3	686718	94.8668
1330 TW(hoofd,prenom,stan)	3	686721	94.8672
132 TW(hoofd,vrij)	3	686724	94.8676
130 TW(hoofd,prenom,stan)	3	686727	94.868
12.30 SPEC(symb)	3	686730	94.8685
115 TW(hoofd,vrij)	3	686733	94.8689
1145 TW(hoofd,vrij)	3	686736	94.8693
114 TW(hoofd,vrij)	3	686739	94.8697
102 TW(hoofd,vrij)	3	686742	94.8701
101 TW(hoofd,vrij)	3	686745	94.8705
10,2 TW(hoofd,vrij)	3	686748	94.8709
1,8 TW(hoofd,prenom,stan)	3	686751	94.8714
08 SPEC(symb)	3	686754	94.8718
0.00 TW(hoofd,vrij)	3	686757	94.8722
..? LET()	3	686760	94.8726
-21 TW(hoofd,vrij)	3	686763	94.873
-20 TW(hoofd,vrij)	3	686766	94.8734
-12 TW(hoofd,vrij)	3	686769	94.8738
-11 TW(hoofd,vrij)	3	686772	94.8743
-10 TW(hoofd,vrij)	3	686775	94.8747
-! SPEC(symb)	3	686778	94.8751
â¡ SPEC(symb)	2	686780	94.8754
Ã¼berhaupt SPEC(vreemd)	2	686782	94.8756
Ã¼berhaupt BW()	2	686784	94.8759
Ã­n VZ(init)	2	686786	94.8762
Ã©tait SPEC(deeleigen)	2	686788	94.8765
Ã©rg ADJ(vrij,basis,zonder)	2	686790	94.8767
Ã©chte ADJ(prenom,basis,met-e,stan)	2	686792	94.877
Ã¢ N(soort,ev,basis,zijd,stan)	2	686794	94.8773
Ã¡lle N(soort,mv,basis)	2	686796	94.8776
Ã SPEC(symb)	2	686798	94.8779
Â¤ SPEC(symb)	2	686800	94.8781
Â¡ SPEC(symb)	2	686802	94.8784
zzzzzzz N(soort,ev,basis,zijd,stan)	2	686804	94.8787
zzzzz N(soort,ev,basis,zijd,stan)	2	686806	94.879
zyt SPEC(vreemd)	2	686808	94.8792
zyde N(soort,ev,basis,zijd,stan)	2	686810	94.8795
zy N(soort,ev,basis,zijd,stan)	2	686812	94.8798
zwynaarde N(soort,ev,basis,zijd,stan)	2	686814	94.8801
zwoel ADJ(prenom,basis,met-e,stan)	2	686816	94.8803
zweverig ADJ(prenom,basis,zonder)	2	686818	94.8806
zweven WW(inf,vrij,zonder)	2	686820	94.8809
zweten WW(pv,tgw,ev)	2	686822	94.8812
zwerver N(soort,ev,basis,zijd,stan)	2	686824	94.8814
zwemmen WW(pv,tgw,ev)	2	686826	94.8817
zwem N(soort,ev,dim,onz,stan)	2	686828	94.882
zweeds ADJ(vrij,basis,zonder)	2	686830	94.8823
zwangerschap N(soort,ev,basis,zijd,stan)	2	686832	94.8825
zwaar ADJ(vrij,comp,zonder)	2	686834	94.8828
zuur ADJ(prenom,basis,met-e,stan)	2	686836	94.8831
zuster N(soort,mv,basis)	2	686838	94.8834
zussie N(soort,ev,basis,zijd,stan)	2	686840	94.8837
zus N(soort,mv,dim)	2	686842	94.8839
zus BW()	2	686844	94.8842
zundapp N(soort,ev,basis,zijd,stan)	2	686846	94.8845
zum SPEC(vreemd)	2	686848	94.8848
zulln WW(pv,tgw,mv)	2	686850	94.885
zuipen WW(vd,vrij,zonder)	2	686852	94.8853
zuipen WW(pv,tgw,ev)	2	686854	94.8856
zuinig ADJ(vrij,basis,zonder)	2	686856	94.8859
zuigen WW(vd,vrij,zonder)	2	686858	94.8861
zuiderdiep WW(pv,verl,ev)	2	686860	94.8864
zuidelijk ADJ(prenom,basis,met-e,stan)	2	686862	94.8867
zuid-afrika SPEC(deeleigen)	2	686864	94.887
zsm N(soort,ev,basis,onz,stan)	2	686866	94.8872
zoutoplossing N(soort,ev,basis,zijd,stan)	2	686868	94.8875
zout N(soort,ev,basis,onz,stan)	2	686870	94.8878
zouk WW(pv,verl,ev)	2	686872	94.8881
zotje N(soort,ev,dim,onz,stan)	2	686874	94.8884
zot N(soort,mv,basis)	2	686876	94.8886
zot N(soort,ev,dim,onz,stan)	2	686878	94.8889
zorgen WW(vd,vrij,zonder)	2	686880	94.8892
zorba N(soort,ev,basis,zijd,stan)	2	686882	94.8895
zooi N(soort,ev,dim,onz,stan)	2	686884	94.8897
zoo SPEC(afk)	2	686886	94.89
zonnig ADJ(prenom,basis,zonder)	2	686888	94.8903
zonnebrand N(soort,ev,basis,zijd,stan)	2	686890	94.8906
zonee N(soort,ev,basis,zijd,stan)	2	686892	94.8908
zone N(soort,mv,basis)	2	686894	94.8911
zone N(soort,ev,basis,zijd,stan)	2	686896	94.8914
zondags SPEC(deeleigen)	2	686898	94.8917
zondagnacht N(soort,ev,basis,zijd,stan)	2	686900	94.8919
zometeen N(soort,mv,basis)	2	686902	94.8922
zomervakantie N(soort,ev,basis,zijd,stan)	2	686904	94.8925
zomerfeest N(soort,mv,basis)	2	686906	94.8928
zomer N(soort,ev,basis,gen)	2	686908	94.893
zolang BW()	2	686910	94.8933
zoet SPEC(vreemd)	2	686912	94.8936
zoet ADJ(prenom,basis,zonder)	2	686914	94.8939
zoenen WW(vd,vrij,zonder)	2	686916	94.8942
zoenen WW(inf,nom,zonder,zonder-n)	2	686918	94.8944
zoen N(soort,mv,basis)	2	686920	94.8947
zoekn WW(inf,vrij,zonder)	2	686922	94.895
zoeken WW(pv,verl,mv)	2	686924	94.8953
zoeken WW(od,prenom,met-e)	2	686926	94.8955
zodak N(soort,ev,basis,zijd,stan)	2	686928	94.8958
zodadelijk ADJ(vrij,basis,zonder)	2	686930	94.8961
zkh N(soort,ev,basis,zijd,stan)	2	686932	94.8964
zitzak N(soort,ev,basis,zijd,stan)	2	686934	94.8966
zinvol ADJ(vrij,basis,zonder)	2	686936	94.8969
zinom SPEC(symb)	2	686938	94.8972
zinnig ADJ(postnom,basis,met-s)	2	686940	94.8975
zingen WW(pv,tgw,ev)	2	686942	94.8977
zin N(soort,ev,dim,onz,stan)	2	686944	94.898
zilveruitje N(soort,mv,dim)	2	686946	94.8983
zijstraat N(soort,ev,basis,zijd,stan)	2	686948	94.8986
zijnt WW(pv,tgw,mv)	2	686950	94.8989
zijn WW(od,vrij,zonder)	2	686952	94.8991
zieke N(soort,mv,basis)	2	686954	94.8994
ziek ADJ(nom,basis,met-e,mv-n)	2	686956	94.8997
zichtbaar ADJ(vrij,basis,zonder)	2	686958	94.9
zeuren WW(pv,tgw,mv)	2	686960	94.9002
zeuren WW(pv,tgw,met-t)	2	686962	94.9005
zeuren WW(pv,tgw,ev)	2	686964	94.9008
zeuren WW(od,prenom,zonder)	2	686966	94.9011
zes TW(rang,prenom,stan)	2	686968	94.9013
zes N(soort,mv,basis)	2	686970	94.9016
zero SPEC(vreemd)	2	686972	94.9019
zender N(soort,ev,basis,zijd,stan)	2	686974	94.9022
zelfvertrouwen N(soort,ev,basis,onz,stan)	2	686976	94.9024
zelfgemaakt ADJ(prenom,basis,met-e,stan)	2	686978	94.9027
zeiltocht N(soort,ev,dim,onz,stan)	2	686980	94.903
zeilen WW(pv,tgw,ev)	2	686982	94.9033
zeil N(soort,ev,basis,onz,stan)	2	686984	94.9035
zeggeej N(soort,ev,basis,zijd,stan)	2	686986	94.9038
zegel N(soort,mv,dim)	2	686988	94.9041
zeer ADJ(vrij,basis,zonder)	2	686990	94.9044
zee N(soort,ev,dim,onz,stan)	2	686992	94.9047
zayco N(soort,ev,basis,zijd,stan)	2	686994	94.9049
zaventem N(soort,ev,basis,zijd,stan)	2	686996	94.9052
zatlap N(soort,ev,basis,zijd,stan)	2	686998	94.9055
zaterdagnacht N(soort,ev,basis,zijd,stan)	2	687000	94.9058
zara N(soort,ev,basis,zijd,stan)	2	687002	94.906
zalige N(soort,mv,basis)	2	687004	94.9063
zakmes N(soort,ev,basis,onz,stan)	2	687006	94.9066
zaklamp N(soort,ev,basis,zijd,stan)	2	687008	94.9069
zakgeld N(soort,ev,basis,onz,stan)	2	687010	94.9071
zakalmanak N(soort,ev,basis,zijd,stan)	2	687012	94.9074
zak N(soort,mv,dim)	2	687014	94.9077
zak N(soort,mv,basis)	2	687016	94.908
zagen WW(vd,vrij,zonder)	2	687018	94.9082
zagen WW(inf,nom,zonder,zonder-n)	2	687020	94.9085
zacht ADJ(vrij,dim,zonder)	2	687022	94.9088
zaagbal N(soort,ev,basis,zijd,stan)	2	687024	94.9091
yve N(soort,mv,basis)	2	687026	94.9093
yuuw N(soort,ev,basis,zijd,stan)	2	687028	94.9096
yus N(soort,ev,basis,zijd,stan)	2	687030	94.9099
yup N(soort,ev,basis,onz,stan)	2	687032	94.9102
youre SPEC(vreemd)	2	687034	94.9105
youp N(soort,ev,basis,zijd,stan)	2	687036	94.9107
yoow N(soort,ev,basis,onz,stan)	2	687038	94.911
yooow N(soort,ev,basis,onz,stan)	2	687040	94.9113
yesterday N(soort,ev,basis,zijd,stan)	2	687042	94.9116
yay N(soort,ev,basis,zijd,stan)	2	687044	94.9118
xxxxxxxxxxxxxxxxxxxxxxxxx N(soort,ev,basis,zijd,stan)	2	687046	94.9121
xxxxxxxxxxxxxxxxxxxx ADJ(vrij,basis,zonder)	2	687048	94.9124
xxxxxxxxxxxxxxxxxxx N(soort,ev,basis,zijd,stan)	2	687050	94.9127
xxxxxxxxxxxxxxxx N(soort,ev,basis,zijd,stan)	2	687052	94.9129
xxxxxxxxxxxxxxx N(soort,ev,basis,zijd,stan)	2	687054	94.9132
xxxxxxxxxx N(soort,ev,basis,zijd,stan)	2	687056	94.9135
xxxxxxxxx N(soort,ev,basis,zijd,stan)	2	687058	94.9138
xxm N(soort,ev,basis,zijd,stan)	2	687060	94.914
xxl N(soort,ev,basis,onz,stan)	2	687062	94.9143
xtina N(soort,ev,basis,zijd,stan)	2	687064	94.9146
xsch ADJ(vrij,basis,zonder)	2	687066	94.9149
xp BW()	2	687068	94.9152
xml N(soort,ev,basis,genus,stan)	2	687070	94.9154
xd ADJ(vrij,basis,zonder)	2	687072	94.9157
xXx SPEC(symb)	2	687074	94.916
wÃ©Ã©r N(soort,ev,basis,zijd,stan)	2	687076	94.9163
wÃ¡t VNW(vb,pron,stan,vol,3o,ev)	2	687078	94.9165
wy VNW(pers,pron,nomin,red,1,mv)	2	687080	94.9168
wy SPEC(vreemd)	2	687082	94.9171
ww WW(pv,tgw,met-t)	2	687084	94.9174
ww SPEC(symb)	2	687086	94.9176
ww N(soort,ev,basis,onz,stan)	2	687088	94.9179
wuk N(soort,ev,basis,zijd,stan)	2	687090	94.9182
wtf N(soort,ev,basis,zijd,stan)	2	687092	94.9185
wss SPEC(deeleigen)	2	687094	94.9187
wss N(soort,ev,basis,onz,stan)	2	687096	94.919
wschlk N(soort,ev,basis,onz,stan)	2	687098	94.9193
ws SPEC(vreemd)	2	687100	94.9196
ws ADJ(vrij,basis,zonder)	2	687102	94.9198
wrak N(soort,ev,basis,onz,stan)	2	687104	94.9201
wouter SPEC(vreemd)	2	687106	94.9204
wouter N(soort,ev,basis,onz,stan)	2	687108	94.9207
worth SPEC(vreemd)	2	687110	94.921
wortel N(soort,mv,basis)	2	687112	94.9212
wortel N(soort,ev,basis,zijd,stan)	2	687114	94.9215
worstelen WW(inf,vrij,zonder)	2	687116	94.9218
words SPEC(vreemd)	2	687118	94.9221
woord N(soort,ev,dim,onz,stan)	2	687120	94.9223
woonst N(soort,ev,basis,zijd,stan)	2	687122	94.9226
wooh ADJ(vrij,basis,zonder)	2	687124	94.9229
wont SPEC(vreemd)	2	687126	94.9232
woning N(soort,mv,basis)	2	687128	94.9234
wonderschoon ADJ(prenom,basis,met-e,stan)	2	687130	94.9237
wondering N(soort,ev,basis,zijd,stan)	2	687132	94.924
wonderful SPEC(vreemd)	2	687134	94.9243
wonder N(soort,mv,basis)	2	687136	94.9245
wolverine N(soort,ev,basis,zijd,stan)	2	687138	94.9248
wol N(soort,ev,basis,zijd,stan)	2	687140	94.9251
wokpan N(soort,ev,basis,zijd,stan)	2	687142	94.9254
woeps N(soort,mv,basis)	2	687144	94.9257
woensdagen SPEC(deeleigen)	2	687146	94.9259
woensdagavn WW(od,vrij,zonder)	2	687148	94.9262
woendag N(soort,ev,basis,zijd,stan)	2	687150	94.9265
woehoe N(soort,ev,basis,zijd,stan)	2	687152	94.9268
woe N(soort,ev,basis,onz,stan)	2	687154	94.927
wo. SPEC(afk)	2	687156	94.9273
wo VNW(pers,pron,nomin,red,1,mv)	2	687158	94.9276
wo SPEC(vreemd)	2	687160	94.9279
wnr WW(pv,tgw,ev)	2	687162	94.9281
wnn WW(pv,tgw,mv)	2	687164	94.9284
wken WW(od,vrij,zonder)	2	687166	94.9287
wizz N(soort,ev,basis,zijd,stan)	2	687168	94.929
witbier N(soort,ev,dim,onz,stan)	2	687170	94.9292
witbier N(soort,ev,basis,onz,stan)	2	687172	94.9295
wisselvallig ADJ(postnom,basis,zonder)	2	687174	94.9298
wisselgeld N(soort,ev,basis,onz,stan)	2	687176	94.9301
wish SPEC(vreemd)	2	687178	94.9303
wire SPEC(vreemd)	2	687180	94.9306
wintersport N(soort,ev,basis,zijd,stan)	2	687182	94.9309
winterjas N(soort,ev,basis,zijd,stan)	2	687184	94.9312
winners SPEC(vreemd)	2	687186	94.9315
winnen WW(pv,verl,ev)	2	687188	94.9317
winnen WW(pv,tgw,mv)	2	687190	94.932
winnen WW(pv,tgw,ev)	2	687192	94.9323
winkel N(soort,mv,dim)	2	687194	94.9326
wine SPEC(vreemd)	2	687196	94.9328
wim N(soort,ev,basis,onz,stan)	2	687198	94.9331
willing SPEC(vreemd)	2	687200	94.9334
willem SPEC(vreemd)	2	687202	94.9337
willekeurig ADJ(prenom,basis,zonder)	2	687204	94.9339
wijziging N(soort,ev,basis,zijd,stan)	2	687206	94.9342
wijzen WW(inf,vrij,zonder)	2	687208	94.9345
wijsmaken WW(inf,vrij,zonder)	2	687210	94.9348
wijnproeven WW(inf,vrij,zonder)	2	687212	94.935
wijk N(soort,ev,dim,onz,stan)	2	687214	94.9353
wifi SPEC(vreemd)	2	687216	94.9356
wifi N(soort,ev,basis,onz,stan)	2	687218	94.9359
wiezen WW(inf,vrij,zonder)	2	687220	94.9361
wiel N(soort,mv,basis)	2	687222	94.9364
wiel N(soort,ev,basis,onz,stan)	2	687224	94.9367
wiek ADJ(prenom,basis,met-e,stan)	2	687226	94.937
wiebetaaltwat.nl SPEC(symb)	2	687228	94.9373
wicht N(soort,ev,basis,onz,stan)	2	687230	94.9375
whopper N(soort,ev,basis,zijd,stan)	2	687232	94.9378
whoooooo N(soort,ev,basis,zijd,stan)	2	687234	94.9381
who's N(soort,mv,basis)	2	687236	94.9384
white SPEC(vreemd)	2	687238	94.9386
wheels SPEC(vreemd)	2	687240	94.9389
whats SPEC(vreemd)	2	687242	94.9392
wetteren N(soort,mv,basis)	2	687244	94.9395
wetn ADJ(postnom,basis,met-s)	2	687246	94.9397
weten WW(pv,verl,mv)	2	687248	94.94
weten WW(od,vrij,zonder)	2	687250	94.9403
westmalle N(soort,ev,basis,zijd,stan)	2	687252	94.9406
westermarkt N(soort,ev,basis,zijd,stan)	2	687254	94.9408
wesley N(soort,ev,basis,zijd,stan)	2	687256	94.9411
werkze WW(pv,verl,ev)	2	687258	94.9414
werkstudent N(soort,ev,basis,zijd,stan)	2	687260	94.9417
werkster N(soort,ev,basis,zijd,stan)	2	687262	94.942
werkse ADJ(nom,basis,met-e,zonder-n,stan)	2	687264	94.9422
werkplezier N(soort,ev,basis,onz,stan)	2	687266	94.9425
werknemer N(soort,ev,basis,zijd,stan)	2	687268	94.9428
werkmens N(soort,mv,basis)	2	687270	94.9431
werkloos ADJ(vrij,basis,zonder)	2	687272	94.9433
werkcollege N(soort,mv,basis)	2	687274	94.9436
wereldwinkel N(soort,ev,basis,zijd,stan)	2	687276	94.9439
wereldkampioen N(soort,ev,basis,zijd,stan)	2	687278	94.9442
wereldgeschiedenis N(soort,ev,basis,zijd,stan)	2	687280	94.9444
went SPEC(vreemd)	2	687282	94.9447
wenkbrauw N(soort,mv,basis)	2	687284	94.945
wembajenee N(soort,ev,basis,zijd,stan)	2	687286	94.9453
weltruste TW(rang,nom,zonder-n)	2	687288	94.9455
welp N(soort,mv,basis)	2	687290	94.9458
weldra BW()	2	687292	94.9461
wekker N(soort,mv,basis)	2	687294	94.9464
wekken WW(inf,vrij,zonder)	2	687296	94.9466
wekelijks ADJ(vrij,basis,zonder)	2	687298	94.9469
wekelijks ADJ(prenom,basis,met-e,stan)	2	687300	94.9472
weird N(soort,ev,basis,onz,stan)	2	687302	94.9475
wei N(soort,ev,basis,zijd,stan)	2	687304	94.9478
wehl WW(vd,vrij,zonder)	2	687306	94.948
wegraken WW(vd,vrij,zonder)	2	687308	94.9483
weggeven WW(pv,tgw,ev)	2	687310	94.9486
weggaan WW(pv,tgw,mv)	2	687312	94.9489
wegdoen WW(vd,vrij,zonder)	2	687314	94.9491
wegdoen WW(inf,vrij,zonder)	2	687316	94.9494
weergod N(soort,mv,basis)	2	687318	94.9497
week VG(neven)	2	687320	94.95
wee N(soort,ev,basis,onz,stan)	2	687322	94.9502
weduwe N(soort,ev,basis,zijd,stan)	2	687324	94.9505
wednesday SPEC(vreemd)	2	687326	94.9508
wedden WW(inf,vrij,zonder)	2	687328	94.9511
web N(soort,ev,basis,onz,stan)	2	687330	94.9513
we N(soort,ev,basis,zijd,stan)	2	687332	94.9516
wazzup N(soort,ev,basis,zijd,stan)	2	687334	94.9519
wazig ADJ(prenom,basis,met-e,stan)	2	687336	94.9522
waw VNW(vb,pron,stan,vol,3o,ev)	2	687338	94.9525
waterkoker N(soort,ev,basis,zijd,stan)	2	687340	94.9527
watch SPEC(vreemd)	2	687342	94.953
wassen WW(pv,verl,ev)	2	687344	94.9533
wassen WW(inf,nom,zonder,zonder-n)	2	687346	94.9536
washington N(soort,ev,basis,onz,stan)	2	687348	94.9538
wants SPEC(vreemd)	2	687350	94.9541
wandelen WW(pv,tgw,ev)	2	687352	94.9544
wan VZ(init)	2	687354	94.9547
walen WW(pv,verl,mv)	2	687356	94.9549
wakkah ADJ(vrij,basis,zonder)	2	687358	94.9552
wake N(soort,ev,basis,zijd,stan)	2	687360	94.9555
wad N(soort,ev,basis,onz,stan)	2	687362	94.9558
wachten WW(vd,vrij,zonder)	2	687364	94.956
waaw ADJ(vrij,basis,zonder)	2	687366	94.9563
waarna BW()	2	687368	94.9566
waarheen BW()	2	687370	94.9569
waarderen WW(inf,vrij,zonder)	2	687372	94.9571
waar ADJ(postnom,basis,met-s)	2	687374	94.9574
waanzinnig ADJ(prenom,basis,met-e,stan)	2	687376	94.9577
waalstrand N(soort,ev,basis,onz,stan)	2	687378	94.958
waalkade N(soort,ev,basis,zijd,stan)	2	687380	94.9583
waaah N(soort,ev,basis,onz,stan)	2	687382	94.9585
wa TSW(dial)	2	687384	94.9588
vuurspuwen WW(inf,nom,zonder,zonder-n)	2	687386	94.9591
vuurdoop N(soort,ev,basis,zijd,stan)	2	687388	94.9594
vullen WW(vd,vrij,zonder)	2	687390	94.9596
vullen WW(vd,prenom,met-e)	2	687392	94.9599
vs N(soort,mv,basis)	2	687394	94.9602
vrydag WW(pv,verl,ev)	2	687396	94.9605
vrydag ADJ(vrij,basis,zonder)	2	687398	94.9607
vrucht N(soort,mv,basis)	2	687400	94.961
vrouwmens N(soort,ev,basis,onz,stan)	2	687402	94.9613
vrijpartij N(soort,ev,basis,zijd,stan)	2	687404	94.9616
vrijmibo N(soort,ev,basis,zijd,stan)	2	687406	94.9618
vrijmaken WW(vd,vrij,zonder)	2	687408	94.9621
vrijheid N(soort,ev,basis,zijd,stan)	2	687410	94.9624
vrijgezel N(soort,mv,basis)	2	687412	94.9627
vrijgezel N(soort,ev,basis,zijd,stan)	2	687414	94.9629
vrijgezel ADJ(prenom,basis,met-e,stan)	2	687416	94.9632
vrijdagsmarkt WW(vd,vrij,zonder)	2	687418	94.9635
vrijdagnacht N(soort,ev,basis,zijd,stan)	2	687420	94.9638
vrijdag N(soort,ev,basis,gen)	2	687422	94.9641
vrij ADJ(prenom,basis,zonder)	2	687424	94.9643
vriendin N(soort,mv,dim)	2	687426	94.9646
vriendelijk ADJ(prenom,basis,zonder)	2	687428	94.9649
vreten WW(inf,vrij,zonder)	2	687430	94.9652
vreselijk ADJ(prenom,basis,zonder)	2	687432	94.9654
vreetos N(soort,ev,basis,zijd,stan)	2	687434	94.9657
vreete WW(vd,prenom,met-e)	2	687436	94.966
vreemd ADJ(prenom,sup,met-e,stan)	2	687438	94.9663
vrede N(soort,ev,basis,zijd,stan)	2	687440	94.9665
vragn SPEC(vreemd)	2	687442	94.9668
vrage ADJ(prenom,basis,met-e,stan)	2	687444	94.9671
vraag N(soort,mv,dim)	2	687446	94.9674
vr WW(pv,tgw,met-t)	2	687448	94.9676
vr ADJ(prenom,comp,zonder)	2	687450	94.9679
vp WW(pv,verl,ev)	2	687452	94.9682
vous SPEC(vreemd)	2	687454	94.9685
vossenveld N(soort,ev,basis,onz,stan)	2	687456	94.9688
vosselaar N(soort,ev,basis,zijd,stan)	2	687458	94.969
vorte ADJ(prenom,basis,met-e,stan)	2	687460	94.9693
vorm N(soort,mv,basis)	2	687462	94.9696
vorderen WW(vd,vrij,zonder)	2	687464	94.9699
vor VZ(init)	2	687466	94.9701
voorzitten WW(inf,vrij,zonder)	2	687468	94.9704
voorzien WW(pv,tgw,ev)	2	687470	94.9707
voorzien WW(inf,vrij,zonder)	2	687472	94.971
voorzet N(soort,ev,basis,zijd,stan)	2	687474	94.9712
voorwa N(soort,ev,basis,zijd,stan)	2	687476	94.9715
voortgang N(soort,ev,basis,zijd,stan)	2	687478	94.9718
voorstuk N(soort,mv,dim)	2	687480	94.9721
voorstellen WW(pv,tgw,met-t)	2	687482	94.9723
voorstel N(soort,mv,basis)	2	687484	94.9726
voorspelling N(soort,mv,basis)	2	687486	94.9729
voorspelling N(soort,ev,basis,zijd,stan)	2	687488	94.9732
voorspellen WW(pv,tgw,mv)	2	687490	94.9734
voorschieten WW(inf,vrij,zonder)	2	687492	94.9737
voornaam ADJ(prenom,sup,met-e,stan)	2	687494	94.974
voorlichting N(soort,ev,basis,zijd,stan)	2	687496	94.9743
voorleggen WW(inf,vrij,zonder)	2	687498	94.9746
voorkomen WW(pv,tgw,met-t)	2	687500	94.9748
voorkomen WW(inf,vrij,zonder)	2	687502	94.9751
voorkant N(soort,ev,basis,zijd,stan)	2	687504	94.9754
voorhoofd N(soort,ev,basis,onz,stan)	2	687506	94.9757
voordelig ADJ(vrij,basis,zonder)	2	687508	94.9759
voorblad N(soort,ev,basis,onz,stan)	2	687510	94.9762
voorbeeldig ADJ(prenom,basis,met-e,stan)	2	687512	94.9765
voorbeeld N(soort,mv,basis)	2	687514	94.9768
voorbeeld N(soort,ev,basis,onz,stan)	2	687516	94.977
vooravond N(soort,ev,basis,zijd,stan)	2	687518	94.9773
vooraleer VG(onder)	2	687520	94.9776
voo N(soort,mv,basis)	2	687522	94.9779
vondet WW(pv,tgw,ev)	2	687524	94.9781
von SPEC(deeleigen)	2	687526	94.9784
volmaakt ADJ(vrij,basis,zonder)	2	687528	94.9787
volledig ADJ(prenom,basis,zonder)	2	687530	94.979
volkshuis N(soort,ev,basis,zijd,stan)	2	687532	94.9793
volhouden WW(pv,tgw,met-t)	2	687534	94.9795
volgen WW(inf,nom,zonder,zonder-n)	2	687536	94.9798
volendams ADJ(prenom,basis,met-e,stan)	2	687538	94.9801
voldoend ADJ(prenom,basis,met-e,stan)	2	687540	94.9804
vol ADJ(dial)	2	687542	94.9806
vogelnestje N(soort,mv,dim)	2	687544	94.9809
vogel N(soort,mv,dim)	2	687546	94.9812
vogel N(soort,mv,basis)	2	687548	94.9815
voetendokter N(soort,ev,basis,zijd,stan)	2	687550	94.9817
voetballen WW(vd,vrij,zonder)	2	687552	94.982
voet N(soort,mv,dim)	2	687554	94.9823
voer N(soort,ev,basis,onz,stan)	2	687556	94.9826
voedselvergiftiging N(soort,ev,basis,zijd,stan)	2	687558	94.9828
vocht N(soort,ev,basis,onz,stan)	2	687560	94.9831
vo WW(pv,tgw,ev)	2	687562	94.9834
vo SPEC(symb)	2	687564	94.9837
vnvnd BW()	2	687566	94.9839
vnv VZ(fin)	2	687568	94.9842
vnv N(soort,ev,basis,onz,stan)	2	687570	94.9845
vnv ADJ(vrij,basis,zonder)	2	687572	94.9848
vndg WW(pv,tgw,met-t)	2	687574	94.9851
vlucht N(soort,mv,basis)	2	687576	94.9853
vlotten WW(pv,tgw,mv)	2	687578	94.9856
vlientje N(soort,ev,dim,onz,stan)	2	687580	94.9859
vlieg N(soort,mv,basis)	2	687582	94.9862
vlgden WW(vd,vrij,zonder)	2	687584	94.9864
vlasmarkt N(soort,ev,basis,zijd,stan)	2	687586	94.9867
vlam N(soort,ev,basis,zijd,stan)	2	687588	94.987
vlag N(soort,mv,basis)	2	687590	94.9873
vlaag N(soort,mv,basis)	2	687592	94.9875
vitamine N(soort,mv,basis)	2	687594	94.9878
visum N(soort,mv,basis)	2	687596	94.9881
visser N(soort,ev,basis,zijd,stan)	2	687598	94.9884
vissen WW(inf,vrij,zonder)	2	687600	94.9886
visitekaartje N(soort,mv,dim)	2	687602	94.9889
virginie N(soort,ev,basis,zijd,stan)	2	687604	94.9892
vip N(soort,ev,basis,zijd,stan)	2	687606	94.9895
vink N(soort,ev,dim,onz,stan)	2	687608	94.9897
vindn WW(inf,vrij,zonder)	2	687610	94.99
vindet WW(pv,tgw,ev)	2	687612	94.9903
vincent N(soort,ev,basis,zijd,stan)	2	687614	94.9906
vin SPEC(vreemd)	2	687616	94.9909
vile N(soort,ev,basis,zijd,stan)	2	687618	94.9911
vikings SPEC(vreemd)	2	687620	94.9914
vijzen WW(inf,vrij,zonder)	2	687622	94.9917
vijver N(soort,ev,basis,zijd,stan)	2	687624	94.992
viezigheid N(soort,ev,basis,zijd,stan)	2	687626	94.9922
vies ADJ(prenom,basis,met-e,stan)	2	687628	94.9925
vieren WW(inf,nom,zonder,zonder-n)	2	687630	94.9928
vief ADJ(vrij,basis,zonder)	2	687632	94.9931
video SPEC(vreemd)	2	687634	94.9933
vh ADJ(prenom,basis,zonder)	2	687636	94.9936
vga-tulp N(soort,ev,basis,zijd,stan)	2	687638	94.9939
veul N(soort,ev,basis,onz,stan)	2	687640	94.9942
vetrekken WW(inf,vrij,zonder)	2	687642	94.9944
vetput N(soort,ev,basis,zijd,stan)	2	687644	94.9947
vet N(soort,mv,basis)	2	687646	94.995
vesper ADJ(prenom,comp,zonder)	2	687648	94.9953
verzorgingstehuis N(soort,ev,basis,onz,stan)	2	687650	94.9956
verzorgen WW(vd,vrij,zonder)	2	687652	94.9958
verzoeken WW(vd,vrij,zonder)	2	687654	94.9961
verzoek N(soort,ev,dim,onz,stan)	2	687656	94.9964
verzinnen WW(vd,vrij,zonder)	2	687658	94.9967
verzinnen WW(pv,tgw,ev)	2	687660	94.9969
verzilveren WW(inf,vrij,zonder)	2	687662	94.9972
verzetten WW(vd,vrij,zonder)	2	687664	94.9975
verzendkosten N(soort,mv,basis)	2	687666	94.9978
verzend SPEC(meta)	2	687668	94.998
verzekeren WW(vd,vrij,zonder)	2	687670	94.9983
verzamelen WW(vd,vrij,zonder)	2	687672	94.9986
verzachten WW(inf,vrij,zonder)	2	687674	94.9989
verwoed ADJ(prenom,basis,met-e,stan)	2	687676	94.9991
verwittigen WW(pv,tgw,ev)	2	687678	94.9994
verwijfd ADJ(vrij,basis,zonder)	2	687680	94.9997
verwennerij N(soort,ev,basis,zijd,stan)	2	687682	95
verwennen WW(vd,prenom,met-e)	2	687684	95.0002
verwennen WW(pv,tgw,mv)	2	687686	95.0005
verwarren WW(od,prenom,met-e)	2	687688	95.0008
verwachten WW(vd,prenom,met-e)	2	687690	95.0011
vervroegen WW(inf,vrij,zonder)	2	687692	95.0014
vervoeren WW(inf,vrij,zonder)	2	687694	95.0016
vervelen WW(vd,vrij,zonder)	2	687696	95.0019
vervelen WW(pv,tgw,mv)	2	687698	95.0022
vervanging N(soort,ev,basis,zijd,stan)	2	687700	95.0025
vervallen WW(pv,tgw,met-t)	2	687702	95.0027
veruit BW()	2	687704	95.003
vertrekhal N(soort,ev,basis,zijd,stan)	2	687706	95.0033
vertraging N(soort,mv,basis)	2	687708	95.0036
vertragen WW(vd,prenom,met-e)	2	687710	95.0038
verticaal ADJ(prenom,basis,met-e,stan)	2	687712	95.0041
versturen WW(pv,tgw,ev)	2	687714	95.0044
versturen WW(inf,nom,zonder,zonder-n)	2	687716	95.0047
verstrooien WW(inf,vrij,zonder)	2	687718	95.0049
verstoren WW(vd,vrij,zonder)	2	687720	95.0052
versterking N(soort,ev,basis,zijd,stan)	2	687722	95.0055
verstandskies N(soort,ev,basis,zijd,stan)	2	687724	95.0058
verstandig ADJ(vrij,comp,zonder)	2	687726	95.0061
verstaan WW(pv,tgw,met-t)	2	687728	95.0063
verstaan WW(pv,tgw,ev)	2	687730	95.0066
verslag N(soort,ev,dim,onz,stan)	2	687732	95.0069
versgebakken ADJ(prenom,basis,zonder)	2	687734	95.0072
verschuiven WW(vd,vrij,zonder)	2	687736	95.0074
verschrikkellijk ADJ(vrij,basis,zonder)	2	687738	95.0077
verschijnen WW(pv,tgw,mv)	2	687740	95.008
versch ADJ(prenom,basis,zonder)	2	687742	95.0083
vers ADJ(prenom,basis,zonder)	2	687744	95.0085
verrekt ADJ(prenom,basis,met-e,stan)	2	687746	95.0088
verrekken WW(vd,vrij,zonder)	2	687748	95.0091
verplichting N(soort,ev,basis,zijd,stan)	2	687750	95.0094
verpletteren WW(inf,vrij,zonder)	2	687752	95.0096
verpleging N(soort,ev,basis,zijd,stan)	2	687754	95.0099
verplaatsen WW(pv,tgw,met-t)	2	687756	95.0102
verpesten WW(inf,vrij,zonder)	2	687758	95.0105
vermogen N(soort,ev,basis,onz,stan)	2	687760	95.0107
vermoeien WW(vd,vrij,zonder)	2	687762	95.011
vermoeien WW(vd,prenom,met-e)	2	687764	95.0113
vermelden WW(inf,vrij,zonder)	2	687766	95.0116
vermeire SPEC(deeleigen)	2	687768	95.0119
vermaken WW(pv,tgw,met-t)	2	687770	95.0121
verluchten WW(inf,vrij,zonder)	2	687772	95.0124
verliezen WW(pv,verl,ev)	2	687774	95.0127
verlies N(soort,ev,basis,onz,stan)	2	687776	95.013
verliefder N(soort,ev,basis,zijd,stan)	2	687778	95.0132
verlenging N(soort,ev,basis,zijd,stan)	2	687780	95.0135
verlengen WW(vd,vrij,zonder)	2	687782	95.0138
verleiden WW(inf,vrij,zonder)	2	687784	95.0141
verlegen ADJ(vrij,basis,zonder)	2	687786	95.0143
verlaten WW(vd,vrij,zonder)	2	687788	95.0146
verlaat ADJ(prenom,basis,met-e,stan)	2	687790	95.0149
verkopen WW(pv,tgw,ev)	2	687792	95.0152
verkleden WW(vd,vrij,zonder)	2	687794	95.0154
verklaren WW(pv,tgw,ev)	2	687796	95.0157
verklaren WW(inf,vrij,zonder)	2	687798	95.016
verklappen WW(vd,vrij,zonder)	2	687800	95.0163
verklappen WW(inf,vrij,zonder)	2	687802	95.0165
verkiezen WW(pv,tgw,met-t)	2	687804	95.0168
verkering N(soort,ev,basis,zijd,stan)	2	687806	95.0171
verkeer N(soort,ev,basis,onz,stan)	2	687808	95.0174
verjaardagscadeau N(soort,ev,basis,onz,stan)	2	687810	95.0177
verjaardags ADJ(prenom,basis,zonder)	2	687812	95.0179
verjaardag N(soort,mv,basis)	2	687814	95.0182
verhuren WW(vd,vrij,zonder)	2	687816	95.0185
verhuizen WW(pv,tgw,met-t)	2	687818	95.0188
verhuizen WW(pv,tgw,ev)	2	687820	95.019
verhongeren WW(inf,vrij,zonder)	2	687822	95.0193
verhoging N(soort,ev,basis,zijd,stan)	2	687824	95.0196
verheugen WW(pv,tgw,ev)	2	687826	95.0199
vergoeding N(soort,ev,basis,zijd,stan)	2	687828	95.0201
vergissing N(soort,ev,basis,zijd,stan)	2	687830	95.0204
vergeten WW(pv,verl,ev)	2	687832	95.0207
vergete WW(pv,verl,ev)	2	687834	95.021
vergaderen WW(vd,vrij,zonder)	2	687836	95.0212
vergaderen WW(pv,tgw,mv)	2	687838	95.0215
verg. SPEC(afk)	2	687840	95.0218
vereren WW(vd,vrij,zonder)	2	687842	95.0221
vereniging N(soort,ev,basis,zijd,stan)	2	687844	95.0224
verdwijnen WW(pv,verl,ev)	2	687846	95.0226
verdriet N(soort,ev,basis,onz,stan)	2	687848	95.0229
verdomd ADJ(prenom,basis,met-e,stan)	2	687850	95.0232
verdict N(soort,ev,basis,onz,stan)	2	687852	95.0235
verderdoen WW(inf,vrij,zonder)	2	687854	95.0237
verdelen WW(inf,vrij,zonder)	2	687856	95.024
verdeelblokje N(soort,ev,dim,onz,stan)	2	687858	95.0243
verdedigen WW(vd,vrij,zonder)	2	687860	95.0246
verbruik N(soort,ev,basis,onz,stan)	2	687862	95.0248
verbreken WW(vd,vrij,zonder)	2	687864	95.0251
verbouwen WW(inf,vrij,zonder)	2	687866	95.0254
verbondsterrein N(soort,ev,basis,onz,stan)	2	687868	95.0257
verbondsfeest N(soort,ev,dim,onz,stan)	2	687870	95.0259
verbond N(soort,ev,basis,onz,stan)	2	687872	95.0262
verblijden WW(inf,vrij,zonder)	2	687874	95.0265
verbinden WW(inf,vrij,zonder)	2	687876	95.0268
verbeterwerk N(soort,ev,basis,onz,stan)	2	687878	95.027
verbetering N(soort,mv,basis)	2	687880	95.0273
verbazing N(soort,ev,basis,zijd,stan)	2	687882	95.0276
verbazen WW(pv,tgw,met-t)	2	687884	95.0279
verbazen WW(inf,vrij,zonder)	2	687886	95.0282
verbaasd WW(vd,vrij,zonder)	2	687888	95.0284
verassing N(soort,ev,basis,zijd,stan)	2	687890	95.0287
verantwoordelijk ADJ(vrij,basis,zonder)	2	687892	95.029
verandering N(soort,mv,basis)	2	687894	95.0293
veranderen WW(pv,tgw,mv)	2	687896	95.0295
ver ADJ(prenom,sup,met-e,stan)	2	687898	95.0298
ventilator N(soort,ev,basis,zijd,stan)	2	687900	95.0301
vent N(soort,ev,dim,onz,stan)	2	687902	95.0304
venlo N(soort,ev,basis,zijd,stan)	2	687904	95.0306
venetiÃ« SPEC(deeleigen)	2	687906	95.0309
vendredi SPEC(vreemd)	2	687908	95.0312
veld N(soort,mv,basis)	2	687910	95.0315
vegetarisch ADJ(prenom,basis,zonder)	2	687912	95.0317
vegetarisch ADJ(prenom,basis,met-e,stan)	2	687914	95.032
vegen WW(vd,vrij,zonder)	2	687916	95.0323
veerleplein N(soort,ev,basis,onz,stan)	2	687918	95.0326
veer N(soort,mv,basis)	2	687920	95.0329
veenendaal ADJ(vrij,basis,zonder)	2	687922	95.0331
veel VNW(onbep,grad,stan,nom,met-e,mv-n,sup)	2	687924	95.0334
veel VNW(onbep,grad,stan,nom,met-e,mv-n,basis)	2	687926	95.0337
veehouder N(soort,mv,basis)	2	687928	95.034
veegwagen N(soort,mv,basis)	2	687930	95.0342
veeel ADJ(vrij,basis,zonder)	2	687932	95.0345
vee N(soort,ev,basis,onz,stan)	2	687934	95.0348
vechtpartij N(soort,ev,basis,zijd,stan)	2	687936	95.0351
vechten WW(pv,verl,ev)	2	687938	95.0353
vechten WW(inf,nom,zonder,zonder-n)	2	687940	95.0356
vdw WW(pv,tgw,met-t)	2	687942	95.0359
vastpakken WW(inf,vrij,zonder)	2	687944	95.0362
vastlopen WW(vd,vrij,zonder)	2	687946	95.0364
vastleggen WW(vd,vrij,zonder)	2	687948	95.0367
vas N(soort,ev,basis,onz,stan)	2	687950	95.037
vanzelfsprekend ADJ(vrij,basis,zonder)	2	687952	95.0373
vanwaar BW()	2	687954	95.0375
vant N(soort,ev,basis,zijd,stan)	2	687956	95.0378
vannamiddag BW()	2	687958	95.0381
vangen WW(pv,tgw,met-t)	2	687960	95.0384
vanderlinden N(soort,mv,basis)	2	687962	95.0387
vanbinnen BW()	2	687964	95.0389
vanavnd WW(vd,vrij,zonder)	2	687966	95.0392
vanavnd SPEC(vreemd)	2	687968	95.0395
vanachter BW()	2	687970	95.0398
vanaaf WW(pv,tgw,ev)	2	687972	95.04
van SPEC(vreemd)	2	687974	95.0403
vamavond N(soort,ev,basis,zijd,stan)	2	687976	95.0406
vals ADJ(vrij,basis,zonder)	2	687978	95.0409
vals ADJ(prenom,basis,zonder)	2	687980	95.0411
valreep N(soort,ev,basis,zijd,stan)	2	687982	95.0414
valk N(soort,ev,basis,zijd,stan)	2	687984	95.0417
valentijnseditie N(soort,ev,basis,zijd,stan)	2	687986	95.042
vakmanschap N(soort,ev,basis,onz,stan)	2	687988	95.0422
vakbond N(soort,mv,basis)	2	687990	95.0425
vakantie N(soort,mv,basis)	2	687992	95.0428
vaio N(soort,mv,basis)	2	687994	95.0431
vaio N(soort,ev,basis,zijd,stan)	2	687996	95.0433
vaat N(soort,ev,basis,zijd,stan)	2	687998	95.0436
vaas N(soort,ev,basis,zijd,stan)	2	688000	95.0439
v BW()	2	688002	95.0442
uzelf VNW(pr,pron,obl,nadr,2,getal)	2	688004	95.0445
utca SPEC(deeleigen)	2	688006	95.0447
usual SPEC(vreemd)	2	688008	95.045
updates SPEC(vreemd)	2	688010	95.0453
unreal N(soort,ev,basis,zijd,stan)	2	688012	95.0456
universiteit N(soort,mv,basis)	2	688014	95.0458
univer N(soort,mv,basis)	2	688016	95.0461
univ N(soort,mv,basis)	2	688018	95.0464
uniek ADJ(vrij,basis,zonder)	2	688020	95.0467
underway SPEC(vreemd)	2	688022	95.0469
underground SPEC(vreemd)	2	688024	95.0472
under SPEC(vreemd)	2	688026	95.0475
un-riksha-able SPEC(vreemd)	2	688028	95.0478
ultiem ADJ(prenom,basis,met-e,stan)	2	688030	95.048
ulle VNW(pers,pron,dial)	2	688032	95.0483
ulder VNW(bez,det,dial)	2	688034	95.0486
uke N(soort,ev,dim,onz,stan)	2	688036	95.0489
uk WW(pv,tgw,ev)	2	688038	95.0492
uk N(soort,ev,basis,onz,stan)	2	688040	95.0494
uj SPEC(vreemd)	2	688042	95.0497
uitzijn WW(vd,vrij,zonder)	2	688044	95.05
uitzien WW(pv,verl,ev)	2	688046	95.0503
uitzien WW(inf,vrij,zonder)	2	688048	95.0505
uitzetten WW(pv,tgw,ev)	2	688050	95.0508
uitzendbureau N(soort,ev,basis,onz,stan)	2	688052	95.0511
uitwerken WW(inf,vrij,zonder)	2	688054	95.0514
uitvoer WW(inf,vrij,zonder)	2	688056	95.0516
uitvinder N(soort,mv,basis)	2	688058	95.0519
uitvinden WW(inf,vrij,zonder)	2	688060	95.0522
uittrekken WW(vd,vrij,zonder)	2	688062	95.0525
uitsterven WW(vd,vrij,zonder)	2	688064	95.0527
uitstekend ADJ(prenom,basis,zonder)	2	688066	95.053
uitstekend ADJ(prenom,basis,met-e,stan)	2	688068	95.0533
uitstappen WW(pv,tgw,mv)	2	688070	95.0536
uitsluiten WW(vd,vrij,zonder)	2	688072	95.0538
uitslag N(soort,mv,basis)	2	688074	95.0541
uitschrijven WW(inf,vrij,zonder)	2	688076	95.0544
uitrusten WW(inf,nom,zonder,zonder-n)	2	688078	95.0547
uitrekenen WW(vd,vrij,zonder)	2	688080	95.055
uitpuffen WW(inf,vrij,zonder)	2	688082	95.0552
uitpraten WW(vd,vrij,zonder)	2	688084	95.0555
uitnodiging N(soort,mv,basis)	2	688086	95.0558
uitmaken WW(pv,tgw,met-t)	2	688088	95.0561
uitlezen WW(inf,vrij,zonder)	2	688090	95.0563
uitkiezen WW(inf,vrij,zonder)	2	688092	95.0566
uithuilen WW(inf,vrij,zonder)	2	688094	95.0569
uitgooien WW(inf,vrij,zonder)	2	688096	95.0572
uitgeven WW(vd,vrij,zonder)	2	688098	95.0574
uitgeven WW(pv,tgw,mv)	2	688100	95.0577
uitgeven WW(inf,vrij,zonder)	2	688102	95.058
uitgebrakt WW(vd,vrij,zonder)	2	688104	95.0583
uitgaan WW(pv,tgw,met-t)	2	688106	95.0585
uitgaan WW(pv,tgw,ev)	2	688108	95.0588
uiteten WW(vd,vrij,zonder)	2	688110	95.0591
uiterst ADJ(vrij,basis,zonder)	2	688112	95.0594
uitdaging N(soort,mv,basis)	2	688114	95.0597
uitbreiden WW(vd,prenom,met-e)	2	688116	95.0599
uitbrakken WW(inf,vrij,zonder)	2	688118	95.0602
ugent N(soort,ev,basis,zijd,stan)	2	688120	95.0605
udyan SPEC(vreemd)	2	688122	95.0608
uberhaupt WW(vd,vrij,zonder)	2	688124	95.061
uberhaupt N(soort,ev,basis,zijd,stan)	2	688126	95.0613
tzt N(soort,ev,basis,onz,stan)	2	688128	95.0616
tzelfde WW(vd,prenom,met-e)	2	688130	95.0619
typisch ADJ(prenom,basis,met-e,stan)	2	688132	95.0621
tyfus N(soort,ev,basis,zijd,stan)	2	688134	95.0624
tyd N(soort,ev,basis,zijd,stan)	2	688136	95.0627
twitter N(soort,ev,basis,onz,stan)	2	688138	95.063
twente WW(pv,verl,ev)	2	688140	95.0632
twelve SPEC(vreemd)	2	688142	95.0635
tweemaal BW()	2	688144	95.0638
twas SPEC(vreemd)	2	688146	95.0641
tvolgende N(soort,ev,basis,zijd,stan)	2	688148	95.0643
tv-film N(soort,ev,basis,zijd,stan)	2	688150	95.0646
tussenuur N(soort,ev,basis,onz,stan)	2	688152	95.0649
tussentijds ADJ(prenom,basis,met-e,stan)	2	688154	95.0652
tussentijd N(soort,ev,basis,zijd,stan)	2	688156	95.0655
tussenstop N(soort,mv,basis)	2	688158	95.0657
tussenkomen WW(vd,vrij,zonder)	2	688160	95.066
tunen N(soort,mv,basis)	2	688162	95.0663
tuinhuis N(soort,ev,basis,onz,stan)	2	688164	95.0666
tuinfeest N(soort,ev,basis,onz,stan)	2	688166	95.0668
tststs N(soort,mv,basis)	2	688168	95.0671
tsts N(soort,mv,basis)	2	688170	95.0674
tstad WW(pv,verl,ev)	2	688172	95.0677
tstad N(soort,ev,basis,zijd,stan)	2	688174	95.0679
tstaat N(soort,ev,basis,zijd,stan)	2	688176	95.0682
tsssss N(soort,ev,basis,zijd,stan)	2	688178	95.0685
tss N(soort,mv,basis)	2	688180	95.0688
tss N(soort,ev,basis,zijd,stan)	2	688182	95.069
tschÃ¼ss N(soort,ev,basis,zijd,stan)	2	688184	95.0693
truuk N(soort,ev,basis,zijd,stan)	2	688186	95.0696
trut N(soort,ev,basis,zijd,stan)	2	688188	95.0699
truste BW()	2	688190	95.0702
trug WW(pv,verl,ev)	2	688192	95.0704
trucker N(soort,ev,basis,zijd,stan)	2	688194	95.0707
truc N(soort,ev,dim,onz,stan)	2	688196	95.071
truc N(soort,ev,basis,zijd,stan)	2	688198	95.0713
troubles SPEC(vreemd)	2	688200	95.0715
trots N(soort,ev,basis,zijd,stan)	2	688202	95.0718
trots ADJ(prenom,basis,met-e,stan)	2	688204	95.0721
troela N(soort,ev,basis,zijd,stan)	2	688206	95.0724
troela N(soort,ev,basis,onz,stan)	2	688208	95.0726
trip N(soort,ev,dim,onz,stan)	2	688210	95.0729
trilfunctie N(soort,ev,basis,zijd,stan)	2	688212	95.0732
triest ADJ(vrij,basis,zonder)	2	688214	95.0735
triep N(soort,mv,dim)	2	688216	95.0737
tribune N(soort,ev,basis,zijd,stan)	2	688218	95.074
trg ADJ(vrij,basis,zonder)	2	688220	95.0743
tres SPEC(vreemd)	2	688222	95.0746
treinverkeer N(soort,ev,basis,onz,stan)	2	688224	95.0748
treins N(soort,mv,basis)	2	688226	95.0751
treinrit N(soort,ev,basis,zijd,stan)	2	688228	95.0754
treinreis N(soort,ev,basis,zijd,stan)	2	688230	95.0757
treinkaart N(soort,ev,basis,zijd,stan)	2	688232	95.076
tregent N(soort,ev,basis,zijd,stan)	2	688234	95.0762
treffen WW(pv,tgw,mv)	2	688236	95.0765
treffen WW(pv,tgw,ev)	2	688238	95.0768
trappen WW(inf,vrij,zonder)	2	688240	95.0771
transparant N(soort,ev,basis,onz,stan)	2	688242	95.0773
transparant ADJ(vrij,basis,zonder)	2	688244	95.0776
transformer N(soort,ev,basis,zijd,stan)	2	688246	95.0779
tramhalte N(soort,ev,basis,zijd,stan)	2	688248	95.0782
tram SPEC(vreemd)	2	688250	95.0784
trakteren WW(pv,verl,ev)	2	688252	95.0787
trainingspak N(soort,ev,basis,onz,stan)	2	688254	95.079
train SPEC(vreemd)	2	688256	95.0793
trailer N(soort,mv,basis)	2	688258	95.0795
traditie N(soort,ev,basis,zijd,stan)	2	688260	95.0798
trachten WW(pv,tgw,ev)	2	688262	95.0801
traag ADJ(prenom,basis,met-e,stan)	2	688264	95.0804
tozzo N(soort,ev,basis,zijd,stan)	2	688266	95.0806
tovenaar N(soort,ev,basis,zijd,stan)	2	688268	95.0809
tour SPEC(vreemd)	2	688270	95.0812
toulouse N(soort,ev,basis,zijd,stan)	2	688272	95.0815
touch SPEC(vreemd)	2	688274	95.0818
totzo N(soort,ev,basis,zijd,stan)	2	688276	95.082
topgrap N(soort,ev,basis,zijd,stan)	2	688278	95.0823
topchef N(soort,ev,basis,zijd,stan)	2	688280	95.0826
top SPEC(vreemd)	2	688282	95.0829
took SPEC(vreemd)	2	688284	95.0831
tooghedag N(soort,mv,basis)	2	688286	95.0834
tongzoen N(soort,mv,basis)	2	688288	95.0837
tonen WW(vd,vrij,zonder)	2	688290	95.084
tomtom N(soort,ev,basis,onz,stan)	2	688292	95.0842
tomo N(soort,ev,basis,zijd,stan)	2	688294	95.0845
tomo ADJ(vrij,basis,zonder)	2	688296	95.0848
tombolaprijs N(soort,mv,basis)	2	688298	95.0851
tombola N(soort,ev,basis,zijd,stan)	2	688300	95.0853
tomas N(soort,ev,basis,onz,stan)	2	688302	95.0856
tomaat N(soort,mv,dim)	2	688304	95.0859
tom ADJ(vrij,basis,zonder)	2	688306	95.0862
toko N(soort,ev,basis,zijd,stan)	2	688308	95.0865
toga N(soort,ev,basis,zijd,stan)	2	688310	95.0867
tog N(soort,ev,basis,zijd,stan)	2	688312	95.087
tof ADJ(dial)	2	688314	95.0873
toezeggen WW(vd,vrij,zonder)	2	688316	95.0876
toetsenbord N(soort,ev,basis,onz,stan)	2	688318	95.0878
toeteren WW(od,prenom,met-e)	2	688320	95.0881
toeter N(soort,ev,basis,zijd,stan)	2	688322	95.0884
toeschouwer N(soort,mv,basis)	2	688324	95.0887
toepassen WW(vd,vrij,zonder)	2	688326	95.0889
toepassen WW(vd,prenom,met-e)	2	688328	95.0892
toepasselijk ADJ(vrij,basis,zonder)	2	688330	95.0895
toeme N(soort,ev,basis,onz,stan)	2	688332	95.0898
toelaten WW(pv,tgw,ev)	2	688334	95.09
toekomen WW(pv,tgw,mv)	2	688336	95.0903
toekomen WW(pv,tgw,ev)	2	688338	95.0906
tochtig ADJ(prenom,basis,zonder)	2	688340	95.0909
toblerone N(soort,ev,basis,zijd,stan)	2	688342	95.0911
tobeke N(soort,ev,basis,zijd,stan)	2	688344	95.0914
tm SPEC(symb)	2	688346	95.0917
tlukt WW(vd,vrij,zonder)	2	688348	95.092
tliggen WW(pv,tgw,met-t)	2	688350	95.0923
tjonge ADJ(prenom,basis,met-e,stan)	2	688352	95.0925
tjes N(soort,mv,dim)	2	688354	95.0928
tjek N(soort,ev,basis,zijd,stan)	2	688356	95.0931
tjeerd WW(vd,vrij,zonder)	2	688358	95.0934
tjaptjoi N(soort,ev,basis,zijd,stan)	2	688360	95.0936
tis WW(pv,tgw,ev)	2	688362	95.0939
tippen WW(pv,tgw,met-t)	2	688364	95.0942
tiny SPEC(vreemd)	2	688366	95.0945
tine SPEC(vreemd)	2	688368	95.0947
tina N(soort,ev,basis,zijd,stan)	2	688370	95.095
tin SPEC(vreemd)	2	688372	95.0953
timmos N(soort,ev,basis,zijd,stan)	2	688374	95.0956
timmoooooos ADJ(vrij,basis,zonder)	2	688376	95.0958
time's N(soort,mv,basis)	2	688378	95.0961
tilburgs ADJ(prenom,basis,met-e,stan)	2	688380	95.0964
tilburg SPEC(vreemd)	2	688382	95.0967
tijn N(soort,ev,basis,zijd,stan)	2	688384	95.097
tijdstechnisch ADJ(vrij,basis,zonder)	2	688386	95.0972
tijdrit N(soort,ev,basis,zijd,stan)	2	688388	95.0975
tiet N(soort,ev,basis,zijd,stan)	2	688390	95.0978
tien N(soort,ev,basis,zijd,stan)	2	688392	95.0981
tie-rip N(soort,ev,basis,zijd,stan)	2	688394	95.0983
ticket N(soort,ev,basis,genus,stan)	2	688396	95.0986
ti TSW()	2	688398	95.0989
thx SPEC(vreemd)	2	688400	95.0992
thuiskomen WW(pv,tgw,ev)	2	688402	95.0994
thuishaven N(soort,ev,basis,zijd,stan)	2	688404	95.0997
thuisblijven WW(vd,vrij,zonder)	2	688406	95.1
thuis.ko SPEC(symb)	2	688408	95.1003
thriller N(soort,ev,basis,zijd,stan)	2	688410	95.1005
thousand SPEC(vreemd)	2	688412	95.1008
though ADJ(vrij,basis,zonder)	2	688414	95.1011
thirty SPEC(vreemd)	2	688416	95.1014
third SPEC(vreemd)	2	688418	95.1016
thinks ADJ(vrij,basis,zonder)	2	688420	95.1019
thesis N(soort,mv,basis)	2	688422	95.1022
thermostaat N(soort,ev,basis,zijd,stan)	2	688424	95.1025
thermo N(soort,ev,basis,onz,stan)	2	688426	95.1028
theoretisch ADJ(prenom,basis,zonder)	2	688428	95.103
theatervoorstelling N(soort,ev,basis,zijd,stan)	2	688430	95.1033
that SPEC(deeleigen)	2	688432	95.1036
thanx SPEC(deeleigen)	2	688434	95.1039
thanks BW()	2	688436	95.1041
thamel N(soort,ev,basis,zijd,stan)	2	688438	95.1044
thai N(soort,ev,basis,zijd,stan)	2	688440	95.1047
tha N(soort,ev,basis,zijd,stan)	2	688442	95.105
text WW(pv,tgw,ev)	2	688444	95.1052
texel WW(pv,tgw,ev)	2	688446	95.1055
texel N(soort,ev,basis,zijd,stan)	2	688448	95.1058
tevens BW()	2	688450	95.1061
teun N(soort,ev,basis,zijd,stan)	2	688452	95.1063
teug N(soort,mv,basis)	2	688454	95.1066
testshoot N(soort,ev,basis,zijd,stan)	2	688456	95.1069
test N(soort,mv,basis)	2	688458	95.1072
test N(soort,ev,dim,onz,stan)	2	688460	95.1074
terzijde BW()	2	688462	95.1077
terugzetten WW(inf,vrij,zonder)	2	688464	95.108
terugsturen WW(vd,vrij,zonder)	2	688466	95.1083
terugstorten WW(vd,vrij,zonder)	2	688468	95.1086
terugsmsen WW(inf,vrij,zonder)	2	688470	95.1088
terugmailen WW(inf,vrij,zonder)	2	688472	95.1091
teruglopen WW(inf,vrij,zonder)	2	688474	95.1094
terugkomen WW(pv,verl,ev)	2	688476	95.1097
terugkeren WW(inf,vrij,zonder)	2	688478	95.1099
teruggeven WW(vd,vrij,zonder)	2	688480	95.1102
terugbrengen WW(inf,vrij,zonder)	2	688482	95.1105
terugbellen WW(vd,vrij,zonder)	2	688484	95.1108
teras N(soort,ev,dim,onz,stan)	2	688486	95.111
tepel N(soort,mv,dim)	2	688488	95.1113
tentamenweek N(soort,ev,basis,zijd,stan)	2	688490	95.1116
tent N(soort,ev,dim,onz,stan)	2	688492	95.1119
tempelier N(soort,mv,basis)	2	688494	95.1121
tem WW(pv,verl,ev)	2	688496	95.1124
tem N(soort,ev,basis,zijd,stan)	2	688498	95.1127
telnr N(soort,ev,basis,onz,stan)	2	688500	95.113
tellen WW(vd,vrij,zonder)	2	688502	95.1133
televee N(soort,ev,basis,zijd,stan)	2	688504	95.1135
teleurstellen WW(inf,vrij,zonder)	2	688506	95.1138
teleur BW()	2	688508	95.1141
telepathie N(soort,ev,basis,zijd,stan)	2	688510	95.1144
telenetman N(soort,ev,basis,zijd,stan)	2	688512	95.1146
telenet N(soort,ev,basis,zijd,stan)	2	688514	95.1149
telenet N(soort,ev,basis,onz,stan)	2	688516	95.1152
telefoonnummer N(soort,ev,basis,zijd,stan)	2	688518	95.1155
telefoonnr N(soort,ev,basis,zijd,stan)	2	688520	95.1157
telefoongesprek N(soort,ev,basis,onz,stan)	2	688522	95.116
telefoneren WW(inf,vrij,zonder)	2	688524	95.1163
tekenen WW(inf,nom,zonder,zonder-n)	2	688526	95.1166
tegenzin N(soort,ev,basis,zijd,stan)	2	688528	95.1168
tegenwind N(soort,ev,basis,zijd,stan)	2	688530	95.1171
tegenhouden WW(inf,vrij,zonder)	2	688532	95.1174
tegel N(soort,ev,dim,onz,stan)	2	688534	95.1177
teeuw N(soort,mv,basis)	2	688536	95.1179
technisch ADJ(vrij,basis,zonder)	2	688538	95.1182
teamindeling N(soort,ev,basis,zijd,stan)	2	688540	95.1185
teambespreking N(soort,ev,basis,zijd,stan)	2	688542	95.1188
tduren WW(pv,tgw,met-t)	2	688544	95.1191
taxiÃ«n WW(inf,vrij,zonder)	2	688546	95.1193
taxi SPEC(vreemd)	2	688548	95.1196
taxi N(soort,mv,basis)	2	688550	95.1199
tapijt N(soort,ev,basis,onz,stan)	2	688552	95.1202
tap N(soort,ev,basis,zijd,stan)	2	688554	95.1204
tankstation N(soort,ev,basis,onz,stan)	2	688556	95.1207
tanken WW(inf,nom,zonder,zonder-n)	2	688558	95.121
tanguy N(soort,ev,basis,onz,stan)	2	688560	95.1213
tang N(soort,ev,basis,zijd,stan)	2	688562	95.1215
tandvlees N(soort,ev,basis,onz,stan)	2	688564	95.1218
tandpijn N(soort,ev,basis,zijd,stan)	2	688566	95.1221
tandensmit N(soort,ev,basis,zijd,stan)	2	688568	95.1224
tandenborstel N(soort,ev,basis,zijd,stan)	2	688570	95.1226
tand N(soort,mv,dim)	2	688572	95.1229
tamtam N(soort,ev,basis,zijd,stan)	2	688574	95.1232
tamelijk ADJ(vrij,basis,zonder)	2	688576	95.1235
tal N(soort,ev,basis,onz,stan)	2	688578	95.1238
takraden WW(inf,vrij,zonder)	2	688580	95.124
takraad N(soort,ev,basis,onz,stan)	2	688582	95.1243
takenlijst N(soort,ev,basis,zijd,stan)	2	688584	95.1246
take-away N(soort,ev,basis,zijd,stan)	2	688586	95.1249
takdag N(soort,ev,basis,zijd,stan)	2	688588	95.1251
tagliatelle SPEC(vreemd)	2	688590	95.1254
tafereel N(soort,mv,basis)	2	688592	95.1257
tabel N(soort,ev,basis,zijd,stan)	2	688594	95.126
taalkundig ADJ(prenom,basis,met-e,stan)	2	688596	95.1262
taakje N(soort,ev,dim,onz,stan)	2	688598	95.1265
t.a.v. SPEC(afk)	2	688600	95.1268
sziget WW(vd,vrij,zonder)	2	688602	95.1271
syts N(soort,ev,dim,onz,stan)	2	688604	95.1273
synchroniseren N(soort,mv,basis)	2	688606	95.1276
sympathiek ADJ(vrij,basis,zonder)	2	688608	95.1279
symbolisch ADJ(vrij,basis,zonder)	2	688610	95.1282
switch N(soort,ev,basis,zijd,stan)	2	688612	95.1284
sweety N(soort,ev,basis,zijd,stan)	2	688614	95.1287
suz N(soort,mv,basis)	2	688616	95.129
sus N(soort,ev,basis,zijd,stan)	2	688618	95.1293
surveilleren WW(inf,vrij,zonder)	2	688620	95.1296
surprise N(soort,mv,basis)	2	688622	95.1298
surinaams ADJ(prenom,basis,met-e,stan)	2	688624	95.1301
superwijs N(soort,ev,basis,onz,stan)	2	688626	95.1304
superwarm ADJ(vrij,basis,zonder)	2	688628	95.1307
superverpleegster N(soort,ev,basis,zijd,stan)	2	688630	95.1309
supertof N(soort,ev,basis,zijd,stan)	2	688632	95.1312
supersnel ADJ(vrij,basis,zonder)	2	688634	95.1315
superslecht N(soort,ev,basis,onz,stan)	2	688636	95.1318
superruim ADJ(vrij,basis,zonder)	2	688638	95.132
superrr ADJ(vrij,comp,zonder)	2	688640	95.1323
supermooi ADJ(prenom,basis,zonder)	2	688642	95.1326
supergelukkig ADJ(prenom,basis,met-e,stan)	2	688644	95.1329
superfijn ADJ(vrij,basis,zonder)	2	688646	95.1331
superdruk ADJ(prenom,basis,met-e,stan)	2	688648	95.1334
supercool ADJ(prenom,basis,zonder)	2	688650	95.1337
superbenieuwd ADJ(vrij,basis,zonder)	2	688652	95.134
supah SPEC(vreemd)	2	688654	95.1342
supah N(soort,ev,basis,onz,stan)	2	688656	95.1345
sunshine SPEC(vreemd)	2	688658	95.1348
suggestion SPEC(vreemd)	2	688660	95.1351
suggest SPEC(vreemd)	2	688662	95.1354
succeswens N(soort,mv,basis)	2	688664	95.1356
succesvol ADJ(vrij,basis,zonder)	2	688666	95.1359
success SPEC(vreemd)	2	688668	95.1362
succeskus N(soort,ev,basis,zijd,stan)	2	688670	95.1365
submit N(soort,mv,basis)	2	688672	95.1367
subdomein N(soort,mv,basis)	2	688674	95.137
sub SPEC(vreemd)	2	688676	95.1373
style SPEC(vreemd)	2	688678	95.1376
stupid SPEC(vreemd)	2	688680	95.1378
stuk ADJ(vrij,basis,zonder)	2	688682	95.1381
stuiver N(soort,ev,basis,zijd,stan)	2	688684	95.1384
stuiter N(soort,ev,basis,zijd,stan)	2	688686	95.1387
stuff ADJ(vrij,basis,zonder)	2	688688	95.1389
studiereis N(soort,ev,basis,zijd,stan)	2	688690	95.1392
studielandschap N(soort,ev,basis,onz,stan)	2	688692	95.1395
studiegenoot N(soort,ev,basis,zijd,stan)	2	688694	95.1398
studieboek N(soort,mv,basis)	2	688696	95.1401
studeren WW(pv,verl,ev)	2	688698	95.1403
studeren WW(pv,tgw,met-t)	2	688700	95.1406
studeren WW(od,prenom,met-e)	2	688702	95.1409
studentenresidentie N(soort,ev,basis,zijd,stan)	2	688704	95.1412
studentenkaart N(soort,ev,basis,zijd,stan)	2	688706	95.1414
stuck SPEC(vreemd)	2	688708	95.1417
stu SPEC(vreemd)	2	688710	95.142
strx N(soort,ev,basis,zijd,stan)	2	688712	95.1423
stroomstoring N(soort,ev,basis,zijd,stan)	2	688714	95.1425
strooien WW(vd,vrij,zonder)	2	688716	95.1428
strong SPEC(vreemd)	2	688718	95.1431
strompelen WW(inf,vrij,zonder)	2	688720	95.1434
stripboek N(soort,ev,basis,onz,stan)	2	688722	95.1436
string N(soort,ev,basis,zijd,stan)	2	688724	95.1439
strikt ADJ(vrij,basis,zonder)	2	688726	95.1442
strijd N(soort,ev,basis,zijd,stan)	2	688728	95.1445
stretchy SPEC(vreemd)	2	688730	95.1447
strelen WW(inf,vrij,zonder)	2	688732	95.145
streep N(soort,mv,basis)	2	688734	95.1453
streel N(soort,mv,dim)	2	688736	95.1456
stream SPEC(vreemd)	2	688738	95.1459
strange SPEC(vreemd)	2	688740	95.1461
strand N(soort,ev,dim,onz,stan)	2	688742	95.1464
straksie N(soort,ev,basis,zijd,stan)	2	688744	95.1467
strak ADJ(prenom,basis,met-e,stan)	2	688746	95.147
strafschop N(soort,ev,basis,zijd,stan)	2	688748	95.1472
straf ADJ(vrij,basis,zonder)	2	688750	95.1475
stoverij N(soort,ev,basis,zijd,stan)	2	688752	95.1478
stout ADJ(vrij,basis,zonder)	2	688754	95.1481
stout ADJ(prenom,sup,met-e,stan)	2	688756	95.1483
stortregent N(soort,ev,basis,onz,stan)	2	688758	95.1486
storing N(soort,mv,basis)	2	688760	95.1489
stoppen WW(pv,verl,mv)	2	688762	95.1492
stoplicht N(soort,ev,basis,onz,stan)	2	688764	95.1494
stopcontact N(soort,ev,basis,onz,stan)	2	688766	95.1497
stoofvlees N(soort,ev,basis,onz,stan)	2	688768	95.15
stoofpeer N(soort,mv,dim)	2	688770	95.1503
stone SPEC(vreemd)	2	688772	95.1506
stom ADJ(nom,basis,met-e,zonder-n,stan)	2	688774	95.1508
stofzuiger N(soort,ev,basis,zijd,stan)	2	688776	95.1511
stofzuigen WW(vd,vrij,zonder)	2	688778	95.1514
stof N(soort,mv,basis)	2	688780	95.1517
stoel N(soort,mv,dim)	2	688782	95.1519
stockholm N(soort,ev,basis,zijd,stan)	2	688784	95.1522
stip N(soort,ev,basis,zijd,stan)	2	688786	95.1525
stinken WW(pv,tgw,mv)	2	688788	95.1528
stinken WW(od,prenom,met-e)	2	688790	95.153
stimmen WW(pv,tgw,met-t)	2	688792	95.1533
stilte N(soort,ev,basis,zijd,stan)	2	688794	95.1536
stillekesaan BW()	2	688796	95.1539
stijldans N(soort,mv,basis)	2	688798	95.1541
stijgen WW(pv,tgw,mv)	2	688800	95.1544
stijf ADJ(prenom,basis,zonder)	2	688802	95.1547
stiekum WW(pv,tgw,ev)	2	688804	95.155
sticker N(soort,ev,basis,zijd,stan)	2	688806	95.1552
stichten WW(inf,vrij,zonder)	2	688808	95.1555
stereo N(soort,ev,basis,zijd,stan)	2	688810	95.1558
step N(soort,mv,basis)	2	688812	95.1561
stenen ADJ(prenom,basis,zonder)	2	688814	95.1564
stempel N(soort,ev,basis,zijd,stan)	2	688816	95.1566
stemming N(soort,ev,basis,zijd,stan)	2	688818	95.1569
stemmen WW(pv,tgw,met-t)	2	688820	95.1572
stemband N(soort,mv,basis)	2	688822	95.1575
stem WW(inf,vrij,zonder)	2	688824	95.1577
stelling N(soort,ev,basis,zijd,stan)	2	688826	95.158
stekker N(soort,ev,dim,onz,stan)	2	688828	95.1583
steken WW(pv,verl,mv)	2	688830	95.1586
stefaan WW(inf,vrij,zonder)	2	688832	95.1588
ste WW(pv,verl,ev)	2	688834	95.1591
ste N(soort,ev,basis,zijd,stan)	2	688836	95.1594
ste ADJ(prenom,basis,met-e,stan)	2	688838	95.1597
startkabel N(soort,mv,basis)	2	688840	95.1599
starbuck N(soort,mv,basis)	2	688842	95.1602
stappen WW(pv,verl,ev)	2	688844	95.1605
stappen WW(pv,tgw,met-t)	2	688846	95.1608
stapel N(soort,ev,dim,onz,stan)	2	688848	95.161
stank N(soort,ev,basis,zijd,stan)	2	688850	95.1613
standby SPEC(vreemd)	2	688852	95.1616
stand-by SPEC(vreemd)	2	688854	95.1619
stan WW(inf,vrij,zonder)	2	688856	95.1622
stan SPEC(deeleigen)	2	688858	95.1624
stampen WW(pv,tgw,met-t)	2	688860	95.1627
stalkster N(soort,mv,basis)	2	688862	95.163
stalken WW(vd,vrij,zonder)	2	688864	95.1633
stalken WW(pv,tgw,met-t)	2	688866	95.1635
stalen ADJ(prenom,basis,zonder)	2	688868	95.1638
stal N(soort,ev,basis,zijd,stan)	2	688870	95.1641
stage SPEC(vreemd)	2	688872	95.1644
stadt SPEC(vreemd)	2	688874	95.1646
stadskanaal N(soort,ev,basis,zijd,stan)	2	688876	95.1649
staat N(soort,mv,basis)	2	688878	95.1652
staan WW(od,prenom,met-e)	2	688880	95.1655
staal N(soort,ev,dim,onz,stan)	2	688882	95.1657
st WW(pv,tgw,met-t)	2	688884	95.166
sst N(soort,ev,basis,zijd,stan)	2	688886	95.1663
sssst N(soort,ev,basis,zijd,stan)	2	688888	95.1666
sry SPEC(vreemd)	2	688890	95.1669
squashen WW(inf,nom,zonder,zonder-n)	2	688892	95.1671
spÃ¤ter N(soort,ev,dim,onz,stan)	2	688894	95.1674
spÃ¤t SPEC(vreemd)	2	688896	95.1677
spullies N(soort,mv,basis)	2	688898	95.168
spruit N(soort,ev,basis,zijd,stan)	2	688900	95.1682
spreken WW(inf,nom,zonder,zonder-n)	2	688902	95.1685
spreiden WW(inf,vrij,zonder)	2	688904	95.1688
sprakeloos ADJ(vrij,basis,zonder)	2	688906	95.1691
spraak N(soort,ev,basis,zijd,stan)	2	688908	95.1693
spotten WW(inf,vrij,zonder)	2	688910	95.1696
spotify SPEC(vreemd)	2	688912	95.1699
sportze N(soort,ev,basis,zijd,stan)	2	688914	95.1702
sportzaal N(soort,ev,basis,zijd,stan)	2	688916	95.1704
sportschool N(soort,ev,basis,zijd,stan)	2	688918	95.1707
sports SPEC(vreemd)	2	688920	95.171
sportkaart N(soort,ev,basis,zijd,stan)	2	688922	95.1713
sporting SPEC(vreemd)	2	688924	95.1715
sport SPEC(vreemd)	2	688926	95.1718
spontaan ADJ(prenom,basis,zonder)	2	688928	95.1721
sponsoren WW(inf,vrij,zonder)	2	688930	95.1724
spoedig ADJ(vrij,basis,zonder)	2	688932	95.1727
spits N(soort,ev,basis,zijd,stan)	2	688934	95.1729
spirits SPEC(vreemd)	2	688936	95.1732
speuren WW(pv,tgw,mv)	2	688938	95.1735
speling N(soort,ev,basis,zijd,stan)	2	688940	95.1738
speler N(soort,mv,basis)	2	688942	95.174
spelen WW(pv,verl,mv)	2	688944	95.1743
spel ADJ(prenom,basis,met-e,stan)	2	688946	95.1746
spektakel N(soort,ev,basis,onz,stan)	2	688948	95.1749
spek N(soort,mv,dim)	2	688950	95.1751
speeltje N(soort,ev,dim,onz,stan)	2	688952	95.1754
speelplein N(soort,ev,dim,onz,stan)	2	688954	95.1757
speelgerechtigd WW(vd,vrij,zonder)	2	688956	95.176
speed N(soort,ev,basis,zijd,stan)	2	688958	95.1762
specifiek ADJ(postnom,basis,met-s)	2	688960	95.1765
specifics SPEC(vreemd)	2	688962	95.1768
special N(soort,ev,basis,zijd,stan)	2	688964	95.1771
speciaalbier N(soort,ev,basis,zijd,stan)	2	688966	95.1774
speciaalbier N(soort,ev,basis,onz,stan)	2	688968	95.1776
spec N(soort,mv,basis)	2	688970	95.1779
spatel N(soort,ev,basis,onz,stan)	2	688972	95.1782
spaarrekening N(soort,ev,basis,zijd,stan)	2	688974	95.1785
spaans N(soort,ev,basis,zijd,stan)	2	688976	95.1787
sp N(soort,ev,basis,zijd,stan)	2	688978	95.179
sow N(soort,ev,basis,zijd,stan)	2	688980	95.1793
soul SPEC(vreemd)	2	688982	95.1796
soort N(soort,mv,basis)	2	688984	95.1798
sooo N(soort,ev,basis,zijd,stan)	2	688986	95.1801
sonsbeekzijde N(soort,ev,basis,zijd,stan)	2	688988	95.1804
song SPEC(vreemd)	2	688990	95.1807
song N(soort,ev,basis,zijd,stan)	2	688992	95.1809
sompie N(soort,ev,basis,zijd,stan)	2	688994	95.1812
sometimes SPEC(vreemd)	2	688996	95.1815
somber ADJ(vrij,basis,zonder)	2	688998	95.1818
som SPEC(vreemd)	2	689000	95.182
solution SPEC(vreemd)	2	689002	95.1823
solliciteren WW(vd,vrij,zonder)	2	689004	95.1826
solliciteren WW(inf,nom,zonder,zonder-n)	2	689006	95.1829
sollen WW(inf,vrij,zonder)	2	689008	95.1832
solderen WW(inf,nom,zonder,zonder-n)	2	689010	95.1834
solden N(soort,mv,basis)	2	689012	95.1837
solapur N(soort,ev,basis,zijd,stan)	2	689014	95.184
sog N(soort,mv,basis)	2	689016	95.1843
sofie N(soort,ev,basis,zijd,stan)	2	689018	95.1845
soepel ADJ(vrij,dim,zonder)	2	689020	95.1848
socciepc N(soort,ev,basis,zijd,stan)	2	689022	95.1851
soccie N(soort,ev,basis,zijd,stan)	2	689024	95.1854
sober ADJ(prenom,basis,zonder)	2	689026	95.1856
snooker N(soort,ev,basis,onz,stan)	2	689028	95.1859
snol N(soort,ev,basis,zijd,stan)	2	689030	95.1862
snoezepoes SPEC(vreemd)	2	689032	95.1865
snoezepoes N(soort,mv,basis)	2	689034	95.1867
snoes N(soort,mv,basis)	2	689036	95.187
snoer N(soort,ev,basis,onz,stan)	2	689038	95.1873
snoeper N(soort,ev,basis,zijd,stan)	2	689040	95.1876
snoepen WW(vd,vrij,zonder)	2	689042	95.1878
snijden WW(pv,tgw,mv)	2	689044	95.1881
snietske SPEC(symb)	2	689046	95.1884
sneuvelen WW(pv,tgw,met-t)	2	689048	95.1887
snel ADJ(vrij,sup,zonder)	2	689050	95.189
sneeuwen WW(pv,verl,ev)	2	689052	95.1892
snappen WW(pv,tgw,mv)	2	689054	95.1895
snack N(soort,mv,basis)	2	689056	95.1898
snachts N(soort,mv,basis)	2	689058	95.1901
smurf N(soort,ev,dim,onz,stan)	2	689060	95.1903
smullen WW(inf,vrij,zonder)	2	689062	95.1906
sms-jes N(soort,mv,dim)	2	689064	95.1909
sms-en N(soort,mv,basis)	2	689066	95.1912
sms'n N(soort,mv,basis)	2	689068	95.1914
smos N(soort,ev,basis,zijd,stan)	2	689070	95.1917
smoke SPEC(vreemd)	2	689072	95.192
smoes N(soort,mv,dim)	2	689074	95.1923
smiley N(soort,mv,basis)	2	689076	95.1925
smijten WW(inf,vrij,zonder)	2	689078	95.1928
smiddags N(soort,ev,basis,gen)	2	689080	95.1931
smiddags BW()	2	689082	95.1934
smelten WW(vd,vrij,zonder)	2	689084	95.1937
smeden WW(inf,vrij,zonder)	2	689086	95.1939
smartphones N(soort,mv,basis)	2	689088	95.1942
smartphone N(soort,ev,basis,zijd,stan)	2	689090	95.1945
smakkerd N(soort,mv,basis)	2	689092	95.1948
smakelijk ADJ(prenom,basis,met-e,stan)	2	689094	95.195
smaak N(soort,mv,basis)	2	689096	95.1953
smaak N(soort,ev,dim,onz,stan)	2	689098	95.1956
sm ADJ(nom,sup,met-e,zonder-n,stan)	2	689100	95.1959
sluizeken N(soort,mv,basis)	2	689102	95.1961
sluis N(soort,ev,basis,zijd,stan)	2	689104	95.1964
sluimeren WW(od,prenom,met-e)	2	689106	95.1967
slotenmaker N(soort,ev,basis,zijd,stan)	2	689108	95.197
slopen WW(od,prenom,met-e)	2	689110	95.1972
slootweg N(soort,ev,basis,zijd,stan)	2	689112	95.1975
sloef N(soort,ev,basis,zijd,stan)	2	689114	95.1978
slipper N(soort,mv,basis)	2	689116	95.1981
slinger N(soort,ev,basis,zijd,stan)	2	689118	95.1983
slimme N(soort,ev,dim,onz,stan)	2	689120	95.1986
sleutelen WW(inf,vrij,zonder)	2	689122	95.1989
sleur N(soort,ev,basis,zijd,stan)	2	689124	95.1992
sleeping SPEC(vreemd)	2	689126	95.1995
sleeping N(soort,ev,basis,zijd,stan)	2	689128	95.1997
slavink N(soort,mv,basis)	2	689130	95.2
slappen WW(inf,vrij,zonder)	2	689132	95.2003
slapie N(soort,ev,basis,zijd,stan)	2	689134	95.2006
slaper N(soort,ev,dim,onz,stan)	2	689136	95.2008
slap ADJ(vrij,basis,zonder)	2	689138	95.2011
slang N(soort,mv,basis)	2	689140	95.2014
slang N(soort,ev,basis,zijd,stan)	2	689142	95.2017
slabbe N(soort,ev,dim,onz,stan)	2	689144	95.2019
slaapwelkus N(soort,ev,dim,onz,stan)	2	689146	95.2022
slaapwel VG(onder)	2	689148	95.2025
slaapwel SPEC(vreemd)	2	689150	95.2028
slaapster N(soort,ev,basis,zijd,stan)	2	689152	95.203
slaapmuts N(soort,ev,basis,zijd,stan)	2	689154	95.2033
slaapmat N(soort,ev,dim,onz,stan)	2	689156	95.2036
slaapkop N(soort,ev,basis,zijd,stan)	2	689158	95.2039
slaap N(soort,mv,dim)	2	689160	95.2042
slaag N(soort,ev,basis,zijd,stan)	2	689162	95.2044
skiÃ«en WW(inf,vrij,zonder)	2	689164	95.2047
skiÃ«en WW(inf,nom,zonder,zonder-n)	2	689166	95.205
skills SPEC(vreemd)	2	689168	95.2053
skills N(soort,mv,basis)	2	689170	95.2055
skien N(soort,mv,basis)	2	689172	95.2058
skieen WW(inf,vrij,zonder)	2	689174	95.2061
skeeleren WW(inf,vrij,zonder)	2	689176	95.2064
skeeler N(soort,mv,basis)	2	689178	95.2066
skaten WW(pv,verl,ev)	2	689180	95.2069
sjouwen WW(inf,vrij,zonder)	2	689182	95.2072
sjorsmeister N(soort,ev,basis,zijd,stan)	2	689184	95.2075
sjorren WW(inf,vrij,zonder)	2	689186	95.2077
sjorren WW(inf,nom,zonder,zonder-n)	2	689188	95.208
sjat N(soort,ev,basis,zijd,stan)	2	689190	95.2083
sjaarsactie N(soort,ev,basis,zijd,stan)	2	689192	95.2086
sitting SPEC(vreemd)	2	689194	95.2088
sitting N(soort,ev,basis,zijd,stan)	2	689196	95.2091
sister N(soort,ev,basis,zijd,stan)	2	689198	95.2094
sir N(soort,ev,basis,onz,stan)	2	689200	95.2097
sion SPEC(vreemd)	2	689202	95.21
sinterweekend WW(od,vrij,zonder)	2	689204	95.2102
sinterweekend N(soort,ev,basis,zijd,stan)	2	689206	95.2105
sinterklaasjournaal N(soort,ev,basis,onz,stan)	2	689208	95.2108
singstar N(soort,ev,dim,onz,stan)	2	689210	95.2111
single N(soort,ev,basis,zijd,stan)	2	689212	95.2113
sindsdien BW()	2	689214	95.2116
sind SPEC(vreemd)	2	689216	95.2119
sinaasappelsap N(soort,ev,basis,onz,stan)	2	689218	95.2122
simpel ADJ(prenom,basis,zonder)	2	689220	95.2124
simone N(soort,ev,basis,zijd,stan)	2	689222	95.2127
simkaart N(soort,ev,basis,zijd,stan)	2	689224	95.213
sim N(soort,ev,basis,zijd,stan)	2	689226	95.2133
sim N(soort,ev,basis,onz,stan)	2	689228	95.2135
signaal N(soort,ev,basis,onz,stan)	2	689230	95.2138
sign SPEC(vreemd)	2	689232	95.2141
sigaret N(soort,mv,basis)	2	689234	95.2144
sigaret N(soort,ev,basis,zijd,stan)	2	689236	95.2147
siesta N(soort,ev,basis,zijd,stan)	2	689238	95.2149
sick SPEC(vreemd)	2	689240	95.2152
shrek N(soort,ev,basis,onz,stan)	2	689242	95.2155
shower N(soort,ev,basis,zijd,stan)	2	689244	95.2158
shot N(soort,ev,dim,onz,stan)	2	689246	95.216
shopping N(soort,ev,basis,onz,stan)	2	689248	95.2163
shop N(soort,ev,dim,onz,stan)	2	689250	95.2166
shoes SPEC(vreemd)	2	689252	95.2169
shock N(soort,ev,basis,zijd,stan)	2	689254	95.2171
shithole SPEC(vreemd)	2	689256	95.2174
shirts N(soort,ev,basis,zijd,stan)	2	689258	95.2177
shiny SPEC(vreemd)	2	689260	95.218
shave SPEC(vreemd)	2	689262	95.2182
sharp N(soort,ev,basis,onz,stan)	2	689264	95.2185
sharing SPEC(vreemd)	2	689266	95.2188
shape SPEC(vreemd)	2	689268	95.2191
shamrock N(soort,ev,basis,zijd,stan)	2	689270	95.2193
shampoo N(soort,ev,basis,zijd,stan)	2	689272	95.2196
sgooeee N(soort,ev,basis,zijd,stan)	2	689274	95.2199
seÃ±or SPEC(vreemd)	2	689276	95.2202
setting N(soort,ev,basis,zijd,stan)	2	689278	95.2205
settelen WW(vd,vrij,zonder)	2	689280	95.2207
service SPEC(vreemd)	2	689282	95.221
servaas N(soort,ev,basis,zijd,stan)	2	689284	95.2213
seriously N(soort,ev,basis,zijd,stan)	2	689286	95.2216
serieus ADJ(prenom,basis,zonder)	2	689288	95.2218
serenade N(soort,ev,basis,zijd,stan)	2	689290	95.2221
seppe SPEC(vreemd)	2	689292	95.2224
seppe N(soort,ev,basis,zijd,stan)	2	689294	95.2227
sentimenteel ADJ(prenom,basis,met-e,stan)	2	689296	95.2229
sent N(soort,ev,basis,zijd,stan)	2	689298	95.2232
sensor N(soort,ev,basis,zijd,stan)	2	689300	95.2235
sending SPEC(vreemd)	2	689302	95.2238
semaine SPEC(vreemd)	2	689304	95.224
selectie N(soort,ev,basis,zijd,stan)	2	689306	95.2243
seksueel ADJ(prenom,basis,met-e,stan)	2	689308	95.2246
seinstoring N(soort,ev,basis,zijd,stan)	2	689310	95.2249
seffens BW()	2	689312	95.2251
seen SPEC(vreemd)	2	689314	95.2254
seem SPEC(vreemd)	2	689316	95.2257
security SPEC(vreemd)	2	689318	95.226
secundair ADJ(prenom,basis,zonder)	2	689320	95.2263
secretaresse N(soort,ev,basis,zijd,stan)	2	689322	95.2265
sebiet N(soort,mv,dim)	2	689324	95.2268
sebastiaan N(soort,ev,basis,zijd,stan)	2	689326	95.2271
sd N(soort,ev,basis,zijd,stan)	2	689328	95.2274
scrollen WW(inf,vrij,zonder)	2	689330	95.2276
scriptiehok N(soort,ev,basis,zijd,stan)	2	689332	95.2279
scriptiebespreking N(soort,ev,basis,zijd,stan)	2	689334	95.2282
screenshot N(soort,ev,basis,onz,stan)	2	689336	95.2285
scoren WW(pv,tgw,met-t)	2	689338	95.2287
scoren WW(pv,tgw,ev)	2	689340	95.229
schuin ADJ(vrij,basis,zonder)	2	689342	95.2293
schudden WW(inf,vrij,zonder)	2	689344	95.2296
schrobbelÃ¨r BW()	2	689346	95.2298
schrobbel ADJ(vrij,comp,zonder)	2	689348	95.2301
schrikken WW(pv,verl,ev)	2	689350	95.2304
schrijver N(soort,ev,basis,zijd,stan)	2	689352	95.2307
schrijven WW(pv,tgw,met-t)	2	689354	95.231
schrijfster N(soort,ev,basis,zijd,stan)	2	689356	95.2312
schriftelijk ADJ(vrij,basis,zonder)	2	689358	95.2315
schreeuwen WW(inf,vrij,zonder)	2	689360	95.2318
schouder N(soort,ev,basis,zijd,stan)	2	689362	95.2321
schoppen WW(inf,vrij,zonder)	2	689364	95.2323
schoonmaken WW(vd,vrij,zonder)	2	689366	95.2326
schoonmaken WW(inf,nom,zonder,zonder-n)	2	689368	95.2329
schoonmaakmiddel N(soort,ev,basis,onz,stan)	2	689370	95.2332
schoon ADJ(nom,basis,met-e,zonder-n,stan)	2	689372	95.2334
school N(soort,ev,dim,onz,stan)	2	689374	95.2337
schon SPEC(vreemd)	2	689376	95.234
schok N(soort,ev,basis,zijd,stan)	2	689378	95.2343
schnell VNW(pr,pron,obl,nadr,2v,getal)	2	689380	95.2345
schminken WW(inf,vrij,zonder)	2	689382	95.2348
schitteren WW(od,prenom,met-e)	2	689384	95.2351
schillen WW(inf,vrij,zonder)	2	689386	95.2354
schilderwerk N(soort,ev,basis,onz,stan)	2	689388	95.2356
schilderen WW(vd,vrij,zonder)	2	689390	95.2359
schijtweer WW(pv,tgw,ev)	2	689392	95.2362
schijtweer N(soort,ev,basis,zijd,stan)	2	689394	95.2365
schijtbus N(soort,ev,basis,zijd,stan)	2	689396	95.2368
schijnen WW(pv,verl,ev)	2	689398	95.237
schijnbaar ADJ(vrij,basis,zonder)	2	689400	95.2373
schijn N(soort,ev,basis,zijd,stan)	2	689402	95.2376
schieten WW(pv,verl,ev)	2	689404	95.2379
scheur N(soort,ev,basis,zijd,stan)	2	689406	95.2381
scherp ADJ(vrij,basis,zonder)	2	689408	95.2384
scherm N(soort,mv,basis)	2	689410	95.2387
scheren WW(inf,vrij,zonder)	2	689412	95.239
scheppen WW(inf,vrij,zonder)	2	689414	95.2392
schenken WW(inf,vrij,zonder)	2	689416	95.2395
schelen WW(pv,verl,ev)	2	689418	95.2398
schatten WW(vd,prenom,met-e)	2	689420	95.2401
schatten WW(pv,verl,ev)	2	689422	95.2403
schattebol N(soort,ev,basis,zijd,stan)	2	689424	95.2406
schat N(soort,mv,basis)	2	689426	95.2409
schap N(soort,ev,dim,onz,stan)	2	689428	95.2412
schamen WW(pv,tgw,met-t)	2	689430	95.2415
schacht N(soort,mv,basis)	2	689432	95.2417
schacht N(soort,ev,basis,zijd,stan)	2	689434	95.242
schaats N(soort,mv,basis)	2	689436	95.2423
schaamteloos ADJ(vrij,basis,zonder)	2	689438	95.2426
schaal N(soort,ev,basis,zijd,stan)	2	689440	95.2428
scene N(soort,ev,basis,zijd,stan)	2	689442	95.2431
scannert N(soort,ev,basis,onz,stan)	2	689444	95.2434
sc N(soort,ev,basis,zijd,stan)	2	689446	95.2437
sb SPEC(symb)	2	689448	95.2439
says SPEC(vreemd)	2	689450	95.2442
savonds N(soort,ev,basis,onz,stan)	2	689452	95.2445
savonds ADJ(vrij,basis,zonder)	2	689454	95.2448
saunat N(soort,ev,dim,onz,stan)	2	689456	95.245
sauna N(soort,mv,basis)	2	689458	95.2453
satÃ© N(soort,ev,basis,zijd,stan)	2	689460	95.2456
sate WW(pv,verl,ev)	2	689462	95.2459
saskia N(soort,mv,basis)	2	689464	95.2461
samsung SPEC(vreemd)	2	689466	95.2464
samenvatting N(soort,mv,basis)	2	689468	95.2467
samenleggen WW(inf,vrij,zonder)	2	689470	95.247
sake N(soort,ev,basis,zijd,stan)	2	689472	95.2473
sais SPEC(vreemd)	2	689474	95.2475
saf N(soort,ev,basis,zijd,stan)	2	689476	95.2478
saerkin N(soort,ev,basis,zijd,stan)	2	689478	95.2481
sacha N(soort,ev,basis,zijd,stan)	2	689480	95.2484
sabbe N(soort,ev,basis,zijd,stan)	2	689482	95.2486
saai ADJ(prenom,sup,met-e,stan)	2	689484	95.2489
ry N(soort,ev,basis,zijd,stan)	2	689486	95.2492
rutuja N(soort,ev,basis,zijd,stan)	2	689488	95.2495
rustdag N(soort,ev,basis,zijd,stan)	2	689490	95.2497
running SPEC(vreemd)	2	689492	95.25
rund N(soort,ev,basis,zijd,stan)	2	689494	95.2503
rules SPEC(vreemd)	2	689496	95.2506
ruitenwisser N(soort,ev,basis,zijd,stan)	2	689498	95.2508
ruimschoots ADJ(vrij,basis,zonder)	2	689500	95.2511
ruiken WW(pv,tgw,ev)	2	689502	95.2514
rsca ADJ(vrij,basis,zonder)	2	689504	95.2517
roze ADJ(vrij,basis,zonder)	2	689506	95.2519
row N(soort,ev,basis,zijd,stan)	2	689508	95.2522
routine N(soort,ev,basis,zijd,stan)	2	689510	95.2525
router N(soort,ev,basis,zijd,stan)	2	689512	95.2528
rouler N(soort,ev,basis,zijd,stan)	2	689514	95.2531
rotweer N(soort,ev,basis,onz,stan)	2	689516	95.2533
roti N(soort,ev,basis,zijd,stan)	2	689518	95.2536
rot N(soort,ev,basis,zijd,stan)	2	689520	95.2539
rossig ADJ(prenom,basis,met-e,stan)	2	689522	95.2542
roosteren WW(vd,prenom,met-e)	2	689524	95.2544
roos N(soort,mv,basis)	2	689526	95.2547
roommate SPEC(vreemd)	2	689528	95.255
roomkaas N(soort,ev,basis,zijd,stan)	2	689530	95.2553
roomies SPEC(vreemd)	2	689532	95.2555
roomie N(soort,mv,basis)	2	689534	95.2558
rondmailen WW(vd,vrij,zonder)	2	689536	95.2561
rondhangen WW(inf,vrij,zonder)	2	689538	95.2564
roman N(soort,ev,basis,zijd,stan)	2	689540	95.2566
rolluik N(soort,mv,basis)	2	689542	95.2569
rollen WW(od,prenom,met-e)	2	689544	95.2572
roll SPEC(vreemd)	2	689546	95.2575
roken WW(vd,vrij,zonder)	2	689548	95.2578
roes N(soort,ev,basis,zijd,stan)	2	689550	95.258
roepen WW(pv,tgw,mv)	2	689552	95.2583
roen N(soort,ev,dim,onz,stan)	2	689554	95.2586
roen N(soort,ev,basis,zijd,stan)	2	689556	95.2589
roddel N(soort,ev,basis,zijd,stan)	2	689558	95.2591
rockband N(soort,ev,basis,zijd,stan)	2	689560	95.2594
rock N(soort,mv,basis)	2	689562	95.2597
robinson N(soort,mv,basis)	2	689564	95.26
robin N(soort,ev,basis,zijd,stan)	2	689566	95.2602
rivier N(soort,ev,basis,zijd,stan)	2	689568	95.2605
risok N(soort,ev,basis,zijd,stan)	2	689570	95.2608
rise SPEC(vreemd)	2	689572	95.2611
ringweg N(soort,ev,basis,zijd,stan)	2	689574	95.2613
ringleiding N(soort,ev,basis,zijd,stan)	2	689576	95.2616
rikken WW(pv,tgw,ev)	2	689578	95.2619
rijtuig N(soort,ev,basis,onz,stan)	2	689580	95.2622
rijschool N(soort,ev,basis,zijd,stan)	2	689582	95.2624
rijmen WW(pv,tgw,met-t)	2	689584	95.2627
rijm N(soort,ev,basis,onz,stan)	2	689586	95.263
rijles N(soort,mv,basis)	2	689588	95.2633
rijk ADJ(prenom,basis,met-e,stan)	2	689590	95.2636
rijden WW(pv,verl,mv)	2	689592	95.2638
rij N(soort,mv,basis)	2	689594	95.2641
riem N(soort,ev,basis,zijd,stan)	2	689596	95.2644
rieba N(soort,ev,basis,zijd,stan)	2	689598	95.2647
ride SPEC(vreemd)	2	689600	95.2649
ricardo SPEC(deeleigen)	2	689602	95.2652
ribfestijn N(soort,ev,basis,zijd,stan)	2	689604	95.2655
rib N(soort,mv,basis)	2	689606	95.2658
ri SPEC(vreemd)	2	689608	95.266
ri N(soort,ev,basis,zijd,stan)	2	689610	95.2663
reÃ£Â¼nie N(soort,ev,basis,zijd,stan)	2	689612	95.2666
review SPEC(vreemd)	2	689614	95.2669
revelation SPEC(vreemd)	2	689616	95.2671
reuze BW()	2	689618	95.2674
retour N(soort,ev,basis,zijd,stan)	2	689620	95.2677
retestrak N(soort,ev,basis,zijd,stan)	2	689622	95.268
rete N(soort,ev,basis,zijd,stan)	2	689624	95.2683
resto SPEC(vreemd)	2	689626	95.2685
restaurant N(soort,mv,dim)	2	689628	95.2688
restaurant N(soort,ev,dim,onz,stan)	2	689630	95.2691
respons N(soort,ev,basis,zijd,stan)	2	689632	95.2694
resort SPEC(vreemd)	2	689634	95.2696
reserveren WW(vd,prenom,met-e)	2	689636	95.2699
reserveren WW(pv,tgw,ev)	2	689638	95.2702
ren N(soort,mv,basis)	2	689640	95.2705
relevant ADJ(vrij,basis,zonder)	2	689642	95.2707
relaxt WW(vd,prenom,zonder)	2	689644	95.271
relaxt N(soort,ev,basis,zijd,stan)	2	689646	95.2713
relaxed ADJ(vrij,comp,zonder)	2	689648	95.2716
relaxdag N(soort,ev,basis,zijd,stan)	2	689650	95.2718
rekeningnummer N(soort,ev,basis,zijd,stan)	2	689652	95.2721
rekenen WW(pv,tgw,met-t)	2	689654	95.2724
rek N(soort,mv,basis)	2	689656	95.2727
reizen WW(inf,nom,zonder,zonder-n)	2	689658	95.2729
reisleider N(soort,ev,basis,zijd,stan)	2	689660	95.2732
reiskosten N(soort,mv,basis)	2	689662	95.2735
reisgenoot N(soort,mv,basis)	2	689664	95.2738
reisdocument N(soort,ev,basis,onz,stan)	2	689666	95.2741
reisbed N(soort,ev,dim,onz,stan)	2	689668	95.2743
rein ADJ(prenom,basis,met-e,stan)	2	689670	95.2746
regenbui N(soort,ev,basis,zijd,stan)	2	689672	95.2749
regelmaat N(soort,ev,basis,zijd,stan)	2	689674	95.2752
regel N(soort,mv,dim)	2	689676	95.2754
regel N(soort,ev,basis,zijd,stan)	2	689678	95.2757
refresh N(soort,ev,basis,zijd,stan)	2	689680	95.276
reflectie N(soort,ev,basis,zijd,stan)	2	689682	95.2763
reet ADJ(prenom,basis,met-e,stan)	2	689684	95.2765
rector N(soort,ev,basis,zijd,stan)	2	689686	95.2768
recognise SPEC(vreemd)	2	689688	95.2771
rechtstreeks ADJ(prenom,basis,met-e,stan)	2	689690	95.2774
rechtsaf BW()	2	689692	95.2776
rechts ADJ(prenom,basis,met-e,stan)	2	689694	95.2779
rechterkant N(soort,ev,basis,zijd,stan)	2	689696	95.2782
rechtdoor BW()	2	689698	95.2785
recht ADJ(prenom,basis,met-e,stan)	2	689700	95.2787
reception SPEC(vreemd)	2	689702	95.279
received SPEC(vreemd)	2	689704	95.2793
reboot SPEC(vreemd)	2	689706	95.2796
realiteit N(soort,ev,basis,zijd,stan)	2	689708	95.2799
read SPEC(vreemd)	2	689710	95.2801
reached SPEC(vreemd)	2	689712	95.2804
ravage N(soort,ev,basis,zijd,stan)	2	689714	95.2807
rauw ADJ(prenom,basis,met-e,stan)	2	689716	95.281
rara N(soort,ev,basis,zijd,stan)	2	689718	95.2812
rapport N(soort,ev,basis,onz,stan)	2	689720	95.2815
ranja N(soort,ev,basis,zijd,stan)	2	689722	95.2818
rang N(soort,ev,basis,zijd,stan)	2	689724	95.2821
random SPEC(vreemd)	2	689726	95.2823
rand N(soort,ev,dim,onz,stan)	2	689728	95.2826
rand N(soort,ev,basis,zijd,stan)	2	689730	95.2829
ram N(soort,ev,basis,zijd,stan)	2	689732	95.2832
ram N(soort,ev,basis,onz,stan)	2	689734	95.2834
rally N(soort,ev,basis,zijd,stan)	2	689736	95.2837
raken WW(pv,tgw,mv)	2	689738	95.284
raincheck SPEC(vreemd)	2	689740	95.2843
raincheck N(soort,ev,basis,zijd,stan)	2	689742	95.2846
rain SPEC(vreemd)	2	689744	95.2848
raden WW(pv,tgw,met-t)	2	689746	95.2851
racket N(soort,ev,basis,onz,stan)	2	689748	95.2854
racen WW(inf,vrij,zonder)	2	689750	95.2857
raarrr N(soort,ev,basis,zijd,stan)	2	689752	95.2859
raam N(soort,mv,dim)	2	689754	95.2862
raadplegen WW(inf,vrij,zonder)	2	689756	95.2865
quÃ© N(soort,ev,basis,zijd,stan)	2	689758	95.2868
quickly SPEC(vreemd)	2	689760	95.287
que SPEC(vreemd)	2	689762	95.2873
quantum N(soort,ev,basis,onz,stan)	2	689764	95.2876
pÃ¨age ADJ(prenom,basis,met-e,stan)	2	689766	95.2879
pw N(soort,ev,basis,zijd,stan)	2	689768	95.2881
puun N(soort,ev,basis,zijd,stan)	2	689770	95.2884
pulles N(soort,mv,basis)	2	689772	95.2887
puinhoop N(soort,ev,basis,zijd,stan)	2	689774	95.289
pubquiz SPEC(deeleigen)	2	689776	95.2892
publicatie N(soort,ev,basis,zijd,stan)	2	689778	95.2895
pubkwis N(soort,ev,basis,zijd,stan)	2	689780	95.2898
psycho N(soort,ev,basis,zijd,stan)	2	689782	95.2901
psst N(soort,ev,basis,zijd,stan)	2	689784	95.2904
pssst WW(pv,tgw,met-t)	2	689786	95.2906
ps SPEC(deeleigen)	2	689788	95.2909
prut N(soort,ev,basis,zijd,stan)	2	689790	95.2912
prullenbak N(soort,ev,basis,zijd,stan)	2	689792	95.2915
prul N(soort,ev,basis,zijd,stan)	2	689794	95.2917
protocol N(soort,ev,basis,onz,stan)	2	689796	95.292
proppen WW(inf,vrij,zonder)	2	689798	95.2923
proosten WW(inf,vrij,zonder)	2	689800	95.2926
proof SPEC(vreemd)	2	689802	95.2928
project N(soort,ev,dim,onz,stan)	2	689804	95.2931
programma N(soort,ev,dim,onz,stan)	2	689806	95.2934
proggen WW(inf,nom,zonder,zonder-n)	2	689808	95.2937
prog N(soort,ev,basis,onz,stan)	2	689810	95.2939
professioneel ADJ(vrij,basis,zonder)	2	689812	95.2942
proeven WW(pv,tgw,mv)	2	689814	95.2945
proefwerk N(soort,ev,basis,onz,stan)	2	689816	95.2948
proefschrift N(soort,ev,basis,onz,stan)	2	689818	95.2951
proefpersoon N(soort,mv,basis)	2	689820	95.2953
proefles N(soort,ev,basis,zijd,stan)	2	689822	95.2956
productief ADJ(vrij,comp,zonder)	2	689824	95.2959
procent N(soort,ev,basis,onz,stan)	2	689826	95.2962
probs SPEC(vreemd)	2	689828	95.2964
probleme SPEC(vreemd)	2	689830	95.2967
pro SPEC(vreemd)	2	689832	95.297
printplaat N(soort,ev,basis,zijd,stan)	2	689834	95.2973
printen WW(inf,nom,zonder,zonder-n)	2	689836	95.2975
print N(soort,ev,basis,zijd,stan)	2	689838	95.2978
prince SPEC(vreemd)	2	689840	95.2981
prin N(soort,mv,dim)	2	689842	95.2984
pril ADJ(prenom,basis,met-e,stan)	2	689844	95.2986
prikbord N(soort,ev,basis,onz,stan)	2	689846	95.2989
prijsuitreiking N(soort,ev,basis,zijd,stan)	2	689848	95.2992
prestatie N(soort,ev,basis,zijd,stan)	2	689850	95.2995
presenteren WW(pv,tgw,mv)	2	689852	95.2997
presentation SPEC(vreemd)	2	689854	95.3
prepare N(soort,ev,basis,zijd,stan)	2	689856	95.3003
prei N(soort,ev,basis,zijd,stan)	2	689858	95.3006
pre-spiv N(soort,ev,basis,zijd,stan)	2	689860	95.3009
pre-party SPEC(vreemd)	2	689862	95.3011
pre N(soort,ev,basis,zijd,stan)	2	689864	95.3014
praten WW(pv,verl,ev)	2	689866	95.3017
praten WW(inf,nom,zonder,zonder-n)	2	689868	95.302
practical SPEC(vreemd)	2	689870	95.3022
praag N(soort,ev,basis,zijd,stan)	2	689872	95.3025
pr SPEC(afk)	2	689874	95.3028
ppm N(soort,ev,basis,zijd,stan)	2	689876	95.3031
ppm N(soort,ev,basis,onz,stan)	2	689878	95.3033
pp WW(pv,tgw,met-t)	2	689880	95.3036
powerpoint N(soort,ev,basis,zijd,stan)	2	689882	95.3039
powernapje N(soort,ev,dim,onz,stan)	2	689884	95.3042
powernap N(soort,ev,basis,zijd,stan)	2	689886	95.3044
postpone SPEC(vreemd)	2	689888	95.3047
poster N(soort,mv,basis)	2	689890	95.305
posted SPEC(vreemd)	2	689892	95.3053
postbode N(soort,ev,basis,zijd,stan)	2	689894	95.3055
post N(soort,mv,basis)	2	689896	95.3058
positive SPEC(vreemd)	2	689898	95.3061
portugal N(soort,ev,basis,onz,stan)	2	689900	95.3064
port N(soort,ev,basis,onz,stan)	2	689902	95.3067
porren WW(inf,vrij,zonder)	2	689904	95.3069
porno N(soort,ev,basis,zijd,stan)	2	689906	95.3072
popronde N(soort,ev,basis,zijd,stan)	2	689908	95.3075
poot N(soort,mv,dim)	2	689910	95.3078
poot N(soort,ev,basis,zijd,stan)	2	689912	95.308
poos N(soort,ev,basis,zijd,stan)	2	689914	95.3083
pony N(soort,ev,basis,zijd,stan)	2	689916	95.3086
polÃ©polÃ© N(soort,ev,basis,zijd,stan)	2	689918	95.3089
politiek N(soort,ev,basis,zijd,stan)	2	689920	95.3091
poli N(soort,ev,basis,zijd,stan)	2	689922	95.3094
pokeren WW(vd,vrij,zonder)	2	689924	95.3097
poging N(soort,mv,basis)	2	689926	95.31
poep N(soort,ev,dim,onz,stan)	2	689928	95.3102
po N(soort,ev,basis,zijd,stan)	2	689930	95.3105
pm SPEC(vreemd)	2	689932	95.3108
pluspunt N(soort,mv,basis)	2	689934	95.3111
plukken WW(vd,vrij,zonder)	2	689936	95.3114
plukken WW(pv,tgw,ev)	2	689938	95.3116
pluim N(soort,ev,basis,zijd,stan)	2	689940	95.3119
plug N(soort,ev,dim,onz,stan)	2	689942	95.3122
plu N(soort,ev,basis,zijd,stan)	2	689944	95.3125
pls ADJ(prenom,basis,met-e,stan)	2	689946	95.3127
plot N(soort,ev,basis,zijd,stan)	2	689948	95.313
plooier N(soort,ev,basis,zijd,stan)	2	689950	95.3133
ploeg N(soort,mv,basis)	2	689952	95.3136
plezierhr N(soort,ev,basis,zijd,stan)	2	689954	95.3138
pleuren WW(pv,tgw,ev)	2	689956	95.3141
pletsie N(soort,ev,basis,zijd,stan)	2	689958	95.3144
plenty SPEC(vreemd)	2	689960	95.3147
played SPEC(vreemd)	2	689962	95.3149
playbook N(soort,ev,basis,zijd,stan)	2	689964	95.3152
plattekaastaart WW(pv,tgw,met-t)	2	689966	95.3155
plattegrond N(soort,mv,basis)	2	689968	95.3158
plassen WW(inf,vrij,zonder)	2	689970	95.316
plasma N(soort,ev,basis,onz,stan)	2	689972	95.3163
planwijziging N(soort,ev,basis,zijd,stan)	2	689974	95.3166
plannen WW(vd,prenom,met-e)	2	689976	95.3169
planned SPEC(vreemd)	2	689978	95.3172
plank N(soort,ev,basis,zijd,stan)	2	689980	95.3174
planet SPEC(vreemd)	2	689982	95.3177
plan N(soort,mv,dim)	2	689984	95.318
plakband N(soort,ev,basis,zijd,stan)	2	689986	95.3183
plaid N(soort,ev,basis,zijd,stan)	2	689988	95.3185
placeren WW(inf,vrij,zonder)	2	689990	95.3188
plaatsnaam ADJ(vrij,basis,zonder)	2	689992	95.3191
plaatsen WW(vd,vrij,zonder)	2	689994	95.3194
plaatsen WW(inf,vrij,zonder)	2	689996	95.3196
plaats N(soort,ev,basis,dat)	2	689998	95.3199
plaat N(soort,mv,basis)	2	690000	95.3202
pizzeria N(soort,ev,basis,zijd,stan)	2	690002	95.3205
pizza N(soort,mv,basis)	2	690004	95.3207
pittig ADJ(prenom,basis,met-e,stan)	2	690006	95.321
pit N(soort,ev,basis,zijd,stan)	2	690008	95.3213
pistolets N(soort,ev,basis,zijd,stan)	2	690010	95.3216
piste N(soort,mv,basis)	2	690012	95.3219
piste N(soort,ev,basis,zijd,stan)	2	690014	95.3221
pissen WW(inf,vrij,zonder)	2	690016	95.3224
pisbier N(soort,ev,basis,zijd,stan)	2	690018	95.3227
pis N(soort,ev,basis,zijd,stan)	2	690020	95.323
pirates SPEC(vreemd)	2	690022	95.3232
piratenbaai N(soort,ev,basis,zijd,stan)	2	690024	95.3235
pipo N(soort,ev,basis,zijd,stan)	2	690026	95.3238
pipa N(soort,ev,basis,zijd,stan)	2	690028	95.3241
pint N(soort,mv,basis)	2	690030	95.3243
pinnen WW(pv,tgw,met-t)	2	690032	95.3246
pinksteren N(soort,mv,basis)	2	690034	95.3249
pink N(soort,ev,basis,zijd,stan)	2	690036	95.3252
pingel N(soort,ev,basis,zijd,stan)	2	690038	95.3254
ping N(soort,ev,basis,zijd,stan)	2	690040	95.3257
pin N(soort,mv,dim)	2	690042	95.326
pim N(soort,ev,basis,onz,stan)	2	690044	95.3263
pilsen N(soort,mv,basis)	2	690046	95.3265
pils N(soort,ev,basis,genus,stan)	2	690048	95.3268
piloot N(soort,ev,basis,zijd,stan)	2	690050	95.3271
pillie N(soort,ev,basis,zijd,stan)	2	690052	95.3274
pikken WW(pv,tgw,mv)	2	690054	95.3277
pijp N(soort,mv,basis)	2	690056	95.3279
pijnstiller N(soort,ev,basis,zijd,stan)	2	690058	95.3282
pijl N(soort,ev,basis,zijd,stan)	2	690060	95.3285
piepen WW(pv,tgw,met-t)	2	690062	95.3288
piepeloe ADJ(vrij,basis,zonder)	2	690064	95.329
piek N(soort,ev,basis,zijd,stan)	2	690066	95.3293
php N(soort,ev,basis,zijd,stan)	2	690068	95.3296
photoshop SPEC(vreemd)	2	690070	95.3299
philipe ADJ(prenom,basis,met-e,stan)	2	690072	95.3301
phili N(soort,ev,basis,zijd,stan)	2	690074	95.3304
pfoe ADJ(vrij,basis,zonder)	2	690076	95.3307
pfffft N(soort,ev,basis,onz,stan)	2	690078	95.331
peul N(soort,mv,dim)	2	690080	95.3312
peuk N(soort,ev,dim,onz,stan)	2	690082	95.3315
petekind N(soort,ev,dim,onz,stan)	2	690084	95.3318
perzik N(soort,ev,basis,zijd,stan)	2	690086	95.3321
persoonlijk ADJ(prenom,basis,zonder)	2	690088	95.3323
personal SPEC(vreemd)	2	690090	95.3326
permanent ADJ(vrij,basis,zonder)	2	690092	95.3329
perfecto SPEC(vreemd)	2	690094	95.3332
perenijs N(soort,ev,dim,onz,stan)	2	690096	95.3335
pepper N(soort,mv,basis)	2	690098	95.3337
pepernoot N(soort,mv,basis)	2	690100	95.334
peper N(soort,ev,basis,zijd,stan)	2	690102	95.3343
pc N(soort,mv,basis)	2	690104	95.3346
paviljoen N(soort,ev,basis,onz,stan)	2	690106	95.3348
pauzeren WW(inf,vrij,zonder)	2	690108	95.3351
pauwstraat N(soort,ev,basis,zijd,stan)	2	690110	95.3354
patroon N(soort,ev,basis,onz,stan)	2	690112	95.3357
patrick N(soort,ev,basis,zijd,stan)	2	690114	95.3359
patershol ADJ(vrij,basis,zonder)	2	690116	95.3362
pater N(soort,ev,basis,zijd,stan)	2	690118	95.3365
patat N(soort,mv,dim)	2	690120	95.3368
pastoor N(soort,ev,basis,zijd,stan)	2	690122	95.337
pastasalade N(soort,ev,basis,zijd,stan)	2	690124	95.3373
pasta N(soort,ev,basis,genus,stan)	2	690126	95.3376
passeren WW(pv,tgw,mv)	2	690128	95.3379
passen WW(pv,verl,mv)	2	690130	95.3382
passen WW(od,prenom,met-e)	2	690132	95.3384
passa SPEC(deeleigen)	2	690134	95.3387
pas N(soort,ev,basis,zijd,stan)	2	690136	95.339
pas N(soort,ev,basis,onz,stan)	2	690138	95.3393
partner N(soort,mv,basis)	2	690140	95.3395
partij N(soort,ev,dim,onz,stan)	2	690142	95.3398
parkeren WW(pv,tgw,met-t)	2	690144	95.3401
parkeerterrein N(soort,ev,basis,onz,stan)	2	690146	95.3404
parkeerbedrijf N(soort,ev,basis,onz,stan)	2	690148	95.3406
park SPEC(vreemd)	2	690150	95.3409
parents SPEC(vreemd)	2	690152	95.3412
paprika N(soort,mv,basis)	2	690154	95.3415
paperen WW(inf,vrij,zonder)	2	690156	95.3417
pantoffel N(soort,mv,basis)	2	690158	95.342
panos N(soort,mv,basis)	2	690160	95.3423
panos N(soort,ev,basis,zijd,stan)	2	690162	95.3426
panini SPEC(vreemd)	2	690164	95.3428
pani SPEC(vreemd)	2	690166	95.3431
pango N(soort,ev,basis,zijd,stan)	2	690168	95.3434
pangaea N(soort,ev,basis,zijd,stan)	2	690170	95.3437
panacee N(soort,ev,basis,zijd,stan)	2	690172	95.344
pampel N(soort,ev,basis,onz,stan)	2	690174	95.3442
pammer N(soort,ev,basis,zijd,stan)	2	690176	95.3445
pakkn WW(inf,vrij,zonder)	2	690178	95.3448
pak N(soort,mv,dim)	2	690180	95.3451
pag N(soort,ev,basis,zijd,stan)	2	690182	95.3453
paasvakantie N(soort,ev,basis,zijd,stan)	2	690184	95.3456
paardeslecht ADJ(vrij,basis,zonder)	2	690186	95.3459
paard N(soort,mv,basis)	2	690188	95.3462
paal N(soort,mv,basis)	2	690190	95.3464
pa-tor N(soort,mv,basis)	2	690192	95.3467
pa SPEC(vreemd)	2	690194	95.347
owww N(soort,ev,basis,zijd,stan)	2	690196	95.3473
owe SPEC(vreemd)	2	690198	95.3475
ow WW(pv,verl,ev)	2	690200	95.3478
overzetten WW(inf,nom,zonder,zonder-n)	2	690202	95.3481
overweging N(soort,ev,basis,zijd,stan)	2	690204	95.3484
overval N(soort,ev,basis,zijd,stan)	2	690206	95.3487
overuur N(soort,mv,basis)	2	690208	95.3489
overtuigingskracht N(soort,ev,basis,zijd,stan)	2	690210	95.3492
overtuiging N(soort,ev,basis,zijd,stan)	2	690212	95.3495
overtrekken WW(inf,vrij,zonder)	2	690214	95.3498
overtreffen WW(inf,vrij,zonder)	2	690216	95.35
overschatten WW(vd,vrij,zonder)	2	690218	95.3503
overpoort WW(pv,tgw,met-t)	2	690220	95.3506
overpoort N(soort,ev,basis,zijd,stan)	2	690222	95.3509
overplaatsen WW(vd,vrij,zonder)	2	690224	95.3511
overnemen WW(vd,vrij,zonder)	2	690226	95.3514
overnachten WW(inf,vrij,zonder)	2	690228	95.3517
overgeven WW(inf,vrij,zonder)	2	690230	95.352
overgang N(soort,ev,basis,zijd,stan)	2	690232	95.3522
overgaan WW(inf,vrij,zonder)	2	690234	95.3525
overbelasten WW(vd,vrij,zonder)	2	690236	95.3528
outside WW(pv,verl,ev)	2	690238	95.3531
outside WW(od,prenom,met-e)	2	690240	95.3533
ouderwets ADJ(prenom,basis,zonder)	2	690242	95.3536
ouderwets ADJ(prenom,basis,met-e,stan)	2	690244	95.3539
oudejaarslot N(soort,ev,basis,zijd,stan)	2	690246	95.3542
oud-klasgenoot N(soort,mv,basis)	2	690248	95.3545
oud ADJ(prenom,comp,met-e,stan)	2	690250	95.3547
otto N(soort,ev,basis,genus,stan)	2	690252	95.355
otherwise N(soort,ev,basis,zijd,stan)	2	690254	95.3553
oss N(soort,ev,basis,zijd,stan)	2	690256	95.3556
os N(soort,ev,basis,zijd,stan)	2	690258	95.3558
orphee N(soort,ev,basis,zijd,stan)	2	690260	95.3561
ornaat N(soort,ev,basis,onz,stan)	2	690262	95.3564
orleans SPEC(vreemd)	2	690264	95.3567
organize SPEC(vreemd)	2	690266	95.3569
organiseren WW(inf,vrij,zonder)	2	690268	95.3572
organisch ADJ(vrij,basis,zonder)	2	690270	95.3575
orfie SPEC(vreemd)	2	690272	95.3578
oranje ADJ(vrij,basis,zonder)	2	690274	95.358
oraal ADJ(prenom,basis,met-e,stan)	2	690276	95.3583
opzet N(soort,ev,dim,onz,stan)	2	690278	95.3586
opzeggen WW(inf,vrij,zonder)	2	690280	95.3589
opwindend ADJ(vrij,basis,zonder)	2	690282	95.3591
opvangen WW(inf,vrij,zonder)	2	690284	95.3594
optreden WW(pv,tgw,mv)	2	690286	95.3597
optocht N(soort,ev,basis,zijd,stan)	2	690288	95.36
optijd N(soort,ev,basis,zijd,stan)	2	690290	95.3603
opticien N(soort,ev,basis,zijd,stan)	2	690292	95.3605
opt ADJ(prenom,basis,zonder)	2	690294	95.3608
opstoet N(soort,ev,basis,zijd,stan)	2	690296	95.3611
opstelling N(soort,ev,basis,zijd,stan)	2	690298	95.3614
opstellen WW(vd,vrij,zonder)	2	690300	95.3616
opstellen WW(pv,tgw,met-t)	2	690302	95.3619
opsteken WW(vd,vrij,zonder)	2	690304	95.3622
opstappen WW(pv,tgw,met-t)	2	690306	95.3625
opstaan WW(pv,tgw,mv)	2	690308	95.3627
opstaan WW(pv,tgw,met-t)	2	690310	95.363
opsluiten WW(vd,vrij,zonder)	2	690312	95.3633
opschuiven WW(vd,vrij,zonder)	2	690314	95.3636
opschieten WW(pv,tgw,ev)	2	690316	95.3638
opruiming N(soort,ev,basis,zijd,stan)	2	690318	95.3641
oprecht ADJ(vrij,basis,zonder)	2	690320	95.3644
oprecht ADJ(prenom,basis,met-e,stan)	2	690322	95.3647
oppikken WW(pv,tgw,mv)	2	690324	95.365
oppikken WW(pv,tgw,met-t)	2	690326	95.3652
oppervlakkig ADJ(vrij,basis,zonder)	2	690328	95.3655
opperbest ADJ(prenom,basis,met-e,stan)	2	690330	95.3658
opofferen WW(inf,vrij,zonder)	2	690332	95.3661
opnemen WW(pv,tgw,met-t)	2	690334	95.3663
opnemen WW(pv,tgw,ev)	2	690336	95.3666
opnemen WW(inf,nom,zonder,zonder-n)	2	690338	95.3669
opname N(soort,mv,basis)	2	690340	95.3672
opname N(soort,ev,basis,zijd,stan)	2	690342	95.3674
opmerking N(soort,mv,basis)	2	690344	95.3677
oplossing N(soort,mv,basis)	2	690346	95.368
oplichter N(soort,ev,basis,zijd,stan)	2	690348	95.3683
oplevering N(soort,ev,basis,zijd,stan)	2	690350	95.3685
opleveren WW(inf,vrij,zonder)	2	690352	95.3688
opletten WW(vd,vrij,zonder)	2	690354	95.3691
opladeren WW(pv,tgw,met-t)	2	690356	95.3694
opladen WW(inf,nom,zonder,zonder-n)	2	690358	95.3696
opkuis N(soort,ev,basis,zijd,stan)	2	690360	95.3699
opkomen WW(pv,tgw,met-t)	2	690362	95.3702
opknappen WW(vd,vrij,zonder)	2	690364	95.3705
opjagen WW(inf,vrij,zonder)	2	690366	95.3708
ophitsen N(soort,ev,basis,onz,stan)	2	690368	95.371
ophalen WW(inf,nom,zonder,zonder-n)	2	690370	95.3713
opera N(soort,ev,basis,zijd,stan)	2	690372	95.3716
openzetten WW(inf,vrij,zonder)	2	690374	95.3719
openstaan WW(od,prenom,met-e)	2	690376	95.3721
opened SPEC(vreemd)	2	690378	95.3724
openbreken WW(inf,vrij,zonder)	2	690380	95.3727
opdagen WW(inf,vrij,zonder)	2	690382	95.373
opbrengst N(soort,ev,basis,zijd,stan)	2	690384	95.3732
opbergen WW(vd,vrij,zonder)	2	690386	95.3735
opbergen WW(inf,vrij,zonder)	2	690388	95.3738
op SPEC(deeleigen)	2	690390	95.3741
oosten WW(od,prenom,met-e)	2	690392	95.3743
oorwand N(soort,ev,basis,zijd,stan)	2	690394	95.3746
oorontsteking N(soort,ev,basis,zijd,stan)	2	690396	95.3749
oorfoon N(soort,mv,dim)	2	690398	95.3752
oordeel N(soort,ev,basis,onz,stan)	2	690400	95.3755
oorbel N(soort,mv,basis)	2	690402	95.3757
oor N(soort,ev,basis,zijd,stan)	2	690404	95.376
oor N(soort,ev,basis,dat)	2	690406	95.3763
ooooh TSW()	2	690408	95.3766
oooh N(soort,ev,basis,onz,stan)	2	690410	95.3768
ooh N(soort,ev,basis,zijd,stan)	2	690412	95.3771
ooh N(soort,ev,basis,onz,stan)	2	690414	95.3774
ooh ADJ(prenom,basis,zonder)	2	690416	95.3777
oogsten WW(vd,vrij,zonder)	2	690418	95.3779
oogst N(soort,ev,basis,zijd,stan)	2	690420	95.3782
oogarts N(soort,ev,basis,zijd,stan)	2	690422	95.3785
oo TSW()	2	690424	95.3788
onweren WW(inf,vrij,zonder)	2	690426	95.379
onvoorbereid ADJ(vrij,basis,zonder)	2	690428	95.3793
onveilig ADJ(vrij,basis,zonder)	2	690430	95.3796
ontzettend ADJ(prenom,basis,met-e,stan)	2	690432	95.3799
ontwikkeling N(soort,ev,basis,zijd,stan)	2	690434	95.3801
ontvoeren WW(inf,vrij,zonder)	2	690436	95.3804
ontvangn WW(inf,vrij,zonder)	2	690438	95.3807
ontvangen WW(pv,tgw,mv)	2	690440	95.381
ontvangen WW(pv,tgw,met-t)	2	690442	95.3813
ontsteken WW(vd,vrij,zonder)	2	690444	95.3815
ontslaan WW(vd,vrij,zonder)	2	690446	95.3818
ontslaan WW(inf,vrij,zonder)	2	690448	95.3821
ontploffen WW(vd,vrij,zonder)	2	690450	95.3824
ontmoeting N(soort,ev,basis,zijd,stan)	2	690452	95.3826
ontmoeten WW(pv,tgw,ev)	2	690454	95.3829
ontgroening N(soort,ev,basis,zijd,stan)	2	690456	95.3832
ontdekken WW(pv,tgw,met-t)	2	690458	95.3835
ontbreken WW(pv,tgw,met-t)	2	690460	95.3837
ons VNW(bez,det,stan,vol,1,mv,nom,met-e,zonder-n)	2	690462	95.384
onmisbaar ADJ(vrij,basis,zonder)	2	690464	95.3843
ongezellig ADJ(vrij,basis,zonder)	2	690466	95.3846
ongetwijfeld BW()	2	690468	95.3848
ongestoord ADJ(vrij,basis,zonder)	2	690470	95.3851
ongesteldheid N(soort,ev,basis,zijd,stan)	2	690472	95.3854
ongemak N(soort,mv,basis)	2	690474	95.3857
onderzoeken WW(inf,vrij,zonder)	2	690476	95.386
onderzoek N(soort,mv,basis)	2	690478	95.3862
onderzoek N(soort,ev,dim,onz,stan)	2	690480	95.3865
onderwijs N(soort,ev,basis,onz,stan)	2	690482	95.3868
ondertekenen WW(vd,vrij,zonder)	2	690484	95.3871
ondersteunen WW(inf,vrij,zonder)	2	690486	95.3873
onderin BW()	2	690488	95.3876
onderhoud N(soort,ev,basis,onz,stan)	2	690490	95.3879
onderdeel N(soort,mv,basis)	2	690492	95.3882
onderbroek N(soort,mv,basis)	2	690494	95.3884
onderbreken WW(vd,vrij,zonder)	2	690496	95.3887
onchristelijk ADJ(prenom,basis,met-e,stan)	2	690498	95.389
onbereikbaar ADJ(vrij,basis,zonder)	2	690500	95.3893
onbepaald ADJ(prenom,basis,met-e,stan)	2	690502	95.3895
onbekend ADJ(prenom,basis,zonder)	2	690504	95.3898
onbehoorlijk ADJ(prenom,basis,met-e,stan)	2	690506	95.3901
onbegrip N(soort,ev,basis,onz,stan)	2	690508	95.3904
omzetten WW(inf,vrij,zonder)	2	690510	95.3906
omstandigheid N(soort,mv,basis)	2	690512	95.3909
omrijden WW(inf,vrij,zonder)	2	690514	95.3912
omreizen N(soort,mv,basis)	2	690516	95.3915
omkomen WW(inf,vrij,zonder)	2	690518	95.3918
omkeren WW(vd,prenom,met-e)	2	690520	95.392
omdraaien WW(inf,vrij,zonder)	2	690522	95.3923
omdak WW(pv,verl,ev)	2	690524	95.3926
omda SPEC(deeleigen)	2	690526	95.3929
olÃ© N(soort,ev,basis,zijd,stan)	2	690528	95.3931
olga SPEC(vreemd)	2	690530	95.3934
okÃ© N(soort,ev,basis,zijd,stan)	2	690532	95.3937
okÃ© ADJ(prenom,basis,zonder)	2	690534	95.394
oktogon N(soort,mv,basis)	2	690536	95.3942
okken WW(pv,tgw,met-t)	2	690538	95.3945
okiedokie N(soort,ev,dim,onz,stan)	2	690540	95.3948
oki N(soort,ev,basis,zijd,stan)	2	690542	95.3951
okeee N(soort,ev,basis,zijd,stan)	2	690544	95.3953
okay TSW()	2	690546	95.3956
ohnee N(soort,ev,basis,zijd,stan)	2	690548	95.3959
oh SPEC(vreemd)	2	690550	95.3962
ofzoiets N(soort,mv,basis)	2	690552	95.3964
ofwa WW(pv,tgw,ev)	2	690554	95.3967
offeren WW(inf,vrij,zonder)	2	690556	95.397
offence SPEC(vreemd)	2	690558	95.3973
oeveel N(soort,ev,basis,onz,stan)	2	690560	95.3976
oest WW(pv,tgw,met-t)	2	690562	95.3978
oekiepoekie N(soort,ev,basis,zijd,stan)	2	690564	95.3981
oeioeioei N(soort,ev,basis,zijd,stan)	2	690566	95.3984
oei WW(pv,tgw,ev)	2	690568	95.3987
oefening N(soort,ev,basis,zijd,stan)	2	690570	95.3989
oefenen WW(vd,vrij,zonder)	2	690572	95.3992
oefenen WW(pv,tgw,mv)	2	690574	95.3995
od WW(vd,vrij,zonder)	2	690576	95.3998
ochtendhumeur N(soort,ev,basis,onz,stan)	2	690578	95.4
ochja N(soort,ev,basis,zijd,stan)	2	690580	95.4003
oceaan N(soort,ev,basis,zijd,stan)	2	690582	95.4006
obligations SPEC(vreemd)	2	690584	95.4009
o_o N(soort,ev,basis,zijd,stan)	2	690586	95.4011
o.a. SPEC(afk)	2	690588	95.4014
nÃ¡ VZ(init)	2	690590	95.4017
nykopping N(soort,ev,basis,zijd,stan)	2	690592	95.402
nw N(soort,ev,basis,zijd,stan)	2	690594	95.4023
nvm N(soort,ev,basis,zijd,stan)	2	690596	95.4025
nuttig ADJ(prenom,basis,zonder)	2	690598	95.4028
nuttig ADJ(prenom,basis,met-e,stan)	2	690600	95.4031
nuttig ADJ(postnom,basis,met-s)	2	690602	95.4034
nut N(soort,ev,basis,onz,stan)	2	690604	95.4036
nul TW(hoofd,prenom,stan)	2	690606	95.4039
nuj ADJ(vrij,basis,zonder)	2	690608	95.4042
nuit SPEC(vreemd)	2	690610	95.4045
nuchter ADJ(vrij,comp,zonder)	2	690612	95.4047
nt WW(vd,vrij,zonder)	2	690614	95.405
nsv-cantus N(soort,ev,basis,zijd,stan)	2	690616	95.4053
ns ADJ(prenom,basis,zonder)	2	690618	95.4056
nrt WW(pv,tgw,met-t)	2	690620	95.4058
nr. SPEC(afk)	2	690622	95.4061
nr N(soort,mv,basis)	2	690624	95.4064
nowhere SPEC(vreemd)	2	690626	95.4067
nov. SPEC(afk)	2	690628	95.4069
notule N(soort,mv,basis)	2	690630	95.4072
nothing SPEC(vreemd)	2	690632	95.4075
note SPEC(vreemd)	2	690634	95.4078
notaris N(soort,ev,basis,zijd,stan)	2	690636	95.4081
nostalgie N(soort,ev,basis,zijd,stan)	2	690638	95.4083
noot N(soort,mv,dim)	2	690640	95.4086
noot N(soort,mv,basis)	2	690642	95.4089
noor N(soort,ev,basis,zijd,stan)	2	690644	95.4092
nooo N(soort,ev,basis,zijd,stan)	2	690646	95.4094
noodzakelijk ADJ(vrij,basis,zonder)	2	690648	95.4097
nogwat WW(pv,tgw,met-t)	2	690650	95.41
noggis N(soort,mv,basis)	2	690652	95.4103
noggis N(soort,ev,basis,zijd,stan)	2	690654	95.4105
nodig ADJ(nom,basis,met-e,zonder-n,stan)	2	690656	95.4108
noch VG(neven)	2	690658	95.4111
nml WW(pv,tgw,met-t)	2	690660	95.4114
nmg N(soort,ev,basis,onz,stan)	2	690662	95.4116
nm N(soort,ev,basis,zijd,stan)	2	690664	95.4119
nls ADJ(prenom,basis,met-e,stan)	2	690666	95.4122
nl SPEC(symb)	2	690668	95.4125
njam N(soort,ev,basis,zijd,stan)	2	690670	95.4128
nivea N(soort,ev,basis,zijd,stan)	2	690672	95.413
nite WW(pv,verl,ev)	2	690674	95.4133
nimr ADJ(vrij,basis,zonder)	2	690676	95.4136
nimmeer N(soort,ev,basis,zijd,stan)	2	690678	95.4139
nimmeer ADJ(vrij,comp,zonder)	2	690680	95.4141
nikita N(soort,ev,basis,zijd,stan)	2	690682	95.4144
nieuwsgierigheid N(soort,ev,basis,zijd,stan)	2	690684	95.4147
nieuwjaarsborrel N(soort,ev,basis,zijd,stan)	2	690686	95.415
nieuwbouw N(soort,ev,basis,zijd,stan)	2	690688	95.4152
nieuw ADJ(nom,basis,zonder,zonder-n)	2	690690	95.4155
nier N(soort,ev,basis,zijd,stan)	2	690692	95.4158
niemr N(soort,ev,basis,zijd,stan)	2	690694	95.4161
nicole SPEC(vreemd)	2	690696	95.4163
nico N(soort,ev,basis,zijd,stan)	2	690698	95.4166
nicht SPEC(vreemd)	2	690700	95.4169
nhtv N(soort,ev,basis,zijd,stan)	2	690702	95.4172
ng SPEC(vreemd)	2	690704	95.4174
ng ADJ(prenom,basis,zonder)	2	690706	95.4177
newyork N(soort,ev,basis,onz,stan)	2	690708	95.418
nevermind WW(vd,vrij,zonder)	2	690710	95.4183
neuken WW(vd,vrij,zonder)	2	690712	95.4186
netjes BW()	2	690714	95.4188
nerd SPEC(vreemd)	2	690716	95.4191
nekeer N(soort,ev,basis,zijd,stan)	2	690718	95.4194
neig ADJ(vrij,basis,zonder)	2	690720	95.4197
neh N(soort,ev,basis,zijd,stan)	2	690722	95.4199
negeren WW(pv,tgw,met-t)	2	690724	95.4202
neerzetten WW(vd,vrij,zonder)	2	690726	95.4205
neel N(soort,ev,dim,onz,stan)	2	690728	95.4208
neehoor N(soort,ev,basis,zijd,stan)	2	690730	95.421
neeeeeeee N(soort,ev,basis,zijd,stan)	2	690732	95.4213
neeeeee N(soort,ev,basis,zijd,stan)	2	690734	95.4216
neee N(soort,ev,basis,zijd,stan)	2	690736	95.4219
nee VG(neven)	2	690738	95.4221
ned WW(vd,vrij,zonder)	2	690740	95.4224
necessary SPEC(vreemd)	2	690742	95.4227
nav SPEC(afk)	2	690744	95.423
natuurtalent N(soort,ev,basis,onz,stan)	2	690746	95.4232
natuurijs N(soort,ev,basis,onz,stan)	2	690748	95.4235
natregenen WW(vd,vrij,zonder)	2	690750	95.4238
natjes N(soort,mv,dim)	2	690752	95.4241
nathalie N(soort,ev,basis,zijd,stan)	2	690754	95.4244
nas N(soort,ev,basis,onz,stan)	2	690756	95.4246
nar N(soort,ev,basis,zijd,stan)	2	690758	95.4249
nap SPEC(vreemd)	2	690760	95.4252
nancy SPEC(vreemd)	2	690762	95.4255
nalezen WW(inf,vrij,zonder)	2	690764	95.4257
nader ADJ(vrij,basis,zonder)	2	690766	95.426
nadenken WW(inf,nom,zonder,zonder-n)	2	690768	95.4263
nadeel N(soort,mv,basis)	2	690770	95.4266
nachtwinkel N(soort,ev,basis,zijd,stan)	2	690772	95.4268
nachtploeg N(soort,ev,basis,zijd,stan)	2	690774	95.4271
nachtmerrie N(soort,ev,basis,zijd,stan)	2	690776	95.4274
nachtkus N(soort,ev,basis,zijd,stan)	2	690778	95.4277
nachtdienst N(soort,ev,basis,zijd,stan)	2	690780	95.4279
nabewerken N(soort,mv,basis)	2	690782	95.4282
nabespreking N(soort,ev,basis,zijd,stan)	2	690784	95.4285
naar ADJ(prenom,basis,zonder)	2	690786	95.4288
naambord N(soort,ev,dim,onz,stan)	2	690788	95.4291
n LID(onbep,stan,agr)	2	690790	95.4293
mzzl N(soort,mv,basis)	2	690792	95.4296
mysterieus ADJ(prenom,basis,met-e,stan)	2	690794	95.4299
mysterie N(soort,ev,basis,onz,stan)	2	690796	95.4302
myn WW(inf,vrij,zonder)	2	690798	95.4304
myn SPEC(deeleigen)	2	690800	95.4307
mwa N(soort,ev,basis,zijd,stan)	2	690802	95.431
muziek N(soort,ev,dim,onz,stan)	2	690804	95.4313
muze N(soort,mv,basis)	2	690806	95.4315
muze N(soort,ev,basis,zijd,stan)	2	690808	95.4318
muts N(soort,ev,dim,onz,stan)	2	690810	95.4321
mus N(soort,ev,basis,zijd,stan)	2	690812	95.4324
mun N(soort,ev,basis,zijd,stan)	2	690814	95.4326
multiplex N(soort,ev,basis,onz,stan)	2	690816	95.4329
multimeter N(soort,ev,basis,zijd,stan)	2	690818	95.4332
muggenbult N(soort,mv,basis)	2	690820	95.4335
mug N(soort,ev,basis,zijd,stan)	2	690822	95.4337
muffin N(soort,ev,basis,zijd,stan)	2	690824	95.434
mtc N(soort,ev,basis,zijd,stan)	2	690826	95.4343
mssn N(soort,mv,basis)	2	690828	95.4346
msn N(soort,mv,basis)	2	690830	95.4349
msn N(soort,ev,basis,onz,stan)	2	690832	95.4351
ms N(soort,mv,basis)	2	690834	95.4354
mrt WW(pv,tgw,met-t)	2	690836	95.4357
mr WW(pv,tgw,ev)	2	690838	95.436
mr N(soort,ev,basis,onz,stan)	2	690840	95.4362
mr BW()	2	690842	95.4365
mozza N(soort,ev,basis,zijd,stan)	2	690844	95.4368
moving SPEC(vreemd)	2	690846	95.4371
moving N(soort,ev,basis,zijd,stan)	2	690848	95.4373
move N(soort,mv,basis)	2	690850	95.4376
moustache N(soort,ev,basis,zijd,stan)	2	690852	95.4379
mountainbiken WW(inf,nom,zonder,zonder-n)	2	690854	95.4382
motto N(soort,ev,basis,onz,stan)	2	690856	95.4384
motorrijbewijs N(soort,ev,basis,onz,stan)	2	690858	95.4387
motorcross N(soort,ev,basis,zijd,stan)	2	690860	95.439
motie N(soort,ev,basis,zijd,stan)	2	690862	95.4393
morgn WW(inf,vrij,zonder)	2	690864	95.4396
morgenavnd N(soort,ev,basis,zijd,stan)	2	690866	95.4398
morgenavn WW(od,prenom,zonder)	2	690868	95.4401
morge WW(pv,verl,ev)	2	690870	95.4404
moreel ADJ(prenom,basis,met-e,stan)	2	690872	95.4407
mop N(soort,mv,dim)	2	690874	95.4409
mooo N(soort,ev,basis,zijd,stan)	2	690876	95.4412
month SPEC(vreemd)	2	690878	95.4415
montey N(soort,ev,basis,onz,stan)	2	690880	95.4418
monteren WW(inf,vrij,zonder)	2	690882	95.442
monter ADJ(vrij,basis,zonder)	2	690884	95.4423
monsterboard N(soort,ev,basis,zijd,stan)	2	690886	95.4426
monschau N(soort,ev,basis,onz,stan)	2	690888	95.4429
monotoon ADJ(prenom,basis,zonder)	2	690890	95.4431
monoloog N(soort,ev,basis,zijd,stan)	2	690892	95.4434
monk SPEC(vreemd)	2	690894	95.4437
monk N(soort,ev,basis,zijd,stan)	2	690896	95.444
monitor N(soort,ev,basis,zijd,stan)	2	690898	95.4442
monique SPEC(vreemd)	2	690900	95.4445
monique N(soort,ev,basis,zijd,stan)	2	690902	95.4448
monika SPEC(deeleigen)	2	690904	95.4451
mongol N(soort,ev,basis,zijd,stan)	2	690906	95.4454
mondeling ADJ(vrij,basis,zonder)	2	690908	95.4456
moment SPEC(vreemd)	2	690910	95.4459
molenpad N(soort,ev,basis,onz,stan)	2	690912	95.4462
mokkel N(soort,ev,basis,onz,stan)	2	690914	95.4465
moins N(soort,mv,basis)	2	690916	95.4467
moh BW()	2	690918	95.447
mogen WW(pv,conj,ev)	2	690920	95.4473
moeten WW(vd,vrij,zonder)	2	690922	95.4476
moete WW(pv,verl,ev)	2	690924	95.4478
moete SPEC(vreemd)	2	690926	95.4481
moet-ie N(soort,ev,basis,zijd,stan)	2	690928	95.4484
moesjiemoesjie VNW(aanw,pron,stan,vol,3,getal)	2	690930	95.4487
moen N(soort,mv,basis)	2	690932	95.4489
moek N(soort,ev,basis,onz,stan)	2	690934	95.4492
moeilyk N(soort,ev,basis,onz,stan)	2	690936	95.4495
moehaha N(soort,ev,basis,zijd,stan)	2	690938	95.4498
moefie N(soort,ev,basis,zijd,stan)	2	690940	95.45
moederhuis N(soort,ev,basis,onz,stan)	2	690942	95.4503
moederbord N(soort,ev,basis,onz,stan)	2	690944	95.4506
moeder N(soort,ev,basis,gen)	2	690946	95.4509
moe ADJ(prenom,basis,zonder)	2	690948	95.4512
modus SPEC(vreemd)	2	690950	95.4514
modeshow N(soort,ev,basis,zijd,stan)	2	690952	95.4517
modern ADJ(prenom,basis,met-e,stan)	2	690954	95.452
model N(soort,mv,basis)	2	690956	95.4523
mobiel N(soort,ev,dim,onz,stan)	2	690958	95.4525
mn ADJ(prenom,basis,zonder)	2	690960	95.4528
mmmmmm N(soort,ev,basis,onz,stan)	2	690962	95.4531
ml SPEC(symb)	2	690964	95.4534
mitchaux WW(pv,tgw,ev)	2	690966	95.4536
mitchaux N(soort,ev,dim,onz,stan)	2	690968	95.4539
mistig ADJ(vrij,basis,zonder)	2	690970	95.4542
missing SPEC(vreemd)	2	690972	95.4545
mislukken WW(vd,vrij,zonder)	2	690974	95.4547
misgaan WW(inf,vrij,zonder)	2	690976	95.455
mira N(soort,ev,basis,zijd,stan)	2	690978	95.4553
mir SPEC(vreemd)	2	690980	95.4556
minuut N(soort,ev,dim,onz,stan)	2	690982	95.4559
minst VNW(onbep,grad,stan,prenom,met-e,agr,sup)	2	690984	95.4561
minpunt N(soort,ev,dim,onz,stan)	2	690986	95.4564
minouk SPEC(vreemd)	2	690988	95.4567
minouk N(soort,ev,basis,zijd,stan)	2	690990	95.457
minou N(soort,ev,basis,onz,stan)	2	690992	95.4572
mink SPEC(vreemd)	2	690994	95.4575
minimaal ADJ(vrij,basis,zonder)	2	690996	95.4578
minerva N(soort,ev,basis,zijd,stan)	2	690998	95.4581
minderhout N(soort,ev,basis,onz,stan)	2	691000	95.4583
milow N(soort,ev,basis,zijd,stan)	2	691002	95.4586
miles SPEC(vreemd)	2	691004	95.4589
mike N(soort,ev,basis,zijd,stan)	2	691006	95.4592
miet BW()	2	691008	95.4594
mie N(soort,ev,basis,zijd,stan)	2	691010	95.4597
middelmatig ADJ(vrij,basis,zonder)	2	691012	95.46
middelbaar ADJ(prenom,basis,met-e,stan)	2	691014	95.4603
middel N(soort,ev,basis,onz,stan)	2	691016	95.4605
middagmaal N(soort,ev,basis,onz,stan)	2	691018	95.4608
middageten N(soort,ev,basis,onz,stan)	2	691020	95.4611
mid N(soort,ev,basis,zijd,stan)	2	691022	95.4614
microfoon N(soort,ev,basis,zijd,stan)	2	691024	95.4617
micro N(soort,ev,basis,zijd,stan)	2	691026	95.4619
michiel N(soort,ev,basis,onz,stan)	2	691028	95.4622
michael SPEC(vreemd)	2	691030	95.4625
mia SPEC(vreemd)	2	691032	95.4628
mi VNW(pers,pron,dial)	2	691034	95.463
mi SPEC(vreemd)	2	691036	95.4633
mgl WW(vd,vrij,zonder)	2	691038	95.4636
mezelf VNW(pr,pron,obl,red,1,ev)	2	691040	95.4639
mexico N(soort,ev,basis,zijd,stan)	2	691042	95.4641
mexicaans ADJ(prenom,basis,met-e,stan)	2	691044	95.4644
meupi SPEC(vreemd)	2	691046	95.4647
metrolijn N(soort,ev,basis,zijd,stan)	2	691048	95.465
metro SPEC(vreemd)	2	691050	95.4652
meting N(soort,mv,basis)	2	691052	95.4655
meten WW(vd,vrij,zonder)	2	691054	95.4658
metalen ADJ(prenom,basis,zonder)	2	691056	95.4661
metal SPEC(vreemd)	2	691058	95.4664
metaal N(soort,ev,basis,onz,stan)	2	691060	95.4666
mes N(soort,ev,dim,onz,stan)	2	691062	95.4669
merket WW(vd,vrij,zonder)	2	691064	95.4672
merk N(soort,ev,basis,onz,stan)	2	691066	95.4675
meritocratie N(soort,ev,basis,zijd,stan)	2	691068	95.4677
merci SPEC(vreemd)	2	691070	95.468
merci SPEC(deeleigen)	2	691072	95.4683
merci ADJ(vrij,basis,zonder)	2	691074	95.4686
merchandise N(soort,ev,basis,zijd,stan)	2	691076	95.4688
mercedes N(soort,ev,basis,onz,stan)	2	691078	95.4691
mer N(soort,ev,basis,zijd,stan)	2	691080	95.4694
mer ADJ(vrij,comp,zonder)	2	691082	95.4697
menza N(soort,ev,basis,zijd,stan)	2	691084	95.4699
mention SPEC(vreemd)	2	691086	95.4702
memory SPEC(vreemd)	2	691088	95.4705
meloen N(soort,ev,basis,zijd,stan)	2	691090	95.4708
melkert WW(pv,tgw,met-t)	2	691092	95.471
melk N(soort,ev,dim,onz,stan)	2	691094	95.4713
melig ADJ(vrij,basis,zonder)	2	691096	95.4716
melden WW(pv,tgw,mv)	2	691098	95.4719
melden WW(pv,tgw,met-t)	2	691100	95.4722
meid SPEC(vreemd)	2	691102	95.4724
meh N(soort,ev,basis,zijd,stan)	2	691104	95.4727
meezijn WW(vd,vrij,zonder)	2	691106	95.473
meevaller N(soort,ev,basis,zijd,stan)	2	691108	95.4733
meevallen WW(pv,verl,ev)	2	691110	95.4735
meeten WW(inf,vrij,zonder)	2	691112	95.4738
meetellen WW(pv,tgw,met-t)	2	691114	95.4741
meesturen WW(inf,vrij,zonder)	2	691116	95.4744
meester N(soort,ev,basis,zijd,stan)	2	691118	95.4746
meespelen WW(inf,vrij,zonder)	2	691120	95.4749
meerkeuzetoets N(soort,ev,basis,zijd,stan)	2	691122	95.4752
meerekenen WW(vd,vrij,zonder)	2	691124	95.4755
meerderheid N(soort,ev,basis,zijd,stan)	2	691126	95.4757
meer N(soort,ev,basis,onz,stan)	2	691128	95.476
meepakkn N(soort,mv,basis)	2	691130	95.4763
meemaken WW(inf,vrij,zonder)	2	691132	95.4766
meelopen WW(vd,vrij,zonder)	2	691134	95.4768
meelopen WW(inf,vrij,zonder)	2	691136	95.4771
meeleven WW(od,vrij,zonder)	2	691138	95.4774
meekrijgen WW(inf,vrij,zonder)	2	691140	95.4777
meehelpen WW(inf,vrij,zonder)	2	691142	95.478
meegaan WW(vd,vrij,zonder)	2	691144	95.4782
meegaan WW(pv,verl,ev)	2	691146	95.4785
mee-eten WW(pv,tgw,ev)	2	691148	95.4788
mee VZ(init)	2	691150	95.4791
medicatie N(soort,ev,basis,zijd,stan)	2	691152	95.4793
medical SPEC(vreemd)	2	691154	95.4796
mediamarkt N(soort,ev,basis,zijd,stan)	2	691156	95.4799
medeleven N(soort,ev,basis,onz,stan)	2	691158	95.4802
mededeling N(soort,mv,basis)	2	691160	95.4804
means SPEC(vreemd)	2	691162	95.4807
mc WW(inf,vrij,zonder)	2	691164	95.481
mbit N(soort,ev,basis,zijd,stan)	2	691166	95.4813
mazzelaar N(soort,ev,basis,zijd,stan)	2	691168	95.4815
mayor SPEC(vreemd)	2	691170	95.4818
mayo N(soort,ev,basis,onz,stan)	2	691172	95.4821
maxim N(soort,ev,basis,zijd,stan)	2	691174	95.4824
maxim N(soort,ev,basis,onz,stan)	2	691176	95.4827
maud N(soort,ev,basis,zijd,stan)	2	691178	95.4829
mattie N(soort,mv,basis)	2	691180	95.4832
matrix N(soort,ev,basis,zijd,stan)	2	691182	95.4835
matras N(soort,mv,basis)	2	691184	95.4838
masterstudent N(soort,mv,basis)	2	691186	95.484
masterclass SPEC(vreemd)	2	691188	95.4843
masterchef N(soort,ev,basis,zijd,stan)	2	691190	95.4846
massage N(soort,ev,basis,zijd,stan)	2	691192	95.4849
masjien N(soort,mv,basis)	2	691194	95.4851
masculine SPEC(vreemd)	2	691196	95.4854
martine N(soort,ev,basis,zijd,stan)	2	691198	95.4857
martin N(soort,ev,basis,zijd,stan)	2	691200	95.486
marnix N(soort,ev,basis,zijd,stan)	2	691202	95.4862
marloes N(soort,mv,basis)	2	691204	95.4865
markt N(soort,ev,dim,onz,stan)	2	691206	95.4868
marjan N(soort,ev,basis,zijd,stan)	2	691208	95.4871
marja N(soort,ev,basis,zijd,stan)	2	691210	95.4873
marije SPEC(vreemd)	2	691212	95.4876
mariette WW(pv,verl,ev)	2	691214	95.4879
marie SPEC(deeleigen)	2	691216	95.4882
marginaal ADJ(prenom,basis,met-e,stan)	2	691218	95.4885
marco N(soort,ev,basis,zijd,stan)	2	691220	95.4887
marcel N(soort,ev,basis,zijd,stan)	2	691222	95.489
mar SPEC(vreemd)	2	691224	95.4893
manydjs N(soort,ev,basis,onz,stan)	2	691226	95.4896
mannenfilm N(soort,ev,basis,zijd,stan)	2	691228	95.4898
mannelijk ADJ(vrij,basis,zonder)	2	691230	95.4901
manlief N(soort,ev,basis,zijd,stan)	2	691232	95.4904
manja SPEC(vreemd)	2	691234	95.4907
manier N(soort,mv,basis)	2	691236	95.4909
man SPEC(vreemd)	2	691238	95.4912
malen WW(pv,tgw,met-t)	2	691240	95.4915
malen WW(inf,vrij,zonder)	2	691242	95.4918
malad SPEC(vreemd)	2	691244	95.492
malad N(soort,ev,basis,zijd,stan)	2	691246	95.4923
makn WW(inf,vrij,zonder)	2	691248	95.4926
makker N(soort,ev,basis,zijd,stan)	2	691250	95.4929
makkelijk ADJ(postnom,basis,met-s)	2	691252	95.4932
maken WW(pv,verl,mv)	2	691254	95.4934
make-up N(soort,ev,basis,zijd,stan)	2	691256	95.4937
maitresse N(soort,ev,basis,zijd,stan)	2	691258	95.494
maintenant SPEC(vreemd)	2	691260	95.4943
mailen WW(inf,nom,zonder,zonder-n)	2	691262	95.4945
mail SPEC(vreemd)	2	691264	95.4948
magisch ADJ(prenom,basis,met-e,stan)	2	691266	95.4951
mafkees N(soort,ev,basis,zijd,stan)	2	691268	95.4954
maeike N(soort,ev,basis,zijd,stan)	2	691270	95.4956
machine N(soort,ev,basis,zijd,stan)	2	691272	95.4959
macadres N(soort,ev,basis,zijd,stan)	2	691274	95.4962
maatschappelijk ADJ(prenom,basis,met-e,stan)	2	691276	95.4965
maas N(soort,ev,dim,onz,stan)	2	691278	95.4967
maas N(soort,ev,basis,zijd,stan)	2	691280	95.497
maarten WW(pv,verl,mv)	2	691282	95.4973
maarssen N(soort,mv,basis)	2	691284	95.4976
maandagmorgen N(soort,ev,basis,zijd,stan)	2	691286	95.4978
maaltijdsalade N(soort,ev,basis,zijd,stan)	2	691288	95.4981
maal N(soort,ev,dim,onz,stan)	2	691290	95.4984
maaaar N(soort,ev,basis,zijd,stan)	2	691292	95.4987
maa N(soort,ev,basis,zijd,stan)	2	691294	95.499
ma N(soort,mv,basis)	2	691296	95.4992
lynn N(soort,ev,basis,zijd,stan)	2	691298	95.4995
lynen N(soort,mv,basis)	2	691300	95.4998
lyken WW(pv,tgw,met-t)	2	691302	95.5001
lyk SPEC(vreemd)	2	691304	95.5003
ly N(soort,ev,basis,zijd,stan)	2	691306	95.5006
luzine N(soort,ev,basis,zijd,stan)	2	691308	95.5009
luxemburg N(soort,ev,basis,zijd,stan)	2	691310	95.5012
lux N(soort,ev,basis,zijd,stan)	2	691312	95.5014
lus N(soort,ev,basis,zijd,stan)	2	691314	95.5017
lukkie N(soort,ev,dim,onz,stan)	2	691316	95.502
lukaku WW(vd,vrij,zonder)	2	691318	95.5023
luisteren WW(pv,tgw,mv)	2	691320	95.5025
luisteren WW(pv,tgw,met-t)	2	691322	95.5028
luik N(soort,ev,basis,onz,stan)	2	691324	95.5031
lud N(soort,ev,basis,onz,stan)	2	691326	95.5034
lucht N(soort,ev,dim,onz,stan)	2	691328	95.5036
ltr N(soort,ev,basis,zijd,stan)	2	691330	95.5039
low SPEC(vreemd)	2	691332	95.5042
loving SPEC(vreemd)	2	691334	95.5045
louis N(soort,mv,basis)	2	691336	95.5048
lotr N(soort,ev,basis,zijd,stan)	2	691338	95.505
loten WW(vd,vrij,zonder)	2	691340	95.5053
lot N(soort,mv,dim)	2	691342	95.5056
loss SPEC(vreemd)	2	691344	95.5059
loser N(soort,ev,basis,zijd,stan)	2	691346	95.5061
lose SPEC(vreemd)	2	691348	95.5064
losbarsten WW(inf,vrij,zonder)	2	691350	95.5067
lopen WW(od,prenom,met-e)	2	691352	95.507
lopen WW(inf,nom,zonder,zonder-n)	2	691354	95.5072
loos ADJ(vrij,basis,zonder)	2	691356	95.5075
loos ADJ(prenom,basis,zonder)	2	691358	95.5078
loopschoen N(soort,mv,basis)	2	691360	95.5081
loonsverhoging N(soort,ev,basis,zijd,stan)	2	691362	95.5083
looks SPEC(vreemd)	2	691364	95.5086
long N(soort,ev,basis,zijd,stan)	2	691366	95.5089
london N(soort,ev,basis,onz,stan)	2	691368	95.5092
lol N(soort,ev,dim,onz,stan)	2	691370	95.5095
lokken WW(inf,vrij,zonder)	2	691372	95.5097
lokers ADJ(prenom,basis,met-e,stan)	2	691374	95.51
lokeren WW(inf,vrij,zonder)	2	691376	95.5103
lokaal ADJ(prenom,basis,met-e,stan)	2	691378	95.5106
logeer N(soort,ev,basis,zijd,stan)	2	691380	95.5108
lof N(soort,ev,basis,zijd,stan)	2	691382	95.5111
loe N(soort,ev,basis,zijd,stan)	2	691384	95.5114
locomotief N(soort,ev,basis,zijd,stan)	2	691386	95.5117
locksmith SPEC(vreemd)	2	691388	95.5119
location SPEC(vreemd)	2	691390	95.5122
local SPEC(vreemd)	2	691392	95.5125
llr N(soort,ev,basis,zijd,stan)	2	691394	95.5128
lln N(soort,mv,basis)	2	691396	95.513
lizzy N(soort,ev,basis,zijd,stan)	2	691398	95.5133
live N(soort,mv,basis)	2	691400	95.5136
list N(soort,ev,basis,zijd,stan)	2	691402	95.5139
lisanne N(soort,ev,basis,zijd,stan)	2	691404	95.5141
lisa N(soort,ev,basis,zijd,stan)	2	691406	95.5144
lip N(soort,mv,dim)	2	691408	95.5147
links ADJ(nom,basis,zonder,zonder-n)	2	691410	95.515
linker ADJ(prenom,basis,zonder)	2	691412	95.5153
linkedin N(soort,ev,basis,zijd,stan)	2	691414	95.5155
link ADJ(vrij,basis,zonder)	2	691416	95.5158
lineair ADJ(prenom,basis,met-e,stan)	2	691418	95.5161
limit SPEC(vreemd)	2	691420	95.5164
liked SPEC(vreemd)	2	691422	95.5166
lik BW()	2	691424	95.5169
lijn N(soort,mv,dim)	2	691426	95.5172
lijmen WW(inf,vrij,zonder)	2	691428	95.5175
lijm N(soort,ev,basis,zijd,stan)	2	691430	95.5177
lijken WW(pv,tgw,ev)	2	691432	95.518
lijk VG(onder)	2	691434	95.5183
lijden WW(inf,vrij,zonder)	2	691436	95.5186
lights SPEC(vreemd)	2	691438	95.5188
ligging N(soort,ev,basis,zijd,stan)	2	691440	95.5191
ligament N(soort,mv,basis)	2	691442	95.5194
ligament N(soort,ev,basis,onz,stan)	2	691444	95.5197
life N(soort,mv,basis)	2	691446	95.52
lievio N(soort,ev,basis,onz,stan)	2	691448	95.5202
lieverd SPEC(vreemd)	2	691450	95.5205
liev WW(inf,vrij,zonder)	2	691452	95.5208
liev SPEC(vreemd)	2	691454	95.5211
liev N(soort,mv,basis)	2	691456	95.5213
liese N(soort,ev,basis,zijd,stan)	2	691458	95.5216
liesbeth SPEC(vreemd)	2	691460	95.5219
lierde N(soort,ev,basis,zijd,stan)	2	691462	95.5222
lientje N(soort,ev,dim,onz,stan)	2	691464	95.5224
liehief ADJ(vrij,basis,zonder)	2	691466	95.5227
liefdevol ADJ(prenom,basis,zonder)	2	691468	95.523
lidnummer N(soort,ev,basis,zijd,stan)	2	691470	95.5233
lidmaatschap N(soort,ev,basis,onz,stan)	2	691472	95.5235
lidl N(soort,ev,basis,zijd,stan)	2	691474	95.5238
lichtstoet SPEC(vreemd)	2	691476	95.5241
lichtervelde ADJ(prenom,basis,met-e,stan)	2	691478	95.5244
lichten WW(inf,vrij,zonder)	2	691480	95.5246
lichtblauw ADJ(prenom,basis,met-e,stan)	2	691482	95.5249
licht ADJ(prenom,comp,met-e,stan)	2	691484	95.5252
licht ADJ(prenom,basis,zonder)	2	691486	95.5255
liar SPEC(vreemd)	2	691488	95.5258
lianne SPEC(vreemd)	2	691490	95.526
levering N(soort,ev,basis,zijd,stan)	2	691492	95.5263
leveren WW(vd,vrij,zonder)	2	691494	95.5266
levendig ADJ(vrij,basis,zonder)	2	691496	95.5269
leur N(soort,ev,basis,zijd,stan)	2	691498	95.5271
leuk ADJ(prenom,sup,met-e,stan)	2	691500	95.5274
leugen N(soort,mv,basis)	2	691502	95.5277
letten WW(vd,vrij,zonder)	2	691504	95.528
lessenrooster N(soort,ev,basis,genus,stan)	2	691506	95.5282
lesbisch ADJ(vrij,basis,zonder)	2	691508	95.5285
leon N(soort,ev,basis,zijd,stan)	2	691510	95.5288
lente N(soort,mv,basis)	2	691512	95.5291
lenen WW(pv,tgw,mv)	2	691514	95.5293
lekker ADJ(prenom,sup,met-e,stan)	2	691516	95.5296
lekkage N(soort,ev,basis,zijd,stan)	2	691518	95.5299
leiding N(soort,mv,basis)	2	691520	95.5302
leiden WW(pv,tgw,ev)	2	691522	95.5304
legen WW(vd,vrij,zonder)	2	691524	95.5307
leesbaar ADJ(vrij,basis,zonder)	2	691526	95.531
leer N(soort,ev,basis,onz,stan)	2	691528	95.5313
leer ADJ(prenom,basis,zonder)	2	691530	95.5316
leenwardhanne N(soort,ev,basis,zijd,stan)	2	691532	95.5318
leenaerts N(soort,ev,basis,zijd,stan)	2	691534	95.5321
leeghalen WW(inf,vrij,zonder)	2	691536	95.5324
ledenlijst N(soort,ev,basis,zijd,stan)	2	691538	95.5327
ledeberg SPEC(symb)	2	691540	95.5329
learning SPEC(vreemd)	2	691542	95.5332
league SPEC(vreemd)	2	691544	95.5335
lazy N(soort,ev,basis,zijd,stan)	2	691546	95.5338
lazimpat N(soort,ev,basis,zijd,stan)	2	691548	95.534
lausanne N(soort,ev,basis,zijd,stan)	2	691550	95.5343
laus N(soort,mv,basis)	2	691552	95.5346
laus N(soort,ev,basis,zijd,stan)	2	691554	95.5349
lattenbodem N(soort,ev,basis,zijd,stan)	2	691556	95.5351
latex N(soort,ev,basis,genus,stan)	2	691558	95.5354
later N(soort,mv,basis)	2	691560	95.5357
lately N(soort,ev,basis,zijd,stan)	2	691562	95.536
lata N(soort,ev,basis,zijd,stan)	2	691564	95.5363
lastminute ADJ(vrij,basis,zonder)	2	691566	95.5365
lassing N(soort,ev,basis,zijd,stan)	2	691568	95.5368
laptop SPEC(vreemd)	2	691570	95.5371
lappe N(soort,ev,basis,zijd,stan)	2	691572	95.5374
lantern SPEC(vreemd)	2	691574	95.5376
lantaarnpaal N(soort,ev,basis,zijd,stan)	2	691576	95.5379
langzaam ADJ(vrij,comp,zonder)	2	691578	95.5382
language SPEC(vreemd)	2	691580	95.5385
langskomen N(soort,mv,basis)	2	691582	95.5387
langsfietsen WW(inf,vrij,zonder)	2	691584	95.539
lang ADJ(prenom,comp,met-e,stan)	2	691586	95.5393
lang ADJ(nom,sup,zonder,zonder-n)	2	691588	95.5396
landmarks SPEC(vreemd)	2	691590	95.5398
landmark N(soort,ev,basis,onz,stan)	2	691592	95.5401
lalala N(soort,ev,basis,zijd,stan)	2	691594	95.5404
laken N(soort,ev,basis,onz,stan)	2	691596	95.5407
laden WW(vd,vrij,zonder)	2	691598	95.5409
lach N(soort,ev,dim,onz,stan)	2	691600	95.5412
lab N(soort,ev,basis,onz,stan)	2	691602	95.5415
laatkomer N(soort,mv,basis)	2	691604	95.5418
laat ADJ(nom,sup,zonder,zonder-n)	2	691606	95.5421
laat ADJ(nom,sup,met-e,mv-n)	2	691608	95.5423
laaiend ADJ(vrij,basis,zonder)	2	691610	95.5426
laag N(soort,ev,basis,zijd,stan)	2	691612	95.5429
laag ADJ(prenom,comp,met-e,stan)	2	691614	95.5432
laag ADJ(prenom,basis,zonder)	2	691616	95.5434
la N(soort,ev,dim,onz,stan)	2	691618	95.5437
kÃ© N(soort,ev,basis,zijd,stan)	2	691620	95.544
kzou WW(pv,verl,ev)	2	691622	95.5443
kzou N(soort,ev,basis,zijd,stan)	2	691624	95.5445
kzit WW(pv,tgw,ev)	2	691626	95.5448
kzet WW(vd,vrij,zonder)	2	691628	95.5451
kzat N(soort,ev,basis,zijd,stan)	2	691630	95.5454
kzalt N(soort,ev,basis,zijd,stan)	2	691632	95.5456
kzal ADJ(vrij,basis,zonder)	2	691634	95.5459
kyken WW(pv,verl,mv)	2	691636	95.5462
kyken SPEC(vreemd)	2	691638	95.5465
kyk N(soort,ev,basis,zijd,stan)	2	691640	95.5468
kxal WW(pv,tgw,ev)	2	691642	95.547
kxal SPEC(vreemd)	2	691644	95.5473
kxal ADJ(vrij,basis,zonder)	2	691646	95.5476
kwou WW(pv,tgw,ev)	2	691648	95.5479
kwist WW(pv,tgw,met-t)	2	691650	95.5481
kwist SPEC(vreemd)	2	691652	95.5484
kwil N(soort,ev,basis,onz,stan)	2	691654	95.5487
kwijtmaken WW(vd,vrij,zonder)	2	691656	95.549
kwetsen WW(vd,vrij,zonder)	2	691658	95.5492
kwestie WW(pv,tgw,ev)	2	691660	95.5495
kweken WW(inf,vrij,zonder)	2	691662	95.5498
kweetni SPEC(deeleigen)	2	691664	95.5501
kweet WW(pv,tgw,met-t)	2	691666	95.5503
kweenie N(soort,ev,basis,zijd,stan)	2	691668	95.5506
kwartfinale N(soort,ev,basis,zijd,stan)	2	691670	95.5509
kwalijk ADJ(vrij,basis,zonder)	2	691672	95.5512
kwalbert WW(pv,tgw,met-t)	2	691674	95.5514
kwadraat N(soort,ev,basis,onz,stan)	2	691676	95.5517
kw N(soort,ev,basis,zijd,stan)	2	691678	95.552
kvragen WW(pv,verl,ev)	2	691680	95.5523
kvond WW(vd,vrij,zonder)	2	691682	95.5526
kvoel WW(pv,tgw,ev)	2	691684	95.5528
kvind WW(od,vrij,zonder)	2	691686	95.5531
kuur N(soort,ev,basis,zijd,stan)	2	691688	95.5534
kutzooi N(soort,ev,basis,zijd,stan)	2	691690	95.5537
kutherrie N(soort,ev,basis,zijd,stan)	2	691692	95.5539
kutboel N(soort,ev,basis,zijd,stan)	2	691694	95.5542
kussss N(soort,mv,basis)	2	691696	95.5545
kusserdekus N(soort,ev,basis,zijd,stan)	2	691698	95.5548
kussen WW(pv,verl,ev)	2	691700	95.555
kussen N(soort,mv,basis)	2	691702	95.5553
kuskuskuskus N(soort,ev,basis,zijd,stan)	2	691704	95.5556
kusjesaanval N(soort,ev,basis,zijd,stan)	2	691706	95.5559
kusjesaanval N(soort,ev,basis,onz,stan)	2	691708	95.5561
kusjekusjekus N(soort,ev,dim,onz,stan)	2	691710	95.5564
kusjekus N(soort,ev,basis,zijd,stan)	2	691712	95.5567
kunde WW(pv,verl,ev)	2	691714	95.557
kul ADJ(vrij,basis,zonder)	2	691716	95.5573
ksnap N(soort,ev,basis,zijd,stan)	2	691718	95.5575
krullebol N(soort,ev,basis,zijd,stan)	2	691720	95.5578
krul N(soort,mv,basis)	2	691722	95.5581
kruithuisbrug N(soort,ev,basis,zijd,stan)	2	691724	95.5584
kruispunt N(soort,ev,basis,onz,stan)	2	691726	95.5586
kruisland N(soort,ev,basis,onz,stan)	2	691728	95.5589
kruisen WW(pv,tgw,mv)	2	691730	95.5592
kruisen WW(pv,tgw,met-t)	2	691732	95.5595
kruipen WW(pv,tgw,met-t)	2	691734	95.5597
kroonkurk N(soort,mv,basis)	2	691736	95.56
kronen WW(vd,prenom,met-e)	2	691738	95.5603
krom ADJ(vrij,basis,zonder)	2	691740	95.5606
kroeg N(soort,mv,basis)	2	691742	95.5608
kroeg N(soort,ev,dim,onz,stan)	2	691744	95.5611
krock N(soort,ev,basis,zijd,stan)	2	691746	95.5614
kristof N(soort,ev,basis,zijd,stan)	2	691748	95.5617
kristalgroei N(soort,ev,basis,zijd,stan)	2	691750	95.5619
krisje N(soort,ev,dim,onz,stan)	2	691752	95.5622
krish N(soort,ev,basis,zijd,stan)	2	691754	95.5625
kring N(soort,mv,basis)	2	691756	95.5628
kriebelen WW(pv,tgw,met-t)	2	691758	95.5631
krefel N(soort,ev,basis,onz,stan)	2	691760	95.5633
kracht N(soort,mv,basis)	2	691762	95.5636
krabbel N(soort,mv,basis)	2	691764	95.5639
kraanlei N(soort,ev,basis,zijd,stan)	2	691766	95.5642
kraag N(soort,ev,basis,zijd,stan)	2	691768	95.5644
kr N(soort,ev,basis,onz,stan)	2	691770	95.5647
kpn N(soort,mv,basis)	2	691772	95.565
kous N(soort,mv,basis)	2	691774	95.5653
koude N(soort,ev,basis,zijd,stan)	2	691776	95.5655
koud ADJ(vrij,comp,zonder)	2	691778	95.5658
kotsen WW(vd,vrij,zonder)	2	691780	95.5661
kotgenoot N(soort,mv,basis)	2	691782	95.5664
kotfeest N(soort,ev,dim,onz,stan)	2	691784	95.5666
kostuum(s) N(soort,mv,basis)	2	691786	95.5669
kostuum N(soort,ev,basis,onz,stan)	2	691788	95.5672
kost N(soort,ev,basis,zijd,stan)	2	691790	95.5675
kortsluiten WW(vd,vrij,zonder)	2	691792	95.5677
kort ADJ(prenom,sup,met-e,stan)	2	691794	95.568
kopiÃ«ren WW(pv,tgw,ev)	2	691796	95.5683
kopie N(soort,mv,dim)	2	691798	95.5686
koortsig ADJ(vrij,basis,zonder)	2	691800	95.5689
koor N(soort,ev,basis,onz,stan)	2	691802	95.5691
koopavond N(soort,ev,basis,zijd,stan)	2	691804	95.5694
koop ADJ(prenom,basis,met-e,stan)	2	691806	95.5697
kool N(soort,ev,basis,zijd,stan)	2	691808	95.57
kookkunst N(soort,ev,basis,zijd,stan)	2	691810	95.5702
kookboek N(soort,ev,basis,onz,stan)	2	691812	95.5705
koningsplein N(soort,ev,basis,onz,stan)	2	691814	95.5708
konijnenhok N(soort,ev,basis,zijd,stan)	2	691816	95.5711
komn WW(vd,vrij,zonder)	2	691818	95.5713
komn N(soort,ev,basis,zijd,stan)	2	691820	95.5716
komn N(soort,ev,basis,onz,stan)	2	691822	95.5719
kommer N(soort,ev,basis,zijd,stan)	2	691824	95.5722
komend ADJ(prenom,basis,zonder)	2	691826	95.5724
komend ADJ(prenom,basis,met-e,stan)	2	691828	95.5727
komeet N(soort,mv,basis)	2	691830	95.573
komde N(soort,ev,basis,zijd,stan)	2	691832	95.5733
koffiezaak N(soort,ev,basis,zijd,stan)	2	691834	95.5736
koffiemachine N(soort,ev,basis,zijd,stan)	2	691836	95.5738
koffiebreak WW(pv,verl,ev)	2	691838	95.5741
koffiebar N(soort,ev,basis,zijd,stan)	2	691840	95.5744
koffer N(soort,mv,basis)	2	691842	95.5747
koestraat N(soort,ev,basis,zijd,stan)	2	691844	95.5749
koest ADJ(vrij,basis,zonder)	2	691846	95.5752
koepel N(soort,ev,basis,zijd,stan)	2	691848	95.5755
koenraad N(soort,ev,dim,onz,stan)	2	691850	95.5758
koen WW(inf,nom,zonder,zonder-n)	2	691852	95.576
koelhuis N(soort,ev,basis,onz,stan)	2	691854	95.5763
koekoek N(soort,ev,basis,zijd,stan)	2	691856	95.5766
koek N(soort,mv,basis)	2	691858	95.5769
kodak N(soort,ev,basis,zijd,stan)	2	691860	95.5771
knuffelen N(soort,mv,basis)	2	691862	95.5774
knuffel N(soort,ev,dim,onz,stan)	2	691864	95.5777
knorren WW(inf,vrij,zonder)	2	691866	95.578
knop N(soort,ev,basis,zijd,stan)	2	691868	95.5782
knokken WW(inf,vrij,zonder)	2	691870	95.5785
knokke N(soort,ev,dim,onz,stan)	2	691872	95.5788
knoflookpers N(soort,ev,basis,zijd,stan)	2	691874	95.5791
kno N(soort,ev,basis,zijd,stan)	2	691876	95.5794
knippen WW(vd,vrij,zonder)	2	691878	95.5796
knieen N(soort,ev,basis,zijd,stan)	2	691880	95.5799
kneuzen WW(vd,vrij,zonder)	2	691882	95.5802
kneus N(soort,ev,basis,zijd,stan)	2	691884	95.5805
kneem N(soort,ev,basis,onz,stan)	2	691886	95.5807
knappen WW(vd,vrij,zonder)	2	691888	95.581
knap ADJ(vrij,comp,zonder)	2	691890	95.5813
knap ADJ(prenom,basis,met-e,stan)	2	691892	95.5816
knallen WW(pv,tgw,mv)	2	691894	95.5818
knallen WW(pv,tgw,met-t)	2	691896	95.5821
knallen WW(od,prenom,met-e)	2	691898	95.5824
knallen WW(inf,nom,zonder,zonder-n)	2	691900	95.5827
kmoet WW(pv,tgw,ev)	2	691902	95.5829
kmoest WW(vd,vrij,zonder)	2	691904	95.5832
kmoe ADJ(vrij,basis,zonder)	2	691906	95.5835
kmen WW(pv,tgw,met-t)	2	691908	95.5838
km. SPEC(afk)	2	691910	95.5841
klus N(soort,ev,dim,onz,stan)	2	691912	95.5843
kloot N(soort,ev,basis,zijd,stan)	2	691914	95.5846
klinken WW(inf,vrij,zonder)	2	691916	95.5849
klimles N(soort,mv,basis)	2	691918	95.5852
klimaat N(soort,ev,basis,onz,stan)	2	691920	95.5854
klikken WW(inf,vrij,zonder)	2	691922	95.5857
klig ADJ(vrij,basis,zonder)	2	691924	95.586
klierkoorts N(soort,ev,basis,zijd,stan)	2	691926	95.5863
kleuren WW(vd,prenom,zonder)	2	691928	95.5865
kleur N(soort,mv,dim)	2	691930	95.5868
kleur N(soort,ev,dim,onz,stan)	2	691932	95.5871
klein ADJ(prenom,comp,zonder)	2	691934	95.5874
klein ADJ(postnom,basis,met-s)	2	691936	95.5876
klef ADJ(vrij,basis,zonder)	2	691938	95.5879
kleedkamer N(soort,ev,basis,zijd,stan)	2	691940	95.5882
kleed N(soort,ev,basis,onz,stan)	2	691942	95.5885
kleden WW(inf,vrij,zonder)	2	691944	95.5887
klassiek ADJ(vrij,basis,zonder)	2	691946	95.589
klasgenoot N(soort,mv,basis)	2	691948	95.5893
klaren WW(inf,vrij,zonder)	2	691950	95.5896
klappen WW(pv,verl,ev)	2	691952	95.5899
klap N(soort,ev,basis,zijd,stan)	2	691954	95.5901
klacht N(soort,mv,basis)	2	691956	95.5904
klaat WW(pv,tgw,ev)	2	691958	95.5907
klaat N(soort,ev,basis,zijd,stan)	2	691960	95.591
klaarzetten WW(inf,vrij,zonder)	2	691962	95.5912
klaarwakker ADJ(vrij,basis,zonder)	2	691964	95.5915
klaarstaan WW(pv,tgw,met-t)	2	691966	95.5918
klaarstaan WW(inf,vrij,zonder)	2	691968	95.5921
klaarmaken WW(vd,vrij,zonder)	2	691970	95.5923
kl SPEC(vreemd)	2	691972	95.5926
kkan N(soort,ev,basis,zijd,stan)	2	691974	95.5929
kitten WW(inf,nom,zonder,zonder-n)	2	691976	95.5932
kist N(soort,mv,basis)	2	691978	95.5934
kisses N(soort,mv,basis)	2	691980	95.5937
kippenvel N(soort,ev,basis,onz,stan)	2	691982	95.594
kipnugget N(soort,mv,basis)	2	691984	95.5943
kip-curry SPEC(vreemd)	2	691986	95.5945
kip N(soort,mv,basis)	2	691988	95.5948
kinky SPEC(vreemd)	2	691990	95.5951
kinda SPEC(vreemd)	2	691992	95.5954
kinda N(soort,ev,basis,zijd,stan)	2	691994	95.5957
kin N(soort,ev,basis,zijd,stan)	2	691996	95.5959
kimmy SPEC(vreemd)	2	691998	95.5962
kilt N(soort,ev,basis,zijd,stan)	2	692000	95.5965
killed SPEC(vreemd)	2	692002	95.5968
kijkn WW(inf,vrij,zonder)	2	692004	95.597
kijkn N(soort,mv,basis)	2	692006	95.5973
kijkn ADJ(vrij,basis,zonder)	2	692008	95.5976
kiezen WW(pv,verl,ev)	2	692010	95.5979
kiezen WW(pv,tgw,mv)	2	692012	95.5981
kieskeurig ADJ(vrij,basis,zonder)	2	692014	95.5984
kies N(soort,ev,basis,zijd,stan)	2	692016	95.5987
kicked SPEC(vreemd)	2	692018	95.599
kick N(soort,ev,basis,zijd,stan)	2	692020	95.5992
khoor N(soort,ev,basis,zijd,stan)	2	692022	95.5995
kheb WW(pv,verl,ev)	2	692024	95.5998
kheb ADJ(vrij,basis,zonder)	2	692026	95.6001
khar SPEC(vreemd)	2	692028	95.6004
khaddet N(soort,ev,basis,onz,stan)	2	692030	95.6006
kga SPEC(deeleigen)	2	692032	95.6009
kga N(soort,ev,basis,onz,stan)	2	692034	95.6012
key SPEC(vreemd)	2	692036	95.6015
kevin N(soort,ev,basis,onz,stan)	2	692038	95.6017
keukentafel N(soort,ev,basis,zijd,stan)	2	692040	95.602
keukenploeg N(soort,ev,basis,zijd,stan)	2	692042	95.6023
keukenkast N(soort,ev,basis,zijd,stan)	2	692044	95.6026
keukenhof N(soort,ev,basis,zijd,stan)	2	692046	95.6028
keukenhanddoek N(soort,mv,basis)	2	692048	95.6031
kersvers ADJ(prenom,basis,met-e,stan)	2	692050	95.6034
kerstvakantie N(soort,ev,basis,zijd,stan)	2	692052	95.6037
kerstborrel N(soort,ev,basis,zijd,stan)	2	692054	95.6039
kerk N(soort,mv,basis)	2	692056	95.6042
keren WW(vd,vrij,zonder)	2	692058	95.6045
kennelijk ADJ(vrij,basis,zonder)	2	692060	95.6048
keizersnee N(soort,ev,basis,zijd,stan)	2	692062	95.605
keilief ADJ(vrij,basis,zonder)	2	692064	95.6053
keileuk ADJ(vrij,basis,zonder)	2	692066	95.6056
keet N(soort,ev,basis,zijd,stan)	2	692068	95.6059
keeper N(soort,ev,basis,zijd,stan)	2	692070	95.6062
keelontsteking N(soort,ev,basis,zijd,stan)	2	692072	95.6064
kedengkedengkedengkedeng N(soort,ev,basis,zijd,stan)	2	692074	95.6067
kedeng N(soort,ev,basis,zijd,stan)	2	692076	95.607
kebab N(soort,ev,basis,zijd,stan)	2	692078	95.6073
kdv N(soort,ev,basis,onz,stan)	2	692080	95.6075
kdoe BW()	2	692082	95.6078
kblijf N(soort,ev,basis,onz,stan)	2	692084	95.6081
kben WW(pv,tgw,mv)	2	692086	95.6084
kben SPEC(vreemd)	2	692088	95.6086
kben BW()	2	692090	95.6089
kbedoel N(soort,ev,basis,zijd,stan)	2	692092	95.6092
kawee N(soort,ev,basis,zijd,stan)	2	692094	95.6095
katinka SPEC(vreemd)	2	692096	95.6097
katalysator N(soort,ev,basis,zijd,stan)	2	692098	95.61
kasteel N(soort,ev,basis,onz,stan)	2	692100	95.6103
kartonnen ADJ(prenom,basis,zonder)	2	692102	95.6106
karton N(soort,ev,basis,onz,stan)	2	692104	95.6109
karten WW(inf,vrij,zonder)	2	692106	95.6111
karlien N(soort,ev,basis,zijd,stan)	2	692108	95.6114
karavaan N(soort,ev,basis,zijd,stan)	2	692110	95.6117
karakter N(soort,ev,basis,onz,stan)	2	692112	95.612
kapstok N(soort,ev,basis,zijd,stan)	2	692114	95.6122
kappert N(soort,ev,basis,zijd,stan)	2	692116	95.6125
kappen WW(pv,tgw,met-t)	2	692118	95.6128
kappen WW(pv,tgw,ev)	2	692120	95.6131
kapel N(soort,ev,basis,zijd,stan)	2	692122	95.6133
kapaza N(soort,ev,basis,zijd,stan)	2	692124	95.6136
kap N(soort,ev,dim,onz,stan)	2	692126	95.6139
kantooruren N(soort,mv,basis)	2	692128	95.6142
kansloos ADJ(vrij,basis,zonder)	2	692130	95.6144
kansberekening N(soort,mv,basis)	2	692132	95.6147
kansberekening N(soort,ev,basis,zijd,stan)	2	692134	95.615
kannek WW(pv,tgw,ev)	2	692136	95.6153
kannek N(soort,ev,basis,zijd,stan)	2	692138	95.6155
kandinsky N(soort,ev,basis,zijd,stan)	2	692140	95.6158
kanaal N(soort,ev,basis,onz,stan)	2	692142	95.6161
kampeerlicht N(soort,ev,basis,zijd,stan)	2	692144	95.6164
kampdag N(soort,ev,basis,zijd,stan)	2	692146	95.6167
kam N(soort,ev,basis,zijd,stan)	2	692148	95.6169
kalmthoutse ADJ(prenom,basis,met-e,stan)	2	692150	95.6172
kalmeren WW(vd,vrij,zonder)	2	692152	95.6175
kalm ADJ(vrij,comp,zonder)	2	692154	95.6178
kalf N(soort,ev,basis,onz,stan)	2	692156	95.618
kaft N(soort,ev,basis,zijd,stan)	2	692158	95.6183
kaas-royal N(soort,ev,basis,zijd,stan)	2	692160	95.6186
kaas N(soort,mv,dim)	2	692162	95.6189
kaarslicht N(soort,ev,basis,onz,stan)	2	692164	95.6191
kaai N(soort,ev,basis,zijd,stan)	2	692166	95.6194
ka SPEC(deeleigen)	2	692168	95.6197
jy N(soort,ev,basis,onz,stan)	2	692170	95.62
justitiepaleis N(soort,ev,basis,onz,stan)	2	692172	95.6202
juste ADJ(vrij,basis,zonder)	2	692174	95.6205
jury N(soort,ev,basis,zijd,stan)	2	692176	95.6208
jupla N(soort,ev,basis,zijd,stan)	2	692178	95.6211
jungle N(soort,ev,basis,zijd,stan)	2	692180	95.6213
jullie VNW(pers,pron,nomin,vol,3v,ev,fem)	2	692182	95.6216
juhu SPEC(vreemd)	2	692184	95.6219
ju VNW(pers,pron,stan,nadr,2v,mv)	2	692186	95.6222
jsk-raad N(soort,ev,basis,zijd,stan)	2	692188	95.6225
joyce SPEC(vreemd)	2	692190	95.6227
jow ADJ(vrij,basis,zonder)	2	692192	95.623
jot VNW(aanw,pron,stan,vol,3o,ev)	2	692194	95.6233
jorien WW(inf,vrij,zonder)	2	692196	95.6236
jorien N(soort,mv,basis)	2	692198	95.6238
joost SPEC(vreemd)	2	692200	95.6241
joooooooo N(soort,ev,basis,zijd,stan)	2	692202	95.6244
jood N(soort,mv,basis)	2	692204	95.6247
jonguh ADJ(vrij,basis,zonder)	2	692206	95.6249
jongkerel N(soort,mv,basis)	2	692208	95.6252
jonges N(soort,mv,basis)	2	692210	95.6255
jonge SPEC(vreemd)	2	692212	95.6258
jong ADJ(prenom,basis,zonder)	2	692214	95.626
joggen WW(inf,vrij,zonder)	2	692216	95.6263
joepiedepoep N(soort,ev,basis,zijd,stan)	2	692218	95.6266
joe SPEC(vreemd)	2	692220	95.6269
jobstudent N(soort,mv,basis)	2	692222	95.6272
jn N(soort,ev,basis,zijd,stan)	2	692224	95.6274
jjj ADJ(vrij,basis,zonder)	2	692226	95.6277
jippieee N(soort,ev,basis,zijd,stan)	2	692228	95.628
jip N(soort,ev,basis,zijd,stan)	2	692230	95.6283
jieter N(soort,ev,basis,zijd,stan)	2	692232	95.6285
jeux SPEC(vreemd)	2	692234	95.6288
jeugdrechter N(soort,ev,basis,zijd,stan)	2	692236	95.6291
jeugddienst N(soort,ev,basis,zijd,stan)	2	692238	95.6294
jeugdbeweging N(soort,ev,basis,zijd,stan)	2	692240	95.6296
jetlags ADJ(postnom,basis,met-s)	2	692242	95.6299
jet N(soort,ev,dim,onz,stan)	2	692244	95.6302
jerom N(soort,mv,basis)	2	692246	95.6305
jeroensel N(soort,ev,basis,zijd,stan)	2	692248	95.6307
jer N(soort,ev,basis,zijd,stan)	2	692250	95.631
jenevercantus N(soort,ev,basis,zijd,stan)	2	692252	95.6313
jemig ADJ(vrij,basis,zonder)	2	692254	95.6316
jeaaa N(soort,ev,basis,zijd,stan)	2	692256	95.6318
jb ADJ(vrij,basis,zonder)	2	692258	95.6321
jawatte N(soort,ev,basis,zijd,stan)	2	692260	95.6324
jawalakhel N(soort,ev,basis,onz,stan)	2	692262	95.6327
java N(soort,mv,basis)	2	692264	95.633
java N(soort,ev,basis,zijd,stan)	2	692266	95.6332
jas N(soort,mv,basis)	2	692268	95.6335
jas N(soort,ev,dim,onz,stan)	2	692270	95.6338
jarige N(soort,mv,basis)	2	692272	95.6341
japanese SPEC(vreemd)	2	692274	95.6343
jansen N(soort,mv,basis)	2	692276	95.6346
janne SPEC(vreemd)	2	692278	95.6349
janata SPEC(vreemd)	2	692280	95.6352
jana N(soort,ev,basis,zijd,stan)	2	692282	95.6354
jan. SPEC(afk)	2	692284	95.6357
jan N(soort,ev,basis,zijd,stan)	2	692286	95.636
jammerrrrrr ADJ(vrij,comp,zonder)	2	692288	95.6363
jammer ADJ(prenom,basis,zonder)	2	692290	95.6365
jama N(soort,ev,basis,zijd,stan)	2	692292	95.6368
jacobs N(soort,ev,basis,zijd,stan)	2	692294	95.6371
jaccuzi N(soort,ev,basis,zijd,stan)	2	692296	95.6374
jaarlijks ADJ(prenom,basis,met-e,stan)	2	692298	95.6377
jaar N(soort,mv,dim)	2	692300	95.6379
jaah ADJ(vrij,basis,zonder)	2	692302	95.6382
jaah ADJ(prenom,basis,zonder)	2	692304	95.6385
jaaah ADJ(vrij,basis,zonder)	2	692306	95.6388
jaaaaah N(soort,ev,basis,onz,stan)	2	692308	95.639
jaaaa SPEC(deeleigen)	2	692310	95.6393
jaaaa ADJ(vrij,basis,zonder)	2	692312	95.6396
jaaa ADJ(vrij,basis,zonder)	2	692314	95.6399
ivor N(soort,ev,basis,zijd,stan)	2	692316	95.6401
ivm WW(pv,tgw,met-t)	2	692318	95.6404
ivm SPEC(vreemd)	2	692320	95.6407
ivm SPEC(symb)	2	692322	95.641
ivm ADJ(prenom,basis,zonder)	2	692324	95.6412
italiÃ« SPEC(deeleigen)	2	692326	95.6415
italiano N(soort,ev,basis,zijd,stan)	2	692328	95.6418
italiaans ADJ(vrij,basis,zonder)	2	692330	95.6421
istie N(soort,ev,basis,zijd,stan)	2	692332	95.6423
isolatie N(soort,ev,basis,zijd,stan)	2	692334	95.6426
isis N(soort,ev,basis,zijd,stan)	2	692336	95.6429
isda SPEC(deeleigen)	2	692338	95.6432
is-ie N(soort,ev,basis,zijd,stan)	2	692340	95.6435
is't WW(vd,vrij,zonder)	2	692342	95.6437
ironisch ADJ(vrij,basis,zonder)	2	692344	95.644
irene N(soort,ev,basis,zijd,stan)	2	692346	95.6443
ipad N(soort,ev,basis,zijd,stan)	2	692348	95.6446
inzien WW(vd,vrij,zonder)	2	692350	95.6448
invoegen WW(inf,nom,zonder,zonder-n)	2	692352	95.6451
invloed N(soort,ev,basis,zijd,stan)	2	692354	95.6454
invliegen WW(inf,vrij,zonder)	2	692356	95.6457
investering N(soort,ev,basis,zijd,stan)	2	692358	95.6459
invallen WW(inf,vrij,zonder)	2	692360	95.6462
introductie N(soort,ev,basis,zijd,stan)	2	692362	95.6465
intresse N(soort,ev,basis,zijd,stan)	2	692364	95.6468
intratuin ADJ(vrij,basis,zonder)	2	692366	95.647
intoxicated SPEC(vreemd)	2	692368	95.6473
intoetsen WW(vd,vrij,zonder)	2	692370	95.6476
intocht N(soort,ev,basis,zijd,stan)	2	692372	95.6479
interviewen WW(inf,vrij,zonder)	2	692374	95.6481
interpolis N(soort,ev,basis,zijd,stan)	2	692376	95.6484
internet SPEC(vreemd)	2	692378	95.6487
internaat N(soort,ev,basis,onz,stan)	2	692380	95.649
intern SPEC(vreemd)	2	692382	95.6493
intern ADJ(prenom,basis,met-e,stan)	2	692384	95.6495
interessant ADJ(vrij,comp,zonder)	2	692386	95.6498
interessant ADJ(postnom,basis,met-s)	2	692388	95.6501
intensief ADJ(vrij,basis,zonder)	2	692390	95.6504
integreren WW(inf,vrij,zonder)	2	692392	95.6506
integraal ADJ(prenom,basis,met-e,stan)	2	692394	95.6509
integendeel BW()	2	692396	95.6512
intact ADJ(vrij,basis,zonder)	2	692398	95.6515
instuif N(soort,ev,basis,zijd,stan)	2	692400	95.6517
instrument N(soort,mv,basis)	2	692402	95.652
instelling N(soort,ev,basis,zijd,stan)	2	692404	95.6523
instellen WW(inf,vrij,zonder)	2	692406	95.6526
insteken WW(vd,vrij,zonder)	2	692408	95.6528
insmeren WW(inf,vrij,zonder)	2	692410	95.6531
inslaan WW(inf,vrij,zonder)	2	692412	95.6534
inschrijvingsformulier N(soort,ev,basis,onz,stan)	2	692414	95.6537
inschatten WW(inf,vrij,zonder)	2	692416	95.654
inscannen WW(inf,vrij,zonder)	2	692418	95.6542
inrichting N(soort,ev,basis,zijd,stan)	2	692420	95.6545
inrichten WW(inf,nom,zonder,zonder-n)	2	692422	95.6548
inplannen WW(vd,vrij,zonder)	2	692424	95.6551
inpassen WW(inf,vrij,zonder)	2	692426	95.6553
innig ADJ(vrij,basis,zonder)	2	692428	95.6556
innen WW(pv,verl,ev)	2	692430	95.6559
inn N(soort,ev,basis,zijd,stan)	2	692432	95.6562
inmaken WW(vd,vrij,zonder)	2	692434	95.6564
inleveren WW(pv,tgw,mv)	2	692436	95.6567
inleiden WW(od,prenom,met-e)	2	692438	95.657
inladen WW(vd,vrij,zonder)	2	692440	95.6573
inkopen WW(vd,vrij,zonder)	2	692442	95.6575
inhuren WW(inf,vrij,zonder)	2	692444	95.6578
ingrid WW(vd,vrij,zonder)	2	692446	95.6581
inge SPEC(vreemd)	2	692448	95.6584
inge N(soort,ev,basis,zijd,stan)	2	692450	95.6586
ingaan WW(vd,vrij,zonder)	2	692452	95.6589
ingaan WW(pv,tgw,met-t)	2	692454	95.6592
ingaan WW(inf,vrij,zonder)	2	692456	95.6595
infos ADJ(vrij,basis,zonder)	2	692458	95.6598
informeel ADJ(vrij,basis,zonder)	2	692460	95.66
info SPEC(vreemd)	2	692462	95.6603
ineen BW()	2	692464	95.6606
ine N(soort,ev,basis,zijd,stan)	2	692466	95.6609
indy N(soort,ev,basis,zijd,stan)	2	692468	95.6611
induiken WW(inf,vrij,zonder)	2	692470	95.6614
indoen WW(inf,vrij,zonder)	2	692472	95.6617
indier N(soort,ev,basis,zijd,stan)	2	692474	95.662
indicatie N(soort,ev,basis,zijd,stan)	2	692476	95.6622
indiaase ADJ(prenom,basis,met-e,stan)	2	692478	95.6625
indeed SPEC(vreemd)	2	692480	95.6628
incl. SPEC(afk)	2	692482	95.6631
incidentloos ADJ(vrij,basis,zonder)	2	692484	95.6633
inchecken WW(inf,nom,zonder,zonder-n)	2	692486	95.6636
inch N(soort,ev,basis,zijd,stan)	2	692488	95.6639
inception N(soort,ev,basis,zijd,stan)	2	692490	95.6642
incalculeren WW(vd,vrij,zonder)	2	692492	95.6645
inbinden WW(inf,vrij,zonder)	2	692494	95.6647
inbeelden WW(inf,vrij,zonder)	2	692496	95.665
in N(soort,mv,basis)	2	692498	95.6653
impress SPEC(vreemd)	2	692500	95.6656
imac N(soort,ev,basis,zijd,stan)	2	692502	95.6658
im VZ(init)	2	692504	95.6661
ilse N(soort,ev,basis,zijd,stan)	2	692506	95.6664
ikke VNW(refl,pron,dial)	2	692508	95.6667
ik.to SPEC(symb)	2	692510	95.6669
ijzerwake N(soort,ev,basis,zijd,stan)	2	692512	95.6672
ijzerwake ADJ(prenom,basis,met-e,stan)	2	692514	95.6675
ijzer N(soort,ev,basis,onz,stan)	2	692516	95.6678
ijskoud ADJ(vrij,basis,zonder)	2	692518	95.668
iig SPEC(vreemd)	2	692520	95.6683
ii SPEC(deeleigen)	2	692522	95.6686
ih ADJ(prenom,basis,zonder)	2	692524	95.6689
igg N(soort,ev,basis,zijd,stan)	2	692526	95.6691
ies WW(pv,tgw,ev)	2	692528	95.6694
ier N(soort,mv,basis)	2	692530	95.6697
ieder VNW(onbep,det,stan,vrij,zonder)	2	692532	95.67
ieder VNW(onbep,det,dial)	2	692534	95.6703
ie N(soort,mv,basis)	2	692536	95.6705
idioot N(soort,mv,basis)	2	692538	95.6708
identiteitskaart N(soort,ev,basis,zijd,stan)	2	692540	95.6711
identiek ADJ(vrij,basis,zonder)	2	692542	95.6714
idd WW(pv,tgw,ev)	2	692544	95.6716
idd WW(od,vrij,zonder)	2	692546	95.6719
id WW(vd,vrij,zonder)	2	692548	95.6722
id WW(od,vrij,zonder)	2	692550	95.6725
ic-trein N(soort,ev,basis,zijd,stan)	2	692552	95.6727
ic N(soort,ev,basis,zijd,stan)	2	692554	95.673
ibood N(soort,ev,basis,zijd,stan)	2	692556	95.6733
i.p.v. SPEC(afk)	2	692558	95.6736
hyves N(soort,ev,basis,onz,stan)	2	692560	95.6738
hypotheker N(soort,ev,basis,zijd,stan)	2	692562	95.6741
hypo N(soort,ev,basis,zijd,stan)	2	692564	95.6744
hy SPEC(vreemd)	2	692566	95.6747
hwa N(soort,ev,basis,zijd,stan)	2	692568	95.6749
hvj SPEC(vreemd)	2	692570	95.6752
huzarensalade N(soort,ev,basis,zijd,stan)	2	692572	95.6755
huus N(soort,ev,basis,zijd,stan)	2	692574	95.6758
hut N(soort,ev,basis,zijd,stan)	2	692576	95.6761
husband SPEC(vreemd)	2	692578	95.6763
humpe SPEC(vreemd)	2	692580	95.6766
humor N(soort,ev,basis,zijd,stan)	2	692582	95.6769
humo N(soort,ev,basis,zijd,stan)	2	692584	95.6772
humo N(soort,ev,basis,onz,stan)	2	692586	95.6774
humeur N(soort,ev,basis,onz,stan)	2	692588	95.6777
hulplijn N(soort,ev,basis,zijd,stan)	2	692590	95.678
hullen WW(vd,vrij,zonder)	2	692592	95.6783
huiswaarts ADJ(vrij,basis,zonder)	2	692594	95.6785
huistelefoon N(soort,ev,basis,zijd,stan)	2	692596	95.6788
huissleutel N(soort,mv,basis)	2	692598	95.6791
huisgenote N(soort,ev,basis,zijd,stan)	2	692600	95.6794
huisgenoot N(soort,ev,dim,onz,stan)	2	692602	95.6796
huiselijk ADJ(prenom,basis,met-e,stan)	2	692604	95.6799
huis N(soort,mv,dim)	2	692606	95.6802
huilen WW(od,vrij,zonder)	2	692608	95.6805
huilen WW(inf,nom,zonder,zonder-n)	2	692610	95.6808
huifkar N(soort,ev,basis,zijd,stan)	2	692612	95.681
hug WW(pv,verl,ev)	2	692614	95.6813
hudo N(soort,ev,basis,zijd,stan)	2	692616	95.6816
hubo N(soort,ev,basis,zijd,stan)	2	692618	95.6819
hu N(soort,ev,basis,zijd,stan)	2	692620	95.6821
htc N(soort,ev,basis,zijd,stan)	2	692622	95.6824
ht ADJ(vrij,basis,zonder)	2	692624	95.6827
hr N(soort,mv,basis)	2	692626	95.683
hp N(soort,ev,basis,zijd,stan)	2	692628	95.6832
however N(soort,ev,basis,zijd,stan)	2	692630	95.6835
houzee N(soort,ev,basis,zijd,stan)	2	692632	95.6838
houdoe N(soort,ev,basis,zijd,stan)	2	692634	95.6841
houdoe N(soort,ev,basis,onz,stan)	2	692636	95.6843
houder N(soort,ev,basis,zijd,stan)	2	692638	95.6846
houdbaarheid N(soort,ev,basis,zijd,stan)	2	692640	95.6849
hotmail N(soort,ev,basis,zijd,stan)	2	692642	95.6852
hostel SPEC(vreemd)	2	692644	95.6854
hossen WW(pv,tgw,met-t)	2	692646	95.6857
horrible SPEC(vreemd)	2	692648	95.686
horoscoop N(soort,ev,basis,zijd,stan)	2	692650	95.6863
horizontaal ADJ(vrij,basis,zonder)	2	692652	95.6866
horizon N(soort,ev,basis,zijd,stan)	2	692654	95.6868
hoppestraat N(soort,ev,basis,zijd,stan)	2	692656	95.6871
hopefully SPEC(vreemd)	2	692658	95.6874
hop N(soort,ev,basis,zijd,stan)	2	692660	95.6877
hoopvol ADJ(vrij,basis,zonder)	2	692662	95.6879
hoooooi N(soort,ev,basis,zijd,stan)	2	692664	95.6882
hoogtepunt N(soort,ev,basis,onz,stan)	2	692666	95.6885
hoogstwaarschijnlijk ADJ(vrij,basis,zonder)	2	692668	95.6888
hoogstens BW()	2	692670	95.689
hoogstand N(soort,ev,dim,onz,stan)	2	692672	95.6893
hoogdag N(soort,ev,basis,zijd,stan)	2	692674	95.6896
hoog ADJ(prenom,comp,zonder)	2	692676	95.6899
hoofdletter N(soort,mv,basis)	2	692678	95.6901
hoofd N(soort,mv,basis)	2	692680	95.6904
hood N(soort,ev,basis,zijd,stan)	2	692682	95.6907
hood ADJ(vrij,basis,zonder)	2	692684	95.691
honk N(soort,ev,basis,onz,stan)	2	692686	95.6913
honderdduizend TW(hoofd,prenom,stan)	2	692688	95.6915
hondenweer N(soort,ev,basis,onz,stan)	2	692690	95.6918
homie SPEC(vreemd)	2	692692	95.6921
hollanders N(soort,mv,basis)	2	692694	95.6924
hok N(soort,ev,basis,onz,stan)	2	692696	95.6926
hogent N(soort,ev,basis,zijd,stan)	2	692698	95.6929
hof N(soort,ev,basis,zijd,stan)	2	692700	95.6932
hoest N(soort,ev,basis,zijd,stan)	2	692702	95.6935
hoes N(soort,ev,dim,onz,stan)	2	692704	95.6937
hoera VNW(aanw,adv-pron,obl,vol,3o,getal)	2	692706	95.694
hoelaat WW(pv,tgw,met-t)	2	692708	95.6943
hoelaat SPEC(vreemd)	2	692710	95.6946
hoed N(soort,ev,basis,zijd,stan)	2	692712	95.6948
hockeyen WW(vd,vrij,zonder)	2	692714	95.6951
hobbit N(soort,ev,basis,zijd,stan)	2	692716	95.6954
hobbelen WW(pv,tgw,ev)	2	692718	95.6957
ho SPEC(vreemd)	2	692720	95.6959
hmmm SPEC(symb)	2	692722	95.6962
hlf N(soort,ev,basis,zijd,stan)	2	692724	95.6965
hitte N(soort,ev,basis,zijd,stan)	2	692726	95.6968
hitsig ADJ(prenom,basis,met-e,stan)	2	692728	95.6971
hit N(soort,mv,dim)	2	692730	95.6973
hippie N(soort,mv,basis)	2	692732	95.6976
hindu SPEC(vreemd)	2	692734	95.6979
hilversum N(soort,ev,basis,onz,stan)	2	692736	95.6982
hijgen WW(od,vrij,zonder)	2	692738	95.6984
hihihi SPEC(vreemd)	2	692740	95.6987
hiet ADJ(vrij,basis,zonder)	2	692742	95.699
hiero BW()	2	692744	95.6993
hiere BW()	2	692746	95.6995
hierdoor BW()	2	692748	95.6998
hieraan BW()	2	692750	95.7001
hier BW()	2	692752	95.7004
hie BW()	2	692754	95.7006
heure SPEC(vreemd)	2	692756	95.7009
hetgeen VNW(betr,pron,stan,vol,persoon,getal)	2	692758	95.7012
het VNW(pers,pron,obl,nadr,3p,mv)	2	692760	95.7015
hessel N(soort,ev,basis,onz,stan)	2	692762	95.7018
hes SPEC(vreemd)	2	692764	95.702
herstellen WW(pv,tgw,ev)	2	692766	95.7023
hersenschudding N(soort,ev,basis,zijd,stan)	2	692768	95.7026
herrlich SPEC(vreemd)	2	692770	95.7029
herkennen WW(pv,verl,ev)	2	692772	95.7031
herkansie N(soort,ev,basis,zijd,stan)	2	692774	95.7034
herhalen WW(vd,vrij,zonder)	2	692776	95.7037
herfst N(soort,ev,basis,zijd,stan)	2	692778	95.704
hep N(soort,ev,basis,zijd,stan)	2	692780	95.7042
hemelvaart N(soort,ev,basis,zijd,stan)	2	692782	95.7045
hello SPEC(vreemd)	2	692784	95.7048
helena N(soort,ev,basis,zijd,stan)	2	692786	95.7051
heldin N(soort,ev,basis,zijd,stan)	2	692788	95.7053
helder ADJ(prenom,basis,zonder)	2	692790	95.7056
held N(soort,mv,basis)	2	692792	95.7059
helaasheid N(soort,ev,basis,zijd,stan)	2	692794	95.7062
hek N(soort,mv,basis)	2	692796	95.7064
heilig ADJ(vrij,basis,zonder)	2	692798	95.7067
hehe BW()	2	692800	95.707
heftig ADJ(prenom,basis,met-e,stan)	2	692802	95.7073
hees ADJ(vrij,basis,zonder)	2	692804	95.7076
heersen WW(pv,tgw,met-t)	2	692806	95.7078
heer N(soort,ev,basis,zijd,stan)	2	692808	95.7081
heenweg N(soort,ev,basis,zijd,stan)	2	692810	95.7084
heelkunde N(soort,ev,basis,zijd,stan)	2	692812	95.7087
heelal N(soort,ev,basis,onz,stan)	2	692814	95.7089
heej SPEC(symb)	2	692816	95.7092
heeele ADJ(prenom,basis,met-e,stan)	2	692818	95.7095
heeej TSW(dial)	2	692820	95.7098
heden N(soort,ev,basis,onz,stan)	2	692822	95.71
hed WW(pv,tgw,ev)	2	692824	95.7103
hebbn WW(inf,vrij,zonder)	2	692826	95.7106
hebbek ADJ(vrij,basis,zonder)	2	692828	95.7109
hear N(soort,ev,basis,zijd,stan)	2	692830	95.7111
he-le-maal N(soort,ev,basis,zijd,stan)	2	692832	95.7114
he's SPEC(vreemd)	2	692834	95.7117
hdmi N(soort,ev,basis,zijd,stan)	2	692836	95.712
have N(soort,ev,basis,zijd,stan)	2	692838	95.7122
hautain ADJ(prenom,basis,met-e,stan)	2	692840	95.7125
hasselt WW(pv,tgw,met-t)	2	692842	95.7128
hasnt SPEC(vreemd)	2	692844	95.7131
hash N(soort,ev,basis,zijd,stan)	2	692846	95.7134
hartelijks BW()	2	692848	95.7136
hartefeliciteren WW(vd,vrij,zonder)	2	692850	95.7139
hartedief N(soort,ev,dim,onz,stan)	2	692852	95.7142
hart N(soort,ev,dim,onz,stan)	2	692854	95.7145
harmo N(soort,ev,basis,zijd,stan)	2	692856	95.7147
harm N(soort,ev,basis,zijd,stan)	2	692858	95.715
harig ADJ(prenom,basis,zonder)	2	692860	95.7153
hardwerkend ADJ(prenom,basis,met-e,stan)	2	692862	95.7156
hardrock N(soort,ev,basis,zijd,stan)	2	692864	95.7158
happy ADJ(vrij,basis,zonder)	2	692866	95.7161
happen WW(inf,vrij,zonder)	2	692868	95.7164
hans SPEC(vreemd)	2	692870	95.7167
hannes N(soort,mv,basis)	2	692872	95.7169
hanne WW(pv,tgw,ev)	2	692874	95.7172
hangmat N(soort,ev,basis,zijd,stan)	2	692876	95.7175
hanging SPEC(vreemd)	2	692878	95.7178
hangen WW(inf,nom,zonder,zonder-n)	2	692880	95.7181
hangegen WW(vd,vrij,zonder)	2	692882	95.7183
handtas N(soort,ev,basis,zijd,stan)	2	692884	95.7186
hands N(soort,ev,basis,onz,stan)	2	692886	95.7189
handleiding N(soort,mv,basis)	2	692888	95.7192
handle SPEC(vreemd)	2	692890	95.7194
handig ADJ(nom,sup,met-e,zonder-n,stan)	2	692892	95.7197
handelsbeurs N(soort,mv,basis)	2	692894	95.72
handelen WW(inf,vrij,zonder)	2	692896	95.7203
handdoek N(soort,ev,basis,zijd,stan)	2	692898	95.7205
han N(soort,ev,dim,onz,stan)	2	692900	95.7208
hamster N(soort,ev,basis,zijd,stan)	2	692902	95.7211
hamer N(soort,ev,basis,zijd,stan)	2	692904	95.7214
ham N(soort,ev,basis,zijd,stan)	2	692906	95.7216
halverwege VZ(init)	2	692908	95.7219
halveren WW(vd,vrij,zonder)	2	692910	95.7222
halsoverkop BW()	2	692912	95.7225
hallooo N(soort,ev,basis,zijd,stan)	2	692914	95.7227
halleee N(soort,ev,basis,zijd,stan)	2	692916	95.723
hallee N(soort,ev,basis,zijd,stan)	2	692918	95.7233
halfweg BW()	2	692920	95.7236
half ADJ(nom,basis,met-e,zonder-n,stan)	2	692922	95.7239
haken WW(pv,tgw,met-t)	2	692924	95.7241
haircut SPEC(vreemd)	2	692926	95.7244
hai N(soort,ev,basis,zijd,stan)	2	692928	95.7247
hahahahahaha TSW()	2	692930	95.725
hahah N(soort,ev,basis,zijd,stan)	2	692932	95.7252
hahah ADJ(vrij,basis,zonder)	2	692934	95.7255
hade N(soort,ev,basis,zijd,stan)	2	692936	95.7258
haas N(soort,mv,basis)	2	692938	95.7261
haarkleur N(soort,ev,basis,zijd,stan)	2	692940	95.7263
haai N(soort,ev,basis,zijd,stan)	2	692942	95.7266
h. SPEC(afk)	2	692944	95.7269
gÃ¶dÃ¶r N(soort,ev,basis,zijd,stan)	2	692946	95.7272
gzien WW(inf,vrij,zonder)	2	692948	95.7274
gymp N(soort,mv,basis)	2	692950	95.7277
gym N(soort,ev,basis,zijd,stan)	2	692952	95.728
gwn WW(vd,vrij,zonder)	2	692954	95.7283
gvd WW(vd,prenom,zonder)	2	692956	95.7286
guusts ADJ(prenom,basis,zonder)	2	692958	95.7288
gut SPEC(vreemd)	2	692960	95.7291
gusta WW(pv,tgw,ev)	2	692962	95.7294
gullie VNW(pers,pron,dial)	2	692964	95.7297
guitar N(soort,ev,basis,zijd,stan)	2	692966	95.7299
guinness N(soort,ev,basis,zijd,stan)	2	692968	95.7302
guidogids N(soort,mv,basis)	2	692970	95.7305
guido SPEC(deeleigen)	2	692972	95.7308
guidelines SPEC(vreemd)	2	692974	95.731
gudruns N(soort,mv,basis)	2	692976	95.7313
gsm-wissel N(soort,ev,basis,zijd,stan)	2	692978	95.7316
gsm ADJ(vrij,basis,zonder)	2	692980	95.7319
gs N(soort,mv,basis)	2	692982	95.7321
grunn N(soort,ev,basis,zijd,stan)	2	692984	95.7324
grts N(soort,mv,basis)	2	692986	95.7327
grts N(soort,ev,basis,zijd,stan)	2	692988	95.733
grtjs N(soort,ev,basis,zijd,stan)	2	692990	95.7332
grrr N(soort,ev,basis,zijd,stan)	2	692992	95.7335
groupon N(soort,ev,basis,zijd,stan)	2	692994	95.7338
group SPEC(vreemd)	2	692996	95.7341
grotje N(soort,mv,dim)	2	692998	95.7344
grotendeels BW()	2	693000	95.7346
grotendeels ADJ(vrij,basis,zonder)	2	693002	95.7349
grootte N(soort,ev,basis,zijd,stan)	2	693004	95.7352
grootfeest N(soort,ev,basis,onz,stan)	2	693006	95.7355
groot ADJ(prenom,comp,zonder)	2	693008	95.7357
grof ADJ(prenom,basis,met-e,stan)	2	693010	95.736
groepsnaam N(soort,ev,basis,zijd,stan)	2	693012	95.7363
groepsleiding N(soort,ev,basis,zijd,stan)	2	693014	95.7366
groep N(soort,mv,basis)	2	693016	95.7368
groen ADJ(prenom,basis,zonder)	2	693018	95.7371
grmaar N(soort,ev,dim,onz,stan)	2	693020	95.7374
grijs ADJ(vrij,basis,zonder)	2	693022	95.7377
grijpen WW(vd,vrij,zonder)	2	693024	95.7379
griet N(soort,ev,dim,onz,stan)	2	693026	95.7382
griet N(soort,ev,basis,zijd,stan)	2	693028	95.7385
griek N(soort,ev,basis,zijd,stan)	2	693030	95.7388
grenoble N(soort,ev,basis,zijd,stan)	2	693032	95.739
greetz N(soort,ev,basis,zijd,stan)	2	693034	95.7393
graspop N(soort,ev,basis,zijd,stan)	2	693036	95.7396
grasmaaien WW(inf,vrij,zonder)	2	693038	95.7399
grappig ADJ(prenom,basis,zonder)	2	693040	95.7402
grappig ADJ(postnom,basis,met-s)	2	693042	95.7404
grappig ADJ(nom,sup,met-e,zonder-n,stan)	2	693044	95.7407
grapjas N(soort,ev,basis,zijd,stan)	2	693046	95.741
grand SPEC(vreemd)	2	693048	95.7413
gran N(soort,ev,basis,zijd,stan)	2	693050	95.7415
graf N(soort,ev,basis,onz,stan)	2	693052	95.7418
gracias SPEC(vreemd)	2	693054	95.7421
grace N(soort,ev,basis,zijd,stan)	2	693056	95.7424
grab SPEC(vreemd)	2	693058	95.7426
graard N(soort,ev,basis,zijd,stan)	2	693060	95.7429
graaaag N(soort,ev,basis,zijd,stan)	2	693062	95.7432
gr ADJ(vrij,basis,zonder)	2	693064	95.7435
gozer SPEC(vreemd)	2	693066	95.7437
gouwstempel N(soort,ev,basis,zijd,stan)	2	693068	95.744
gouwmateriaal N(soort,ev,basis,onz,stan)	2	693070	95.7443
gouwdag N(soort,ev,basis,zijd,stan)	2	693072	95.7446
gouden ADJ(prenom,basis,zonder)	2	693074	95.7449
gotten SPEC(vreemd)	2	693076	95.7451
gooik N(soort,ev,basis,onz,stan)	2	693078	95.7454
gone SPEC(vreemd)	2	693080	95.7457
goes SPEC(vreemd)	2	693082	95.746
goeroe N(soort,ev,basis,zijd,stan)	2	693084	95.7462
goendzjie SPEC(vreemd)	2	693086	95.7465
goeiemorgen SPEC(vreemd)	2	693088	95.7468
goeiemiddag N(soort,ev,basis,zijd,stan)	2	693090	95.7471
goeiekoper ADJ(dial)	2	693092	95.7473
goeiedag N(soort,ev,basis,zijd,stan)	2	693094	95.7476
goedmaken WW(vd,vrij,zonder)	2	693096	95.7479
goedkoop ADJ(prenom,basis,zonder)	2	693098	95.7482
goedkoop ADJ(nom,sup,zonder,zonder-n)	2	693100	95.7484
goedkoop ADJ(nom,sup,met-e,zonder-n,stan)	2	693102	95.7487
goedkomen WW(pv,tgw,met-t)	2	693104	95.749
goedkomen N(soort,mv,basis)	2	693106	95.7493
goederentrein N(soort,ev,basis,zijd,stan)	2	693108	95.7495
goedenmorgen N(soort,mv,basis)	2	693110	95.7498
goed ADJ(postnom,basis,met-s)	2	693112	95.7501
goed ADJ(nom,comp,met-e,mv-n)	2	693114	95.7504
godvertetten WW(vd,vrij,zonder)	2	693116	95.7507
gniffelen WW(pv,tgw,ev)	2	693118	95.7509
gn WW(vd,vrij,zonder)	2	693120	95.7512
gn WW(pv,verl,mv)	2	693122	95.7515
gmm N(soort,ev,basis,onz,stan)	2	693124	95.7518
gmail N(soort,ev,basis,onz,stan)	2	693126	95.752
gloria N(soort,ev,basis,zijd,stan)	2	693128	95.7523
gloooriiia N(soort,ev,basis,zijd,stan)	2	693130	95.7526
glooooooriiiiaaaaaaaa N(soort,ev,basis,zijd,stan)	2	693132	95.7529
glitterp N(soort,mv,basis)	2	693134	95.7531
glijden WW(inf,vrij,zonder)	2	693136	95.7534
gleuf N(soort,ev,basis,zijd,stan)	2	693138	95.7537
glee N(soort,ev,basis,zijd,stan)	2	693140	95.754
glas N(soort,ev,dim,onz,stan)	2	693142	95.7542
gizmo N(soort,ev,basis,onz,stan)	2	693144	95.7545
giver N(soort,mv,basis)	2	693146	95.7548
giver N(soort,ev,basis,zijd,stan)	2	693148	95.7551
gisterenmiddag BW()	2	693150	95.7554
gistere N(soort,ev,basis,zijd,stan)	2	693152	95.7556
girish SPEC(vreemd)	2	693154	95.7559
gillen WW(inf,vrij,zonder)	2	693156	95.7562
gilet N(soort,ev,dim,onz,stan)	2	693158	95.7565
gig N(soort,ev,basis,zijd,stan)	2	693160	95.7567
gift N(soort,ev,basis,zijd,stan)	2	693162	95.757
gierle N(soort,ev,basis,zijd,stan)	2	693164	95.7573
gezind ADJ(vrij,basis,zonder)	2	693166	95.7576
gezin N(soort,ev,dim,onz,stan)	2	693168	95.7578
gezeggen WW(pv,tgw,met-t)	2	693170	95.7581
gezamenlijk ADJ(prenom,basis,met-e,stan)	2	693172	95.7584
gewoonweg BW()	2	693174	95.7587
gewoonte N(soort,ev,basis,zijd,stan)	2	693176	95.7589
gewoon ADJ(prenom,basis,zonder)	2	693178	95.7592
gewijs BW()	2	693180	95.7595
gewicht N(soort,ev,basis,onz,stan)	2	693182	95.7598
geweld N(soort,ev,basis,onz,stan)	2	693184	95.76
gevolg N(soort,ev,basis,onz,stan)	2	693186	95.7603
geven WW(pv,conj,ev)	2	693188	95.7606
geval N(soort,ev,dim,onz,stan)	2	693190	95.7609
gevaarlijk ADJ(vrij,comp,zonder)	2	693192	95.7612
geur N(soort,ev,basis,zijd,stan)	2	693194	95.7614
gestresst ADJ(vrij,basis,zonder)	2	693196	95.7617
gespannen ADJ(vrij,basis,zonder)	2	693198	95.762
gesmst WW(pv,tgw,met-t)	2	693200	95.7623
gesms't WW(vd,vrij,zonder)	2	693202	95.7625
geslaagd ADJ(nom,basis,zonder,zonder-n)	2	693204	95.7628
gesettled WW(vd,vrij,zonder)	2	693206	95.7631
geschikt ADJ(prenom,basis,met-e,stan)	2	693208	95.7634
geschift ADJ(vrij,basis,zonder)	2	693210	95.7636
geschenk N(soort,ev,basis,onz,stan)	2	693212	95.7639
gerelaxed WW(vd,vrij,zonder)	2	693214	95.7642
gereed ADJ(vrij,basis,zonder)	2	693216	95.7645
geraken WW(pv,verl,ev)	2	693218	95.7647
gentstraat N(soort,ev,basis,zijd,stan)	2	693220	95.765
gent SPEC(vreemd)	2	693222	95.7653
genot N(soort,ev,basis,onz,stan)	2	693224	95.7656
geniaalste WW(vd,prenom,met-e)	2	693226	95.7658
geneeskunde N(soort,ev,basis,zijd,stan)	2	693228	95.7661
genaait WW(vd,vrij,zonder)	2	693230	95.7664
gen WW(vd,vrij,zonder)	2	693232	95.7667
gemountainbiked WW(vd,vrij,zonder)	2	693234	95.767
gemoed N(soort,mv,basis)	2	693236	95.7672
gemiddeld ADJ(prenom,basis,met-e,stan)	2	693238	95.7675
gelijkspel N(soort,ev,basis,onz,stan)	2	693240	95.7678
gelijkaardig ADJ(prenom,basis,met-e,stan)	2	693242	95.7681
geleed ADJ(prenom,basis,met-e,stan)	2	693244	95.7683
geland ADJ(vrij,basis,zonder)	2	693246	95.7686
gekken WW(pv,tgw,ev)	2	693248	95.7689
gek N(soort,ev,basis,zijd,stan)	2	693250	95.7692
gek ADJ(postnom,basis,met-s)	2	693252	95.7694
gei N(soort,mv,dim)	2	693254	95.7697
geheim ADJ(vrij,basis,zonder)	2	693256	95.77
geheim ADJ(prenom,basis,zonder)	2	693258	95.7703
geheel N(soort,ev,basis,onz,stan)	2	693260	95.7705
gegoogled WW(vd,vrij,zonder)	2	693262	95.7708
gegadigde N(soort,mv,basis)	2	693264	95.7711
gefixt WW(pv,tgw,met-t)	2	693266	95.7714
gedicht N(soort,ev,basis,onz,stan)	2	693268	95.7717
gedaan ADJ(vrij,basis,zonder)	2	693270	95.7719
geburtstag SPEC(vreemd)	2	693272	95.7722
geburtstag N(soort,ev,basis,zijd,stan)	2	693274	95.7725
gebruiker N(soort,ev,basis,zijd,stan)	2	693276	95.7728
gebouw N(soort,mv,basis)	2	693278	95.773
gebeurtenis N(soort,ev,basis,zijd,stan)	2	693280	95.7733
gebeuren WW(pv,verl,ev)	2	693282	95.7736
gebaar N(soort,ev,basis,onz,stan)	2	693284	95.7739
gear N(soort,ev,basis,zijd,stan)	2	693286	95.7741
gb SPEC(afk)	2	693288	95.7744
gazet N(soort,ev,basis,zijd,stan)	2	693290	95.7747
gays SPEC(vreemd)	2	693292	95.775
gauw SPEC(vreemd)	2	693294	95.7752
gastroscopie N(soort,ev,basis,zijd,stan)	2	693296	95.7755
gardena N(soort,ev,basis,zijd,stan)	2	693298	95.7758
garanderen WW(pv,tgw,ev)	2	693300	95.7761
ganze ADJ(prenom,basis,met-e,stan)	2	693302	95.7763
gans ADJ(prenom,basis,met-e,stan)	2	693304	95.7766
gang N(soort,mv,basis)	2	693306	95.7769
gan WW(pv,tgw,ev)	2	693308	95.7772
gamen WW(inf,vrij,zonder)	2	693310	95.7775
gamel N(soort,mv,basis)	2	693312	95.7777
galaxy SPEC(vreemd)	2	693314	95.778
gadver N(soort,ev,basis,zijd,stan)	2	693316	95.7783
gadget N(soort,mv,basis)	2	693318	95.7786
gaak WW(pv,tgw,ev)	2	693320	95.7788
fysiek ADJ(vrij,basis,zonder)	2	693322	95.7791
future N(soort,mv,basis)	2	693324	95.7794
fust N(soort,ev,basis,onz,stan)	2	693326	95.7797
funda N(soort,ev,basis,zijd,stan)	2	693328	95.7799
functioneren WW(inf,vrij,zonder)	2	693330	95.7802
functie N(soort,mv,basis)	2	693332	95.7805
fulltime ADJ(prenom,basis,zonder)	2	693334	95.7808
fuck N(soort,ev,basis,zijd,stan)	2	693336	95.781
ftp N(soort,ev,basis,zijd,stan)	2	693338	95.7813
frustreren WW(od,vrij,zonder)	2	693340	95.7816
fruitpap N(soort,ev,basis,zijd,stan)	2	693342	95.7819
frro SPEC(vreemd)	2	693344	95.7822
frisdrank N(soort,ev,basis,zijd,stan)	2	693346	95.7824
friet ADJ(vrij,basis,zonder)	2	693348	95.7827
friesland N(soort,ev,basis,onz,stan)	2	693350	95.783
friend ADJ(vrij,basis,zonder)	2	693352	95.7833
fresh SPEC(vreemd)	2	693354	95.7835
freek SPEC(deeleigen)	2	693356	95.7838
frederik N(soort,ev,basis,onz,stan)	2	693358	95.7841
freddy SPEC(deeleigen)	2	693360	95.7844
frankrijk SPEC(deeleigen)	2	693362	95.7846
frankfurt N(soort,ev,basis,zijd,stan)	2	693364	95.7849
foyer N(soort,ev,basis,zijd,stan)	2	693366	95.7852
fotokopie N(soort,ev,basis,zijd,stan)	2	693368	95.7855
fotografie N(soort,ev,basis,zijd,stan)	2	693370	95.7857
fotoboek N(soort,ev,basis,onz,stan)	2	693372	95.786
formule N(soort,mv,basis)	2	693374	95.7863
formeel ADJ(vrij,basis,zonder)	2	693376	95.7866
form N(soort,ev,basis,zijd,stan)	2	693378	95.7868
forceren WW(inf,vrij,zonder)	2	693380	95.7871
football SPEC(vreemd)	2	693382	95.7874
foodmaker N(soort,ev,basis,zijd,stan)	2	693384	95.7877
fonteinstraat N(soort,ev,basis,zijd,stan)	2	693386	95.788
foif N(soort,ev,basis,zijd,stan)	2	693388	95.7882
focussen WW(vd,vrij,zonder)	2	693390	95.7885
focus N(soort,ev,basis,zijd,stan)	2	693392	95.7888
fnac N(soort,ev,basis,zijd,stan)	2	693394	95.7891
flying SPEC(vreemd)	2	693396	95.7893
flyer N(soort,ev,basis,zijd,stan)	2	693398	95.7896
fluiten WW(vd,vrij,zonder)	2	693400	95.7899
flot N(soort,ev,dim,onz,stan)	2	693402	95.7902
flot N(soort,ev,basis,zijd,stan)	2	693404	95.7904
florence N(soort,ev,basis,zijd,stan)	2	693406	95.7907
flirt N(soort,ev,basis,zijd,stan)	2	693408	95.791
flikkeren WW(vd,vrij,zonder)	2	693410	95.7913
fles N(soort,mv,dim)	2	693412	95.7915
fleece N(soort,ev,basis,zijd,stan)	2	693414	95.7918
flauwvallen WW(vd,vrij,zonder)	2	693416	95.7921
flauw ADJ(prenom,basis,met-e,stan)	2	693418	95.7924
fixen WW(pv,verl,mv)	2	693420	95.7926
fix N(soort,mv,basis)	2	693422	95.7929
fitting N(soort,ev,basis,zijd,stan)	2	693424	95.7932
fiscus N(soort,ev,basis,zijd,stan)	2	693426	95.7935
fischer N(soort,ev,basis,onz,stan)	2	693428	95.7938
fingers SPEC(vreemd)	2	693430	95.794
finger SPEC(vreemd)	2	693432	95.7943
finding SPEC(vreemd)	2	693434	95.7946
financiering N(soort,ev,basis,zijd,stan)	2	693436	95.7949
financieren WW(inf,vrij,zonder)	2	693438	95.7951
financien N(soort,mv,basis)	2	693440	95.7954
financieel ADJ(vrij,basis,zonder)	2	693442	95.7957
financieel ADJ(prenom,basis,zonder)	2	693444	95.796
final SPEC(vreemd)	2	693446	95.7962
filosofie N(soort,ev,basis,zijd,stan)	2	693448	95.7965
filo N(soort,ev,basis,zijd,stan)	2	693450	95.7968
filmen WW(vd,vrij,zonder)	2	693452	95.7971
filmavond N(soort,mv,basis)	2	693454	95.7973
fiksen WW(vd,vrij,zonder)	2	693456	95.7976
fiksen WW(inf,vrij,zonder)	2	693458	95.7979
fik N(soort,ev,basis,zijd,stan)	2	693460	95.7982
figuurlijk ADJ(vrij,basis,zonder)	2	693462	95.7985
fifty SPEC(vreemd)	2	693464	95.7987
fiew N(soort,ev,basis,zijd,stan)	2	693466	95.799
fietstocht N(soort,ev,dim,onz,stan)	2	693468	95.7993
fietstas N(soort,mv,basis)	2	693470	95.7996
fietspad N(soort,ev,basis,onz,stan)	2	693472	95.7998
fietslamp N(soort,mv,dim)	2	693474	95.8001
fietskot N(soort,ev,basis,onz,stan)	2	693476	95.8004
fietsenmaker N(soort,ev,basis,zijd,stan)	2	693478	95.8007
fietsband N(soort,ev,basis,zijd,stan)	2	693480	95.8009
fierljeppen WW(inf,nom,zonder,zonder-n)	2	693482	95.8012
ffkes N(soort,mv,basis)	2	693484	95.8015
ffkes BW()	2	693486	95.8018
ffe N(soort,ev,basis,onz,stan)	2	693488	95.802
ff N(soort,ev,basis,zijd,stan)	2	693490	95.8023
feuten WW(inf,vrij,zonder)	2	693492	95.8026
ferry N(soort,ev,basis,zijd,stan)	2	693494	95.8029
ferm ADJ(prenom,basis,met-e,stan)	2	693496	95.8031
felicidas N(soort,ev,basis,zijd,stan)	2	693498	95.8034
feli N(soort,ev,basis,zijd,stan)	2	693500	95.8037
felciteren WW(vd,vrij,zonder)	2	693502	95.804
fel ADJ(vrij,comp,zonder)	2	693504	95.8043
fel ADJ(vrij,basis,zonder)	2	693506	95.8045
feitelijk ADJ(vrij,basis,zonder)	2	693508	95.8048
feestpret N(soort,ev,basis,zijd,stan)	2	693510	95.8051
feestganger N(soort,ev,basis,zijd,stan)	2	693512	95.8054
feestdag N(soort,ev,basis,zijd,stan)	2	693514	95.8056
fc N(soort,ev,basis,onz,stan)	2	693516	95.8059
fb BW()	2	693518	95.8062
fax N(soort,ev,basis,zijd,stan)	2	693520	95.8065
favour SPEC(vreemd)	2	693522	95.8067
favo N(soort,ev,basis,zijd,stan)	2	693524	95.807
fault SPEC(vreemd)	2	693526	95.8073
fatsoenlijk ADJ(prenom,basis,zonder)	2	693528	95.8076
fatsoenlijk ADJ(prenom,basis,met-e,stan)	2	693530	95.8078
fatsoeneren WW(inf,vrij,zonder)	2	693532	95.8081
farre N(soort,dial)	2	693534	95.8084
fannys N(soort,mv,basis)	2	693536	95.8087
fanclub N(soort,ev,basis,zijd,stan)	2	693538	95.809
famous N(soort,ev,basis,zijd,stan)	2	693540	95.8092
familiereÃ¼nie N(soort,ev,basis,zijd,stan)	2	693542	95.8095
familiefeest N(soort,ev,basis,onz,stan)	2	693544	95.8098
falen WW(vd,vrij,zonder)	2	693546	95.8101
falen WW(pv,verl,ev)	2	693548	95.8103
fais SPEC(vreemd)	2	693550	95.8106
fair ADJ(vrij,basis,zonder)	2	693552	95.8109
faculteit N(soort,ev,basis,zijd,stan)	2	693554	95.8112
factuur N(soort,mv,basis)	2	693556	95.8114
fact SPEC(vreemd)	2	693558	95.8117
facet N(soort,mv,basis)	2	693560	95.812
facebooken WW(inf,vrij,zonder)	2	693562	95.8123
fac N(soort,ev,basis,zijd,stan)	2	693564	95.8125
fabriek N(soort,ev,basis,zijd,stan)	2	693566	95.8128
ey N(soort,ev,basis,onz,stan)	2	693568	95.8131
explain SPEC(vreemd)	2	693570	95.8134
expertise N(soort,ev,basis,zijd,stan)	2	693572	95.8136
expectations SPEC(vreemd)	2	693574	95.8139
exp N(soort,ev,basis,zijd,stan)	2	693576	95.8142
exit SPEC(vreemd)	2	693578	95.8145
excl. SPEC(afk)	2	693580	95.8148
excited SPEC(vreemd)	2	693582	95.815
except SPEC(vreemd)	2	693584	95.8153
excel N(soort,ev,basis,onz,stan)	2	693586	95.8156
examenvraag N(soort,mv,basis)	2	693588	95.8159
exam N(soort,ev,basis,onz,stan)	2	693590	95.8161
ex-jarige ADJ(prenom,basis,met-e,stan)	2	693592	95.8164
ex N(soort,ev,basis,zijd,stan)	2	693594	95.8167
ewout N(soort,ev,basis,onz,stan)	2	693596	95.817
evy N(soort,ev,dim,onz,stan)	2	693598	95.8172
evt N(soort,ev,basis,onz,stan)	2	693600	95.8175
evt ADJ(vrij,basis,zonder)	2	693602	95.8178
evio SPEC(vreemd)	2	693604	95.8181
evio N(soort,ev,basis,zijd,stan)	2	693606	95.8183
evident ADJ(vrij,basis,zonder)	2	693608	95.8186
everyone SPEC(vreemd)	2	693610	95.8189
everybody SPEC(vreemd)	2	693612	95.8192
evenwicht N(soort,ev,basis,onz,stan)	2	693614	95.8194
evah ADJ(vrij,basis,zonder)	2	693616	95.8197
ev BW()	2	693618	95.82
eurotrip N(soort,ev,basis,zijd,stan)	2	693620	95.8203
eurostar N(soort,ev,basis,zijd,stan)	2	693622	95.8206
europe SPEC(vreemd)	2	693624	95.8208
euroots N(soort,mv,basis)	2	693626	95.8211
euro N(soort,mv,basis)	2	693628	95.8214
euhm SPEC(symb)	2	693630	95.8217
euh ADJ(vrij,basis,zonder)	2	693632	95.8219
eufemisme N(soort,ev,basis,onz,stan)	2	693634	95.8222
eu N(soort,ev,basis,onz,stan)	2	693636	95.8225
etwas SPEC(vreemd)	2	693638	95.8228
etwa N(soort,ev,basis,zijd,stan)	2	693640	95.823
etter N(soort,mv,basis)	2	693642	95.8233
ets N(soort,ev,basis,zijd,stan)	2	693644	95.8236
etos N(soort,ev,basis,zijd,stan)	2	693646	95.8239
etje N(soort,ev,dim,onz,stan)	2	693648	95.8241
etiket N(soort,ev,basis,onz,stan)	2	693650	95.8244
eten WW(pv,verl,mv)	2	693652	95.8247
etappe N(soort,mv,basis)	2	693654	95.825
etappe N(soort,ev,basis,zijd,stan)	2	693656	95.8253
essentieel ADJ(postnom,basis,met-s)	2	693658	95.8255
espressomachine N(soort,ev,basis,zijd,stan)	2	693660	95.8258
espla N(soort,ev,basis,zijd,stan)	2	693662	95.8261
es SPEC(vreemd)	2	693664	95.8264
erwin SPEC(vreemd)	2	693666	95.8266
ertegenover BW()	2	693668	95.8269
error N(soort,ev,basis,zijd,stan)	2	693670	95.8272
eronder BW()	2	693672	95.8275
erom BW()	2	693674	95.8277
ernstjan N(soort,ev,basis,zijd,stan)	2	693676	95.828
ergernis N(soort,mv,basis)	2	693678	95.8283
ergerlijk ADJ(vrij,basis,zonder)	2	693680	95.8286
ergens BW()	2	693682	95.8288
erg ADJ(prenom,comp,met-e,stan)	2	693684	95.8291
eredame N(soort,mv,basis)	2	693686	95.8294
erby N(soort,ev,basis,zijd,stan)	2	693688	95.8297
erboven BW()	2	693690	95.8299
erasmusbrug N(soort,ev,basis,zijd,stan)	2	693692	95.8302
eos ADJ(vrij,basis,zonder)	2	693694	95.8305
environment SPEC(vreemd)	2	693696	95.8308
enveloppe N(soort,ev,basis,zijd,stan)	2	693698	95.8311
envelop N(soort,mv,basis)	2	693700	95.8313
enthausiast WW(pv,tgw,met-t)	2	693702	95.8316
enkel VNW(onbep,det,stan,nom,met-e,mv-n)	2	693704	95.8319
enjoy SPEC(vreemd)	2	693706	95.8322
enig VNW(onbep,det,stan,nom,met-e,zonder-n)	2	693708	95.8324
enig ADJ(prenom,sup,met-e,stan)	2	693710	95.8327
engelstalig ADJ(prenom,basis,met-e,stan)	2	693712	95.833
engagement N(soort,ev,basis,onz,stan)	2	693714	95.8333
enfin TSW()	2	693716	95.8335
eneneen N(soort,mv,basis)	2	693718	95.8338
end SPEC(vreemd)	2	693720	95.8341
enal SPEC(vreemd)	2	693722	95.8344
en SPEC(deeleigen)	2	693724	95.8346
emte N(soort,ev,basis,zijd,stan)	2	693726	95.8349
emotioneel ADJ(prenom,basis,zonder)	2	693728	95.8352
emma N(soort,ev,basis,zijd,stan)	2	693730	95.8355
emily SPEC(vreemd)	2	693732	95.8358
emiel N(soort,ev,basis,onz,stan)	2	693734	95.836
emailadres N(soort,mv,basis)	2	693736	95.8363
elmo SPEC(vreemd)	2	693738	95.8366
ellendig ADJ(vrij,basis,zonder)	2	693740	95.8369
elleboog N(soort,mv,dim)	2	693742	95.8371
elisa SPEC(vreemd)	2	693744	95.8374
elias N(soort,ev,basis,zijd,stan)	2	693746	95.8377
elftal N(soort,ev,basis,onz,stan)	2	693748	95.838
eleven SPEC(vreemd)	2	693750	95.8382
element N(soort,ev,basis,onz,stan)	2	693752	95.8385
elemaal ADJ(vrij,basis,zonder)	2	693754	95.8388
elektrisch ADJ(prenom,basis,zonder)	2	693756	95.8391
elektrisch ADJ(prenom,basis,met-e,stan)	2	693758	95.8393
elbo SPEC(vreemd)	2	693760	95.8396
elaba N(soort,ev,basis,zijd,stan)	2	693762	95.8399
el N(soort,ev,basis,zijd,stan)	2	693764	95.8402
ej WW(pv,verl,ev)	2	693766	95.8404
ej N(soort,ev,basis,onz,stan)	2	693768	95.8407
eisen WW(inf,vrij,zonder)	2	693770	95.841
eindstand N(soort,ev,basis,zijd,stan)	2	693772	95.8413
eindigen WW(vd,vrij,zonder)	2	693774	95.8416
eindigen WW(pv,tgw,mv)	2	693776	95.8418
eindhoven WW(inf,vrij,zonder)	2	693778	95.8421
eindcijfer N(soort,ev,basis,onz,stan)	2	693780	95.8424
eindbaas N(soort,ev,basis,zijd,stan)	2	693782	95.8427
eind N(soort,mv,dim)	2	693784	95.8429
eiland N(soort,mv,basis)	2	693786	95.8432
eiglijk ADJ(vrij,basis,zonder)	2	693788	95.8435
eigl ADJ(prenom,basis,met-e,stan)	2	693790	95.8438
ehv SPEC(deeleigen)	2	693792	95.844
ehv N(soort,ev,basis,zijd,stan)	2	693794	95.8443
ehm SPEC(vreemd)	2	693796	95.8446
efjes BW()	2	693798	95.8449
eeuwig ADJ(prenom,basis,zonder)	2	693800	95.8451
eetdate N(soort,ev,basis,zijd,stan)	2	693802	95.8454
eerlijkheid N(soort,ev,basis,zijd,stan)	2	693804	95.8457
eep N(soort,ev,basis,zijd,stan)	2	693806	95.846
eenvoudig ADJ(vrij,comp,zonder)	2	693808	95.8462
een VNW(pers,pron,dial)	2	693810	95.8465
eef N(soort,ev,dim,onz,stan)	2	693812	95.8468
eed N(soort,ev,basis,zijd,stan)	2	693814	95.8471
eea N(soort,mv,basis)	2	693816	95.8474
eea N(soort,ev,basis,zijd,stan)	2	693818	95.8476
edward N(soort,ev,basis,zijd,stan)	2	693820	95.8479
ede-wageningen N(soort,mv,basis)	2	693822	95.8482
eddy N(soort,ev,basis,zijd,stan)	2	693824	95.8485
eddie SPEC(vreemd)	2	693826	95.8487
ed SPEC(vreemd)	2	693828	95.849
eczeem N(soort,ev,basis,onz,stan)	2	693830	95.8493
ecomat N(soort,ev,basis,onz,stan)	2	693832	95.8496
ebh ADJ(vrij,basis,zonder)	2	693834	95.8498
ebben WW(pv,verl,ev)	2	693836	95.8501
ebay N(soort,ev,basis,zijd,stan)	2	693838	95.8504
easier SPEC(vreemd)	2	693840	95.8507
earliest WW(vd,vrij,zonder)	2	693842	95.8509
eBay SPEC(deeleigen)	2	693844	95.8512
e.d. SPEC(afk)	2	693846	95.8515
dÃ© LID(bep,stan,rest)	2	693848	95.8518
dÃ¡Ã¡r VNW(aanw,adv-pron,obl,vol,3o,getal)	2	693850	95.8521
dÃ n N(soort,mv,basis)	2	693852	95.8523
dweil N(soort,ev,basis,zijd,stan)	2	693854	95.8526
duur ADJ(prenom,basis,zonder)	2	693856	95.8529
duur ADJ(postnom,basis,met-s)	2	693858	95.8532
dutje N(soort,mv,dim)	2	693860	95.8534
dutch SPEC(vreemd)	2	693862	95.8537
dust N(soort,ev,basis,zijd,stan)	2	693864	95.854
dunken WW(pv,tgw,met-t)	2	693866	95.8543
dun ADJ(nom,basis,met-e,zonder-n,stan)	2	693868	95.8545
dumpen WW(inf,vrij,zonder)	2	693870	95.8548
dulden WW(vd,vrij,zonder)	2	693872	95.8551
duivel N(soort,ev,basis,zijd,stan)	2	693874	95.8554
duister ADJ(prenom,basis,met-e,stan)	2	693876	95.8556
duin N(soort,mv,basis)	2	693878	95.8559
duiken WW(vd,vrij,zonder)	2	693880	95.8562
duik N(soort,ev,basis,zijd,stan)	2	693882	95.8565
duidelijk ADJ(prenom,basis,zonder)	2	693884	95.8567
duh BW()	2	693886	95.857
dude N(soort,ev,basis,zijd,stan)	2	693888	95.8573
dubstep N(soort,ev,basis,zijd,stan)	2	693890	95.8576
dubbelganger N(soort,ev,basis,zijd,stan)	2	693892	95.8579
dubbeldate N(soort,ev,basis,zijd,stan)	2	693894	95.8581
dubbel ADJ(prenom,basis,zonder)	2	693896	95.8584
du SPEC(deeleigen)	2	693898	95.8587
drup N(soort,ev,basis,zijd,stan)	2	693900	95.859
druk ADJ(vrij,comp,zonder)	2	693902	95.8592
druk ADJ(prenom,sup,met-e,stan)	2	693904	95.8595
drug N(soort,mv,basis)	2	693906	95.8598
dropping N(soort,ev,basis,zijd,stan)	2	693908	95.8601
droppen WW(inf,vrij,zonder)	2	693910	95.8603
dropbox SPEC(vreemd)	2	693912	95.8606
droomlief N(soort,ev,dim,onz,stan)	2	693914	95.8609
droog ADJ(prenom,basis,zonder)	2	693916	95.8612
dronkaard N(soort,ev,basis,zijd,stan)	2	693918	95.8614
dromen WW(pv,tgw,met-t)	2	693920	95.8617
drive SPEC(vreemd)	2	693922	95.862
drink N(soort,mv,basis)	2	693924	95.8623
drijven WW(inf,vrij,zonder)	2	693926	95.8626
drie TW(hoofd,nom,zonder-n,basis)	2	693928	95.8628
drie TW(hoofd,nom,mv-n,dim)	2	693930	95.8631
dreigen WW(pv,verl,ev)	2	693932	95.8634
dreef N(soort,ev,basis,zijd,stan)	2	693934	95.8637
dream N(soort,mv,basis)	2	693936	95.8639
dranktent N(soort,ev,basis,zijd,stan)	2	693938	95.8642
dranktent N(soort,ev,basis,onz,stan)	2	693940	95.8645
dramatisch ADJ(vrij,basis,zonder)	2	693942	95.8648
draeck N(soort,ev,basis,onz,stan)	2	693944	95.865
draadloos ADJ(prenom,basis,zonder)	2	693946	95.8653
downloaden WW(pv,tgw,ev)	2	693948	95.8656
douce SPEC(vreemd)	2	693950	95.8659
double SPEC(vreemd)	2	693952	95.8661
dossier N(soort,ev,basis,onz,stan)	2	693954	95.8664
dorp N(soort,ev,dim,onz,stan)	2	693956	95.8667
dorine N(soort,ev,basis,zijd,stan)	2	693958	95.867
dorien WW(inf,vrij,zonder)	2	693960	95.8672
dorien N(soort,mv,basis)	2	693962	95.8675
dordt N(soort,ev,basis,onz,stan)	2	693964	95.8678
dop N(soort,ev,basis,zijd,stan)	2	693966	95.8681
doorzichtig ADJ(prenom,basis,met-e,stan)	2	693968	95.8684
doorzettingsvermogen N(soort,ev,basis,onz,stan)	2	693970	95.8686
doorslapen WW(vd,vrij,zonder)	2	693972	95.8689
doorrijden WW(pv,tgw,met-t)	2	693974	95.8692
doornemen WW(inf,vrij,zonder)	2	693976	95.8695
doormidden BW()	2	693978	95.8697
doorlopen WW(inf,vrij,zonder)	2	693980	95.87
doorhalen WW(vd,vrij,zonder)	2	693982	95.8703
doorhak N(soort,ev,basis,zijd,stan)	2	693984	95.8706
doorgeven WW(pv,tgw,met-t)	2	693986	95.8708
doorgaan WW(pv,tgw,mv)	2	693988	95.8711
doordringen WW(vd,vrij,zonder)	2	693990	95.8714
doorbikkelen WW(inf,vrij,zonder)	2	693992	95.8717
doorbijten WW(inf,vrij,zonder)	2	693994	95.8719
doopsuiker N(soort,ev,basis,zijd,stan)	2	693996	95.8722
doodschieten WW(vd,vrij,zonder)	2	693998	95.8725
doodgraag BW()	2	694000	95.8728
doodgaan WW(pv,tgw,met-t)	2	694002	95.8731
dont N(soort,ev,basis,onz,stan)	2	694004	95.8733
donna SPEC(vreemd)	2	694006	95.8736
donker ADJ(vrij,comp,zonder)	2	694008	95.8739
dong N(soort,ev,basis,zijd,stan)	2	694010	95.8742
donderdagochtend N(soort,ev,basis,zijd,stan)	2	694012	95.8744
donderdagmiddag N(soort,ev,basis,zijd,stan)	2	694014	95.8747
donderdagavnd SPEC(meta)	2	694016	95.875
dond WW(od,vrij,zonder)	2	694018	95.8753
dond N(soort,ev,basis,zijd,stan)	2	694020	95.8755
donalds N(soort,mv,basis)	2	694022	95.8758
domper N(soort,ev,basis,zijd,stan)	2	694024	95.8761
dominee N(soort,ev,basis,zijd,stan)	2	694026	95.8764
dominant ADJ(vrij,basis,zonder)	2	694028	95.8766
dolgraag BW()	2	694030	95.8769
dokus N(soort,ev,basis,zijd,stan)	2	694032	95.8772
doktersvoorschrift N(soort,ev,basis,onz,stan)	2	694034	95.8775
doin SPEC(deeleigen)	2	694036	95.8777
doesn't N(soort,ev,basis,zijd,stan)	2	694038	95.878
doej N(soort,ev,basis,zijd,stan)	2	694040	95.8783
doe N(soort,ev,dim,onz,stan)	2	694042	95.8786
dodo SPEC(deeleigen)	2	694044	95.8789
doden WW(inf,vrij,zonder)	2	694046	95.8791
dodelijk ADJ(vrij,basis,zonder)	2	694048	95.8794
documentnummer N(soort,mv,basis)	2	694050	95.8797
documentaire N(soort,ev,basis,zijd,stan)	2	694052	95.88
document SPEC(vreemd)	2	694054	95.8802
document N(soort,mv,basis)	2	694056	95.8805
document N(soort,ev,dim,onz,stan)	2	694058	95.8808
docu N(soort,ev,basis,zijd,stan)	2	694060	95.8811
docent N(soort,mv,basis)	2	694062	95.8813
dna-technologie N(soort,ev,basis,zijd,stan)	2	694064	95.8816
dispuutsgenoot N(soort,ev,basis,zijd,stan)	2	694066	95.8819
dispuutsavond WW(vd,vrij,zonder)	2	694068	95.8822
disk N(soort,ev,basis,zijd,stan)	2	694070	95.8824
discussieren N(soort,mv,basis)	2	694072	95.8827
discobar N(soort,ev,basis,zijd,stan)	2	694074	95.883
director N(soort,ev,basis,zijd,stan)	2	694076	95.8833
directions SPEC(vreemd)	2	694078	95.8835
direct ADJ(prenom,basis,met-e,stan)	2	694080	95.8838
dip N(soort,ev,basis,zijd,stan)	2	694082	95.8841
dinszen WW(vd,vrij,zonder)	2	694084	95.8844
dinsdagochtend N(soort,ev,basis,zijd,stan)	2	694086	95.8847
dinsdagen N(soort,mv,basis)	2	694088	95.8849
diner N(soort,ev,basis,zijd,stan)	2	694090	95.8852
dimitri N(soort,mv,basis)	2	694092	95.8855
dilemma N(soort,ev,basis,onz,stan)	2	694094	95.8858
dikwijls BW()	2	694096	95.886
dikte N(soort,ev,basis,zijd,stan)	2	694098	95.8863
dik ADJ(prenom,sup,met-e,stan)	2	694100	95.8866
difficulty SPEC(vreemd)	2	694102	95.8869
differences N(soort,ev,basis,onz,stan)	2	694104	95.8871
difference N(soort,mv,basis)	2	694106	95.8874
diet ADJ(vrij,comp,zonder)	2	694108	95.8877
diest N(soort,ev,basis,onz,stan)	2	694110	95.888
dierenwinkel N(soort,ev,basis,zijd,stan)	2	694112	95.8882
dier N(soort,mv,basis)	2	694114	95.8885
dier N(soort,ev,basis,onz,stan)	2	694116	95.8888
diep ADJ(vrij,comp,zonder)	2	694118	95.8891
diep ADJ(prenom,basis,met-e,stan)	2	694120	95.8894
dichtdoen WW(vd,vrij,zonder)	2	694122	95.8896
dicht ADJ(prenom,basis,met-e,stan)	2	694124	95.8899
dias SPEC(deeleigen)	2	694126	95.8902
diameter N(soort,ev,basis,zijd,stan)	2	694128	95.8905
dezer ADJ(prenom,basis,met-e,bijz)	2	694130	95.8907
deze VNW(aanw,det,stan,nom,met-e,mv-n)	2	694132	95.891
deze VNW(aanw,det,dial)	2	694134	95.8913
deze VNW(aanw,det,dat,nom,met-e,zonder-n)	2	694136	95.8916
dexter N(soort,ev,basis,zijd,stan)	2	694138	95.8918
dexia N(soort,mv,basis)	2	694140	95.8921
dewinter N(soort,ev,basis,zijd,stan)	2	694142	95.8924
development SPEC(vreemd)	2	694144	95.8927
deurklink N(soort,ev,basis,zijd,stan)	2	694146	95.8929
desser N(soort,ev,dim,onz,stan)	2	694148	95.8932
design SPEC(vreemd)	2	694150	95.8935
des SPEC(deeleigen)	2	694152	95.8938
des N(soort,mv,basis)	2	694154	95.894
dertig TW(hoofd,vrij)	2	694156	95.8943
dermee SPEC(deeleigen)	2	694158	95.8946
derjust N(soort,ev,basis,zijd,stan)	2	694160	95.8949
derjust ADJ(vrij,basis,zonder)	2	694162	95.8952
dergelijk ADJ(prenom,basis,met-e,stan)	2	694164	95.8954
dergelijk ADJ(postnom,basis,met-s)	2	694166	95.8957
derek N(soort,ev,basis,onz,stan)	2	694168	95.896
der VNW(aanw,adv-pron,obl,vol,3o,getal)	2	694170	95.8963
der SPEC(vreemd)	2	694172	95.8965
depri ADJ(vrij,basis,zonder)	2	694174	95.8968
depressief ADJ(vrij,basis,zonder)	2	694176	95.8971
depressie N(soort,ev,basis,zijd,stan)	2	694178	95.8974
depauw N(soort,ev,basis,zijd,stan)	2	694180	95.8976
denkikken WW(pv,tgw,ev)	2	694182	95.8979
denise N(soort,ev,basis,zijd,stan)	2	694184	95.8982
denderleeuw N(soort,ev,basis,zijd,stan)	2	694186	95.8985
denderend ADJ(vrij,basis,zonder)	2	694188	95.8987
demo N(soort,ev,basis,zijd,stan)	2	694190	95.899
demin SPEC(deeleigen)	2	694192	95.8993
delhaize TW(rang,nom,zonder-n)	2	694194	95.8996
delen WW(pv,tgw,mv)	2	694196	95.8999
delen WW(pv,tgw,met-t)	2	694198	95.9001
delen WW(inf,vrij,zonder)	2	694200	95.9004
del N(soort,ev,basis,zijd,stan)	2	694202	95.9007
dekmantel N(soort,ev,basis,zijd,stan)	2	694204	95.901
dekker N(soort,ev,basis,zijd,stan)	2	694206	95.9012
deja SPEC(vreemd)	2	694208	95.9015
deira N(soort,ev,basis,zijd,stan)	2	694210	95.9018
degree SPEC(vreemd)	2	694212	95.9021
degene VNW(aanw,det,stan,nom,met-e,mv-n)	2	694214	95.9023
deeltijds ADJ(vrij,basis,zonder)	2	694216	95.9026
deelname N(soort,ev,basis,zijd,stan)	2	694218	95.9029
deel N(soort,mv,basis)	2	694220	95.9032
decided SPEC(vreemd)	2	694222	95.9034
decibel N(soort,ev,basis,zijd,stan)	2	694224	95.9037
decenium N(soort,ev,basis,onz,stan)	2	694226	95.904
deca N(soort,ev,basis,zijd,stan)	2	694228	95.9043
debiel N(soort,mv,basis)	2	694230	95.9045
debiel ADJ(vrij,basis,zonder)	2	694232	95.9048
dear SPEC(vreemd)	2	694234	95.9051
deak N(soort,ev,basis,onz,stan)	2	694236	95.9054
de LID(bep,dat,evmo)	2	694238	95.9057
dberg N(soort,ev,basis,zijd,stan)	2	694240	95.9059
db WW(pv,tgw,met-t)	2	694242	95.9062
db SPEC(deeleigen)	2	694244	95.9065
dawwe SPEC(vreemd)	2	694246	95.9068
daww ADJ(prenom,basis,met-e,stan)	2	694248	95.907
dawe ADJ(prenom,basis,met-e,stan)	2	694250	95.9073
dato BW()	2	694252	95.9076
datk SPEC(vreemd)	2	694254	95.9079
datacentrum N(soort,ev,basis,onz,stan)	2	694256	95.9081
dat VNW(aanw,pron,stan,nadr,3o,ev)	2	694258	95.9084
dartagnan N(soort,ev,basis,zijd,stan)	2	694260	95.9087
dark SPEC(vreemd)	2	694262	95.909
dar N(soort,ev,basis,zijd,stan)	2	694264	95.9092
dansvoorstelling N(soort,ev,basis,zijd,stan)	2	694266	95.9095
danku WW(pv,tgw,ev)	2	694268	95.9098
dankjewel TSW()	2	694270	95.9101
dankjewel N(soort,ev,basis,onz,stan)	2	694272	95.9103
dankbaarheid N(soort,ev,basis,zijd,stan)	2	694274	95.9106
dampoort N(soort,ev,basis,zijd,stan)	2	694276	95.9109
dammit N(soort,ev,basis,zijd,stan)	2	694278	95.9112
dammen WW(inf,vrij,zonder)	2	694280	95.9115
dambert WW(pv,tgw,met-t)	2	694282	95.9117
dalijk ADJ(prenom,basis,zonder)	2	694284	95.912
dagmar N(soort,ev,basis,zijd,stan)	2	694286	95.9123
dagelijks ADJ(vrij,basis,zonder)	2	694288	95.9126
dadar N(soort,ev,basis,zijd,stan)	2	694290	95.9128
dachtek N(soort,ev,basis,zijd,stan)	2	694292	95.9131
daartussenin BW()	2	694294	95.9134
daaaag N(soort,ev,basis,zijd,stan)	2	694296	95.9137
d-reis N(soort,mv,basis)	2	694298	95.9139
cynisch ADJ(vrij,basis,zonder)	2	694300	95.9142
cycling N(soort,ev,basis,zijd,stan)	2	694302	95.9145
cvaa N(soort,ev,basis,zijd,stan)	2	694304	95.9148
cute WW(pv,verl,ev)	2	694306	95.915
currently SPEC(vreemd)	2	694308	95.9153
cup SPEC(vreemd)	2	694310	95.9156
cumel N(soort,ev,basis,zijd,stan)	2	694312	95.9159
cul ADJ(vrij,basis,zonder)	2	694314	95.9162
cuba N(soort,ev,basis,zijd,stan)	2	694316	95.9164
cs SPEC(vreemd)	2	694318	95.9167
cruisen WW(pv,verl,mv)	2	694320	95.917
crown SPEC(deeleigen)	2	694322	95.9173
crowded SPEC(vreemd)	2	694324	95.9175
cross SPEC(vreemd)	2	694326	95.9178
crefivakantie N(soort,ev,basis,zijd,stan)	2	694328	95.9181
credits SPEC(vreemd)	2	694330	95.9184
creativiteit N(soort,ev,basis,zijd,stan)	2	694332	95.9186
creatief ADJ(vrij,basis,zonder)	2	694334	95.9189
crashen WW(pv,tgw,met-t)	2	694336	95.9192
crashed SPEC(vreemd)	2	694338	95.9195
crappy N(soort,ev,basis,zijd,stan)	2	694340	95.9197
crap SPEC(vreemd)	2	694342	95.92
cranevelen WW(pv,tgw,met-t)	2	694344	95.9203
cradle SPEC(vreemd)	2	694346	95.9206
crack N(soort,ev,basis,zijd,stan)	2	694348	95.9208
coÃ¶rdinatiedienst N(soort,ev,basis,zijd,stan)	2	694350	95.9211
cowboy N(soort,ev,basis,zijd,stan)	2	694352	95.9214
coverage SPEC(vreemd)	2	694354	95.9217
cover N(soort,ev,basis,zijd,stan)	2	694356	95.922
couscous N(soort,ev,basis,zijd,stan)	2	694358	95.9222
courgette N(soort,ev,basis,zijd,stan)	2	694360	95.9225
coureur N(soort,ev,basis,zijd,stan)	2	694362	95.9228
courage N(soort,ev,basis,zijd,stan)	2	694364	95.9231
courage ADJ(prenom,basis,met-e,stan)	2	694366	95.9233
coupure N(soort,ev,basis,zijd,stan)	2	694368	95.9236
costa's SPEC(vreemd)	2	694370	95.9239
cost SPEC(vreemd)	2	694372	95.9242
correct ADJ(vrij,basis,zonder)	2	694374	95.9244
corner SPEC(vreemd)	2	694376	95.9247
corner N(soort,mv,basis)	2	694378	95.925
cools ADJ(prenom,sup,met-e,stan)	2	694380	95.9253
conversatie N(soort,ev,basis,zijd,stan)	2	694382	95.9255
contractbespreking N(soort,ev,basis,zijd,stan)	2	694384	95.9258
continu ADJ(vrij,basis,zonder)	2	694386	95.9261
contacteren WW(inf,vrij,zonder)	2	694388	95.9264
constant ADJ(prenom,basis,met-e,stan)	2	694390	95.9267
conservatorium N(soort,ev,basis,onz,stan)	2	694392	95.9269
connectie N(soort,mv,basis)	2	694394	95.9272
conge N(soort,ev,basis,zijd,stan)	2	694396	95.9275
conge ADJ(prenom,basis,met-e,stan)	2	694398	95.9278
confused SPEC(vreemd)	2	694400	95.928
confrontatie N(soort,ev,basis,zijd,stan)	2	694402	95.9283
confituur N(soort,ev,basis,zijd,stan)	2	694404	95.9286
confetti N(soort,ev,basis,zijd,stan)	2	694406	95.9289
concreet ADJ(vrij,basis,zonder)	2	694408	95.9291
conclusie N(soort,mv,basis)	2	694410	95.9294
concentreren WW(vd,vrij,zonder)	2	694412	95.9297
con SPEC(vreemd)	2	694414	95.93
computeren WW(inf,vrij,zonder)	2	694416	95.9302
complex ADJ(vrij,basis,zonder)	2	694418	95.9305
compleet ADJ(prenom,basis,met-e,stan)	2	694420	95.9308
compassie N(soort,ev,basis,zijd,stan)	2	694422	95.9311
compagnon N(soort,ev,basis,zijd,stan)	2	694424	95.9313
communiefeest N(soort,ev,basis,onz,stan)	2	694426	95.9316
comments N(soort,ev,basis,zijd,stan)	2	694428	95.9319
commentaar N(soort,mv,basis)	2	694430	95.9322
commentaar N(soort,ev,basis,genus,stan)	2	694432	95.9325
commando N(soort,ev,basis,onz,stan)	2	694434	95.9327
coming N(soort,ev,basis,zijd,stan)	2	694436	95.933
comfortabel ADJ(vrij,basis,zonder)	2	694438	95.9333
comes SPEC(vreemd)	2	694440	95.9336
comedy N(soort,ev,basis,zijd,stan)	2	694442	95.9338
combined N(soort,ev,basis,onz,stan)	2	694444	95.9341
com SPEC(vreemd)	2	694446	95.9344
collegebank N(soort,mv,basis)	2	694448	95.9347
colet N(soort,ev,basis,zijd,stan)	2	694450	95.9349
codex N(soort,ev,basis,zijd,stan)	2	694452	95.9352
code SPEC(vreemd)	2	694454	95.9355
cocktailparty N(soort,ev,basis,zijd,stan)	2	694456	95.9358
cocktail SPEC(vreemd)	2	694458	95.936
coach N(soort,ev,basis,zijd,stan)	2	694460	95.9363
cms ADJ(nom,basis,zonder,zonder-n)	2	694462	95.9366
clublied N(soort,ev,basis,onz,stan)	2	694464	95.9369
clubavond N(soort,ev,basis,onz,stan)	2	694466	95.9371
club SPEC(vreemd)	2	694468	95.9374
club N(soort,ev,dim,onz,stan)	2	694470	95.9377
closing SPEC(vreemd)	2	694472	95.938
cleo N(soort,ev,basis,zijd,stan)	2	694474	95.9383
claire SPEC(deeleigen)	2	694476	95.9385
claire N(soort,ev,basis,zijd,stan)	2	694478	95.9388
cking N(soort,ev,basis,zijd,stan)	2	694480	95.9391
cker N(soort,ev,basis,zijd,stan)	2	694482	95.9394
civven WW(inf,vrij,zonder)	2	694484	95.9396
citroen N(soort,ev,basis,zijd,stan)	2	694486	95.9399
citaat N(soort,ev,basis,onz,stan)	2	694488	95.9402
cio SPEC(vreemd)	2	694490	95.9405
cig SPEC(vreemd)	2	694492	95.9407
chunkiet N(soort,ev,dim,onz,stan)	2	694494	95.941
chouffe N(soort,ev,basis,zijd,stan)	2	694496	95.9413
chopper N(soort,ev,basis,zijd,stan)	2	694498	95.9416
chocolates SPEC(vreemd)	2	694500	95.9418
chiro N(soort,ev,basis,zijd,stan)	2	694502	95.9421
chipknip N(soort,ev,basis,zijd,stan)	2	694504	95.9424
chinees N(soort,ev,basis,zijd,stan)	2	694506	95.9427
chillings BW()	2	694508	95.943
chillen N(soort,ev,basis,onz,stan)	2	694510	95.9432
chicky SPEC(vreemd)	2	694512	95.9435
chickie N(soort,mv,basis)	2	694514	95.9438
chick N(soort,mv,basis)	2	694516	95.9441
chess N(soort,ev,basis,onz,stan)	2	694518	95.9443
chemo N(soort,ev,basis,zijd,stan)	2	694520	95.9446
chemisch ADJ(prenom,basis,met-e,stan)	2	694522	95.9449
chembur SPEC(vreemd)	2	694524	95.9452
cheers SPEC(vreemd)	2	694526	95.9454
checken WW(pv,verl,ev)	2	694528	95.9457
chauffage N(soort,ev,basis,zijd,stan)	2	694530	95.946
charme N(soort,ev,basis,zijd,stan)	2	694532	95.9463
charlie N(soort,ev,basis,zijd,stan)	2	694534	95.9465
charleroi N(soort,mv,basis)	2	694536	95.9468
charge SPEC(vreemd)	2	694538	95.9471
chantal SPEC(vreemd)	2	694540	95.9474
chantage N(soort,ev,basis,zijd,stan)	2	694542	95.9476
changeling N(soort,ev,basis,zijd,stan)	2	694544	95.9479
chance SPEC(vreemd)	2	694546	95.9482
chai SPEC(vreemd)	2	694548	95.9485
chai N(soort,ev,basis,zijd,stan)	2	694550	95.9488
chagarijnig ADJ(vrij,basis,zonder)	2	694552	95.949
ch ADJ(vrij,basis,zonder)	2	694554	95.9493
cerveza SPEC(vreemd)	2	694556	95.9496
ceremony SPEC(vreemd)	2	694558	95.9499
center N(soort,ev,basis,zijd,stan)	2	694560	95.9501
cell N(soort,ev,basis,onz,stan)	2	694562	95.9504
celebrity SPEC(vreemd)	2	694564	95.9507
cds N(soort,mv,basis)	2	694566	95.951
cc. SPEC(afk)	2	694568	95.9512
cavakes N(soort,mv,dim)	2	694570	95.9515
cauwie N(soort,ev,basis,zijd,stan)	2	694572	95.9518
catherine N(soort,ev,basis,zijd,stan)	2	694574	95.9521
cath SPEC(deeleigen)	2	694576	95.9523
categorie N(soort,ev,basis,zijd,stan)	2	694578	95.9526
catan N(soort,mv,basis)	2	694580	95.9529
casus N(soort,ev,basis,zijd,stan)	2	694582	95.9532
castets N(soort,mv,basis)	2	694584	95.9535
cash ADJ(vrij,basis,zonder)	2	694586	95.9537
cartoon N(soort,ev,basis,zijd,stan)	2	694588	95.954
carter N(soort,ev,basis,genus,stan)	2	694590	95.9543
carnavaller N(soort,mv,basis)	2	694592	95.9546
carla N(soort,ev,basis,zijd,stan)	2	694594	95.9548
cares SPEC(vreemd)	2	694596	95.9551
card SPEC(vreemd)	2	694598	95.9554
canvas N(soort,ev,basis,onz,stan)	2	694600	95.9557
cantusbestuur N(soort,ev,basis,onz,stan)	2	694602	95.9559
cant WW(pv,tgw,met-t)	2	694604	95.9562
cant ADJ(vrij,basis,zonder)	2	694606	95.9565
cancelled WW(vd,vrij,zonder)	2	694608	95.9568
camion N(soort,ev,basis,zijd,stan)	2	694610	95.957
cafÃ© N(soort,ev,dim,onz,stan)	2	694612	95.9573
cafe SPEC(vreemd)	2	694614	95.9576
cactus N(soort,ev,basis,zijd,stan)	2	694616	95.9579
bweik N(soort,ev,basis,zijd,stan)	2	694618	95.9581
bwaah ADJ(vrij,basis,zonder)	2	694620	95.9584
bwaa N(soort,ev,basis,zijd,stan)	2	694622	95.9587
buynster N(soort,mv,basis)	2	694624	95.959
buurtfeest N(soort,ev,basis,onz,stan)	2	694626	95.9593
buurten WW(inf,vrij,zonder)	2	694628	95.9595
buurman SPEC(vreemd)	2	694630	95.9598
buurjongen N(soort,ev,basis,zijd,stan)	2	694632	95.9601
buuf N(soort,ev,basis,zijd,stan)	2	694634	95.9604
busy SPEC(deeleigen)	2	694636	95.9606
bustijd N(soort,mv,basis)	2	694638	95.9609
buss SPEC(vreemd)	2	694640	95.9612
business N(soort,ev,basis,zijd,stan)	2	694642	95.9615
burger N(soort,mv,basis)	2	694644	95.9617
burgemeester N(soort,ev,basis,zijd,stan)	2	694646	95.962
bureaulade N(soort,ev,basis,zijd,stan)	2	694648	95.9623
bureau N(soort,mv,basis)	2	694650	95.9626
bundel N(soort,mv,basis)	2	694652	95.9628
buitenzetten WW(vd,vrij,zonder)	2	694654	95.9631
buitenlucht N(soort,ev,basis,zijd,stan)	2	694656	95.9634
buitenlander N(soort,mv,basis)	2	694658	95.9637
buitenkomen WW(inf,vrij,zonder)	2	694660	95.9639
buitenaards ADJ(prenom,basis,zonder)	2	694662	95.9642
buggy SPEC(vreemd)	2	694664	95.9645
bueno N(soort,ev,basis,zijd,stan)	2	694666	95.9648
brux N(soort,ev,basis,zijd,stan)	2	694668	95.9651
bruut ADJ(vrij,basis,zonder)	2	694670	95.9653
brunette N(soort,ev,basis,zijd,stan)	2	694672	95.9656
brunchen WW(inf,vrij,zonder)	2	694674	95.9659
bruise SPEC(vreemd)	2	694676	95.9662
bruin ADJ(nom,basis,zonder,zonder-n)	2	694678	95.9664
brugge SPEC(vreemd)	2	694680	95.9667
brommen WW(pv,tgw,ev)	2	694682	95.967
brok N(soort,mv,dim)	2	694684	95.9673
broer N(soort,mv,dim)	2	694686	95.9675
broeder SPEC(vreemd)	2	694688	95.9678
broccoli N(soort,ev,basis,zijd,stan)	2	694690	95.9681
bro SPEC(vreemd)	2	694692	95.9684
briljant ADJ(vrij,basis,zonder)	2	694694	95.9686
briljant ADJ(prenom,basis,met-e,stan)	2	694696	95.9689
bridge N(soort,ev,basis,onz,stan)	2	694698	95.9692
brick SPEC(vreemd)	2	694700	95.9695
brainstormen WW(inf,vrij,zonder)	2	694702	95.9698
brains SPEC(vreemd)	2	694704	95.97
brain SPEC(vreemd)	2	694706	95.9703
brah SPEC(vreemd)	2	694708	95.9706
brabant N(soort,ev,basis,zijd,stan)	2	694710	95.9709
braai N(soort,ev,basis,zijd,stan)	2	694712	95.9711
br ADJ(vrij,basis,zonder)	2	694714	95.9714
boys SPEC(vreemd)	2	694716	95.9717
box SPEC(vreemd)	2	694718	95.972
bowl SPEC(vreemd)	2	694720	95.9722
bovenop BW()	2	694722	95.9725
bovenin BW()	2	694724	95.9728
bovenbeen N(soort,ev,basis,onz,stan)	2	694726	95.9731
bouwkeet N(soort,ev,basis,zijd,stan)	2	694728	95.9733
bout N(soort,ev,dim,onz,stan)	2	694730	95.9736
bottle SPEC(vreemd)	2	694732	95.9739
botter N(soort,ev,basis,zijd,stan)	2	694734	95.9742
boterkoek N(soort,ev,basis,zijd,stan)	2	694736	95.9744
boterham N(soort,mv,dim)	2	694738	95.9747
boter N(soort,ev,basis,zijd,stan)	2	694740	95.975
bossche ADJ(prenom,basis,met-e,stan)	2	694742	95.9753
boscostraat WW(pv,tgw,met-t)	2	694744	95.9756
bos N(soort,mv,basis)	2	694746	95.9758
bos N(soort,ev,dim,onz,stan)	2	694748	95.9761
borst N(soort,mv,basis)	2	694750	95.9764
borst N(soort,ev,basis,zijd,stan)	2	694752	95.9767
borrel N(soort,mv,basis)	2	694754	95.9769
borrel N(soort,ev,basis,onz,stan)	2	694756	95.9772
borre N(soort,ev,basis,zijd,stan)	2	694758	95.9775
borluut N(soort,ev,basis,zijd,stan)	2	694760	95.9778
boris N(soort,ev,basis,zijd,stan)	2	694762	95.978
borg N(soort,ev,basis,zijd,stan)	2	694764	95.9783
bordboek N(soort,ev,basis,onz,stan)	2	694766	95.9786
booze SPEC(vreemd)	2	694768	95.9789
boot N(soort,ev,dim,onz,stan)	2	694770	95.9791
boostcap N(soort,mv,basis)	2	694772	95.9794
boon N(soort,mv,dim)	2	694774	95.9797
boombal N(soort,ev,basis,zijd,stan)	2	694776	95.98
boom N(soort,mv,basis)	2	694778	95.9803
boodschaps N(soort,mv,basis)	2	694780	95.9805
boodschappenlijst N(soort,ev,dim,onz,stan)	2	694782	95.9808
boodsch ADJ(vrij,basis,zonder)	2	694784	95.9811
bonus N(soort,ev,basis,zijd,stan)	2	694786	95.9814
bond N(soort,ev,dim,onz,stan)	2	694788	95.9816
bon SPEC(vreemd)	2	694790	95.9819
bon N(soort,mv,dim)	2	694792	95.9822
bomma N(soort,ev,basis,zijd,stan)	2	694794	95.9825
bom N(soort,ev,basis,zijd,stan)	2	694796	95.9827
bollie SPEC(vreemd)	2	694798	95.983
bol.com SPEC(symb)	2	694800	95.9833
boete N(soort,ev,basis,zijd,stan)	2	694802	95.9836
boerin N(soort,ev,basis,zijd,stan)	2	694804	95.9838
boerenkool N(soort,ev,basis,zijd,stan)	2	694806	95.9841
boemel N(soort,ev,basis,zijd,stan)	2	694808	95.9844
boekhouder N(soort,ev,basis,zijd,stan)	2	694810	95.9847
boekhouden WW(inf,vrij,zonder)	2	694812	95.9849
boekenbon N(soort,ev,basis,zijd,stan)	2	694814	95.9852
boekenbieb N(soort,ev,basis,zijd,stan)	2	694816	95.9855
boeiend ADJ(postnom,basis,met-s)	2	694818	95.9858
boeien WW(pv,tgw,met-t)	2	694820	95.9861
bodybalance SPEC(vreemd)	2	694822	95.9863
bocht N(soort,mv,basis)	2	694824	95.9866
bocht N(soort,ev,basis,zijd,stan)	2	694826	95.9869
boarding N(soort,ev,basis,zijd,stan)	2	694828	95.9872
boarden N(soort,mv,basis)	2	694830	95.9874
bnn N(soort,ev,basis,zijd,stan)	2	694832	95.9877
blyft WW(vd,vrij,zonder)	2	694834	95.988
blunder N(soort,ev,basis,zijd,stan)	2	694836	95.9883
bluesette N(soort,ev,basis,zijd,stan)	2	694838	95.9885
blues SPEC(vreemd)	2	694840	95.9888
blozen WW(pv,tgw,ev)	2	694842	95.9891
blouse N(soort,ev,basis,zijd,stan)	2	694844	95.9894
bloody SPEC(vreemd)	2	694846	95.9896
blondie SPEC(vreemd)	2	694848	95.9899
blond ADJ(prenom,basis,zonder)	2	694850	95.9902
blokkeren WW(pv,tgw,ev)	2	694852	95.9905
blokken WW(inf,nom,zonder,zonder-n)	2	694854	95.9907
blog N(soort,ev,basis,zijd,stan)	2	694856	95.991
block N(soort,ev,basis,onz,stan)	2	694858	95.9913
blind ADJ(vrij,basis,zonder)	2	694860	95.9916
blik N(soort,mv,dim)	2	694862	95.9919
blik N(soort,mv,basis)	2	694864	95.9921
blik N(soort,ev,basis,zijd,stan)	2	694866	95.9924
blijvn VZ(init)	2	694868	95.9927
blijven WW(pv,verl,mv)	2	694870	95.993
blijken WW(pv,verl,mv)	2	694872	95.9932
blijken WW(pv,tgw,mv)	2	694874	95.9935
blijf N(soort,ev,basis,zijd,stan)	2	694876	95.9938
blankenbergestraat N(soort,ev,basis,zijd,stan)	2	694878	95.9941
blanco ADJ(vrij,basis,zonder)	2	694880	95.9943
blame N(soort,ev,basis,zijd,stan)	2	694882	95.9946
blad N(soort,mv,dim)	2	694884	95.9949
blackboard SPEC(vreemd)	2	694886	95.9952
blaar N(soort,ev,basis,zijd,stan)	2	694888	95.9954
bk N(soort,ev,basis,zijd,stan)	2	694890	95.9957
bjorn N(soort,ev,basis,zijd,stan)	2	694892	95.996
bizar ADJ(prenom,basis,zonder)	2	694894	95.9963
bitchin N(soort,ev,basis,zijd,stan)	2	694896	95.9966
bitch SPEC(vreemd)	2	694898	95.9968
bitch ADJ(prenom,basis,met-e,stan)	2	694900	95.9971
bis ADJ(vrij,basis,zonder)	2	694902	95.9974
bioscoop N(soort,ev,basis,zijd,stan)	2	694904	95.9977
biologisch ADJ(vrij,basis,zonder)	2	694906	95.9979
biologisch ADJ(prenom,basis,zonder)	2	694908	95.9982
binnenpret WW(pv,tgw,ev)	2	694910	95.9985
binnenland N(soort,ev,basis,onz,stan)	2	694912	95.9988
binnenkomen WW(pv,tgw,met-t)	2	694914	95.999
binnenkomen WW(inf,vrij,zonder)	2	694916	95.9993
binnengaan WW(inf,vrij,zonder)	2	694918	95.9996
binne SPEC(vreemd)	2	694920	95.9999
binding N(soort,ev,basis,zijd,stan)	2	694922	96.0001
bin SPEC(deeleigen)	2	694924	96.0004
bijzonder ADJ(nom,basis,zonder,zonder-n)	2	694926	96.0007
bijten WW(vd,vrij,zonder)	2	694928	96.001
bijpraten WW(vd,vrij,zonder)	2	694930	96.0012
bijles N(soort,ev,basis,zijd,stan)	2	694932	96.0015
bijleren WW(vd,vrij,zonder)	2	694934	96.0018
bijleggen WW(inf,vrij,zonder)	2	694936	96.0021
bijkeuken N(soort,mv,basis)	2	694938	96.0024
bijkeuken N(soort,ev,basis,zijd,stan)	2	694940	96.0026
bijhouden WW(inf,vrij,zonder)	2	694942	96.0029
bijeenkomst N(soort,mv,basis)	2	694944	96.0032
biet N(soort,ev,basis,zijd,stan)	2	694946	96.0035
bierfeest N(soort,mv,basis)	2	694948	96.0037
bieden WW(pv,verl,mv)	2	694950	96.004
bieden WW(inf,vrij,zonder)	2	694952	96.0043
bibliotheek N(soort,ev,basis,zijd,stan)	2	694954	96.0046
bezweet ADJ(vrij,basis,zonder)	2	694956	96.0048
bezopen ADJ(vrij,basis,zonder)	2	694958	96.0051
bezoekuur ADJ(vrij,basis,zonder)	2	694960	96.0054
bezoekerskaart N(soort,ev,basis,zijd,stan)	2	694962	96.0057
bezoeker N(soort,mv,basis)	2	694964	96.0059
bezighouden WW(inf,vrij,zonder)	2	694966	96.0062
bezatten WW(pv,verl,mv)	2	694968	96.0065
bewijzen WW(inf,vrij,zonder)	2	694970	96.0068
beweren WW(pv,tgw,met-t)	2	694972	96.0071
bewegen WW(pv,tgw,met-t)	2	694974	96.0073
bewegen WW(inf,vrij,zonder)	2	694976	96.0076
bevallen WW(pv,verl,ev)	2	694978	96.0079
beurtdeei N(soort,ev,basis,zijd,stan)	2	694980	96.0082
beuk N(soort,mv,basis)	2	694982	96.0084
beteren WW(inf,vrij,zonder)	2	694984	96.0087
beter ADJ(postnom,basis,met-s)	2	694986	96.009
bet VZ(init)	2	694988	96.0093
bestival N(soort,ev,basis,onz,stan)	2	694990	96.0095
bestaan WW(pv,tgw,mv)	2	694992	96.0098
bestaan WW(pv,tgw,ev)	2	694994	96.0101
bespottelijk ADJ(prenom,basis,met-e,stan)	2	694996	96.0104
besparen WW(inf,vrij,zonder)	2	694998	96.0106
besluiten WW(inf,vrij,zonder)	2	695000	96.0109
besluit N(soort,ev,basis,onz,stan)	2	695002	96.0112
beslissing N(soort,mv,basis)	2	695004	96.0115
beseffen WW(pv,tgw,mv)	2	695006	96.0117
beseffen WW(pv,tgw,ev)	2	695008	96.012
besef N(soort,ev,basis,onz,stan)	2	695010	96.0123
beschikbaar ADJ(prenom,basis,met-e,stan)	2	695012	96.0126
beschadigen WW(inf,vrij,zonder)	2	695014	96.0129
beschaafd ADJ(vrij,basis,zonder)	2	695016	96.0131
bes N(soort,mv,basis)	2	695018	96.0134
bes N(soort,ev,dim,onz,stan)	2	695020	96.0137
bes N(soort,ev,basis,zijd,stan)	2	695022	96.014
bert WW(pv,tgw,met-t)	2	695024	96.0142
beroerte N(soort,ev,basis,zijd,stan)	2	695026	96.0145
beroemd ADJ(prenom,basis,met-e,stan)	2	695028	96.0148
berghut N(soort,ev,basis,zijd,stan)	2	695030	96.0151
berekening N(soort,mv,basis)	2	695032	96.0153
bereiken WW(vd,vrij,zonder)	2	695034	96.0156
berchem N(soort,ev,basis,onz,stan)	2	695036	96.0159
ber N(soort,ev,dim,onz,stan)	2	695038	96.0162
beperken ADJ(vrij,basis,zonder)	2	695040	96.0164
bepalen WW(inf,vrij,zonder)	2	695042	96.0167
beoordelen WW(inf,vrij,zonder)	2	695044	96.017
benzinekosten N(soort,mv,basis)	2	695046	96.0173
bennen WW(pv,tgw,mv)	2	695048	96.0175
benken WW(pv,tgw,ev)	2	695050	96.0178
benk ADJ(vrij,basis,zonder)	2	695052	96.0181
benjamin N(soort,ev,basis,zijd,stan)	2	695054	96.0184
benieuwd ADJ(prenom,basis,zonder)	2	695056	96.0187
benevelen WW(vd,vrij,zonder)	2	695058	96.0189
benevelen WW(inf,vrij,zonder)	2	695060	96.0192
beneden VZ(init)	2	695062	96.0195
benaderen WW(vd,vrij,zonder)	2	695064	96.0198
benaderen WW(pv,tgw,met-t)	2	695066	96.02
ben. N(soort,ev,dim,onz,stan)	2	695068	96.0203
ben N(soort,ev,basis,zijd,stan)	2	695070	96.0206
beminnen WW(inf,vrij,zonder)	2	695072	96.0209
belwaarde N(soort,ev,basis,zijd,stan)	2	695074	96.0211
bels BW()	2	695076	96.0214
belln N(soort,mv,basis)	2	695078	96.0217
bellenbord N(soort,ev,basis,onz,stan)	2	695080	96.022
belleghemstraat WW(pv,tgw,met-t)	2	695082	96.0222
belle SPEC(vreemd)	2	695084	96.0225
bell SPEC(vreemd)	2	695086	96.0228
belkrediet N(soort,ev,basis,zijd,stan)	2	695088	96.0231
belkrediet ADJ(vrij,comp,zonder)	2	695090	96.0234
belg N(soort,ev,basis,zijd,stan)	2	695092	96.0236
beleven WW(vd,vrij,zonder)	2	695094	96.0239
beledigen WW(inf,vrij,zonder)	2	695096	96.0242
belastingdienst N(soort,ev,basis,zijd,stan)	2	695098	96.0245
belangstellen WW(od,nom,met-e,mv-n)	2	695100	96.0247
belangrijk ADJ(prenom,basis,zonder)	2	695102	96.025
belangrijk ADJ(postnom,basis,met-s)	2	695104	96.0253
belang N(soort,ev,basis,onz,stan)	2	695106	96.0256
belabberd ADJ(vrij,basis,zonder)	2	695108	96.0258
bekyken N(soort,mv,basis)	2	695110	96.0261
bekerwedstrijd N(soort,ev,basis,zijd,stan)	2	695112	96.0264
beker N(soort,ev,basis,zijd,stan)	2	695114	96.0267
bekende N(soort,mv,basis)	2	695116	96.0269
bekend ADJ(prenom,sup,met-e,stan)	2	695118	96.0272
bekend ADJ(prenom,basis,met-e,stan)	2	695120	96.0275
bekaf ADJ(vrij,basis,zonder)	2	695122	96.0278
beikes BW()	2	695124	96.028
behoeden WW(inf,vrij,zonder)	2	695126	96.0283
behangen WW(inf,vrij,zonder)	2	695128	96.0286
begraven WW(vd,vrij,zonder)	2	695130	96.0289
begonne N(soort,ev,basis,zijd,stan)	2	695132	96.0292
begin N(soort,ev,basis,dat)	2	695134	96.0294
begeleiden WW(inf,vrij,zonder)	2	695136	96.0297
begb WW(pv,tgw,met-t)	2	695138	96.03
beestfeest WW(vd,vrij,zonder)	2	695140	96.0303
beer SPEC(vreemd)	2	695142	96.0305
beer N(soort,mv,basis)	2	695144	96.0308
beenhouwer N(soort,ev,basis,zijd,stan)	2	695146	96.0311
beek N(soort,ev,basis,zijd,stan)	2	695148	96.0314
beebie N(soort,ev,basis,zijd,stan)	2	695150	96.0316
bedrijfsleven N(soort,ev,basis,onz,stan)	2	695152	96.0319
bedrijfsbezoek N(soort,ev,basis,onz,stan)	2	695154	96.0322
bedragen WW(pv,verl,ev)	2	695156	96.0325
bedienen WW(inf,vrij,zonder)	2	695158	96.0327
bedenking N(soort,mv,basis)	2	695160	96.033
bedenken WW(inf,nom,zonder,zonder-n)	2	695162	96.0333
bedelen WW(pv,tgw,ev)	2	695164	96.0336
because N(soort,ev,basis,zijd,stan)	2	695166	96.0339
beat SPEC(vreemd)	2	695168	96.0341
beantwoorden WW(vd,vrij,zonder)	2	695170	96.0344
beantwoorden WW(pv,tgw,ev)	2	695172	96.0347
beamer SPEC(vreemd)	2	695174	96.035
beamen WW(inf,vrij,zonder)	2	695176	96.0352
beachvolleybal N(soort,ev,basis,onz,stan)	2	695178	96.0355
bdp WW(pv,tgw,met-t)	2	695180	96.0358
bdaydrink N(soort,ev,basis,zijd,stan)	2	695182	96.0361
bbq-en N(soort,mv,basis)	2	695184	96.0363
bbq'n WW(inf,vrij,zonder)	2	695186	96.0366
bbq SPEC(vreemd)	2	695188	96.0369
bb WW(inf,vrij,zonder)	2	695190	96.0372
bazin N(soort,ev,basis,zijd,stan)	2	695192	96.0374
batterij N(soort,mv,basis)	2	695194	96.0377
batt N(soort,ev,basis,onz,stan)	2	695196	96.038
bastards SPEC(vreemd)	2	695198	96.0383
bass SPEC(vreemd)	2	695200	96.0385
basisschool N(soort,ev,basis,zijd,stan)	2	695202	96.0388
basement SPEC(vreemd)	2	695204	96.0391
bart SPEC(vreemd)	2	695206	96.0394
barsten WW(pv,tgw,ev)	2	695208	96.0397
barsten WW(inf,vrij,zonder)	2	695210	96.0399
baron N(soort,ev,basis,zijd,stan)	2	695212	96.0402
barca N(soort,ev,basis,zijd,stan)	2	695214	96.0405
barbecuen WW(vd,vrij,zonder)	2	695216	96.0408
barbara N(soort,ev,basis,zijd,stan)	2	695218	96.041
bar N(soort,ev,dim,onz,stan)	2	695220	96.0413
bankrekening N(soort,ev,basis,zijd,stan)	2	695222	96.0416
bankhangen WW(inf,vrij,zonder)	2	695224	96.0419
banier N(soort,ev,basis,zijd,stan)	2	695226	96.0421
bananenschil N(soort,ev,basis,zijd,stan)	2	695228	96.0424
bami N(soort,ev,basis,onz,stan)	2	695230	96.0427
balpol N(soort,ev,basis,zijd,stan)	2	695232	96.043
ballos N(soort,mv,basis)	2	695234	96.0432
ballon N(soort,mv,basis)	2	695236	96.0435
balk N(soort,ev,basis,zijd,stan)	2	695238	96.0438
balans N(soort,ev,basis,zijd,stan)	2	695240	96.0441
bakken WW(vd,prenom,zonder)	2	695242	96.0444
bakken WW(pv,tgw,met-t)	2	695244	96.0446
badmintonnen N(soort,mv,basis)	2	695246	96.0449
badjas N(soort,ev,basis,zijd,stan)	2	695248	96.0452
bad N(soort,ev,dim,onz,stan)	2	695250	96.0455
bach N(soort,ev,basis,zijd,stan)	2	695252	96.0457
babysitter N(soort,ev,basis,zijd,stan)	2	695254	96.046
babyfoon N(soort,ev,basis,zijd,stan)	2	695256	96.0463
babyborrel N(soort,ev,basis,zijd,stan)	2	695258	96.0466
babybezoek N(soort,ev,basis,onz,stan)	2	695260	96.0468
babbelen WW(vd,vrij,zonder)	2	695262	96.0471
babbe N(soort,ev,basis,zijd,stan)	2	695264	96.0474
b BW()	2	695266	96.0477
azzuri SPEC(vreemd)	2	695268	96.0479
azo BW()	2	695270	96.0482
ayesta N(soort,ev,basis,zijd,stan)	2	695272	96.0485
aye SPEC(vreemd)	2	695274	96.0488
awel N(soort,ev,basis,zijd,stan)	2	695276	96.049
award SPEC(vreemd)	2	695278	96.0493
awake SPEC(vreemd)	2	695280	96.0496
avondzon N(soort,ev,dim,onz,stan)	2	695282	96.0499
avondspits N(soort,ev,basis,zijd,stan)	2	695284	96.0502
avond N(soort,mv,dim)	2	695286	96.0504
avoided SPEC(vreemd)	2	695288	96.0507
avenue N(soort,ev,basis,zijd,stan)	2	695290	96.051
available SPEC(vreemd)	2	695292	96.0513
ava N(soort,ev,basis,zijd,stan)	2	695294	96.0515
autosleutel N(soort,mv,basis)	2	695296	96.0518
autos N(soort,ev,basis,zijd,stan)	2	695298	96.0521
autocross N(soort,ev,basis,zijd,stan)	2	695300	96.0524
autocorrect N(soort,ev,basis,onz,stan)	2	695302	96.0526
autistisch ADJ(vrij,basis,zonder)	2	695304	96.0529
augurk N(soort,mv,basis)	2	695306	96.0532
attention SPEC(vreemd)	2	695308	96.0535
atleet N(soort,ev,basis,zijd,stan)	2	695310	96.0537
athena N(soort,ev,basis,zijd,stan)	2	695312	96.054
assume N(soort,ev,basis,zijd,stan)	2	695314	96.0543
asses SPEC(vreemd)	2	695316	96.0546
asperge N(soort,mv,basis)	2	695318	96.0548
aso ADJ(vrij,basis,zonder)	2	695320	96.0551
asleep WW(pv,verl,ev)	2	695322	96.0554
asking SPEC(vreemd)	2	695324	96.0557
asked SPEC(vreemd)	2	695326	96.056
ask N(soort,ev,basis,zijd,stan)	2	695328	96.0562
asiel N(soort,ev,basis,onz,stan)	2	695330	96.0565
asbest N(soort,ev,basis,onz,stan)	2	695332	96.0568
as N(soort,mv,basis)	2	695334	96.0571
arwenske N(soort,ev,dim,onz,stan)	2	695336	96.0573
arrogant ADJ(prenom,basis,met-e,stan)	2	695338	96.0576
arrived WW(vd,vrij,zonder)	2	695340	96.0579
arno SPEC(deeleigen)	2	695342	96.0582
arno N(soort,mv,basis)	2	695344	96.0584
army SPEC(vreemd)	2	695346	96.0587
argentijns ADJ(prenom,basis,zonder)	2	695348	96.059
arentien N(soort,mv,basis)	2	695350	96.0593
arelaxed N(soort,ev,basis,onz,stan)	2	695352	96.0595
arcachon N(soort,ev,basis,zijd,stan)	2	695354	96.0598
ar N(soort,ev,basis,zijd,stan)	2	695356	96.0601
aquisitie N(soort,ev,basis,zijd,stan)	2	695358	96.0604
aquila N(soort,ev,basis,zijd,stan)	2	695360	96.0607
apple N(soort,ev,basis,zijd,stan)	2	695362	96.0609
appelsap N(soort,ev,basis,onz,stan)	2	695364	96.0612
appel N(soort,ev,basis,zijd,stan)	2	695366	96.0615
appartement N(soort,mv,basis)	2	695368	96.0618
apparently N(soort,ev,basis,zijd,stan)	2	695370	96.062
app WW(vd,vrij,zonder)	2	695372	96.0623
app SPEC(vreemd)	2	695374	96.0626
app N(soort,ev,basis,onz,stan)	2	695376	96.0629
apotheker N(soort,ev,basis,zijd,stan)	2	695378	96.0631
apostel N(soort,ev,basis,zijd,stan)	2	695380	96.0634
apoorv SPEC(vreemd)	2	695382	96.0637
apologies SPEC(vreemd)	2	695384	96.064
apero SPEC(vreemd)	2	695386	96.0642
aperitief N(soort,ev,basis,genus,stan)	2	695388	96.0645
apeldoorn N(soort,mv,basis)	2	695390	96.0648
apartment WW(pv,tgw,met-t)	2	695392	96.0651
apart SPEC(vreemd)	2	695394	96.0653
anyhow N(soort,ev,basis,zijd,stan)	2	695396	96.0656
antwoorden WW(pv,tgw,ev)	2	695398	96.0659
anti ADJ(vrij,basis,zonder)	2	695400	96.0662
ans SPEC(vreemd)	2	695402	96.0665
anorexia N(soort,ev,basis,zijd,stan)	2	695404	96.0667
annoying N(soort,ev,basis,zijd,stan)	2	695406	96.067
annoyed SPEC(vreemd)	2	695408	96.0673
annerieke N(soort,ev,dim,onz,stan)	2	695410	96.0676
annemarie SPEC(vreemd)	2	695412	96.0678
annelies N(soort,mv,basis)	2	695414	96.0681
annchen WW(inf,vrij,zonder)	2	695416	96.0684
anna SPEC(vreemd)	2	695418	96.0687
ankeske N(soort,ev,dim,onz,stan)	2	695420	96.0689
anke N(soort,ev,dim,onz,stan)	2	695422	96.0692
animo N(soort,ev,basis,zijd,stan)	2	695424	96.0695
angst N(soort,ev,basis,zijd,stan)	2	695426	96.0698
aneke ADJ(prenom,basis,met-e,stan)	2	695428	96.07
andy N(soort,ev,basis,zijd,stan)	2	695430	96.0703
anders ADJ(vrij,basis,zonder)	2	695432	96.0706
anderlecht WW(vd,vrij,zonder)	2	695434	96.0709
anderlecht N(soort,ev,basis,zijd,stan)	2	695436	96.0712
andalusie N(soort,ev,basis,zijd,stan)	2	695438	96.0714
anabool N(soort,mv,basis)	2	695440	96.0717
amused SPEC(vreemd)	2	695442	96.072
amsterdam N(soort,ev,basis,zijd,stan)	2	695444	96.0723
amistadt WW(pv,tgw,met-t)	2	695446	96.0725
ambedkar SPEC(vreemd)	2	695448	96.0728
amaretto N(soort,ev,basis,zijd,stan)	2	695450	96.0731
amaiamai N(soort,ev,basis,zijd,stan)	2	695452	96.0734
amai SPEC(deeleigen)	2	695454	96.0736
alzek N(soort,ev,basis,onz,stan)	2	695456	96.0739
alsk WW(vd,vrij,zonder)	2	695458	96.0742
alsk N(soort,ev,basis,zijd,stan)	2	695460	96.0745
alphen N(soort,mv,basis)	2	695462	96.0747
alpha N(soort,ev,basis,onz,stan)	2	695464	96.075
almost WW(pv,tgw,met-t)	2	695466	96.0753
almost N(soort,ev,basis,zijd,stan)	2	695468	96.0756
allready SPEC(deeleigen)	2	695470	96.0758
allowed SPEC(vreemd)	2	695472	96.0761
allesinds ADJ(vrij,basis,zonder)	2	695474	96.0764
allermooist ADJ(prenom,sup,met-e,stan)	2	695476	96.0767
allermooist ADJ(nom,sup,met-e,zonder-n,stan)	2	695478	96.077
allerleukst ADJ(prenom,sup,met-e,stan)	2	695480	96.0772
allerleukst ADJ(nom,sup,met-e,zonder-n,stan)	2	695482	96.0775
allerlaatst ADJ(prenom,sup,met-e,stan)	2	695484	96.0778
allergie N(soort,ev,basis,zijd,stan)	2	695486	96.0781
allerbest ADJ(nom,sup,met-e,zonder-n,stan)	2	695488	96.0783
algemeen ADJ(vrij,basis,zonder)	2	695490	96.0786
algeheel ADJ(prenom,basis,met-e,stan)	2	695492	96.0789
algebra N(soort,ev,basis,zijd,stan)	2	695494	96.0792
alex N(soort,ev,basis,onz,stan)	2	695496	96.0794
alert ADJ(vrij,basis,zonder)	2	695498	96.0797
ale N(soort,ev,basis,zijd,stan)	2	695500	96.08
alcoholvrij ADJ(prenom,basis,zonder)	2	695502	96.0803
alcoholstift N(soort,mv,basis)	2	695504	96.0805
albert N(soort,ev,basis,zijd,stan)	2	695506	96.0808
alas N(soort,ev,basis,zijd,stan)	2	695508	96.0811
ak N(soort,ev,basis,zijd,stan)	2	695510	96.0814
aja N(soort,ev,basis,zijd,stan)	2	695512	96.0816
air N(soort,ev,basis,onz,stan)	2	695514	96.0819
aie BW()	2	695516	96.0822
ahzo N(soort,ev,basis,zijd,stan)	2	695518	96.0825
ahnung N(soort,ev,basis,zijd,stan)	2	695520	96.0828
ahnjaa N(soort,ev,basis,zijd,stan)	2	695522	96.083
ahaa N(soort,ev,basis,zijd,stan)	2	695524	96.0833
aha N(soort,ev,basis,zijd,stan)	2	695526	96.0836
ah TSW()	2	695528	96.0839
ago SPEC(vreemd)	2	695530	96.0841
agency SPEC(vreemd)	2	695532	96.0844
afwisseling N(soort,ev,basis,zijd,stan)	2	695534	96.0847
afwijzing N(soort,ev,basis,zijd,stan)	2	695536	96.085
afweten WW(inf,vrij,zonder)	2	695538	96.0852
afwandelen WW(vd,vrij,zonder)	2	695540	96.0855
afwachting N(soort,ev,basis,zijd,stan)	2	695542	96.0858
afvragen WW(pv,verl,ev)	2	695544	96.0861
afvalbak N(soort,ev,basis,zijd,stan)	2	695546	96.0863
afterwards N(soort,mv,basis)	2	695548	96.0866
afterparty SPEC(vreemd)	2	695550	96.0869
afstudeerfeest N(soort,ev,dim,onz,stan)	2	695552	96.0872
afstudeerfeest N(soort,ev,basis,onz,stan)	2	695554	96.0875
afstemmen WW(inf,vrij,zonder)	2	695556	96.0877
afsteken WW(vd,vrij,zonder)	2	695558	96.088
afstand N(soort,ev,dim,onz,stan)	2	695560	96.0883
afspreken WW(vd,prenom,zonder)	2	695562	96.0886
afspraak SPEC(vreemd)	2	695564	96.0888
afscheuring N(soort,ev,basis,zijd,stan)	2	695566	96.0891
afrit N(soort,ev,basis,zijd,stan)	2	695568	96.0894
afreageren WW(inf,vrij,zonder)	2	695570	96.0897
aflossing N(soort,ev,basis,zijd,stan)	2	695572	96.0899
afkomstig ADJ(vrij,basis,zonder)	2	695574	96.0902
afkomen WW(pv,tgw,mv)	2	695576	96.0905
afkom N(soort,ev,basis,zijd,stan)	2	695578	96.0908
afknappen WW(vd,vrij,zonder)	2	695580	96.091
afknappen WW(inf,vrij,zonder)	2	695582	96.0913
afhandelen WW(inf,vrij,zonder)	2	695584	96.0916
afhaker N(soort,mv,basis)	2	695586	96.0919
afhaken WW(pv,tgw,ev)	2	695588	96.0921
afhakelarij N(soort,ev,basis,zijd,stan)	2	695590	96.0924
afhaak N(soort,ev,basis,zijd,stan)	2	695592	96.0927
afh ADJ(vrij,basis,zonder)	2	695594	96.093
afgelopen ADJ(prenom,basis,zonder)	2	695596	96.0933
afgang N(soort,ev,basis,zijd,stan)	2	695598	96.0935
affiche N(soort,ev,basis,genus,stan)	2	695600	96.0938
afbreken WW(vd,vrij,zonder)	2	695602	96.0941
afbreken WW(inf,vrij,zonder)	2	695604	96.0944
afblijven WW(inf,vrij,zonder)	2	695606	96.0946
afbellen WW(vd,vrij,zonder)	2	695608	96.0949
afbellen WW(inf,vrij,zonder)	2	695610	96.0952
afbeelding N(soort,ev,basis,zijd,stan)	2	695612	96.0955
afbakbrood N(soort,mv,dim)	2	695614	96.0957
adviseren WW(inf,vrij,zonder)	2	695616	96.096
advance SPEC(vreemd)	2	695618	96.0963
adonis N(soort,ev,basis,zijd,stan)	2	695620	96.0966
admit SPEC(vreemd)	2	695622	96.0968
ademhalen WW(inf,vrij,zonder)	2	695624	96.0971
acv N(soort,ev,basis,zijd,stan)	2	695626	96.0974
activeren WW(vd,vrij,zonder)	2	695628	96.0977
achzo N(soort,ev,basis,zijd,stan)	2	695630	96.098
achtig ADJ(prenom,basis,met-e,stan)	2	695632	96.0982
achterstallig ADJ(prenom,basis,met-e,stan)	2	695634	96.0985
achterover BW()	2	695636	96.0988
achterlijk ADJ(vrij,basis,zonder)	2	695638	96.0991
achterlijk ADJ(prenom,basis,met-e,stan)	2	695640	96.0993
achterhalen WW(inf,vrij,zonder)	2	695642	96.0996
achten WW(pv,tgw,mv)	2	695644	96.0999
achel N(soort,ev,basis,zijd,stan)	2	695646	96.1002
accountancy N(soort,ev,basis,zijd,stan)	2	695648	96.1004
according SPEC(vreemd)	2	695650	96.1007
accident N(soort,ev,dim,onz,stan)	2	695652	96.101
accessoire N(soort,mv,basis)	2	695654	96.1013
acceptabel ADJ(vrij,basis,zonder)	2	695656	96.1015
accent N(soort,mv,basis)	2	695658	96.1018
absurd ADJ(vrij,basis,zonder)	2	695660	96.1021
abonnement N(soort,ev,basis,onz,stan)	2	695662	96.1024
ab SPEC(vreemd)	2	695664	96.1026
aars N(soort,ev,basis,zijd,stan)	2	695666	96.1029
aardappel N(soort,ev,basis,zijd,stan)	2	695668	96.1032
aanvallen WW(inf,vrij,zonder)	2	695670	96.1035
aanval N(soort,mv,basis)	2	695672	96.1038
aanvaarden WW(vd,vrij,zonder)	2	695674	96.104
aantrekkelijk ADJ(prenom,sup,met-e,stan)	2	695676	96.1043
aantal N(soort,mv,basis)	2	695678	96.1046
aanstaan WW(pv,verl,ev)	2	695680	96.1049
aansluiten WW(pv,tgw,ev)	2	695682	96.1051
aansluiten WW(od,vrij,zonder)	2	695684	96.1054
aanschouwen WW(inf,vrij,zonder)	2	695686	96.1057
aanschaffen WW(vd,vrij,zonder)	2	695688	96.106
aanrijden WW(vd,vrij,zonder)	2	695690	96.1062
aanrecht N(soort,ev,basis,onz,stan)	2	695692	96.1065
aanpassing N(soort,ev,basis,zijd,stan)	2	695694	96.1068
aanpassen WW(vd,prenom,met-e)	2	695696	96.1071
aannemen WW(inf,vrij,zonder)	2	695698	96.1073
aanmoedigingskus N(soort,ev,dim,onz,stan)	2	695700	96.1076
aanmoedigen WW(inf,vrij,zonder)	2	695702	96.1079
aanmelding N(soort,mv,basis)	2	695704	96.1082
aankunnen WW(pv,tgw,ev)	2	695706	96.1084
aankoop N(soort,ev,basis,zijd,stan)	2	695708	96.1087
aangeven WW(pv,verl,ev)	2	695710	96.109
aanduiden WW(vd,vrij,zonder)	2	695712	96.1093
aandragen WW(inf,vrij,zonder)	2	695714	96.1096
aanbieden WW(inf,vrij,zonder)	2	695716	96.1098
aalst WW(vd,vrij,zonder)	2	695718	96.1101
aaien WW(pv,tgw,ev)	2	695720	96.1104
aah SPEC(deeleigen)	2	695722	96.1107
aachaa N(soort,ev,basis,zijd,stan)	2	695724	96.1109
aaahn N(soort,ev,basis,zijd,stan)	2	695726	96.1112
aaaaah N(soort,ev,basis,onz,stan)	2	695728	96.1115
aa N(soort,ev,basis,zijd,stan)	2	695730	96.1118
a VG(onder)	2	695732	96.112
^^ WW(inf,vrij,zonder)	2	695734	96.1123
^^ VG(neven)	2	695736	96.1126
^^ SPEC(vreemd)	2	695738	96.1129
^^ LET()	2	695740	96.1131
Zwijndrecht SPEC(deeleigen)	2	695742	96.1134
Zumba SPEC(deeleigen)	2	695744	96.1137
ZoÃ« SPEC(deeleigen)	2	695746	96.114
Zottegem SPEC(deeleigen)	2	695748	96.1143
Zometeen SPEC(deeleigen)	2	695750	96.1145
ZjelÃ²ne SPEC(deeleigen)	2	695752	96.1148
Zenden SPEC(deeleigen)	2	695754	96.1151
Zeb SPEC(deeleigen)	2	695756	96.1154
Zaza SPEC(deeleigen)	2	695758	96.1156
ZOOO SPEC(deeleigen)	2	695760	96.1159
ZOEK SPEC(deeleigen)	2	695762	96.1162
ZKN SPEC(deeleigen)	2	695764	96.1165
Z-Afrika SPEC(deeleigen)	2	695766	96.1167
Yves SPEC(deeleigen)	2	695768	96.117
Yvan SPEC(deeleigen)	2	695770	96.1173
Young SPEC(deeleigen)	2	695772	96.1176
Yosemite SPEC(deeleigen)	2	695774	96.1178
Yesterday SPEC(vreemd)	2	695776	96.1181
Yesssssssssss SPEC(vreemd)	2	695778	96.1184
YOU SPEC(deeleigen)	2	695780	96.1187
Xxxx SPEC(vreemd)	2	695782	96.1189
XxXXxX SPEC(deeleigen)	2	695784	96.1192
Xr SPEC(deeleigen)	2	695786	96.1195
Xkxkx SPEC(deeleigen)	2	695788	96.1198
Xja SPEC(deeleigen)	2	695790	96.1201
Xenos SPEC(deeleigen)	2	695792	96.1203
Xbox SPEC(deeleigen)	2	695794	96.1206
XXXXXXXXXXXXXXXXXXXXXX SPEC(deeleigen)	2	695796	96.1209
XXXXXXXXXXXXXXXXXX SPEC(deeleigen)	2	695798	96.1212
XXXXXXXXXXXXXXXXX SPEC(deeleigen)	2	695800	96.1214
XXXXXXXXXXXXXXXX SPEC(deeleigen)	2	695802	96.1217
XXXXXXXXXXXXXX SPEC(deeleigen)	2	695804	96.122
Wy SPEC(deeleigen)	2	695806	96.1223
Wove SPEC(vreemd)	2	695808	96.1225
Wonen SPEC(deeleigen)	2	695810	96.1228
Wols SPEC(deeleigen)	2	695812	96.1231
Wimbledon SPEC(deeleigen)	2	695814	96.1234
Wight SPEC(deeleigen)	2	695816	96.1236
Wietse SPEC(deeleigen)	2	695818	96.1239
Wieso SPEC(vreemd)	2	695820	96.1242
Wieke SPEC(deeleigen)	2	695822	96.1245
Wibi SPEC(deeleigen)	2	695824	96.1248
Whoops SPEC(deeleigen)	2	695826	96.125
Who's SPEC(vreemd)	2	695828	96.1253
Who SPEC(deeleigen)	2	695830	96.1256
While SPEC(vreemd)	2	695832	96.1259
Whether SPEC(vreemd)	2	695834	96.1261
Whereabouts SPEC(vreemd)	2	695836	96.1264
Whatcha SPEC(deeleigen)	2	695838	96.1267
Whale SPEC(vreemd)	2	695840	96.127
Whahaha SPEC(deeleigen)	2	695842	96.1272
Whaha SPEC(deeleigen)	2	695844	96.1275
Wesley SPEC(deeleigen)	2	695846	96.1278
Werchter SPEC(deeleigen)	2	695848	96.1281
Welcome SPEC(vreemd)	2	695850	96.1283
Weiss SPEC(deeleigen)	2	695852	96.1286
Weirdo SPEC(deeleigen)	2	695854	96.1289
Weekpas SPEC(deeleigen)	2	695856	96.1292
Webben SPEC(deeleigen)	2	695858	96.1294
Way SPEC(vreemd)	2	695860	96.1297
Ward SPEC(deeleigen)	2	695862	96.13
War SPEC(vreemd)	2	695864	96.1303
Wann SPEC(deeleigen)	2	695866	96.1306
Wachtebeke SPEC(deeleigen)	2	695868	96.1308
Waaargh SPEC(deeleigen)	2	695870	96.1311
Waaaaaaah SPEC(deeleigen)	2	695872	96.1314
WOW SPEC(deeleigen)	2	695874	96.1317
WEEKPAS SPEC(deeleigen)	2	695876	96.1319
VÃ©Ã©l SPEC(deeleigen)	2	695878	96.1322
VÃ©ronique SPEC(deeleigen)	2	695880	96.1325
Voske SPEC(deeleigen)	2	695882	96.1328
Vos SPEC(deeleigen)	2	695884	96.133
Voila SPEC(vreemd)	2	695886	96.1333
Voet SPEC(deeleigen)	2	695888	96.1336
Viola SPEC(deeleigen)	2	695890	96.1339
Vierlingsbeek SPEC(deeleigen)	2	695892	96.1341
Veurne SPEC(deeleigen)	2	695894	96.1344
Vermeulen SPEC(deeleigen)	2	695896	96.1347
Vermeer SPEC(deeleigen)	2	695898	96.135
Venray SPEC(deeleigen)	2	695900	96.1352
Vanhecke SPEC(deeleigen)	2	695902	96.1355
VanVelzen SPEC(deeleigen)	2	695904	96.1358
Valk SPEC(deeleigen)	2	695906	96.1361
Valentijn SPEC(deeleigen)	2	695908	96.1364
VVO SPEC(deeleigen)	2	695910	96.1366
VVH SPEC(deeleigen)	2	695912	96.1369
VU SPEC(deeleigen)	2	695914	96.1372
VOILA SPEC(deeleigen)	2	695916	96.1375
VL SPEC(afk)	2	695918	96.1377
VHZ SPEC(deeleigen)	2	695920	96.138
VET SPEC(deeleigen)	2	695922	96.1383
Unless SPEC(vreemd)	2	695924	96.1386
Und SPEC(deeleigen)	2	695926	96.1388
Uhuu SPEC(deeleigen)	2	695928	96.1391
Uhr SPEC(deeleigen)	2	695930	96.1394
Uhr SPEC(afk)	2	695932	96.1397
Uche SPEC(deeleigen)	2	695934	96.1399
UTF SPEC(deeleigen)	2	695936	96.1402
US SPEC(deeleigen)	2	695938	96.1405
UMC SPEC(deeleigen)	2	695940	96.1408
Tzou SPEC(deeleigen)	2	695942	96.1411
Turns SPEC(vreemd)	2	695944	96.1413
Tuesday SPEC(vreemd)	2	695946	96.1416
Tub SPEC(deeleigen)	2	695948	96.1419
Trip SPEC(deeleigen)	2	695950	96.1422
Trinity SPEC(deeleigen)	2	695952	96.1424
Toyota SPEC(deeleigen)	2	695954	96.1427
Tour SPEC(deeleigen)	2	695956	96.143
Torsby SPEC(deeleigen)	2	695958	96.1433
Tomo SPEC(vreemd)	2	695960	96.1435
Tommeke SPEC(deeleigen)	2	695962	96.1438
Toet SPEC(deeleigen)	2	695964	96.1441
Tobeke SPEC(deeleigen)	2	695966	96.1444
Tjaa SPEC(deeleigen)	2	695968	96.1446
Tis SPEC(vreemd)	2	695970	96.1449
Tirza SPEC(deeleigen)	2	695972	96.1452
Tims SPEC(deeleigen)	2	695974	96.1455
Timon SPEC(deeleigen)	2	695976	96.1457
Timo SPEC(deeleigen)	2	695978	96.146
Timer SPEC(deeleigen)	2	695980	96.1463
Tilly SPEC(deeleigen)	2	695982	96.1466
Tiel SPEC(deeleigen)	2	695984	96.1469
Thzey SPEC(vreemd)	2	695986	96.1471
Thursday SPEC(vreemd)	2	695988	96.1474
Though SPEC(vreemd)	2	695990	96.1477
Thinking SPEC(vreemd)	2	695992	96.148
Things SPEC(vreemd)	2	695994	96.1482
There's SPEC(vreemd)	2	695996	96.1485
Tgaat SPEC(deeleigen)	2	695998	96.1488
Tes SPEC(deeleigen)	2	696000	96.1491
Technology SPEC(vreemd)	2	696002	96.1493
Tanja SPEC(deeleigen)	2	696004	96.1496
Tanguy SPEC(deeleigen)	2	696006	96.1499
Talk SPEC(vreemd)	2	696008	96.1502
Tafelkleed SPEC(vreemd)	2	696010	96.1504
TU SPEC(deeleigen)	2	696012	96.1507
TP SPEC(deeleigen)	2	696014	96.151
THE SPEC(deeleigen)	2	696016	96.1513
Synthese SPEC(deeleigen)	2	696018	96.1516
Swinkels SPEC(deeleigen)	2	696020	96.1518
Swan SPEC(deeleigen)	2	696022	96.1521
Surinamer SPEC(deeleigen)	2	696024	96.1524
StructuurCie-enquete SPEC(vreemd)	2	696026	96.1527
Storing SPEC(deeleigen)	2	696028	96.1529
Stokroos SPEC(deeleigen)	2	696030	96.1532
Stockholm SPEC(deeleigen)	2	696032	96.1535
Stig SPEC(deeleigen)	2	696034	96.1538
Steef SPEC(deeleigen)	2	696036	96.154
Starts SPEC(vreemd)	2	696038	96.1543
Standaard SPEC(deeleigen)	2	696040	96.1546
Stadium SPEC(deeleigen)	2	696042	96.1549
Sportze SPEC(deeleigen)	2	696044	96.1551
Spanjaarden SPEC(deeleigen)	2	696046	96.1554
Spaans SPEC(deeleigen)	2	696048	96.1557
Some SPEC(vreemd)	2	696050	96.156
Social SPEC(vreemd)	2	696052	96.1562
Soc SPEC(deeleigen)	2	696054	96.1565
Snorry SPEC(deeleigen)	2	696056	96.1568
Sms SPEC(deeleigen)	2	696058	96.1571
Smit SPEC(deeleigen)	2	696060	96.1574
Smeets SPEC(deeleigen)	2	696062	96.1576
Slightly SPEC(vreemd)	2	696064	96.1579
Slept SPEC(vreemd)	2	696066	96.1582
Sjorsmeister SPEC(deeleigen)	2	696068	96.1585
Sjannie SPEC(deeleigen)	2	696070	96.1587
Sjaah SPEC(deeleigen)	2	696072	96.159
Sierra SPEC(deeleigen)	2	696074	96.1593
Siemens SPEC(deeleigen)	2	696076	96.1596
Sherlock SPEC(deeleigen)	2	696078	96.1598
Shantel SPEC(deeleigen)	2	696080	96.1601
Server SPEC(deeleigen)	2	696082	96.1604
Senna SPEC(deeleigen)	2	696084	96.1607
Seffes SPEC(deeleigen)	2	696086	96.1609
Seba SPEC(vreemd)	2	696088	96.1612
Scotland SPEC(deeleigen)	2	696090	96.1615
Scheurbuik SPEC(deeleigen)	2	696092	96.1618
Schelde SPEC(deeleigen)	2	696094	96.162
Schalkhaar SPEC(deeleigen)	2	696096	96.1623
Say SPEC(deeleigen)	2	696098	96.1626
Saw SPEC(deeleigen)	2	696100	96.1629
Save SPEC(vreemd)	2	696102	96.1632
Sauron SPEC(deeleigen)	2	696104	96.1634
Sarajevo SPEC(deeleigen)	2	696106	96.1637
Sandra SPEC(deeleigen)	2	696108	96.164
Samuel SPEC(deeleigen)	2	696110	96.1643
Sam SPEC(deeleigen)	2	696112	96.1645
Sac SPEC(deeleigen)	2	696114	96.1648
Sabine SPEC(deeleigen)	2	696116	96.1651
SVU SPEC(deeleigen)	2	696118	96.1654
STORTREGEN SPEC(deeleigen)	2	696120	96.1656
SSC SPEC(deeleigen)	2	696122	96.1659
SIM SPEC(deeleigen)	2	696124	96.1662
SBS SPEC(deeleigen)	2	696126	96.1665
S. SPEC(deeleigen)	2	696128	96.1667
S SPEC(deeleigen)	2	696130	96.167
Ryckeghem SPEC(deeleigen)	2	696132	96.1673
Ruuds SPEC(deeleigen)	2	696134	96.1676
Ruudje SPEC(deeleigen)	2	696136	96.1679
Rusland SPEC(deeleigen)	2	696138	96.1681
Run SPEC(deeleigen)	2	696140	96.1684
Royal SPEC(vreemd)	2	696142	96.1687
Rowwen SPEC(deeleigen)	2	696144	96.169
Rowan SPEC(deeleigen)	2	696146	96.1692
Roselien SPEC(deeleigen)	2	696148	96.1695
Rosa SPEC(deeleigen)	2	696150	96.1698
Roosje SPEC(deeleigen)	2	696152	96.1701
Roosbeef SPEC(deeleigen)	2	696154	96.1703
Ron SPEC(deeleigen)	2	696156	96.1706
Romeo SPEC(deeleigen)	2	696158	96.1709
Rome SPEC(deeleigen)	2	696160	96.1712
Roger SPEC(deeleigen)	2	696162	96.1714
RoemeniÃ« SPEC(deeleigen)	2	696164	96.1717
Roe SPEC(deeleigen)	2	696166	96.172
Rodenbach SPEC(deeleigen)	2	696168	96.1723
Rock SPEC(deeleigen)	2	696170	96.1725
Robyn SPEC(deeleigen)	2	696172	96.1728
Robrecht SPEC(deeleigen)	2	696174	96.1731
Robbin SPEC(deeleigen)	2	696176	96.1734
Rio SPEC(deeleigen)	2	696178	96.1737
Rinkel SPEC(deeleigen)	2	696180	96.1739
Rijnstate SPEC(deeleigen)	2	696182	96.1742
Rijksmuseum SPEC(deeleigen)	2	696184	96.1745
Ria SPEC(deeleigen)	2	696186	96.1748
Rhodos SPEC(deeleigen)	2	696188	96.175
Rens SPEC(deeleigen)	2	696190	96.1753
Renni SPEC(deeleigen)	2	696192	96.1756
Renee SPEC(deeleigen)	2	696194	96.1759
Remy SPEC(deeleigen)	2	696196	96.1761
Remco SPEC(deeleigen)	2	696198	96.1764
Rembo SPEC(deeleigen)	2	696200	96.1767
Regi SPEC(deeleigen)	2	696202	96.177
Ready SPEC(vreemd)	2	696204	96.1772
Ready SPEC(deeleigen)	2	696206	96.1775
Read SPEC(vreemd)	2	696208	96.1778
Randstad SPEC(deeleigen)	2	696210	96.1781
Ram SPEC(deeleigen)	2	696212	96.1784
Ralph SPEC(deeleigen)	2	696214	96.1786
Ralf SPEC(deeleigen)	2	696216	96.1789
Raimi SPEC(deeleigen)	2	696218	96.1792
Raday SPEC(deeleigen)	2	696220	96.1795
R. SPEC(deeleigen)	2	696222	96.1797
Quantum SPEC(deeleigen)	2	696224	96.18
QtgwerQD SPEC(deeleigen)	2	696226	96.1803
Qnap SPEC(deeleigen)	2	696228	96.1806
QOTSA SPEC(deeleigen)	2	696230	96.1808
Put SPEC(vreemd)	2	696232	96.1811
Pursuit SPEC(vreemd)	2	696234	96.1814
Pul SPEC(deeleigen)	2	696236	96.1817
Pub SPEC(vreemd)	2	696238	96.1819
Proximus SPEC(deeleigen)	2	696240	96.1822
Probably SPEC(vreemd)	2	696242	96.1825
Prepare SPEC(vreemd)	2	696244	96.1828
PowerPoint SPEC(deeleigen)	2	696246	96.183
Pour SPEC(vreemd)	2	696248	96.1833
Potter SPEC(deeleigen)	2	696250	96.1836
PolÃ© SPEC(deeleigen)	2	696252	96.1839
Poezen SPEC(deeleigen)	2	696254	96.1842
Pluto SPEC(deeleigen)	2	696256	96.1844
Pluimke SPEC(deeleigen)	2	696258	96.1847
Plien SPEC(deeleigen)	2	696260	96.185
Plans SPEC(vreemd)	2	696262	96.1853
Place SPEC(deeleigen)	2	696264	96.1855
Pim SPEC(deeleigen)	2	696266	96.1858
Pillie SPEC(deeleigen)	2	696268	96.1861
Pien SPEC(deeleigen)	2	696270	96.1864
Phoe SPEC(deeleigen)	2	696272	96.1866
Phil SPEC(deeleigen)	2	696274	96.1869
Perudo SPEC(deeleigen)	2	696276	96.1872
Perry SPEC(deeleigen)	2	696278	96.1875
Peacestreet SPEC(vreemd)	2	696280	96.1877
Peacestreet SPEC(deeleigen)	2	696282	96.188
Pc SPEC(deeleigen)	2	696284	96.1883
Pauwl SPEC(deeleigen)	2	696286	96.1886
Patrick's SPEC(deeleigen)	2	696288	96.1889
Pasen SPEC(deeleigen)	2	696290	96.1891
Party SPEC(deeleigen)	2	696292	96.1894
Parov SPEC(deeleigen)	2	696294	96.1897
Parkeerroute SPEC(deeleigen)	2	696296	96.19
Park SPEC(deeleigen)	2	696298	96.1902
Parade SPEC(deeleigen)	2	696300	96.1905
Panos SPEC(deeleigen)	2	696302	96.1908
PZL SPEC(deeleigen)	2	696304	96.1911
P.s. SPEC(afk)	2	696306	96.1913
Owkee SPEC(deeleigen)	2	696308	96.1916
Owh SPEC(deeleigen)	2	696310	96.1919
Our SPEC(vreemd)	2	696312	96.1922
Oui SPEC(vreemd)	2	696314	96.1924
Oosterom SPEC(deeleigen)	2	696316	96.1927
Oosterhout SPEC(deeleigen)	2	696318	96.193
Oostenrijk SPEC(deeleigen)	2	696320	96.1933
Ooo SPEC(deeleigen)	2	696322	96.1935
Olivier SPEC(deeleigen)	2	696324	96.1938
Oldenzaal SPEC(deeleigen)	2	696326	96.1941
Olde SPEC(deeleigen)	2	696328	96.1944
OkÃ© SPEC(deeleigen)	2	696330	96.1947
Oki SPEC(vreemd)	2	696332	96.1949
Ohoh SPEC(deeleigen)	2	696334	96.1952
Oew SPEC(deeleigen)	2	696336	96.1955
OdG SPEC(deeleigen)	2	696338	96.1958
OcÃ©an SPEC(deeleigen)	2	696340	96.196
OC SPEC(deeleigen)	2	696342	96.1963
OB SPEC(deeleigen)	2	696344	96.1966
Nyugayi SPEC(deeleigen)	2	696346	96.1969
Nusselein SPEC(deeleigen)	2	696348	96.1971
Nunspeet SPEC(deeleigen)	2	696350	96.1974
Nuenen SPEC(deeleigen)	2	696352	96.1977
Noordwijk SPEC(deeleigen)	2	696354	96.198
Noord SPEC(deeleigen)	2	696356	96.1982
Noone SPEC(vreemd)	2	696358	96.1985
Noah SPEC(deeleigen)	2	696360	96.1988
Njam SPEC(deeleigen)	2	696362	96.1991
Nimma SPEC(deeleigen)	2	696364	96.1993
Nic SPEC(deeleigen)	2	696366	96.1996
Netcom SPEC(deeleigen)	2	696368	96.1999
Nespresso SPEC(deeleigen)	2	696370	96.2002
Nerd SPEC(deeleigen)	2	696372	96.2005
Neeltje SPEC(deeleigen)	2	696374	96.2007
Nederlander SPEC(deeleigen)	2	696376	96.201
Ned. SPEC(afk)	2	696378	96.2013
Nadia SPEC(deeleigen)	2	696380	96.2016
NEWS SPEC(vreemd)	2	696382	96.2018
N SPEC(deeleigen)	2	696384	96.2021
Mysterie SPEC(deeleigen)	2	696386	96.2024
Mweh SPEC(vreemd)	2	696388	96.2027
Mwah SPEC(deeleigen)	2	696390	96.2029
Mvg SPEC(vreemd)	2	696392	96.2032
Mvg SPEC(deeleigen)	2	696394	96.2035
Mumus SPEC(deeleigen)	2	696396	96.2038
Mss SPEC(deeleigen)	2	696398	96.204
Msn SPEC(deeleigen)	2	696400	96.2043
Mostar SPEC(deeleigen)	2	696402	96.2046
Most SPEC(vreemd)	2	696404	96.2049
Mossel SPEC(deeleigen)	2	696406	96.2052
Morrisons SPEC(vreemd)	2	696408	96.2054
More SPEC(vreemd)	2	696410	96.2057
Mont SPEC(deeleigen)	2	696412	96.206
Monika SPEC(vreemd)	2	696414	96.2063
Moni SPEC(deeleigen)	2	696416	96.2065
Monday SPEC(vreemd)	2	696418	96.2068
Mol SPEC(deeleigen)	2	696420	96.2071
Mogge SPEC(deeleigen)	2	696422	96.2074
Moehaha SPEC(deeleigen)	2	696424	96.2076
Moby SPEC(deeleigen)	2	696426	96.2079
Mo SPEC(vreemd)	2	696428	96.2082
Mind SPEC(vreemd)	2	696430	96.2085
Miebeth SPEC(deeleigen)	2	696432	96.2087
Mickey SPEC(deeleigen)	2	696434	96.209
Miami SPEC(deeleigen)	2	696436	96.2093
Merlin SPEC(vreemd)	2	696438	96.2096
Mensa SPEC(deeleigen)	2	696440	96.2098
Melanie SPEC(deeleigen)	2	696442	96.2101
Meijer SPEC(deeleigen)	2	696444	96.2104
Meeuwis SPEC(deeleigen)	2	696446	96.2107
Meeting SPEC(deeleigen)	2	696448	96.211
Medisoc.be SPEC(symb)	2	696450	96.2112
Mayke SPEC(vreemd)	2	696452	96.2115
Maxime SPEC(deeleigen)	2	696454	96.2118
Matthijs SPEC(deeleigen)	2	696456	96.2121
Matrix SPEC(vreemd)	2	696458	96.2123
Mathieu SPEC(deeleigen)	2	696460	96.2126
Matchmakers SPEC(deeleigen)	2	696462	96.2129
Martino SPEC(deeleigen)	2	696464	96.2132
Martha SPEC(deeleigen)	2	696466	96.2134
Marktplaats SPEC(deeleigen)	2	696468	96.2137
Marina SPEC(deeleigen)	2	696470	96.214
Mariken SPEC(deeleigen)	2	696472	96.2143
Marije SPEC(deeleigen)	2	696474	96.2145
Marij SPEC(deeleigen)	2	696476	96.2148
Mariek SPEC(deeleigen)	2	696478	96.2151
Marian SPEC(deeleigen)	2	696480	96.2154
Marf SPEC(deeleigen)	2	696482	96.2157
Marcos SPEC(deeleigen)	2	696484	96.2159
Marcia SPEC(deeleigen)	2	696486	96.2162
Marathon SPEC(deeleigen)	2	696488	96.2165
Manu SPEC(deeleigen)	2	696490	96.2168
Mans SPEC(deeleigen)	2	696492	96.217
Manon SPEC(deeleigen)	2	696494	96.2173
Manhattan SPEC(deeleigen)	2	696496	96.2176
Mama SPEC(deeleigen)	2	696498	96.2179
Make SPEC(deeleigen)	2	696500	96.2181
Majja SPEC(vreemd)	2	696502	96.2184
Maharashtra SPEC(deeleigen)	2	696504	96.2187
Maggy SPEC(deeleigen)	2	696506	96.219
Magali SPEC(deeleigen)	2	696508	96.2192
MacBook SPEC(deeleigen)	2	696510	96.2195
Ma. SPEC(afk)	2	696512	96.2198
MV SPEC(deeleigen)	2	696514	96.2201
MTV SPEC(deeleigen)	2	696516	96.2203
MTO SPEC(deeleigen)	2	696518	96.2206
MMS SPEC(deeleigen)	2	696520	96.2209
MM SPEC(deeleigen)	2	696522	96.2212
MC SPEC(deeleigen)	2	696524	96.2215
MAC SPEC(deeleigen)	2	696526	96.2217
Lysanne SPEC(deeleigen)	2	696528	96.222
Lynch SPEC(deeleigen)	2	696530	96.2223
Luxemburg SPEC(deeleigen)	2	696532	96.2226
Luna SPEC(deeleigen)	2	696534	96.2228
Lullo SPEC(deeleigen)	2	696536	96.2231
Luis SPEC(deeleigen)	2	696538	96.2234
Luc SPEC(deeleigen)	2	696540	96.2237
Lubach SPEC(deeleigen)	2	696542	96.2239
Louise SPEC(deeleigen)	2	696544	96.2242
Lonneke SPEC(deeleigen)	2	696546	96.2245
Long SPEC(vreemd)	2	696548	96.2248
Lolz SPEC(deeleigen)	2	696550	96.225
Lokeren SPEC(deeleigen)	2	696552	96.2253
Loetje SPEC(vreemd)	2	696554	96.2256
Loek SPEC(deeleigen)	2	696556	96.2259
Lodewijkers SPEC(deeleigen)	2	696558	96.2261
Lodewijk SPEC(deeleigen)	2	696560	96.2264
Live SPEC(deeleigen)	2	696562	96.2267
Lise SPEC(deeleigen)	2	696564	96.227
Linnaeus SPEC(deeleigen)	2	696566	96.2273
LinkedIn SPEC(deeleigen)	2	696568	96.2275
Lingen SPEC(deeleigen)	2	696570	96.2278
Line SPEC(deeleigen)	2	696572	96.2281
Lin SPEC(deeleigen)	2	696574	96.2284
Limboland SPEC(deeleigen)	2	696576	96.2286
Lieselotte SPEC(deeleigen)	2	696578	96.2289
Liese SPEC(deeleigen)	2	696580	96.2292
Liesbeth SPEC(deeleigen)	2	696582	96.2295
Library SPEC(deeleigen)	2	696584	96.2297
Lianne SPEC(deeleigen)	2	696586	96.23
Lian SPEC(deeleigen)	2	696588	96.2303
Liam SPEC(deeleigen)	2	696590	96.2306
Lev SPEC(deeleigen)	2	696592	96.2308
Leuverink SPEC(deeleigen)	2	696594	96.2311
Leur SPEC(deeleigen)	2	696596	96.2314
Lermoos SPEC(deeleigen)	2	696598	96.2317
Leopolds SPEC(deeleigen)	2	696600	96.232
Leoni SPEC(deeleigen)	2	696602	96.2322
Leon SPEC(deeleigen)	2	696604	96.2325
Lembeke SPEC(deeleigen)	2	696606	96.2328
Leisure SPEC(vreemd)	2	696608	96.2331
Leidseplein SPEC(deeleigen)	2	696610	96.2333
Late SPEC(vreemd)	2	696612	96.2336
Lara SPEC(deeleigen)	2	696614	96.2339
Lala SPEC(deeleigen)	2	696616	96.2342
Lady SPEC(deeleigen)	2	696618	96.2344
Laatste SPEC(deeleigen)	2	696620	96.2347
La SPEC(vreemd)	2	696622	96.235
LOM SPEC(deeleigen)	2	696624	96.2353
LIEF SPEC(deeleigen)	2	696626	96.2355
LB SPEC(deeleigen)	2	696628	96.2358
LA SPEC(vreemd)	2	696630	96.2361
Kzit SPEC(deeleigen)	2	696632	96.2364
Kzal SPEC(vreemd)	2	696634	96.2366
Kyra SPEC(deeleigen)	2	696636	96.2369
Kya SPEC(deeleigen)	2	696638	96.2372
Kwil SPEC(deeleigen)	2	696640	96.2375
Kwik SPEC(deeleigen)	2	696642	96.2378
Kweeni SPEC(deeleigen)	2	696644	96.238
Kvroeg SPEC(deeleigen)	2	696646	96.2383
Kuuuuuusssssss SPEC(deeleigen)	2	696648	96.2386
Kusja SPEC(deeleigen)	2	696650	96.2389
Kt SPEC(deeleigen)	2	696652	96.2391
Kreta SPEC(deeleigen)	2	696654	96.2394
Krakow SPEC(vreemd)	2	696656	96.2397
Krakow SPEC(deeleigen)	2	696658	96.24
Korvelplein SPEC(deeleigen)	2	696660	96.2402
Koninginnedag SPEC(deeleigen)	2	696662	96.2405
Koning SPEC(deeleigen)	2	696664	96.2408
Kok SPEC(deeleigen)	2	696666	96.2411
Know SPEC(vreemd)	2	696668	96.2413
Klaprooslaan SPEC(deeleigen)	2	696670	96.2416
Kkan SPEC(deeleigen)	2	696672	96.2419
Kiraly SPEC(deeleigen)	2	696674	96.2422
Kinky SPEC(deeleigen)	2	696676	96.2425
Kinda SPEC(deeleigen)	2	696678	96.2427
Kimera SPEC(vreemd)	2	696680	96.243
Kiado SPEC(vreemd)	2	696682	96.2433
Khalid SPEC(deeleigen)	2	696684	96.2436
Kh SPEC(deeleigen)	2	696686	96.2438
Keyzer SPEC(deeleigen)	2	696688	96.2441
Kevin SPEC(deeleigen)	2	696690	96.2444
Kenia SPEC(deeleigen)	2	696692	96.2447
Kemkers SPEC(deeleigen)	2	696694	96.2449
Keleti SPEC(deeleigen)	2	696696	96.2452
Kel SPEC(deeleigen)	2	696698	96.2455
Keb SPEC(vreemd)	2	696700	96.2458
Katzenjammer SPEC(deeleigen)	2	696702	96.246
Katrijn SPEC(deeleigen)	2	696704	96.2463
Kareltje SPEC(deeleigen)	2	696706	96.2466
Kaa SPEC(deeleigen)	2	696708	96.2469
KKplein SPEC(deeleigen)	2	696710	96.2471
KH-city SPEC(deeleigen)	2	696712	96.2474
KAPOT SPEC(deeleigen)	2	696714	96.2477
KAK SPEC(deeleigen)	2	696716	96.248
K SPEC(deeleigen)	2	696718	96.2483
Juut SPEC(deeleigen)	2	696720	96.2485
Just SPEC(deeleigen)	2	696722	96.2488
Jurgen SPEC(deeleigen)	2	696724	96.2491
Jup SPEC(deeleigen)	2	696726	96.2494
Junior SPEC(deeleigen)	2	696728	96.2496
July SPEC(vreemd)	2	696730	96.2499
Julie's SPEC(deeleigen)	2	696732	96.2502
Juij SPEC(deeleigen)	2	696734	96.2505
Judas SPEC(deeleigen)	2	696736	96.2507
Josh SPEC(deeleigen)	2	696738	96.251
Jose SPEC(vreemd)	2	696740	96.2513
Jose SPEC(deeleigen)	2	696742	96.2516
Jorien SPEC(deeleigen)	2	696744	96.2518
Joo SPEC(deeleigen)	2	696746	96.2521
Jonge SPEC(deeleigen)	2	696748	96.2524
Jonas SPEC(deeleigen)	2	696750	96.2527
Jolien SPEC(deeleigen)	2	696752	96.2529
Joint SPEC(vreemd)	2	696754	96.2532
Johnny SPEC(deeleigen)	2	696756	96.2535
Johanna SPEC(deeleigen)	2	696758	96.2538
Joep SPEC(deeleigen)	2	696760	96.2541
Joelle SPEC(deeleigen)	2	696762	96.2543
Jieter SPEC(deeleigen)	2	696764	96.2546
Jetzt SPEC(vreemd)	2	696766	96.2549
Jet SPEC(deeleigen)	2	696768	96.2552
Jerom SPEC(deeleigen)	2	696770	96.2554
Jeej SPEC(deeleigen)	2	696772	96.2557
Jedidiah SPEC(deeleigen)	2	696774	96.256
Jeans SPEC(deeleigen)	2	696776	96.2563
Jazzfestival SPEC(deeleigen)	2	696778	96.2565
Jazz SPEC(deeleigen)	2	696780	96.2568
Jarige SPEC(vreemd)	2	696782	96.2571
Janssen SPEC(deeleigen)	2	696784	96.2574
Jane SPEC(deeleigen)	2	696786	96.2576
Jana SPEC(deeleigen)	2	696788	96.2579
Jam SPEC(deeleigen)	2	696790	96.2582
Jacobus SPEC(deeleigen)	2	696792	96.2585
Jack SPEC(deeleigen)	2	696794	96.2588
Jacco SPEC(deeleigen)	2	696796	96.259
Jac SPEC(deeleigen)	2	696798	96.2593
Jaaaaa SPEC(deeleigen)	2	696800	96.2596
JP SPEC(deeleigen)	2	696802	96.2599
Itz SPEC(deeleigen)	2	696804	96.2601
Italiaans SPEC(deeleigen)	2	696806	96.2604
Italia SPEC(deeleigen)	2	696808	96.2607
Iss SPEC(vreemd)	2	696810	96.261
Isle SPEC(deeleigen)	2	696812	96.2612
Isis SPEC(deeleigen)	2	696814	96.2615
Is SPEC(vreemd)	2	696816	96.2618
Interesting SPEC(vreemd)	2	696818	96.2621
Ingang SPEC(deeleigen)	2	696820	96.2623
Ieper SPEC(deeleigen)	2	696822	96.2626
IV SPEC(deeleigen)	2	696824	96.2629
ISRR SPEC(deeleigen)	2	696826	96.2632
IC SPEC(deeleigen)	2	696828	96.2634
IB SPEC(deeleigen)	2	696830	96.2637
I. SPEC(symb)	2	696832	96.264
I SPEC(deeleigen)	2	696834	96.2643
Huiberts SPEC(deeleigen)	2	696836	96.2646
Huib SPEC(deeleigen)	2	696838	96.2648
Hug SPEC(deeleigen)	2	696840	96.2651
Hotel SPEC(deeleigen)	2	696842	96.2654
Hostel SPEC(deeleigen)	2	696844	96.2657
Hopla SPEC(deeleigen)	2	696846	96.2659
Hongaar SPEC(deeleigen)	2	696848	96.2662
Hong SPEC(deeleigen)	2	696850	96.2665
Honey SPEC(vreemd)	2	696852	96.2668
Home SPEC(deeleigen)	2	696854	96.267
Holmes SPEC(deeleigen)	2	696856	96.2673
Hoeven SPEC(deeleigen)	2	696858	96.2676
Hoeve SPEC(deeleigen)	2	696860	96.2679
Hoera SPEC(vreemd)	2	696862	96.2681
Hoeda SPEC(deeleigen)	2	696864	96.2684
Ho SPEC(deeleigen)	2	696866	96.2687
Hmz SPEC(deeleigen)	2	696868	96.269
Hmm SPEC(vreemd)	2	696870	96.2693
Hjeppi SPEC(vreemd)	2	696872	96.2695
His SPEC(deeleigen)	2	696874	96.2698
Hide SPEC(deeleigen)	2	696876	96.2701
Heyhey SPEC(deeleigen)	2	696878	96.2704
Heuvel SPEC(deeleigen)	2	696880	96.2706
Hessel SPEC(deeleigen)	2	696882	96.2709
Hert SPEC(deeleigen)	2	696884	96.2712
Heroes SPEC(deeleigen)	2	696886	96.2715
Herjan SPEC(deeleigen)	2	696888	96.2717
Henk SPEC(deeleigen)	2	696890	96.272
Hej SPEC(vreemd)	2	696892	96.2723
Heidrun SPEC(deeleigen)	2	696894	96.2726
Heer SPEC(deeleigen)	2	696896	96.2728
Heavy SPEC(deeleigen)	2	696898	96.2731
Head SPEC(vreemd)	2	696900	96.2734
Having SPEC(vreemd)	2	696902	96.2737
Havent SPEC(vreemd)	2	696904	96.2739
Hatseflats SPEC(vreemd)	2	696906	96.2742
Hash SPEC(deeleigen)	2	696908	96.2745
Harco SPEC(deeleigen)	2	696910	96.2748
Hansi SPEC(deeleigen)	2	696912	96.2751
Hannes SPEC(deeleigen)	2	696914	96.2753
Hannah SPEC(deeleigen)	2	696916	96.2756
Hambrug SPEC(deeleigen)	2	696918	96.2759
Hajraa SPEC(deeleigen)	2	696920	96.2762
Haiii SPEC(deeleigen)	2	696922	96.2764
Haay SPEC(vreemd)	2	696924	96.2767
Ha-ha SPEC(deeleigen)	2	696926	96.277
HTC SPEC(deeleigen)	2	696928	96.2773
HS SPEC(deeleigen)	2	696930	96.2775
HQ SPEC(deeleigen)	2	696932	96.2778
HOU SPEC(deeleigen)	2	696934	96.2781
HOME SPEC(deeleigen)	2	696936	96.2784
HOERAAAA SPEC(deeleigen)	2	696938	96.2786
HIEPERDEPIEP SPEC(deeleigen)	2	696940	96.2789
H SPEC(deeleigen)	2	696942	96.2792
Guys SPEC(vreemd)	2	696944	96.2795
Guitar SPEC(deeleigen)	2	696946	96.2797
Guido SPEC(deeleigen)	2	696948	96.28
Gsm SPEC(deeleigen)	2	696950	96.2803
Grmbl SPEC(deeleigen)	2	696952	96.2806
Griekenland SPEC(deeleigen)	2	696954	96.2809
Griek SPEC(deeleigen)	2	696956	96.2811
Gretl SPEC(deeleigen)	2	696958	96.2814
Grand SPEC(deeleigen)	2	696960	96.2817
Granada SPEC(deeleigen)	2	696962	96.282
Grad SPEC(deeleigen)	2	696964	96.2822
Grace SPEC(deeleigen)	2	696966	96.2825
Gore SPEC(deeleigen)	2	696968	96.2828
Goooooeeed SPEC(vreemd)	2	696970	96.2831
Gooik SPEC(deeleigen)	2	696972	96.2833
Golf SPEC(deeleigen)	2	696974	96.2836
Gogogo SPEC(deeleigen)	2	696976	96.2839
Goes SPEC(deeleigen)	2	696978	96.2842
Goei SPEC(deeleigen)	2	696980	96.2844
Godor SPEC(vreemd)	2	696982	96.2847
Glee SPEC(deeleigen)	2	696984	96.285
Gizmo's SPEC(deeleigen)	2	696986	96.2853
Give SPEC(vreemd)	2	696988	96.2856
Giselle SPEC(deeleigen)	2	696990	96.2858
Gibraltar SPEC(deeleigen)	2	696992	96.2861
Get SPEC(deeleigen)	2	696994	96.2864
Gertjan SPEC(deeleigen)	2	696996	96.2867
Gerry SPEC(deeleigen)	2	696998	96.2869
Gerrita SPEC(deeleigen)	2	697000	96.2872
Gerrie SPEC(deeleigen)	2	697002	96.2875
Germany SPEC(vreemd)	2	697004	96.2878
Germans SPEC(vreemd)	2	697006	96.288
Germans SPEC(deeleigen)	2	697008	96.2883
German SPEC(vreemd)	2	697010	96.2886
Gerlinde SPEC(deeleigen)	2	697012	96.2889
Gerda SPEC(deeleigen)	2	697014	96.2891
Geoffrey SPEC(deeleigen)	2	697016	96.2894
Geoffie SPEC(deeleigen)	2	697018	96.2897
Gelredome SPEC(deeleigen)	2	697020	96.29
Gelderlander SPEC(deeleigen)	2	697022	96.2902
Geert SPEC(deeleigen)	2	697024	96.2905
Gebod SPEC(deeleigen)	2	697026	96.2908
Gandhi SPEC(deeleigen)	2	697028	96.2911
Gamma SPEC(deeleigen)	2	697030	96.2914
Galaxy SPEC(deeleigen)	2	697032	96.2916
Gait SPEC(deeleigen)	2	697034	96.2919
Gado SPEC(deeleigen)	2	697036	96.2922
Gaby SPEC(deeleigen)	2	697038	96.2925
GPS SPEC(deeleigen)	2	697040	96.2927
GLOW SPEC(deeleigen)	2	697042	96.293
G SPEC(deeleigen)	2	697044	96.2933
Fys SPEC(deeleigen)	2	697046	96.2936
Full SPEC(vreemd)	2	697048	96.2938
Frodelinde SPEC(deeleigen)	2	697050	96.2941
Frits SPEC(deeleigen)	2	697052	96.2944
Friesland SPEC(deeleigen)	2	697054	96.2947
Freya SPEC(deeleigen)	2	697056	96.2949
Freek SPEC(deeleigen)	2	697058	96.2952
Freddy SPEC(deeleigen)	2	697060	96.2955
Frannie SPEC(deeleigen)	2	697062	96.2958
Forgot SPEC(vreemd)	2	697064	96.2961
Fogashaz SPEC(deeleigen)	2	697066	96.2963
Flip SPEC(deeleigen)	2	697068	96.2966
Flappy SPEC(deeleigen)	2	697070	96.2969
Fine SPEC(vreemd)	2	697072	96.2972
Fer SPEC(vreemd)	2	697074	96.2974
Female SPEC(vreemd)	2	697076	96.2977
Felipe SPEC(deeleigen)	2	697078	96.298
Feesten SPEC(deeleigen)	2	697080	96.2983
Family SPEC(vreemd)	2	697082	96.2985
FC SPEC(deeleigen)	2	697084	96.2988
Ez SPEC(deeleigen)	2	697086	96.2991
Excusez SPEC(deeleigen)	2	697088	96.2994
Ewout SPEC(deeleigen)	2	697090	96.2996
Europa SPEC(deeleigen)	2	697092	96.2999
Eum SPEC(deeleigen)	2	697094	96.3002
Euh SPEC(deeleigen)	2	697096	96.3005
Eta SPEC(deeleigen)	2	697098	96.3007
Erica SPEC(deeleigen)	2	697100	96.301
Enfin SPEC(vreemd)	2	697102	96.3013
Emmy SPEC(deeleigen)	2	697104	96.3016
Emmeloord SPEC(deeleigen)	2	697106	96.3019
Elsa SPEC(deeleigen)	2	697108	96.3021
Elmy SPEC(deeleigen)	2	697110	96.3024
Ellis SPEC(deeleigen)	2	697112	96.3027
Elkje SPEC(deeleigen)	2	697114	96.303
Elise SPEC(deeleigen)	2	697116	96.3032
Elien SPEC(deeleigen)	2	697118	96.3035
Elfde SPEC(deeleigen)	2	697120	96.3038
Elche SPEC(deeleigen)	2	697122	96.3041
Egypte SPEC(deeleigen)	2	697124	96.3043
Eftelingvla SPEC(deeleigen)	2	697126	96.3046
Effect SPEC(vreemd)	2	697128	96.3049
Eerste SPEC(deeleigen)	2	697130	96.3052
Eefje SPEC(deeleigen)	2	697132	96.3054
Edo SPEC(deeleigen)	2	697134	96.3057
Editors SPEC(deeleigen)	2	697136	96.306
Ed SPEC(deeleigen)	2	697138	96.3063
Eco SPEC(deeleigen)	2	697140	96.3065
Eck SPEC(deeleigen)	2	697142	96.3068
EV SPEC(deeleigen)	2	697144	96.3071
EHV SPEC(deeleigen)	2	697146	96.3074
Dylan SPEC(deeleigen)	2	697148	96.3077
DvoÅÃ¡k SPEC(deeleigen)	2	697150	96.3079
Duts SPEC(vreemd)	2	697152	96.3082
Dullaert SPEC(deeleigen)	2	697154	96.3085
Dul SPEC(deeleigen)	2	697156	96.3088
Duif SPEC(deeleigen)	2	697158	96.309
Due SPEC(deeleigen)	2	697160	96.3093
Duck SPEC(deeleigen)	2	697162	96.3096
Dubai SPEC(deeleigen)	2	697164	96.3099
Droid SPEC(vreemd)	2	697166	96.3101
Drinks SPEC(vreemd)	2	697168	96.3104
Drenthe SPEC(deeleigen)	2	697170	96.3107
Drama SPEC(deeleigen)	2	697172	96.311
Drakenbootfestival SPEC(deeleigen)	2	697174	96.3112
Down SPEC(deeleigen)	2	697176	96.3115
Dongen SPEC(deeleigen)	2	697178	96.3118
Donald SPEC(deeleigen)	2	697180	96.3121
Dominiek SPEC(deeleigen)	2	697182	96.3124
Dolf SPEC(deeleigen)	2	697184	96.3126
Djee SPEC(deeleigen)	2	697186	96.3129
Dijon SPEC(deeleigen)	2	697188	96.3132
Difficult SPEC(vreemd)	2	697190	96.3135
Diets SPEC(deeleigen)	2	697192	96.3137
Didn't SPEC(vreemd)	2	697194	96.314
Deutschland SPEC(vreemd)	2	697196	96.3143
Desiree SPEC(deeleigen)	2	697198	96.3146
Denter SPEC(deeleigen)	2	697200	96.3148
Dennis SPEC(deeleigen)	2	697202	96.3151
Denderleeuw SPEC(deeleigen)	2	697204	96.3154
Delden SPEC(deeleigen)	2	697206	96.3157
Deak SPEC(vreemd)	2	697208	96.3159
Darcy SPEC(deeleigen)	2	697210	96.3162
Danielle SPEC(deeleigen)	2	697212	96.3165
Dance SPEC(deeleigen)	2	697214	96.3168
Dam SPEC(deeleigen)	2	697216	96.317
Dale SPEC(deeleigen)	2	697218	96.3173
Dagpas SPEC(deeleigen)	2	697220	96.3176
DZ SPEC(deeleigen)	2	697222	96.3179
DWDD SPEC(deeleigen)	2	697224	96.3182
DTC SPEC(deeleigen)	2	697226	96.3184
DONE SPEC(deeleigen)	2	697228	96.3187
DM SPEC(deeleigen)	2	697230	96.319
Cute SPEC(vreemd)	2	697232	96.3193
Cup SPEC(deeleigen)	2	697234	96.3195
Corrie SPEC(deeleigen)	2	697236	96.3198
Cor SPEC(deeleigen)	2	697238	96.3201
Coos SPEC(deeleigen)	2	697240	96.3204
Considering SPEC(vreemd)	2	697242	96.3206
Confused SPEC(vreemd)	2	697244	96.3209
Compromis SPEC(deeleigen)	2	697246	96.3212
Completely SPEC(vreemd)	2	697248	96.3215
Comomeer SPEC(deeleigen)	2	697250	96.3217
Communication SPEC(vreemd)	2	697252	96.322
Communal SPEC(deeleigen)	2	697254	96.3223
Coming SPEC(deeleigen)	2	697256	96.3226
Cognition SPEC(deeleigen)	2	697258	96.3229
Coffee SPEC(vreemd)	2	697260	96.3231
Clooske SPEC(deeleigen)	2	697262	96.3234
Classico SPEC(deeleigen)	2	697264	96.3237
Classic SPEC(vreemd)	2	697266	96.324
Clasico SPEC(deeleigen)	2	697268	96.3242
Claes SPEC(deeleigen)	2	697270	96.3245
Christmas SPEC(vreemd)	2	697272	96.3248
Chowk SPEC(deeleigen)	2	697274	96.3251
Chouffe SPEC(deeleigen)	2	697276	96.3253
China SPEC(deeleigen)	2	697278	96.3256
Chef SPEC(vreemd)	2	697280	96.3259
Cc SPEC(deeleigen)	2	697282	96.3262
Cassius SPEC(vreemd)	2	697284	96.3264
Carolus SPEC(deeleigen)	2	697286	96.3267
Carola SPEC(deeleigen)	2	697288	96.327
Cappuccino SPEC(deeleigen)	2	697290	96.3273
Canvas SPEC(deeleigen)	2	697292	96.3275
Cant SPEC(vreemd)	2	697294	96.3278
Camille SPEC(deeleigen)	2	697296	96.3281
Call SPEC(deeleigen)	2	697298	96.3284
CJP SPEC(deeleigen)	2	697300	96.3287
CH SPEC(deeleigen)	2	697302	96.3289
CA SPEC(afk)	2	697304	96.3292
C.S.R. SPEC(afk)	2	697306	96.3295
Byna SPEC(deeleigen)	2	697308	96.3298
Bwino SPEC(deeleigen)	2	697310	96.33
Bwaja SPEC(deeleigen)	2	697312	96.3303
Busy SPEC(vreemd)	2	697314	96.3306
Busy SPEC(deeleigen)	2	697316	96.3309
Buscemi SPEC(deeleigen)	2	697318	96.3311
Bruine SPEC(deeleigen)	2	697320	96.3314
Brother SPEC(vreemd)	2	697322	96.3317
Broecks SPEC(deeleigen)	2	697324	96.332
Bring SPEC(vreemd)	2	697326	96.3322
Bridge SPEC(vreemd)	2	697328	96.3325
Brechtje SPEC(deeleigen)	2	697330	96.3328
Brak SPEC(deeleigen)	2	697332	96.3331
Boyke SPEC(deeleigen)	2	697334	96.3333
Boxmeer SPEC(deeleigen)	2	697336	96.3336
Bowling SPEC(vreemd)	2	697338	96.3339
Boulevard SPEC(deeleigen)	2	697340	96.3342
Boss SPEC(deeleigen)	2	697342	96.3345
Bosnie SPEC(deeleigen)	2	697344	96.3347
Borne SPEC(deeleigen)	2	697346	96.335
Borluut SPEC(deeleigen)	2	697348	96.3353
Bonnie SPEC(deeleigen)	2	697350	96.3356
Bonito SPEC(deeleigen)	2	697352	96.3358
BohÃ¨me SPEC(deeleigen)	2	697354	96.3361
Boekanier SPEC(deeleigen)	2	697356	96.3364
Boeka SPEC(deeleigen)	2	697358	96.3367
Boeckstaetehof SPEC(deeleigen)	2	697360	96.3369
Blegh SPEC(deeleigen)	2	697362	96.3372
Blanckestraat SPEC(deeleigen)	2	697364	96.3375
Bisous SPEC(vreemd)	2	697366	96.3378
Bis SPEC(deeleigen)	2	697368	96.338
Birmingham SPEC(deeleigen)	2	697370	96.3383
Bio SPEC(deeleigen)	2	697372	96.3386
Big SPEC(vreemd)	2	697374	96.3389
Bien SPEC(vreemd)	2	697376	96.3392
Bien SPEC(deeleigen)	2	697378	96.3394
Bibi SPEC(deeleigen)	2	697380	96.3397
Bestival SPEC(deeleigen)	2	697382	96.34
Bertha SPEC(deeleigen)	2	697384	96.3403
Bernhard SPEC(deeleigen)	2	697386	96.3405
Bernard SPEC(deeleigen)	2	697388	96.3408
Berendien SPEC(deeleigen)	2	697390	96.3411
Belsfest SPEC(deeleigen)	2	697392	96.3414
Belgian SPEC(vreemd)	2	697394	96.3416
Belgen SPEC(deeleigen)	2	697396	96.3419
Bel SPEC(afk)	2	697398	96.3422
Because SPEC(vreemd)	2	697400	96.3425
Bauer SPEC(deeleigen)	2	697402	96.3427
Bateman SPEC(deeleigen)	2	697404	96.343
Basje SPEC(deeleigen)	2	697406	96.3433
Barrie SPEC(deeleigen)	2	697408	96.3436
Barney SPEC(deeleigen)	2	697410	96.3438
Barneveld SPEC(deeleigen)	2	697412	96.3441
Bandra SPEC(vreemd)	2	697414	96.3444
Bambino SPEC(deeleigen)	2	697416	96.3447
Bakmans SPEC(deeleigen)	2	697418	96.345
Bad SPEC(deeleigen)	2	697420	96.3452
Bachlaan SPEC(deeleigen)	2	697422	96.3455
Ba SPEC(deeleigen)	2	697424	96.3458
BVD SPEC(deeleigen)	2	697426	96.3461
BREAKING SPEC(vreemd)	2	697428	96.3463
BP SPEC(symb)	2	697430	96.3466
BMW SPEC(deeleigen)	2	697432	96.3469
BDAY SPEC(deeleigen)	2	697434	96.3472
BATA SPEC(deeleigen)	2	697436	96.3474
BA SPEC(deeleigen)	2	697438	96.3477
B SPEC(deeleigen)	2	697440	96.348
Aye SPEC(vreemd)	2	697442	96.3483
Awh SPEC(deeleigen)	2	697444	96.3485
Avans SPEC(deeleigen)	2	697446	96.3488
Austrian SPEC(deeleigen)	2	697448	96.3491
Auschwitz SPEC(deeleigen)	2	697450	96.3494
Aukje SPEC(deeleigen)	2	697452	96.3497
Atm SPEC(deeleigen)	2	697454	96.3499
Atak SPEC(deeleigen)	2	697456	96.3502
Aske SPEC(vreemd)	2	697458	96.3505
Aske SPEC(deeleigen)	2	697460	96.3508
Askars SPEC(deeleigen)	2	697462	96.351
Around SPEC(vreemd)	2	697464	96.3513
Arktos SPEC(deeleigen)	2	697466	96.3516
Arc SPEC(deeleigen)	2	697468	96.3519
Anvers SPEC(deeleigen)	2	697470	96.3521
Anton SPEC(deeleigen)	2	697472	96.3524
Annicka SPEC(deeleigen)	2	697474	96.3527
Anni SPEC(deeleigen)	2	697476	96.353
Annet SPEC(deeleigen)	2	697478	96.3532
Annelot SPEC(deeleigen)	2	697480	96.3535
Annelieske SPEC(deeleigen)	2	697482	96.3538
Annelien SPEC(deeleigen)	2	697484	96.3541
Ankie SPEC(deeleigen)	2	697486	96.3543
Anish SPEC(deeleigen)	2	697488	96.3546
Angela SPEC(deeleigen)	2	697490	96.3549
Andy SPEC(deeleigen)	2	697492	96.3552
Android SPEC(vreemd)	2	697494	96.3555
Amerika SPEC(deeleigen)	2	697496	96.3557
Amadeus SPEC(deeleigen)	2	697498	96.356
Alwin SPEC(deeleigen)	2	697500	96.3563
Alv SPEC(deeleigen)	2	697502	96.3566
Alst SPEC(deeleigen)	2	697504	96.3568
Alpha SPEC(deeleigen)	2	697506	96.3571
AllÃ© SPEC(vreemd)	2	697508	96.3574
Allez SPEC(deeleigen)	2	697510	96.3577
Alleman SPEC(deeleigen)	2	697512	96.3579
Alive SPEC(vreemd)	2	697514	96.3582
Alice SPEC(deeleigen)	2	697516	96.3585
Alicante SPEC(deeleigen)	2	697518	96.3588
Algemeen SPEC(deeleigen)	2	697520	96.359
Alfred SPEC(deeleigen)	2	697522	96.3593
Alev SPEC(deeleigen)	2	697524	96.3596
Ajaj SPEC(vreemd)	2	697526	96.3599
Aike SPEC(deeleigen)	2	697528	96.3602
Ahhh SPEC(deeleigen)	2	697530	96.3604
Afterparty SPEC(vreemd)	2	697532	96.3607
After SPEC(vreemd)	2	697534	96.361
Adam SPEC(deeleigen)	2	697536	96.3613
Actually SPEC(vreemd)	2	697538	96.3615
Actiaat SPEC(deeleigen)	2	697540	96.3618
Accidentally SPEC(vreemd)	2	697542	96.3621
Abma SPEC(deeleigen)	2	697544	96.3624
Abel SPEC(deeleigen)	2	697546	96.3626
Aaaah SPEC(deeleigen)	2	697548	96.3629
APK SPEC(deeleigen)	2	697550	96.3632
ANS SPEC(deeleigen)	2	697552	96.3635
AK SPEC(deeleigen)	2	697554	96.3637
ADHD SPEC(deeleigen)	2	697556	96.364
ACC SPEC(deeleigen)	2	697558	96.3643
A.s. SPEC(afk)	2	697560	96.3646
A. SPEC(deeleigen)	2	697562	96.3648
@ N(soort,ev,basis,zijd,stan)	2	697564	96.3651
?????? SPEC(symb)	2	697566	96.3654
???? SPEC(symb)	2	697568	96.3657
?!! LET()	2	697570	96.366
<decimal> N(soort,ev,basis,zijd,stan)	2	697572	96.3662
<TIME> SPEC(vreemd)	2	697574	96.3665
<PLAATSNAAM> SPEC(symb)	2	697576	96.3668
<KROEGNAAM> SPEC(symb)	2	697578	96.3671
;$ SPEC(symb)	2	697580	96.3673
:-@ SPEC(symb)	2	697582	96.3676
:* SPEC(symb)	2	697584	96.3679
:'S SPEC(symb)	2	697586	96.3682
9:00 SPEC(symb)	2	697588	96.3684
9971 TW(hoofd,vrij)	2	697590	96.3687
9876 TW(hoofd,vrij)	2	697592	96.369
97 TW(hoofd,vrij)	2	697594	96.3693
930 TW(hoofd,vrij)	2	697596	96.3695
92 TW(hoofd,vrij)	2	697598	96.3698
91 TW(hoofd,vrij)	2	697600	96.3701
900 TW(hoofd,vrij)	2	697602	96.3704
900 SPEC(symb)	2	697604	96.3706
88 TW(hoofd,vrij)	2	697606	96.3709
87 TW(hoofd,prenom,stan)	2	697608	96.3712
857748 TW(hoofd,vrij)	2	697610	96.3715
83 TW(hoofd,vrij)	2	697612	96.3718
800 TW(hoofd,prenom,stan)	2	697614	96.372
8,50 TW(hoofd,vrij)	2	697616	96.3723
8 SPEC(vreemd)	2	697618	96.3726
7e TW(rang,prenom,stan)	2	697620	96.3729
77 TW(hoofd,vrij)	2	697622	96.3731
76 TW(hoofd,prenom,stan)	2	697624	96.3734
74 TW(hoofd,vrij)	2	697626	96.3737
74 TW(hoofd,prenom,stan)	2	697628	96.374
7.30 TW(hoofd,prenom,stan)	2	697630	96.3742
7,1 TW(hoofd,vrij)	2	697632	96.3745
67 TW(hoofd,vrij)	2	697634	96.3748
6543 TW(hoofd,vrij)	2	697636	96.3751
65 TW(hoofd,prenom,stan)	2	697638	96.3753
6.37 TW(hoofd,vrij)	2	697640	96.3756
6,2 TW(hoofd,vrij)	2	697642	96.3759
6 SPEC(vreemd)	2	697644	96.3762
58 TW(hoofd,prenom,stan)	2	697646	96.3765
57 TW(hoofd,vrij)	2	697648	96.3767
57 SPEC(symb)	2	697650	96.377
546 TW(hoofd,vrij)	2	697652	96.3773
52 TW(hoofd,vrij)	2	697654	96.3776
51 TW(hoofd,prenom,stan)	2	697656	96.3778
5025 TW(hoofd,vrij)	2	697658	96.3781
5.1 SPEC(deeleigen)	2	697660	96.3784
5,6 TW(hoofd,prenom,stan)	2	697662	96.3787
46 TW(hoofd,vrij)	2	697664	96.3789
46 TW(hoofd,prenom,stan)	2	697666	96.3792
421 TW(hoofd,prenom,stan)	2	697668	96.3795
410 TW(hoofd,prenom,stan)	2	697670	96.3798
3e. SPEC(symb)	2	697672	96.38
39 SPEC(deeleigen)	2	697674	96.3803
38 TW(hoofd,prenom,stan)	2	697676	96.3806
360 TW(hoofd,prenom,stan)	2	697678	96.3809
360 SPEC(symb)	2	697680	96.3811
34 TW(hoofd,vrij)	2	697682	96.3814
34 TW(hoofd,prenom,stan)	2	697684	96.3817
33000 SPEC(symb)	2	697686	96.382
31ste TW(rang,prenom,stan)	2	697688	96.3823
31 TW(hoofd,prenom,stan)	2	697690	96.3825
308 TW(hoofd,vrij)	2	697692	96.3828
3000 TW(hoofd,prenom,stan)	2	697694	96.3831
3,5 TW(hoofd,prenom,stan)	2	697696	96.3834
28 TW(rang,prenom,stan)	2	697698	96.3836
28 TW(hoofd,prenom,stan)	2	697700	96.3839
27 TW(hoofd,prenom,stan)	2	697702	96.3842
26 TW(rang,prenom,stan)	2	697704	96.3845
24 TW(rang,prenom,stan)	2	697706	96.3847
230 SPEC(symb)	2	697708	96.385
23 SPEC(symb)	2	697710	96.3853
225 TW(hoofd,prenom,stan)	2	697712	96.3856
22,50 TW(hoofd,vrij)	2	697714	96.3858
21ste TW(rang,prenom,stan)	2	697716	96.3861
21:30 TW(hoofd,vrij)	2	697718	96.3864
21:15 SPEC(symb)	2	697720	96.3867
212 TW(hoofd,vrij)	2	697722	96.387
210 TW(hoofd,vrij)	2	697724	96.3872
21.30 TW(hoofd,vrij)	2	697726	96.3875
20:00 TW(hoofd,vrij)	2	697728	96.3878
2012 TW(hoofd,vrij)	2	697730	96.3881
2007 TW(hoofd,vrij)	2	697732	96.3883
20 SPEC(symb)	2	697734	96.3886
2,50 ADJ(prenom,basis,zonder)	2	697736	96.3889
2 SPEC(deeleigen)	2	697738	96.3892
19:00 TW(hoofd,prenom,stan)	2	697740	96.3894
1918 TW(hoofd,vrij)	2	697742	96.3897
1915 TW(hoofd,vrij)	2	697744	96.39
1905 TW(hoofd,vrij)	2	697746	96.3903
1900 TW(hoofd,vrij)	2	697748	96.3905
19.00 SPEC(symb)	2	697750	96.3908
19 SPEC(symb)	2	697752	96.3911
18:53 SPEC(symb)	2	697754	96.3914
18:30 SPEC(symb)	2	697756	96.3916
18:05 SPEC(symb)	2	697758	96.3919
1845 TW(hoofd,vrij)	2	697760	96.3922
180 TW(hoofd,vrij)	2	697762	96.3925
18.30 TW(hoofd,vrij)	2	697764	96.3928
17:00 SPEC(symb)	2	697766	96.393
176 TW(hoofd,prenom,stan)	2	697768	96.3933
175 TW(hoofd,prenom,stan)	2	697770	96.3936
1700 TW(hoofd,vrij)	2	697772	96.3939
17.30 TW(hoofd,vrij)	2	697774	96.3941
17.05 TW(hoofd,prenom,stan)	2	697776	96.3944
16:30 TW(hoofd,vrij)	2	697778	96.3947
16:03 SPEC(symb)	2	697780	96.395
1600 TW(hoofd,prenom,stan)	2	697782	96.3952
160 TW(hoofd,prenom,stan)	2	697784	96.3955
16.15 TW(hoofd,prenom,stan)	2	697786	96.3958
16.00 TW(hoofd,vrij)	2	697788	96.3961
15de TW(rang,prenom,stan)	2	697790	96.3963
150 TW(hoofd,vrij)	2	697792	96.3966
15.30 TW(hoofd,vrij)	2	697794	96.3969
15.05 TW(hoofd,prenom,stan)	2	697796	96.3972
14de? SPEC(symb)	2	697798	96.3974
14:20 SPEC(symb)	2	697800	96.3977
14:15 SPEC(symb)	2	697802	96.398
1430 TW(hoofd,vrij)	2	697804	96.3983
1415 TW(hoofd,vrij)	2	697806	96.3986
1400 TW(hoofd,prenom,stan)	2	697808	96.3988
140 TW(hoofd,vrij)	2	697810	96.3991
14.45 SPEC(symb)	2	697812	96.3994
13:35 SPEC(symb)	2	697814	96.3997
13:15 SPEC(symb)	2	697816	96.3999
137 TW(hoofd,prenom,stan)	2	697818	96.4002
1350 TW(hoofd,vrij)	2	697820	96.4005
133 TW(hoofd,vrij)	2	697822	96.4008
131 TW(hoofd,vrij)	2	697824	96.401
1300 TW(hoofd,prenom,stan)	2	697826	96.4013
13.45 TW(hoofd,prenom,stan)	2	697828	96.4016
13.00 TW(hoofd,prenom,stan)	2	697830	96.4019
12:15 SPEC(symb)	2	697832	96.4021
12:10 SPEC(symb)	2	697834	96.4024
12:00 TW(hoofd,vrij)	2	697836	96.4027
12:00 TW(hoofd,prenom,stan)	2	697838	96.403
12:00 SPEC(symb)	2	697840	96.4033
128 TW(hoofd,prenom,stan)	2	697842	96.4035
127 SPEC(deeleigen)	2	697844	96.4038
1245 TW(hoofd,prenom,stan)	2	697846	96.4041
124 TW(hoofd,vrij)	2	697848	96.4044
124 TW(hoofd,prenom,stan)	2	697850	96.4046
1220 TW(hoofd,vrij)	2	697852	96.4049
1200 TW(hoofd,prenom,stan)	2	697854	96.4052
12.15 TW(hoofd,prenom,stan)	2	697856	96.4055
12 TW(rang,prenom,stan)	2	697858	96.4057
12 SPEC(vreemd)	2	697860	96.406
11:45 SPEC(symb)	2	697862	96.4063
11:00 SPEC(symb)	2	697864	96.4066
118 TW(hoofd,prenom,stan)	2	697866	96.4068
117 TW(hoofd,prenom,stan)	2	697868	96.4071
112 TW(hoofd,vrij)	2	697870	96.4074
111 TW(hoofd,prenom,stan)	2	697872	96.4077
110 TW(hoofd,prenom,stan)	2	697874	96.4079
11 TW(rang,prenom,stan)	2	697876	96.4082
10e TW(rang,prenom,stan)	2	697878	96.4085
10e TW(rang,nom,zonder-n)	2	697880	96.4088
10:10 SPEC(symb)	2	697882	96.4091
10:00 TW(hoofd,prenom,stan)	2	697884	96.4093
108 SPEC(deeleigen)	2	697886	96.4096
105 TW(hoofd,vrij)	2	697888	96.4099
105 SPEC(symb)	2	697890	96.4102
10.30 SPEC(symb)	2	697892	96.4104
10 TW(hoofd,nom,zonder-n,basis)	2	697894	96.4107
10 SPEC(symb)	2	697896	96.411
1.3 SPEC(symb)	2	697898	96.4113
0900 SPEC(symb)	2	697900	96.4115
0614814449 SPEC(symb)	2	697902	96.4118
05:00 SPEC(symb)	2	697904	96.4121
0499 SPEC(symb)	2	697906	96.4124
0494 TW(hoofd,vrij)	2	697908	96.4126
043 SPEC(symb)	2	697910	96.4129
040 SPEC(symb)	2	697912	96.4132
03 TW(hoofd,vrij)	2	697914	96.4135
03 SPEC(symb)	2	697916	96.4138
0,0 TW(hoofd,prenom,stan)	2	697918	96.414
.58 SPEC(symb)	2	697920	96.4143
..! LET()	2	697922	96.4146
-8 TW(hoofd,prenom,stan)	2	697924	96.4149
-5 SPEC(symb)	2	697926	96.4151
-4 SPEC(symb)	2	697928	96.4154
-30 TW(hoofd,vrij)	2	697930	96.4157
-18 TW(hoofd,vrij)	2	697932	96.416
-13 TW(hoofd,vrij)	2	697934	96.4162
,1 TW(hoofd,vrij)	2	697936	96.4165
'n ADJ(prenom,basis,zonder)	2	697938	96.4168
!?!? LET()	2	697940	96.4171
!. LET()	2	697942	96.4173
!- LET()	2	697944	96.4176
!!!!!!!! LET()	2	697946	96.4179
îjes N(soort,mv,dim)	1	697947	96.418
â¬ WW(vd,vrij,zonder)	1	697948	96.4182
â¬ SPEC(afk)	1	697949	96.4183
â¬ N(soort,mv,basis)	1	697950	96.4184
â¬ N(soort,ev,basis,zijd,stan)	1	697951	96.4186
â SPEC(vreemd)	1	697952	96.4187
Î¼Î·ÏÎ­ÏÎ± N(soort,ev,basis,zijd,stan)	1	697953	96.4189
ÎºÎ±Î»Î® N(soort,ev,basis,zijd,stan)	1	697954	96.419
Ã¼berafhaak N(soort,ev,basis,zijd,stan)	1	697955	96.4191
Ã¼ber N(soort,ev,basis,zijd,stan)	1	697956	96.4193
Ã¶ SPEC(symb)	1	697957	96.4194
Ã¶ N(soort,ev,basis,zijd,stan)	1	697958	96.4196
Ãµcko N(soort,ev,basis,onz,stan)	1	697959	96.4197
Ã´Ã´ght N(soort,mv,basis)	1	697960	96.4198
Ã³veral N(soort,ev,basis,zijd,stan)	1	697961	96.42
Ã­k VNW(pers,pron,nomin,red,3,ev,masc)	1	697962	96.4201
Ã©Ã©n SPEC(deeleigen)	1	697963	96.4202
Ã©rg SPEC(symb)	1	697964	96.4204
Ã©puisÃ©e SPEC(vreemd)	1	697965	96.4205
Ã©f N(soort,mv,basis)	1	697966	96.4207
Ã©cht N(soort,ev,basis,zijd,stan)	1	697967	96.4208
Ã¨n N(soort,ev,basis,onz,stan)	1	697968	96.4209
Ã¨chte WW(vd,prenom,met-e)	1	697969	96.4211
Ã¨chte N(soort,ev,basis,zijd,stan)	1	697970	96.4212
Ã¨cht WW(pv,tgw,ev)	1	697971	96.4213
Ã¨cht N(soort,ev,basis,zijd,stan)	1	697972	96.4215
Ã¨cht ADJ(vrij,basis,zonder)	1	697973	96.4216
Ã¤r SPEC(vreemd)	1	697974	96.4218
Ã¤lskar N(soort,ev,basis,zijd,stan)	1	697975	96.4219
Ã¡Ã¡n VZ(init)	1	697976	96.422
Ã¡ndere ADJ(prenom,basis,met-e,stan)	1	697977	96.4222
Ã¡ltijd N(soort,ev,basis,zijd,stan)	1	697978	96.4223
Ã¡ltijd BW()	1	697979	96.4225
Ã¡lles N(soort,ev,basis,zijd,stan)	1	697980	96.4226
Ã  SPEC(deeleigen)	1	697981	96.4227
Ãt SPEC(deeleigen)	1	697982	96.4229
Ã SPEC(vreemd)	1	697983	96.423
Â¿ SPEC(symb)	1	697984	96.4231
Â´k VNW(pers,pron,stan,red,3,ev,onz)	1	697985	96.4233
~ LET()	1	697986	96.4234
} SPEC(symb)	1	697987	96.4236
} LET()	1	697988	96.4237
{ SPEC(symb)	1	697989	96.4238
zÃ¼rich SPEC(deeleigen)	1	697990	96.424
zÃ³veel TW(hoofd,prenom,stan)	1	697991	96.4241
zÃ³'n N(soort,mv,basis)	1	697992	96.4242
zÃ­e WW(pv,verl,ev)	1	697993	96.4244
zÃ©Ã©r VNW(onbep,grad,stan,vrij,zonder,comp)	1	697994	96.4245
zÃ©ker ADJ(vrij,comp,zonder)	1	697995	96.4247
zÃ©ker ADJ(vrij,basis,zonder)	1	697996	96.4248
zzzzzzzzzzzzzzz N(soort,ev,basis,zijd,stan)	1	697997	96.4249
zzzzzzzzzzz SPEC(deeleigen)	1	697998	96.4251
zzz N(soort,mv,basis)	1	697999	96.4252
zyt N(soort,ev,basis,zijd,stan)	1	698000	96.4254
zyt N(soort,ev,basis,onz,stan)	1	698001	96.4255
zyn WW(vd,vrij,zonder)	1	698002	96.4256
zyn WW(pv,tgw,ev)	1	698003	96.4258
zyn N(soort,ev,basis,onz,stan)	1	698004	96.4259
zyn ADJ(vrij,basis,zonder)	1	698005	96.426
zym N(soort,ev,basis,zijd,stan)	1	698006	96.4262
zx N(soort,ev,basis,zijd,stan)	1	698007	96.4263
zx N(soort,ev,basis,onz,stan)	1	698008	96.4265
zwynaarde WW(pv,verl,ev)	1	698009	96.4266
zwynaarde WW(od,prenom,met-e)	1	698010	96.4267
zwoel ADJ(vrij,basis,zonder)	1	698011	96.4269
zwoeien WW(pv,tgw,mv)	1	698012	96.427
zwoegen WW(inf,vrij,zonder)	1	698013	96.4272
zwitsers ADJ(prenom,basis,met-e,stan)	1	698014	96.4273
zwine N(soort,mv,dim)	1	698015	96.4274
zwijnaardse N(soort,ev,basis,onz,stan)	1	698016	96.4276
zwijnaarde ADJ(prenom,basis,met-e,stan)	1	698017	96.4277
zwijn N(soort,mv,basis)	1	698018	96.4278
zwijgen WW(vd,vrij,zonder)	1	698019	96.428
zwijgen WW(pv,tgw,ev)	1	698020	96.4281
zwieren WW(vd,vrij,zonder)	1	698021	96.4283
zweven WW(pv,tgw,met-t)	1	698022	96.4284
zweven WW(pv,tgw,ev)	1	698023	96.4285
zweten WW(pv,verl,ev)	1	698024	96.4287
zweten WW(od,prenom,met-e)	1	698025	96.4288
zwemshort N(soort,ev,basis,zijd,stan)	1	698026	96.4289
zwemsessie N(soort,mv,basis)	1	698027	96.4291
zwempas ADJ(vrij,basis,zonder)	1	698028	96.4292
zwemmen WW(od,vrij,zonder)	1	698029	96.4294
zwemme N(soort,ev,basis,onz,stan)	1	698030	96.4295
zwemluier N(soort,mv,basis)	1	698031	96.4296
zwemkaart WW(pv,tgw,met-t)	1	698032	96.4298
zwembril N(soort,ev,basis,zijd,stan)	1	698033	96.4299
zwemband N(soort,mv,dim)	1	698034	96.4301
zwembadfeest N(soort,ev,basis,zijd,stan)	1	698035	96.4302
zwembad N(soort,mv,dim)	1	698036	96.4303
zwembad N(soort,mv,basis)	1	698037	96.4305
zwellen WW(vd,vrij,zonder)	1	698038	96.4306
zwei N(soort,ev,basis,zijd,stan)	1	698039	96.4307
zweetcoma N(soort,ev,basis,onz,stan)	1	698040	96.4309
zweetband N(soort,mv,dim)	1	698041	96.431
zweeds ADJ(prenom,basis,zonder)	1	698042	96.4312
zwartgeblakerd ADJ(prenom,basis,met-e,stan)	1	698043	96.4313
zwart ADJ(nom,basis,zonder,zonder-n)	1	698044	96.4314
zware ADJ(prenom,basis,met-e,stan)	1	698045	96.4316
zwangerschapstest N(soort,mv,basis)	1	698046	96.4317
zwangerschapsdementie N(soort,ev,dim,onz,stan)	1	698047	96.4318
zwak ADJ(vrij,dim,zonder)	1	698048	96.432
zwak ADJ(vrij,basis,zonder)	1	698049	96.4321
zwak ADJ(prenom,basis,zonder)	1	698050	96.4323
zwak ADJ(nom,sup,met-e,zonder-n,stan)	1	698051	96.4324
zwager N(soort,ev,basis,zijd,stan)	1	698052	96.4325
zwaartepunt N(soort,ev,basis,onz,stan)	1	698053	96.4327
zwaartekracht N(soort,ev,basis,zijd,stan)	1	698054	96.4328
zwaargewonde N(soort,mv,basis)	1	698055	96.433
zwaar ADJ(prenom,sup,met-e,stan)	1	698056	96.4331
zwaailicht N(soort,ev,basis,onz,stan)	1	698057	96.4332
zwaaikunst N(soort,mv,basis)	1	698058	96.4334
zwaaien WW(pv,tgw,met-t)	1	698059	96.4335
zwaai N(soort,ev,basis,zijd,stan)	1	698060	96.4336
zwaagmans N(soort,mv,basis)	1	698061	96.4338
zwaaar ADJ(vrij,basis,zonder)	1	698062	96.4339
zwaaaar ADJ(vrij,basis,zonder)	1	698063	96.4341
zuuuuuuup SPEC(vreemd)	1	698064	96.4342
zuurkoolstamp N(soort,ev,basis,zijd,stan)	1	698065	96.4343
zuur ADJ(prenom,basis,zonder)	1	698066	96.4345
zuuh N(soort,ev,basis,onz,stan)	1	698067	96.4346
zutphen N(soort,mv,basis)	1	698068	96.4347
zutphen N(soort,ev,basis,onz,stan)	1	698069	96.4349
zutendaal N(soort,ev,basis,zijd,stan)	1	698070	96.435
zut WW(pv,tgw,ev)	1	698071	96.4352
zut N(soort,ev,basis,zijd,stan)	1	698072	96.4353
zut N(soort,ev,basis,onz,stan)	1	698073	96.4354
zusterlief ADJ(vrij,basis,zonder)	1	698074	96.4356
zustah N(soort,ev,basis,zijd,stan)	1	698075	96.4357
zusta N(soort,ev,basis,zijd,stan)	1	698076	96.4359
zussie N(soort,mv,basis)	1	698077	96.436
zussendag N(soort,ev,dim,onz,stan)	1	698078	96.4361
zuslief N(soort,ev,basis,onz,stan)	1	698079	96.4363
zuse N(soort,ev,basis,zijd,stan)	1	698080	96.4364
zusch ADJ(vrij,basis,zonder)	1	698081	96.4365
zus WW(pv,tgw,ev)	1	698082	96.4367
zundapp N(soort,ev,basis,onz,stan)	1	698083	96.4368
zumbale N(soort,mv,basis)	1	698084	96.437
zumba SPEC(vreemd)	1	698085	96.4371
zumba N(soort,ev,basis,onz,stan)	1	698086	96.4372
zumba ADJ(vrij,basis,zonder)	1	698087	96.4374
zulu N(soort,ev,basis,zijd,stan)	1	698088	96.4375
zulln N(soort,mv,basis)	1	698089	96.4376
zullm N(soort,ev,basis,zijd,stan)	1	698090	96.4378
zullen WW(pv,conj,ev)	1	698091	96.4379
zullen WW(inf,vrij,zonder)	1	698092	96.4381
zulle VNW(pers,pron,dial)	1	698093	96.4382
zulk VNW(aanw,det,stan,prenom,zonder,evon)	1	698094	96.4383
zuiver ADJ(prenom,basis,met-e,stan)	1	698095	96.4385
zuiptime N(soort,ev,basis,zijd,stan)	1	698096	96.4386
zuipschuit N(soort,ev,basis,zijd,stan)	1	698097	96.4388
zuipkaart N(soort,ev,basis,zijd,stan)	1	698098	96.4389
zuipinge N(soort,ev,basis,zijd,stan)	1	698099	96.439
zuipend ADJ(prenom,basis,zonder)	1	698100	96.4392
zuipen WW(od,prenom,met-e)	1	698101	96.4393
zuip WW(pv,tgw,met-t)	1	698102	96.4394
zuinig ADJ(vrij,comp,zonder)	1	698103	96.4396
zuil N(soort,ev,dim,onz,stan)	1	698104	96.4397
zuil N(soort,ev,basis,zijd,stan)	1	698105	96.4399
zuigplek N(soort,mv,dim)	1	698106	96.44
zuigplek N(soort,ev,basis,zijd,stan)	1	698107	96.4401
zuienkerke N(soort,ev,dim,onz,stan)	1	698108	96.4403
zuidwilhelmsvaart N(soort,ev,basis,zijd,stan)	1	698109	96.4404
zuidwesten N(soort,ev,basis,onz,stan)	1	698110	96.4406
zuidwaarts ADJ(vrij,basis,zonder)	1	698111	96.4407
zuidpoort N(soort,ev,basis,zijd,stan)	1	698112	96.4408
zuid N(soort,ev,basis,onz,stan)	1	698113	96.441
zuden N(soort,mv,basis)	1	698114	96.4411
zuchten WW(inf,vrij,zonder)	1	698115	96.4412
zucht N(soort,ev,dim,onz,stan)	1	698116	96.4414
zu BW()	1	698117	96.4415
zstudio SPEC(vreemd)	1	698118	96.4417
zsm WW(vd,vrij,zonder)	1	698119	96.4418
zsm WW(pv,tgw,met-t)	1	698120	96.4419
zsm SPEC(symb)	1	698121	96.4421
zsm N(soort,ev,basis,zijd,stan)	1	698122	96.4422
zr ADJ(vrij,comp,zonder)	1	698123	96.4423
zoxxx N(soort,ev,basis,zijd,stan)	1	698124	96.4425
zowÃ© N(soort,ev,basis,onz,stan)	1	698125	96.4426
zowiezo N(soort,ev,basis,zijd,stan)	1	698126	96.4428
zowaar ADJ(vrij,basis,zonder)	1	698127	96.4429
zoveel N(soort,ev,basis,zijd,stan)	1	698128	96.443
zovaak BW()	1	698129	96.4432
zoudn N(soort,ev,basis,zijd,stan)	1	698130	96.4433
zou. N(soort,ev,dim,onz,stan)	1	698131	96.4435
zottin N(soort,ev,basis,zijd,stan)	1	698132	96.4436
zottekot N(soort,ev,basis,zijd,stan)	1	698133	96.4437
zottegem WW(pv,tgw,ev)	1	698134	96.4439
zottegem ADJ(vrij,comp,zonder)	1	698135	96.444
zott N(soort,ev,basis,onz,stan)	1	698136	96.4441
zotjes ADJ(vrij,dim,zonder)	1	698137	96.4443
zotgrappig ADJ(prenom,basis,zonder)	1	698138	96.4444
zot N(soort,ev,basis,zijd,stan)	1	698139	96.4446
zorgzaam ADJ(vrij,basis,zonder)	1	698140	96.4447
zorgvuldig ADJ(vrij,comp,zonder)	1	698141	96.4448
zorgvoorziening N(soort,mv,basis)	1	698142	96.445
zorgn N(soort,ev,basis,zijd,stan)	1	698143	96.4451
zorgd WW(vd,vrij,zonder)	1	698144	96.4452
zopie N(soort,ev,basis,zijd,stan)	1	698145	96.4454
zopas BW()	1	698146	96.4455
zoow N(soort,ev,basis,zijd,stan)	1	698147	96.4457
zoooooo N(soort,ev,basis,zijd,stan)	1	698148	96.4458
zooooo N(soort,ev,basis,onz,stan)	1	698149	96.4459
zoooo ADJ(vrij,basis,zonder)	1	698150	96.4461
zoon N(soort,ev,dim,onz,stan)	1	698151	96.4462
zoom N(soort,ev,basis,zijd,stan)	1	698152	96.4464
zool N(soort,mv,dim)	1	698153	96.4465
zonnestraal N(soort,mv,basis)	1	698154	96.4466
zonnestraal N(soort,ev,basis,zijd,stan)	1	698155	96.4468
zonneslag N(soort,ev,basis,zijd,stan)	1	698156	96.4469
zonnepaneel N(soort,mv,basis)	1	698157	96.447
zonnegloed N(soort,ev,basis,onz,stan)	1	698158	96.4472
zonnecreme N(soort,ev,basis,onz,stan)	1	698159	96.4473
zonnebanktegoed N(soort,ev,basis,zijd,stan)	1	698160	96.4475
zonneallergie N(soort,ev,basis,zijd,stan)	1	698161	96.4476
zonne N(soort,ev,basis,zijd,stan)	1	698162	96.4477
zonnaturadchap N(soort,ev,basis,onz,stan)	1	698163	96.4479
zonlicht N(soort,ev,basis,onz,stan)	1	698164	96.448
zondvloed N(soort,ev,basis,zijd,stan)	1	698165	96.4481
zondigen WW(inf,nom,zonder,zonder-n)	1	698166	96.4483
zondagvoormiddag N(soort,ev,basis,zijd,stan)	1	698167	96.4484
zondagschool N(soort,ev,basis,zijd,stan)	1	698168	96.4486
zondagnamiddag N(soort,ev,basis,zijd,stan)	1	698169	96.4487
zondagmuziek N(soort,ev,basis,zijd,stan)	1	698170	96.4488
zondagavond SPEC(vreemd)	1	698171	96.449
zondagactiviteit N(soort,mv,basis)	1	698172	96.4491
zondad ADJ(vrij,basis,zonder)	1	698173	96.4493
zometeen WW(inf,vrij,zonder)	1	698174	96.4494
zometeen VZ(fin)	1	698175	96.4495
zometeen N(soort,ev,basis,zijd,stan)	1	698176	96.4497
zomerweer N(soort,ev,basis,onz,stan)	1	698177	96.4498
zomertype N(soort,ev,basis,onz,stan)	1	698178	96.4499
zomerslaap N(soort,ev,basis,zijd,stan)	1	698179	96.4501
zomers ADJ(vrij,basis,zonder)	1	698180	96.4502
zomerklaar ADJ(vrij,basis,zonder)	1	698181	96.4504
zomerbroek N(soort,ev,basis,zijd,stan)	1	698182	96.4505
zomeravond N(soort,ev,basis,zijd,stan)	1	698183	96.4506
zomer N(soort,mv,basis)	1	698184	96.4508
zomedrekkies N(soort,mv,basis)	1	698185	96.4509
zojn N(soort,ev,basis,zijd,stan)	1	698186	96.451
zoja N(soort,ev,basis,zijd,stan)	1	698187	96.4512
zogenaamd ADJ(vrij,basis,zonder)	1	698188	96.4513
zoey N(soort,ev,basis,onz,stan)	1	698189	96.4515
zoet ADJ(prenom,basis,met-e,stan)	1	698190	96.4516
zoenie N(soort,ev,basis,zijd,stan)	1	698191	96.4517
zoene VNW(vrag,pron,dial)	1	698192	96.4519
zoem N(soort,ev,basis,zijd,stan)	1	698193	96.452
zoekresultaat N(soort,mv,basis)	1	698194	96.4522
zoekkaart N(soort,mv,basis)	1	698195	96.4523
zoeker N(soort,mv,dim)	1	698196	96.4524
zoeke N(soort,ev,dim,onz,stan)	1	698197	96.4526
zoeke ADJ(prenom,basis,met-e,stan)	1	698198	96.4527
zoekactie N(soort,ev,basis,zijd,stan)	1	698199	96.4528
zoek N(soort,ev,basis,zijd,stan)	1	698200	96.453
zodus ADJ(postnom,basis,zonder)	1	698201	96.4531
zodirect WW(pv,tgw,met-t)	1	698202	96.4533
zodawe ADJ(prenom,basis,met-e,stan)	1	698203	96.4534
zocht N(soort,ev,basis,onz,stan)	1	698204	96.4535
zoal BW()	1	698205	96.4537
zo-zo N(soort,ev,basis,zijd,stan)	1	698206	96.4538
zo-ochtend ADJ(vrij,basis,zonder)	1	698207	96.454
zo'n VNW(aanw,det,stan,prenom,zonder,rest)	1	698208	96.4541
zo WW(pv,tgw,ev)	1	698209	96.4542
zn. SPEC(afk)	1	698210	96.4544
zkr WW(vd,vrij,zonder)	1	698211	96.4545
zkr ADJ(vrij,comp,zonder)	1	698212	96.4546
zkh N(soort,ev,basis,onz,stan)	1	698213	96.4548
zju TSW(dial)	1	698214	96.4549
zjoke SPEC(vreemd)	1	698215	96.4551
zjg SPEC(vreemd)	1	698216	96.4552
zjg N(soort,ev,basis,zijd,stan)	1	698217	96.4553
zjelÃ²ne BW()	1	698218	96.4555
ziÃ«n WW(pv,verl,ev)	1	698219	96.4556
zitze N(soort,ev,basis,zijd,stan)	1	698220	96.4557
zitzakzetel N(soort,ev,basis,zijd,stan)	1	698221	96.4559
zittnwe SPEC(vreemd)	1	698222	96.456
zittn WW(inf,vrij,zonder)	1	698223	96.4562
zittn SPEC(vreemd)	1	698224	96.4563
zittijd N(soort,ev,basis,zijd,stan)	1	698225	96.4564
zitten WW(inf,nom,zonder,zonder-n)	1	698226	96.4566
zittem SPEC(deeleigen)	1	698227	96.4567
zittek N(soort,ev,basis,onz,stan)	1	698228	96.4569
zitplek N(soort,mv,basis)	1	698229	96.457
zitplaats N(soort,mv,basis)	1	698230	96.4571
zitplaats N(soort,ev,basis,zijd,stan)	1	698231	96.4573
zitmeubilair N(soort,ev,basis,zijd,stan)	1	698232	96.4574
zitj N(soort,ev,basis,zijd,stan)	1	698233	96.4575
zitin WW(pv,tgw,ev)	1	698234	96.4577
zita N(soort,ev,basis,zijd,stan)	1	698235	96.4578
zit.no SPEC(symb)	1	698236	96.458
zir ADJ(vrij,basis,zonder)	1	698237	96.4581
zippen WW(inf,vrij,zonder)	1	698238	96.4582
zinvol ADJ(prenom,basis,met-e,stan)	1	698239	96.4584
zino N(soort,ev,basis,zijd,stan)	1	698240	96.4585
zinnigers ADJ(postnom,basis,met-s)	1	698241	96.4586
zinnig ADJ(prenom,basis,met-e,stan)	1	698242	96.4588
zinloos ADJ(vrij,basis,zonder)	1	698243	96.4589
zinloos ADJ(prenom,basis,met-e,stan)	1	698244	96.4591
zinken WW(inf,vrij,zonder)	1	698245	96.4592
zinin N(soort,ev,basis,zijd,stan)	1	698246	96.4593
zingen WW(vd,vrij,zonder)	1	698247	96.4595
zingen WW(pv,tgw,mv)	1	698248	96.4596
zingen WW(od,prenom,met-e)	1	698249	96.4598
zingen WW(inf,nom,zonder,zonder-n)	1	698250	96.4599
zinebben WW(pv,tgw,met-t)	1	698251	96.46
zilverpapier N(soort,ev,basis,onz,stan)	1	698252	96.4602
zilveren ADJ(prenom,basis,zonder)	1	698253	96.4603
zilver N(soort,ev,basis,onz,stan)	1	698254	96.4604
zilleghem N(soort,ev,basis,zijd,stan)	1	698255	96.4606
zillegem WW(pv,tgw,ev)	1	698256	96.4607
zijwiel N(soort,mv,dim)	1	698257	96.4609
zijvak N(soort,ev,basis,onz,stan)	1	698258	96.461
zijnxd N(soort,ev,basis,zijd,stan)	1	698259	96.4611
zijn.to SPEC(symb)	1	698260	96.4613
zijn WW(od,prenom,met-e)	1	698261	96.4614
zijn WW(dial)	1	698262	96.4615
zijm WW(inf,vrij,zonder)	1	698263	96.4617
zijlschip N(soort,ev,basis,onz,stan)	1	698264	96.4618
zijlijn N(soort,ev,basis,zijd,stan)	1	698265	96.462
zijkan N(soort,ev,dim,onz,stan)	1	698266	96.4621
zijde ADJ(prenom,basis,zonder)	1	698267	96.4622
zijb WW(pv,tgw,ev)	1	698268	96.4624
zij N(soort,ev,dim,onz,stan)	1	698269	96.4625
zij ADJ(prenom,basis,met-e,stan)	1	698270	96.4627
ziiten WW(pv,verl,mv)	1	698271	96.4628
ziin N(soort,ev,basis,onz,stan)	1	698272	96.4629
ziggo SPEC(vreemd)	1	698273	96.4631
ziggo N(soort,ev,basis,zijd,stan)	1	698274	96.4632
zigeuner N(soort,mv,basis)	1	698275	96.4633
zietsewel N(soort,ev,basis,zijd,stan)	1	698276	96.4635
zien WW(pv,verl,met-t)	1	698277	96.4636
zien WW(inf,nom,zonder,zonder-n)	1	698278	96.4638
zielsveel N(soort,ev,basis,onz,stan)	1	698279	96.4639
zielloos ADJ(prenom,basis,zonder)	1	698280	96.464
zielepot N(soort,ev,dim,onz,stan)	1	698281	96.4642
ziel N(soort,ev,basis,zijd,stan)	1	698282	96.4643
ziektewet N(soort,ev,basis,zijd,stan)	1	698283	96.4644
ziekteverlof N(soort,ev,basis,onz,stan)	1	698284	96.4646
ziekte N(soort,mv,basis)	1	698285	96.4647
ziekskes VNW(bez,det,dial)	1	698286	96.4649
ziekig ADJ(vrij,basis,zonder)	1	698287	96.465
ziekenhuisboek N(soort,ev,dim,onz,stan)	1	698288	96.4651
ziekenhuisbal N(soort,ev,basis,zijd,stan)	1	698289	96.4653
ziekenhuisapparatuur N(soort,ev,basis,zijd,stan)	1	698290	96.4654
ziekenfonds N(soort,ev,basis,onz,stan)	1	698291	96.4656
ziekenbezoek N(soort,ev,basis,onz,stan)	1	698292	96.4657
ziek ADJ(vrij,comp,zonder)	1	698293	96.4658
ziek ADJ(prenom,basis,zonder)	1	698294	96.466
zieet N(soort,ev,basis,onz,stan)	1	698295	96.4661
zidewinde N(soort,ev,basis,zijd,stan)	1	698296	96.4662
zichy SPEC(vreemd)	1	698297	96.4664
zi SPEC(afk)	1	698298	96.4665
zi BW()	1	698299	96.4667
zhem SPEC(vreemd)	1	698300	96.4668
zever N(soort,ev,basis,zijd,stan)	1	698301	96.4669
zevental N(soort,ev,basis,onz,stan)	1	698302	96.4671
zevenbergen N(soort,mv,basis)	1	698303	96.4672
zeven WW(pv,tgw,met-t)	1	698304	96.4674
zeus N(soort,mv,basis)	1	698305	96.4675
zeuren WW(vd,vrij,zonder)	1	698306	96.4676
zeur-hoofdpijn N(soort,ev,basis,zijd,stan)	1	698307	96.4678
zeuntje N(soort,ev,dim,onz,stan)	1	698308	96.4679
zetel N(soort,ev,dim,onz,stan)	1	698309	96.468
zestig TW(hoofd,vrij)	1	698310	96.4682
zestien TW(hoofd,vrij)	1	698311	96.4683
zeshonderd TW(hoofd,prenom,stan)	1	698312	96.4685
zes N(soort,ev,basis,zijd,stan)	1	698313	96.4686
zeppelin N(soort,ev,basis,zijd,stan)	1	698314	96.4687
zenuwslopend WW(od,vrij,zonder)	1	698315	96.4689
zenne WW(pv,verl,ev)	1	698316	96.469
zenne WW(pv,tgw,ev)	1	698317	96.4691
zenne ADJ(prenom,basis,met-e,stan)	1	698318	96.4693
zengerink N(soort,ev,basis,zijd,stan)	1	698319	96.4694
zene WW(od,prenom,met-e)	1	698320	96.4696
zending N(soort,ev,basis,zijd,stan)	1	698321	96.4697
zenden WW(pv,tgw,mv)	1	698322	96.4698
zenden WW(pv,tgw,met-t)	1	698323	96.47
zenden WW(pv,tgw,ev)	1	698324	96.4701
zencursus N(soort,ev,basis,zijd,stan)	1	698325	96.4703
zen N(soort,mv,basis)	1	698326	96.4704
zemmet WW(vd,vrij,zonder)	1	698327	96.4705
zemelachtig ADJ(vrij,basis,zonder)	1	698328	96.4707
zelve BW()	1	698329	96.4708
zell N(soort,ev,basis,onz,stan)	1	698330	96.4709
zelfstandigheid N(soort,ev,basis,zijd,stan)	1	698331	96.4711
zelfstandig ADJ(prenom,basis,zonder)	1	698332	96.4712
zelfst. SPEC(afk)	1	698333	96.4714
zelfmoordpreventie N(soort,ev,basis,zijd,stan)	1	698334	96.4715
zelfgemaakte N(soort,ev,basis,zijd,stan)	1	698335	96.4716
zelfcursus N(soort,ev,basis,zijd,stan)	1	698336	96.4718
zelfbevrediging N(soort,ev,basis,zijd,stan)	1	698337	96.4719
zelfa N(soort,ev,basis,zijd,stan)	1	698338	96.472
zelfa N(soort,ev,basis,onz,stan)	1	698339	96.4722
zeldzaam ADJ(prenom,basis,met-e,stan)	1	698340	96.4723
zelde WW(vd,prenom,met-e)	1	698341	96.4725
zeket WW(pv,tgw,ev)	1	698342	96.4726
zekert N(soort,ev,basis,onz,stan)	1	698343	96.4727
zekerheidsrecht N(soort,ev,basis,onz,stan)	1	698344	96.4729
zekerheidskwestie N(soort,ev,basis,zijd,stan)	1	698345	96.473
zeker ADJ(prenom,basis,zonder)	1	698346	96.4732
zeker ADJ(prenom,basis,met-e,stan)	1	698347	96.4733
zeker ADJ(nom,sup,met-e,zonder-n,stan)	1	698348	96.4734
zekah N(soort,ev,basis,onz,stan)	1	698349	96.4736
zeistpas N(soort,mv,basis)	1	698350	96.4737
zeilze N(soort,ev,basis,zijd,stan)	1	698351	96.4738
zeilweer N(soort,ev,basis,onz,stan)	1	698352	96.474
zeilweekend N(soort,ev,basis,zijd,stan)	1	698353	96.4741
zeilplezier N(soort,ev,basis,zijd,stan)	1	698354	96.4743
zeilmeisje N(soort,ev,dim,onz,stan)	1	698355	96.4744
zeilen WW(inf,nom,zonder,zonder-n)	1	698356	96.4745
zeilboot N(soort,ev,basis,zijd,stan)	1	698357	96.4747
zeil-toevoeging N(soort,ev,basis,zijd,stan)	1	698358	96.4748
zeikerd N(soort,ev,basis,zijd,stan)	1	698359	96.4749
zei.hij N(soort,ev,basis,zijd,stan)	1	698360	96.4751
zegzeg SPEC(symb)	1	698361	96.4752
zegzeg N(soort,ev,basis,zijd,stan)	1	698362	96.4754
zegtem N(soort,ev,basis,zijd,stan)	1	698363	96.4755
zegt N(soort,ev,basis,onz,stan)	1	698364	96.4756
zegn WW(inf,vrij,zonder)	1	698365	96.4758
zegmaar N(soort,ev,basis,zijd,stan)	1	698366	96.4759
zeggwn N(soort,mv,basis)	1	698367	96.4761
zeggn WW(inf,vrij,zonder)	1	698368	96.4762
zegget SPEC(symb)	1	698369	96.4763
zeggen.se SPEC(symb)	1	698370	96.4765
zeggen-dat N(soort,ev,basis,zijd,stan)	1	698371	96.4766
zeggen WW(dial)	1	698372	96.4767
zegg N(soort,ev,basis,zijd,stan)	1	698373	96.4769
zegenen WW(vd,vrij,zonder)	1	698374	96.477
zegel N(soort,mv,basis)	1	698375	96.4772
zege N(soort,ev,basis,zijd,stan)	1	698376	96.4773
zeg N(soort,ev,basis,zijd,stan)	1	698377	96.4774
zeeÃ«n WW(vd,vrij,zonder)	1	698378	96.4776
zeezottentijd N(soort,ev,basis,zijd,stan)	1	698379	96.4777
zeeziek ADJ(vrij,basis,zonder)	1	698380	96.4778
zeezicht N(soort,ev,basis,onz,stan)	1	698381	96.478
zeevrucht N(soort,mv,basis)	1	698382	96.4781
zeerste BW()	1	698383	96.4783
zeer N(soort,ev,basis,onz,stan)	1	698384	96.4784
zeemonster N(soort,ev,basis,zijd,stan)	1	698385	96.4785
zeeland ADJ(vrij,basis,zonder)	1	698386	96.4787
zeeker ADJ(prenom,comp,zonder)	1	698387	96.4788
zeef N(soort,ev,basis,zijd,stan)	1	698388	96.479
zeeer N(soort,ev,basis,zijd,stan)	1	698389	96.4791
zeeen N(soort,mv,basis)	1	698390	96.4792
zeedijk N(soort,ev,basis,zijd,stan)	1	698391	96.4794
zeebrugge N(soort,ev,basis,onz,stan)	1	698392	96.4795
zeebaars N(soort,ev,basis,zijd,stan)	1	698393	96.4796
zee SPEC(vreemd)	1	698394	96.4798
zedelgem N(soort,ev,basis,zijd,stan)	1	698395	96.4799
zebrastr N(soort,ev,basis,zijd,stan)	1	698396	96.4801
zebrakoek N(soort,mv,basis)	1	698397	96.4802
zebra-papier N(soort,mv,basis)	1	698398	96.4803
zebben N(soort,mv,basis)	1	698399	96.4805
zebbe N(soort,ev,basis,zijd,stan)	1	698400	96.4806
zeb WW(pv,tgw,ev)	1	698401	96.4808
zeb N(soort,ev,basis,zijd,stan)	1	698402	96.4809
ze.x N(soort,ev,dim,onz,stan)	1	698403	96.481
ze.be SPEC(symb)	1	698404	96.4812
ze VNW(pers,pron,obl,nadr,3v,getal,fem)	1	698405	96.4813
ze VNW(bez,det,dial)	1	698406	96.4814
ze BW()	1	698407	96.4816
zchilderen WW(vd,vrij,zonder)	1	698408	96.4817
zazie N(soort,ev,basis,zijd,stan)	1	698409	96.4819
zayco N(soort,mv,basis)	1	698410	96.482
zaveri SPEC(deeleigen)	1	698411	96.4821
zattigheid N(soort,ev,basis,zijd,stan)	1	698412	96.4823
zattie N(soort,ev,basis,zijd,stan)	1	698413	96.4824
zatte WW(pv,verl,ev)	1	698414	96.4825
zatrdagmiddag N(soort,ev,basis,zijd,stan)	1	698415	96.4827
zateroverdag N(soort,ev,basis,zijd,stan)	1	698416	96.4828
zaterfag N(soort,ev,basis,zijd,stan)	1	698417	96.483
zaterden WW(vd,vrij,zonder)	1	698418	96.4831
zaterdagvm SPEC(vreemd)	1	698419	96.4832
zaterdagsessie N(soort,ev,basis,zijd,stan)	1	698420	96.4834
zaterdags BW()	1	698421	96.4835
zaterdagochtend WW(pv,tgw,ev)	1	698422	96.4837
zaterdagmorgen N(soort,ev,basis,zijd,stan)	1	698423	96.4838
zaterdagen SPEC(deeleigen)	1	698424	96.4839
zaterdagavn WW(od,vrij,zonder)	1	698425	96.4841
zaterdag WW(pv,tgw,mv)	1	698426	96.4842
zatedag N(soort,ev,basis,zijd,stan)	1	698427	96.4843
zatdrinken WW(pv,tgw,met-t)	1	698428	96.4845
zat SPEC(vreemd)	1	698429	96.4846
zat ADJ(vrij,dim,zonder)	1	698430	96.4848
zat ADJ(vrij,comp,zonder)	1	698431	96.4849
zarzadzajacej N(soort,ev,basis,zijd,stan)	1	698432	96.485
zappen WW(inf,vrij,zonder)	1	698433	96.4852
zappen WW(inf,nom,zonder,zonder-n)	1	698434	96.4853
zanglesstudent N(soort,ev,basis,onz,stan)	1	698435	96.4854
zanggeweld WW(vd,vrij,zonder)	1	698436	96.4856
zang N(soort,ev,basis,zijd,stan)	1	698437	96.4857
zalmquiche ADJ(prenom,basis,met-e,stan)	1	698438	96.4859
zallek N(soort,ev,basis,zijd,stan)	1	698439	96.486
zalk WW(pv,tgw,met-t)	1	698440	96.4861
zalk N(soort,ev,basis,onz,stan)	1	698441	96.4863
zalf N(soort,mv,dim)	1	698442	96.4864
zalf N(soort,ev,basis,zijd,stan)	1	698443	96.4866
zakken WW(vd,vrij,zonder)	1	698444	96.4867
zakken WW(pv,tgw,met-t)	1	698445	96.4868
zakgeldverhoging N(soort,ev,basis,zijd,stan)	1	698446	96.487
zakenreis N(soort,ev,basis,zijd,stan)	1	698447	96.4871
zakdoek N(soort,mv,dim)	1	698448	96.4872
zakdoek N(soort,mv,basis)	1	698449	96.4874
zagreb N(soort,ev,basis,onz,stan)	1	698450	96.4875
zagen WW(pv,verl,ev)	1	698451	96.4877
zagen WW(pv,tgw,ev)	1	698452	96.4878
zadden N(soort,mv,basis)	1	698453	96.4879
zachtmoedigheid N(soort,ev,basis,zijd,stan)	1	698454	96.4881
zachtheid N(soort,ev,basis,zijd,stan)	1	698455	96.4882
zachtaardigheid N(soort,ev,basis,zijd,stan)	1	698456	96.4883
zabzab SPEC(vreemd)	1	698457	96.4885
zabzab ADJ(vrij,basis,zonder)	1	698458	96.4886
zaats ADJ(vrij,basis,zonder)	1	698459	96.4888
zaalvoetbal N(soort,ev,basis,onz,stan)	1	698460	96.4889
zaal N(soort,mv,basis)	1	698461	96.489
zaak N(soort,ev,dim,onz,stan)	1	698462	96.4892
zaaien WW(inf,vrij,zonder)	1	698463	96.4893
zaaien WW(inf,nom,zonder,zonder-n)	1	698464	96.4895
zaagmans SPEC(deeleigen)	1	698465	96.4896
zaagbal ADJ(vrij,basis,zonder)	1	698466	96.4897
zaadvinger N(soort,mv,basis)	1	698467	96.4899
zaad N(soort,mv,basis)	1	698468	96.49
zaad N(soort,ev,basis,onz,stan)	1	698469	96.4901
za^^ N(soort,ev,basis,zijd,stan)	1	698470	96.4903
za. SPEC(afk)	1	698471	96.4904
za-team N(soort,ev,basis,onz,stan)	1	698472	96.4906
zEla SPEC(vreemd)	1	698473	96.4907
z. SPEC(afk)	1	698474	96.4908
z-blok N(soort,ev,dim,onz,stan)	1	698475	96.491
z-as N(soort,ev,basis,zijd,stan)	1	698476	96.4911
yypen WW(pv,tgw,ev)	1	698477	96.4912
yvon N(soort,ev,basis,zijd,stan)	1	698478	96.4914
yvank SPEC(vreemd)	1	698479	96.4915
yvan N(soort,ev,basis,onz,stan)	1	698480	96.4917
yv SPEC(deeleigen)	1	698481	96.4918
yuuw N(soort,ev,basis,onz,stan)	1	698482	96.4919
yuuuw N(soort,ev,basis,zijd,stan)	1	698483	96.4921
yum SPEC(vreemd)	1	698484	96.4922
yuliuskilometermooi ADJ(prenom,basis,met-e,stan)	1	698485	96.4924
ys N(soort,mv,basis)	1	698486	96.4925
ys N(soort,ev,dim,onz,stan)	1	698487	96.4926
yrein N(soort,ev,basis,zijd,stan)	1	698488	96.4928
yr N(soort,ev,basis,zijd,stan)	1	698489	96.4929
yp N(soort,ev,basis,zijd,stan)	1	698490	96.493
yoy SPEC(vreemd)	1	698491	96.4932
youuuuuuuu SPEC(vreemd)	1	698492	96.4933
youuuu SPEC(vreemd)	1	698493	96.4935
youtube-film N(soort,ev,basis,zijd,stan)	1	698494	96.4936
yourself SPEC(vreemd)	1	698495	96.4937
youjizz N(soort,ev,basis,zijd,stan)	1	698496	96.4939
you.can SPEC(vreemd)	1	698497	96.494
you SPEC(deeleigen)	1	698498	96.4942
yosemite N(soort,ev,basis,zijd,stan)	1	698499	96.4943
yord N(soort,ev,basis,zijd,stan)	1	698500	96.4944
yooo N(soort,ev,basis,zijd,stan)	1	698501	96.4946
yoo N(soort,ev,basis,zijd,stan)	1	698502	96.4947
yolene N(soort,ev,basis,zijd,stan)	1	698503	96.4948
yolande ADJ(prenom,basis,met-e,stan)	1	698504	96.495
yoghurtpot N(soort,ev,dim,onz,stan)	1	698505	96.4951
ynknown SPEC(vreemd)	1	698506	96.4953
yihaaaaaaaaaa ADJ(vrij,basis,zonder)	1	698507	96.4954
yihaaa N(soort,ev,basis,zijd,stan)	1	698508	96.4955
yihaa N(soort,ev,basis,zijd,stan)	1	698509	96.4957
yey SPEC(vreemd)	1	698510	96.4958
yet WW(pv,tgw,ev)	1	698511	96.4959
yet N(soort,ev,basis,zijd,stan)	1	698512	96.4961
yet N(soort,ev,basis,onz,stan)	1	698513	96.4962
yes N(soort,mv,basis)	1	698514	96.4964
yeo N(soort,ev,basis,zijd,stan)	1	698515	96.4965
yen N(soort,mv,basis)	1	698516	96.4966
yellowmind SPEC(vreemd)	1	698517	96.4968
yeh N(soort,ev,basis,zijd,stan)	1	698518	96.4969
yeeeeaaAhhhh SPEC(deeleigen)	1	698519	96.4971
yeee N(soort,mv,basis)	1	698520	96.4972
years SPEC(vreemd)	1	698521	96.4973
year-old N(soort,ev,basis,onz,stan)	1	698522	96.4975
year-off-hell N(soort,ev,basis,zijd,stan)	1	698523	96.4976
yard WW(vd,vrij,zonder)	1	698524	96.4977
yard ADJ(vrij,basis,zonder)	1	698525	96.4979
yan N(soort,ev,basis,onz,stan)	1	698526	96.498
yahoo SPEC(vreemd)	1	698527	96.4982
yah BW()	1	698528	96.4983
y SPEC(deeleigen)	1	698529	96.4984
xzx N(soort,ev,basis,zijd,stan)	1	698530	96.4986
xz VNW(pers,pron,nomin,red,1,mv)	1	698531	96.4987
xy SPEC(vreemd)	1	698532	96.4988
xxy N(soort,ev,basis,zijd,stan)	1	698533	96.499
xxxz N(soort,ev,basis,zijd,stan)	1	698534	96.4991
xxxxxxxxxxxxxxxzzzzzzzzzzzzzzzzzzzzzzz N(soort,ev,basis,zijd,stan)	1	698535	96.4993
xxxxxxxxxxxxxxxxxxxxxxxxxxxxxxxxxxxxxxxxxxxxxxxxxxxxxxxxxxxxxxxxxxxxxxxxxxxxxxxxxxxxxxxxxxxxxxxxxxxxxxxxxxxxxxxxxxxxxxxxxxxxxxxxxxxxxxxxxxxxxxxxxx N(soort,ev,basis,zijd,stan)	1	698536	96.4994
xxxxxxxxxxxxxxxxxxxxxxxxxxxxxxxxxxxxxxxxxxxxxxxxxxxxxxxxxxxxxxxxxxxxxxxxxxxxxxxxxxxxxxxxxxxdxxxxxxxxxxxxxxxxxxxxxxxxx N(soort,ev,basis,zijd,stan)	1	698537	96.4995
xxxxxxxxxxxxxxxxxxxxxxxxxxxxxxxxxxxxxxxxxxxxxxxxxxxxxxxxxxxxxxxxxxxxxxxxxxxxx N(soort,ev,basis,zijd,stan)	1	698538	96.4997
xxxxxxxxxxxxxxxxxxxxxxxxxxxxxxxxxxxxxxxxxxxxxxxxxxx N(soort,ev,basis,zijd,stan)	1	698539	96.4998
xxxxxxxxxxxxxxxxxxxxxxxxxxxxxxxxxxxxxxxxxxxxxxxxxx N(soort,ev,basis,zijd,stan)	1	698540	96.5
xxxxxxxxxxxxxxxxxxxxxxxxxxxxxxxxxxxxxxxxxxxxxxxxx N(soort,ev,basis,zijd,stan)	1	698541	96.5001
xxxxxxxxxxxxxxxxxxxxxxxxxxxxxxxxxxxxxxxxxx N(soort,ev,basis,zijd,stan)	1	698542	96.5002
xxxxxxxxxxxxxxxxxxxxxxxxxxxxxxxxxxxxxxxxx N(soort,ev,basis,zijd,stan)	1	698543	96.5004
xxxxxxxxxxxxxxxxxxxxxxxxxxxxxxxxxxxxxx N(soort,ev,basis,zijd,stan)	1	698544	96.5005
xxxxxxxxxxxxxxxxxxxxxxxxxxxxxxxxxx N(soort,ev,basis,zijd,stan)	1	698545	96.5006
xxxxxxxxxxxxxxxxxxxxxxxxxxxxxxxx N(soort,ev,basis,zijd,stan)	1	698546	96.5008
xxxxxxxxxxxxxxxxxxxxxxx N(soort,ev,basis,zijd,stan)	1	698547	96.5009
xxxxxxxxxxxx N(soort,ev,basis,zijd,stan)	1	698548	96.5011
xxxxxxxxxxcxxxxx N(soort,ev,basis,zijd,stan)	1	698549	96.5012
xxxxxxxxxx@hotmail.com SPEC(symb)	1	698550	96.5013
xxxxxxxxxx ADJ(vrij,basis,zonder)	1	698551	96.5015
xxxxxxxxx ADJ(vrij,basis,zonder)	1	698552	96.5016
xxxxxx ADJ(vrij,basis,zonder)	1	698553	96.5017
xxxxxoxoxoxoxoxo N(soort,ev,basis,zijd,stan)	1	698554	96.5019
xxxxx WW(inf,vrij,zonder)	1	698555	96.502
xxxxx N(soort,ev,basis,onz,stan)	1	698556	96.5022
xxxxx ADJ(vrij,basis,zonder)	1	698557	96.5023
xxxx SPEC(deeleigen)	1	698558	96.5024
xxxx N(soort,ev,basis,onz,stan)	1	698559	96.5026
xxxkk N(soort,ev,basis,zijd,stan)	1	698560	96.5027
xxxk N(soort,ev,basis,zijd,stan)	1	698561	96.5029
xxx N(soort,mv,basis)	1	698562	96.503
xxx ADJ(vrij,basis,zonder)	1	698563	96.5031
xxwillemijn N(soort,ev,basis,zijd,stan)	1	698564	96.5033
xxl SPEC(symb)	1	698565	96.5034
xxl SPEC(meta)	1	698566	96.5035
xxk WW(pv,verl,ev)	1	698567	96.5037
xxj N(soort,ev,basis,zijd,stan)	1	698568	96.5038
xxX SPEC(deeleigen)	1	698569	96.504
xx WW(vd,vrij,zonder)	1	698570	96.5041
xtje N(soort,ev,dim,onz,stan)	1	698571	96.5042
xtase ADJ(prenom,basis,met-e,stan)	1	698572	96.5044
xtase ADJ(nom,basis,met-e,zonder-n,stan)	1	698573	96.5045
xs N(soort,ev,basis,zijd,stan)	1	698574	96.5046
xr SPEC(symb)	1	698575	96.5048
xo TSW()	1	698576	96.5049
xml-bestand N(soort,mv,basis)	1	698577	96.5051
xml-bestand N(soort,ev,basis,zijd,stan)	1	698578	96.5052
xml N(soort,mv,basis)	1	698579	96.5053
xml N(soort,ev,basis,onz,stan)	1	698580	96.5055
xmas SPEC(vreemd)	1	698581	96.5056
xmar N(soort,ev,basis,zijd,stan)	1	698582	96.5058
xmaar N(soort,ev,dim,onz,stan)	1	698583	96.5059
xm N(soort,mv,basis)	1	698584	96.506
xm N(soort,ev,basis,zijd,stan)	1	698585	96.5062
xm BW()	1	698586	96.5063
xlat WW(pv,tgw,ev)	1	698587	96.5064
xl ADJ(vrij,basis,zonder)	1	698588	96.5066
xkxkx WW(pv,tgw,met-t)	1	698589	96.5067
xkxk N(soort,ev,basis,zijd,stan)	1	698590	96.5069
xich ADJ(vrij,basis,zonder)	1	698591	96.507
xfm N(soort,ev,basis,onz,stan)	1	698592	96.5071
xdenise N(soort,ev,basis,zijd,stan)	1	698593	96.5073
xd SPEC(symb)	1	698594	96.5074
xd SPEC(deeleigen)	1	698595	96.5076
xd N(soort,ev,basis,onz,stan)	1	698596	96.5077
xc SPEC(deeleigen)	1	698597	96.5078
xbox N(soort,mv,basis)	1	698598	96.508
xa SPEC(deeleigen)	1	698599	96.5081
xX SPEC(afk)	1	698600	96.5082
xM SPEC(afk)	1	698601	96.5084
xD SPEC(vreemd)	1	698602	96.5085
xD SPEC(deeleigen)	1	698603	96.5087
xD SPEC(afk)	1	698604	96.5088
x-msn N(soort,ev,basis,zijd,stan)	1	698605	96.5089
x-factor N(soort,ev,basis,zijd,stan)	1	698606	96.5091
wÃ¬l WW(pv,tgw,ev)	1	698607	96.5092
wÃ©ten WW(pv,verl,mv)	1	698608	96.5093
wÃ t VZ(init)	1	698609	96.5095
wyze N(soort,ev,basis,zijd,stan)	1	698610	96.5096
wys N(soort,mv,basis)	1	698611	96.5098
wybe SPEC(symb)	1	698612	96.5099
wybe N(soort,ev,basis,zijd,stan)	1	698613	96.51
wy SPEC(deeleigen)	1	698614	96.5102
www.versvooru.nl SPEC(symb)	1	698615	96.5103
www.sonarproject.be SPEC(symb)	1	698616	96.5105
www.ruuster.nl SPEC(symb)	1	698617	96.5106
www.rotaractnijmegen.nl SPEC(symb)	1	698618	96.5107
www.perspectief.nu SPEC(symb)	1	698619	96.5109
www.kbc.be/gsapart SPEC(symb)	1	698620	96.511
www.janne-en-tobe.be SPEC(symb)	1	698621	96.5111
www.dirkjekuik.com SPEC(symb)	1	698622	96.5113
www.dfib.net SPEC(symb)	1	698623	96.5114
www.comedycentral.nl/newkids SPEC(symb)	1	698624	96.5116
www.chirowvl.be SPEC(symb)	1	698625	96.5117
www.celluloid-heroes.com SPEC(symb)	1	698626	96.5118
www.aaro-sa.com SPEC(symb)	1	698627	96.512
www N(soort,ev,basis,zijd,stan)	1	698628	96.5121
wwekend N(soort,ev,basis,onz,stan)	1	698629	96.5122
wvttk N(soort,ev,basis,zijd,stan)	1	698630	96.5124
wuyts N(soort,mv,basis)	1	698631	96.5125
wuyts N(soort,ev,basis,zijd,stan)	1	698632	96.5127
wuvet N(soort,ev,dim,onz,stan)	1	698633	96.5128
wut N(soort,ev,basis,zijd,stan)	1	698634	96.5129
wussies SPEC(deeleigen)	1	698635	96.5131
wuoj N(soort,ev,basis,zijd,stan)	1	698636	96.5132
wundwrbar ADJ(vrij,basis,zonder)	1	698637	96.5134
wunderbar SPEC(vreemd)	1	698638	96.5135
wulle VNW(pers,pron,dial)	1	698639	96.5136
wuj N(soort,ev,basis,zijd,stan)	1	698640	96.5138
wtf SPEC(symb)	1	698641	96.5139
wten WW(inf,vrij,zonder)	1	698642	96.514
wt WW(vd,vrij,zonder)	1	698643	96.5142
wssl WW(pv,tgw,ev)	1	698644	96.5143
wssl N(soort,ev,basis,onz,stan)	1	698645	96.5145
wssl ADJ(vrij,basis,zonder)	1	698646	96.5146
wsschnlijk ADJ(vrij,basis,zonder)	1	698647	96.5147
wss ADJ(prenom,basis,zonder)	1	698648	96.5149
wsrschlk N(soort,ev,basis,zijd,stan)	1	698649	96.515
wsregem N(soort,ev,basis,zijd,stan)	1	698650	96.5151
wslijk ADJ(vrij,basis,zonder)	1	698651	96.5153
ws N(soort,ev,basis,zijd,stan)	1	698652	96.5154
wryving N(soort,mv,basis)	1	698653	96.5156
wrsl WW(pv,tgw,ev)	1	698654	96.5157
wrschlk WW(vd,vrij,zonder)	1	698655	96.5158
wrschlk SPEC(vreemd)	1	698656	96.516
wrs ADJ(vrij,basis,zonder)	1	698657	96.5161
wrom BW()	1	698658	96.5163
wrm N(soort,ev,basis,onz,stan)	1	698659	96.5164
writes N(soort,mv,basis)	1	698660	96.5165
writers ADJ(prenom,basis,zonder)	1	698661	96.5167
wringen WW(pv,tgw,met-t)	1	698662	96.5168
wringen WW(inf,vrij,zonder)	1	698663	96.5169
wriemelen WW(pv,tgw,met-t)	1	698664	96.5171
wreed ADJ(prenom,basis,met-e,stan)	1	698665	96.5172
wraps SPEC(deeleigen)	1	698666	96.5174
wraps ADJ(prenom,basis,zonder)	1	698667	96.5175
wraauuwwwwww SPEC(symb)	1	698668	96.5176
wraak N(soort,ev,basis,zijd,stan)	1	698669	96.5178
wr WW(pv,verl,ev)	1	698670	96.5179
wr WW(pv,tgw,met-t)	1	698671	96.5181
wr ADJ(vrij,basis,zonder)	1	698672	96.5182
wprk SPEC(vreemd)	1	698673	96.5183
wow ADJ(vrij,basis,zonder)	1	698674	96.5185
wouwersnest N(soort,ev,dim,onz,stan)	1	698675	96.5186
wouwersdreef TSW()	1	698676	96.5187
wouter ADJ(vrij,comp,zonder)	1	698677	96.5189
wout WW(pv,verl,ev)	1	698678	96.519
wout WW(pv,tgw,met-t)	1	698679	96.5192
wout N(soort,ev,basis,zijd,stan)	1	698680	96.5193
wouldve SPEC(vreemd)	1	698681	96.5194
wouik WW(pv,tgw,ev)	1	698682	96.5196
woud N(soort,mv,basis)	1	698683	96.5197
wost N(soort,ev,basis,zijd,stan)	1	698684	96.5198
worteltjestaart WW(pv,tgw,met-t)	1	698685	96.52
worstenfeest N(soort,mv,basis)	1	698686	96.5201
worstenbroodje N(soort,mv,dim)	1	698687	96.5203
worstenbroodje N(soort,ev,dim,onz,stan)	1	698688	96.5204
worstelen WW(pv,tgw,ev)	1	698689	96.5205
worstebroodje N(soort,mv,dim)	1	698690	96.5207
worst N(soort,mv,dim)	1	698691	96.5208
worst N(soort,mv,basis)	1	698692	96.521
worse SPEC(vreemd)	1	698693	96.5211
worrying SPEC(vreemd)	1	698694	96.5212
workspace SPEC(vreemd)	1	698695	96.5214
works SPEC(vreemd)	1	698696	96.5215
workout SPEC(vreemd)	1	698697	96.5216
workout N(soort,ev,basis,onz,stan)	1	698698	96.5218
worked SPEC(vreemd)	1	698699	96.5219
woren WW(inf,vrij,zonder)	1	698700	96.5221
wordfeuddate WW(pv,verl,ev)	1	698701	96.5222
wordfeud WW(od,vrij,zonder)	1	698702	96.5223
wordet WW(pv,tgw,ev)	1	698703	96.5225
worden WW(pv,verl,met-t)	1	698704	96.5226
word SPEC(vreemd)	1	698705	96.5227
word N(soort,mv,basis)	1	698706	96.5229
word N(soort,ev,basis,zijd,stan)	1	698707	96.523
woppa SPEC(deeleigen)	1	698708	96.5232
wop WW(pv,verl,ev)	1	698709	96.5233
woow N(soort,ev,basis,onz,stan)	1	698710	96.5234
woot N(soort,ev,basis,zijd,stan)	1	698711	96.5236
woordkeuze N(soort,ev,basis,zijd,stan)	1	698712	96.5237
woordencollage N(soort,ev,basis,zijd,stan)	1	698713	96.5239
woordenboekfunctie N(soort,ev,basis,zijd,stan)	1	698714	96.524
woordenboek N(soort,mv,basis)	1	698715	96.5241
woord N(soort,mv,dim)	1	698716	96.5243
woopwoop N(soort,ev,basis,zijd,stan)	1	698717	96.5244
woops N(soort,mv,basis)	1	698718	96.5245
wooow N(soort,ev,basis,zijd,stan)	1	698719	96.5247
wooot N(soort,ev,basis,zijd,stan)	1	698720	96.5248
woooow N(soort,ev,basis,zijd,stan)	1	698721	96.525
wooooooow N(soort,ev,basis,zijd,stan)	1	698722	96.5251
wooooooooooooooow N(soort,ev,basis,zijd,stan)	1	698723	96.5252
wooohoohoo N(soort,ev,basis,zijd,stan)	1	698724	96.5254
woonwinkel N(soort,ev,basis,zijd,stan)	1	698725	96.5255
woonwagen N(soort,ev,basis,zijd,stan)	1	698726	96.5256
woonservice ADJ(prenom,basis,met-e,stan)	1	698727	96.5258
woonruimte N(soort,mv,basis)	1	698728	96.5259
woonrecht N(soort,ev,basis,onz,stan)	1	698729	96.5261
woonplaats N(soort,ev,basis,zijd,stan)	1	698730	96.5262
woonboot N(soort,ev,basis,zijd,stan)	1	698731	96.5263
woonboelevaren N(soort,mv,basis)	1	698732	96.5265
woonachtig ADJ(vrij,basis,zonder)	1	698733	96.5266
woom N(soort,mv,basis)	1	698734	96.5268
woohoow SPEC(vreemd)	1	698735	96.5269
woohoow N(soort,ev,basis,onz,stan)	1	698736	96.527
woodside SPEC(vreemd)	1	698737	96.5272
woningmarkt N(soort,ev,basis,zijd,stan)	1	698738	96.5273
wonen N(soort,mv,basis)	1	698739	96.5274
wonderlijk ADJ(prenom,basis,met-e,stan)	1	698740	96.5276
wonderkus N(soort,ev,dim,onz,stan)	1	698741	96.5277
wondering SPEC(vreemd)	1	698742	96.5279
wonderflux N(soort,ev,basis,zijd,stan)	1	698743	96.528
wondelgem N(soort,ev,basis,zijd,stan)	1	698744	96.5281
wond N(soort,mv,basis)	1	698745	96.5283
wond N(soort,ev,dim,onz,stan)	1	698746	96.5284
women SPEC(vreemd)	1	698747	96.5285
wolverine ADJ(prenom,basis,met-e,stan)	1	698748	96.5287
wolters N(soort,mv,basis)	1	698749	96.5288
wollig ADJ(prenom,basis,met-e,stan)	1	698750	96.529
wolkbreuk N(soort,ev,basis,zijd,stan)	1	698751	96.5291
wolk N(soort,ev,basis,onz,stan)	1	698752	96.5292
wokkerig N(soort,ev,basis,zijd,stan)	1	698753	96.5294
wokkerig ADJ(postnom,basis,met-s)	1	698754	96.5295
wokgroente N(soort,mv,basis)	1	698755	96.5297
woke ADJ(prenom,basis,met-e,stan)	1	698756	96.5298
wokchinees WW(pv,verl,ev)	1	698757	96.5299
wok-takeaway N(soort,ev,basis,zijd,stan)	1	698758	96.5301
wok VNW(vb,pron,stan,vol,3o,ev)	1	698759	96.5302
wok SPEC(vreemd)	1	698760	96.5303
woet N(soort,ev,basis,zijd,stan)	1	698761	96.5305
woerden WW(inf,vrij,zonder)	1	698762	96.5306
woepie N(soort,ev,basis,zijd,stan)	1	698763	96.5308
woensels ADJ(prenom,basis,met-e,stan)	1	698764	96.5309
woensdagvond TW(hoofd,prenom,stan)	1	698765	96.531
woensdags SPEC(deeleigen)	1	698766	96.5312
woensdagochtend N(soort,ev,basis,zijd,stan)	1	698767	96.5313
woensdagochtend BW()	1	698768	96.5315
woensdagavnd SPEC(meta)	1	698769	96.5316
woensdagavnd N(soort,ev,basis,zijd,stan)	1	698770	96.5317
woensd WW(od,vrij,zonder)	1	698771	96.5319
woensd ADJ(vrij,basis,zonder)	1	698772	96.532
woelig ADJ(prenom,basis,met-e,stan)	1	698773	96.5321
woehoeeeiiiii N(soort,ev,basis,zijd,stan)	1	698774	96.5323
woede N(soort,ev,basis,zijd,stan)	1	698775	96.5324
woe SPEC(vreemd)	1	698776	96.5326
woe N(soort,mv,basis)	1	698777	96.5327
wodka N(soort,mv,basis)	1	698778	96.5328
wo N(soort,ev,basis,onz,stan)	1	698779	96.533
wnt N(soort,ev,basis,zijd,stan)	1	698780	96.5331
wnt N(soort,ev,basis,onz,stan)	1	698781	96.5332
wnr N(soort,ev,basis,zijd,stan)	1	698782	96.5334
wnnr N(soort,ev,basis,zijd,stan)	1	698783	96.5335
wnn VG(onder)	1	698784	96.5337
wnn SPEC(vreemd)	1	698785	96.5338
wnn N(soort,ev,basis,onz,stan)	1	698786	96.5339
wnkl SPEC(symb)	1	698787	96.5341
wl N(soort,ev,basis,zijd,stan)	1	698788	96.5342
wkonn SPEC(deeleigen)	1	698789	96.5344
wknd N(soort,ev,basis,onz,stan)	1	698790	96.5345
wkn N(soort,mv,basis)	1	698791	96.5346
wklt N(soort,ev,basis,zijd,stan)	1	698792	96.5348
wjten WW(pv,verl,ev)	1	698793	96.5349
wizzair ADJ(prenom,basis,zonder)	1	698794	96.535
wittenberg SPEC(symb)	1	698795	96.5352
witteman-pocket WW(vd,vrij,zonder)	1	698796	96.5353
witteman N(soort,ev,basis,onz,stan)	1	698797	96.5355
witsel N(soort,ev,basis,zijd,stan)	1	698798	96.5356
witnie N(soort,ev,basis,zijd,stan)	1	698799	96.5357
witlof N(soort,ev,basis,onz,stan)	1	698800	96.5359
withdrawing SPEC(vreemd)	1	698801	96.536
witbrant N(soort,ev,basis,onz,stan)	1	698802	96.5361
witbier N(soort,mv,dim)	1	698803	96.5363
wit-rood-wit ADJ(vrij,basis,zonder)	1	698804	96.5364
wit ADJ(nom,basis,met-e,zonder-n,stan)	1	698805	96.5366
wistjedat N(soort,mv,dim)	1	698806	96.5367
wisselvallig ADJ(vrij,basis,zonder)	1	698807	96.5368
wisseltrofee N(soort,ev,basis,zijd,stan)	1	698808	96.537
wisselstoring N(soort,mv,basis)	1	698809	96.5371
wisselreceptie N(soort,ev,basis,zijd,stan)	1	698810	96.5373
wisselen WW(pv,tgw,mv)	1	698811	96.5374
wispelturig ADJ(vrij,basis,zonder)	1	698812	96.5375
wiskundig ADJ(prenom,basis,met-e,stan)	1	698813	96.5377
wiskundevak N(soort,ev,basis,zijd,stan)	1	698814	96.5378
wiskey N(soort,ev,basis,zijd,stan)	1	698815	96.5379
wishing N(soort,ev,basis,zijd,stan)	1	698816	96.5381
wish N(soort,mv,basis)	1	698817	96.5382
wise SPEC(vreemd)	1	698818	96.5384
wise N(soort,ev,basis,zijd,stan)	1	698819	96.5385
wired SPEC(vreemd)	1	698820	96.5386
wippen WW(pv,verl,ev)	1	698821	96.5388
wip N(soort,ev,basis,zijd,stan)	1	698822	96.5389
wintersporten WW(inf,nom,zonder,zonder-n)	1	698823	96.539
winterslaap N(soort,ev,basis,zijd,stan)	1	698824	96.5392
winterschade WW(pv,verl,ev)	1	698825	96.5393
winters ADJ(prenom,basis,met-e,stan)	1	698826	96.5395
winterlook N(soort,ev,basis,zijd,stan)	1	698827	96.5396
winterberg N(soort,ev,basis,onz,stan)	1	698828	96.5397
winterbbq N(soort,ev,basis,zijd,stan)	1	698829	96.5399
winnerke ADJ(prenom,basis,met-e,stan)	1	698830	96.54
winne VG(neven)	1	698831	96.5402
winne N(soort,ev,basis,zijd,stan)	1	698832	96.5403
winkelhaak N(soort,ev,basis,zijd,stan)	1	698833	96.5404
winkelgebied N(soort,ev,basis,onz,stan)	1	698834	96.5406
winkelen WW(vd,vrij,zonder)	1	698835	96.5407
winkelen WW(inf,nom,zonder,zonder-n)	1	698836	96.5408
winkelcentrum N(soort,ev,basis,onz,stan)	1	698837	96.541
winkel N(soort,ev,dim,onz,stan)	1	698838	96.5411
wink SPEC(vreemd)	1	698839	96.5413
wingding N(soort,mv,basis)	1	698840	96.5414
wing SPEC(vreemd)	1	698841	96.5415
wineke ADJ(prenom,basis,met-e,stan)	1	698842	96.5417
wind N(soort,ev,dim,onz,stan)	1	698843	96.5418
win-win N(soort,ev,basis,zijd,stan)	1	698844	96.5419
wimpel N(soort,mv,basis)	1	698845	96.5421
wim SPEC(deeleigen)	1	698846	96.5422
wim ADJ(vrij,basis,zonder)	1	698847	96.5424
wilskracht N(soort,ev,basis,zijd,stan)	1	698848	96.5425
wilr N(soort,ev,basis,zijd,stan)	1	698849	96.5426
williams N(soort,mv,basis)	1	698850	96.5428
willemijns ADJ(vrij,basis,zonder)	1	698851	96.5429
willem N(soort,ev,basis,zijd,stan)	1	698852	96.5431
willem N(soort,ev,basis,onz,stan)	1	698853	96.5432
willekeurig ADJ(prenom,basis,met-e,stan)	1	698854	96.5433
willek WW(pv,tgw,ev)	1	698855	96.5435
willeb SPEC(symb)	1	698856	96.5436
wilke N(soort,ev,basis,zijd,stan)	1	698857	96.5437
wilje N(soort,ev,dim,onz,stan)	1	698858	96.5439
wilhelminapark N(soort,ev,basis,onz,stan)	1	698859	96.544
wilhelminabrug N(soort,ev,basis,onz,stan)	1	698860	96.5442
wildn N(soort,mv,basis)	1	698861	96.5443
wilders SPEC(deeleigen)	1	698862	96.5444
wildernis N(soort,ev,basis,zijd,stan)	1	698863	96.5446
wildbaan WW(vd,vrij,zonder)	1	698864	96.5447
wild ADJ(prenom,basis,zonder)	1	698865	96.5449
wil.jij.mij N(soort,ev,basis,zijd,stan)	1	698866	96.545
wil.je VNW(vrag,pron,dial)	1	698867	96.5451
wiktionary N(soort,ev,basis,zijd,stan)	1	698868	96.5453
wikipedia N(soort,mv,basis)	1	698869	96.5454
wijzigen WW(pv,tgw,met-t)	1	698870	96.5455
wijzen WW(vd,vrij,zonder)	1	698871	96.5457
wijvenfeest N(soort,ev,dim,onz,stan)	1	698872	96.5458
wijsneus N(soort,ev,basis,zijd,stan)	1	698873	96.546
wijsheid N(soort,ev,basis,zijd,stan)	1	698874	96.5461
wijs ADJ(prenom,sup,met-e,stan)	1	698875	96.5462
wijs ADJ(prenom,basis,zonder)	1	698876	96.5464
wijs ADJ(postnom,comp,zonder)	1	698877	96.5465
wijntip N(soort,mv,basis)	1	698878	96.5466
wijnruitstr N(soort,ev,basis,onz,stan)	1	698879	96.5468
wijnmaker N(soort,ev,basis,zijd,stan)	1	698880	96.5469
wijnglas N(soort,mv,basis)	1	698881	96.5471
wijnfles N(soort,ev,basis,zijd,stan)	1	698882	96.5472
wijnberg SPEC(symb)	1	698883	96.5473
wijn N(soort,mv,basis)	1	698884	96.5475
wijlen ADJ(vrij,basis,zonder)	1	698885	96.5476
wijhe N(soort,ev,basis,zijd,stan)	1	698886	96.5478
wijf N(soort,ev,dim,onz,stan)	1	698887	96.5479
wijden WW(inf,vrij,zonder)	1	698888	96.548
wijd ADJ(prenom,basis,met-e,stan)	1	698889	96.5482
wiimote N(soort,ev,basis,zijd,stan)	1	698890	96.5483
wiiiinight N(soort,ev,basis,zijd,stan)	1	698891	96.5484
wiiii N(soort,ev,basis,zijd,stan)	1	698892	96.5486
wii-verslaafd N(soort,ev,basis,onz,stan)	1	698893	96.5487
wii-tennist N(soort,ev,basis,zijd,stan)	1	698894	96.5489
wii-en WW(inf,vrij,zonder)	1	698895	96.549
wii SPEC(vreemd)	1	698896	96.5491
wii N(soort,ev,dim,onz,stan)	1	698897	96.5493
wii ADJ(vrij,basis,zonder)	1	698898	96.5494
wihoo N(soort,ev,basis,zijd,stan)	1	698899	96.5495
wigger N(soort,ev,basis,zijd,stan)	1	698900	96.5497
wigger N(soort,ev,basis,onz,stan)	1	698901	96.5498
wifinetwerk N(soort,ev,basis,onz,stan)	1	698902	96.55
wifi WW(pv,tgw,ev)	1	698903	96.5501
wifi ADJ(prenom,basis,zonder)	1	698904	96.5502
wife SPEC(deeleigen)	1	698905	96.5504
wife N(soort,ev,basis,onz,stan)	1	698906	96.5505
wiew N(soort,ev,basis,zijd,stan)	1	698907	96.5507
wietplantage N(soort,ev,basis,zijd,stan)	1	698908	96.5508
wiet N(soort,ev,basis,zijd,stan)	1	698909	96.5509
wierrook N(soort,ev,basis,zijd,stan)	1	698910	96.5511
wienerschnitzel SPEC(vreemd)	1	698911	96.5512
wienerhaus N(soort,ev,basis,onz,stan)	1	698912	96.5513
wienerberger N(soort,ev,basis,onz,stan)	1	698913	96.5515
wielsbeke N(soort,ev,dim,onz,stan)	1	698914	96.5516
wielophanging N(soort,ev,basis,zijd,stan)	1	698915	96.5518
wielertoerist N(soort,mv,basis)	1	698916	96.5519
wielerronde N(soort,ev,basis,zijd,stan)	1	698917	96.552
wiekeeee N(soort,ev,basis,zijd,stan)	1	698918	96.5522
wieke N(soort,ev,basis,zijd,stan)	1	698919	96.5523
wiehoew N(soort,ev,basis,zijd,stan)	1	698920	96.5524
wiegen WW(inf,vrij,zonder)	1	698921	96.5526
wiebestijl ADJ(vrij,basis,zonder)	1	698922	96.5527
wiebe SPEC(vreemd)	1	698923	96.5529
widm WW(pv,tgw,met-t)	1	698924	96.553
wide SPEC(vreemd)	1	698925	96.5531
wick N(soort,ev,basis,zijd,stan)	1	698926	96.5533
whose SPEC(vreemd)	1	698927	96.5534
whoopwhoop N(soort,ev,basis,zijd,stan)	1	698928	96.5536
whoooo N(soort,ev,basis,zijd,stan)	1	698929	96.5537
whoohoo N(soort,ev,basis,zijd,stan)	1	698930	96.5538
wholaaaaaa N(soort,ev,basis,zijd,stan)	1	698931	96.554
whoep N(soort,ev,basis,zijd,stan)	1	698932	96.5541
whoehoewww VNW(vb,det,stan,prenom,zonder,evon)	1	698933	96.5542
whoehoe ADJ(prenom,basis,met-e,stan)	1	698934	96.5544
whoehaha TSW()	1	698935	96.5545
whoa N(soort,ev,basis,zijd,stan)	1	698936	96.5547
who's SPEC(vreemd)	1	698937	96.5548
whius N(soort,mv,basis)	1	698938	96.5549
whitest SPEC(vreemd)	1	698939	96.5551
whit BW()	1	698940	96.5552
whisten WW(pv,verl,mv)	1	698941	96.5553
whiskey N(soort,ev,basis,zijd,stan)	1	698942	96.5555
whirlpool N(soort,ev,basis,zijd,stan)	1	698943	96.5556
whhahahaha TSW()	1	698944	96.5558
whenish N(soort,ev,basis,zijd,stan)	1	698945	96.5559
whenever SPEC(vreemd)	1	698946	96.556
wheels N(soort,mv,basis)	1	698947	96.5562
whazzup N(soort,ev,basis,zijd,stan)	1	698948	96.5563
whatup N(soort,ev,basis,zijd,stan)	1	698949	96.5565
whatsupp SPEC(symb)	1	698950	96.5566
whatssapp N(soort,ev,basis,zijd,stan)	1	698951	96.5567
whatsappklootzak N(soort,mv,basis)	1	698952	96.5569
whatsappen WW(pv,verl,mv)	1	698953	96.557
whatsappcontactenlijst N(soort,ev,basis,zijd,stan)	1	698954	96.5571
whatsappbericht N(soort,mv,dim)	1	698955	96.5573
whatsapp WW(pv,tgw,ev)	1	698956	96.5574
whatsapp N(soort,ev,dim,onz,stan)	1	698957	96.5576
whatsapp ADJ(vrij,basis,zonder)	1	698958	96.5577
whatnot N(soort,ev,basis,zijd,stan)	1	698959	96.5578
whatev SPEC(vreemd)	1	698960	96.558
whatcha SPEC(vreemd)	1	698961	96.5581
whatapp N(soort,ev,basis,onz,stan)	1	698962	96.5583
whahaha TSW()	1	698963	96.5584
whahaha N(soort,ev,basis,zijd,stan)	1	698964	96.5585
whahaaa N(soort,ev,basis,zijd,stan)	1	698965	96.5587
whaaaaaaaaaa N(soort,ev,basis,zijd,stan)	1	698966	96.5588
whaaaaaaaa N(soort,ev,basis,zijd,stan)	1	698967	96.5589
wh BW()	1	698968	96.5591
wg N(soort,ev,basis,zijd,stan)	1	698969	96.5592
wezen WW(dial)	1	698970	96.5594
wezen N(soort,ev,basis,onz,stan)	1	698971	96.5595
weweer N(soort,ev,basis,zijd,stan)	1	698972	96.5596
weurtseweg N(soort,ev,basis,zijd,stan)	1	698973	96.5598
weurtseweg BW()	1	698974	96.5599
wetsuit N(soort,ev,basis,zijd,stan)	1	698975	96.56
wetn N(soort,mv,basis)	1	698976	96.5602
wetenschapsquiz N(soort,ev,basis,zijd,stan)	1	698977	96.5603
wetenschapper N(soort,ev,basis,zijd,stan)	1	698978	96.5605
wetenschappelijk ADJ(prenom,basis,zonder)	1	698979	96.5606
wetenschap N(soort,ev,basis,zijd,stan)	1	698980	96.5607
wetek N(soort,ev,basis,onz,stan)	1	698981	96.5609
wet-willy N(soort,ev,basis,zijd,stan)	1	698982	96.561
westvleteren N(soort,mv,basis)	1	698983	96.5612
westvlaams ADJ(prenom,basis,met-e,stan)	1	698984	96.5613
westside WW(pv,verl,ev)	1	698985	96.5614
westmalles N(soort,mv,basis)	1	698986	96.5616
westkust N(soort,ev,basis,zijd,stan)	1	698987	96.5617
western SPEC(vreemd)	1	698988	96.5618
western N(soort,ev,basis,zijd,stan)	1	698989	96.562
westermarkt WW(vd,vrij,zonder)	1	698990	96.5621
westerkwartier N(soort,ev,basis,onz,stan)	1	698991	96.5623
westergasfabriek N(soort,ev,basis,zijd,stan)	1	698992	96.5624
wester N(soort,ev,basis,onz,stan)	1	698993	96.5625
westenwind N(soort,ev,basis,zijd,stan)	1	698994	96.5627
westcoast N(soort,ev,basis,zijd,stan)	1	698995	96.5628
west N(soort,ev,basis,zijd,stan)	1	698996	96.5629
wespensteek N(soort,ev,basis,zijd,stan)	1	698997	96.5631
wesp N(soort,mv,basis)	1	698998	96.5632
werven WW(inf,nom,zonder,zonder-n)	1	698999	96.5634
werveling N(soort,mv,basis)	1	699000	96.5635
wert N(soort,ev,basis,zijd,stan)	1	699001	96.5636
werkze BW()	1	699002	96.5638
werkzaam ADJ(prenom,basis,met-e,stan)	1	699003	96.5639
werkza N(soort,ev,basis,zijd,stan)	1	699004	96.5641
werkwoord N(soort,ev,basis,onz,stan)	1	699005	96.5642
werkwijz N(soort,ev,basis,zijd,stan)	1	699006	96.5643
werkweek N(soort,mv,basis)	1	699007	96.5645
werkweek N(soort,ev,dim,onz,stan)	1	699008	96.5646
werkuur N(soort,mv,basis)	1	699009	96.5647
werkuitje N(soort,ev,dim,onz,stan)	1	699010	96.5649
werktitel N(soort,ev,basis,zijd,stan)	1	699011	96.565
werktijd N(soort,mv,basis)	1	699012	96.5652
werksleutel N(soort,ev,basis,onz,stan)	1	699013	96.5653
werkse WW(pv,verl,ev)	1	699014	96.5654
werkschoen N(soort,mv,basis)	1	699015	96.5656
werks ADJ(prenom,basis,met-e,stan)	1	699016	96.5657
werkproef N(soort,ev,basis,onz,stan)	1	699017	96.5658
werkplaats N(soort,ev,basis,zijd,stan)	1	699018	96.566
werkperiode N(soort,ev,basis,zijd,stan)	1	699019	96.5661
werkn N(soort,mv,basis)	1	699020	96.5663
werkmodus N(soort,ev,basis,zijd,stan)	1	699021	96.5664
werkman N(soort,ev,basis,zijd,stan)	1	699022	96.5665
werkm WW(vd,vrij,zonder)	1	699023	96.5667
werkleven N(soort,ev,basis,onz,stan)	1	699024	96.5668
werkkamp N(soort,mv,basis)	1	699025	96.567
werkkamer N(soort,ev,basis,zijd,stan)	1	699026	96.5671
werkgroepavond N(soort,ev,basis,zijd,stan)	1	699027	96.5672
werkgever N(soort,ev,basis,zijd,stan)	1	699028	96.5674
werkgeheugen N(soort,mv,basis)	1	699029	96.5675
werkgeheugen N(soort,ev,basis,onz,stan)	1	699030	96.5676
werketentje SPEC(vreemd)	1	699031	96.5678
werkerke N(soort,ev,dim,onz,stan)	1	699032	96.5679
werkenshow N(soort,ev,basis,zijd,stan)	1	699033	96.5681
werken WW(pv,verl,mv)	1	699034	96.5682
werken WW(od,vrij,zonder)	1	699035	96.5683
werkelijks ADJ(vrij,basis,zonder)	1	699036	96.5685
werkdrink N(soort,ev,basis,zijd,stan)	1	699037	96.5686
werkdag N(soort,mv,basis)	1	699038	96.5687
werkbijeenkomst N(soort,ev,basis,zijd,stan)	1	699039	96.5689
werkbaar ADJ(vrij,basis,zonder)	1	699040	96.569
werkaanbieding N(soort,ev,basis,zijd,stan)	1	699041	96.5692
werk N(soort,mv,dim)	1	699042	96.5693
werent ADJ(vrij,basis,zonder)	1	699043	96.5694
weren't WW(pv,tgw,met-t)	1	699044	96.5696
weren't SPEC(vreemd)	1	699045	96.5697
weren WW(inf,vrij,zonder)	1	699046	96.5699
wereldwijd ADJ(prenom,basis,met-e,stan)	1	699047	96.57
wereldschokkend ADJ(vrij,basis,zonder)	1	699048	96.5701
wereldreiziger SPEC(vreemd)	1	699049	96.5703
wereldrecord N(soort,ev,basis,onz,stan)	1	699050	96.5704
wereldoorlog N(soort,ev,basis,zijd,stan)	1	699051	96.5705
wereldgerecht N(soort,ev,dim,onz,stan)	1	699052	96.5707
wereldgerecht N(soort,ev,basis,onz,stan)	1	699053	96.5708
wereldbol N(soort,ev,basis,zijd,stan)	1	699054	96.571
wereld N(soort,mv,basis)	1	699055	96.5711
wereld N(soort,ev,basis,gen)	1	699056	96.5712
were VNW(onbep,det,stan,prenom,met-e,mv)	1	699057	96.5714
werder N(soort,ev,basis,zijd,stan)	1	699058	96.5715
werden SPEC(vreemd)	1	699059	96.5717
wepaweewen WW(vd,vrij,zonder)	1	699060	96.5718
wenuur N(soort,ev,basis,zijd,stan)	1	699061	96.5719
went ADJ(prenom,basis,zonder)	1	699062	96.5721
wenk N(soort,mv,basis)	1	699063	96.5722
wenende N(soort,ev,basis,zijd,stan)	1	699064	96.5723
wenen WW(vd,vrij,zonder)	1	699065	96.5725
wenen WW(inf,nom,zonder,zonder-n)	1	699066	96.5726
wendy SPEC(deeleigen)	1	699067	96.5728
wendy N(soort,ev,basis,zijd,stan)	1	699068	96.5729
welwel N(soort,ev,basis,zijd,stan)	1	699069	96.573
welverdiend WW(od,prenom,zonder)	1	699070	96.5732
weltrusten WW(pv,verl,mv)	1	699071	96.5733
weltrusten WW(inf,vrij,zonder)	1	699072	96.5734
welterusten SPEC(vreemd)	1	699073	96.5736
welongeveer ADJ(prenom,basis,zonder)	1	699074	96.5737
welnee N(soort,ev,basis,zijd,stan)	1	699075	96.5739
welmee SPEC(deeleigen)	1	699076	96.574
wellness N(soort,mv,basis)	1	699077	96.5741
wellness N(soort,ev,basis,zijd,stan)	1	699078	96.5743
welkse N(soort,ev,basis,zijd,stan)	1	699079	96.5744
welkom ADJ(prenom,basis,met-e,stan)	1	699080	96.5746
welk(e) N(soort,ev,basis,genus,stan)	1	699081	96.5747
welhaast N(soort,ev,basis,zijd,stan)	1	699082	96.5748
welgezind ADJ(vrij,basis,zonder)	1	699083	96.575
wel.xxx N(soort,ev,basis,zijd,stan)	1	699084	96.5751
wel.x N(soort,ev,basis,onz,stan)	1	699085	96.5752
wel.t N(soort,ev,basis,zijd,stan)	1	699086	96.5754
wel.br SPEC(symb)	1	699087	96.5755
wel.bij ADJ(vrij,basis,zonder)	1	699088	96.5757
wel TSW()	1	699089	96.5758
wektewepten N(soort,mv,basis)	1	699090	96.5759
wekkerradio N(soort,ev,basis,zijd,stan)	1	699091	96.5761
wekken WW(pv,tgw,ev)	1	699092	96.5762
wekken ADJ(dial)	1	699093	96.5763
weirdo N(soort,mv,basis)	1	699094	96.5765
weir ADJ(prenom,basis,zonder)	1	699095	96.5766
weinig VNW(onbep,grad,stan,prenom,met-e,agr,basis)	1	699096	96.5768
weil SPEC(vreemd)	1	699097	96.5769
weigeren WW(pv,tgw,mv)	1	699098	96.577
wehl N(soort,ev,basis,zijd,stan)	1	699099	96.5772
wehl ADJ(vrij,basis,zonder)	1	699100	96.5773
wegzijn N(soort,ev,basis,zijd,stan)	1	699101	96.5775
wegwezen WW(pv,verl,mv)	1	699102	96.5776
wegwerp N(soort,ev,basis,onz,stan)	1	699103	96.5777
wegwerken WW(inf,vrij,zonder)	1	699104	96.5779
wegwerken WW(inf,nom,zonder,zonder-n)	1	699105	96.578
wegwaaien WW(od,prenom,met-e)	1	699106	96.5781
wegvegen WW(vd,vrij,zonder)	1	699107	96.5783
wegvallen WW(vd,vrij,zonder)	1	699108	96.5784
wegtrekken WW(inf,vrij,zonder)	1	699109	96.5786
wegsturen WW(vd,vrij,zonder)	1	699110	96.5787
wegstofzuigen WW(vd,vrij,zonder)	1	699111	96.5788
wegsteken WW(inf,vrij,zonder)	1	699112	96.579
wegsmelten WW(inf,vrij,zonder)	1	699113	96.5791
wegschelden WW(vd,vrij,zonder)	1	699114	96.5792
wegrijden WW(pv,tgw,met-t)	1	699115	96.5794
wegrestaurant N(soort,ev,basis,onz,stan)	1	699116	96.5795
wegrennen WW(pv,verl,mv)	1	699117	96.5797
weglopen WW(vd,vrij,zonder)	1	699118	96.5798
weglopen WW(pv,verl,ev)	1	699119	96.5799
wegleggen WW(inf,vrij,zonder)	1	699120	96.5801
weglaten WW(inf,vrij,zonder)	1	699121	96.5802
wegkijken WW(inf,vrij,zonder)	1	699122	96.5804
wegjagen WW(vd,vrij,zonder)	1	699123	96.5805
weghouden WW(inf,vrij,zonder)	1	699124	96.5806
weghalen WW(inf,vrij,zonder)	1	699125	96.5808
weggooien WW(vd,vrij,zonder)	1	699126	96.5809
weggever N(soort,ev,dim,onz,stan)	1	699127	96.581
weggefikte WW(vd,prenom,met-e)	1	699128	96.5812
wegener N(soort,ev,basis,zijd,stan)	1	699129	96.5813
wegen WW(pv,tgw,mv)	1	699130	96.5815
wegen WW(pv,tgw,ev)	1	699131	96.5816
wegen WW(inf,vrij,zonder)	1	699132	96.5817
wegdrink N(soort,ev,basis,zijd,stan)	1	699133	96.5819
wegdek N(soort,ev,basis,onz,stan)	1	699134	96.582
wegcijferen WW(inf,vrij,zonder)	1	699135	96.5821
wegbrengen WW(vd,vrij,zonder)	1	699136	96.5823
wegblijven WW(vd,vrij,zonder)	1	699137	96.5824
wegbewijzering N(soort,ev,basis,zijd,stan)	1	699138	96.5826
weg.is N(soort,ev,basis,zijd,stan)	1	699139	96.5827
weewj SPEC(symb)	1	699140	96.5828
weett WW(pv,tgw,met-t)	1	699141	96.583
weetk WW(pv,tgw,met-t)	1	699142	96.5831
weeten WW(pv,verl,mv)	1	699143	96.5833
weetek N(soort,ev,basis,zijd,stan)	1	699144	96.5834
weet N(soort,ev,basis,zijd,stan)	1	699145	96.5835
weerzien WW(inf,vrij,zonder)	1	699146	96.5837
weerwolf N(soort,mv,basis)	1	699147	96.5838
weervrouw N(soort,ev,basis,zijd,stan)	1	699148	96.5839
weervinden WW(vd,vrij,zonder)	1	699149	96.5841
weersvoorspelling N(soort,mv,basis)	1	699150	96.5842
weersvoorspelling N(soort,ev,basis,zijd,stan)	1	699151	96.5844
weerstechnisch ADJ(vrij,basis,zonder)	1	699152	96.5845
weerstand N(soort,ev,basis,zijd,stan)	1	699153	96.5846
weersomstandigheid N(soort,mv,basis)	1	699154	96.5848
weerslag N(soort,ev,basis,zijd,stan)	1	699155	96.5849
weers N(soort,mv,basis)	1	699156	96.5851
weeromstuit N(soort,ev,basis,zijd,stan)	1	699157	96.5852
weerman N(soort,ev,basis,zijd,stan)	1	699158	96.5853
weerkeren WW(inf,nom,zonder,zonder-n)	1	699159	96.5855
weerken N(soort,ev,dim,onz,stan)	1	699160	96.5856
weergeven WW(vd,vrij,zonder)	1	699161	96.5857
weerga N(soort,ev,basis,zijd,stan)	1	699162	96.5859
weeralarm N(soort,ev,basis,zijd,stan)	1	699163	96.586
weer.in SPEC(symb)	1	699164	96.5862
weer N(soort,ev,basis,zijd,stan)	1	699165	96.5863
weeps SPEC(vreemd)	1	699166	96.5864
weeoejd N(soort,ev,basis,onz,stan)	1	699167	96.5866
weens ADJ(prenom,basis,met-e,stan)	1	699168	96.5867
weenie N(soort,ev,basis,zijd,stan)	1	699169	96.5868
weemoed N(soort,ev,basis,zijd,stan)	1	699170	96.587
weel BW()	1	699171	96.5871
weekwnd N(soort,ev,basis,onz,stan)	1	699172	96.5873
weeks SPEC(vreemd)	1	699173	96.5874
weeks N(soort,mv,basis)	1	699174	96.5875
weeks N(soort,ev,basis,zijd,stan)	1	699175	96.5877
weekresult N(soort,ev,basis,zijd,stan)	1	699176	96.5878
weekoverzicht N(soort,ev,basis,onz,stan)	1	699177	96.588
weekloon N(soort,ev,basis,zijd,stan)	1	699178	96.5881
weekendverhaal N(soort,mv,basis)	1	699179	96.5882
weekendtoerist N(soort,ev,basis,zijd,stan)	1	699180	96.5884
weekendtas N(soort,ev,basis,zijd,stan)	1	699181	96.5885
weekendretour N(soort,ev,dim,onz,stan)	1	699182	96.5886
weekendmodus N(soort,mv,basis)	1	699183	96.5888
weekendkus N(soort,ev,dim,onz,stan)	1	699184	96.5889
weekendkamp N(soort,ev,basis,onz,stan)	1	699185	96.5891
weekenden WW(pv,tgw,ev)	1	699186	96.5892
weekenddienstregeling N(soort,ev,basis,zijd,stan)	1	699187	96.5893
weekendbiljet N(soort,ev,basis,onz,stan)	1	699188	96.5895
weekend(en) N(soort,mv,basis)	1	699189	96.5896
weekend WW(od,prenom,zonder)	1	699190	96.5897
weekend N(soort,ev,basis,gen)	1	699191	96.5899
weekeind N(soort,mv,basis)	1	699192	96.59
week-ov N(soort,ev,basis,onz,stan)	1	699193	96.5902
week(weken) N(soort,mv,basis)	1	699194	96.5903
week ADJ(vrij,basis,zonder)	1	699195	96.5904
week ADJ(prenom,basis,met-e,stan)	1	699196	96.5906
wee N(soort,ev,basis,zijd,stan)	1	699197	96.5907
wedstrijdsport N(soort,ev,basis,zijd,stan)	1	699198	96.5909
wedstrijdleider N(soort,ev,basis,zijd,stan)	1	699199	96.591
wedstrijd N(soort,mv,basis)	1	699200	96.5911
wedsteijden N(soort,mv,basis)	1	699201	96.5913
wedren N(soort,ev,basis,zijd,stan)	1	699202	96.5914
wedge N(soort,mv,basis)	1	699203	96.5915
wederzijds ADJ(vrij,basis,zonder)	1	699204	96.5917
wederzijds ADJ(prenom,basis,zonder)	1	699205	96.5918
wederpartij N(soort,ev,basis,zijd,stan)	1	699206	96.592
wederopzegging N(soort,ev,basis,zijd,stan)	1	699207	96.5921
wederkeren WW(vd,vrij,zonder)	1	699208	96.5922
weddings SPEC(vreemd)	1	699209	96.5924
wedding SPEC(vreemd)	1	699210	96.5925
wedden WW(pv,tgw,met-t)	1	699211	96.5926
wed N(soort,mv,basis)	1	699212	96.5928
weckpot N(soort,mv,basis)	1	699213	96.5929
wechel N(soort,ev,basis,onz,stan)	1	699214	96.5931
webz N(soort,ev,basis,zijd,stan)	1	699215	96.5932
websiteklus N(soort,ev,basis,zijd,stan)	1	699216	96.5933
website-enquete N(soort,ev,basis,zijd,stan)	1	699217	96.5935
website-cursus N(soort,ev,basis,zijd,stan)	1	699218	96.5936
webshop N(soort,ev,basis,zijd,stan)	1	699219	96.5938
webpagina N(soort,ev,basis,zijd,stan)	1	699220	96.5939
webpages SPEC(vreemd)	1	699221	96.594
webmaster N(soort,ev,basis,zijd,stan)	1	699222	96.5942
webmail N(soort,ev,basis,onz,stan)	1	699223	96.5943
weblog SPEC(vreemd)	1	699224	96.5944
weber N(soort,mv,basis)	1	699225	96.5946
webcam N(soort,ev,basis,zijd,stan)	1	699226	96.5947
webber N(soort,ev,basis,zijd,stan)	1	699227	96.5949
webben N(soort,ev,basis,zijd,stan)	1	699228	96.595
webbe N(soort,ev,basis,zijd,stan)	1	699229	96.5951
webapp WW(pv,verl,ev)	1	699230	96.5953
web-site N(soort,ev,basis,zijd,stan)	1	699231	96.5954
wear SPEC(vreemd)	1	699232	96.5955
wdj WW(pv,verl,ev)	1	699233	96.5957
wcborstel N(soort,mv,basis)	1	699234	96.5958
wc ADJ(prenom,basis,met-e,stan)	1	699235	96.596
wb N(soort,ev,basis,zijd,stan)	1	699236	96.5961
wazzek N(soort,ev,basis,zijd,stan)	1	699237	96.5962
wazzek ADJ(vrij,basis,zonder)	1	699238	96.5964
wax N(soort,ev,basis,zijd,stan)	1	699239	96.5965
wawa SPEC(vreemd)	1	699240	96.5967
waw N(soort,ev,basis,zijd,stan)	1	699241	96.5968
wave N(soort,ev,basis,zijd,stan)	1	699242	96.5969
wattt WW(pv,tgw,met-t)	1	699243	96.5971
wattan N(soort,ev,basis,zijd,stan)	1	699244	96.5972
watt N(soort,ev,basis,zijd,stan)	1	699245	96.5973
watou N(soort,ev,basis,onz,stan)	1	699246	96.5975
watklus N(soort,mv,dim)	1	699247	96.5976
waterzuivering N(soort,ev,basis,zijd,stan)	1	699248	96.5978
waterzuiger N(soort,ev,basis,zijd,stan)	1	699249	96.5979
watertank N(soort,ev,basis,zijd,stan)	1	699250	96.598
watersportwinkel N(soort,ev,basis,zijd,stan)	1	699251	96.5982
waterskien N(soort,mv,basis)	1	699252	96.5983
waterrat N(soort,ev,basis,zijd,stan)	1	699253	96.5985
waterpomp N(soort,mv,basis)	1	699254	96.5986
waterpijp N(soort,mv,basis)	1	699255	96.5987
waterpijp N(soort,ev,basis,zijd,stan)	1	699256	96.5989
waterpeil N(soort,ev,basis,onz,stan)	1	699257	96.599
waterpas N(soort,ev,basis,genus,stan)	1	699258	96.5991
waterpas ADJ(vrij,basis,zonder)	1	699259	96.5993
watermoorke N(soort,ev,dim,onz,stan)	1	699260	96.5994
watermanagement WW(od,prenom,zonder)	1	699261	96.5996
waterkwartier N(soort,ev,basis,onz,stan)	1	699262	96.5997
waterkraan N(soort,mv,dim)	1	699263	96.5998
waterkant N(soort,ev,basis,zijd,stan)	1	699264	96.6
waterfles N(soort,ev,dim,onz,stan)	1	699265	96.6001
waterbed N(soort,ev,basis,onz,stan)	1	699266	96.6002
water N(soort,mv,basis)	1	699267	96.6004
watchtrueblood.net SPEC(symb)	1	699268	96.6005
watchmen BW()	1	699269	96.6007
watchme N(soort,mv,basis)	1	699270	96.6008
wat-moet-ik-met-mn-leven N(soort,mv,basis)	1	699271	96.6009
wat-ie N(soort,ev,basis,zijd,stan)	1	699272	96.6011
wat WW(pv,tgw,ev)	1	699273	96.6012
wat VG(neven)	1	699274	96.6014
wat BW()	1	699275	96.6015
wasyl N(soort,ev,basis,zijd,stan)	1	699276	96.6016
wassut ADJ(vrij,basis,zonder)	1	699277	96.6018
wassup N(soort,ev,basis,zijd,stan)	1	699278	96.6019
wassjop N(soort,ev,basis,zijd,stan)	1	699279	96.602
wassie N(soort,ev,basis,zijd,stan)	1	699280	96.6022
wassenaarweg BW()	1	699281	96.6023
wasopvouwactie N(soort,ev,basis,zijd,stan)	1	699282	96.6025
wasmand N(soort,ev,basis,zijd,stan)	1	699283	96.6026
wasmachien N(soort,ev,basis,onz,stan)	1	699284	96.6027
waslijn N(soort,mv,basis)	1	699285	96.6029
washed N(soort,ev,basis,onz,stan)	1	699286	96.603
washand N(soort,ev,dim,onz,stan)	1	699287	96.6031
wasgerief N(soort,ev,basis,onz,stan)	1	699288	96.6033
wasdraad N(soort,ev,basis,zijd,stan)	1	699289	96.6034
wasbeer N(soort,ev,basis,zijd,stan)	1	699290	96.6036
was.kun VG(onder)	1	699291	96.6037
was.is N(soort,ev,basis,zijd,stan)	1	699292	96.6038
was.er SPEC(vreemd)	1	699293	96.604
was-nu-moet WW(pv,tgw,ev)	1	699294	96.6041
was-ie N(soort,ev,basis,zijd,stan)	1	699295	96.6043
was N(soort,mv,dim)	1	699296	96.6044
was N(soort,mv,basis)	1	699297	96.6045
warrig SPEC(vreemd)	1	699298	96.6047
warr N(soort,ev,basis,zijd,stan)	1	699299	96.6048
warout N(soort,ev,basis,zijd,stan)	1	699300	96.6049
warmtepomp N(soort,ev,basis,zijd,stan)	1	699301	96.6051
warmoesstraat N(soort,ev,basis,zijd,stan)	1	699302	96.6052
warmen WW(inf,vrij,zonder)	1	699303	96.6054
warm ADJ(prenom,comp,met-e,stan)	1	699304	96.6055
warm ADJ(postnom,basis,met-s)	1	699305	96.6056
warhoofd N(soort,ev,basis,genus,stan)	1	699306	96.6058
warez-bb N(soort,ev,basis,zijd,stan)	1	699307	96.6059
warenhuis N(soort,mv,basis)	1	699308	96.606
warempel N(soort,ev,basis,onz,stan)	1	699309	96.6062
ward WW(pv,verl,ev)	1	699310	96.6063
warcraft WW(vd,vrij,zonder)	1	699311	96.6065
warande N(soort,ev,basis,zijd,stan)	1	699312	96.6066
war SPEC(vreemd)	1	699313	96.6067
wapen N(soort,mv,basis)	1	699314	96.6069
wap-menu N(soort,ev,basis,onz,stan)	1	699315	96.607
waor N(soort,ev,basis,zijd,stan)	1	699316	96.6072
waor ADJ(vrij,basis,zonder)	1	699317	96.6073
wants SPEC(deeleigen)	1	699318	96.6074
wants N(soort,mv,basis)	1	699319	96.6076
wantkheb N(soort,ev,basis,zijd,stan)	1	699320	96.6077
wannsee N(soort,ev,basis,zijd,stan)	1	699321	96.6078
wannr ADJ(prenom,basis,zonder)	1	699322	96.608
wannebe SPEC(vreemd)	1	699323	96.6081
wann WW(vd,vrij,zonder)	1	699324	96.6083
wann WW(pv,tgw,mv)	1	699325	96.6084
wann N(soort,mv,basis)	1	699326	96.6085
wanhopig ADJ(vrij,basis,zonder)	1	699327	96.6087
wang N(soort,mv,dim)	1	699328	96.6088
waneren WW(pv,tgw,ev)	1	699329	96.6089
waneer N(soort,ev,basis,onz,stan)	1	699330	96.6091
wandelweg N(soort,ev,basis,zijd,stan)	1	699331	96.6092
wandelschoen N(soort,mv,basis)	1	699332	96.6094
wandeln N(soort,ev,basis,onz,stan)	1	699333	96.6095
wandelfestijn N(soort,ev,basis,zijd,stan)	1	699334	96.6096
wandelen WW(pv,tgw,mv)	1	699335	96.6098
wandelbabbel ADJ(vrij,basis,zonder)	1	699336	96.6099
wand N(soort,mv,basis)	1	699337	96.6101
wand N(soort,ev,basis,zijd,stan)	1	699338	96.6102
wanbeleid N(soort,ev,basis,onz,stan)	1	699339	96.6103
wan N(soort,mv,dim)	1	699340	96.6105
wan ADJ(prenom,basis,met-e,stan)	1	699341	96.6106
wamt SPEC(deeleigen)	1	699342	96.6107
walter's N(soort,mv,basis)	1	699343	96.6109
walter N(soort,ev,basis,zijd,stan)	1	699344	96.611
wally SPEC(deeleigen)	1	699345	96.6112
wallpost N(soort,ev,basis,zijd,stan)	1	699346	96.6113
wallez N(soort,ev,basis,zijd,stan)	1	699347	96.6114
walker ADJ(vrij,basis,zonder)	1	699348	96.6116
walken WW(inf,vrij,zonder)	1	699349	96.6117
walibi N(soort,ev,basis,onz,stan)	1	699350	96.6119
wal N(soort,mv,basis)	1	699351	96.612
wal N(soort,ev,basis,zijd,stan)	1	699352	96.6121
wakr WW(vd,vrij,zonder)	1	699353	96.6123
wakkie SPEC(vreemd)	1	699354	96.6124
wakkermaken WW(inf,vrij,zonder)	1	699355	96.6125
wakkermaak ADJ(vrij,basis,zonder)	1	699356	96.6127
wakkergesmst WW(vd,vrij,zonder)	1	699357	96.6128
wakkerblijven N(soort,ev,basis,onz,stan)	1	699358	96.613
wakkerbellen WW(pv,verl,mv)	1	699359	96.6131
wakke N(soort,ev,dim,onz,stan)	1	699360	96.6132
wakke N(soort,ev,basis,onz,stan)	1	699361	96.6134
waking SPEC(vreemd)	1	699362	96.6135
waking N(soort,ev,basis,zijd,stan)	1	699363	96.6136
waket N(soort,ev,basis,zijd,stan)	1	699364	96.6138
wake-up N(soort,ev,basis,zijd,stan)	1	699365	96.6139
wak N(soort,mv,basis)	1	699366	96.6141
waj N(soort,ev,basis,zijd,stan)	1	699367	96.6142
waiting N(soort,ev,basis,zijd,stan)	1	699368	96.6143
waiter SPEC(vreemd)	1	699369	96.6145
wah N(soort,ev,basis,zijd,stan)	1	699370	96.6146
wagi N(soort,ev,basis,zijd,stan)	1	699371	96.6148
waggelgat WW(pv,tgw,met-t)	1	699372	96.6149
waggelen WW(od,vrij,zonder)	1	699373	96.615
wageningen WW(vd,vrij,zonder)	1	699374	96.6152
wageningen N(soort,mv,basis)	1	699375	96.6153
wafel N(soort,ev,basis,zijd,stan)	1	699376	96.6154
waddist N(soort,ev,basis,zijd,stan)	1	699377	96.6156
wadde VNW(vrag,pron,dial)	1	699378	96.6157
wad WW(pv,tgw,ev)	1	699379	96.6159
wachtzaal N(soort,ev,basis,zijd,stan)	1	699380	96.616
wachttijd N(soort,ev,basis,zijd,stan)	1	699381	96.6161
wachtn SPEC(vreemd)	1	699382	96.6163
wachtn N(soort,ev,basis,zijd,stan)	1	699383	96.6164
wachtn N(soort,ev,basis,onz,stan)	1	699384	96.6165
wachtn ADJ(vrij,basis,zonder)	1	699385	96.6167
wachtlijst N(soort,ev,basis,zijd,stan)	1	699386	96.6168
wachtkamer N(soort,ev,basis,zijd,stan)	1	699387	96.617
wachthouding N(soort,ev,basis,zijd,stan)	1	699388	96.6171
wachten WW(od,vrij,zonder)	1	699389	96.6172
wachtebeke N(soort,ev,dim,onz,stan)	1	699390	96.6174
wachtebeke ADJ(prenom,basis,met-e,stan)	1	699391	96.6175
waaw N(soort,ev,basis,zijd,stan)	1	699392	96.6177
waat VNW(vb,pron,stan,vol,3o,ev)	1	699393	96.6178
waarzegger N(soort,ev,basis,zijd,stan)	1	699394	96.6179
waarvandaan BW()	1	699395	96.6181
waarsdhijnlijk ADJ(vrij,basis,zonder)	1	699396	96.6182
waarschuwen WW(vd,vrij,zonder)	1	699397	96.6183
waarschuwen WW(pv,tgw,ev)	1	699398	96.6185
waarschijlijk ADJ(vrij,basis,zonder)	1	699399	96.6186
waaromxd WW(vd,vrij,zonder)	1	699400	96.6188
waarneming N(soort,mv,basis)	1	699401	96.6189
waarnemen WW(vd,vrij,zonder)	1	699402	96.619
waarnaartoe BW()	1	699403	96.6192
waarie N(soort,ev,basis,zijd,stan)	1	699404	96.6193
waardig ADJ(prenom,basis,zonder)	1	699405	96.6194
waarderen WW(pv,verl,ev)	1	699406	96.6196
waarderen WW(pv,tgw,ev)	1	699407	96.6197
waardelois ADJ(prenom,basis,zonder)	1	699408	96.6199
waar BW()	1	699409	96.62
waanzinnig ADJ(vrij,basis,zonder)	1	699410	96.6201
waanzin N(soort,ev,basis,zijd,stan)	1	699411	96.6203
waanbeeld N(soort,ev,basis,onz,stan)	1	699412	96.6204
waan N(soort,ev,basis,zijd,stan)	1	699413	96.6206
waalzinnig ADJ(vrij,basis,zonder)	1	699414	96.6207
waalwijk ADJ(vrij,basis,zonder)	1	699415	96.6208
waal VNW(vb,adv-pron,obl,vol,3o,getal)	1	699416	96.621
waakkat N(soort,ev,basis,zijd,stan)	1	699417	96.6211
waaien WW(vd,vrij,zonder)	1	699418	96.6212
waaien WW(inf,vrij,zonder)	1	699419	96.6214
waag N(soort,mv,basis)	1	699420	96.6215
waaahaa N(soort,ev,basis,zijd,stan)	1	699421	96.6217
waaaah N(soort,ev,basis,onz,stan)	1	699422	96.6218
waaaah ADJ(vrij,basis,zonder)	1	699423	96.6219
waaaaauw N(soort,ev,basis,zijd,stan)	1	699424	96.6221
waaaaah N(soort,ev,basis,onz,stan)	1	699425	96.6222
waaaaacht ADJ(vrij,basis,zonder)	1	699426	96.6223
waaaaaaah ADJ(vrij,basis,zonder)	1	699427	96.6225
waaaaaaaaaaaaaaaaaaaaaaaaaaaaaaaaaaaaaaaaaaaaaaaaaaaaaaaaaaaaaaw N(soort,ev,basis,zijd,stan)	1	699428	96.6226
waaa ADJ(vrij,basis,zonder)	1	699429	96.6228
waa N(soort,ev,basis,zijd,stan)	1	699430	96.6229
wa N(soort,mv,basis)	1	699431	96.623
w.krul@greenchoice-forze.com SPEC(symb)	1	699432	96.6232
vÄnÃ¥vÃµÃ± WW(od,vrij,zonder)	1	699433	96.6233
vÃ©Ã©l VNW(onbep,grad,stan,vrij,zonder,comp)	1	699434	96.6235
vÃ¡st WW(pv,tgw,met-t)	1	699435	96.6236
vÃ¡st N(soort,ev,basis,zijd,stan)	1	699436	96.6237
vzw VNW(vb,det,stan,prenom,zonder,evon)	1	699437	96.6239
vzw N(soort,ev,basis,zijd,stan)	1	699438	96.624
vz SPEC(afk)	1	699439	96.6241
vwoers N(soort,mv,basis)	1	699440	96.6243
vwo N(soort,ev,basis,onz,stan)	1	699441	96.6244
vweder ADJ(vrij,comp,zonder)	1	699442	96.6246
vwb N(soort,ev,basis,zijd,stan)	1	699443	96.6247
vw N(soort,ev,basis,zijd,stan)	1	699444	96.6248
vvv N(soort,ev,basis,zijd,stan)	1	699445	96.625
vverkleedklern N(soort,ev,basis,zijd,stan)	1	699446	96.6251
vvergeten N(soort,mv,basis)	1	699447	96.6253
vuvuzelas N(soort,ev,basis,zijd,stan)	1	699448	96.6254
vuurwapen N(soort,ev,basis,onz,stan)	1	699449	96.6255
vuurtoren N(soort,ev,basis,zijd,stan)	1	699450	96.6257
vuurstaart N(soort,ev,basis,zijd,stan)	1	699451	96.6258
vuurspugen WW(inf,vrij,zonder)	1	699452	96.6259
vuurken WW(inf,vrij,zonder)	1	699453	96.6261
vuur N(soort,mv,basis)	1	699454	96.6262
vullen WW(pv,tgw,mv)	1	699455	96.6264
vullen WW(pv,tgw,ev)	1	699456	96.6265
vuist N(soort,ev,dim,onz,stan)	1	699457	96.6266
vuilzak N(soort,mv,basis)	1	699458	96.6268
vuilniszak N(soort,ev,basis,zijd,stan)	1	699459	96.6269
vuilnisbak N(soort,ev,basis,zijd,stan)	1	699460	96.627
vuilkar N(soort,ev,basis,zijd,stan)	1	699461	96.6272
vuiligheid N(soort,ev,basis,zijd,stan)	1	699462	96.6273
vuilgrijs N(soort,ev,basis,zijd,stan)	1	699463	96.6275
vuilbak N(soort,ev,basis,zijd,stan)	1	699464	96.6276
vuil ADJ(prenom,basis,zonder)	1	699465	96.6277
vtw N(soort,ev,basis,zijd,stan)	1	699466	96.6279
vtax N(soort,ev,basis,zijd,stan)	1	699467	96.628
vsoeger ADJ(vrij,comp,zonder)	1	699468	96.6282
vsn N(soort,mv,basis)	1	699469	96.6283
vs N(soort,ev,basis,gen)	1	699470	96.6284
vrye SPEC(vreemd)	1	699471	96.6286
vrye ADJ(prenom,basis,met-e,stan)	1	699472	96.6287
vrydag SPEC(vreemd)	1	699473	96.6288
vrydag BW()	1	699474	96.629
vrydag ADJ(prenom,basis,zonder)	1	699475	96.6291
vryd WW(vd,vrij,zonder)	1	699476	96.6293
vrwdag N(soort,ev,basis,zijd,stan)	1	699477	96.6294
vruchtensap N(soort,ev,basis,onz,stan)	1	699478	96.6295
vrucht N(soort,ev,basis,zijd,stan)	1	699479	96.6297
vrt WW(vd,vrij,zonder)	1	699480	96.6298
vrouwloos ADJ(vrij,basis,zonder)	1	699481	96.6299
vrouwenwc N(soort,ev,basis,zijd,stan)	1	699482	96.6301
vrouwenvergadering N(soort,ev,basis,zijd,stan)	1	699483	96.6302
vrouwenavond BW()	1	699484	96.6304
vrolijkst WW(vd,vrij,zonder)	1	699485	96.6305
vrolijk ADJ(prenom,basis,zonder)	1	699486	96.6306
vroemvroem N(soort,ev,basis,zijd,stan)	1	699487	96.6308
vroegte N(soort,ev,basis,zijd,stan)	1	699488	96.6309
vroegn WW(pv,verl,mv)	1	699489	96.6311
vroegn ADJ(vrij,basis,zonder)	1	699490	96.6312
vroeger BW()	1	699491	96.6313
vroeg ADJ(prenom,sup,met-e,stan)	1	699492	96.6315
vroeg ADJ(nom,basis,met-e,zonder-n,stan)	1	699493	96.6316
vrijwilligersbalie N(soort,ev,basis,zijd,stan)	1	699494	96.6317
vrijwilligeren WW(inf,vrij,zonder)	1	699495	96.6319
vrijwilliger N(soort,ev,basis,zijd,stan)	1	699496	96.632
vrijwillig ADJ(vrij,basis,zonder)	1	699497	96.6322
vrijuit BW()	1	699498	96.6323
vrijster N(soort,ev,basis,zijd,stan)	1	699499	96.6324
vrijstelling N(soort,mv,basis)	1	699500	96.6326
vrijstelling N(soort,ev,basis,zijd,stan)	1	699501	96.6327
vrijmidb N(soort,ev,basis,zijd,stan)	1	699502	96.6328
vrijkaart N(soort,mv,basis)	1	699503	96.633
vrijhouden WW(pv,tgw,met-t)	1	699504	96.6331
vrijhouden WW(inf,vrij,zonder)	1	699505	96.6333
vrijgo N(soort,mv,basis)	1	699506	96.6334
vrijgezellenavond N(soort,ev,basis,zijd,stan)	1	699507	96.6335
vrijen WW(inf,vrij,zonder)	1	699508	96.6337
vrijdagritueel WW(pv,verl,ev)	1	699509	96.6338
vrijdagnacht WW(pv,tgw,ev)	1	699510	96.634
vrijdagmorgen N(soort,ev,basis,zijd,stan)	1	699511	96.6341
vrijdagmiddagborrel N(soort,ev,basis,onz,stan)	1	699512	96.6342
vrijdagmiddagbier N(soort,ev,dim,onz,stan)	1	699513	96.6344
vrijdaggevoel N(soort,ev,basis,onz,stan)	1	699514	96.6345
vrijdagavnd N(soort,ev,basis,zijd,stan)	1	699515	96.6346
vrijdag BW()	1	699516	96.6348
vrij N(soort,ev,basis,onz,stan)	1	699517	96.6349
vrii N(soort,ev,basis,zijd,stan)	1	699518	96.6351
vriezen WW(pv,tgw,met-t)	1	699519	96.6352
vriendschapsverzoek N(soort,ev,basis,onz,stan)	1	699520	96.6353
vriendloos ADJ(vrij,basis,zonder)	1	699521	96.6355
vriendinnetjesdag N(soort,ev,basis,zijd,stan)	1	699522	96.6356
vriendinlief ADJ(vrij,basis,zonder)	1	699523	96.6357
vriendengroep N(soort,ev,basis,zijd,stan)	1	699524	96.6359
vriendenfeest N(soort,ev,basis,zijd,stan)	1	699525	96.636
vrienden-feest N(soort,ev,basis,onz,stan)	1	699526	96.6362
vriendelijk ADJ(prenom,sup,met-e,stan)	1	699527	96.6363
vriendelijk ADJ(dial)	1	699528	96.6364
vriende N(soort,ev,basis,zijd,stan)	1	699529	96.6366
vrezen WW(vd,prenom,met-e)	1	699530	96.6367
vrezen WW(pv,verl,ev)	1	699531	96.6369
vreugdevuren WW(inf,vrij,zonder)	1	699532	96.637
vreugd N(soort,ev,basis,zijd,stan)	1	699533	96.6371
vreselijk ADJ(prenom,basis,met-e,stan)	1	699534	96.6373
vreezek N(soort,ev,basis,zijd,stan)	1	699535	96.6374
vreeswijk ADJ(vrij,basis,zonder)	1	699536	96.6375
vreesk N(soort,ev,basis,onz,stan)	1	699537	96.6377
vreemdeling N(soort,ev,basis,zijd,stan)	1	699538	96.6378
vreemd SPEC(vreemd)	1	699539	96.638
vreemd ADJ(postnom,basis,met-s)	1	699540	96.6381
vreemd ADJ(nom,basis,met-e,zonder-n,stan)	1	699541	96.6382
vreemd ADJ(nom,basis,met-e,mv-n)	1	699542	96.6384
vreedzaam ADJ(prenom,basis,met-e,stan)	1	699543	96.6385
vreedeplein SPEC(deeleigen)	1	699544	96.6387
vreedeplein N(soort,ev,basis,onz,stan)	1	699545	96.6388
vredestraat N(soort,ev,basis,zijd,stan)	1	699546	96.6389
vredelievend ADJ(vrij,basis,zonder)	1	699547	96.6391
vre SPEC(vreemd)	1	699548	96.6392
vraqen WW(inf,vrij,zonder)	1	699549	96.6393
vragn WW(pv,tgw,mv)	1	699550	96.6395
vragn WW(inf,vrij,zonder)	1	699551	96.6396
vragn N(soort,ev,basis,onz,stan)	1	699552	96.6398
vragn BW()	1	699553	96.6399
vragenuurtje N(soort,ev,dim,onz,stan)	1	699554	96.64
vragenlijst N(soort,ev,basis,zijd,stan)	1	699555	96.6402
vragen WW(od,prenom,met-e)	1	699556	96.6403
vrage WW(dial)	1	699557	96.6404
vrage N(soort,ev,basis,onz,stan)	1	699558	96.6406
vraf SPEC(vreemd)	1	699559	96.6407
vrachtwagenchauffeur N(soort,ev,basis,zijd,stan)	1	699560	96.6409
vraagteken N(soort,mv,basis)	1	699561	96.641
vraagstelling N(soort,ev,basis,zijd,stan)	1	699562	96.6411
vraagprijs N(soort,ev,basis,zijd,stan)	1	699563	96.6413
vraagbak N(soort,ev,basis,zijd,stan)	1	699564	96.6414
vr.is N(soort,ev,basis,zijd,stan)	1	699565	96.6416
vr-avond N(soort,ev,basis,zijd,stan)	1	699566	96.6417
vr VZ(fin)	1	699567	96.6418
vr VNW(recip,pron,obl,vol,persoon,mv)	1	699568	96.642
vr VG(onder)	1	699569	96.6421
vr ADJ(prenom,basis,met-e,stan)	1	699570	96.6422
vppr WW(pv,tgw,met-t)	1	699571	96.6424
vpn N(soort,ev,basis,onz,stan)	1	699572	96.6425
vp-eten N(soort,ev,dim,onz,stan)	1	699573	96.6427
vp N(soort,ev,basis,zijd,stan)	1	699574	96.6428
vp N(soort,ev,basis,onz,stan)	1	699575	96.6429
voyage SPEC(vreemd)	1	699576	96.6431
voudigduifwinnaar ADJ(vrij,basis,zonder)	1	699577	96.6432
voudig ADJ(vrij,basis,zonder)	1	699578	96.6433
voud N(soort,ev,basis,onz,stan)	1	699579	96.6435
vostro SPEC(deeleigen)	1	699580	96.6436
vossendijk ADJ(vrij,basis,zonder)	1	699581	96.6438
vosken WW(inf,vrij,zonder)	1	699582	96.6439
vortzak N(soort,mv,dim)	1	699583	96.644
vortbal SPEC(vreemd)	1	699584	96.6442
vorosmarty N(soort,ev,basis,zijd,stan)	1	699585	96.6443
vormen WW(inf,vrij,zonder)	1	699586	96.6445
voriue N(soort,ev,basis,zijd,stan)	1	699587	96.6446
vorderen WW(vd,prenom,met-e)	1	699588	96.6447
vorderen WW(pv,tgw,met-t)	1	699589	96.6449
vorderen WW(inf,vrij,zonder)	1	699590	96.645
voralleer N(soort,ev,basis,onz,stan)	1	699591	96.6451
vopro N(soort,ev,basis,zijd,stan)	1	699592	96.6453
vopgen WW(od,prenom,met-e)	1	699593	96.6454
voozien WW(inf,vrij,zonder)	1	699594	96.6456
voot SPEC(deeleigen)	1	699595	96.6457
voorzitten WW(inf,nom,zonder,zonder-n)	1	699596	96.6458
voorzijde N(soort,ev,basis,zijd,stan)	1	699597	96.646
voorziening N(soort,ev,basis,zijd,stan)	1	699598	96.6461
voorzicht N(soort,mv,dim)	1	699599	96.6462
voorzaal N(soort,ev,basis,zijd,stan)	1	699600	96.6464
voorwerp N(soort,mv,basis)	1	699601	96.6465
voorwerp N(soort,ev,basis,onz,stan)	1	699602	96.6467
voorwaarde N(soort,mv,basis)	1	699603	96.6468
voorw N(soort,ev,basis,onz,stan)	1	699604	96.6469
voorverwarmen WW(inf,nom,zonder,zonder-n)	1	699605	96.6471
voorverkoop N(soort,ev,basis,zijd,stan)	1	699606	96.6472
voorvallen WW(vd,vrij,zonder)	1	699607	96.6474
voorval N(soort,mv,basis)	1	699608	96.6475
vooruitzicht N(soort,mv,basis)	1	699609	96.6476
vooruitmin N(soort,ev,basis,zijd,stan)	1	699610	96.6478
vooruitgang SPEC(vreemd)	1	699611	96.6479
vooruitgaan WW(vd,vrij,zonder)	1	699612	96.648
vooruitgaan WW(inf,vrij,zonder)	1	699613	96.6482
voortzetting N(soort,ev,basis,zijd,stan)	1	699614	96.6483
voortzetten WW(inf,vrij,zonder)	1	699615	96.6485
voortvloeien WW(pv,tgw,mv)	1	699616	96.6486
voorteken N(soort,ev,basis,onz,stan)	1	699617	96.6487
voortbewegen WW(pv,verl,ev)	1	699618	96.6489
voorstelln N(soort,mv,basis)	1	699619	96.649
voorstander N(soort,ev,basis,zijd,stan)	1	699620	96.6491
voorsprong N(soort,ev,basis,zijd,stan)	1	699621	96.6493
voorspoedig ADJ(vrij,basis,zonder)	1	699622	96.6494
voorspellen WW(pv,verl,ev)	1	699623	96.6496
voorspellen WW(pv,tgw,ev)	1	699624	96.6497
voorspelbaar ADJ(vrij,basis,zonder)	1	699625	96.6498
voorschrijven WW(vd,prenom,zonder)	1	699626	96.65
voorschrijven WW(pv,tgw,met-t)	1	699627	96.6501
voorschot N(soort,ev,basis,onz,stan)	1	699628	96.6503
voorschieten WW(vd,vrij,zonder)	1	699629	96.6504
voorrang N(soort,ev,basis,zijd,stan)	1	699630	96.6505
voornl ADJ(vrij,basis,zonder)	1	699631	96.6507
voornemen WW(vd,vrij,zonder)	1	699632	96.6508
voornemen N(soort,mv,basis)	1	699633	96.6509
voornaam ADJ(vrij,basis,zonder)	1	699634	96.6511
voornaam ADJ(nom,sup,met-e,zonder-n,stan)	1	699635	96.6512
voormiddagpint N(soort,ev,dim,onz,stan)	1	699636	96.6514
voorlopge N(soort,ev,basis,zijd,stan)	1	699637	96.6515
voorlijk ADJ(prenom,basis,zonder)	1	699638	96.6516
voorlicht WW(vd,vrij,zonder)	1	699639	96.6518
voorleggen WW(pv,tgw,met-t)	1	699640	96.6519
voorleesexpress-avond N(soort,mv,basis)	1	699641	96.6521
voorkomen WW(vd,vrij,zonder)	1	699642	96.6522
voorkomen WW(pv,tgw,mv)	1	699643	96.6523
voorkomen WW(od,prenom,zonder)	1	699644	96.6525
voorkeursmaand N(soort,ev,basis,zijd,stan)	1	699645	96.6526
voorkeurslocatie N(soort,ev,basis,zijd,stan)	1	699646	96.6527
voorjaar N(soort,ev,basis,onz,stan)	1	699647	96.6529
voorhouden WW(vd,vrij,zonder)	1	699648	96.653
voorhoofdsholte WW(pv,verl,ev)	1	699649	96.6532
voorheffing N(soort,ev,basis,zijd,stan)	1	699650	96.6533
voorheen BW()	1	699651	96.6534
voorhebben WW(vd,vrij,zonder)	1	699652	96.6536
voorhebben WW(inf,vrij,zonder)	1	699653	96.6537
voorgoed BW()	1	699654	96.6538
voorgevoel N(soort,ev,basis,onz,stan)	1	699655	96.654
voorgemixte WW(pv,verl,ev)	1	699656	96.6541
voorgaan WW(od,prenom,met-e)	1	699657	96.6543
voordragen WW(inf,vrij,zonder)	1	699658	96.6544
voordoen WW(vd,vrij,zonder)	1	699659	96.6545
voordien BW()	1	699660	96.6547
voordeursleutel N(soort,ev,basis,zijd,stan)	1	699661	96.6548
voordeur N(soort,ev,dim,onz,stan)	1	699662	96.655
voordelig ADJ(vrij,comp,zonder)	1	699663	96.6551
voordeelurenabo ADJ(vrij,basis,zonder)	1	699664	96.6552
voorby SPEC(vreemd)	1	699665	96.6554
voorby ADJ(postnom,basis,met-s)	1	699666	96.6555
voorbijvliegen WW(vd,vrij,zonder)	1	699667	96.6556
voorbijrijden WW(pv,tgw,met-t)	1	699668	96.6558
voorbijgaan WW(vd,vrij,zonder)	1	699669	96.6559
voorbespreking N(soort,ev,basis,zijd,stan)	1	699670	96.6561
voorbeschouwing N(soort,ev,basis,zijd,stan)	1	699671	96.6562
voorbereidingsmateriaal N(soort,ev,basis,onz,stan)	1	699672	96.6563
voorbereiden WW(vd,prenom,met-e)	1	699673	96.6565
voorbereiden WW(od,prenom,zonder)	1	699674	96.6566
voorbeeldexamen N(soort,mv,basis)	1	699675	96.6567
voorbeeld N(soort,mv,dim)	1	699676	96.6569
vooravnd N(soort,ev,basis,zijd,stan)	1	699677	96.657
voorafje N(soort,ev,dim,onz,stan)	1	699678	96.6572
vooraanzicht N(soort,ev,basis,zijd,stan)	1	699679	96.6573
voor-de-zekerheid-sm N(soort,mv,basis)	1	699680	96.6574
voor'n WW(pv,tgw,ev)	1	699681	96.6576
voor N(soort,mv,basis)	1	699682	96.6577
voor N(soort,ev,dim,onz,stan)	1	699683	96.6579
vooordeur N(soort,ev,basis,zijd,stan)	1	699684	96.658
vont WW(pv,tgw,met-t)	1	699685	96.6581
vonnis N(soort,ev,basis,onz,stan)	1	699686	96.6583
vonk N(soort,mv,basis)	1	699687	96.6584
vonk N(soort,ev,dim,onz,stan)	1	699688	96.6585
vondth ADJ(vrij,basis,zonder)	1	699689	96.6587
vondet N(soort,ev,basis,zijd,stan)	1	699690	96.6588
vondek ADJ(prenom,comp,zonder)	1	699691	96.659
vondbhet WW(pv,tgw,ev)	1	699692	96.6591
von VZ(init)	1	699693	96.6592
volwassen ADJ(vrij,basis,zonder)	1	699694	96.6594
volwassen ADJ(prenom,basis,zonder)	1	699695	96.6595
volvo N(soort,ev,basis,zijd,stan)	1	699696	96.6596
voltijds ADJ(vrij,basis,zonder)	1	699697	96.6598
voltaren WW(inf,vrij,zonder)	1	699698	96.6599
voltallig ADJ(vrij,basis,zonder)	1	699699	96.6601
volstaan WW(pv,tgw,mv)	1	699700	96.6602
volstaan WW(pv,tgw,met-t)	1	699701	96.6603
volslank ADJ(prenom,basis,met-e,stan)	1	699702	96.6605
volontÃ© SPEC(vreemd)	1	699703	96.6606
volleybalwedstrijd N(soort,ev,basis,zijd,stan)	1	699704	96.6608
volleybaltoernooi N(soort,ev,basis,onz,stan)	1	699705	96.6609
volleybalschoen N(soort,mv,basis)	1	699706	96.661
volleybalnet N(soort,ev,basis,onz,stan)	1	699707	96.6612
volleyballen WW(inf,nom,zonder,zonder-n)	1	699708	96.6613
volleybalclub N(soort,ev,basis,zijd,stan)	1	699709	96.6614
volleybal N(soort,ev,basis,zijd,stan)	1	699710	96.6616
volleybal N(soort,ev,basis,onz,stan)	1	699711	96.6617
volley N(soort,ev,basis,onz,stan)	1	699712	96.6619
vollenhove N(soort,ev,basis,zijd,stan)	1	699713	96.662
vollenbak BW()	1	699714	96.6621
vollen WW(pv,tgw,met-t)	1	699715	96.6623
volladen WW(vd,prenom,zonder)	1	699716	96.6624
volksstaat N(soort,ev,basis,zijd,stan)	1	699717	96.6625
volkshuis N(soort,ev,basis,onz,stan)	1	699718	96.6627
volksfeest N(soort,mv,basis)	1	699719	96.6628
volksdanstoer N(soort,ev,basis,zijd,stan)	1	699720	96.663
volksdans N(soort,ev,basis,zijd,stan)	1	699721	96.6631
volkorenmeel N(soort,ev,basis,onz,stan)	1	699722	96.6632
volkoren ADJ(vrij,basis,zonder)	1	699723	96.6634
volkan N(soort,ev,basis,zijd,stan)	1	699724	96.6635
volk N(soort,mv,basis)	1	699725	96.6637
volhouden WW(vd,vrij,zonder)	1	699726	96.6638
volhouden WW(pv,tgw,ev)	1	699727	96.6639
volhou N(soort,ev,basis,onz,stan)	1	699728	96.6641
volgns N(soort,ev,basis,zijd,stan)	1	699729	96.6642
volgn WW(od,prenom,met-e)	1	699730	96.6643
volgn N(soort,mv,basis)	1	699731	96.6645
volgestoken N(soort,mv,basis)	1	699732	96.6646
volges N(soort,mv,basis)	1	699733	96.6648
volgensmij N(soort,ev,basis,zijd,stan)	1	699734	96.6649
volgendeweek N(soort,ev,basis,zijd,stan)	1	699735	96.665
volgende-knop N(soort,mv,basis)	1	699736	96.6652
volgend ADJ(nom,basis,met-e,zonder-n,stan)	1	699737	96.6653
volgen ADJ(prenom,basis,zonder)	1	699738	96.6655
volgeboekt ADJ(vrij,basis,zonder)	1	699739	96.6656
volgaarne N(soort,ev,basis,zijd,stan)	1	699740	96.6657
volendams ADJ(prenom,basis,zonder)	1	699741	96.6659
volendammerkaars N(soort,mv,basis)	1	699742	96.666
volendam-annotatie N(soort,mv,basis)	1	699743	96.6661
voldoende N(soort,ev,basis,genus,stan)	1	699744	96.6663
voldoen WW(pv,verl,ev)	1	699745	96.6664
voldoen WW(pv,tgw,met-t)	1	699746	96.6666
vold WW(vd,prenom,zonder)	1	699747	96.6667
volbeat N(soort,ev,basis,zijd,stan)	1	699748	96.6668
volbeat N(soort,ev,basis,onz,stan)	1	699749	96.667
vol ADJ(vrij,comp,zonder)	1	699750	96.6671
vokgensmij ADJ(vrij,basis,zonder)	1	699751	96.6672
vojf ADJ(vrij,basis,zonder)	1	699752	96.6674
voit SPEC(vreemd)	1	699753	96.6675
voie SPEC(deeleigen)	1	699754	96.6677
voicemail N(soort,mv,basis)	1	699755	96.6678
voicemail N(soort,ev,dim,onz,stan)	1	699756	96.6679
voettocht N(soort,ev,basis,zijd,stan)	1	699757	96.6681
voettekst N(soort,ev,basis,zijd,stan)	1	699758	96.6682
voetpad N(soort,ev,basis,onz,stan)	1	699759	96.6684
voetgolf WW(pv,verl,ev)	1	699760	96.6685
voete N(soort,ev,basis,zijd,stan)	1	699761	96.6686
voetbalveld N(soort,ev,basis,onz,stan)	1	699762	96.6688
voetbaltube SPEC(symb)	1	699763	96.6689
voetbaltoernooi N(soort,ev,basis,onz,stan)	1	699764	96.669
voetbalteam N(soort,ev,basis,onz,stan)	1	699765	96.6692
voetbaltafel N(soort,ev,basis,zijd,stan)	1	699766	96.6693
voetbalstories SPEC(vreemd)	1	699767	96.6695
voetbalschotel N(soort,ev,basis,onz,stan)	1	699768	96.6696
voetbalpoules N(soort,ev,basis,onz,stan)	1	699769	96.6697
voetballer N(soort,ev,basis,zijd,stan)	1	699770	96.6699
voetballen WW(od,vrij,zonder)	1	699771	96.67
voetballeeeuuuh N(soort,ev,basis,onz,stan)	1	699772	96.6701
voetbalkwaliteit N(soort,mv,basis)	1	699773	96.6703
voetbalkrant N(soort,ev,basis,zijd,stan)	1	699774	96.6704
voetbalgids N(soort,mv,basis)	1	699775	96.6706
voetbalfeest WW(vd,vrij,zonder)	1	699776	96.6707
voetbaldag N(soort,ev,dim,onz,stan)	1	699777	96.6708
voetbalclub N(soort,ev,basis,zijd,stan)	1	699778	96.671
voetbal-les N(soort,mv,basis)	1	699779	96.6711
voertuigbeheersing N(soort,ev,basis,zijd,stan)	1	699780	96.6713
voeren WW(pv,verl,ev)	1	699781	96.6714
voelen WW(pv,verl,mv)	1	699782	96.6715
voele N(soort,ev,basis,zijd,stan)	1	699783	96.6717
voegwoord N(soort,mv,basis)	1	699784	96.6718
voedzaam ADJ(vrij,basis,zonder)	1	699785	96.6719
voedselvergiftigingsprobleem N(soort,mv,basis)	1	699786	96.6721
voedselstrooptocht N(soort,ev,basis,zijd,stan)	1	699787	96.6722
voederen WW(inf,nom,zonder,zonder-n)	1	699788	96.6724
voeden WW(pv,tgw,met-t)	1	699789	96.6725
voeballen WW(inf,vrij,zonder)	1	699790	96.6726
voebal ADJ(vrij,basis,zonder)	1	699791	96.6728
vod N(soort,mv,basis)	1	699792	96.6729
vochtvreter N(soort,ev,basis,zijd,stan)	1	699793	96.673
vochtig ADJ(prenom,basis,met-e,stan)	1	699794	96.6732
voc N(soort,ev,basis,zijd,stan)	1	699795	96.6733
vo WW(pv,verl,ev)	1	699796	96.6735
vo WW(inf,vrij,zonder)	1	699797	96.6736
vo VG(neven)	1	699798	96.6737
vo ADJ(vrij,basis,zonder)	1	699799	96.6739
vo ADJ(postnom,basis,met-s)	1	699800	96.674
vnvnd TW(hoofd,vrij)	1	699801	96.6742
vnvnd TW(hoofd,prenom,stan)	1	699802	96.6743
vnvnd SPEC(vreemd)	1	699803	96.6744
vnvd WW(vd,vrij,zonder)	1	699804	96.6746
vnv WW(od,vrij,zonder)	1	699805	96.6747
vnswwptw N(soort,ev,basis,zijd,stan)	1	699806	96.6748
vnl WW(pv,tgw,ev)	1	699807	96.675
vnl SPEC(vreemd)	1	699808	96.6751
vnl N(soort,ev,basis,zijd,stan)	1	699809	96.6753
vnjou WW(pv,tgw,ev)	1	699810	96.6754
vnj-tshirt WW(pv,tgw,met-t)	1	699811	96.6755
vnj-feest N(soort,ev,dim,onz,stan)	1	699812	96.6757
vnj-dienst N(soort,ev,basis,zijd,stan)	1	699813	96.6758
vndg WW(od,prenom,met-e)	1	699814	96.676
vndg N(soort,ev,basis,zijd,stan)	1	699815	96.6761
vnav N(soort,ev,basis,zijd,stan)	1	699816	96.6762
vnaaf N(soort,ev,basis,onz,stan)	1	699817	96.6764
vnaaf BW()	1	699818	96.6765
vna N(soort,ev,basis,zijd,stan)	1	699819	96.6766
vma N(soort,ev,basis,onz,stan)	1	699820	96.6768
vm WW(pv,verl,ev)	1	699821	96.6769
vluchten WW(inf,vrij,zonder)	1	699822	96.6771
vlucht SPEC(vreemd)	1	699823	96.6772
vlot N(soort,mv,basis)	1	699824	96.6773
vlot N(soort,ev,basis,onz,stan)	1	699825	96.6775
vlooienband N(soort,mv,dim)	1	699826	96.6776
vlooien WW(inf,vrij,zonder)	1	699827	96.6777
vloeistof N(soort,mv,basis)	1	699828	96.6779
vloeistof N(soort,ev,basis,zijd,stan)	1	699829	96.678
vloeibaar ADJ(prenom,basis,met-e,stan)	1	699830	96.6782
vloei N(soort,mv,dim)	1	699831	96.6783
vloei N(soort,ev,dim,onz,stan)	1	699832	96.6784
vlo N(soort,ev,basis,zijd,stan)	1	699833	96.6786
vlliegticketmaatschappij N(soort,ev,basis,zijd,stan)	1	699834	96.6787
vlinderdinges N(soort,mv,basis)	1	699835	96.6789
vlinder N(soort,mv,basis)	1	699836	96.679
vlijtig ADJ(vrij,basis,zonder)	1	699837	96.6791
vlijtig ADJ(prenom,basis,met-e,stan)	1	699838	96.6793
vlijmenseweg N(soort,ev,basis,zijd,stan)	1	699839	96.6794
vlijm N(soort,mv,basis)	1	699840	96.6795
vlien WW(inf,vrij,zonder)	1	699841	96.6797
vlieland N(soort,ev,basis,onz,stan)	1	699842	96.6798
vliegvertraging N(soort,ev,basis,zijd,stan)	1	699843	96.68
vliegverbod N(soort,ev,basis,onz,stan)	1	699844	96.6801
vliegtuigticket N(soort,ev,basis,onz,stan)	1	699845	96.6802
vliegtuigmodus N(soort,mv,basis)	1	699846	96.6804
vliegtuigmodus N(soort,ev,basis,zijd,stan)	1	699847	96.6805
vliegtickets N(soort,ev,basis,zijd,stan)	1	699848	96.6806
vliegticket N(soort,mv,basis)	1	699849	96.6808
vliegshow N(soort,ev,basis,zijd,stan)	1	699850	96.6809
vliegpunt N(soort,mv,basis)	1	699851	96.6811
vliegenvanger N(soort,ev,basis,zijd,stan)	1	699852	96.6812
vliegen WW(vd,vrij,zonder)	1	699853	96.6813
vlieg N(soort,ev,dim,onz,stan)	1	699854	96.6815
vlgs N(soort,mv,basis)	1	699855	96.6816
vlgde WW(vd,prenom,met-e)	1	699856	96.6818
vlgd TW(hoofd,prenom,stan)	1	699857	96.6819
vlg N(soort,ev,basis,zijd,stan)	1	699858	96.682
vleugel N(soort,mv,basis)	1	699859	96.6822
vleugel N(soort,ev,basis,zijd,stan)	1	699860	96.6823
vlerick ADJ(prenom,basis,zonder)	1	699861	96.6824
vlekkeloos ADJ(vrij,basis,zonder)	1	699862	96.6826
vlek N(soort,mv,basis)	1	699863	96.6827
vlegveld N(soort,ev,basis,onz,stan)	1	699864	96.6829
vleesetend ADJ(prenom,basis,met-e,stan)	1	699865	96.683
vleesbrood N(soort,ev,basis,onz,stan)	1	699866	96.6831
vlees N(soort,mv,dim)	1	699867	96.6833
vlees N(soort,ev,dim,onz,stan)	1	699868	96.6834
vleermuis N(soort,ev,basis,zijd,stan)	1	699869	96.6835
vlash N(soort,ev,basis,zijd,stan)	1	699870	96.6837
vlarbaltaxi N(soort,ev,basis,zijd,stan)	1	699871	96.6838
vlampijp N(soort,ev,basis,zijd,stan)	1	699872	96.684
vlamingpolder N(soort,ev,basis,zijd,stan)	1	699873	96.6841
vlakby SPEC(vreemd)	1	699874	96.6842
vlakbij ADJ(vrij,basis,zonder)	1	699875	96.6844
vlak N(soort,mv,basis)	1	699876	96.6845
vlaggengroet N(soort,ev,basis,zijd,stan)	1	699877	96.6847
vlaanderen WW(inf,vrij,zonder)	1	699878	96.6848
vla N(soort,ev,basis,zijd,stan)	1	699879	96.6849
vk N(soort,ev,basis,zijd,stan)	1	699880	96.6851
vj N(soort,ev,basis,zijd,stan)	1	699881	96.6852
vj ADJ(prenom,basis,zonder)	1	699882	96.6853
viÃ±o N(soort,ev,basis,zijd,stan)	1	699883	96.6855
vivek SPEC(vreemd)	1	699884	96.6856
vivek N(soort,ev,basis,zijd,stan)	1	699885	96.6858
vivek ADJ(vrij,basis,zonder)	1	699886	96.6859
vivabox N(soort,ev,basis,zijd,stan)	1	699887	96.686
vitro-keramisch ADJ(prenom,basis,met-e,stan)	1	699888	96.6862
vitaya SPEC(symb)	1	699889	96.6863
vitaminepil N(soort,mv,basis)	1	699890	96.6864
vitamine N(soort,ev,basis,zijd,stan)	1	699891	96.6866
vitaly SPEC(vreemd)	1	699892	96.6867
visum N(soort,ev,basis,zijd,stan)	1	699893	96.6869
vista SPEC(vreemd)	1	699894	96.687
vissen WW(vd,vrij,zonder)	1	699895	96.6871
vissen WW(pv,verl,ev)	1	699896	96.6873
visrestaurant N(soort,ev,basis,onz,stan)	1	699897	96.6874
viso N(soort,ev,basis,onz,stan)	1	699898	96.6876
viskoffer N(soort,ev,basis,zijd,stan)	1	699899	96.6877
visiting SPEC(vreemd)	1	699900	96.6878
visitekaartjesboer N(soort,ev,basis,zijd,stan)	1	699901	96.688
visited SPEC(vreemd)	1	699902	96.6881
visamachine N(soort,ev,basis,zijd,stan)	1	699903	96.6882
visabak N(soort,ev,dim,onz,stan)	1	699904	96.6884
virusscanner N(soort,ev,dim,onz,stan)	1	699905	96.6885
virusscanner N(soort,ev,basis,zijd,stan)	1	699906	96.6887
virus N(soort,mv,basis)	1	699907	96.6888
virtuoso N(soort,ev,basis,zijd,stan)	1	699908	96.6889
vipbar SPEC(vreemd)	1	699909	96.6891
vipachtig ADJ(prenom,basis,met-e,stan)	1	699910	96.6892
vip N(soort,mv,basis)	1	699911	96.6894
viorzichtig ADJ(vrij,basis,zonder)	1	699912	96.6895
vior N(soort,ev,basis,zijd,stan)	1	699913	96.6896
violate WW(pv,verl,ev)	1	699914	96.6898
vinyl N(soort,ev,basis,onz,stan)	1	699915	96.6899
vintage SPEC(vreemd)	1	699916	96.69
vint N(soort,ev,basis,zijd,stan)	1	699917	96.6902
vino SPEC(vreemd)	1	699918	96.6903
vinnek N(soort,ev,basis,zijd,stan)	1	699919	96.6905
vinkhuizen N(soort,mv,basis)	1	699920	96.6906
vink N(soort,ev,basis,zijd,stan)	1	699921	96.6907
vingerverven WW(vd,vrij,zonder)	1	699922	96.6909
vingerende WW(vd,prenom,met-e)	1	699923	96.691
vineaux N(soort,ev,basis,zijd,stan)	1	699924	96.6911
vindtxd ADJ(prenom,basis,zonder)	1	699925	96.6913
vindn WW(pv,tgw,mv)	1	699926	96.6914
vindjet ADJ(vrij,basis,zonder)	1	699927	96.6916
vinden.ko SPEC(symb)	1	699928	96.6917
vinden WW(inf,nom,zonder,zonder-n)	1	699929	96.6918
vindek N(soort,ev,basis,zijd,stan)	1	699930	96.692
vinde WW(pv,verl,ev)	1	699931	96.6921
vinde WW(od,vrij,zonder)	1	699932	96.6923
vinci N(soort,ev,basis,zijd,stan)	1	699933	96.6924
vincent N(soort,ev,basis,onz,stan)	1	699934	96.6925
vin WW(pv,tgw,ev)	1	699935	96.6927
vilvoorde N(soort,ev,basis,zijd,stan)	1	699936	96.6928
villareal N(soort,ev,basis,zijd,stan)	1	699937	96.6929
vikingpuntengekregen N(soort,mv,basis)	1	699938	96.6931
viking N(soort,ev,basis,zijd,stan)	1	699939	96.6932
vijvestraat SPEC(deeleigen)	1	699940	96.6934
vijs N(soort,mv,dim)	1	699941	96.6935
vijs N(soort,mv,basis)	1	699942	96.6936
vijftig TW(hoofd,vrij)	1	699943	96.6938
vijftig TW(hoofd,nom,zonder-n,basis)	1	699944	96.6939
vijftien TW(hoofd,vrij)	1	699945	96.694
vijftien TW(hoofd,prenom,stan)	1	699946	96.6942
vijf N(soort,mv,dim)	1	699947	96.6943
vijand N(soort,ev,basis,zijd,stan)	1	699948	96.6945
vij N(soort,mv,dim)	1	699949	96.6946
viewty SPEC(vreemd)	1	699950	96.6947
vies ADJ(prenom,basis,zonder)	1	699951	96.6949
vieruurtje N(soort,ev,dim,onz,stan)	1	699952	96.695
vierkant N(soort,mv,dim)	1	699953	96.6952
vierkant N(soort,ev,basis,onz,stan)	1	699954	96.6953
viering N(soort,ev,basis,zijd,stan)	1	699955	96.6954
viergastest N(soort,ev,basis,zijd,stan)	1	699956	96.6956
vierdaagsevriendin N(soort,ev,dim,onz,stan)	1	699957	96.6957
vierdaagsecoordinator N(soort,ev,basis,zijd,stan)	1	699958	96.6958
vierdaags ADJ(prenom,basis,met-e,stan)	1	699959	96.696
vier TW(hoofd,dial)	1	699960	96.6961
vienna N(soort,ev,basis,zijd,stan)	1	699961	96.6963
viele SPEC(vreemd)	1	699962	96.6964
vidi SPEC(deeleigen)	1	699963	96.6965
videt WW(pv,verl,ev)	1	699964	96.6967
videoverslag N(soort,ev,basis,zijd,stan)	1	699965	96.6968
videoprojectie N(soort,ev,basis,zijd,stan)	1	699966	96.6969
videokaart N(soort,ev,basis,zijd,stan)	1	699967	96.6971
videocollege N(soort,mv,basis)	1	699968	96.6972
videoband N(soort,mv,basis)	1	699969	96.6974
video-expert N(soort,ev,basis,zijd,stan)	1	699970	96.6975
video-en WW(inf,vrij,zonder)	1	699971	96.6976
video N(soort,mv,basis)	1	699972	96.6978
vidal SPEC(deeleigen)	1	699973	96.6979
victoria N(soort,mv,basis)	1	699974	96.6981
vico N(soort,ev,basis,zijd,stan)	1	699975	96.6982
vici SPEC(vreemd)	1	699976	96.6983
vibrations SPEC(vreemd)	1	699977	96.6985
vibes SPEC(vreemd)	1	699978	96.6986
viberen WW(inf,vrij,zonder)	1	699979	96.6987
viben WW(inf,vrij,zonder)	1	699980	96.6989
vibe SPEC(vreemd)	1	699981	96.699
vibden WW(pv,tgw,met-t)	1	699982	96.6992
viandel N(soort,ev,basis,zijd,stan)	1	699983	96.6993
viandel N(soort,ev,basis,onz,stan)	1	699984	96.6994
viagera N(soort,ev,basis,zijd,stan)	1	699985	96.6996
vhz SPEC(vreemd)	1	699986	96.6997
vh SPEC(vreemd)	1	699987	96.6998
vgsd ADJ(vrij,basis,zonder)	1	699988	96.7
vgl N(soort,ev,basis,onz,stan)	1	699989	96.7001
vgavond N(soort,ev,basis,zijd,stan)	1	699990	96.7003
vfrans ADJ(vrij,basis,zonder)	1	699991	96.7004
vezelrijk ADJ(vrij,basis,zonder)	1	699992	96.7005
veys N(soort,mv,basis)	1	699993	96.7007
vewwie N(soort,ev,basis,zijd,stan)	1	699994	96.7008
veurns ADJ(prenom,basis,met-e,stan)	1	699995	96.701
veurne N(soort,ev,basis,zijd,stan)	1	699996	96.7011
veur ADJ(vrij,basis,zonder)	1	699997	96.7012
veulen N(soort,ev,basis,onz,stan)	1	699998	96.7014
veul N(soort,ev,basis,zijd,stan)	1	699999	96.7015
veul ADJ(prenom,basis,zonder)	1	700000	96.7016
vettig ADJ(vrij,basis,zonder)	1	700001	96.7018
vettig ADJ(dial)	1	700002	96.7019
vetteshizzle ADJ(prenom,basis,met-e,stan)	1	700003	96.7021
vettel N(soort,ev,basis,zijd,stan)	1	700004	96.7022
vettel N(soort,ev,basis,onz,stan)	1	700005	96.7023
vette SPEC(vreemd)	1	700006	96.7025
vetstuur WW(pv,tgw,ev)	1	700007	96.7026
vetrokken N(soort,mv,basis)	1	700008	96.7028
vetraging N(soort,ev,basis,zijd,stan)	1	700009	96.7029
vetgedrukt ADJ(prenom,basis,met-e,stan)	1	700010	96.703
vetex N(soort,ev,basis,zijd,stan)	1	700011	96.7032
vetex N(soort,ev,basis,onz,stan)	1	700012	96.7033
vet ADJ(prenom,sup,met-e,stan)	1	700013	96.7034
vestzak N(soort,ev,basis,zijd,stan)	1	700014	96.7036
vestmon SPEC(deeleigen)	1	700015	96.7037
vestingdag N(soort,mv,basis)	1	700016	96.7039
vestinfdag N(soort,mv,basis)	1	700017	96.704
vestie N(soort,ev,basis,zijd,stan)	1	700018	96.7041
vest N(soort,ev,dim,onz,stan)	1	700019	96.7043
vespa N(soort,ev,basis,zijd,stan)	1	700020	96.7044
vesalius N(soort,mv,basis)	1	700021	96.7045
verzwikken WW(pv,verl,ev)	1	700022	96.7047
verzuren WW(vd,prenom,met-e)	1	700023	96.7048
verzuipen WW(vd,vrij,zonder)	1	700024	96.705
verzuimen WW(inf,vrij,zonder)	1	700025	96.7051
verzuim N(soort,ev,basis,onz,stan)	1	700026	96.7052
verzorgingstafel N(soort,ev,basis,zijd,stan)	1	700027	96.7054
verzorgingskus N(soort,mv,basis)	1	700028	96.7055
verzorgen WW(vd,prenom,met-e)	1	700029	96.7057
verzorgd WW(pv,tgw,ev)	1	700030	96.7058
verzonden N(soort,ev,basis,onz,stan)	1	700031	96.7059
verzoening N(soort,ev,basis,zijd,stan)	1	700032	96.7061
verzoeknummer N(soort,mv,dim)	1	700033	96.7062
verzoeken WW(pv,tgw,ev)	1	700034	96.7063
verzetten WW(pv,tgw,mv)	1	700035	96.7065
verzetten N(soort,mv,basis)	1	700036	96.7066
verzending N(soort,ev,basis,zijd,stan)	1	700037	96.7068
verzenden WW(vd,prenom,zonder)	1	700038	96.7069
verzenden WW(pv,tgw,met-t)	1	700039	96.707
verzenden WW(inf,nom,zonder,zonder-n)	1	700040	96.7072
verzele-haems N(soort,mv,basis)	1	700041	96.7073
verzeketen N(soort,mv,basis)	1	700042	96.7074
verzekeringskaart N(soort,ev,dim,onz,stan)	1	700043	96.7076
verzekeren WW(inf,vrij,zonder)	1	700044	96.7077
verzekeraar N(soort,mv,basis)	1	700045	96.7079
verzegelen WW(vd,vrij,zonder)	1	700046	96.708
verzamelverpakking N(soort,ev,basis,zijd,stan)	1	700047	96.7081
verzameling N(soort,mv,basis)	1	700048	96.7083
verzamelen WW(pv,tgw,met-t)	1	700049	96.7084
verzamelen WW(inf,nom,zonder,zonder-n)	1	700050	96.7086
verzakken WW(vd,vrij,zonder)	1	700051	96.7087
verzadigd ADJ(vrij,basis,zonder)	1	700052	96.7088
verzachten WW(od,prenom,met-e)	1	700053	96.709
verwyten WW(inf,vrij,zonder)	1	700054	96.7091
verwyderen WW(inf,vrij,zonder)	1	700055	96.7092
verwoorden WW(vd,vrij,zonder)	1	700056	96.7094
verwonding N(soort,mv,basis)	1	700057	96.7095
verwonderen WW(inf,vrij,zonder)	1	700058	96.7097
verwittigen WW(vd,vrij,zonder)	1	700059	96.7098
verwisselen WW(vd,vrij,zonder)	1	700060	96.7099
verwisselen WW(pv,tgw,ev)	1	700061	96.7101
verwisselen WW(inf,vrij,zonder)	1	700062	96.7102
verwijzing N(soort,mv,basis)	1	700063	96.7103
verwijten WW(pv,tgw,ev)	1	700064	96.7105
verwijt N(soort,ev,basis,onz,stan)	1	700065	96.7106
verwijsbrief N(soort,mv,basis)	1	700066	96.7108
verwijsbrief N(soort,ev,basis,zijd,stan)	1	700067	96.7109
verwijderen WW(vd,prenom,met-e)	1	700068	96.711
verwijderen WW(pv,tgw,ev)	1	700069	96.7112
verwijderen WW(inf,nom,zonder,zonder-n)	1	700070	96.7113
verwerpelijk ADJ(prenom,basis,met-e,stan)	1	700071	96.7115
verwerkingssnelheid N(soort,ev,basis,zijd,stan)	1	700072	96.7116
verwerken WW(inf,nom,zonder,zonder-n)	1	700073	96.7117
verwenverassing N(soort,mv,dim)	1	700074	96.7119
verwennen WW(pv,tgw,met-t)	1	700075	96.712
verwelkomen WW(inf,vrij,zonder)	1	700076	96.7121
verwarring N(soort,ev,basis,zijd,stan)	1	700077	96.7123
verwarren WW(vd,vrij,zonder)	1	700078	96.7124
verwarmn WW(inf,vrij,zonder)	1	700079	96.7126
verward ADJ(prenom,basis,met-e,stan)	1	700080	96.7127
verwachten WW(pv,verl,mv)	1	700081	96.7128
verwach ADJ(vrij,basis,zonder)	1	700082	96.713
verwaarlozen WW(vd,prenom,met-e)	1	700083	96.7131
verwaarlozen WW(pv,tgw,ev)	1	700084	96.7132
verwaaarrendd WW(vd,vrij,zonder)	1	700085	96.7134
vervÃ©Ã©l WW(pv,tgw,ev)	1	700086	96.7135
vervullen WW(vd,vrij,zonder)	1	700087	96.7137
vervullen WW(inf,vrij,zonder)	1	700088	96.7138
vervorming N(soort,mv,basis)	1	700089	96.7139
vervolgprogramma N(soort,ev,basis,onz,stan)	1	700090	96.7141
vervolgen WW(vd,vrij,zonder)	1	700091	96.7142
vervolgen WW(inf,vrij,zonder)	1	700092	96.7144
vervoersbewijs N(soort,ev,basis,onz,stan)	1	700093	96.7145
vervloeken WW(vd,vrij,zonder)	1	700094	96.7146
vervlechting N(soort,ev,basis,zijd,stan)	1	700095	96.7148
verversen WW(inf,vrij,zonder)	1	700096	96.7149
verven WW(pv,tgw,met-t)	1	700097	96.715
vervelend ADJ(prenom,basis,zonder)	1	700098	96.7152
vervelend ADJ(nom,basis,met-e,zonder-n,stan)	1	700099	96.7153
vervelen WW(od,prenom,met-e)	1	700100	96.7155
vervangen WW(pv,tgw,mv)	1	700101	96.7156
vervangcafe N(soort,ev,basis,zijd,stan)	1	700102	96.7157
vervallen WW(vd,vrij,zonder)	1	700103	96.7159
vervaldatum N(soort,ev,basis,zijd,stan)	1	700104	96.716
verval N(soort,ev,basis,onz,stan)	1	700105	96.7162
vertÃ© N(soort,ev,basis,zijd,stan)	1	700106	96.7163
verts SPEC(vreemd)	1	700107	96.7164
vertrouwen WW(pv,verl,ev)	1	700108	96.7166
vertrokkn N(soort,mv,basis)	1	700109	96.7167
vertrektijd N(soort,ev,basis,zijd,stan)	1	700110	96.7168
vertrekstress N(soort,mv,basis)	1	700111	96.717
vertrekkn WW(pv,verl,ev)	1	700112	96.7171
vertrekkn WW(pv,tgw,mv)	1	700113	96.7173
vertrekkn WW(inf,vrij,zonder)	1	700114	96.7174
vertrekke WW(vd,vrij,zonder)	1	700115	96.7175
vertrekk WW(pv,tgw,met-t)	1	700116	96.7177
vertoon ADJ(vrij,basis,zonder)	1	700117	96.7178
vertonen WW(vd,vrij,zonder)	1	700118	96.7179
vertonen WW(pv,tgw,met-t)	1	700119	96.7181
vertonen WW(inf,vrij,zonder)	1	700120	96.7182
vertok N(soort,mv,basis)	1	700121	96.7184
vertikaal N(soort,ev,basis,onz,stan)	1	700122	96.7185
verticaal ADJ(vrij,basis,zonder)	1	700123	96.7186
vertering N(soort,ev,basis,zijd,stan)	1	700124	96.7188
verteren WW(vd,vrij,zonder)	1	700125	96.7189
verteot WW(vd,vrij,zonder)	1	700126	96.7191
vertellen WW(pv,tgw,mv)	1	700127	96.7192
vertelde N(soort,ev,basis,zijd,stan)	1	700128	96.7193
vertel SPEC(vreemd)	1	700129	96.7195
verte N(soort,ev,basis,zijd,stan)	1	700130	96.7196
vertaling N(soort,mv,basis)	1	700131	96.7197
vertaler N(soort,ev,basis,zijd,stan)	1	700132	96.7199
vertalen WW(pv,verl,ev)	1	700133	96.72
vertalen WW(pv,tgw,met-t)	1	700134	96.7202
vertalen WW(inf,vrij,zonder)	1	700135	96.7203
vertalen WW(inf,nom,zonder,zonder-n)	1	700136	96.7204
vertaalsoftware N(soort,ev,basis,zijd,stan)	1	700137	96.7206
vertaalopdracht N(soort,ev,basis,onz,stan)	1	700138	96.7207
vertaalkunde SPEC(vreemd)	1	700139	96.7208
vertaal-ding N(soort,mv,basis)	1	700140	96.721
versvooru.nl SPEC(symb)	1	700141	96.7211
versturen WW(vd,prenom,met-e)	1	700142	96.7213
versturen WW(pv,tgw,mv)	1	700143	96.7214
versturen WW(pv,tgw,met-t)	1	700144	96.7215
verstuiken WW(vd,vrij,zonder)	1	700145	96.7217
verstuiken WW(vd,prenom,met-e)	1	700146	96.7218
verstrooid ADJ(vrij,basis,zonder)	1	700147	96.722
verstrengelen WW(vd,vrij,zonder)	1	700148	96.7221
verstoten WW(vd,vrij,zonder)	1	700149	96.7222
verstoren WW(vd,prenom,zonder)	1	700150	96.7224
verstopt ADJ(prenom,basis,met-e,stan)	1	700151	96.7225
verstoppen WW(pv,tgw,met-t)	1	700152	96.7226
verstoppen WW(pv,tgw,ev)	1	700153	96.7228
verstoken ADJ(vrij,basis,zonder)	1	700154	96.7229
verstichel N(soort,ev,basis,onz,stan)	1	700155	96.7231
versterker N(soort,ev,basis,zijd,stan)	1	700156	96.7232
versteken WW(inf,vrij,zonder)	1	700157	96.7233
verstandig ADJ(nom,sup,met-e,zonder-n,stan)	1	700158	96.7235
verstaan WW(pv,verl,ev)	1	700159	96.7236
verspreiden WW(pv,tgw,met-t)	1	700160	96.7237
verspreid WW(vd,vrij,zonder)	1	700161	96.7239
versnellingsbak N(soort,ev,basis,zijd,stan)	1	700162	96.724
versnapering N(soort,ev,basis,zijd,stan)	1	700163	96.7242
versmaden WW(inf,vrij,zonder)	1	700164	96.7243
verslaving N(soort,ev,basis,zijd,stan)	1	700165	96.7244
verslavend ADJ(vrij,basis,zonder)	1	700166	96.7246
verslaafd ADJ(vrij,basis,zonder)	1	700167	96.7247
version SPEC(vreemd)	1	700168	96.7249
versieren WW(vd,vrij,zonder)	1	700169	96.725
versie SPEC(vreemd)	1	700170	96.7251
verser N(soort,ev,basis,zijd,stan)	1	700171	96.7253
verschuiven WW(pv,tgw,mv)	1	700172	96.7254
verschuiven WW(pv,tgw,met-t)	1	700173	96.7255
verschrikkellijo SPEC(vreemd)	1	700174	96.7257
verschrikkelijk ADJ(prenom,basis,zonder)	1	700175	96.7258
verschrikkelijk ADJ(prenom,basis,met-e,stan)	1	700176	96.726
verschonen WW(vd,vrij,zonder)	1	700177	96.7261
verschillen WW(pv,tgw,met-t)	1	700178	96.7262
verschillen WW(od,prenom,met-e)	1	700179	96.7264
verschillen WW(inf,vrij,zonder)	1	700180	96.7265
verschijnsel N(soort,ev,basis,onz,stan)	1	700181	96.7266
verschijnen.to SPEC(symb)	1	700182	96.7268
verschijnen WW(vd,vrij,zonder)	1	700183	96.7269
verschijnen WW(pv,tgw,met-t)	1	700184	96.7271
verschieten WW(vd,vrij,zonder)	1	700185	96.7272
verschieten WW(inf,vrij,zonder)	1	700186	96.7273
verscheiden ADJ(prenom,basis,met-e,stan)	1	700187	96.7275
verschansen WW(pv,tgw,ev)	1	700188	96.7276
versa SPEC(vreemd)	1	700189	96.7278
vers N(soort,ev,basis,onz,stan)	1	700190	96.7279
verrotten WW(vd,vrij,zonder)	1	700191	96.728
verrok N(soort,mv,basis)	1	700192	96.7282
verregenen WW(inf,vrij,zonder)	1	700193	96.7283
verre BW()	1	700194	96.7284
verrastl SPEC(vreemd)	1	700195	96.7286
verrassingsfeest N(soort,ev,dim,onz,stan)	1	700196	96.7287
verrassingseten N(soort,mv,basis)	1	700197	96.7289
verrassingsbrood N(soort,ev,basis,onz,stan)	1	700198	96.729
verrassing(kje) N(soort,mv,dim)	1	700199	96.7291
verrasdingskus N(soort,ev,dim,onz,stan)	1	700200	96.7293
verraderlijk ADJ(vrij,basis,zonder)	1	700201	96.7294
verraden WW(vd,vrij,zonder)	1	700202	96.7296
verradelijk ADJ(vrij,basis,zonder)	1	700203	96.7297
verra SPEC(vreemd)	1	700204	96.7298
verplichten WW(vd,prenom,zonder)	1	700205	96.73
verplichten WW(pv,tgw,ev)	1	700206	96.7301
verpleger N(soort,mv,basis)	1	700207	96.7302
verpleegkunde N(soort,ev,basis,zijd,stan)	1	700208	96.7304
verplanken WW(inf,vrij,zonder)	1	700209	96.7305
verplaatsen WW(pv,verl,ev)	1	700210	96.7307
verpesten WW(inf,nom,zonder,zonder-n)	1	700211	96.7308
verpakking N(soort,ev,basis,zijd,stan)	1	700212	96.7309
verouderen WW(inf,vrij,zonder)	1	700213	96.7311
veroorzaken WW(inf,vrij,zonder)	1	700214	96.7312
verontwaardigen WW(vd,prenom,met-e)	1	700215	96.7313
verontschuldiging N(soort,mv,basis)	1	700216	96.7315
verontschuldigen WW(pv,tgw,met-t)	1	700217	96.7316
verontschuldigen WW(inf,vrij,zonder)	1	700218	96.7318
verontrusten WW(od,prenom,met-e)	1	700219	96.7319
veronique N(soort,ev,basis,zijd,stan)	1	700220	96.732
veronderstelling N(soort,ev,basis,zijd,stan)	1	700221	96.7322
veronderstellen WW(pv,tgw,ev)	1	700222	96.7323
vero N(soort,ev,basis,zijd,stan)	1	700223	96.7325
vernieuwen WW(vd,vrij,zonder)	1	700224	96.7326
vernietigen WW(od,prenom,met-e)	1	700225	96.7327
vernietigen WW(inf,vrij,zonder)	1	700226	96.7329
vernevelen WW(vd,vrij,zonder)	1	700227	96.733
vernevelen N(soort,mv,basis)	1	700228	96.7331
vernevelaar ADJ(vrij,basis,zonder)	1	700229	96.7333
verneuken WW(pv,tgw,met-t)	1	700230	96.7334
vernemen WW(pv,tgw,ev)	1	700231	96.7336
vermoorden WW(inf,vrij,zonder)	1	700232	96.7337
vermoeiend ADJ(prenom,basis,zonder)	1	700233	96.7338
vermoeidheid N(soort,ev,basis,zijd,stan)	1	700234	96.734
vermoeden WW(pv,tgw,mv)	1	700235	96.7341
vermoeden WW(pv,tgw,met-t)	1	700236	96.7342
verminken WW(vd,vrij,zonder)	1	700237	96.7344
verminderen WW(vd,prenom,met-e)	1	700238	96.7345
vermeire-roobroeck N(soort,ev,basis,zijd,stan)	1	700239	96.7347
vermakelijk ADJ(vrij,basis,zonder)	1	700240	96.7348
vermakelijk ADJ(prenom,basis,met-e,stan)	1	700241	96.7349
vermaak N(soort,ev,basis,onz,stan)	1	700242	96.7351
verluiden WW(pv,tgw,met-t)	1	700243	96.7352
verlovingsring N(soort,ev,basis,zijd,stan)	1	700244	96.7354
verloven WW(vd,vrij,zonder)	1	700245	96.7355
verlossen WW(inf,vrij,zonder)	1	700246	96.7356
verloskwartier N(soort,ev,basis,zijd,stan)	1	700247	96.7358
verloopdatum N(soort,ev,basis,zijd,stan)	1	700248	96.7359
verlinden WW(pv,verl,mv)	1	700249	96.736
verliezen WW(pv,verl,mv)	1	700250	96.7362
verlies N(soort,mv,basis)	1	700251	96.7363
verliefdheid N(soort,ev,basis,zijd,stan)	1	700252	96.7365
verliefd WW(vd,vrij,zonder)	1	700253	96.7366
verliefd ADJ(prenom,basis,met-e,stan)	1	700254	96.7367
verlichting N(soort,ev,basis,zijd,stan)	1	700255	96.7369
verlengen WW(inf,vrij,zonder)	1	700256	96.737
verlenen WW(vd,vrij,zonder)	1	700257	96.7371
verleiding N(soort,ev,basis,zijd,stan)	1	700258	96.7373
verleiden WW(vd,vrij,zonder)	1	700259	96.7374
verleidelijk ADJ(prenom,basis,met-e,stan)	1	700260	96.7376
verleggen WW(vd,vrij,zonder)	1	700261	96.7377
verleggen WW(vd,prenom,zonder)	1	700262	96.7378
verleden N(soort,ev,basis,onz,stan)	1	700263	96.738
verleden ADJ(prenom,basis,zonder)	1	700264	96.7381
verlatingsangst WW(vd,vrij,zonder)	1	700265	96.7383
verlangs N(soort,mv,basis)	1	700266	96.7384
verlanglijst N(soort,ev,dim,onz,stan)	1	700267	96.7385
verlangen N(soort,ev,basis,onz,stan)	1	700268	96.7387
verlagen WW(pv,tgw,met-t)	1	700269	96.7388
verl WW(vd,prenom,zonder)	1	700270	96.7389
verkrijgen WW(inf,vrij,zonder)	1	700271	96.7391
verkrijgbaar ADJ(vrij,basis,zonder)	1	700272	96.7392
verkrachten WW(vd,vrij,zonder)	1	700273	96.7394
verkrachten WW(inf,vrij,zonder)	1	700274	96.7395
verkoudheids-hoofd N(soort,ev,basis,onz,stan)	1	700275	96.7396
verkorten WW(vd,vrij,zonder)	1	700276	96.7398
verkoppen WW(pv,tgw,met-t)	1	700277	96.7399
verkoperen WW(pv,tgw,met-t)	1	700278	96.74
verkopen WW(pv,verl,ev)	1	700279	96.7402
verkopen WW(pv,tgw,mv)	1	700280	96.7403
verkopen WW(inf,nom,zonder,zonder-n)	1	700281	96.7405
verkooptruc N(soort,ev,basis,zijd,stan)	1	700282	96.7406
verkoop N(soort,ev,basis,zijd,stan)	1	700283	96.7407
verkondigen WW(inf,vrij,zonder)	1	700284	96.7409
verknallen WW(inf,vrij,zonder)	1	700285	96.741
verkloten WW(vd,vrij,zonder)	1	700286	96.7412
verkloten WW(pv,verl,ev)	1	700287	96.7413
verkloot N(soort,ev,basis,zijd,stan)	1	700288	96.7414
verklikker N(soort,ev,basis,zijd,stan)	1	700289	96.7416
verkleedkleren N(soort,mv,basis)	1	700290	96.7417
verkleedfeest N(soort,ev,dim,onz,stan)	1	700291	96.7418
verkleden WW(inf,vrij,zonder)	1	700292	96.742
verklaren WW(pv,tgw,met-t)	1	700293	96.7421
verklappen WW(pv,tgw,met-t)	1	700294	96.7423
verkiezing N(soort,ev,basis,zijd,stan)	1	700295	96.7424
verkiezen WW(vd,vrij,zonder)	1	700296	96.7425
verkiezen WW(pv,tgw,mv)	1	700297	96.7427
verkeren WW(pv,tgw,mv)	1	700298	96.7428
verkenning N(soort,ev,basis,zijd,stan)	1	700299	96.743
verkenner N(soort,ev,basis,zijd,stan)	1	700300	96.7431
verkeersplan N(soort,mv,basis)	1	700301	96.7432
verkeersbord N(soort,ev,basis,onz,stan)	1	700302	96.7434
verkeerd ADJ(postnom,basis,met-s)	1	700303	96.7435
verkeer.to SPEC(symb)	1	700304	96.7436
verkaveling N(soort,ev,basis,zijd,stan)	1	700305	96.7438
verkassen WW(inf,nom,zonder,zonder-n)	1	700306	96.7439
verkandie N(soort,ev,basis,zijd,stan)	1	700307	96.7441
verjaren WW(pv,tgw,met-t)	1	700308	96.7442
verjaardaq N(soort,ev,basis,zijd,stan)	1	700309	96.7443
verjaardagwense N(soort,ev,basis,zijd,stan)	1	700310	96.7445
verjaardagszoen N(soort,mv,basis)	1	700311	96.7446
verjaardagsstress N(soort,ev,basis,zijd,stan)	1	700312	96.7447
verjaardagsshow BW()	1	700313	96.7449
verjaardagskus N(soort,mv,dim)	1	700314	96.745
verjaardagskus N(soort,mv,basis)	1	700315	96.7452
verjaardagskus N(soort,ev,basis,zijd,stan)	1	700316	96.7453
verjaardagskado N(soort,ev,dim,onz,stan)	1	700317	96.7454
verjaardagskado N(soort,ev,basis,zijd,stan)	1	700318	96.7456
verjaardagskaart N(soort,ev,basis,zijd,stan)	1	700319	96.7457
verjaardagsgevoel N(soort,ev,basis,onz,stan)	1	700320	96.7459
verjaardagsgelukwensbericht WW(vd,vrij,zonder)	1	700321	96.746
verjaardagseks ADJ(vrij,basis,zonder)	1	700322	96.7461
verjaardagsdrink WW(pv,verl,ev)	1	700323	96.7463
verjaardagsbezoek N(soort,ev,basis,onz,stan)	1	700324	96.7464
verjaadag N(soort,ev,basis,zijd,stan)	1	700325	96.7465
verj N(soort,ev,basis,zijd,stan)	1	700326	96.7467
verijdelen WW(vd,vrij,zonder)	1	700327	96.7468
verifieren WW(inf,vrij,zonder)	1	700328	96.747
verhuren WW(pv,tgw,mv)	1	700329	96.7471
verhulst N(soort,ev,dim,onz,stan)	1	700330	96.7472
verhullen WW(inf,vrij,zonder)	1	700331	96.7474
verhuizenhebben WW(pv,tgw,mv)	1	700332	96.7475
verhuiszooi N(soort,ev,basis,zijd,stan)	1	700333	96.7476
verhuiswerkzaamheid N(soort,mv,basis)	1	700334	96.7478
verhuiswagen N(soort,ev,basis,zijd,stan)	1	700335	96.7479
verhuisdrukte N(soort,ev,basis,zijd,stan)	1	700336	96.7481
verhuis N(soort,ev,basis,onz,stan)	1	700337	96.7482
verhouding N(soort,ev,basis,zijd,stan)	1	700338	96.7483
verhogen WW(vd,prenom,met-e)	1	700339	96.7485
verhoevy WW(pv,tgw,ev)	1	700340	96.7486
verhoevie N(soort,ev,basis,zijd,stan)	1	700341	96.7488
verheffen WW(vd,vrij,zonder)	1	700342	96.7489
verheffen WW(od,vrij,zonder)	1	700343	96.749
verhangen WW(vd,vrij,zonder)	1	700344	96.7492
verhaal N(soort,ev,dim,onz,stan)	1	700345	96.7493
vergunning N(soort,ev,basis,zijd,stan)	1	700346	96.7494
vergroten WW(pv,tgw,ev)	1	700347	96.7496
vergroten WW(inf,vrij,zonder)	1	700348	96.7497
vergrijpen WW(vd,vrij,zonder)	1	700349	96.7499
vergiftiging N(soort,ev,basis,zijd,stan)	1	700350	96.75
vergif N(soort,ev,basis,onz,stan)	1	700351	96.7501
vergezellen WW(inf,vrij,zonder)	1	700352	96.7503
vergeven WW(pv,tgw,ev)	1	700353	96.7504
vergete WW(pv,verl,met-t)	1	700354	96.7505
vergete ADJ(prenom,basis,met-e,stan)	1	700355	96.7507
verges N(soort,mv,basis)	1	700356	96.7508
vergen WW(pv,tgw,mv)	1	700357	96.751
vergen WW(pv,tgw,ev)	1	700358	96.7511
vergelijking SPEC(vreemd)	1	700359	96.7512
vergelijking N(soort,ev,basis,zijd,stan)	1	700360	96.7514
vergelijken WW(vd,vrij,zonder)	1	700361	96.7515
vergelijken WW(pv,tgw,met-t)	1	700362	96.7517
vergelijkbaar ADJ(prenom,basis,met-e,stan)	1	700363	96.7518
vergat N(soort,ev,basis,zijd,stan)	1	700364	96.7519
vergadertijger N(soort,ev,basis,zijd,stan)	1	700365	96.7521
vergaderse N(soort,ev,basis,zijd,stan)	1	700366	96.7522
vergaderkus N(soort,ev,dim,onz,stan)	1	700367	96.7523
vergaderkamer N(soort,ev,basis,zijd,stan)	1	700368	96.7525
vergaderingn WW(inf,vrij,zonder)	1	700369	96.7526
vergadering WW(pv,tgw,ev)	1	700370	96.7528
vergadering N(soort,ev,dim,onz,stan)	1	700371	96.7529
vergaderen WW(pv,tgw,met-t)	1	700372	96.753
vergaderen WW(pv,tgw,ev)	1	700373	96.7532
vergaderen WW(inf,nom,zonder,zonder-n)	1	700374	96.7533
vergaderdag N(soort,ev,basis,zijd,stan)	1	700375	96.7534
vergaan WW(vd,vrij,zonder)	1	700376	96.7536
vergaan WW(pv,tgw,met-t)	1	700377	96.7537
verfspul N(soort,mv,basis)	1	700378	96.7539
verfrommelen WW(vd,vrij,zonder)	1	700379	96.754
verfrissen WW(od,prenom,zonder)	1	700380	96.7541
verfkrabber N(soort,ev,basis,zijd,stan)	1	700381	96.7543
vereten WW(vd,vrij,zonder)	1	700382	96.7544
veres N(soort,ev,basis,onz,stan)	1	700383	96.7546
vererg ADJ(prenom,comp,met-e,stan)	1	700384	96.7547
vereren WW(inf,vrij,zonder)	1	700385	96.7548
verenigingsactiviteit N(soort,mv,basis)	1	700386	96.755
veren WW(pv,verl,ev)	1	700387	96.7551
vereisen WW(vd,nom,met-e,zonder-n)	1	700388	96.7552
verdwijnen WW(pv,verl,mv)	1	700389	96.7554
verdwijnen WW(pv,tgw,met-t)	1	700390	96.7555
verdwijnen WW(inf,vrij,zonder)	1	700391	96.7557
verdwalen WW(vd,prenom,met-e)	1	700392	96.7558
verdwalen WW(inf,vrij,zonder)	1	700393	96.7559
verdwalen WW(inf,nom,zonder,zonder-n)	1	700394	96.7561
verduiveld ADJ(prenom,basis,met-e,stan)	1	700395	96.7562
verduisteren WW(vd,vrij,zonder)	1	700396	96.7564
verduisterd ADJ(nom,basis,zonder,zonder-n)	1	700397	96.7565
verduidelijking N(soort,ev,basis,zijd,stan)	1	700398	96.7566
verdubbelen WW(pv,tgw,met-t)	1	700399	96.7568
verdrietelig ADJ(vrij,basis,zonder)	1	700400	96.7569
verdoven WW(inf,vrij,zonder)	1	700401	96.757
verdommen WW(vd,vrij,zonder)	1	700402	96.7572
verdoeme ADJ(prenom,basis,met-e,stan)	1	700403	96.7573
verdiepen WW(vd,vrij,zonder)	1	700404	96.7575
verdienste N(soort,ev,basis,zijd,stan)	1	700405	96.7576
verdienen WW(vd,prenom,met-e)	1	700406	96.7577
verdi N(soort,mv,basis)	1	700407	96.7579
verderhelpen N(soort,mv,basis)	1	700408	96.758
verdenken WW(pv,tgw,met-t)	1	700409	96.7581
verdenken WW(pv,tgw,ev)	1	700410	96.7583
verdelen WW(pv,tgw,mv)	1	700411	96.7584
verdelen WW(pv,tgw,ev)	1	700412	96.7586
verdeeld WW(vd,vrij,zonder)	1	700413	96.7587
verdediger N(soort,ev,basis,zijd,stan)	1	700414	96.7588
verdedigen WW(pv,tgw,met-t)	1	700415	96.759
verdampen WW(vd,vrij,zonder)	1	700416	96.7591
verdampen WW(pv,tgw,met-t)	1	700417	96.7593
verbruiken WW(vd,vrij,zonder)	1	700418	96.7594
verbruiken WW(pv,tgw,met-t)	1	700419	96.7595
verbroedering N(soort,ev,basis,zijd,stan)	1	700420	96.7597
verbouwereerd ADJ(vrij,basis,zonder)	1	700421	96.7598
verbouwen WW(vd,vrij,zonder)	1	700422	96.7599
verbouwen WW(pv,tgw,met-t)	1	700423	96.7601
verbondsleidster N(soort,ev,basis,zijd,stan)	1	700424	96.7602
verbondshuis N(soort,ev,basis,zijd,stan)	1	700425	96.7604
verbondshuis N(soort,ev,basis,onz,stan)	1	700426	96.7605
verbonder N(soort,mv,basis)	1	700427	96.7606
verbod N(soort,ev,basis,onz,stan)	1	700428	96.7608
verbluffend ADJ(vrij,basis,zonder)	1	700429	96.7609
verblijven WW(pv,tgw,met-t)	1	700430	96.761
verbindingsstuk N(soort,ev,basis,zijd,stan)	1	700431	96.7612
verbinding N(soort,mv,basis)	1	700432	96.7613
verbieden WW(inf,vrij,zonder)	1	700433	96.7615
verbeteren WW(pv,verl,ev)	1	700434	96.7616
verbeteren WW(pv,tgw,met-t)	1	700435	96.7617
verbeteren WW(inf,nom,zonder,zonder-n)	1	700436	96.7619
verbetere ADJ(prenom,basis,met-e,stan)	1	700437	96.762
verbergen WW(vd,vrij,zonder)	1	700438	96.7622
verbazend ADJ(vrij,basis,zonder)	1	700439	96.7623
verbatim N(soort,ev,basis,onz,stan)	1	700440	96.7624
verband N(soort,ev,dim,onz,stan)	1	700441	96.7626
verassingsoptreden N(soort,ev,basis,onz,stan)	1	700442	96.7627
verassingsavn WW(od,vrij,zonder)	1	700443	96.7628
verantwoording N(soort,ev,basis,zijd,stan)	1	700444	96.763
verantwoorden WW(vd,vrij,zonder)	1	700445	96.7631
verantwoorden WW(vd,prenom,zonder)	1	700446	96.7633
verantwoordelijlheid N(soort,ev,basis,zijd,stan)	1	700447	96.7634
verantwoordelijkheid N(soort,ev,basis,zijd,stan)	1	700448	96.7635
verantwoordelijk ADJ(nom,basis,met-e,zonder-n,stan)	1	700449	96.7637
verantwoord ADJ(prenom,basis,met-e,stan)	1	700450	96.7638
veranderen WW(vd,prenom,met-e)	1	700451	96.7639
veranderen WW(pv,verl,ev)	1	700452	96.7641
veranderen WW(pv,tgw,ev)	1	700453	96.7642
veranda N(soort,ev,basis,zijd,stan)	1	700454	96.7644
ver-assebroek N(soort,ev,basis,onz,stan)	1	700455	96.7645
ver ADJ(vrij,sup,zonder)	1	700456	96.7646
venusheuvel N(soort,ev,dim,onz,stan)	1	700457	96.7648
ventiel N(soort,ev,basis,onz,stan)	1	700458	96.7649
venti N(soort,ev,basis,zijd,stan)	1	700459	96.7651
vent N(soort,mv,dim)	1	700460	96.7652
vent N(soort,mv,basis)	1	700461	96.7653
vensterbaank N(soort,ev,basis,zijd,stan)	1	700462	96.7655
venlo SPEC(deeleigen)	1	700463	96.7656
venkel N(soort,ev,basis,zijd,stan)	1	700464	96.7657
venir ADJ(vrij,basis,zonder)	1	700465	96.7659
venetie N(soort,ev,basis,zijd,stan)	1	700466	96.766
velg N(soort,mv,basis)	1	700467	96.7662
velede WW(od,prenom,met-e)	1	700468	96.7663
veldstraatje N(soort,ev,dim,onz,stan)	1	700469	96.7664
veldstraat WW(pv,tgw,met-t)	1	700470	96.7666
veldstraat N(soort,ev,basis,zijd,stan)	1	700471	96.7667
veldsla N(soort,ev,basis,zijd,stan)	1	700472	96.7668
veldrijden WW(inf,nom,zonder,zonder-n)	1	700473	96.767
veldhovenring N(soort,ev,basis,zijd,stan)	1	700474	96.7671
veldhoven WW(inf,vrij,zonder)	1	700475	96.7673
veldegem N(soort,ev,basis,zijd,stan)	1	700476	96.7674
veldbeheerder SPEC(vreemd)	1	700477	96.7675
velaerts SPEC(deeleigen)	1	700478	96.7677
vekeman SPEC(deeleigen)	1	700479	96.7678
veiligstellen WW(inf,nom,zonder,zonder-n)	1	700480	96.768
veiligheidshalve BW()	1	700481	96.7681
veiligheidscoordinator N(soort,ev,basis,zijd,stan)	1	700482	96.7682
veiligheids N(soort,mv,basis)	1	700483	96.7684
veilig ADJ(nom,sup,zonder,zonder-n)	1	700484	96.7685
vehuis N(soort,mv,basis)	1	700485	96.7686
vego N(soort,ev,basis,zijd,stan)	1	700486	96.7688
vegi N(soort,ev,basis,zijd,stan)	1	700487	96.7689
veggiedag WW(pv,verl,ev)	1	700488	96.7691
vegeten WW(vd,vrij,zonder)	1	700489	96.7692
vegetariÃ«r N(soort,ev,basis,zijd,stan)	1	700490	96.7693
vegetarisch ADJ(nom,basis,met-e,zonder-n,stan)	1	700491	96.7695
vegetarier N(soort,mv,basis)	1	700492	96.7696
vegen WW(pv,tgw,met-t)	1	700493	96.7698
vegas WW(pv,verl,ev)	1	700494	96.7699
vegas N(soort,ev,basis,zijd,stan)	1	700495	96.77
vegan SPEC(deeleigen)	1	700496	96.7702
vega-bami N(soort,ev,basis,onz,stan)	1	700497	96.7703
vega N(soort,ev,basis,onz,stan)	1	700498	96.7704
veg N(soort,ev,dim,onz,stan)	1	700499	96.7706
veerle N(soort,ev,basis,zijd,stan)	1	700500	96.7707
veerkrachtig ADJ(vrij,comp,zonder)	1	700501	96.7709
veerboot N(soort,ev,basis,zijd,stan)	1	700502	96.771
veenendaal N(soort,ev,basis,zijd,stan)	1	700503	96.7711
veelste WW(pv,verl,ev)	1	700504	96.7713
veelbelovend ADJ(vrij,basis,zonder)	1	700505	96.7714
veel TW(hoofd,prenom,stan)	1	700506	96.7715
veeeel ADJ(vrij,basis,zonder)	1	700507	96.7717
veeeel ADJ(prenom,basis,zonder)	1	700508	96.7718
veeeeel N(soort,ev,basis,onz,stan)	1	700509	96.772
veeeeel ADJ(vrij,basis,zonder)	1	700510	96.7721
veeeeel ADJ(prenom,basis,zonder)	1	700511	96.7722
veeeeeet N(soort,ev,basis,onz,stan)	1	700512	96.7724
vedubbelden WW(vd,vrij,zonder)	1	700513	96.7725
vedette SPEC(vreemd)	1	700514	96.7727
vechten WW(vd,vrij,zonder)	1	700515	96.7728
vecht WW(pv,tgw,ev)	1	700516	96.7729
vecer N(soort,ev,basis,zijd,stan)	1	700517	96.7731
ve N(soort,mv,basis)	1	700518	96.7732
vds N(soort,mv,basis)	1	700519	96.7733
vdl WW(pv,tgw,met-t)	1	700520	96.7735
vdg ADJ(vrij,basis,zonder)	1	700521	96.7736
vdb WW(pv,verl,ev)	1	700522	96.7738
vdab N(soort,ev,basis,zijd,stan)	1	700523	96.7739
vb SPEC(afk)	1	700524	96.774
vavn WW(od,prenom,zonder)	1	700525	96.7742
vatten WW(vd,vrij,zonder)	1	700526	96.7743
vatten WW(inf,vrij,zonder)	1	700527	96.7744
vati SPEC(vreemd)	1	700528	96.7746
vatan N(soort,ev,basis,zijd,stan)	1	700529	96.7747
vat N(soort,ev,dim,onz,stan)	1	700530	96.7749
vastzetten WW(inf,vrij,zonder)	1	700531	96.775
vastzetten N(soort,mv,basis)	1	700532	96.7751
vaststelling N(soort,ev,basis,zijd,stan)	1	700533	96.7753
vaststellen WW(vd,vrij,zonder)	1	700534	96.7754
vastrijden WW(vd,vrij,zonder)	1	700535	96.7756
vastnam WW(pv,verl,ev)	1	700536	96.7757
vastloper N(soort,ev,basis,zijd,stan)	1	700537	96.7758
vastlopen WW(vd,prenom,zonder)	1	700538	96.776
vastleggen WW(inf,nom,zonder,zonder-n)	1	700539	96.7761
vasthoudendheid N(soort,ev,basis,zijd,stan)	1	700540	96.7762
vasthouden WW(pv,tgw,mv)	1	700541	96.7764
vastgoed N(soort,ev,basis,onz,stan)	1	700542	96.7765
vastgelijmen WW(pv,tgw,met-t)	1	700543	96.7767
vast ADJ(prenom,basis,zonder)	1	700544	96.7768
vaseline N(soort,ev,basis,zijd,stan)	1	700545	96.7769
varkensvlees N(soort,ev,basis,onz,stan)	1	700546	96.7771
varkenskotelet N(soort,ev,basis,zijd,stan)	1	700547	96.7772
varkensgriep N(soort,ev,basis,zijd,stan)	1	700548	96.7773
varken N(soort,ev,basis,onz,stan)	1	700549	96.7775
variant N(soort,mv,basis)	1	700550	96.7776
variant N(soort,ev,dim,onz,stan)	1	700551	96.7778
varia N(soort,ev,basis,zijd,stan)	1	700552	96.7779
varen WW(vd,vrij,zonder)	1	700553	96.778
varen WW(pv,tgw,mv)	1	700554	96.7782
vapiano SPEC(vreemd)	1	700555	96.7783
vanvond N(soort,ev,basis,zijd,stan)	1	700556	96.7785
vanvnd N(soort,ev,basis,zijd,stan)	1	700557	96.7786
vantussen WW(inf,vrij,zonder)	1	700558	96.7787
vant WW(pv,tgw,met-t)	1	700559	96.7789
vant WW(od,prenom,zonder)	1	700560	96.779
vant N(soort,ev,basis,onz,stan)	1	700561	96.7791
vanselphst WW(pv,tgw,met-t)	1	700562	96.7793
vanroose-kleurenconsulente N(soort,ev,basis,zijd,stan)	1	700563	96.7794
vanopstal N(soort,ev,basis,zijd,stan)	1	700564	96.7796
vanopstal BW()	1	700565	96.7797
vanochtn WW(od,vrij,zonder)	1	700566	96.7798
vannochted N(soort,ev,basis,onz,stan)	1	700567	96.78
vannmiddag N(soort,ev,basis,zijd,stan)	1	700568	96.7801
vanne N(soort,ev,basis,zijd,stan)	1	700569	96.7802
vanmiddg N(soort,ev,basis,zijd,stan)	1	700570	96.7804
vanlume N(soort,mv,basis)	1	700571	96.7805
vanilley N(soort,mv,basis)	1	700572	96.7807
vanille N(soort,ev,basis,zijd,stan)	1	700573	96.7808
vanilla SPEC(vreemd)	1	700574	96.7809
vanhecke ADJ(prenom,basis,met-e,stan)	1	700575	96.7811
vangrail N(soort,ev,basis,zijd,stan)	1	700576	96.7812
vangen WW(pv,tgw,mv)	1	700577	96.7814
vangen WW(pv,tgw,ev)	1	700578	96.7815
vandezomer ADJ(prenom,comp,zonder)	1	700579	96.7816
vandeweekend WW(od,vrij,zonder)	1	700580	96.7818
vandeweek WW(pv,verl,ev)	1	700581	96.7819
vandeweek WW(pv,tgw,met-t)	1	700582	96.782
vandeweek WW(pv,tgw,ev)	1	700583	96.7822
vandeweek N(soort,ev,basis,zijd,stan)	1	700584	96.7823
vandeweek ADJ(prenom,basis,zonder)	1	700585	96.7825
vandewalle ADJ(prenom,basis,met-e,stan)	1	700586	96.7826
vanderwoud N(soort,mv,basis)	1	700587	96.7827
vandenborre N(soort,ev,basis,zijd,stan)	1	700588	96.7829
vandemorgen BW()	1	700589	96.783
vandelaba ADJ(vrij,basis,zonder)	1	700590	96.7832
vandejaar N(soort,ev,basis,zijd,stan)	1	700591	96.7833
vandejaar ADJ(vrij,basis,zonder)	1	700592	96.7834
vandar ADJ(vrij,basis,zonder)	1	700593	96.7836
vandana SPEC(vreemd)	1	700594	96.7837
vandage BW()	1	700595	96.7838
vandaal N(soort,mv,basis)	1	700596	96.784
vandaagh SPEC(vreemd)	1	700597	96.7841
vandaag+ ADJ(prenom,basis,met-e,stan)	1	700598	96.7843
vandaa N(soort,ev,basis,zijd,stan)	1	700599	96.7844
vand BW()	1	700600	96.7845
vanboven BW()	1	700601	96.7847
vanavond ADJ(vrij,basis,zonder)	1	700602	96.7848
vanavoje N(soort,ev,dim,onz,stan)	1	700603	96.7849
vanavjd N(soort,ev,basis,zijd,stan)	1	700604	96.7851
vanavd WW(vd,vrij,zonder)	1	700605	96.7852
vanav SPEC(deeleigen)	1	700606	96.7854
vananvd WW(vd,vrij,zonder)	1	700607	96.7855
vanacht N(soort,ev,basis,onz,stan)	1	700608	96.7856
vanabond N(soort,ev,basis,zijd,stan)	1	700609	96.7858
vanaaf SPEC(vreemd)	1	700610	96.7859
vanaaf ADJ(prenom,basis,zonder)	1	700611	96.7861
vana ADJ(vrij,basis,zonder)	1	700612	96.7862
van-tot N(soort,ev,basis,onz,stan)	1	700613	96.7863
van't WW(vd,vrij,zonder)	1	700614	96.7865
van't WW(pv,tgw,ev)	1	700615	96.7866
vampier N(soort,mv,basis)	1	700616	96.7867
vamavnd N(soort,ev,basis,zijd,stan)	1	700617	96.7869
vamaf BW()	1	700618	96.787
vam VZ(init)	1	700619	96.7872
valsspelert SPEC(vreemd)	1	700620	96.7873
valpartij N(soort,ev,basis,zijd,stan)	1	700621	96.7874
valling N(soort,ev,basis,zijd,stan)	1	700622	96.7876
vallie N(soort,ev,basis,zijd,stan)	1	700623	96.7877
vallen WW(inf,nom,zonder,zonder-n)	1	700624	96.7878
valkenswaard N(soort,ev,basis,zijd,stan)	1	700625	96.788
valies N(soort,mv,basis)	1	700626	96.7881
validatie N(soort,ev,basis,zijd,stan)	1	700627	96.7883
valerie SPEC(vreemd)	1	700628	96.7884
valentijnservaring N(soort,ev,basis,zijd,stan)	1	700629	96.7885
valentijnsdag N(soort,ev,basis,zijd,stan)	1	700630	96.7887
valentie N(soort,ev,basis,zijd,stan)	1	700631	96.7888
valenta N(soort,ev,basis,zijd,stan)	1	700632	96.789
val N(soort,ev,dim,onz,stan)	1	700633	96.7891
vakvergadering N(soort,ev,basis,zijd,stan)	1	700634	96.7892
vakblad N(soort,mv,basis)	1	700635	96.7894
vakantievierder SPEC(vreemd)	1	700636	96.7895
vakantievierder N(soort,ev,basis,zijd,stan)	1	700637	96.7896
vakantieverhaal N(soort,mv,basis)	1	700638	96.7898
vakantiespul N(soort,mv,basis)	1	700639	96.7899
vakantierooster N(soort,ev,basis,zijd,stan)	1	700640	96.7901
vakantieplanning N(soort,ev,basis,zijd,stan)	1	700641	96.7902
vakantieplan N(soort,mv,basis)	1	700642	96.7903
vakantieoverleg N(soort,ev,basis,onz,stan)	1	700643	96.7905
vakantiegroet N(soort,mv,basis)	1	700644	96.7906
vakantieganger N(soort,ev,basis,zijd,stan)	1	700645	96.7907
vakantiedorp N(soort,ev,basis,onz,stan)	1	700646	96.7909
vakantiedinges N(soort,mv,basis)	1	700647	96.791
vakantiedag N(soort,ev,basis,zijd,stan)	1	700648	96.7912
vakantiebeurs N(soort,ev,basis,zijd,stan)	1	700649	96.7913
vakantieadres N(soort,ev,basis,onz,stan)	1	700650	96.7914
vak N(soort,ev,dim,onz,stan)	1	700651	96.7916
vaio SPEC(vreemd)	1	700652	96.7917
vaiddag N(soort,ev,basis,zijd,stan)	1	700653	96.7919
vaguely SPEC(vreemd)	1	700654	96.792
vaginaaaa N(soort,ev,basis,zijd,stan)	1	700655	96.7921
vagant N(soort,ev,basis,zijd,stan)	1	700656	96.7923
vagabond N(soort,ev,basis,onz,stan)	1	700657	96.7924
vaderkesdag N(soort,ev,basis,zijd,stan)	1	700658	96.7925
vader-zoon N(soort,ev,basis,zijd,stan)	1	700659	96.7927
vaccinatiekaart N(soort,ev,basis,zijd,stan)	1	700660	96.7928
vacc N(soort,ev,basis,zijd,stan)	1	700661	96.793
vab N(soort,ev,basis,zijd,stan)	1	700662	96.7931
vaatdoek N(soort,ev,basis,zijd,stan)	1	700663	96.7932
vaandag N(soort,ev,basis,zijd,stan)	1	700664	96.7934
vaalzwart ADJ(prenom,basis,met-e,stan)	1	700665	96.7935
vaag ADJ(prenom,basis,zonder)	1	700666	96.7936
v.a. N(soort,ev,basis,zijd,stan)	1	700667	96.7938
v. SPEC(afk)	1	700668	96.7939
v-knuffel N(soort,ev,basis,zijd,stan)	1	700669	96.7941
v-batterij N(soort,ev,dim,onz,stan)	1	700670	96.7942
v VZ(init)	1	700671	96.7943
v N(soort,ev,basis,zijd,stan)	1	700672	96.7945
v N(soort,ev,basis,onz,stan)	1	700673	96.7946
uzij ADJ(prenom,basis,zonder)	1	700674	96.7948
uzen SPEC(vreemd)	1	700675	96.7949
uz SPEC(vreemd)	1	700676	96.795
uwv N(soort,ev,basis,onz,stan)	1	700677	96.7952
uwe N(soort,mv,basis)	1	700678	96.7953
uwbel ADJ(vrij,basis,zonder)	1	700679	96.7954
uvthuis N(soort,ev,basis,zijd,stan)	1	700680	96.7956
uvt-pas N(soort,ev,dim,onz,stan)	1	700681	96.7957
uvt-hok N(soort,ev,basis,zijd,stan)	1	700682	96.7959
uvt-contract N(soort,ev,basis,onz,stan)	1	700683	96.796
uvt WW(pv,tgw,met-t)	1	700684	96.7961
uuum N(soort,ev,basis,onz,stan)	1	700685	96.7963
uuuh ADJ(vrij,basis,zonder)	1	700686	96.7964
uurxd N(soort,ev,basis,zijd,stan)	1	700687	96.7966
uurtarief N(soort,ev,basis,onz,stan)	1	700688	96.7967
uurrooster N(soort,ev,basis,genus,stan)	1	700689	96.7968
uurke-half N(soort,ev,basis,zijd,stan)	1	700690	96.797
uurenhalf N(soort,ev,basis,zijd,stan)	1	700691	96.7971
uurboord N(soort,ev,basis,zijd,stan)	1	700692	96.7972
uuh BW()	1	700693	96.7974
uuche ADJ(prenom,basis,met-e,stan)	1	700694	96.7975
utÃ¸yake N(soort,ev,dim,onz,stan)	1	700695	96.7977
utterly SPEC(vreemd)	1	700696	96.7978
utrecht WW(pv,tgw,ev)	1	700697	96.7979
utrecht N(soort,ev,basis,onz,stan)	1	700698	96.7981
utp N(soort,ev,basis,zijd,stan)	1	700699	96.7982
utopisch ADJ(prenom,basis,met-e,stan)	1	700700	96.7983
utiliseren WW(pv,tgw,met-t)	1	700701	96.7985
usually SPEC(vreemd)	1	700702	96.7986
usually SPEC(deeleigen)	1	700703	96.7988
usine N(soort,ev,basis,zijd,stan)	1	700704	96.7989
username N(soort,ev,basis,onz,stan)	1	700705	96.799
useless SPEC(vreemd)	1	700706	96.7992
useful SPEC(vreemd)	1	700707	96.7993
usb-stik N(soort,ev,basis,zijd,stan)	1	700708	96.7995
usb-kabel N(soort,ev,basis,zijd,stan)	1	700709	96.7996
usa N(soort,ev,basis,zijd,stan)	1	700710	96.7997
urig ADJ(prenom,basis,met-e,stan)	1	700711	96.7999
uri N(soort,ev,basis,zijd,stan)	1	700712	96.8
ureek N(soort,mv,basis)	1	700713	96.8001
urban SPEC(vreemd)	1	700714	96.8003
ur N(soort,ev,dim,onz,stan)	1	700715	96.8004
ur ADJ(vrij,basis,zonder)	1	700716	96.8006
upstairs SPEC(vreemd)	1	700717	96.8007
upset SPEC(vreemd)	1	700718	96.8008
ups-bezorger N(soort,ev,basis,zijd,stan)	1	700719	96.801
upps N(soort,mv,basis)	1	700720	96.8011
upperdare SPEC(vreemd)	1	700721	96.8012
uppen WW(pv,verl,mv)	1	700722	96.8014
uploaden WW(vd,vrij,zonder)	1	700723	96.8015
upload N(soort,ev,basis,zijd,stan)	1	700724	96.8017
upgrade SPEC(vreemd)	1	700725	96.8018
upergave N(soort,ev,basis,zijd,stan)	1	700726	96.8019
updaye WW(pv,tgw,met-t)	1	700727	96.8021
updating SPEC(vreemd)	1	700728	96.8022
updated SPEC(vreemd)	1	700729	96.8024
update SPEC(vreemd)	1	700730	96.8025
upc N(soort,ev,basis,onz,stan)	1	700731	96.8026
upc ADJ(prenom,basis,zonder)	1	700732	96.8028
up N(soort,mv,basis)	1	700733	96.8029
up N(soort,ev,dim,onz,stan)	1	700734	96.803
up N(soort,ev,basis,zijd,stan)	1	700735	96.8032
uoloog WW(pv,verl,ev)	1	700736	96.8033
uoh SPEC(deeleigen)	1	700737	96.8035
uodaten WW(inf,vrij,zonder)	1	700738	96.8036
uodate N(soort,ev,basis,zijd,stan)	1	700739	96.8037
unyc@unyc.nl SPEC(symb)	1	700740	96.8039
untill SPEC(vreemd)	1	700741	96.804
unsure SPEC(vreemd)	1	700742	96.8041
unstuck SPEC(vreemd)	1	700743	96.8043
unreliable SPEC(vreemd)	1	700744	96.8044
unplanned SPEC(vreemd)	1	700745	96.8046
unpackedn WW(vd,vrij,zonder)	1	700746	96.8047
unpack SPEC(vreemd)	1	700747	96.8048
uno SPEC(vreemd)	1	700748	96.805
unnr N(soort,ev,basis,zijd,stan)	1	700749	96.8051
unninkhuis N(soort,ev,basis,zijd,stan)	1	700750	96.8053
unlikely SPEC(vreemd)	1	700751	96.8054
unk N(soort,ev,basis,zijd,stan)	1	700752	96.8055
universiteitskrant N(soort,ev,basis,zijd,stan)	1	700753	96.8057
universeel ADJ(vrij,basis,zonder)	1	700754	96.8058
univ N(soort,ev,basis,zijd,stan)	1	700755	96.8059
unit N(soort,mv,basis)	1	700756	96.8061
union SPEC(vreemd)	1	700757	96.8062
uniform N(soort,ev,basis,genus,stan)	1	700758	96.8064
unif N(soort,ev,basis,zijd,stan)	1	700759	96.8065
unicode N(soort,ev,basis,zijd,stan)	1	700760	96.8066
unicef N(soort,ev,basis,zijd,stan)	1	700761	96.8068
unibet N(soort,ev,basis,onz,stan)	1	700762	96.8069
uni.x N(soort,ev,basis,zijd,stan)	1	700763	96.807
unharmed WW(vd,vrij,zonder)	1	700764	96.8072
underwear SPEC(vreemd)	1	700765	96.8073
understood N(soort,ev,basis,onz,stan)	1	700766	96.8075
understanding SPEC(vreemd)	1	700767	96.8076
under VNW(pers,pron,dial)	1	700768	96.8077
under VNW(bez,det,dial)	1	700769	96.8079
uncool SPEC(vreemd)	1	700770	96.808
uncle SPEC(vreemd)	1	700771	96.8082
uncle ADJ(prenom,basis,met-e,stan)	1	700772	96.8083
unbelievably SPEC(vreemd)	1	700773	96.8084
unbeatable SPEC(vreemd)	1	700774	96.8086
unattended SPEC(vreemd)	1	700775	96.8087
unaniem ADJ(vrij,basis,zonder)	1	700776	96.8088
un ADJ(prenom,basis,met-e,stan)	1	700777	96.809
umcg N(soort,ev,basis,zijd,stan)	1	700778	96.8091
umbretti SPEC(vreemd)	1	700779	96.8093
umbrellas SPEC(vreemd)	1	700780	96.8094
ultiem ADJ(prenom,basis,zonder)	1	700781	96.8095
ulslev ADJ(prenom,basis,zonder)	1	700782	96.8097
ull SPEC(vreemd)	1	700783	96.8098
ulder VNW(pers,pron,dial)	1	700784	96.81
uk N(soort,ev,basis,zijd,stan)	1	700785	96.8101
uizicht N(soort,ev,basis,zijd,stan)	1	700786	96.8102
uitzonderlijk ADJ(vrij,basis,zonder)	1	700787	96.8104
uitzonderl N(soort,ev,basis,onz,stan)	1	700788	96.8105
uitzoeken WW(pv,tgw,mv)	1	700789	96.8106
uitzoeken WW(pv,tgw,met-t)	1	700790	96.8108
uitzoeken WW(inf,nom,zonder,zonder-n)	1	700791	96.8109
uitzie N(soort,ev,basis,zijd,stan)	1	700792	96.8111
uitzetten WW(inf,nom,zonder,zonder-n)	1	700793	96.8112
uitzendinggemist N(soort,ev,basis,zijd,stan)	1	700794	96.8113
uitzenden WW(inf,vrij,zonder)	1	700795	96.8115
uitz N(soort,ev,basis,zijd,stan)	1	700796	96.8116
uitwisselen WW(vd,vrij,zonder)	1	700797	96.8117
uitwisselen WW(inf,vrij,zonder)	1	700798	96.8119
uitwerken WW(vd,vrij,zonder)	1	700799	96.812
uitwerken WW(inf,nom,zonder,zonder-n)	1	700800	96.8122
uitwedstrijd N(soort,ev,basis,zijd,stan)	1	700801	96.8123
uitwaaien WW(vd,vrij,zonder)	1	700802	96.8124
uitvraag N(soort,ev,basis,zijd,stan)	1	700803	96.8126
uitvogelen WW(inf,vrij,zonder)	1	700804	96.8127
uitvoeren WW(vd,vrij,zonder)	1	700805	96.8129
uitvoeren WW(pv,tgw,mv)	1	700806	96.813
uitvoer N(soort,ev,basis,zijd,stan)	1	700807	96.8131
uitvinden WW(vd,vrij,zonder)	1	700808	96.8133
uitverkopen WW(vd,prenom,met-e)	1	700809	96.8134
uitverkoop N(soort,ev,basis,zijd,stan)	1	700810	96.8135
uitvallen WW(pv,verl,ev)	1	700811	96.8137
uitvallen WW(pv,tgw,met-t)	1	700812	96.8138
uitvallen WW(inf,vrij,zonder)	1	700813	96.814
uitval N(soort,ev,basis,zijd,stan)	1	700814	96.8141
uitvaart N(soort,ev,basis,zijd,stan)	1	700815	96.8142
uittypen WW(vd,vrij,zonder)	1	700816	96.8144
uittypen WW(inf,vrij,zonder)	1	700817	96.8145
uittesten WW(vd,vrij,zonder)	1	700818	96.8146
uittesten WW(inf,vrij,zonder)	1	700819	96.8148
uitstrooien WW(vd,vrij,zonder)	1	700820	96.8149
uitsteken WW(pv,verl,ev)	1	700821	96.8151
uitsteken WW(pv,tgw,met-t)	1	700822	96.8152
uitstappen.to SPEC(symb)	1	700823	96.8153
uitstap N(soort,ev,dim,onz,stan)	1	700824	96.8155
uitstap N(soort,ev,basis,zijd,stan)	1	700825	96.8156
uitstaan WW(vd,vrij,zonder)	1	700826	96.8158
uitspreken WW(vd,vrij,zonder)	1	700827	96.8159
uitspoken WW(vd,vrij,zonder)	1	700828	96.816
uitspoelen WW(pv,tgw,met-t)	1	700829	96.8162
uitspoelen WW(inf,vrij,zonder)	1	700830	96.8163
uitspelen WW(pv,tgw,met-t)	1	700831	96.8164
uitspattijgen WW(pv,tgw,ev)	1	700832	96.8166
uitsluitsel N(soort,ev,basis,onz,stan)	1	700833	96.8167
uitsluiting N(soort,ev,basis,zijd,stan)	1	700834	96.8169
uitsluiten WW(inf,vrij,zonder)	1	700835	96.817
uitslapen WW(pv,tgw,met-t)	1	700836	96.8171
uitslaapdienst N(soort,ev,basis,zijd,stan)	1	700837	96.8173
uitschrijvn N(soort,ev,basis,onz,stan)	1	700838	96.8174
uitschrijven WW(inf,nom,zonder,zonder-n)	1	700839	96.8175
uitschrijf ADJ(vrij,basis,zonder)	1	700840	96.8177
uitschijnen WW(inf,vrij,zonder)	1	700841	96.8178
uitschieter N(soort,mv,basis)	1	700842	96.818
uitschakelen WW(vd,vrij,zonder)	1	700843	96.8181
uitschakelen WW(vd,prenom,met-e)	1	700844	96.8182
uitrusting N(soort,ev,basis,zijd,stan)	1	700845	96.8184
uitruimen WW(vd,vrij,zonder)	1	700846	96.8185
uitroepteken N(soort,mv,basis)	1	700847	96.8187
uitroepteken N(soort,ev,basis,onz,stan)	1	700848	96.8188
uitrijden WW(inf,vrij,zonder)	1	700849	96.8189
uitrekken WW(vd,vrij,zonder)	1	700850	96.8191
uitrekken WW(inf,vrij,zonder)	1	700851	96.8192
uitrekenen WW(inf,nom,zonder,zonder-n)	1	700852	96.8193
uitregenen WW(vd,vrij,zonder)	1	700853	96.8195
uitpuzzelen WW(inf,nom,zonder,zonder-n)	1	700854	96.8196
uitputten WW(od,vrij,zonder)	1	700855	96.8198
uitproberen WW(inf,nom,zonder,zonder-n)	1	700856	96.8199
uitprinten WW(vd,vrij,zonder)	1	700857	96.82
uitpraten WW(inf,vrij,zonder)	1	700858	96.8202
uitpluizen WW(vd,vrij,zonder)	1	700859	96.8203
uitnodigen WW(pv,verl,ev)	1	700860	96.8204
uitnodigd WW(vd,vrij,zonder)	1	700861	96.8206
uitneembaar ADJ(prenom,basis,zonder)	1	700862	96.8207
uitn WW(vd,vrij,zonder)	1	700863	96.8209
uitmoet WW(pv,tgw,met-t)	1	700864	96.821
uitmeten WW(vd,vrij,zonder)	1	700865	96.8211
uitmaken WW(inf,vrij,zonder)	1	700866	96.8213
uitlopen WW(pv,tgw,mv)	1	700867	96.8214
uitloggen WW(vd,vrij,zonder)	1	700868	96.8216
uitleven WW(inf,vrij,zonder)	1	700869	96.8217
uitleggen WW(pv,tgw,mv)	1	700870	96.8218
uitladen WW(vd,vrij,zonder)	1	700871	96.822
uitladen WW(inf,vrij,zonder)	1	700872	96.8221
uitladen WW(inf,nom,zonder,zonder-n)	1	700873	96.8222
uitlaatgas N(soort,mv,basis)	1	700874	96.8224
uitlaat N(soort,ev,basis,zijd,stan)	1	700875	96.8225
uitkuis BW()	1	700876	96.8227
uitkomen WW(pv,tgw,mv)	1	700877	96.8228
uitknokken N(soort,mv,basis)	1	700878	96.8229
uitkijken WW(pv,tgw,met-t)	1	700879	96.8231
uitkijkdek N(soort,ev,basis,zijd,stan)	1	700880	96.8232
uitkijk N(soort,ev,basis,zijd,stan)	1	700881	96.8234
uitkateren WW(vd,vrij,zonder)	1	700882	96.8235
uitkateren WW(inf,vrij,zonder)	1	700883	96.8236
uitkateren N(soort,mv,basis)	1	700884	96.8238
uitkan WW(vd,vrij,zonder)	1	700885	96.8239
uiting N(soort,ev,basis,zijd,stan)	1	700886	96.824
uithouden WW(inf,vrij,zonder)	1	700887	96.8242
uithoek N(soort,ev,dim,onz,stan)	1	700888	96.8243
uithoek N(soort,ev,basis,zijd,stan)	1	700889	96.8245
uithijgen WW(inf,vrij,zonder)	1	700890	96.8246
uithangen WW(inf,nom,zonder,zonder-n)	1	700891	96.8247
uithang N(soort,ev,basis,zijd,stan)	1	700892	96.8249
uithaln N(soort,mv,basis)	1	700893	96.825
uithalen WW(pv,tgw,met-t)	1	700894	96.8251
uithaal N(soort,mv,basis)	1	700895	96.8253
uitgraven WW(vd,vrij,zonder)	1	700896	96.8254
uitglijden WW(pv,verl,ev)	1	700897	96.8256
uitgezongen WW(inf,vrij,zonder)	1	700898	96.8257
uitgeziekt WW(pv,tgw,met-t)	1	700899	96.8258
uitgeweest WW(pv,tgw,met-t)	1	700900	96.826
uitgevn ADJ(postnom,basis,met-s)	1	700901	96.8261
uitgeverij N(soort,ev,basis,zijd,stan)	1	700902	96.8263
uitgeven WW(pv,tgw,met-t)	1	700903	96.8264
uitgevalln WW(vd,vrij,zonder)	1	700904	96.8265
uitgevaj N(soort,mv,basis)	1	700905	96.8267
uitgesteld ADJ(vrij,basis,zonder)	1	700906	96.8268
uitgesmeten WW(pv,verl,mv)	1	700907	96.8269
uitgeslaapt WW(vd,vrij,zonder)	1	700908	96.8271
uitgesalixt WW(pv,tgw,met-t)	1	700909	96.8272
uitgerust ADJ(vrij,comp,zonder)	1	700910	96.8274
uitgemikt WW(pv,tgw,met-t)	1	700911	96.8275
uitgelezen ADJ(prenom,basis,zonder)	1	700912	96.8276
uitgekafferd N(soort,ev,basis,zijd,stan)	1	700913	96.8278
uitgeest WW(vd,vrij,zonder)	1	700914	96.8279
uitgebreid ADJ(vrij,comp,zonder)	1	700915	96.828
uitgebogen ADJ(prenom,basis,zonder)	1	700916	96.8282
uitgangspunt N(soort,ev,basis,onz,stan)	1	700917	96.8283
uitgaansleven N(soort,ev,basis,onz,stan)	1	700918	96.8285
uitgaan WW(inf,nom,zonder,zonder-n)	1	700919	96.8286
uitetenplan N(soort,ev,basis,onz,stan)	1	700920	96.8287
uiteten WW(pv,verl,mv)	1	700921	96.8289
uiterst ADJ(prenom,basis,met-e,stan)	1	700922	96.829
uitermate BW()	1	700923	96.8292
uiteraardi N(soort,ev,basis,zijd,stan)	1	700924	96.8293
uiteraar N(soort,mv,basis)	1	700925	96.8294
uiteindelijk ADJ(prenom,basis,zonder)	1	700926	96.8296
uiteindelijk ADJ(prenom,basis,met-e,stan)	1	700927	96.8297
uiteenzetten WW(vd,vrij,zonder)	1	700928	96.8298
uiteen BW()	1	700929	96.83
uitduwen WW(vd,vrij,zonder)	1	700930	96.8301
uitdrukking N(soort,ev,basis,zijd,stan)	1	700931	96.8303
uitdrukkelijk ADJ(vrij,basis,zonder)	1	700932	96.8304
uitdraaien WW(vd,vrij,zonder)	1	700933	96.8305
uitdraaien WW(pv,tgw,met-t)	1	700934	96.8307
uitdraai N(soort,ev,basis,zijd,stan)	1	700935	96.8308
uitdoen WW(vd,vrij,zonder)	1	700936	96.8309
uitdenken WW(vd,vrij,zonder)	1	700937	96.8311
uitdelen WW(vd,vrij,zonder)	1	700938	96.8312
uitdelen WW(inf,nom,zonder,zonder-n)	1	700939	96.8314
uitdagen WW(vd,vrij,zonder)	1	700940	96.8315
uitchecken WW(vd,vrij,zonder)	1	700941	96.8316
uitchecken WW(inf,vrij,zonder)	1	700942	96.8318
uitchecken N(soort,mv,basis)	1	700943	96.8319
uitbundig ADJ(vrij,basis,zonder)	1	700944	96.8321
uitbrengen WW(inf,vrij,zonder)	1	700945	96.8322
uitbrengen WW(inf,nom,zonder,zonder-n)	1	700946	96.8323
uitbreken WW(vd,vrij,zonder)	1	700947	96.8325
uitbreken WW(inf,vrij,zonder)	1	700948	96.8326
uitbreiden WW(pv,tgw,met-t)	1	700949	96.8327
uitbreiden WW(inf,vrij,zonder)	1	700950	96.8329
uitblijven WW(pv,verl,mv)	1	700951	96.833
uitblijven WW(inf,nom,zonder,zonder-n)	1	700952	96.8332
uitblazen WW(inf,vrij,zonder)	1	700953	96.8333
uitbetalen WW(vd,vrij,zonder)	1	700954	96.8334
uitbaatster N(soort,mv,basis)	1	700955	96.8336
uit.x SPEC(afk)	1	700956	96.8337
uit.ik N(soort,ev,basis,zijd,stan)	1	700957	96.8338
uit(a) N(soort,ev,basis,genus,stan)	1	700958	96.834
uistekende WW(od,prenom,met-e)	1	700959	96.8341
uir N(soort,ev,basis,zijd,stan)	1	700960	96.8343
uilenburg N(soort,ev,basis,zijd,stan)	1	700961	96.8344
uil N(soort,mv,basis)	1	700962	96.8345
uiensoep N(soort,ev,basis,zijd,stan)	1	700963	96.8347
ui N(soort,mv,basis)	1	700964	96.8348
ui N(soort,ev,basis,zijd,stan)	1	700965	96.835
uhuh N(soort,ev,basis,onz,stan)	1	700966	96.8351
uhu N(soort,ev,basis,zijd,stan)	1	700967	96.8352
uhu N(soort,ev,basis,onz,stan)	1	700968	96.8354
uhr SPEC(vreemd)	1	700969	96.8355
uhr N(soort,ev,basis,zijd,stan)	1	700970	96.8356
uhr ADJ(vrij,basis,zonder)	1	700971	96.8358
uhmm ADJ(vrij,basis,zonder)	1	700972	96.8359
ugent WW(pv,tgw,met-t)	1	700973	96.8361
ugent N(soort,ev,basis,onz,stan)	1	700974	96.8362
ugent ADJ(prenom,basis,zonder)	1	700975	96.8363
ug N(soort,ev,basis,zijd,stan)	1	700976	96.8365
uffra N(soort,ev,basis,zijd,stan)	1	700977	96.8366
uefa N(soort,ev,basis,zijd,stan)	1	700978	96.8368
ueberhip ADJ(vrij,basis,zonder)	1	700979	96.8369
ueberhaupt WW(pv,tgw,met-t)	1	700980	96.837
udenhout N(soort,ev,basis,onz,stan)	1	700981	96.8372
uden N(soort,mv,basis)	1	700982	96.8373
uche ADJ(prenom,basis,met-e,stan)	1	700983	96.8374
ubernerd SPEC(vreemd)	1	700984	96.8376
uberheerlijk ADJ(vrij,basis,zonder)	1	700985	96.8377
uberhaunt N(soort,ev,basis,zijd,stan)	1	700986	96.8379
uberdood ADJ(vrij,basis,zonder)	1	700987	96.838
uber-burgerlijk ADJ(vrij,basis,zonder)	1	700988	96.8381
uber SPEC(vreemd)	1	700989	96.8383
uber N(soort,ev,dim,onz,stan)	1	700990	96.8384
uber N(soort,ev,basis,onz,stan)	1	700991	96.8385
ub ADJ(vrij,basis,zonder)	1	700992	96.8387
u BW()	1	700993	96.8388
tÃ¸t VNW(aanw,pron,stan,vol,3o,ev)	1	700994	96.839
tÃ²ch BW()	1	700995	96.8391
tÃ©r ADJ(vrij,basis,zonder)	1	700996	96.8392
tzyn N(soort,mv,basis)	1	700997	96.8394
tzt WW(pv,tgw,met-t)	1	700998	96.8395
tzt ADJ(vrij,sup,zonder)	1	700999	96.8397
tzql N(soort,ev,basis,onz,stan)	1	701000	96.8398
tzox N(soort,ev,basis,zijd,stan)	1	701001	96.8399
tzou N(soort,ev,basis,onz,stan)	1	701002	96.8401
tzo SPEC(vreemd)	1	701003	96.8402
tzit WW(pv,tgw,met-t)	1	701004	96.8403
tzit N(soort,ev,basis,onz,stan)	1	701005	96.8405
tzij N(soort,ev,basis,zijd,stan)	1	701006	96.8406
tziet N(soort,ev,basis,zijd,stan)	1	701007	96.8408
tziet N(soort,ev,basis,onz,stan)	1	701008	96.8409
tziet ADJ(vrij,basis,zonder)	1	701009	96.841
tzien WW(pv,tgw,met-t)	1	701010	96.8412
tzien N(soort,mv,basis)	1	701011	96.8413
tzey SPEC(vreemd)	1	701012	96.8414
tzem N(soort,ev,basis,zijd,stan)	1	701013	96.8416
tzelfde WW(pv,verl,ev)	1	701014	96.8417
tzelfde WW(od,prenom,met-e)	1	701015	96.8419
tzelfde N(soort,ev,basis,zijd,stan)	1	701016	96.842
tzee N(soort,ev,dim,onz,stan)	1	701017	96.8421
tze WW(pv,verl,ev)	1	701018	96.8423
tze SPEC(vreemd)	1	701019	96.8424
tzal BW()	1	701020	96.8426
tzak N(soort,ev,basis,zijd,stan)	1	701021	96.8427
typze ADJ(vrij,basis,zonder)	1	701022	96.8428
typo SPEC(deeleigen)	1	701023	96.843
typisch ADJ(prenom,basis,zonder)	1	701024	96.8431
typing SPEC(vreemd)	1	701025	96.8432
typing N(soort,ev,basis,zijd,stan)	1	701026	96.8434
typenr N(soort,ev,basis,onz,stan)	1	701027	96.8435
typen WW(pv,verl,ev)	1	701028	96.8437
typen WW(pv,tgw,ev)	1	701029	96.8438
typefout N(soort,ev,basis,zijd,stan)	1	701030	96.8439
typ N(soort,mv,dim)	1	701031	96.8441
tydnu N(soort,ev,basis,onz,stan)	1	701032	96.8442
tyden N(soort,mv,basis)	1	701033	96.8443
tyd SPEC(vreemd)	1	701034	96.8445
twyfelen N(soort,mv,basis)	1	701035	96.8446
twst N(soort,ev,basis,zijd,stan)	1	701036	96.8448
tword N(soort,ev,basis,zijd,stan)	1	701037	96.8449
twocooks N(soort,mv,basis)	1	701038	96.845
two-three N(soort,ev,basis,zijd,stan)	1	701039	96.8452
twjs N(soort,ev,basis,onz,stan)	1	701040	96.8453
twittah ADJ(vrij,basis,zonder)	1	701041	96.8455
twintiger N(soort,mv,basis)	1	701042	96.8456
twintiger ADJ(prenom,basis,zonder)	1	701043	96.8457
twingo N(soort,ev,basis,zijd,stan)	1	701044	96.8459
twilight N(soort,ev,basis,zijd,stan)	1	701045	96.846
twilight ADJ(prenom,basis,zonder)	1	701046	96.8461
twijfelgeval N(soort,ev,dim,onz,stan)	1	701047	96.8463
twijfelen WW(pv,tgw,met-t)	1	701048	96.8464
twijfel=ook N(soort,ev,basis,zijd,stan)	1	701049	96.8466
twijfel N(soort,mv,basis)	1	701050	96.8467
twice SPEC(vreemd)	1	701051	96.8468
twerkt WW(vd,vrij,zonder)	1	701052	96.847
twents ADJ(prenom,basis,met-e,stan)	1	701053	96.8471
twente WW(od,prenom,met-e)	1	701054	96.8473
tweezitten WW(pv,tgw,ev)	1	701055	96.8474
tweets N(soort,mv,basis)	1	701056	96.8475
tweeten WW(inf,vrij,zonder)	1	701057	96.8477
tweetdeck N(soort,ev,basis,zijd,stan)	1	701058	96.8478
tweet WW(pv,tgw,met-t)	1	701059	96.8479
tweet N(soort,ev,basis,zijd,stan)	1	701060	96.8481
tweet N(soort,ev,basis,onz,stan)	1	701061	96.8482
tweepersoonsbed N(soort,ev,basis,onz,stan)	1	701062	96.8484
tweepersoonsappartementen WW(inf,vrij,zonder)	1	701063	96.8485
tweelingbroer N(soort,ev,basis,zijd,stan)	1	701064	96.8486
tweejarig ADJ(prenom,basis,met-e,stan)	1	701065	96.8488
tweeen N(soort,ev,basis,onz,stan)	1	701066	96.8489
tweedejaars N(soort,mv,basis)	1	701067	96.849
tweedehands ADJ(prenom,basis,zonder)	1	701068	96.8492
tweedehands ADJ(nom,basis,met-e,zonder-n,stan)	1	701069	96.8493
twas N(soort,mv,basis)	1	701070	96.8495
twas ADJ(vrij,basis,zonder)	1	701071	96.8496
twaifelen WW(pv,tgw,met-t)	1	701072	96.8497
twaalven N(soort,mv,basis)	1	701073	96.8499
twaalfwerkenvergadering N(soort,ev,basis,zijd,stan)	1	701074	96.85
tw N(soort,mv,dim)	1	701075	96.8502
tw N(soort,ev,basis,zijd,stan)	1	701076	96.8503
tvolgende WW(od,prenom,met-e)	1	701077	96.8504
tvoelt N(soort,ev,basis,zijd,stan)	1	701078	96.8506
tviel WW(pv,tgw,ev)	1	701079	96.8507
tverlengen WW(pv,verl,ev)	1	701080	96.8508
tvallen WW(pv,tgw,met-t)	1	701081	96.851
tv-verhuur N(soort,ev,basis,zijd,stan)	1	701082	96.8511
tv-presentator N(soort,ev,basis,zijd,stan)	1	701083	96.8513
tv-out N(soort,ev,basis,zijd,stan)	1	701084	96.8514
tv-kanaal N(soort,mv,basis)	1	701085	96.8515
tv-gids N(soort,mv,basis)	1	701086	96.8517
tv-experiment N(soort,ev,basis,onz,stan)	1	701087	96.8518
tv SPEC(vreemd)	1	701088	96.8519
tuvebo SPEC(vreemd)	1	701089	96.8521
tuutuut N(soort,ev,basis,zijd,stan)	1	701090	96.8522
tuuttuut N(soort,ev,basis,onz,stan)	1	701091	96.8524
tuut N(soort,ev,dim,onz,stan)	1	701092	96.8525
tuurlxk N(soort,ev,basis,zijd,stan)	1	701093	96.8526
tuuluk ADJ(vrij,basis,zonder)	1	701094	96.8528
tutti N(soort,ev,basis,zijd,stan)	1	701095	96.8529
tuttebel N(soort,ev,basis,zijd,stan)	1	701096	96.8531
tutoraat WW(pv,tgw,met-t)	1	701097	96.8532
tut N(soort,ev,dim,onz,stan)	1	701098	96.8533
tussrn WW(inf,vrij,zonder)	1	701099	96.8535
tussenuur N(soort,mv,basis)	1	701100	96.8536
tussentoets N(soort,ev,dim,onz,stan)	1	701101	96.8537
tussentijds ADJ(vrij,basis,zonder)	1	701102	96.8539
tussenstuk N(soort,mv,dim)	1	701103	96.854
tussenstuk N(soort,ev,basis,onz,stan)	1	701104	96.8542
tussenstand WW(od,prenom,zonder)	1	701105	96.8543
tussenstand N(soort,ev,basis,onz,stan)	1	701106	96.8544
tussenseizoenjas N(soort,ev,basis,zijd,stan)	1	701107	96.8546
tussenruimte N(soort,ev,basis,zijd,stan)	1	701108	96.8547
tussenpersoon N(soort,ev,basis,zijd,stan)	1	701109	96.8548
tussenmuur N(soort,ev,basis,zijd,stan)	1	701110	96.855
tussenklassement N(soort,ev,basis,onz,stan)	1	701111	96.8551
tussenevaluatie N(soort,ev,basis,zijd,stan)	1	701112	96.8553
tussenbier N(soort,ev,dim,onz,stan)	1	701113	96.8554
turqoise ADJ(prenom,basis,met-e,stan)	1	701114	96.8555
turning SPEC(vreemd)	1	701115	96.8557
turnen WW(inf,vrij,zonder)	1	701116	96.8558
turks ADJ(vrij,basis,zonder)	1	701117	96.856
turks ADJ(prenom,basis,zonder)	1	701118	96.8561
turkoois N(soort,ev,basis,onz,stan)	1	701119	96.8562
turismo N(soort,ev,basis,zijd,stan)	1	701120	96.8564
turbulentie N(soort,ev,basis,zijd,stan)	1	701121	96.8565
turboken N(soort,ev,basis,zijd,stan)	1	701122	96.8566
tune N(soort,ev,basis,zijd,stan)	1	701123	96.8568
tulp-scart N(soort,ev,basis,zijd,stan)	1	701124	96.8569
tulp N(soort,mv,basis)	1	701125	96.8571
tukkie N(soort,ev,dim,onz,stan)	1	701126	96.8572
tukken WW(vd,vrij,zonder)	1	701127	96.8573
tuk ADJ(vrij,basis,zonder)	1	701128	96.8575
tuinzetel N(soort,ev,basis,zijd,stan)	1	701129	96.8576
tuintafel N(soort,ev,dim,onz,stan)	1	701130	96.8577
tuinstoel N(soort,ev,basis,zijd,stan)	1	701131	96.8579
tuinman N(soort,ev,basis,zijd,stan)	1	701132	96.858
tuinkot N(soort,mv,basis)	1	701133	96.8582
tuinbeits N(soort,mv,basis)	1	701134	96.8583
tuinbar N(soort,ev,basis,zijd,stan)	1	701135	96.8584
tuin N(soort,mv,basis)	1	701136	96.8586
tudor N(soort,mv,basis)	1	701137	96.8587
tubx N(soort,ev,basis,zijd,stan)	1	701138	96.8589
tubbergen N(soort,mv,basis)	1	701139	96.859
tu SPEC(vreemd)	1	701140	96.8591
ttalalalaaaa N(soort,ev,basis,zijd,stan)	1	701141	96.8593
tt's N(soort,mv,basis)	1	701142	96.8594
tt WW(vd,vrij,zonder)	1	701143	96.8595
tt N(soort,ev,basis,onz,stan)	1	701144	96.8597
tsunami N(soort,mv,basis)	1	701145	96.8598
tsteek N(soort,ev,basis,zijd,stan)	1	701146	96.86
tstation SPEC(vreemd)	1	701147	96.8601
tstation N(soort,ev,basis,zijd,stan)	1	701148	96.8602
tstad WW(vd,vrij,zonder)	1	701149	96.8604
tsta N(soort,ev,basis,zijd,stan)	1	701150	96.8605
tsssss SPEC(symb)	1	701151	96.8607
tsssk N(soort,ev,basis,zijd,stan)	1	701152	96.8608
tss SPEC(deeleigen)	1	701153	96.8609
tss ADJ(vrij,basis,zonder)	1	701154	96.8611
tspit N(soort,ev,dim,onz,stan)	1	701155	96.8612
tspijt WW(pv,tgw,ev)	1	701156	96.8613
tspijt N(soort,ev,basis,zijd,stan)	1	701157	96.8615
tspijt ADJ(vrij,basis,zonder)	1	701158	96.8616
tslaat N(soort,ev,basis,zijd,stan)	1	701159	96.8618
tsjool N(soort,mv,basis)	1	701160	96.8619
tsjollen WW(inf,vrij,zonder)	1	701161	96.862
tsjechisch ADJ(vrij,basis,zonder)	1	701162	96.8622
tsjechisch ADJ(prenom,basis,met-e,stan)	1	701163	96.8623
tsjechen N(soort,mv,basis)	1	701164	96.8624
tsjanne N(soort,ev,basis,zijd,stan)	1	701165	96.8626
tshirts N(soort,ev,basis,zijd,stan)	1	701166	96.8627
tshirt N(soort,mv,basis)	1	701167	96.8629
tshirt N(soort,ev,basis,zijd,stan)	1	701168	96.863
tsenama N(soort,ev,basis,zijd,stan)	1	701169	96.8631
tschijnt N(soort,ev,basis,zijd,stan)	1	701170	96.8633
tschijnt N(soort,ev,basis,onz,stan)	1	701171	96.8634
tschijnen WW(pv,tgw,met-t)	1	701172	96.8636
tschiet N(soort,ev,basis,zijd,stan)	1	701173	96.8637
tsal SPEC(deeleigen)	1	701174	96.8638
trÃ¨s SPEC(vreemd)	1	701175	96.864
trÃ Ã g ADJ(vrij,basis,zonder)	1	701176	96.8641
trying N(soort,ev,basis,zijd,stan)	1	701177	96.8642
trws SPEC(vreemd)	1	701178	96.8644
trws N(soort,ev,basis,onz,stan)	1	701179	96.8645
trws ADJ(vrij,basis,zonder)	1	701180	96.8647
truth SPEC(vreemd)	1	701181	96.8648
trustenkus N(soort,mv,dim)	1	701182	96.8649
trusteee SPEC(symb)	1	701183	96.8651
truste ADJ(prenom,basis,met-e,stan)	1	701184	96.8652
trust SPEC(vreemd)	1	701185	96.8653
trup SPEC(vreemd)	1	701186	96.8655
trunten WW(inf,nom,zonder,zonder-n)	1	701187	96.8656
truly SPEC(vreemd)	1	701188	96.8658
trulwesten N(soort,mv,basis)	1	701189	96.8659
trui N(soort,mv,dim)	1	701190	96.866
trui N(soort,mv,basis)	1	701191	96.8662
trugweg BW()	1	701192	96.8663
trugkomn WW(vd,vrij,zonder)	1	701193	96.8665
trugkomen WW(pv,tgw,met-t)	1	701194	96.8666
truggeve N(soort,ev,basis,onz,stan)	1	701195	96.8667
trugbrengen WW(inf,nom,zonder,zonder-n)	1	701196	96.8669
trugbelln N(soort,mv,basis)	1	701197	96.867
trug WW(pv,tgw,ev)	1	701198	96.8671
trug SPEC(vreemd)	1	701199	96.8673
trug N(soort,ev,basis,onz,stan)	1	701200	96.8674
truffel N(soort,ev,basis,zijd,stan)	1	701201	96.8676
trudy SPEC(deeleigen)	1	701202	96.8677
truck N(soort,ev,basis,zijd,stan)	1	701203	96.8678
truc N(soort,mv,basis)	1	701204	96.868
trouwfoto N(soort,mv,basis)	1	701205	96.8681
trouwes N(soort,mv,basis)	1	701206	96.8682
trouwerij N(soort,ev,basis,zijd,stan)	1	701207	96.8684
trouwen WW(vd,prenom,met-e)	1	701208	96.8685
trouwen WW(pv,tgw,met-t)	1	701209	96.8687
trouwen WW(pv,tgw,ev)	1	701210	96.8688
trouw ADJ(vrij,comp,zonder)	1	701211	96.8689
trouw ADJ(prenom,basis,met-e,stan)	1	701212	96.8691
trouvÃ© N(soort,ev,basis,onz,stan)	1	701213	96.8692
trousers SPEC(vreemd)	1	701214	96.8694
trouble N(soort,ev,basis,zijd,stan)	1	701215	96.8695
troubadour N(soort,ev,basis,zijd,stan)	1	701216	96.8696
troubadoer N(soort,ev,basis,zijd,stan)	1	701217	96.8698
trottoir N(soort,ev,basis,onz,stan)	1	701218	96.8699
trotseren WW(inf,vrij,zonder)	1	701219	96.87
tropical N(soort,ev,basis,zijd,stan)	1	701220	96.8702
tropical N(soort,ev,basis,onz,stan)	1	701221	96.8703
trop N(soort,ev,basis,zijd,stan)	1	701222	96.8705
troostkus N(soort,mv,dim)	1	701223	96.8706
troosten WW(od,prenom,met-e)	1	701224	96.8707
trompetter N(soort,ev,basis,zijd,stan)	1	701225	96.8709
trommelen WW(inf,vrij,zonder)	1	701226	96.871
trommel N(soort,mv,basis)	1	701227	96.8711
trolleys SPEC(vreemd)	1	701228	96.8713
trolley N(soort,ev,basis,zijd,stan)	1	701229	96.8714
trollenkelder N(soort,ev,basis,zijd,stan)	1	701230	96.8716
trol N(soort,ev,basis,zijd,stan)	1	701231	96.8717
troisieme SPEC(vreemd)	1	701232	96.8718
trois SPEC(vreemd)	1	701233	96.872
troelie N(soort,ev,basis,zijd,stan)	1	701234	96.8721
troela SPEC(vreemd)	1	701235	96.8723
triptip N(soort,mv,basis)	1	701236	96.8724
tripples N(soort,mv,basis)	1	701237	96.8725
tripple ADJ(prenom,basis,met-e,stan)	1	701238	96.8727
tripke WW(pv,conj,ev)	1	701239	96.8728
trinken WW(inf,vrij,zonder)	1	701240	96.8729
trinken N(soort,mv,basis)	1	701241	96.8731
trimmen WW(inf,vrij,zonder)	1	701242	96.8732
trilplaat N(soort,ev,basis,onz,stan)	1	701243	96.8734
trillen WW(pv,verl,ev)	1	701244	96.8735
trillen WW(pv,tgw,mv)	1	701245	96.8736
trillen WW(pv,tgw,met-t)	1	701246	96.8738
trillen WW(od,vrij,zonder)	1	701247	96.8739
triggerfinger ADJ(vrij,comp,zonder)	1	701248	96.8741
triestig ADJ(vrij,basis,zonder)	1	701249	96.8742
triestig ADJ(prenom,sup,met-e,stan)	1	701250	96.8743
triest ADJ(prenom,basis,zonder)	1	701251	96.8745
tried SPEC(vreemd)	1	701252	96.8746
trics SPEC(vreemd)	1	701253	96.8747
tricnont N(soort,ev,basis,zijd,stan)	1	701254	96.8749
tricky SPEC(vreemd)	1	701255	96.875
tricks SPEC(vreemd)	1	701256	96.8752
tricks N(soort,ev,basis,zijd,stan)	1	701257	96.8753
tribhuvandas N(soort,ev,basis,zijd,stan)	1	701258	96.8754
triatlon N(soort,ev,basis,zijd,stan)	1	701259	96.8756
triathlon N(soort,mv,basis)	1	701260	96.8757
triangulatie N(soort,ev,basis,zijd,stan)	1	701261	96.8758
triangular SPEC(vreemd)	1	701262	96.876
tri N(soort,ev,basis,onz,stan)	1	701263	96.8761
treuzelen WW(inf,vrij,zonder)	1	701264	96.8763
treuzelchauffeur N(soort,ev,basis,zijd,stan)	1	701265	96.8764
treuren WW(vd,vrij,zonder)	1	701266	96.8765
trekpleister N(soort,ev,basis,zijd,stan)	1	701267	96.8767
trekkn WW(inf,vrij,zonder)	1	701268	96.8768
trekband N(soort,mv,basis)	1	701269	96.877
treinze N(soort,ev,basis,zijd,stan)	1	701270	96.8771
treinverbinding N(soort,ev,basis,zijd,stan)	1	701271	96.8772
treinuren WW(inf,nom,zonder,zonder-n)	1	701272	96.8774
treinstaking N(soort,ev,basis,zijd,stan)	1	701273	96.8775
treinrit N(soort,ev,dim,onz,stan)	1	701274	96.8776
treinprobleem N(soort,mv,basis)	1	701275	96.8778
treinongeluk N(soort,mv,basis)	1	701276	96.8779
treinlijn N(soort,ev,basis,zijd,stan)	1	701277	96.8781
treiningen WW(pv,verl,mv)	1	701278	96.8782
treiners N(soort,mv,basis)	1	701279	96.8783
treinen WW(pv,tgw,met-t)	1	701280	96.8785
treindelen N(soort,mv,basis)	1	701281	96.8786
treindeel N(soort,ev,basis,onz,stan)	1	701282	96.8787
treinconducteur N(soort,ev,basis,zijd,stan)	1	701283	96.8789
treinbestuurder N(soort,ev,basis,zijd,stan)	1	701284	96.879
treinabo N(soort,ev,basis,zijd,stan)	1	701285	96.8792
trein SPEC(vreemd)	1	701286	96.8793
trein N(soort,mv,dim)	1	701287	96.8794
treffen WW(pv,verl,ev)	1	701288	96.8796
treffen WW(pv,tgw,met-t)	1	701289	96.8797
trees SPEC(vreemd)	1	701290	96.8799
tree N(soort,mv,dim)	1	701291	96.88
tree N(soort,ev,basis,zijd,stan)	1	701292	96.8801
treden WW(pv,tgw,met-t)	1	701293	96.8803
travos N(soort,ev,basis,zijd,stan)	1	701294	96.8804
travis N(soort,ev,basis,zijd,stan)	1	701295	96.8805
travels SPEC(vreemd)	1	701296	96.8807
travelling SPEC(vreemd)	1	701297	96.8808
travel SPEC(vreemd)	1	701298	96.881
travaille SPEC(vreemd)	1	701299	96.8811
travaille N(soort,ev,basis,zijd,stan)	1	701300	96.8812
travail SPEC(vreemd)	1	701301	96.8814
travacho N(soort,ev,basis,zijd,stan)	1	701302	96.8815
trauma N(soort,ev,basis,onz,stan)	1	701303	96.8816
trashen WW(vd,vrij,zonder)	1	701304	96.8818
trappist N(soort,mv,basis)	1	701305	96.8819
trappist N(soort,ev,basis,zijd,stan)	1	701306	96.8821
trappen WW(vd,vrij,zonder)	1	701307	96.8822
trappen WW(pv,tgw,ev)	1	701308	96.8823
trappe SPEC(vreemd)	1	701309	96.8825
traplopen N(soort,mv,basis)	1	701310	96.8826
trap N(soort,mv,dim)	1	701311	96.8828
trap N(soort,ev,dim,onz,stan)	1	701312	96.8829
trap ADJ(prenom,basis,met-e,stan)	1	701313	96.883
tranzit N(soort,ev,basis,zijd,stan)	1	701314	96.8832
transit SPEC(vreemd)	1	701315	96.8833
transformeren WW(inf,vrij,zonder)	1	701316	96.8834
transcriberen WW(inf,vrij,zonder)	1	701317	96.8836
transaction SPEC(vreemd)	1	701318	96.8837
tranentrekker N(soort,ev,basis,zijd,stan)	1	701319	96.8839
tramwerk N(soort,mv,basis)	1	701320	96.884
tramstop N(soort,ev,basis,zijd,stan)	1	701321	96.8841
trampoline N(soort,ev,basis,zijd,stan)	1	701322	96.8843
tramkaartje N(soort,ev,dim,onz,stan)	1	701323	96.8844
tralalaouti N(soort,ev,basis,zijd,stan)	1	701324	96.8845
tralalaleelee N(soort,ev,basis,zijd,stan)	1	701325	96.8847
tralalalalooo N(soort,ev,basis,zijd,stan)	1	701326	96.8848
tralalalalaaa N(soort,ev,basis,zijd,stan)	1	701327	96.885
tralalala SPEC(vreemd)	1	701328	96.8851
tralalala SPEC(deeleigen)	1	701329	96.8852
trakteer N(soort,ev,basis,zijd,stan)	1	701330	96.8854
traiteur N(soort,ev,basis,zijd,stan)	1	701331	96.8855
trainsteren WW(pv,tgw,met-t)	1	701332	96.8857
trainingsschema N(soort,ev,basis,onz,stan)	1	701333	96.8858
trainingsloop N(soort,ev,dim,onz,stan)	1	701334	96.8859
trainingsjas N(soort,ev,basis,zijd,stan)	1	701335	96.8861
trainingsdag N(soort,ev,basis,zijd,stan)	1	701336	96.8862
trainingsbroek N(soort,ev,basis,zijd,stan)	1	701337	96.8863
trainert WW(pv,tgw,met-t)	1	701338	96.8865
trainer N(soort,mv,basis)	1	701339	96.8866
trainer N(soort,ev,basis,zijd,stan)	1	701340	96.8868
trainen WW(pv,tgw,mv)	1	701341	96.8869
traineeship N(soort,ev,basis,zijd,stan)	1	701342	96.887
trainee SPEC(vreemd)	1	701343	96.8872
trague SPEC(vreemd)	1	701344	96.8873
tragisch ADJ(vrij,basis,zonder)	1	701345	96.8875
tragisch ADJ(prenom,basis,met-e,stan)	1	701346	96.8876
traditioneel ADJ(vrij,basis,zonder)	1	701347	96.8877
traditioneel ADJ(prenom,basis,zonder)	1	701348	96.8879
tradeoff N(soort,mv,basis)	1	701349	96.888
tracteren WW(vd,vrij,zonder)	1	701350	96.8881
trackingnummer ADJ(vrij,comp,zonder)	1	701351	96.8883
tracker N(soort,ev,basis,zijd,stan)	1	701352	96.8884
tracken N(soort,mv,basis)	1	701353	96.8886
tracked SPEC(vreemd)	1	701354	96.8887
trabajo ADJ(vrij,basis,zonder)	1	701355	96.8888
trabajar ADJ(vrij,basis,zonder)	1	701356	96.889
traant N(soort,ev,basis,zijd,stan)	1	701357	96.8891
traanoog N(soort,mv,basis)	1	701358	96.8892
traanklier N(soort,ev,basis,zijd,stan)	1	701359	96.8894
traan N(soort,mv,dim)	1	701360	96.8895
traan N(soort,ev,dim,onz,stan)	1	701361	96.8897
traan N(soort,ev,basis,zijd,stan)	1	701362	96.8898
traagie N(soort,mv,basis)	1	701363	96.8899
traag N(soort,mv,dim)	1	701364	96.8901
traag ADJ(prenom,comp,met-e,stan)	1	701365	96.8902
traag ADJ(prenom,basis,zonder)	1	701366	96.8904
tplein ADJ(vrij,basis,zonder)	1	701367	96.8905
toyota N(soort,mv,basis)	1	701368	96.8906
toyboy N(soort,ev,basis,zijd,stan)	1	701369	96.8908
toy N(soort,ev,basis,zijd,stan)	1	701370	96.8909
toxoplasmose N(soort,ev,basis,zijd,stan)	1	701371	96.891
tower SPEC(vreemd)	1	701372	96.8912
towards N(soort,mv,basis)	1	701373	96.8913
toversteen N(soort,mv,basis)	1	701374	96.8915
toverbal N(soort,ev,basis,zijd,stan)	1	701375	96.8916
tovenaarsding N(soort,mv,basis)	1	701376	96.8917
touw N(soort,ev,dim,onz,stan)	1	701377	96.8919
tous SPEC(vreemd)	1	701378	96.892
tous N(soort,ev,basis,zijd,stan)	1	701379	96.8921
tourverslag N(soort,ev,dim,onz,stan)	1	701380	96.8923
touristisch ADJ(prenom,basis,met-e,stan)	1	701381	96.8924
tourist SPEC(vreemd)	1	701382	96.8926
touren WW(inf,vrij,zonder)	1	701383	96.8927
touren WW(inf,nom,zonder,zonder-n)	1	701384	96.8928
tour N(soort,mv,basis)	1	701385	96.893
tough SPEC(vreemd)	1	701386	96.8931
touchscreen N(soort,ev,basis,zijd,stan)	1	701387	96.8933
touchscreen BW()	1	701388	96.8934
touche SPEC(vreemd)	1	701389	96.8935
totzox N(soort,ev,basis,zijd,stan)	1	701390	96.8937
totstraksie N(soort,ev,basis,zijd,stan)	1	701391	96.8938
tots N(soort,mv,basis)	1	701392	96.8939
toto's SPEC(vreemd)	1	701393	96.8941
totemisatie N(soort,ev,basis,zijd,stan)	1	701394	96.8942
totaalbedrag N(soort,ev,basis,onz,stan)	1	701395	96.8944
totaal WW(pv,tgw,ev)	1	701396	96.8945
totaal ADJ(nom,basis,zonder,zonder-n)	1	701397	96.8946
totaaaaal ADJ(vrij,basis,zonder)	1	701398	96.8948
tot VZ(fin)	1	701399	96.8949
tosti-tijd N(soort,ev,basis,zijd,stan)	1	701400	96.895
tosti N(soort,ev,basis,zijd,stan)	1	701401	96.8952
tos N(soort,ev,basis,onz,stan)	1	701402	96.8953
torres N(soort,mv,basis)	1	701403	96.8955
torrentz.com SPEC(symb)	1	701404	96.8956
torrentsite N(soort,mv,basis)	1	701405	96.8957
torrents N(soort,mv,basis)	1	701406	96.8959
torrents N(soort,ev,basis,zijd,stan)	1	701407	96.896
torrent N(soort,ev,basis,zijd,stan)	1	701408	96.8962
tornooi N(soort,ev,basis,onz,stan)	1	701409	96.8963
torn WW(inf,vrij,zonder)	1	701410	96.8964
torhout-zott SPEC(afgebr)	1	701411	96.8966
torhout N(soort,ev,basis,onz,stan)	1	701412	96.8967
torenflat N(soort,ev,basis,zijd,stan)	1	701413	96.8968
toren N(soort,ev,dim,onz,stan)	1	701414	96.897
topvakantie N(soort,ev,basis,zijd,stan)	1	701415	96.8971
topstuk N(soort,ev,basis,onz,stan)	1	701416	96.8973
topscorerpositie N(soort,ev,basis,zijd,stan)	1	701417	96.8974
toppunt N(soort,ev,basis,onz,stan)	1	701418	96.8975
toppresentatie N(soort,ev,basis,zijd,stan)	1	701419	96.8977
toppiejop N(soort,ev,basis,zijd,stan)	1	701420	96.8978
toppie N(soort,ev,dim,onz,stan)	1	701421	96.8979
topper N(soort,mv,basis)	1	701422	96.8981
topmodel N(soort,ev,basis,onz,stan)	1	701423	96.8982
toplijsten N(soort,mv,basis)	1	701424	96.8984
toplijst N(soort,ev,basis,zijd,stan)	1	701425	96.8985
topless ADJ(vrij,basis,zonder)	1	701426	96.8986
topjesweer ADJ(vrij,comp,zonder)	1	701427	96.8988
topic N(soort,ev,basis,zijd,stan)	1	701428	96.8989
topgears N(soort,mv,basis)	1	701429	96.8991
topgear N(soort,ev,basis,zijd,stan)	1	701430	96.8992
topfilm N(soort,ev,basis,zijd,stan)	1	701431	96.8993
topfeest WW(pv,tgw,met-t)	1	701432	96.8995
topfeest N(soort,ev,basis,onz,stan)	1	701433	96.8996
topdrukte N(soort,ev,basis,zijd,stan)	1	701434	96.8997
topdag N(soort,ev,dim,onz,stan)	1	701435	96.8999
topcopy SPEC(vreemd)	1	701436	96.9
topchef N(soort,ev,basis,onz,stan)	1	701437	96.9002
top-wedstrijd N(soort,ev,basis,zijd,stan)	1	701438	96.9003
top N(soort,mv,basis)	1	701439	96.9004
top N(soort,ev,dim,onz,stan)	1	701440	96.9006
tootallie N(soort,ev,basis,zijd,stan)	1	701441	96.9007
toooo SPEC(vreemd)	1	701442	96.9009
tool N(soort,ev,basis,zijd,stan)	1	701443	96.901
took N(soort,ev,basis,zijd,stan)	1	701444	96.9011
tooghanger N(soort,ev,basis,zijd,stan)	1	701445	96.9013
tons N(soort,mv,basis)	1	701446	96.9014
tonnie SPEC(vreemd)	1	701447	96.9015
toninght WW(vd,vrij,zonder)	1	701448	96.9017
tonijn-perzik N(soort,ev,basis,zijd,stan)	1	701449	96.9018
tonights SPEC(vreemd)	1	701450	96.902
toni SPEC(vreemd)	1	701451	96.9021
tong N(soort,ev,dim,onz,stan)	1	701452	96.9022
toneelstuk N(soort,ev,basis,onz,stan)	1	701453	96.9024
ton N(soort,mv,basis)	1	701454	96.9025
ton N(soort,ev,basis,zijd,stan)	1	701455	96.9026
tomtom ADJ(vrij,basis,zonder)	1	701456	96.9028
tompoes N(soort,ev,basis,onz,stan)	1	701457	96.9029
tomorrows N(soort,mv,basis)	1	701458	96.9031
tomorrowland WW(od,vrij,zonder)	1	701459	96.9032
tomo N(soort,ev,basis,onz,stan)	1	701460	96.9033
tommeke ADJ(prenom,basis,met-e,stan)	1	701461	96.9035
tomme N(soort,ev,basis,onz,stan)	1	701462	96.9036
tomatoes SPEC(vreemd)	1	701463	96.9038
tomatensoep N(soort,ev,basis,zijd,stan)	1	701464	96.9039
tomatensaus N(soort,ev,basis,zijd,stan)	1	701465	96.904
tomatenplant N(soort,mv,basis)	1	701466	96.9042
tomatenoverschot N(soort,ev,basis,zijd,stan)	1	701467	96.9043
tomatenkas N(soort,ev,basis,zijd,stan)	1	701468	96.9044
tomas N(soort,ev,basis,zijd,stan)	1	701469	96.9046
tom WW(pv,verl,ev)	1	701470	96.9047
tolv N(soort,ev,basis,zijd,stan)	1	701471	96.9049
tolken WW(vd,vrij,zonder)	1	701472	96.905
tolken WW(inf,vrij,zonder)	1	701473	96.9051
tolijd N(soort,ev,basis,zijd,stan)	1	701474	96.9053
toledo N(soort,ev,basis,zijd,stan)	1	701475	96.9054
tol N(soort,ev,basis,zijd,stan)	1	701476	96.9055
tokyo N(soort,ev,basis,onz,stan)	1	701477	96.9057
tokio N(soort,ev,basis,zijd,stan)	1	701478	96.9058
toiletzak N(soort,ev,dim,onz,stan)	1	701479	96.906
toiletkus N(soort,mv,dim)	1	701480	96.9061
toiletgerief N(soort,ev,basis,onz,stan)	1	701481	96.9062
toilet N(soort,mv,basis)	1	701482	96.9064
toho SPEC(vreemd)	1	701483	96.9065
tog ADJ(vrij,basis,zonder)	1	701484	96.9067
tofu N(soort,ev,basis,zijd,stan)	1	701485	96.9068
tof ADJ(postnom,basis,met-s)	1	701486	96.9069
tof ADJ(nom,basis,met-e,zonder-n,stan)	1	701487	96.9071
toezien WW(od,prenom,zonder)	1	701488	96.9072
toezien WW(inf,vrij,zonder)	1	701489	96.9073
toewensen WW(inf,vrij,zonder)	1	701490	96.9075
toevoeging N(soort,ev,basis,zijd,stan)	1	701491	96.9076
toevoegen WW(pv,tgw,mv)	1	701492	96.9078
toevoegen WW(pv,tgw,ev)	1	701493	96.9079
toevertrouwen WW(inf,vrij,zonder)	1	701494	96.908
toevalligerwijs BW()	1	701495	96.9082
toevallig ADJ(prenom,basis,zonder)	1	701496	96.9083
toev N(soort,ev,basis,zijd,stan)	1	701497	96.9084
toetsweek N(soort,ev,basis,zijd,stan)	1	701498	96.9086
toetsie N(soort,mv,basis)	1	701499	96.9087
toetje N(soort,mv,dim)	1	701500	96.9089
toeteren WW(inf,vrij,zonder)	1	701501	96.909
toeteraar N(soort,mv,basis)	1	701502	96.9091
toet N(soort,ev,basis,zijd,stan)	1	701503	96.9093
toestrak WW(pv,verl,ev)	1	701504	96.9094
toestel N(soort,mv,basis)	1	701505	96.9096
toestappen WW(inf,vrij,zonder)	1	701506	96.9097
toestand N(soort,mv,basis)	1	701507	96.9098
toestaan WW(inf,vrij,zonder)	1	701508	96.91
toespraak N(soort,ev,basis,zijd,stan)	1	701509	96.9101
toespijs N(soort,ev,basis,onz,stan)	1	701510	96.9102
toertocht N(soort,ev,basis,zijd,stan)	1	701511	96.9104
toernooi N(soort,ev,dim,onz,stan)	1	701512	96.9105
toeristisch ADJ(vrij,basis,zonder)	1	701513	96.9107
toeristenweer N(soort,ev,basis,onz,stan)	1	701514	96.9108
toeristenbelasting N(soort,ev,basis,zijd,stan)	1	701515	96.9109
toerist N(soort,ev,basis,zijd,stan)	1	701516	96.9111
toeren WW(inf,vrij,zonder)	1	701517	96.9112
toeren WW(inf,nom,zonder,zonder-n)	1	701518	96.9113
toereken WW(inf,vrij,zonder)	1	701519	96.9115
toer N(soort,mv,dim)	1	701520	96.9116
toer N(soort,ev,basis,zijd,stan)	1	701521	96.9118
toepen WW(pv,tgw,ev)	1	701522	96.9119
toepassing N(soort,ev,basis,zijd,stan)	1	701523	96.912
toenstraks BW()	1	701524	96.9122
toenet ADJ(vrij,basis,zonder)	1	701525	96.9123
toenaaien WW(vd,vrij,zonder)	1	701526	96.9125
toelating N(soort,ev,basis,zijd,stan)	1	701527	96.9126
toelaten WW(vd,vrij,zonder)	1	701528	96.9127
toekomstplan N(soort,mv,basis)	1	701529	96.9129
toekomstig ADJ(prenom,basis,zonder)	1	701530	96.913
toekomstig ADJ(nom,basis,met-e,zonder-n,stan)	1	701531	96.9131
toekoer WW(pv,tgw,ev)	1	701532	96.9133
toegift N(soort,ev,basis,zijd,stan)	1	701533	96.9134
toegeven WW(vd,vrij,zonder)	1	701534	96.9136
toegekmn SPEC(vreemd)	1	701535	96.9137
toegankelijk ADJ(vrij,basis,zonder)	1	701536	96.9138
toegankelijk ADJ(prenom,basis,met-e,stan)	1	701537	96.914
toegangskaart N(soort,mv,basis)	1	701538	96.9141
toefluisteren WW(vd,vrij,zonder)	1	701539	96.9143
toedeloe N(soort,ev,basis,zijd,stan)	1	701540	96.9144
toedel N(soort,mv,basis)	1	701541	96.9145
toe.of N(soort,ev,basis,zijd,stan)	1	701542	96.9147
toe-toe-doe-toeoe N(soort,ev,basis,zijd,stan)	1	701543	96.9148
todolist N(soort,ev,basis,zijd,stan)	1	701544	96.9149
todo N(soort,ev,basis,zijd,stan)	1	701545	96.9151
tochwel N(soort,ev,basis,zijd,stan)	1	701546	96.9152
tochtgat N(soort,ev,basis,onz,stan)	1	701547	96.9154
tocht N(soort,ev,dim,onz,stan)	1	701548	96.9155
tochp N(soort,ev,basis,zijd,stan)	1	701549	96.9156
tochliever N(soort,ev,basis,zijd,stan)	1	701550	96.9158
toch> N(soort,ev,basis,zijd,stan)	1	701551	96.9159
tocb N(soort,ev,basis,onz,stan)	1	701552	96.916
toblerone SPEC(vreemd)	1	701553	96.9162
tobi N(soort,ev,basis,zijd,stan)	1	701554	96.9163
tobeke WW(dial)	1	701555	96.9165
toast N(soort,ev,basis,zijd,stan)	1	701556	96.9166
to.the WW(pv,verl,ev)	1	701557	96.9167
to.ch SPEC(symb)	1	701558	96.9169
to-do N(soort,ev,basis,zijd,stan)	1	701559	96.917
tnx SPEC(vreemd)	1	701560	96.9172
tnx ADJ(vrij,basis,zonder)	1	701561	96.9173
tnv SPEC(afk)	1	701562	96.9174
tnv N(soort,ev,basis,zijd,stan)	1	701563	96.9176
tnt N(soort,ev,basis,zijd,stan)	1	701564	96.9177
tniveau N(soort,ev,basis,onz,stan)	1	701565	96.9178
tng ADJ(vrij,basis,zonder)	1	701566	96.918
tmz.com SPEC(symb)	1	701567	96.9181
tmrw SPEC(vreemd)	1	701568	96.9183
tmrw N(soort,ev,basis,onz,stan)	1	701569	96.9184
tmorrow SPEC(vreemd)	1	701570	96.9185
tmoeten WW(vd,vrij,zonder)	1	701571	96.9187
tmoet N(soort,ev,basis,onz,stan)	1	701572	96.9188
tmoest N(soort,ev,basis,onz,stan)	1	701573	96.9189
tmobile N(soort,ev,basis,zijd,stan)	1	701574	96.9191
tmeeste SPEC(vreemd)	1	701575	96.9192
tmag N(soort,ev,basis,zijd,stan)	1	701576	96.9194
tmaag N(soort,ev,dim,onz,stan)	1	701577	96.9195
tm N(soort,ev,basis,zijd,stan)	1	701578	96.9196
tm BW()	1	701579	96.9198
tlukt WW(pv,verl,ev)	1	701580	96.9199
tlijken WW(vd,vrij,zonder)	1	701581	96.9201
tleek N(soort,ev,basis,zijd,stan)	1	701582	96.9202
tlaptop N(soort,ev,basis,zijd,stan)	1	701583	96.9203
tlang N(soort,ev,basis,zijd,stan)	1	701584	96.9205
tkortst WW(vd,vrij,zonder)	1	701585	96.9206
tkomen WW(pv,verl,ev)	1	701586	96.9207
tkomen WW(pv,tgw,met-t)	1	701587	96.9209
tklinken WW(pv,tgw,met-t)	1	701588	96.921
tkan N(soort,ev,basis,zijd,stan)	1	701589	96.9212
tk N(soort,ev,basis,zijd,stan)	1	701590	96.9213
tjugo SPEC(vreemd)	1	701591	96.9214
tju N(soort,ev,dim,onz,stan)	1	701592	96.9216
tjongejonge ADJ(prenom,basis,met-e,stan)	1	701593	96.9217
tjokvol ADJ(prenom,basis,zonder)	1	701594	96.9218
tjoc N(soort,ev,basis,zijd,stan)	1	701595	96.922
tjijn N(soort,ev,basis,zijd,stan)	1	701596	96.9221
tjerk N(soort,ev,basis,onz,stan)	1	701597	96.9223
tjas N(soort,ev,basis,zijd,stan)	1	701598	96.9224
tjapkew WW(pv,tgw,met-t)	1	701599	96.9225
tjakkaaaaaaaa N(soort,ev,basis,zijd,stan)	1	701600	96.9227
tjakka N(soort,ev,basis,zijd,stan)	1	701601	96.9228
tjah ADJ(prenom,basis,zonder)	1	701602	96.923
tjaa SPEC(deeleigen)	1	701603	96.9231
tix.nl SPEC(symb)	1	701604	96.9232
titelen WW(vd,vrij,zonder)	1	701605	96.9234
titanic N(soort,ev,basis,zijd,stan)	1	701606	96.9235
tit N(soort,ev,basis,zijd,stan)	1	701607	96.9236
tissue N(soort,mv,basis)	1	701608	96.9238
tisda N(soort,ev,basis,zijd,stan)	1	701609	96.9239
tirz SPEC(vreemd)	1	701610	96.9241
tired WW(pv,verl,ev)	1	701611	96.9242
tired N(soort,ev,basis,onz,stan)	1	701612	96.9243
tir ADJ(vrij,basis,zonder)	1	701613	96.9245
tiptop ADJ(vrij,basis,zonder)	1	701614	96.9246
tippen WW(vd,vrij,zonder)	1	701615	96.9247
tip SPEC(vreemd)	1	701616	96.9249
tinto SPEC(vreemd)	1	701617	96.925
tinternet N(soort,ev,basis,zijd,stan)	1	701618	96.9252
tintelen WW(inf,vrij,zonder)	1	701619	96.9253
tinky N(soort,ev,basis,zijd,stan)	1	701620	96.9254
tings SPEC(vreemd)	1	701621	96.9256
ting N(soort,ev,basis,zijd,stan)	1	701622	96.9257
tineke SPEC(vreemd)	1	701623	96.9259
tineke N(soort,ev,dim,onz,stan)	1	701624	96.926
tine N(soort,ev,basis,zijd,stan)	1	701625	96.9261
tinat N(soort,ev,dim,onz,stan)	1	701626	96.9263
timur N(soort,ev,basis,zijd,stan)	1	701627	96.9264
timos ADJ(vrij,basis,zonder)	1	701628	96.9265
timoooooooos ADJ(vrij,basis,zonder)	1	701629	96.9267
timmyboy N(soort,ev,basis,zijd,stan)	1	701630	96.9268
timmooos ADJ(vrij,basis,zonder)	1	701631	96.927
timmoooooooos ADJ(vrij,basis,zonder)	1	701632	96.9271
timmooooooooooos ADJ(vrij,basis,zonder)	1	701633	96.9272
timmooooooooooooooooooooooooooooooooooooooooooooooooooooooooooooooooooooooooooooooooooooooooooooos ADJ(vrij,basis,zonder)	1	701634	96.9274
timmmoooooooooooooooooooooooooooooooooooooooooooooooooooooooooooooooooooooooooooooooooos ADJ(vrij,basis,zonder)	1	701635	96.9275
timming N(soort,ev,basis,zijd,stan)	1	701636	96.9277
timmes N(soort,mv,basis)	1	701637	96.9278
timewise SPEC(vreemd)	1	701638	96.9279
timespan N(soort,ev,basis,onz,stan)	1	701639	96.9281
timeout WW(vd,vrij,zonder)	1	701640	96.9282
timen WW(vd,vrij,zonder)	1	701641	96.9283
timeline N(soort,ev,basis,zijd,stan)	1	701642	96.9285
timea N(soort,ev,basis,zijd,stan)	1	701643	96.9286
time-out N(soort,ev,basis,zijd,stan)	1	701644	96.9288
tim SPEC(deeleigen)	1	701645	96.9289
tillen WW(vd,vrij,zonder)	1	701646	96.929
tillen WW(inf,vrij,zonder)	1	701647	96.9292
tilburgsche N(soort,ev,basis,zijd,stan)	1	701648	96.9293
tilburg-carnavals-sjaal N(soort,ev,basis,onz,stan)	1	701649	96.9294
tilburg WW(pv,verl,ev)	1	701650	96.9296
tikken WW(pv,tgw,met-t)	1	701651	96.9297
tikken WW(od,prenom,zonder)	1	701652	96.9299
tikken WW(inf,vrij,zonder)	1	701653	96.93
tikken WW(inf,nom,zonder,zonder-n)	1	701654	96.9301
tikfout N(soort,ev,basis,zijd,stan)	1	701655	96.9303
tik N(soort,ev,dim,onz,stan)	1	701656	96.9304
tijs N(soort,ev,basis,zijd,stan)	1	701657	96.9306
tijn WW(pv,tgw,mv)	1	701658	96.9307
tijlje N(soort,ev,dim,onz,stan)	1	701659	96.9308
tijl N(soort,ev,basis,zijd,stan)	1	701660	96.931
tijgerslip N(soort,ev,basis,zijd,stan)	1	701661	96.9311
tijgerprint N(soort,ev,basis,zijd,stan)	1	701662	96.9312
tijgermuggen WW(inf,vrij,zonder)	1	701663	96.9314
tijgerkloten N(soort,mv,basis)	1	701664	96.9315
tijdvoorlezen.nl SPEC(symb)	1	701665	96.9317
tijdsverspilling N(soort,ev,basis,zijd,stan)	1	701666	96.9318
tijdstip WW(pv,tgw,ev)	1	701667	96.9319
tijdsplanning N(soort,ev,basis,zijd,stan)	1	701668	96.9321
tijdschriftgeld N(soort,ev,basis,onz,stan)	1	701669	96.9322
tijdschrift N(soort,mv,basis)	1	701670	96.9323
tijdschrift N(soort,ev,basis,onz,stan)	1	701671	96.9325
tijdschema N(soort,ev,basis,onz,stan)	1	701672	96.9326
tijdsbesteding N(soort,ev,basis,zijd,stan)	1	701673	96.9328
tijdrijden WW(inf,nom,zonder,zonder-n)	1	701674	96.9329
tijdrekker N(soort,ev,basis,zijd,stan)	1	701675	96.933
tijdreisfilm N(soort,ev,basis,zijd,stan)	1	701676	96.9332
tijdplanning N(soort,ev,basis,zijd,stan)	1	701677	96.9333
tijdnood N(soort,ev,basis,zijd,stan)	1	701678	96.9335
tijdloos ADJ(vrij,basis,zonder)	1	701679	96.9336
tijdig ADJ(vrij,basis,zonder)	1	701680	96.9337
tijdelijk ADJ(prenom,basis,zonder)	1	701681	96.9339
tijd-verhaal N(soort,ev,basis,onz,stan)	1	701682	96.934
tijd N(soort,ev,basis,dat)	1	701683	96.9341
tij N(soort,ev,basis,onz,stan)	1	701684	96.9343
tiger SPEC(vreemd)	1	701685	96.9344
tig TW(hoofd,prenom,stan)	1	701686	96.9346
tiewraps N(soort,mv,basis)	1	701687	96.9347
tiet N(soort,mv,basis)	1	701688	96.9348
tiesto N(soort,ev,basis,zijd,stan)	1	701689	96.935
tierentuynmosterd WW(vd,vrij,zonder)	1	701690	96.9351
tiental N(soort,mv,basis)	1	701691	96.9352
tiental N(soort,ev,basis,onz,stan)	1	701692	96.9354
tienermeisje N(soort,mv,dim)	1	701693	96.9355
tiener N(soort,ev,basis,zijd,stan)	1	701694	96.9357
tien TW(rang,nom,zonder-n)	1	701695	96.9358
tiem N(soort,mv,basis)	1	701696	96.9359
tiefusvermoeiend WW(od,vrij,zonder)	1	701697	96.9361
tie VNW(pers,pron,nomin,red,3,ev,masc)	1	701698	96.9362
tidied SPEC(vreemd)	1	701699	96.9364
ticket N(soort,ev,basis,zijd,stan)	1	701700	96.9365
tich SPEC(vreemd)	1	701701	96.9366
tiburg N(soort,ev,basis,zijd,stan)	1	701702	96.9368
ti's N(soort,ev,basis,gen)	1	701703	96.9369
thzeir SPEC(vreemd)	1	701704	96.937
thymen N(soort,mv,basis)	1	701705	96.9372
thx SPEC(symb)	1	701706	96.9373
thv N(soort,ev,basis,zijd,stan)	1	701707	96.9375
thuusgezet ADJ(vrij,comp,zonder)	1	701708	96.9376
thursday N(soort,ev,basis,zijd,stan)	1	701709	96.9377
thunderstorm N(soort,mv,basis)	1	701710	96.9379
thuisthuis N(soort,ev,basis,zijd,stan)	1	701711	96.938
thuissturen WW(vd,vrij,zonder)	1	701712	96.9381
thuisstad N(soort,ev,basis,zijd,stan)	1	701713	96.9383
thuisplaat N(soort,ev,basis,zijd,stan)	1	701714	96.9384
thuisnummer N(soort,ev,basis,zijd,stan)	1	701715	96.9386
thuisnr N(soort,ev,basis,zijd,stan)	1	701716	96.9387
thuislaten WW(vd,vrij,zonder)	1	701717	96.9388
thuiskomen WW(pv,verl,ev)	1	701718	96.939
thuiskomen WW(pv,tgw,met-t)	1	701719	96.9391
thuishoren WW(pv,tgw,met-t)	1	701720	96.9393
thuisgezet WW(pv,tgw,ev)	1	701721	96.9394
thuisgekomn WW(inf,vrij,zonder)	1	701722	96.9395
thuisgekomen ADJ(prenom,basis,zonder)	1	701723	96.9397
thuisgeblevn N(soort,ev,basis,zijd,stan)	1	701724	96.9398
thuisbrengen WW(vd,vrij,zonder)	1	701725	96.9399
thuisblijf N(soort,ev,basis,zijd,stan)	1	701726	96.9401
thuisben WW(inf,vrij,zonder)	1	701727	96.9402
thuisadres N(soort,ev,basis,onz,stan)	1	701728	96.9404
thuis^^ ADJ(prenom,basis,met-e,stan)	1	701729	96.9405
thuir ADJ(vrij,basis,zonder)	1	701730	96.9406
throttling N(soort,ev,basis,zijd,stan)	1	701731	96.9408
throttlesignaalprobleem N(soort,ev,dim,onz,stan)	1	701732	96.9409
throttlesignaal N(soort,ev,basis,onz,stan)	1	701733	96.9411
throttle N(soort,ev,basis,zijd,stan)	1	701734	96.9412
thrones N(soort,mv,basis)	1	701735	96.9413
threesome SPEC(vreemd)	1	701736	96.9415
thoughts SPEC(vreemd)	1	701737	96.9416
thought N(soort,ev,basis,zijd,stan)	1	701738	96.9417
thomas WW(pv,verl,ev)	1	701739	96.9419
thomas N(soort,mv,basis)	1	701740	96.942
thomas N(soort,ev,basis,onz,stan)	1	701741	96.9422
thol N(soort,mv,basis)	1	701742	96.9423
thnx SPEC(vreemd)	1	701743	96.9424
thnx N(soort,ev,basis,zijd,stan)	1	701744	96.9426
thin ADJ(vrij,basis,zonder)	1	701745	96.9427
thijs ADJ(vrij,basis,zonder)	1	701746	96.9428
thighs N(soort,ev,basis,onz,stan)	1	701747	96.943
thierry N(soort,ev,basis,zijd,stan)	1	701748	96.9431
thienponden WW(pv,tgw,met-t)	1	701749	96.9433
thialf ADJ(vrij,basis,zonder)	1	701750	96.9434
theyre SPEC(vreemd)	1	701751	96.9435
they N(soort,ev,basis,zijd,stan)	1	701752	96.9437
thesisverdedigingstijd N(soort,ev,basis,onz,stan)	1	701753	96.9438
thesisstudent N(soort,mv,basis)	1	701754	96.944
thesispromotor N(soort,ev,basis,zijd,stan)	1	701755	96.9441
thesisplanning N(soort,ev,basis,zijd,stan)	1	701756	96.9442
thesismeeting N(soort,ev,basis,zijd,stan)	1	701757	96.9444
thesisbegeleider N(soort,ev,basis,zijd,stan)	1	701758	96.9445
thesis-wise N(soort,ev,basis,zijd,stan)	1	701759	96.9446
thesis-time N(soort,ev,basis,onz,stan)	1	701760	96.9448
thesis-deadline N(soort,mv,basis)	1	701761	96.9449
these N(soort,ev,basis,zijd,stan)	1	701762	96.9451
thesauritiaaaaaaaaaa N(soort,ev,basis,zijd,stan)	1	701763	96.9452
theroux N(soort,ev,basis,zijd,stan)	1	701764	96.9453
thermoskan N(soort,ev,basis,zijd,stan)	1	701765	96.9455
thermo N(soort,ev,basis,zijd,stan)	1	701766	96.9456
theres SPEC(vreemd)	1	701767	96.9457
there.in SPEC(symb)	1	701768	96.9459
there's SPEC(vreemd)	1	701769	96.946
therapy SPEC(vreemd)	1	701770	96.9462
ther SPEC(vreemd)	1	701771	96.9463
theoriecertificaat N(soort,ev,basis,zijd,stan)	1	701772	96.9464
theoretiseren WW(inf,vrij,zonder)	1	701773	96.9466
theoretisch ADJ(vrij,basis,zonder)	1	701774	96.9467
theoretically N(soort,ev,basis,zijd,stan)	1	701775	96.9469
theologie N(soort,ev,basis,zijd,stan)	1	701776	96.947
thematisch ADJ(vrij,basis,zonder)	1	701777	96.9471
themakamp N(soort,ev,basis,onz,stan)	1	701778	96.9473
thema-avond N(soort,ev,basis,zijd,stan)	1	701779	96.9474
them N(soort,ev,basis,zijd,stan)	1	701780	96.9475
thehe N(soort,ev,basis,zijd,stan)	1	701781	96.9477
theezeefachtig ADJ(prenom,basis,zonder)	1	701782	96.9478
theeten N(soort,mv,basis)	1	701783	96.948
theepot N(soort,ev,basis,zijd,stan)	1	701784	96.9481
theemens N(soort,mv,basis)	1	701785	96.9482
theelichtje N(soort,ev,dim,onz,stan)	1	701786	96.9484
theeleut N(soort,mv,basis)	1	701787	96.9485
theej N(soort,ev,basis,zijd,stan)	1	701788	96.9486
theeft N(soort,ev,basis,zijd,stan)	1	701789	96.9488
theedoek N(soort,mv,basis)	1	701790	96.9489
theaterbezoek N(soort,ev,basis,onz,stan)	1	701791	96.9491
the VNW(onbep,det,stan,prenom,met-e,rest)	1	701792	96.9492
the ADJ(prenom,basis,met-e,stan)	1	701793	96.9493
thawan BW()	1	701794	96.9495
thanks ADJ(vrij,basis,zonder)	1	701795	96.9496
thamel N(soort,ev,basis,onz,stan)	1	701796	96.9498
thalen N(soort,mv,basis)	1	701797	96.9499
thais N(soort,mv,basis)	1	701798	96.95
thais ADJ(prenom,basis,met-e,stan)	1	701799	96.9502
thailand N(soort,ev,basis,onz,stan)	1	701800	96.9503
thad N(soort,ev,basis,onz,stan)	1	701801	96.9504
tgy SPEC(vreemd)	1	701802	96.9506
tguis N(soort,mv,basis)	1	701803	96.9507
tggekomen WW(inf,vrij,zonder)	1	701804	96.9509
tgen WW(pv,tgw,met-t)	1	701805	96.951
tgalabal N(soort,ev,basis,onz,stan)	1	701806	96.9511
tg N(soort,ev,basis,zijd,stan)	1	701807	96.9513
tg ADJ(vrij,basis,zonder)	1	701808	96.9514
texteditor N(soort,ev,basis,zijd,stan)	1	701809	96.9515
texted WW(pv,tgw,ev)	1	701810	96.9517
texted SPEC(vreemd)	1	701811	96.9518
texel N(soort,ev,basis,onz,stan)	1	701812	96.952
tex N(soort,mv,basis)	1	701813	96.9521
tevredenheid N(soort,ev,basis,zijd,stan)	1	701814	96.9522
tevreden ADJ(prenom,basis,zonder)	1	701815	96.9524
tevenkomen WW(pv,verl,ev)	1	701816	96.9525
teveel VNW(onbep,grad,stan,prenom,zonder,agr,basis)	1	701817	96.9527
teug N(soort,ev,basis,zijd,stan)	1	701818	96.9528
tetteversleten N(soort,mv,basis)	1	701819	96.9529
tetteren WW(inf,nom,zonder,zonder-n)	1	701820	96.9531
teten N(soort,mv,basis)	1	701821	96.9532
tete SPEC(vreemd)	1	701822	96.9533
tete ADJ(prenom,basis,met-e,stan)	1	701823	96.9535
tet WW(pv,tgw,ev)	1	701824	96.9536
testwebsite N(soort,ev,basis,zijd,stan)	1	701825	96.9538
testshoot SPEC(vreemd)	1	701826	96.9539
testrun N(soort,ev,basis,zijd,stan)	1	701827	96.954
testrijden WW(inf,vrij,zonder)	1	701828	96.9542
testosteron N(soort,ev,basis,zijd,stan)	1	701829	96.9543
tester N(soort,ev,basis,zijd,stan)	1	701830	96.9545
teste BW()	1	701831	96.9546
testbriefje N(soort,mv,dim)	1	701832	96.9547
testboard N(soort,ev,basis,onz,stan)	1	701833	96.9549
test-aankoop N(soort,ev,basis,zijd,stan)	1	701834	96.955
test SPEC(vreemd)	1	701835	96.9551
tessa SPEC(deeleigen)	1	701836	96.9553
tess SPEC(vreemd)	1	701837	96.9554
tess N(soort,ev,basis,zijd,stan)	1	701838	96.9556
tes VZ(init)	1	701839	96.9557
tes N(soort,ev,basis,zijd,stan)	1	701840	96.9558
terwille BW()	1	701841	96.956
tervuursestraat N(soort,ev,basis,zijd,stan)	1	701842	96.9561
terusten N(soort,mv,basis)	1	701843	96.9562
terugzoenen WW(inf,vrij,zonder)	1	701844	96.9564
terugzetten WW(vd,vrij,zonder)	1	701845	96.9565
terugwerken WW(inf,vrij,zonder)	1	701846	96.9567
terugvragen WW(inf,vrij,zonder)	1	701847	96.9568
terugvinden WW(pv,tgw,met-t)	1	701848	96.9569
terugvallen WW(vd,vrij,zonder)	1	701849	96.9571
terugval N(soort,ev,basis,zijd,stan)	1	701850	96.9572
terugspoelen WW(vd,prenom,zonder)	1	701851	96.9574
terugsmsen N(soort,mv,basis)	1	701852	96.9575
terugrijden WW(pv,tgw,met-t)	1	701853	96.9576
terugmailen WW(vd,vrij,zonder)	1	701854	96.9578
terugliggen N(soort,mv,basis)	1	701855	96.9579
teruglezen WW(inf,vrij,zonder)	1	701856	96.958
terugkrijgen WW(inf,nom,zonder,zonder-n)	1	701857	96.9582
terugkomst N(soort,ev,basis,zijd,stan)	1	701858	96.9583
terugkomen WW(pv,tgw,mv)	1	701859	96.9585
terugkomen WW(pv,tgw,ev)	1	701860	96.9586
terugkomdag WW(pv,verl,ev)	1	701861	96.9587
terugkomdag N(soort,ev,basis,zijd,stan)	1	701862	96.9589
terugknijpen N(soort,mv,basis)	1	701863	96.959
terugkijken WW(pv,tgw,ev)	1	701864	96.9591
terugkeren WW(pv,tgw,met-t)	1	701865	96.9593
terugkeren WW(inf,nom,zonder,zonder-n)	1	701866	96.9594
terughoren WW(vd,vrij,zonder)	1	701867	96.9596
terughebben WW(vd,vrij,zonder)	1	701868	96.9597
teruggesmst WW(vd,vrij,zonder)	1	701869	96.9598
teruggereden N(soort,mv,basis)	1	701870	96.96
teruggepakt WW(inf,vrij,zonder)	1	701871	96.9601
teruggekust WW(pv,tgw,met-t)	1	701872	96.9603
teruggaan WW(pv,tgw,met-t)	1	701873	96.9604
teruggaan WW(pv,tgw,ev)	1	701874	96.9605
terugfietsen WW(inf,vrij,zonder)	1	701875	96.9607
terugbrengn WW(inf,vrij,zonder)	1	701876	96.9608
terugbreng N(soort,ev,basis,zijd,stan)	1	701877	96.9609
terugbetalen WW(vd,vrij,zonder)	1	701878	96.9611
terugbetalen WW(pv,tgw,met-t)	1	701879	96.9612
terten WW(inf,vrij,zonder)	1	701880	96.9614
tert N(soort,mv,basis)	1	701881	96.9615
terschellingweer N(soort,ev,dim,onz,stan)	1	701882	96.9616
terschelling N(soort,ev,basis,zijd,stan)	1	701883	96.9618
terrorkat N(soort,ev,basis,zijd,stan)	1	701884	96.9619
terror SPEC(vreemd)	1	701885	96.962
territorium N(soort,ev,basis,onz,stan)	1	701886	96.9622
terrible SPEC(deeleigen)	1	701887	96.9623
terrecht N(soort,ev,basis,zijd,stan)	1	701888	96.9625
terrecht N(soort,ev,basis,onz,stan)	1	701889	96.9626
terrashangen N(soort,mv,basis)	1	701890	96.9627
terrasdienst N(soort,ev,basis,zijd,stan)	1	701891	96.9629
terrasdag N(soort,ev,basis,zijd,stan)	1	701892	96.963
terrasbijdrage N(soort,ev,basis,zijd,stan)	1	701893	96.9632
terras-tv N(soort,ev,basis,zijd,stan)	1	701894	96.9633
terras N(soort,mv,basis)	1	701895	96.9634
terrace SPEC(vreemd)	1	701896	96.9636
terneuzen N(soort,mv,basis)	1	701897	96.9637
ternauwernood N(soort,ev,basis,onz,stan)	1	701898	96.9638
terminologie-extract N(soort,mv,basis)	1	701899	96.964
terminator SPEC(vreemd)	1	701900	96.9641
terminal N(soort,ev,basis,zijd,stan)	1	701901	96.9643
termijn N(soort,mv,basis)	1	701902	96.9644
terloops ADJ(vrij,basis,zonder)	1	701903	96.9645
teringbende N(soort,ev,basis,zijd,stan)	1	701904	96.9647
terhagen N(soort,mv,basis)	1	701905	96.9648
terecht ADJ(prenom,basis,zonder)	1	701906	96.9649
terdag WW(pv,verl,ev)	1	701907	96.9651
tepinjakkiman N(soort,ev,basis,zijd,stan)	1	701908	96.9652
tepel N(soort,mv,basis)	1	701909	96.9654
tepa N(soort,ev,basis,zijd,stan)	1	701910	96.9655
tentstok N(soort,mv,basis)	1	701911	96.9656
tentruimte N(soort,ev,basis,zijd,stan)	1	701912	96.9658
tentoonstelping N(soort,ev,basis,zijd,stan)	1	701913	96.9659
tentoonspreiden WW(pv,tgw,mv)	1	701914	96.9661
tentoon BW()	1	701915	96.9662
tenth SPEC(vreemd)	1	701916	96.9663
tentfoto N(soort,mv,basis)	1	701917	96.9665
tentenplan N(soort,ev,basis,zijd,stan)	1	701918	96.9666
tentenloting N(soort,ev,basis,zijd,stan)	1	701919	96.9667
tentamenzaal N(soort,ev,basis,zijd,stan)	1	701920	96.9669
tentamenupdate N(soort,ev,basis,zijd,stan)	1	701921	96.967
tentamentijd N(soort,ev,basis,zijd,stan)	1	701922	96.9672
tentamenstress SPEC(vreemd)	1	701923	96.9673
tentamenstof N(soort,ev,basis,zijd,stan)	1	701924	96.9674
tentamenpunt N(soort,ev,basis,zijd,stan)	1	701925	96.9676
tentamenperiode N(soort,mv,basis)	1	701926	96.9677
tentamenkoning N(soort,ev,basis,zijd,stan)	1	701927	96.9679
tentamendrukte N(soort,ev,basis,zijd,stan)	1	701928	96.968
tentamencijfer N(soort,mv,basis)	1	701929	96.9681
tent N(soort,mv,dim)	1	701930	96.9683
tenonder N(soort,ev,basis,zijd,stan)	1	701931	96.9684
tennisvereniging N(soort,ev,basis,zijd,stan)	1	701932	96.9685
tennissen WW(vd,vrij,zonder)	1	701933	96.9687
tennisles N(soort,ev,basis,zijd,stan)	1	701934	96.9688
tennisclub N(soort,ev,basis,zijd,stan)	1	701935	96.969
tennisbaan N(soort,mv,basis)	1	701936	96.9691
tennisafspraak N(soort,ev,basis,zijd,stan)	1	701937	96.9692
tenigste WW(pv,verl,ev)	1	701938	96.9694
tengel N(soort,mv,basis)	1	701939	96.9695
tenet N(soort,ev,basis,zijd,stan)	1	701940	96.9696
tenenkrommen WW(od,prenom,zonder)	1	701941	96.9698
tendes SPEC(vreemd)	1	701942	96.9699
temse N(soort,ev,basis,zijd,stan)	1	701943	96.9701
tempus N(soort,ev,basis,zijd,stan)	1	701944	96.9702
tempus N(soort,ev,basis,onz,stan)	1	701945	96.9703
tempting SPEC(vreemd)	1	701946	96.9705
tempting N(soort,ev,basis,zijd,stan)	1	701947	96.9706
tempted SPEC(vreemd)	1	701948	96.9708
temptation N(soort,ev,basis,zijd,stan)	1	701949	96.9709
temps SPEC(vreemd)	1	701950	96.971
temporary SPEC(vreemd)	1	701951	96.9712
tempokaart N(soort,ev,basis,zijd,stan)	1	701952	96.9713
temperen WW(inf,vrij,zonder)	1	701953	96.9714
temperatuur N(soort,ev,dim,onz,stan)	1	701954	96.9716
temmer N(soort,ev,basis,zijd,stan)	1	701955	96.9717
temmer N(soort,ev,basis,onz,stan)	1	701956	96.9719
temmen WW(pv,tgw,ev)	1	701957	96.972
tem N(soort,ev,basis,onz,stan)	1	701958	96.9721
telnr N(soort,ev,basis,zijd,stan)	1	701959	96.9723
telly SPEC(vreemd)	1	701960	96.9724
tells SPEC(vreemd)	1	701961	96.9725
telling N(soort,ev,basis,zijd,stan)	1	701962	96.9727
tellie N(soort,ev,basis,zijd,stan)	1	701963	96.9728
teller N(soort,ev,basis,zijd,stan)	1	701964	96.973
tellen WW(pv,tgw,mv)	1	701965	96.9731
televisiedebuut N(soort,ev,basis,zijd,stan)	1	701966	96.9732
televee N(soort,ev,basis,onz,stan)	1	701967	96.9734
teleurstelln WW(inf,vrij,zonder)	1	701968	96.9735
teleurstelling N(soort,ev,basis,zijd,stan)	1	701969	96.9737
teletop N(soort,ev,basis,zijd,stan)	1	701970	96.9738
telegramstijl N(soort,ev,basis,zijd,stan)	1	701971	96.9739
telefoonverbinding N(soort,ev,basis,zijd,stan)	1	701972	96.9741
telefoonnummer N(soort,mv,basis)	1	701973	96.9742
telefoonnr SPEC(vreemd)	1	701974	96.9743
telefoonkabel N(soort,mv,basis)	1	701975	96.9745
telefonisch ADJ(prenom,basis,zonder)	1	701976	96.9746
telefonisch ADJ(prenom,basis,met-e,stan)	1	701977	96.9748
telefoneren WW(pv,tgw,ev)	1	701978	96.9749
teleconference N(soort,ev,basis,zijd,stan)	1	701979	96.975
telecoil N(soort,ev,basis,zijd,stan)	1	701980	96.9752
tele N(soort,ev,basis,zijd,stan)	1	701981	96.9753
tel.nr N(soort,ev,basis,zijd,stan)	1	701982	96.9754
tel SPEC(afk)	1	701983	96.9756
tel ADJ(vrij,basis,zonder)	1	701984	96.9757
tekstvaardigheid N(soort,ev,basis,zijd,stan)	1	701985	96.9759
tekst N(soort,mv,dim)	1	701986	96.976
tekik N(soort,ev,basis,onz,stan)	1	701987	96.9761
tekening N(soort,mv,basis)	1	701988	96.9763
tekening N(soort,ev,dim,onz,stan)	1	701989	96.9764
tekening N(soort,ev,basis,zijd,stan)	1	701990	96.9766
tekenfilm N(soort,ev,basis,zijd,stan)	1	701991	96.9767
tekenen WW(vd,prenom,met-e)	1	701992	96.9768
tekenblok N(soort,ev,basis,onz,stan)	1	701993	96.977
tekeer BW()	1	701994	96.9771
tek N(soort,mv,basis)	1	701995	96.9772
teisman N(soort,ev,basis,zijd,stan)	1	701996	96.9774
teinde N(soort,ev,basis,zijd,stan)	1	701997	96.9775
tehen N(soort,mv,basis)	1	701998	96.9777
tehalen WW(inf,vrij,zonder)	1	701999	96.9778
tegoedkaart N(soort,ev,basis,zijd,stan)	1	702000	96.9779
tegoedbon N(soort,ev,basis,zijd,stan)	1	702001	96.9781
tegoed N(soort,ev,basis,onz,stan)	1	702002	96.9782
tegn WW(pv,verl,mv)	1	702003	96.9783
tegn WW(inf,vrij,zonder)	1	702004	96.9785
tegenzit WW(pv,tgw,met-t)	1	702005	96.9786
tegenwerken WW(inf,vrij,zonder)	1	702006	96.9788
tegenvaller N(soort,ev,basis,zijd,stan)	1	702007	96.9789
tegenvallen WW(pv,tgw,met-t)	1	702008	96.979
tegensteken WW(pv,tgw,met-t)	1	702009	96.9792
tegensteken WW(inf,vrij,zonder)	1	702010	96.9793
tegenstander N(soort,ev,basis,zijd,stan)	1	702011	96.9795
tegenspeler N(soort,mv,basis)	1	702012	96.9796
tegenoverstellen WW(vd,vrij,zonder)	1	702013	96.9797
tegenovergesteld ADJ(prenom,basis,zonder)	1	702014	96.9799
tegenovergesteld ADJ(nom,basis,met-e,zonder-n,stan)	1	702015	96.98
tegenop BW()	1	702016	96.9801
tegenkunnen WW(inf,vrij,zonder)	1	702017	96.9803
tegenkomen WW(pv,tgw,ev)	1	702018	96.9804
tegenin BW()	1	702019	96.9806
tegengoeste N(soort,ev,basis,zijd,stan)	1	702020	96.9807
tegengoal N(soort,mv,basis)	1	702021	96.9808
tegengas N(soort,ev,basis,onz,stan)	1	702022	96.981
tegendraads ADJ(prenom,basis,met-e,stan)	1	702023	96.9811
tegenactie N(soort,ev,basis,zijd,stan)	1	702024	96.9813
tegen N(soort,mv,basis)	1	702025	96.9814
tegemoed N(soort,ev,basis,onz,stan)	1	702026	96.9815
tegelijkertijd BW()	1	702027	96.9817
tegel N(soort,mv,dim)	1	702028	96.9818
tegel N(soort,mv,basis)	1	702029	96.9819
tege N(soort,ev,basis,zijd,stan)	1	702030	96.9821
teerling N(soort,ev,basis,zijd,stan)	1	702031	96.9822
teen N(soort,ev,basis,zijd,stan)	1	702032	96.9824
teelkiens ADJ(prenom,basis,zonder)	1	702033	96.9825
teelkien N(soort,mv,basis)	1	702034	96.9826
teef N(soort,ev,basis,zijd,stan)	1	702035	96.9828
teddybeer N(soort,ev,basis,zijd,stan)	1	702036	96.9829
ted SPEC(vreemd)	1	702037	96.983
ted N(soort,ev,basis,zijd,stan)	1	702038	96.9832
technoot N(soort,mv,dim)	1	702039	96.9833
technology SPEC(vreemd)	1	702040	96.9835
technogabberpunk N(soort,ev,basis,zijd,stan)	1	702041	96.9836
techno N(soort,ev,basis,zijd,stan)	1	702042	96.9837
techniekteam N(soort,ev,basis,onz,stan)	1	702043	96.9839
technicie N(soort,ev,basis,zijd,stan)	1	702044	96.984
techmisch ADJ(prenom,basis,met-e,stan)	1	702045	96.9842
tech ADJ(vrij,basis,zonder)	1	702046	96.9843
tech ADJ(prenom,basis,zonder)	1	702047	96.9844
teas N(soort,ev,basis,zijd,stan)	1	702048	96.9846
tears SPEC(vreemd)	1	702049	96.9847
teamuitje N(soort,ev,dim,onz,stan)	1	702050	96.9848
teamspeakserver ADJ(vrij,comp,zonder)	1	702051	96.985
teamshirt N(soort,ev,basis,zijd,stan)	1	702052	96.9851
teamnaam N(soort,ev,basis,zijd,stan)	1	702053	96.9853
teammanager N(soort,ev,basis,zijd,stan)	1	702054	96.9854
teamie N(soort,ev,basis,zijd,stan)	1	702055	96.9855
teamer N(soort,mv,basis)	1	702056	96.9857
teamdrink N(soort,ev,basis,zijd,stan)	1	702057	96.9858
team SPEC(vreemd)	1	702058	96.9859
teacher's SPEC(vreemd)	1	702059	96.9861
teabag N(soort,mv,basis)	1	702060	96.9862
te-luisteren-lijst N(soort,ev,dim,onz,stan)	1	702061	96.9864
te N(soort,mv,dim)	1	702062	96.9865
te N(soort,ev,dim,onz,stan)	1	702063	96.9866
tdm WW(pv,tgw,met-t)	1	702064	96.9868
td SPEC(vreemd)	1	702065	96.9869
tcentrum N(soort,ev,basis,onz,stan)	1	702066	96.9871
tbv SPEC(vreemd)	1	702067	96.9872
tblijven WW(pv,tgw,met-t)	1	702068	96.9873
tbier N(soort,ev,basis,zijd,stan)	1	702069	96.9875
tb-sfeer N(soort,ev,basis,zijd,stan)	1	702070	96.9876
tb N(soort,ev,basis,zijd,stan)	1	702071	96.9877
taxis N(soort,ev,basis,zijd,stan)	1	702072	96.9879
taxirit N(soort,ev,basis,zijd,stan)	1	702073	96.988
taxibus N(soort,ev,dim,onz,stan)	1	702074	96.9882
taxibus N(soort,ev,basis,zijd,stan)	1	702075	96.9883
taxi WW(pv,tgw,ev)	1	702076	96.9884
tax-free N(soort,ev,basis,zijd,stan)	1	702077	96.9886
tavernier SPEC(deeleigen)	1	702078	96.9887
tav N(soort,ev,basis,zijd,stan)	1	702079	96.9888
taugÃ© N(soort,ev,basis,onz,stan)	1	702080	96.989
tattoo-plan N(soort,mv,basis)	1	702081	96.9891
tats SPEC(vreemd)	1	702082	96.9893
tatoo N(soort,ev,basis,zijd,stan)	1	702083	96.9894
tasty SPEC(vreemd)	1	702084	96.9895
tassie N(soort,ev,basis,zijd,stan)	1	702085	96.9897
tassen WW(pv,verl,ev)	1	702086	96.9898
taskkiller N(soort,ev,basis,zijd,stan)	1	702087	96.99
tarzan N(soort,ev,basis,onz,stan)	1	702088	96.9901
tarwe N(soort,ev,basis,zijd,stan)	1	702089	96.9902
tartaar ADJ(vrij,basis,zonder)	1	702090	96.9904
tarrif SPEC(vreemd)	1	702091	96.9905
target N(soort,ev,basis,zijd,stan)	1	702092	96.9906
tard ADJ(vrij,basis,zonder)	1	702093	96.9908
tara SPEC(vreemd)	1	702094	96.9909
tapvat N(soort,ev,basis,zijd,stan)	1	702095	96.9911
tapvaatje N(soort,mv,dim)	1	702096	96.9912
tappen WW(inf,nom,zonder,zonder-n)	1	702097	96.9913
tapoban N(soort,ev,basis,zijd,stan)	1	702098	96.9915
tapken WW(inf,vrij,zonder)	1	702099	96.9916
tapijtwinkel N(soort,ev,basis,zijd,stan)	1	702100	96.9917
taperest N(soort,mv,basis)	1	702101	96.9919
tapen WW(inf,vrij,zonder)	1	702102	96.992
tape N(soort,ev,basis,zijd,stan)	1	702103	96.9922
tapasrestaurant N(soort,ev,basis,onz,stan)	1	702104	96.9923
tapasreceptie N(soort,ev,basis,zijd,stan)	1	702105	96.9924
tapasachtig ADJ(prenom,basis,zonder)	1	702106	96.9926
tapas SPEC(vreemd)	1	702107	96.9927
tap N(soort,mv,dim)	1	702108	96.9929
tantÃ´t SPEC(vreemd)	1	702109	96.993
tannhauserdreef N(soort,ev,basis,zijd,stan)	1	702110	96.9931
tanktas N(soort,ev,basis,zijd,stan)	1	702111	96.9933
tank N(soort,mv,basis)	1	702112	96.9934
tank N(soort,ev,dim,onz,stan)	1	702113	96.9935
tanja N(soort,ev,basis,zijd,stan)	1	702114	96.9937
tane N(soort,ev,basis,zijd,stan)	1	702115	96.9938
tandsoldaat N(soort,ev,basis,zijd,stan)	1	702116	96.994
tandem N(soort,ev,basis,zijd,stan)	1	702117	96.9941
tandartsbehandeling N(soort,mv,basis)	1	702118	96.9942
tandartsafspraak N(soort,ev,basis,zijd,stan)	1	702119	96.9944
tand N(soort,ev,basis,zijd,stan)	1	702120	96.9945
tamzak N(soort,ev,dim,onz,stan)	1	702121	96.9947
tamusemen WW(pv,tgw,met-t)	1	702122	96.9948
tamas N(soort,ev,basis,zijd,stan)	1	702123	96.9949
tam ADJ(vrij,basis,zonder)	1	702124	96.9951
taloor N(soort,mv,dim)	1	702125	96.9952
talmen WW(inf,vrij,zonder)	1	702126	96.9953
talent N(soort,mv,basis)	1	702127	96.9955
taktiek N(soort,ev,basis,zijd,stan)	1	702128	96.9956
takraad N(soort,mv,basis)	1	702129	96.9958
takraad ADJ(vrij,basis,zonder)	1	702130	96.9959
takken WW(vd,vrij,zonder)	1	702131	96.996
taking N(soort,ev,basis,zijd,stan)	1	702132	96.9962
takes SPEC(vreemd)	1	702133	96.9963
takelen WW(vd,vrij,zonder)	1	702134	96.9964
take N(soort,ev,basis,zijd,stan)	1	702135	96.9966
tak N(soort,mv,dim)	1	702136	96.9967
tak N(soort,mv,basis)	1	702137	96.9969
tai-aanvraag N(soort,ev,basis,zijd,stan)	1	702138	96.997
tagliatell N(soort,ev,basis,onz,stan)	1	702139	96.9971
taffyjaffy SPEC(vreemd)	1	702140	96.9973
tafelvoetballen WW(inf,vrij,zonder)	1	702141	96.9974
tafelvoetbal N(soort,ev,basis,zijd,stan)	1	702142	96.9976
tafeltennistafel N(soort,ev,basis,zijd,stan)	1	702143	96.9977
tafeltennissen WW(vd,vrij,zonder)	1	702144	96.9978
tafelkleed N(soort,ev,basis,onz,stan)	1	702145	96.998
tafelheer N(soort,ev,basis,zijd,stan)	1	702146	96.9981
tafeldroog N(soort,ev,basis,zijd,stan)	1	702147	96.9982
tafel N(soort,mv,dim)	1	702148	96.9984
tafel N(soort,mv,basis)	1	702149	96.9985
taede N(soort,ev,basis,zijd,stan)	1	702150	96.9987
tadinha N(soort,mv,basis)	1	702151	96.9988
tadinha N(soort,ev,basis,zijd,stan)	1	702152	96.9989
tadaaa N(soort,ev,basis,zijd,stan)	1	702153	96.9991
tad BW()	1	702154	96.9992
tactisch ADJ(prenom,basis,zonder)	1	702155	96.9993
tactiek N(soort,mv,basis)	1	702156	96.9995
tactiek N(soort,ev,basis,zijd,stan)	1	702157	96.9996
tactics ADJ(vrij,basis,zonder)	1	702158	96.9998
taco SPEC(vreemd)	1	702159	96.9999
tacho N(soort,ev,basis,zijd,stan)	1	702160	97
tabl N(soort,ev,basis,zijd,stan)	1	702161	97.0002
tabel N(soort,mv,dim)	1	702162	97.0003
taartlunch ADJ(vrij,basis,zonder)	1	702163	97.0005
taartfan N(soort,ev,basis,zijd,stan)	1	702164	97.0006
taart SPEC(vreemd)	1	702165	97.0007
taart N(soort,ev,dim,onz,stan)	1	702166	97.0009
taalwetenshapper N(soort,mv,basis)	1	702167	97.001
taalstructuur N(soort,ev,basis,zijd,stan)	1	702168	97.0011
taalstage N(soort,ev,basis,zijd,stan)	1	702169	97.0013
taalpraktijk ADJ(vrij,basis,zonder)	1	702170	97.0014
taalportaal N(soort,ev,basis,onz,stan)	1	702171	97.0016
taalissue WW(pv,verl,ev)	1	702172	97.0017
taalhoek N(soort,ev,basis,zijd,stan)	1	702173	97.0018
taalgrens N(soort,ev,basis,zijd,stan)	1	702174	97.002
taalfout N(soort,mv,basis)	1	702175	97.0021
taalfout N(soort,ev,basis,zijd,stan)	1	702176	97.0022
taal N(soort,mv,basis)	1	702177	97.0024
taal N(soort,ev,dim,onz,stan)	1	702178	97.0025
taakbalk N(soort,ev,basis,zijd,stan)	1	702179	97.0027
taai ADJ(prenom,basis,met-e,stan)	1	702180	97.0028
taaaaaaart N(soort,ev,basis,zijd,stan)	1	702181	97.0029
ta SPEC(vreemd)	1	702182	97.0031
t.o. N(soort,ev,basis,zijd,stan)	1	702183	97.0032
t.n.v. SPEC(afk)	1	702184	97.0034
t.e.m. SPEC(afk)	1	702185	97.0035
t.Ik SPEC(symb)	1	702186	97.0036
t-shirt N(soort,mv,basis)	1	702187	97.0038
t-shirt N(soort,ev,basis,zijd,stan)	1	702188	97.0039
t-mobile WW(pv,verl,ev)	1	702189	97.004
t-mobile ADJ(nom,basis,met-e,zonder-n,stan)	1	702190	97.0042
sÃºperchill N(soort,ev,basis,zijd,stan)	1	702191	97.0043
szoot N(soort,ev,basis,zijd,stan)	1	702192	97.0045
szimpla SPEC(vreemd)	1	702193	97.0046
szimpla N(soort,ev,basis,zijd,stan)	1	702194	97.0047
sziget N(soort,ev,basis,zijd,stan)	1	702195	97.0049
sytyct N(soort,ev,basis,onz,stan)	1	702196	97.005
sytycd-ze ADJ(vrij,basis,zonder)	1	702197	97.0052
synthetisch ADJ(prenom,basis,met-e,stan)	1	702198	97.0053
syndicus N(soort,ev,basis,zijd,stan)	1	702199	97.0054
synchroniseren WW(inf,vrij,zonder)	1	702200	97.0056
syncen WW(pv,tgw,mv)	1	702201	97.0057
syncen WW(inf,vrij,zonder)	1	702202	97.0058
sync N(soort,ev,basis,zijd,stan)	1	702203	97.006
symptoom N(soort,mv,basis)	1	702204	97.0061
symposiumcommissie N(soort,ev,basis,zijd,stan)	1	702205	97.0063
symposium N(soort,ev,basis,onz,stan)	1	702206	97.0064
sympathiseren WW(inf,vrij,zonder)	1	702207	97.0065
sympathiek ADJ(prenom,basis,met-e,stan)	1	702208	97.0067
sympath ADJ(vrij,basis,zonder)	1	702209	97.0068
symbool N(soort,mv,basis)	1	702210	97.0069
symboliseren WW(pv,tgw,met-t)	1	702211	97.0071
sylvie N(soort,ev,basis,zijd,stan)	1	702212	97.0072
sylvia N(soort,ev,basis,onz,stan)	1	702213	97.0074
sygic SPEC(deeleigen)	1	702214	97.0075
sybo N(soort,mv,basis)	1	702215	97.0076
sybo ADJ(vrij,basis,zonder)	1	702216	97.0078
sybille N(soort,ev,basis,zijd,stan)	1	702217	97.0079
syberisch ADJ(vrij,basis,zonder)	1	702218	97.0081
swoon N(soort,ev,basis,onz,stan)	1	702219	97.0082
swirl SPEC(vreemd)	1	702220	97.0083
swingend ADJ(vrij,basis,zonder)	1	702221	97.0085
swingen WW(od,prenom,met-e)	1	702222	97.0086
swell N(soort,ev,basis,onz,stan)	1	702223	97.0087
sweetiepie N(soort,ev,basis,zijd,stan)	1	702224	97.0089
swedish N(soort,ev,basis,zijd,stan)	1	702225	97.009
sweaty SPEC(vreemd)	1	702226	97.0092
sweater SPEC(vreemd)	1	702227	97.0093
sweater N(soort,ev,basis,zijd,stan)	1	702228	97.0094
swear SPEC(vreemd)	1	702229	97.0096
swear N(soort,ev,basis,zijd,stan)	1	702230	97.0097
swatch-horloge N(soort,ev,basis,zijd,stan)	1	702231	97.0098
swanjeerd N(soort,ev,basis,zijd,stan)	1	702232	97.01
swan SPEC(vreemd)	1	702233	97.0101
swampy SPEC(vreemd)	1	702234	97.0103
swalmen N(soort,mv,basis)	1	702235	97.0104
swaffel N(soort,ev,basis,zijd,stan)	1	702236	97.0105
sw N(soort,mv,basis)	1	702237	97.0107
svp N(soort,ev,basis,zijd,stan)	1	702238	97.0108
svn N(soort,mv,basis)	1	702239	97.011
sv SPEC(deeleigen)	1	702240	97.0111
sv N(soort,ev,basis,zijd,stan)	1	702241	97.0112
suÃ¯cidaal ADJ(vrij,basis,zonder)	1	702242	97.0114
suzuki ADJ(prenom,basis,zonder)	1	702243	97.0115
suz N(soort,ev,basis,onz,stan)	1	702244	97.0116
suuuuuuuperveel N(soort,ev,basis,onz,stan)	1	702245	97.0118
suuuupervet N(soort,ev,basis,onz,stan)	1	702246	97.0119
suuuuper WW(pv,tgw,ev)	1	702247	97.0121
suuuperverliefd WW(vd,vrij,zonder)	1	702248	97.0122
suuuperveel N(soort,ev,basis,onz,stan)	1	702249	97.0123
suuuperchill N(soort,ev,basis,zijd,stan)	1	702250	97.0125
suuuper N(soort,ev,basis,zijd,stan)	1	702251	97.0126
suuper ADJ(vrij,basis,zonder)	1	702252	97.0127
suu N(soort,ev,basis,onz,stan)	1	702253	97.0129
sustainable SPEC(vreemd)	1	702254	97.013
sustainabla N(soort,ev,basis,zijd,stan)	1	702255	97.0132
sustainability N(soort,ev,basis,zijd,stan)	1	702256	97.0133
susan N(soort,ev,basis,onz,stan)	1	702257	97.0134
sus N(soort,ev,dim,onz,stan)	1	702258	97.0136
surya SPEC(vreemd)	1	702259	97.0137
survived SPEC(vreemd)	1	702260	97.0139
survey SPEC(vreemd)	1	702261	97.014
surveillant N(soort,ev,basis,zijd,stan)	1	702262	97.0141
surround SPEC(vreemd)	1	702263	97.0143
surrogaatzus N(soort,ev,dim,onz,stan)	1	702264	97.0144
surrealistisch ADJ(prenom,basis,zonder)	1	702265	97.0145
surpriseparty N(soort,ev,basis,zijd,stan)	1	702266	97.0147
surprise SPEC(vreemd)	1	702267	97.0148
surinaamse N(soort,ev,basis,zijd,stan)	1	702268	97.015
surieus N(soort,ev,basis,zijd,stan)	1	702269	97.0151
surieus ADJ(vrij,basis,zonder)	1	702270	97.0152
surieus ADJ(prenom,basis,met-e,stan)	1	702271	97.0154
surfweer N(soort,ev,basis,onz,stan)	1	702272	97.0155
surfnet N(soort,ev,basis,onz,stan)	1	702273	97.0156
surfen WW(inf,vrij,zonder)	1	702274	97.0158
surfdudes SPEC(vreemd)	1	702275	97.0159
sur SPEC(vreemd)	1	702276	97.0161
supriseparty N(soort,ev,basis,zijd,stan)	1	702277	97.0162
supposed SPEC(vreemd)	1	702278	97.0163
suppose N(soort,ev,basis,zijd,stan)	1	702279	97.0165
supportersfeest N(soort,mv,basis)	1	702280	97.0166
supporteren WW(inf,vrij,zonder)	1	702281	97.0168
supporter N(soort,mv,basis)	1	702282	97.0169
supporter N(soort,ev,basis,zijd,stan)	1	702283	97.017
supporten WW(inf,vrij,zonder)	1	702284	97.0172
suppliiiiise N(soort,ev,basis,zijd,stan)	1	702285	97.0173
supplies SPEC(vreemd)	1	702286	97.0174
supplier SPEC(vreemd)	1	702287	97.0176
suplize ADJ(vrij,basis,zonder)	1	702288	97.0177
supet WW(pv,tgw,met-t)	1	702289	97.0179
superzwaar ADJ(prenom,basis,met-e,stan)	1	702290	97.018
superzat WW(vd,vrij,zonder)	1	702291	97.0181
superwelkom N(soort,ev,basis,zijd,stan)	1	702292	97.0183
superweer N(soort,ev,basis,onz,stan)	1	702293	97.0184
superweek N(soort,ev,basis,zijd,stan)	1	702294	97.0186
supervroeg WW(pv,tgw,ev)	1	702295	97.0187
supervoeder N(soort,ev,basis,zijd,stan)	1	702296	97.0188
supervlotte ADJ(prenom,basis,met-e,stan)	1	702297	97.019
supervisor N(soort,mv,basis)	1	702298	97.0191
supervisor N(soort,ev,basis,zijd,stan)	1	702299	97.0192
supervisie N(soort,ev,basis,zijd,stan)	1	702300	97.0194
supervet N(soort,ev,basis,zijd,stan)	1	702301	97.0195
supervast WW(vd,vrij,zonder)	1	702302	97.0197
supertrots ADJ(vrij,basis,zonder)	1	702303	97.0198
supertoll N(soort,ev,basis,zijd,stan)	1	702304	97.0199
supertam ADJ(vrij,basis,zonder)	1	702305	97.0201
supersupergoe N(soort,ev,basis,zijd,stan)	1	702306	97.0202
superspannend WW(od,vrij,zonder)	1	702307	97.0203
superspannend ADJ(vrij,basis,zonder)	1	702308	97.0205
supersnelrecht N(soort,ev,basis,onz,stan)	1	702309	97.0206
superslechten WW(vd,vrij,zonder)	1	702310	97.0208
superslecht N(soort,ev,basis,zijd,stan)	1	702311	97.0209
superslecht ADJ(prenom,basis,met-e,stan)	1	702312	97.021
supersjiek N(soort,ev,basis,zijd,stan)	1	702313	97.0212
superrustig ADJ(vrij,basis,zonder)	1	702314	97.0213
superrrr ADJ(vrij,comp,zonder)	1	702315	97.0215
superrelaxed ADJ(vrij,basis,zonder)	1	702316	97.0216
superplezant N(soort,ev,basis,zijd,stan)	1	702317	97.0217
supernieuws N(soort,mv,basis)	1	702318	97.0219
supernice N(soort,ev,basis,zijd,stan)	1	702319	97.022
supernetje N(soort,mv,dim)	1	702320	97.0221
supermoeilijk ADJ(prenom,basis,met-e,stan)	1	702321	97.0223
supermatch N(soort,ev,basis,zijd,stan)	1	702322	97.0224
supermarkt N(soort,mv,basis)	1	702323	97.0226
supermarkt N(soort,ev,dim,onz,stan)	1	702324	97.0227
supermarket SPEC(vreemd)	1	702325	97.0228
supermama N(soort,ev,basis,zijd,stan)	1	702326	97.023
superlief N(soort,ev,basis,onz,stan)	1	702327	97.0231
superlief ADJ(prenom,basis,met-e,stan)	1	702328	97.0232
superleuk ADJ(prenom,basis,met-e,stan)	1	702329	97.0234
superlekker ADJ(vrij,basis,zonder)	1	702330	97.0235
superlange N(soort,ev,basis,onz,stan)	1	702331	97.0237
superlang ADJ(vrij,basis,zonder)	1	702332	97.0238
superkus N(soort,ev,basis,zijd,stan)	1	702333	97.0239
superkerel N(soort,ev,basis,onz,stan)	1	702334	97.0241
superjammer N(soort,ev,basis,onz,stan)	1	702335	97.0242
superirritant ADJ(vrij,basis,zonder)	1	702336	97.0244
superheet ADJ(prenom,basis,met-e,stan)	1	702337	97.0245
superhandig ADJ(vrij,basis,zonder)	1	702338	97.0246
superhandig ADJ(prenom,basis,met-e,stan)	1	702339	97.0248
superhaarbal N(soort,ev,basis,zijd,stan)	1	702340	97.0249
supergraag ADJ(vrij,basis,zonder)	1	702341	97.025
supergoeie N(soort,ev,basis,zijd,stan)	1	702342	97.0252
supergeweldigleuk N(soort,ev,basis,zijd,stan)	1	702343	97.0253
supergelukkig ADJ(vrij,basis,zonder)	1	702344	97.0255
supergaafvetretekoel ADJ(prenom,basis,met-e,stan)	1	702345	97.0256
supergaaf ADJ(vrij,basis,zonder)	1	702346	97.0257
superflink WW(pv,verl,ev)	1	702347	97.0259
superfijn N(soort,ev,basis,zijd,stan)	1	702348	97.026
superfijn ADJ(prenom,basis,met-e,stan)	1	702349	97.0261
superfiesta N(soort,ev,basis,zijd,stan)	1	702350	97.0263
supereng N(soort,ev,basis,zijd,stan)	1	702351	97.0264
superduur ADJ(vrij,basis,zonder)	1	702352	97.0266
superdure ADJ(prenom,basis,met-e,stan)	1	702353	97.0267
superduper N(soort,ev,basis,zijd,stan)	1	702354	97.0268
superdicht ADJ(vrij,basis,zonder)	1	702355	97.027
supercup N(soort,ev,basis,zijd,stan)	1	702356	97.0271
superbly N(soort,ev,basis,zijd,stan)	1	702357	97.0273
superblij N(soort,ev,basis,zijd,stan)	1	702358	97.0274
superbenieuwd WW(vd,vrij,zonder)	1	702359	97.0275
superbelangrijk ADJ(prenom,basis,met-e,stan)	1	702360	97.0277
super ADJ(prenom,basis,zonder)	1	702361	97.0278
supah ADJ(vrij,basis,zonder)	1	702362	97.0279
supadupah SPEC(vreemd)	1	702363	97.0281
supa N(soort,ev,basis,onz,stan)	1	702364	97.0282
sup N(soort,ev,basis,zijd,stan)	1	702365	97.0284
sup N(soort,ev,basis,onz,stan)	1	702366	97.0285
sunshine N(soort,ev,basis,zijd,stan)	1	702367	97.0286
sunset N(soort,ev,basis,onz,stan)	1	702368	97.0288
sun SPEC(vreemd)	1	702369	97.0289
summary SPEC(vreemd)	1	702370	97.029
summaries SPEC(vreemd)	1	702371	97.0292
sukkelen WW(inf,vrij,zonder)	1	702372	97.0293
sukkelaar N(soort,mv,basis)	1	702373	97.0295
suk N(soort,ev,basis,onz,stan)	1	702374	97.0296
suk ADJ(prenom,basis,met-e,stan)	1	702375	97.0297
suit SPEC(vreemd)	1	702376	97.0299
suikerspul N(soort,mv,basis)	1	702377	97.03
suikerspin N(soort,ev,basis,zijd,stan)	1	702378	97.0302
suikerboon N(soort,mv,basis)	1	702379	97.0303
suikerbeestmaakspul N(soort,mv,basis)	1	702380	97.0304
suikerbeestje N(soort,mv,dim)	1	702381	97.0306
suikerbeestdingen N(soort,mv,basis)	1	702382	97.0307
suikerbeest N(soort,mv,basis)	1	702383	97.0308
suicide SPEC(vreemd)	1	702384	97.031
suggsts SPEC(vreemd)	1	702385	97.0311
suggests SPEC(deeleigen)	1	702386	97.0313
suggests N(soort,ev,basis,zijd,stan)	1	702387	97.0314
suggesting SPEC(vreemd)	1	702388	97.0315
suggesties WW(inf,vrij,zonder)	1	702389	97.0317
suggest WW(vd,vrij,zonder)	1	702390	97.0318
suggest WW(pv,tgw,met-t)	1	702391	97.032
suggereren WW(pv,verl,ev)	1	702392	97.0321
sugars N(soort,mv,basis)	1	702393	97.0322
sugarlips SPEC(vreemd)	1	702394	97.0324
sugarlip N(soort,mv,basis)	1	702395	97.0325
sugarboy SPEC(vreemd)	1	702396	97.0326
suffering SPEC(vreemd)	1	702397	97.0328
sufferd N(soort,ev,basis,zijd,stan)	1	702398	97.0329
suffer SPEC(vreemd)	1	702399	97.0331
suf ADJ(prenom,basis,zonder)	1	702400	97.0332
suerte SPEC(deeleigen)	1	702401	97.0333
sue SPEC(vreemd)	1	702402	97.0335
suderen WW(inf,vrij,zonder)	1	702403	97.0336
sudderen WW(inf,vrij,zonder)	1	702404	97.0337
sud'n ADJ(prenom,basis,zonder)	1	702405	97.0339
sud N(soort,ev,basis,onz,stan)	1	702406	97.034
sucken WW(pv,verl,mv)	1	702407	97.0342
such ADJ(vrij,basis,zonder)	1	702408	97.0343
succeswensing N(soort,ev,basis,zijd,stan)	1	702409	97.0344
succesvol ADJ(prenom,basis,met-e,stan)	1	702410	97.0346
succesopjestagedagkus N(soort,ev,dim,onz,stan)	1	702411	97.0347
succes-liefs-kus N(soort,ev,basis,zijd,stan)	1	702412	97.0349
succes SPEC(vreemd)	1	702413	97.035
succes N(soort,mv,basis)	1	702414	97.0351
suc N(soort,mv,basis)	1	702415	97.0353
subwoofer N(soort,ev,basis,zijd,stan)	1	702416	97.0354
subtiel ADJ(prenom,basis,met-e,stan)	1	702417	97.0355
subtely SPEC(vreemd)	1	702418	97.0357
substantieel ADJ(postnom,basis,met-s)	1	702419	97.0358
substantie N(soort,mv,basis)	1	702420	97.036
subsidie N(soort,ev,basis,zijd,stan)	1	702421	97.0361
subgr N(soort,ev,basis,zijd,stan)	1	702422	97.0362
su SPEC(vreemd)	1	702423	97.0364
su N(soort,ev,basis,zijd,stan)	1	702424	97.0365
styn N(soort,mv,basis)	1	702425	97.0366
stylesheet N(soort,ev,basis,zijd,stan)	1	702426	97.0368
styf ADJ(prenom,basis,met-e,stan)	1	702427	97.0369
stuwsluis N(soort,ev,basis,onz,stan)	1	702428	97.0371
stuud SPEC(vreemd)	1	702429	97.0372
stuud N(soort,ev,basis,zijd,stan)	1	702430	97.0373
stut-materiaal N(soort,ev,basis,zijd,stan)	1	702431	97.0375
sturen WW(vd,prenom,met-e)	1	702432	97.0376
sture ADJ(nom,basis,met-e,zonder-n,stan)	1	702433	97.0378
stuntman SPEC(vreemd)	1	702434	97.0379
stunt N(soort,mv,basis)	1	702435	97.038
stulp N(soort,ev,basis,zijd,stan)	1	702436	97.0382
stukl ADJ(vrij,basis,zonder)	1	702437	97.0383
stukging N(soort,ev,basis,zijd,stan)	1	702438	97.0384
stuitje N(soort,ev,basis,onz,stan)	1	702439	97.0386
stuiken WW(inf,vrij,zonder)	1	702440	97.0387
stui N(soort,ev,basis,zijd,stan)	1	702441	97.0389
stufi N(soort,ev,basis,zijd,stan)	1	702442	97.039
studystore N(soort,ev,basis,zijd,stan)	1	702443	97.0391
studiÃ«n WW(inf,vrij,zonder)	1	702444	97.0393
studio SPEC(vreemd)	1	702445	97.0394
studiewijzer N(soort,mv,basis)	1	702446	97.0395
studiewerk N(soort,ev,basis,onz,stan)	1	702447	97.0397
studieweekend WW(od,vrij,zonder)	1	702448	97.0398
studievriendin N(soort,mv,dim)	1	702449	97.04
studievoorziening N(soort,mv,basis)	1	702450	97.0401
studietip N(soort,mv,basis)	1	702451	97.0402
studietalen N(soort,ev,dim,onz,stan)	1	702452	97.0404
studieruimte N(soort,ev,basis,zijd,stan)	1	702453	97.0405
studierichting N(soort,ev,basis,zijd,stan)	1	702454	97.0407
studieren WW(inf,vrij,zonder)	1	702455	97.0408
studiepunt N(soort,mv,basis)	1	702456	97.0409
studiepik N(soort,ev,basis,zijd,stan)	1	702457	97.0411
studiedag N(soort,ev,dim,onz,stan)	1	702458	97.0412
studiebol N(soort,ev,basis,zijd,stan)	1	702459	97.0413
studieavond ADJ(vrij,basis,zonder)	1	702460	97.0415
studieadv SPEC(deeleigen)	1	702461	97.0416
studeon N(soort,ev,basis,zijd,stan)	1	702462	97.0418
students SPEC(vreemd)	1	702463	97.0419
studentnummer N(soort,ev,basis,onz,stan)	1	702464	97.042
studentikoos ADJ(prenom,basis,met-e,stan)	1	702465	97.0422
studentie N(soort,mv,basis)	1	702466	97.0423
studentenpauper N(soort,mv,basis)	1	702467	97.0424
studentenhockeyclub N(soort,ev,basis,zijd,stan)	1	702468	97.0426
studentenbalie N(soort,ev,basis,zijd,stan)	1	702469	97.0427
studentenabbo N(soort,ev,basis,zijd,stan)	1	702470	97.0429
studenten-ov N(soort,ev,basis,zijd,stan)	1	702471	97.043
studente N(soort,ev,basis,zijd,stan)	1	702472	97.0431
student N(soort,ev,dim,onz,stan)	1	702473	97.0433
studeerweer N(soort,ev,basis,zijd,stan)	1	702474	97.0434
studeerkamer N(soort,ev,basis,zijd,stan)	1	702475	97.0436
studeerflow N(soort,ev,basis,zijd,stan)	1	702476	97.0437
studeerdag N(soort,ev,dim,onz,stan)	1	702477	97.0438
stu N(soort,ev,basis,zijd,stan)	1	702478	97.044
sttaks N(soort,mv,basis)	1	702479	97.0441
strykyzer ADJ(vrij,comp,zonder)	1	702480	97.0442
strx WW(pv,tgw,met-t)	1	702481	97.0444
strx SPEC(deeleigen)	1	702482	97.0445
strx N(soort,ev,basis,onz,stan)	1	702483	97.0447
struikelblok N(soort,ev,basis,onz,stan)	1	702484	97.0448
structurelers ADJ(postnom,comp,met-s)	1	702485	97.0449
stroopwafel N(soort,mv,basis)	1	702486	97.0451
stroop N(soort,ev,basis,zijd,stan)	1	702487	97.0452
stroom N(soort,mv,basis)	1	702488	97.0454
strooiwagen N(soort,ev,basis,zijd,stan)	1	702489	97.0455
strooien ADJ(prenom,basis,zonder)	1	702490	97.0456
strontzat ADJ(vrij,basis,zonder)	1	702491	97.0458
strontbeu N(soort,ev,basis,onz,stan)	1	702492	97.0459
stront N(soort,ev,basis,zijd,stan)	1	702493	97.046
strondploeg N(soort,ev,basis,zijd,stan)	1	702494	97.0462
strondfout N(soort,ev,basis,onz,stan)	1	702495	97.0463
strompelen WW(vd,vrij,zonder)	1	702496	97.0465
stromen WW(pv,tgw,met-t)	1	702497	97.0466
stromae SPEC(vreemd)	1	702498	97.0467
stroef ADJ(vrij,basis,zonder)	1	702499	97.0469
stripwinkel N(soort,ev,basis,onz,stan)	1	702500	97.047
strippenkaart N(soort,ev,basis,zijd,stan)	1	702501	97.0471
strip N(soort,mv,basis)	1	702502	97.0473
strikes N(soort,mv,dim)	1	702503	97.0474
strik N(soort,mv,dim)	1	702504	97.0476
strijken WW(inf,nom,zonder,zonder-n)	1	702505	97.0477
strijdvaardig ADJ(vrij,basis,zonder)	1	702506	97.0478
strijd N(soort,ev,basis,dat)	1	702507	97.048
strever N(soort,ev,basis,zijd,stan)	1	702508	97.0481
streven WW(pv,tgw,mv)	1	702509	97.0483
stretchoefening N(soort,mv,basis)	1	702510	97.0484
stretcher N(soort,mv,basis)	1	702511	97.0485
stressy ADJ(vrij,basis,zonder)	1	702512	97.0487
stressvol ADJ(prenom,basis,met-e,stan)	1	702513	97.0488
stressssssss N(soort,mv,basis)	1	702514	97.0489
stresskip N(soort,ev,basis,zijd,stan)	1	702515	97.0491
stressing SPEC(vreemd)	1	702516	97.0492
stressen WW(vd,vrij,zonder)	1	702517	97.0494
stressen WW(pv,verl,ev)	1	702518	97.0495
stress SPEC(vreemd)	1	702519	97.0496
strervens N(soort,mv,basis)	1	702520	97.0498
strepen WW(pv,tgw,mv)	1	702521	97.0499
strengheidsquotum N(soort,ev,basis,onz,stan)	1	702522	97.05
streng ADJ(vrij,basis,zonder)	1	702523	97.0502
street's SPEC(vreemd)	1	702524	97.0503
streepjescode N(soort,ev,basis,zijd,stan)	1	702525	97.0505
streepjes-ovehemd N(soort,mv,basis)	1	702526	97.0506
streep N(soort,ev,basis,zijd,stan)	1	702527	97.0507
streekbier N(soort,mv,basis)	1	702528	97.0509
streek N(soort,ev,basis,zijd,stan)	1	702529	97.051
streeess N(soort,mv,basis)	1	702530	97.0512
streeds BW()	1	702531	97.0513
stredentrip N(soort,ev,basis,zijd,stan)	1	702532	97.0514
strebertjes-h ADJ(vrij,comp,zonder)	1	702533	97.0516
streamen WW(inf,vrij,zonder)	1	702534	97.0517
strax SPEC(vreemd)	1	702535	97.0518
stratum N(soort,ev,basis,onz,stan)	1	702536	97.052
strategy SPEC(vreemd)	1	702537	97.0521
strasse N(soort,ev,basis,onz,stan)	1	702538	97.0523
strandsletsen N(soort,mv,basis)	1	702539	97.0524
stranden WW(vd,vrij,zonder)	1	702540	97.0525
stranden WW(pv,verl,ev)	1	702541	97.0527
stranden WW(pv,tgw,met-t)	1	702542	97.0528
stranden WW(inf,vrij,zonder)	1	702543	97.0529
strand.no SPEC(symb)	1	702544	97.0531
stralen WW(inf,vrij,zonder)	1	702545	97.0532
straksnog BW()	1	702546	97.0534
straks^^ N(soort,ev,basis,zijd,stan)	1	702547	97.0535
straks VZ(fin)	1	702548	97.0536
straks N(soort,mv,dim)	1	702549	97.0538
straks N(soort,mv,basis)	1	702550	97.0539
strakkie N(soort,ev,basis,zijd,stan)	1	702551	97.0541
strakblauw ADJ(prenom,basis,met-e,stan)	1	702552	97.0542
straits N(soort,mv,basis)	1	702553	97.0543
straight SPEC(vreemd)	1	702554	97.0545
straffen WW(pv,tgw,met-t)	1	702555	97.0546
straf ADJ(vrij,comp,zonder)	1	702556	97.0547
straf ADJ(nom,sup,met-e,zonder-n,stan)	1	702557	97.0549
strack N(soort,mv,basis)	1	702558	97.055
straatnaam N(soort,mv,basis)	1	702559	97.0552
straatnaam N(soort,ev,basis,zijd,stan)	1	702560	97.0553
straatjager N(soort,mv,basis)	1	702561	97.0554
straat SPEC(vreemd)	1	702562	97.0556
straal N(soort,ev,basis,zijd,stan)	1	702563	97.0557
str N(soort,ev,basis,zijd,stan)	1	702564	97.0558
stoverij ADJ(vrij,basis,zonder)	1	702565	97.056
stouterd N(soort,mv,basis)	1	702566	97.0561
stoten WW(vd,vrij,zonder)	1	702567	97.0563
storyboard ADJ(vrij,basis,zonder)	1	702568	97.0564
story N(soort,ev,basis,zijd,stan)	1	702569	97.0565
stortkoker N(soort,ev,basis,zijd,stan)	1	702570	97.0567
storten WW(pv,tgw,mv)	1	702571	97.0568
storten WW(pv,tgw,met-t)	1	702572	97.057
stortbui N(soort,ev,basis,zijd,stan)	1	702573	97.0571
stort N(soort,ev,basis,onz,stan)	1	702574	97.0572
stormen WW(vd,vrij,zonder)	1	702575	97.0574
stormen WW(pv,tgw,met-t)	1	702576	97.0575
stormen WW(inf,vrij,zonder)	1	702577	97.0576
stories SPEC(vreemd)	1	702578	97.0578
storen WW(pv,tgw,mv)	1	702579	97.0579
storen WW(inf,nom,zonder,zonder-n)	1	702580	97.0581
store SPEC(deeleigen)	1	702581	97.0582
stopproces N(soort,ev,basis,onz,stan)	1	702582	97.0583
stoppen WW(pv,verl,ev)	1	702583	97.0585
stopbus N(soort,mv,basis)	1	702584	97.0586
stop N(soort,mv,basis)	1	702585	97.0588
stop ADJ(vrij,basis,zonder)	1	702586	97.0589
stoot N(soort,ev,dim,onz,stan)	1	702587	97.059
stoot N(soort,ev,basis,zijd,stan)	1	702588	97.0592
stoomboot N(soort,ev,basis,zijd,stan)	1	702589	97.0593
stoofpotje N(soort,ev,dim,onz,stan)	1	702590	97.0594
stoofpeertjes ADJ(prenom,basis,met-e,stan)	1	702591	97.0596
stones SPEC(vreemd)	1	702592	97.0597
stonede WW(od,prenom,met-e)	1	702593	97.0599
stoned SPEC(vreemd)	1	702594	97.06
stomst N(soort,ev,basis,zijd,stan)	1	702595	97.0601
stomp N(soort,mv,basis)	1	702596	97.0603
stomp N(soort,ev,basis,zijd,stan)	1	702597	97.0604
stomdronken ADJ(vrij,basis,zonder)	1	702598	97.0605
stomachache N(soort,ev,basis,zijd,stan)	1	702599	97.0607
stomach TSW()	1	702600	97.0608
stomach SPEC(vreemd)	1	702601	97.061
stom ADJ(vrij,comp,zonder)	1	702602	97.0611
stolberglaan N(soort,ev,basis,zijd,stan)	1	702603	97.0612
stoken WW(inf,nom,zonder,zonder-n)	1	702604	97.0614
stokbrood N(soort,mv,basis)	1	702605	97.0615
stok N(soort,mv,dim)	1	702606	97.0617
stok N(soort,mv,basis)	1	702607	97.0618
stok N(soort,ev,basis,zijd,stan)	1	702608	97.0619
stofzuigerzak N(soort,mv,basis)	1	702609	97.0621
stofzuigeren WW(pv,tgw,ev)	1	702610	97.0622
stofzuigen WW(inf,vrij,zonder)	1	702611	97.0623
stoflong N(soort,ev,basis,zijd,stan)	1	702612	97.0625
stoffig ADJ(prenom,basis,met-e,stan)	1	702613	97.0626
stoffel N(soort,ev,basis,zijd,stan)	1	702614	97.0628
stof N(soort,mv,dim)	1	702615	97.0629
stoerheid N(soort,ev,basis,zijd,stan)	1	702616	97.063
stoeremannenclub N(soort,ev,basis,zijd,stan)	1	702617	97.0632
stoer ADJ(prenom,basis,met-e,stan)	1	702618	97.0633
stoepranden WW(od,nom,met-e,mv-n)	1	702619	97.0634
stoepklinker N(soort,mv,basis)	1	702620	97.0636
stoepa N(soort,ev,basis,zijd,stan)	1	702621	97.0637
stoemerik N(soort,ev,basis,zijd,stan)	1	702622	97.0639
stoeme ADJ(prenom,basis,met-e,stan)	1	702623	97.064
stoeln N(soort,ev,basis,zijd,stan)	1	702624	97.0641
stoefen WW(inf,vrij,zonder)	1	702625	97.0643
stockverkoop N(soort,ev,basis,zijd,stan)	1	702626	97.0644
stockholm ADJ(vrij,basis,zonder)	1	702627	97.0646
stock SPEC(vreemd)	1	702628	97.0647
stnr N(soort,ev,basis,zijd,stan)	1	702629	97.0648
stipt ADJ(prenom,basis,met-e,stan)	1	702630	97.065
stinker N(soort,mv,basis)	1	702631	97.0651
stinken WW(od,prenom,zonder)	1	702632	97.0652
sting N(soort,ev,basis,zijd,stan)	1	702633	97.0654
stimpy N(soort,ev,basis,zijd,stan)	1	702634	97.0655
stilvallen WW(vd,vrij,zonder)	1	702635	97.0657
stiltecoupe N(soort,ev,basis,zijd,stan)	1	702636	97.0658
stiltecoupe N(soort,ev,basis,onz,stan)	1	702637	97.0659
stilstand N(soort,ev,basis,zijd,stan)	1	702638	97.0661
stiletto N(soort,mv,basis)	1	702639	97.0662
stilaan BW()	1	702640	97.0663
stil ADJ(nom,basis,zonder,zonder-n)	1	702641	97.0665
stil ADJ(nom,basis,met-e,zonder-n,stan)	1	702642	97.0666
stikkapot N(soort,ev,basis,zijd,stan)	1	702643	97.0668
stikjaloers N(soort,mv,basis)	1	702644	97.0669
stikgezellig ADJ(vrij,basis,zonder)	1	702645	97.067
stik N(soort,ev,dim,onz,stan)	1	702646	97.0672
stijladvies BW()	1	702647	97.0673
stijging N(soort,ev,basis,zijd,stan)	1	702648	97.0675
stijgen WW(vd,vrij,zonder)	1	702649	97.0676
stijgen WW(pv,tgw,met-t)	1	702650	97.0677
stijgen WW(pv,tgw,ev)	1	702651	97.0679
stijgen WW(od,prenom,met-e)	1	702652	97.068
stij ADJ(prenom,basis,zonder)	1	702653	97.0681
stiil N(soort,ev,basis,zijd,stan)	1	702654	97.0683
stig SPEC(vreemd)	1	702655	97.0684
stig ADJ(vrij,basis,zonder)	1	702656	97.0686
stiffy SPEC(vreemd)	1	702657	97.0687
stiekemerd WW(vd,vrij,zonder)	1	702658	97.0688
stiekemerd N(soort,ev,basis,zijd,stan)	1	702659	97.069
stiekem ADJ(prenom,basis,met-e,stan)	1	702660	97.0691
stiefvader N(soort,ev,basis,zijd,stan)	1	702661	97.0692
stiefvader ADJ(vrij,comp,zonder)	1	702662	97.0694
stiefpapa N(soort,ev,basis,zijd,stan)	1	702663	97.0695
stiefpa N(soort,ev,basis,zijd,stan)	1	702664	97.0697
stiefbroer N(soort,ev,basis,zijd,stan)	1	702665	97.0698
sticks SPEC(vreemd)	1	702666	97.0699
sticker N(soort,mv,basis)	1	702667	97.0701
stick SPEC(vreemd)	1	702668	97.0702
stick ADJ(vrij,basis,zonder)	1	702669	97.0704
stichten WW(pv,tgw,ev)	1	702670	97.0705
steward N(soort,ev,basis,zijd,stan)	1	702671	97.0706
steven WW(vd,vrij,zonder)	1	702672	97.0708
steve N(soort,ev,basis,zijd,stan)	1	702673	97.0709
steunwiel N(soort,mv,dim)	1	702674	97.071
steunen WW(vd,vrij,zonder)	1	702675	97.0712
steunen WW(pv,tgw,mv)	1	702676	97.0713
stervens N(soort,mv,basis)	1	702677	97.0715
sterven WW(od,prenom,met-e)	1	702678	97.0716
sterven WW(inf,nom,zonder,zonder-n)	1	702679	97.0717
sterveling N(soort,mv,basis)	1	702680	97.0719
sterveling N(soort,ev,basis,zijd,stan)	1	702681	97.072
sterspeler N(soort,ev,basis,zijd,stan)	1	702682	97.0722
sterrenbeeld N(soort,mv,basis)	1	702683	97.0723
sterreke N(soort,ev,dim,onz,stan)	1	702684	97.0724
sterkt WW(vd,vrij,zonder)	1	702685	97.0726
sterk ADJ(prenom,sup,met-e,stan)	1	702686	97.0727
sterk ADJ(prenom,comp,met-e,stan)	1	702687	97.0728
steriliseren WW(vd,vrij,zonder)	1	702688	97.073
sterilisatie N(soort,ev,basis,zijd,stan)	1	702689	97.0731
sterfdag N(soort,ev,basis,zijd,stan)	1	702690	97.0733
ster N(soort,mv,dim)	1	702691	97.0734
ster N(soort,ev,dim,onz,stan)	1	702692	97.0735
steppen WW(inf,vrij,zonder)	1	702693	97.0737
stepmum SPEC(vreemd)	1	702694	97.0738
stephan SPEC(vreemd)	1	702695	97.0739
stencil N(soort,ev,basis,onz,stan)	1	702696	97.0741
stemronde N(soort,ev,basis,zijd,stan)	1	702697	97.0742
stemrecht N(soort,ev,basis,onz,stan)	1	702698	97.0744
stempel N(soort,mv,basis)	1	702699	97.0745
stembediening N(soort,ev,basis,zijd,stan)	1	702700	97.0746
stemband N(soort,ev,basis,zijd,stan)	1	702701	97.0748
stelletjesmonster N(soort,ev,basis,zijd,stan)	1	702702	97.0749
stellen WW(pv,verl,mv)	1	702703	97.0751
stella N(soort,ev,basis,zijd,stan)	1	702704	97.0752
stelen WW(inf,vrij,zonder)	1	702705	97.0753
stelebos ADJ(vrij,basis,zonder)	1	702706	97.0755
stel N(soort,mv,dim)	1	702707	97.0756
stekkie N(soort,ev,dim,onz,stan)	1	702708	97.0757
steken WW(pv,verl,ev)	1	702709	97.0759
steken WW(od,prenom,met-e)	1	702710	97.076
stekelenburg N(soort,ev,basis,zijd,stan)	1	702711	97.0762
stekeblind ADJ(vrij,basis,zonder)	1	702712	97.0763
stejaars N(soort,mv,basis)	1	702713	97.0764
steinar N(soort,ev,basis,zijd,stan)	1	702714	97.0766
steigerhout N(soort,ev,basis,zijd,stan)	1	702715	97.0767
steigerbouwer N(soort,mv,basis)	1	702716	97.0768
stefke N(soort,ev,dim,onz,stan)	1	702717	97.077
steffen WW(inf,vrij,zonder)	1	702718	97.0771
steffanie N(soort,ev,basis,onz,stan)	1	702719	97.0773
stefan N(soort,mv,basis)	1	702720	97.0774
stefan N(soort,ev,basis,onz,stan)	1	702721	97.0775
stef SPEC(vreemd)	1	702722	97.0777
stef ADJ(vrij,basis,zonder)	1	702723	97.0778
steenstrate N(soort,ev,basis,zijd,stan)	1	702724	97.078
steenkoud ADJ(vrij,basis,zonder)	1	702725	97.0781
steengrillen WW(inf,nom,zonder,zonder-n)	1	702726	97.0782
steengril N(soort,mv,basis)	1	702727	97.0784
steendood N(soort,ev,basis,onz,stan)	1	702728	97.0785
steenbok N(soort,ev,basis,zijd,stan)	1	702729	97.0786
steen N(soort,mv,basis)	1	702730	97.0788
steel N(soort,mv,dim)	1	702731	97.0789
steel N(soort,ev,basis,zijd,stan)	1	702732	97.0791
steeksleutel N(soort,ev,basis,zijd,stan)	1	702733	97.0792
steek N(soort,mv,basis)	1	702734	97.0793
steef N(soort,ev,basis,zijd,stan)	1	702735	97.0795
steef ADJ(vrij,basis,zonder)	1	702736	97.0796
stedentrip N(soort,ev,basis,zijd,stan)	1	702737	97.0797
stedentocht N(soort,ev,basis,zijd,stan)	1	702738	97.0799
stedenbouw N(soort,ev,basis,zijd,stan)	1	702739	97.08
steamer N(soort,ev,basis,zijd,stan)	1	702740	97.0802
steam N(soort,ev,basis,onz,stan)	1	702741	97.0803
steal SPEC(vreemd)	1	702742	97.0804
steak SPEC(vreemd)	1	702743	97.0806
steak N(soort,ev,basis,zijd,stan)	1	702744	97.0807
ste ADJ(prenom,sup,met-e,stan)	1	702745	97.0809
staying N(soort,ev,basis,zijd,stan)	1	702746	97.081
stayin SPEC(vreemd)	1	702747	97.0811
stayed SPEC(vreemd)	1	702748	97.0813
statuut N(soort,mv,basis)	1	702749	97.0814
statuut N(soort,ev,basis,onz,stan)	1	702750	97.0815
status.mobilevikings.be SPEC(symb)	1	702751	97.0817
status SPEC(vreemd)	1	702752	97.0818
statue SPEC(vreemd)	1	702753	97.082
statistisch ADJ(vrij,basis,zonder)	1	702754	97.0821
statistiekcursus N(soort,ev,basis,zijd,stan)	1	702755	97.0822
statistiekboek N(soort,ev,basis,onz,stan)	1	702756	97.0824
statistics N(soort,ev,basis,zijd,stan)	1	702757	97.0825
statistical N(soort,ev,basis,zijd,stan)	1	702758	97.0826
stationsweg BW()	1	702759	97.0828
stationsrest N(soort,ev,basis,zijd,stan)	1	702760	97.0829
stationsplein N(soort,ev,basis,onz,stan)	1	702761	97.0831
stationskant N(soort,ev,basis,zijd,stan)	1	702762	97.0832
stationskant N(soort,ev,basis,onz,stan)	1	702763	97.0833
stationeren WW(vd,prenom,met-e)	1	702764	97.0835
statiegeldmeuk N(soort,ev,basis,zijd,stan)	1	702765	97.0836
statiegeld N(soort,ev,basis,onz,stan)	1	702766	97.0838
statiegeld ADJ(vrij,basis,zonder)	1	702767	97.0839
states SPEC(vreemd)	1	702768	97.084
statenlaan N(soort,ev,basis,zijd,stan)	1	702769	97.0842
statement N(soort,mv,basis)	1	702770	97.0843
stated SPEC(vreemd)	1	702771	97.0844
state SPEC(vreemd)	1	702772	97.0846
statafel N(soort,ev,basis,zijd,stan)	1	702773	97.0847
stat SPEC(vreemd)	1	702774	97.0849
startschot N(soort,ev,basis,onz,stan)	1	702775	97.085
startlijst N(soort,ev,basis,zijd,stan)	1	702776	97.0851
starten WW(pv,verl,ev)	1	702777	97.0853
startblok N(soort,mv,basis)	1	702778	97.0854
start-schotte N(soort,ev,basis,onz,stan)	1	702779	97.0856
start SPEC(vreemd)	1	702780	97.0857
start SPEC(deeleigen)	1	702781	97.0858
starmovies N(soort,mv,basis)	1	702782	97.086
staren WW(pv,tgw,mv)	1	702783	97.0861
staren WW(inf,nom,zonder,zonder-n)	1	702784	97.0862
stardag N(soort,ev,basis,zijd,stan)	1	702785	97.0864
star ADJ(vrij,basis,zonder)	1	702786	97.0865
stappen WW(pv,verl,mv)	1	702787	97.0867
stappen WW(inf,nom,zonder,zonder-n)	1	702788	97.0868
stappe ADJ(prenom,basis,met-e,stan)	1	702789	97.0869
stapma N(soort,ev,dim,onz,stan)	1	702790	97.0871
stapleton N(soort,mv,basis)	1	702791	97.0872
stapkleed N(soort,mv,basis)	1	702792	97.0873
stapelen WW(vd,vrij,zonder)	1	702793	97.0875
stapelen WW(pv,verl,ev)	1	702794	97.0876
stap N(soort,mv,dim)	1	702795	97.0878
standaardwaarde N(soort,mv,basis)	1	702796	97.0879
standaardmaat N(soort,mv,basis)	1	702797	97.088
standaard N(soort,mv,basis)	1	702798	97.0882
standaard ADJ(vrij,basis,zonder)	1	702799	97.0883
standaard ADJ(prenom,basis,zonder)	1	702800	97.0885
stand N(soort,mv,basis)	1	702801	97.0886
stampen WW(pv,tgw,ev)	1	702802	97.0887
stamlid N(soort,mv,basis)	1	702803	97.0889
stamcafe N(soort,ev,basis,zijd,stan)	1	702804	97.089
stalpoot N(soort,mv,basis)	1	702805	97.0891
stalling N(soort,ev,basis,zijd,stan)	1	702806	97.0893
stalking N(soort,ev,basis,zijd,stan)	1	702807	97.0894
stalker SPEC(vreemd)	1	702808	97.0896
stalker N(soort,mv,basis)	1	702809	97.0897
stalken WW(pv,verl,ev)	1	702810	97.0898
stalken N(soort,mv,basis)	1	702811	97.09
stalked SPEC(vreemd)	1	702812	97.0901
staks N(soort,mv,basis)	1	702813	97.0902
staking N(soort,mv,basis)	1	702814	97.0904
stakerspiket N(soort,ev,basis,onz,stan)	1	702815	97.0905
staken WW(pv,tgw,met-t)	1	702816	97.0907
staken WW(pv,tgw,ev)	1	702817	97.0908
staken WW(inf,vrij,zonder)	1	702818	97.0909
stairs SPEC(vreemd)	1	702819	97.0911
staion SPEC(vreemd)	1	702820	97.0912
stagevoorstelling N(soort,ev,basis,zijd,stan)	1	702821	97.0914
stageverdediging N(soort,ev,basis,zijd,stan)	1	702822	97.0915
stagepresentatie N(soort,ev,basis,zijd,stan)	1	702823	97.0916
stagenieuws N(soort,mv,basis)	1	702824	97.0918
stagegids ADJ(vrij,basis,zonder)	1	702825	97.0919
stagegedrag N(soort,ev,basis,onz,stan)	1	702826	97.092
stagedag N(soort,ev,dim,onz,stan)	1	702827	97.0922
stagebegeleider N(soort,ev,basis,zijd,stan)	1	702828	97.0923
stageairs N(soort,mv,basis)	1	702829	97.0925
stage N(soort,mv,basis)	1	702830	97.0926
stag WW(pv,verl,ev)	1	702831	97.0927
staf N(soort,ev,basis,zijd,stan)	1	702832	97.0929
stadt N(soort,ev,basis,zijd,stan)	1	702833	97.093
stadswerker N(soort,ev,basis,zijd,stan)	1	702834	97.0931
stadsspel N(soort,mv,basis)	1	702835	97.0933
stadsspel N(soort,ev,basis,onz,stan)	1	702836	97.0934
stadskantoor N(soort,ev,basis,zijd,stan)	1	702837	97.0936
stadskantoor N(soort,ev,basis,onz,stan)	1	702838	97.0937
stadsbus N(soort,mv,basis)	1	702839	97.0938
stadsbrink WW(pv,verl,ev)	1	702840	97.094
stadium N(soort,mv,basis)	1	702841	97.0941
stadhuisstraat N(soort,ev,basis,onz,stan)	1	702842	97.0943
stadhuis N(soort,ev,basis,onz,stan)	1	702843	97.0944
staden N(soort,mv,basis)	1	702844	97.0945
stabiel ADJ(prenom,basis,zonder)	1	702845	97.0947
staatsloterij N(soort,ev,basis,zijd,stan)	1	702846	97.0948
staatslot N(soort,ev,basis,onz,stan)	1	702847	97.0949
staartjes-safe N(soort,ev,dim,onz,stan)	1	702848	97.0951
staargedrag N(soort,ev,basis,onz,stan)	1	702849	97.0952
staandegehouden WW(pv,tgw,mv)	1	702850	97.0954
staan WW(inf,nom,zonder,zonder-n)	1	702851	97.0955
staal N(soort,mv,dim)	1	702852	97.0956
staal N(soort,ev,basis,onz,stan)	1	702853	97.0958
staafmixer N(soort,ev,basis,zijd,stan)	1	702854	97.0959
staa N(soort,ev,basis,zijd,stan)	1	702855	97.096
sta-pel-en N(soort,mv,basis)	1	702856	97.0962
sst WW(vd,vrij,zonder)	1	702857	97.0963
sst ADJ(vrij,basis,zonder)	1	702858	97.0965
ssstt N(soort,ev,basis,zijd,stan)	1	702859	97.0966
ssst N(soort,ev,basis,zijd,stan)	1	702860	97.0967
ssssssht N(soort,ev,basis,zijd,stan)	1	702861	97.0969
sshn N(soort,ev,basis,zijd,stan)	1	702862	97.097
ssc N(soort,ev,basis,onz,stan)	1	702863	97.0972
sruurden N(soort,mv,basis)	1	702864	97.0973
srry SPEC(vreemd)	1	702865	97.0974
srry N(soort,ev,basis,zijd,stan)	1	702866	97.0976
srr N(soort,ev,basis,zijd,stan)	1	702867	97.0977
squeeze SPEC(vreemd)	1	702868	97.0978
squatters SPEC(vreemd)	1	702869	97.098
squashweddenschap N(soort,ev,basis,zijd,stan)	1	702870	97.0981
squashracket N(soort,ev,basis,onz,stan)	1	702871	97.0983
squashing SPEC(vreemd)	1	702872	97.0984
square N(soort,ev,basis,zijd,stan)	1	702873	97.0985
spÃ© N(soort,ev,basis,zijd,stan)	1	702874	97.0987
spÃ¤tig N(soort,ev,basis,zijd,stan)	1	702875	97.0988
spÃ¤ter N(soort,ev,basis,zijd,stan)	1	702876	97.099
spytig ADJ(vrij,basis,zonder)	1	702877	97.0991
spy SPEC(deeleigen)	1	702878	97.0992
spuugslecht ADJ(vrij,basis,zonder)	1	702879	97.0994
spuugn WW(inf,vrij,zonder)	1	702880	97.0995
spuughetti N(soort,ev,basis,zijd,stan)	1	702881	97.0996
spurt N(soort,ev,basis,zijd,stan)	1	702882	97.0998
spulln N(soort,mv,basis)	1	702883	97.0999
spuitkaas N(soort,ev,basis,onz,stan)	1	702884	97.1001
spuitje N(soort,mv,dim)	1	702885	97.1002
spuit N(soort,mv,basis)	1	702886	97.1003
spuit N(soort,ev,basis,zijd,stan)	1	702887	97.1005
spugen WW(pv,verl,ev)	1	702888	97.1006
spugen WW(pv,tgw,met-t)	1	702889	97.1007
spugen WW(pv,tgw,ev)	1	702890	97.1009
spu N(soort,ev,dim,onz,stan)	1	702891	97.101
spteek WW(pv,tgw,ev)	1	702892	97.1012
spss N(soort,mv,basis)	1	702893	97.1013
sprookje N(soort,mv,dim)	1	702894	97.1014
sprong N(soort,mv,basis)	1	702895	97.1016
sproeien WW(inf,vrij,zonder)	1	702896	97.1017
sprinter N(soort,ev,basis,zijd,stan)	1	702897	97.1019
sprinten WW(vd,vrij,zonder)	1	702898	97.102
sprint N(soort,ev,basis,zijd,stan)	1	702899	97.1021
sprinkasteel N(soort,ev,basis,onz,stan)	1	702900	97.1023
springuur N(soort,mv,basis)	1	702901	97.1024
springn WW(pv,tgw,mv)	1	702902	97.1025
springlevend ADJ(vrij,basis,zonder)	1	702903	97.1027
springkasteel N(soort,ev,basis,onz,stan)	1	702904	97.1028
springen WW(pv,tgw,met-t)	1	702905	97.103
springen WW(od,prenom,met-e)	1	702906	97.1031
springbreakparty.nl SPEC(symb)	1	702907	97.1032
spring.in SPEC(symb)	1	702908	97.1034
spriet N(soort,ev,dim,onz,stan)	1	702909	97.1035
sprekrn WW(inf,vrij,zonder)	1	702910	97.1036
sprekn WW(pv,tgw,mv)	1	702911	97.1038
sprekn N(soort,ev,basis,zijd,stan)	1	702912	97.1039
spreekuur N(soort,ev,basis,onz,stan)	1	702913	97.1041
spreektempo N(soort,ev,basis,onz,stan)	1	702914	97.1042
spreekbeurt N(soort,ev,basis,zijd,stan)	1	702915	97.1043
sprechen WW(inf,vrij,zonder)	1	702916	97.1045
spreaks SPEC(vreemd)	1	702917	97.1046
spray N(soort,ev,basis,zijd,stan)	1	702918	97.1048
sprankelend ADJ(vrij,basis,zonder)	1	702919	97.1049
spraakpathologie N(soort,ev,basis,zijd,stan)	1	702920	97.105
spraakbesturing N(soort,ev,basis,zijd,stan)	1	702921	97.1052
spr N(soort,ev,dim,onz,stan)	1	702922	97.1053
sppntaan ADJ(prenom,basis,met-e,stan)	1	702923	97.1054
spotify N(soort,ev,basis,zijd,stan)	1	702924	97.1056
sportzak N(soort,ev,basis,zijd,stan)	1	702925	97.1057
sportweekend N(soort,ev,basis,onz,stan)	1	702926	97.1059
sportvrouw N(soort,ev,basis,zijd,stan)	1	702927	97.106
sportuitslagen N(soort,mv,basis)	1	702928	97.1061
sportspul N(soort,mv,basis)	1	702929	97.1063
sports N(soort,ev,basis,onz,stan)	1	702930	97.1064
sportplan N(soort,mv,basis)	1	702931	97.1065
sportpaleis N(soort,ev,basis,onz,stan)	1	702932	97.1067
sportpak N(soort,ev,dim,onz,stan)	1	702933	97.1068
sportmarkt N(soort,ev,basis,zijd,stan)	1	702934	97.107
sportkleren WW(inf,vrij,zonder)	1	702935	97.1071
sportkleren N(soort,mv,dim)	1	702936	97.1072
sportkleding N(soort,ev,basis,zijd,stan)	1	702937	97.1074
sportkaartvrije N(soort,ev,dim,onz,stan)	1	702938	97.1075
sportief ADJ(prenom,basis,zonder)	1	702939	97.1077
sportief ADJ(nom,comp,met-e,zonder-n,stan)	1	702940	97.1078
sporthal N(soort,ev,basis,zijd,stan)	1	702941	97.1079
sportgerief N(soort,ev,basis,onz,stan)	1	702942	97.1081
sporten WW(pv,tgw,mv)	1	702943	97.1082
sportbroek N(soort,ev,basis,zijd,stan)	1	702944	97.1083
sportband N(soort,mv,dim)	1	702945	97.1085
sporen WW(inf,vrij,zonder)	1	702946	97.1086
spoorweg N(soort,mv,basis)	1	702947	97.1088
spoormans N(soort,ev,basis,zijd,stan)	1	702948	97.1089
spoorkuil N(soort,ev,basis,zijd,stan)	1	702949	97.109
spoorbrug N(soort,ev,basis,zijd,stan)	1	702950	97.1092
spoon SPEC(vreemd)	1	702951	97.1093
spooks N(soort,mv,basis)	1	702952	97.1094
spook N(soort,ev,basis,onz,stan)	1	702953	97.1096
sponsoren WW(vd,vrij,zonder)	1	702954	97.1097
sponsoren WW(vd,prenom,met-e)	1	702955	97.1099
sponsoren WW(pv,tgw,mv)	1	702956	97.11
spons N(soort,mv,dim)	1	702957	97.1101
spongebob ADJ(vrij,basis,zonder)	1	702958	97.1103
spoken WW(pv,tgw,met-t)	1	702959	97.1104
spoke SPEC(vreemd)	1	702960	97.1106
spoelen WW(pv,tgw,met-t)	1	702961	97.1107
spoelen WW(inf,vrij,zonder)	1	702962	97.1108
spoedvergadering N(soort,ev,basis,zijd,stan)	1	702963	97.111
spoedeisend ADJ(prenom,basis,met-e,stan)	1	702964	97.1111
spoedcursus N(soort,ev,basis,zijd,stan)	1	702965	97.1112
spoedafdeling N(soort,ev,basis,zijd,stan)	1	702966	97.1114
splitten WW(inf,nom,zonder,zonder-n)	1	702967	97.1115
splitsing N(soort,ev,basis,zijd,stan)	1	702968	97.1117
splitsen WW(inf,vrij,zonder)	1	702969	97.1118
splinternieuw ADJ(prenom,basis,met-e,stan)	1	702970	97.1119
splinter N(soort,ev,basis,zijd,stan)	1	702971	97.1121
spjannen WW(od,vrij,zonder)	1	702972	97.1122
spitsbergen WW(pv,verl,mv)	1	702973	97.1124
spitburger ADJ(prenom,comp,zonder)	1	702974	97.1125
spit N(soort,ev,basis,onz,stan)	1	702975	97.1126
spirt N(soort,mv,basis)	1	702976	97.1128
spirit SPEC(deeleigen)	1	702977	97.1129
spirit N(soort,ev,basis,zijd,stan)	1	702978	97.113
spion N(soort,mv,basis)	1	702979	97.1132
spinvis SPEC(deeleigen)	1	702980	97.1133
spinvis N(soort,ev,basis,zijd,stan)	1	702981	97.1135
spinnewyns N(soort,mv,basis)	1	702982	97.1136
spinnewyns ADJ(vrij,basis,zonder)	1	702983	97.1137
spinnewyn N(soort,mv,basis)	1	702984	97.1139
spinneke N(soort,ev,dim,onz,stan)	1	702985	97.114
spinazi N(soort,ev,basis,zijd,stan)	1	702986	97.1141
spin N(soort,mv,basis)	1	702987	97.1143
spin N(soort,ev,basis,zijd,stan)	1	702988	97.1144
spil N(soort,ev,basis,zijd,stan)	1	702989	97.1146
spiksplinternieuw ADJ(prenom,basis,met-e,stan)	1	702990	97.1147
spikkel N(soort,mv,basis)	1	702991	97.1148
spijkerbroek N(soort,ev,basis,zijd,stan)	1	702992	97.115
spijker N(soort,mv,basis)	1	702993	97.1151
spierpijngel WW(pv,tgw,ev)	1	702994	97.1153
spiermoeheid N(soort,ev,basis,zijd,stan)	1	702995	97.1154
spierings N(soort,mv,basis)	1	702996	97.1155
spier N(soort,mv,basis)	1	702997	97.1157
spier N(soort,ev,basis,zijd,stan)	1	702998	97.1158
spieken WW(vd,vrij,zonder)	1	702999	97.1159
spieken WW(inf,vrij,zonder)	1	703000	97.1161
spieghel N(soort,ev,basis,zijd,stan)	1	703001	97.1162
spiegelreflex N(soort,ev,basis,zijd,stan)	1	703002	97.1164
spiegelincident N(soort,ev,basis,onz,stan)	1	703003	97.1165
spiegel N(soort,ev,dim,onz,stan)	1	703004	97.1166
spider SPEC(vreemd)	1	703005	97.1168
speuren WW(inf,vrij,zonder)	1	703006	97.1169
speulen WW(inf,vrij,zonder)	1	703007	97.117
spettie N(soort,ev,basis,zijd,stan)	1	703008	97.1172
spetteren WW(pv,tgw,met-t)	1	703009	97.1173
spetteren WW(inf,vrij,zonder)	1	703010	97.1175
sperzieboon N(soort,mv,basis)	1	703011	97.1176
spermalie N(soort,ev,basis,zijd,stan)	1	703012	97.1177
spends N(soort,mv,basis)	1	703013	97.1179
spenderen WW(pv,tgw,ev)	1	703014	97.118
spelvorm N(soort,ev,basis,zijd,stan)	1	703015	97.1182
speln WW(inf,vrij,zonder)	1	703016	97.1183
spellingshorror N(soort,ev,basis,zijd,stan)	1	703017	97.1184
spelletjesavond WW(vd,vrij,zonder)	1	703018	97.1186
spellenclub N(soort,ev,basis,zijd,stan)	1	703019	97.1187
spellenavond WW(pv,verl,ev)	1	703020	97.1188
spelkledij N(soort,ev,basis,zijd,stan)	1	703021	97.119
spelkeuze N(soort,ev,basis,zijd,stan)	1	703022	97.1191
spelet N(soort,ev,dim,onz,stan)	1	703023	97.1193
spele N(soort,ev,basis,zijd,stan)	1	703024	97.1194
speldenmeebrengen WW(inf,vrij,zonder)	1	703025	97.1195
spel ADJ(nom,basis,met-e,zonder-n,stan)	1	703026	97.1197
spekkeboer N(soort,ev,basis,zijd,stan)	1	703027	97.1198
spekglad WW(vd,vrij,zonder)	1	703028	97.1199
spefifiek ADJ(prenom,basis,met-e,stan)	1	703029	97.1201
speer N(soort,ev,basis,zijd,stan)	1	703030	97.1202
speen N(soort,mv,basis)	1	703031	97.1204
speeltuin N(soort,ev,dim,onz,stan)	1	703032	97.1205
speeltje N(soort,mv,dim)	1	703033	97.1206
speelster N(soort,ev,basis,zijd,stan)	1	703034	97.1208
speelkameraad N(soort,ev,dim,onz,stan)	1	703035	97.1209
speelgoedwinkel N(soort,ev,basis,zijd,stan)	1	703036	97.1211
speelfilm N(soort,ev,basis,zijd,stan)	1	703037	97.1212
speelervaring N(soort,ev,basis,zijd,stan)	1	703038	97.1213
speelbos N(soort,ev,basis,onz,stan)	1	703039	97.1215
speel-o-theek N(soort,ev,basis,zijd,stan)	1	703040	97.1216
speekselspeeksel N(soort,ev,basis,onz,stan)	1	703041	97.1217
speeksel SPEC(vreemd)	1	703042	97.1219
speedgebruiker N(soort,ev,basis,zijd,stan)	1	703043	97.122
speech SPEC(vreemd)	1	703044	97.1222
speculoos N(soort,ev,basis,zijd,stan)	1	703045	97.1223
specs ADJ(vrij,basis,zonder)	1	703046	97.1224
specifieren WW(inf,vrij,zonder)	1	703047	97.1226
specifiek ADJ(vrij,comp,zonder)	1	703048	97.1227
specificatie N(soort,ev,basis,zijd,stan)	1	703049	97.1228
specialiteit N(soort,mv,basis)	1	703050	97.123
specialisatie N(soort,ev,basis,zijd,stan)	1	703051	97.1231
speciaalbieravond N(soort,ev,basis,zijd,stan)	1	703052	97.1233
speciaalbier N(soort,mv,dim)	1	703053	97.1234
speciaal N(soort,ev,basis,zijd,stan)	1	703054	97.1235
spec N(soort,ev,basis,zijd,stan)	1	703055	97.1237
spear N(soort,ev,basis,zijd,stan)	1	703056	97.1238
speaking SPEC(vreemd)	1	703057	97.124
speaking N(soort,ev,basis,zijd,stan)	1	703058	97.1241
speakers SPEC(vreemd)	1	703059	97.1242
speak SPEC(vreemd)	1	703060	97.1244
spe SPEC(vreemd)	1	703061	97.1245
spatie N(soort,mv,basis)	1	703062	97.1246
spatie N(soort,ev,basis,zijd,stan)	1	703063	97.1248
spatader N(soort,ev,basis,zijd,stan)	1	703064	97.1249
spass ADJ(vrij,basis,zonder)	1	703065	97.1251
sparrow N(soort,ev,basis,zijd,stan)	1	703066	97.1252
spareribs SPEC(vreemd)	1	703067	97.1253
sparen WW(vd,vrij,zonder)	1	703068	97.1255
sparen WW(pv,verl,ev)	1	703069	97.1256
sparen WW(pv,tgw,mv)	1	703070	97.1258
sparen WW(inf,nom,zonder,zonder-n)	1	703071	97.1259
spannend N(soort,ev,basis,zijd,stan)	1	703072	97.126
spannend ADJ(prenom,sup,met-e,stan)	1	703073	97.1262
spannend ADJ(prenom,comp,met-e,stan)	1	703074	97.1263
spannend ADJ(prenom,basis,zonder)	1	703075	97.1264
spannend ADJ(postnom,basis,met-s)	1	703076	97.1266
spanjaarden N(soort,mv,basis)	1	703077	97.1267
spanish N(soort,ev,basis,zijd,stan)	1	703078	97.1269
spangas N(soort,ev,basis,onz,stan)	1	703079	97.127
spamt WW(vd,vrij,zonder)	1	703080	97.1271
spammerdespam N(soort,ev,basis,zijd,stan)	1	703081	97.1273
spammer N(soort,ev,basis,zijd,stan)	1	703082	97.1274
spammen WW(inf,vrij,zonder)	1	703083	97.1275
spam-macaroni N(soort,ev,basis,zijd,stan)	1	703084	97.1277
spakes N(soort,mv,dim)	1	703085	97.1278
spaghettisaus N(soort,ev,basis,zijd,stan)	1	703086	97.128
spaghettisaus ADJ(vrij,basis,zonder)	1	703087	97.1281
spacecake N(soort,ev,basis,zijd,stan)	1	703088	97.1282
spaarzaam ADJ(vrij,basis,zonder)	1	703089	97.1284
spaarpot N(soort,ev,basis,zijd,stan)	1	703090	97.1285
spaarlamp N(soort,mv,basis)	1	703091	97.1287
spaarlamp N(soort,ev,basis,zijd,stan)	1	703092	97.1288
spaarkas N(soort,ev,basis,zijd,stan)	1	703093	97.1289
spaarboekje N(soort,ev,dim,onz,stan)	1	703094	97.1291
spaarbekken N(soort,ev,basis,onz,stan)	1	703095	97.1292
spaarbank N(soort,ev,basis,zijd,stan)	1	703096	97.1293
spaak N(soort,ev,basis,zijd,stan)	1	703097	97.1295
sp WW(pv,tgw,ev)	1	703098	97.1296
sp SPEC(vreemd)	1	703099	97.1298
sowry SPEC(vreemd)	1	703100	97.1299
sow WW(pv,tgw,ev)	1	703101	97.13
souvenir ADJ(vrij,basis,zonder)	1	703102	97.1302
souschef N(soort,ev,basis,zijd,stan)	1	703103	97.1303
sousafoon N(soort,ev,basis,zijd,stan)	1	703104	97.1304
source SPEC(vreemd)	1	703105	97.1306
soup N(soort,ev,basis,zijd,stan)	1	703106	97.1307
soundtrack N(soort,ev,basis,zijd,stan)	1	703107	97.1309
sounds SPEC(vreemd)	1	703108	97.131
sounds N(soort,ev,basis,zijd,stan)	1	703109	97.1311
sounds ADJ(postnom,basis,met-s)	1	703110	97.1313
soundcheckr WW(vd,vrij,zonder)	1	703111	97.1314
sound SPEC(deeleigen)	1	703112	97.1316
sound N(soort,mv,basis)	1	703113	97.1317
sound N(soort,ev,basis,zijd,stan)	1	703114	97.1318
soulfly N(soort,ev,basis,zijd,stan)	1	703115	97.132
soul N(soort,ev,basis,zijd,stan)	1	703116	97.1321
souhaite SPEC(vreemd)	1	703117	97.1322
sossen WW(inf,vrij,zonder)	1	703118	97.1324
sos WW(pv,tgw,ev)	1	703119	97.1325
sortof N(soort,ev,basis,zijd,stan)	1	703120	97.1327
sorteren WW(inf,nom,zonder,zonder-n)	1	703121	97.1328
sorryyy SPEC(vreemd)	1	703122	97.1329
sorry SPEC(deeleigen)	1	703123	97.1331
sorrv SPEC(vreemd)	1	703124	97.1332
sorriekus N(soort,ev,dim,onz,stan)	1	703125	97.1333
sorray N(soort,ev,basis,zijd,stan)	1	703126	97.1335
sorrat N(soort,ev,basis,onz,stan)	1	703127	97.1336
sorey N(soort,ev,basis,onz,stan)	1	703128	97.1338
sorce N(soort,ev,basis,zijd,stan)	1	703129	97.1339
sophisticated SPEC(vreemd)	1	703130	97.134
sop N(soort,ev,basis,zijd,stan)	1	703131	97.1342
sop N(soort,ev,basis,onz,stan)	1	703132	97.1343
soortgelijk ADJ(prenom,basis,met-e,stan)	1	703133	97.1345
sooooo SPEC(vreemd)	1	703134	97.1346
soonish SPEC(vreemd)	1	703135	97.1347
soon ADJ(vrij,basis,zonder)	1	703136	97.1349
soo SPEC(vreemd)	1	703137	97.135
sony SPEC(deeleigen)	1	703138	97.1351
sony N(soort,ev,basis,zijd,stan)	1	703139	97.1353
sonsbeek N(soort,ev,basis,zijd,stan)	1	703140	97.1354
songwriter ADJ(vrij,comp,zonder)	1	703141	97.1356
son SPEC(vreemd)	1	703142	97.1357
son N(soort,mv,basis)	1	703143	97.1358
sommig VNW(onbep,det,stan,nom,met-e,mv-n)	1	703144	97.136
sommes SPEC(vreemd)	1	703145	97.1361
someplace SPEC(vreemd)	1	703146	97.1362
someone N(soort,ev,basis,zijd,stan)	1	703147	97.1364
somehow N(soort,ev,basis,zijd,stan)	1	703148	97.1365
sombrero N(soort,ev,basis,zijd,stan)	1	703149	97.1367
som N(soort,mv,basis)	1	703150	97.1368
solveld WW(vd,vrij,zonder)	1	703151	97.1369
solution N(soort,ev,basis,zijd,stan)	1	703152	97.1371
solsleutel N(soort,ev,basis,zijd,stan)	1	703153	97.1372
solo N(soort,mv,basis)	1	703154	97.1374
solliciteren WW(pv,tgw,ev)	1	703155	97.1375
sollicitatiegesprek N(soort,mv,basis)	1	703156	97.1376
sollicitatieformulier N(soort,ev,basis,onz,stan)	1	703157	97.1378
sollicitatieding N(soort,mv,basis)	1	703158	97.1379
sollicitant N(soort,ev,basis,zijd,stan)	1	703159	97.138
sollicatie N(soort,ev,basis,zijd,stan)	1	703160	97.1382
soll SPEC(vreemd)	1	703161	97.1383
solist N(soort,mv,basis)	1	703162	97.1385
solidair ADJ(vrij,basis,zonder)	1	703163	97.1386
solid N(soort,ev,basis,zijd,stan)	1	703164	97.1387
solex-tocht N(soort,ev,dim,onz,stan)	1	703165	97.1389
soleil SPEC(deeleigen)	1	703166	97.139
soldlen WW(vd,vrij,zonder)	1	703167	97.1392
solderen WW(vd,vrij,zonder)	1	703168	97.1393
soldenaanwinst N(soort,mv,basis)	1	703169	97.1394
soit SPEC(vreemd)	1	703170	97.1396
soirÃ©e SPEC(vreemd)	1	703171	97.1397
soigneren WW(pv,tgw,ev)	1	703172	97.1398
soigneren WW(inf,vrij,zonder)	1	703173	97.14
sog-activitei N(soort,ev,dim,onz,stan)	1	703174	97.1401
sog N(soort,ev,basis,zijd,stan)	1	703175	97.1403
software-aanpassing N(soort,ev,basis,zijd,stan)	1	703176	97.1404
softie N(soort,ev,basis,zijd,stan)	1	703177	97.1405
softbox N(soort,ev,basis,zijd,stan)	1	703178	97.1407
softbalveld N(soort,ev,basis,onz,stan)	1	703179	97.1408
softbaltastisch ADJ(prenom,basis,zonder)	1	703180	97.1409
softbal N(soort,ev,basis,onz,stan)	1	703181	97.1411
soete N(soort,ev,basis,zijd,stan)	1	703182	97.1412
soesafoon SPEC(vreemd)	1	703183	97.1414
soepelheid N(soort,ev,basis,zijd,stan)	1	703184	97.1415
soepel ADJ(vrij,comp,zonder)	1	703185	97.1416
soepbakje N(soort,ev,dim,onz,stan)	1	703186	97.1418
soep SPEC(vreemd)	1	703187	97.1419
sodexonummer N(soort,ev,basis,onz,stan)	1	703188	97.1421
socks SPEC(vreemd)	1	703189	97.1422
socializing N(soort,ev,basis,zijd,stan)	1	703190	97.1423
socializen WW(inf,vrij,zonder)	1	703191	97.1425
socializen WW(inf,nom,zonder,zonder-n)	1	703192	97.1426
socialis N(soort,mv,basis)	1	703193	97.1427
sociaal ADJ(vrij,basis,zonder)	1	703194	97.1429
sochtends N(soort,mv,basis)	1	703195	97.143
soc. SPEC(afk)	1	703196	97.1432
soc SPEC(vreemd)	1	703197	97.1433
soc N(soort,ev,basis,zijd,stan)	1	703198	97.1434
sober ADJ(vrij,basis,zonder)	1	703199	97.1436
soap SPEC(vreemd)	1	703200	97.1437
soa N(soort,mv,basis)	1	703201	97.1438
so-so N(soort,mv,basis)	1	703202	97.144
so'n N(soort,ev,basis,onz,stan)	1	703203	97.1441
snurker N(soort,mv,basis)	1	703204	97.1443
snurk N(soort,ev,basis,zijd,stan)	1	703205	97.1444
snuiven WW(inf,vrij,zonder)	1	703206	97.1445
snuisteren WW(inf,vrij,zonder)	1	703207	97.1447
snuister ADJ(vrij,comp,zonder)	1	703208	97.1448
snuifzout WW(pv,verl,ev)	1	703209	97.145
snugger ADJ(vrij,basis,zonder)	1	703210	97.1451
snowboarden WW(inf,vrij,zonder)	1	703211	97.1452
snowboarden WW(inf,nom,zonder,zonder-n)	1	703212	97.1454
snow SPEC(vreemd)	1	703213	97.1455
snotterig ADJ(vrij,basis,zonder)	1	703214	97.1456
snotteren WW(vd,vrij,zonder)	1	703215	97.1458
snotteren WW(inf,vrij,zonder)	1	703216	97.1459
snotter N(soort,ev,basis,zijd,stan)	1	703217	97.1461
snottebel N(soort,ev,basis,zijd,stan)	1	703218	97.1462
snotneus N(soort,ev,basis,zijd,stan)	1	703219	97.1463
snot N(soort,ev,basis,zijd,stan)	1	703220	97.1465
snot N(soort,ev,basis,onz,stan)	1	703221	97.1466
snorrie N(soort,ev,basis,zijd,stan)	1	703222	97.1467
snorreken N(soort,ev,basis,zijd,stan)	1	703223	97.1469
snorkelen WW(inf,vrij,zonder)	1	703224	97.147
snor-tas N(soort,mv,basis)	1	703225	97.1472
snooze ADJ(prenom,basis,met-e,stan)	1	703226	97.1473
snookeren WW(inf,nom,zonder,zonder-n)	1	703227	97.1474
snookerclub N(soort,ev,basis,zijd,stan)	1	703228	97.1476
snoodaard N(soort,ev,basis,zijd,stan)	1	703229	97.1477
snoer N(soort,ev,dim,onz,stan)	1	703230	97.1479
snoepverkoop N(soort,ev,basis,zijd,stan)	1	703231	97.148
snoepie N(soort,ev,basis,zijd,stan)	1	703232	97.1481
snoepen WW(inf,vrij,zonder)	1	703233	97.1483
snoep N(soort,ev,dim,onz,stan)	1	703234	97.1484
snoek N(soort,mv,basis)	1	703235	97.1485
snoeihard ADJ(vrij,basis,zonder)	1	703236	97.1487
snipelepipke N(soort,ev,dim,onz,stan)	1	703237	97.1488
snikheet N(soort,ev,basis,onz,stan)	1	703238	97.149
snik N(soort,mv,basis)	1	703239	97.1491
snik N(soort,ev,basis,zijd,stan)	1	703240	97.1492
sniffen WW(pv,tgw,ev)	1	703241	97.1494
snietske N(soort,ev,dim,onz,stan)	1	703242	97.1495
snickersijs ADJ(vrij,basis,zonder)	1	703243	97.1496
sneuvelen WW(pv,tgw,ev)	1	703244	97.1498
sneu N(soort,mv,dim)	1	703245	97.1499
sneppe N(soort,mv,basis)	1	703246	97.1501
snels N(soort,mv,basis)	1	703247	97.1502
snellerden WW(vd,vrij,zonder)	1	703248	97.1503
snellen WW(inf,vrij,zonder)	1	703249	97.1505
sneldienstbus SPEC(deeleigen)	1	703250	97.1506
sneldam N(soort,ev,basis,onz,stan)	1	703251	97.1508
snelcursus N(soort,ev,basis,zijd,stan)	1	703252	97.1509
snelcurcus N(soort,ev,basis,zijd,stan)	1	703253	97.151
snelbus N(soort,ev,basis,zijd,stan)	1	703254	97.1512
snel ADJ(nom,sup,met-e,zonder-n,stan)	1	703255	97.1513
sneeuwscooter N(soort,ev,basis,zijd,stan)	1	703256	97.1514
sneeuwig ADJ(vrij,basis,zonder)	1	703257	97.1516
sneeuwhoogte.nl SPEC(symb)	1	703258	97.1517
sneeuwhappert N(soort,ev,basis,zijd,stan)	1	703259	97.1519
sneeuwen WW(vd,vrij,zonder)	1	703260	97.152
sneeuwbui N(soort,ev,basis,zijd,stan)	1	703261	97.1521
sneeuwbal N(soort,mv,basis)	1	703262	97.1523
snee N(soort,mv,dim)	1	703263	97.1524
snee N(soort,ev,dim,onz,stan)	1	703264	97.1526
sneaky SPEC(vreemd)	1	703265	97.1527
sneaken WW(inf,vrij,zonder)	1	703266	97.1528
sneak SPEC(vreemd)	1	703267	97.153
snappen WW(inf,vrij,zonder)	1	703268	97.1531
snap N(soort,ev,basis,zijd,stan)	1	703269	97.1532
snackjes N(soort,mv,dim)	1	703270	97.1534
snackietime N(soort,ev,basis,onz,stan)	1	703271	97.1535
snackbar N(soort,ev,basis,zijd,stan)	1	703272	97.1537
snack N(soort,ev,basis,zijd,stan)	1	703273	97.1538
snachts SPEC(vreemd)	1	703274	97.1539
sn SPEC(vreemd)	1	703275	97.1541
smÃ¥kelyk WW(pv,tgw,met-t)	1	703276	97.1542
smÃ¤kelijk ADJ(vrij,basis,zonder)	1	703277	97.1543
smzen WW(vd,vrij,zonder)	1	703278	97.1545
smurfenhouse N(soort,ev,basis,zijd,stan)	1	703279	97.1546
smurfen WW(inf,vrij,zonder)	1	703280	97.1548
smurf N(soort,mv,basis)	1	703281	97.1549
smurf N(soort,ev,basis,zijd,stan)	1	703282	97.155
smullen WW(pv,tgw,mv)	1	703283	97.1552
smulleke N(soort,ev,dim,onz,stan)	1	703284	97.1553
smug N(soort,ev,basis,zijd,stan)	1	703285	97.1555
smsverkeer N(soort,ev,basis,zijd,stan)	1	703286	97.1556
smste TW(rang,nom,zonder-n)	1	703287	97.1557
smste N(soort,ev,basis,zijd,stan)	1	703288	97.1559
smst ADJ(vrij,basis,zonder)	1	703289	97.156
smssen WW(pv,verl,mv)	1	703290	97.1561
smssen WW(inf,vrij,zonder)	1	703291	97.1563
smsplan N(soort,ev,basis,onz,stan)	1	703292	97.1564
smsn WW(inf,vrij,zonder)	1	703293	97.1566
smsn SPEC(vreemd)	1	703294	97.1567
smsn N(soort,mv,basis)	1	703295	97.1568
smsn N(soort,ev,basis,zijd,stan)	1	703296	97.157
smskn N(soort,ev,basis,zijd,stan)	1	703297	97.1571
smsen WW(pv,tgw,mv)	1	703298	97.1572
smsen WW(inf,nom,zonder,zonder-n)	1	703299	97.1574
smsbundel N(soort,ev,basis,zijd,stan)	1	703300	97.1575
smsbundel N(soort,ev,basis,onz,stan)	1	703301	97.1577
sms.ik WW(pv,tgw,ev)	1	703302	97.1578
sms-zoen N(soort,ev,basis,zijd,stan)	1	703303	97.1579
sms-teller N(soort,ev,basis,zijd,stan)	1	703304	97.1581
sms-te N(soort,ev,basis,zijd,stan)	1	703305	97.1582
sms-t WW(pv,tgw,met-t)	1	703306	97.1584
sms-kost N(soort,mv,basis)	1	703307	97.1585
sms-gedrag N(soort,ev,basis,zijd,stan)	1	703308	97.1586
sms-en N(soort,ev,basis,onz,stan)	1	703309	97.1588
sms-bundel N(soort,ev,basis,zijd,stan)	1	703310	97.1589
sms't WW(pv,tgw,ev)	1	703311	97.159
sms N(soort,mv,basis)	1	703312	97.1592
smorgens N(soort,mv,basis)	1	703313	97.1593
smoren WW(inf,vrij,zonder)	1	703314	97.1595
smoothie N(soort,ev,basis,zijd,stan)	1	703315	97.1596
smoking SPEC(vreemd)	1	703316	97.1597
smoking N(soort,ev,basis,zijd,stan)	1	703317	97.1599
smoked SPEC(vreemd)	1	703318	97.16
smoezel N(soort,mv,basis)	1	703319	97.1601
smoesjie VNW(aanw,pron,stan,vol,3,getal)	1	703320	97.1603
smoes N(soort,ev,dim,onz,stan)	1	703321	97.1604
smoelenboek N(soort,ev,basis,onz,stan)	1	703322	97.1606
smoakt WW(vd,vrij,zonder)	1	703323	97.1607
smk N(soort,ev,basis,onz,stan)	1	703324	97.1608
smiling SPEC(vreemd)	1	703325	97.161
smiley SPEC(vreemd)	1	703326	97.1611
smiley N(soort,ev,basis,zijd,stan)	1	703327	97.1613
smile SPEC(vreemd)	1	703328	97.1614
smiezen N(soort,mv,basis)	1	703329	97.1615
smiek N(soort,ev,basis,zijd,stan)	1	703330	97.1617
smiddags N(soort,mv,basis)	1	703331	97.1618
smeyers N(soort,mv,basis)	1	703332	97.1619
smerig ADJ(prenom,basis,met-e,stan)	1	703333	97.1621
smelten WW(pv,tgw,met-t)	1	703334	97.1622
smell SPEC(vreemd)	1	703335	97.1624
smekelijk ADJ(vrij,basis,zonder)	1	703336	97.1625
smeerlap N(soort,ev,basis,zijd,stan)	1	703337	97.1626
smeerboter N(soort,ev,basis,zijd,stan)	1	703338	97.1628
smatch N(soort,ev,basis,zijd,stan)	1	703339	97.1629
smartiesronde N(soort,mv,basis)	1	703340	97.1631
smallekes SPEC(vreemd)	1	703341	97.1632
small SPEC(vreemd)	1	703342	97.1633
small N(soort,mv,basis)	1	703343	97.1635
smal ADJ(prenom,comp,met-e,stan)	1	703344	97.1636
smal ADJ(prenom,basis,met-e,stan)	1	703345	97.1637
smaksmeksmak N(soort,ev,basis,zijd,stan)	1	703346	97.1639
smaksmeksmak N(soort,ev,basis,onz,stan)	1	703347	97.164
smakkkk WW(vd,vrij,zonder)	1	703348	97.1642
smakkk WW(vd,vrij,zonder)	1	703349	97.1643
smakkert N(soort,ev,basis,zijd,stan)	1	703350	97.1644
smakkerds SPEC(vreemd)	1	703351	97.1646
smakkerds ADJ(vrij,basis,zonder)	1	703352	97.1647
smakker WW(pv,tgw,ev)	1	703353	97.1648
smakken WW(od,vrij,zonder)	1	703354	97.165
smakk WW(vd,vrij,zonder)	1	703355	97.1651
smaken WW(pv,verl,ev)	1	703356	97.1653
smaken WW(inf,vrij,zonder)	1	703357	97.1654
smakelijk WW(vd,vrij,zonder)	1	703358	97.1655
smak-er-de-smak N(soort,ev,basis,zijd,stan)	1	703359	97.1657
smahak N(soort,ev,basis,zijd,stan)	1	703360	97.1658
smachten WW(pv,tgw,mv)	1	703361	97.166
smaakvol ADJ(prenom,basis,met-e,stan)	1	703362	97.1661
sm N(soort,ev,basis,zijd,stan)	1	703363	97.1662
slype N(soort,ev,basis,onz,stan)	1	703364	97.1664
slurpen WW(inf,vrij,zonder)	1	703365	97.1665
slurf N(soort,ev,basis,zijd,stan)	1	703366	97.1666
sluiten WW(pv,verl,ev)	1	703367	97.1668
sluiten WW(inf,nom,zonder,zonder-n)	1	703368	97.1669
sluitborrel ADJ(vrij,basis,zonder)	1	703369	97.1671
sluisdeur N(soort,mv,basis)	1	703370	97.1672
sluipen WW(pv,verl,ev)	1	703371	97.1673
slowly SPEC(vreemd)	1	703372	97.1675
sloven WW(inf,vrij,zonder)	1	703373	97.1676
slotfeest N(soort,ev,basis,onz,stan)	1	703374	97.1677
sloterdijk ADJ(vrij,basis,zonder)	1	703375	97.1679
slotdienst N(soort,ev,basis,zijd,stan)	1	703376	97.168
slotdag N(soort,ev,basis,zijd,stan)	1	703377	97.1682
slotborrel N(soort,ev,basis,onz,stan)	1	703378	97.1683
slotbarbecue N(soort,ev,basis,zijd,stan)	1	703379	97.1684
slot N(soort,ev,dim,onz,stan)	1	703380	97.1686
slot N(soort,ev,basis,dat)	1	703381	97.1687
slordig ADJ(prenom,basis,met-e,stan)	1	703382	97.1689
sloot N(soort,mv,basis)	1	703383	97.169
sloggy N(soort,ev,basis,zijd,stan)	1	703384	97.1691
slogan N(soort,ev,basis,zijd,stan)	1	703385	97.1693
slof N(soort,mv,basis)	1	703386	97.1694
sloefkesdag N(soort,ev,basis,zijd,stan)	1	703387	97.1695
slippen WW(vd,vrij,zonder)	1	703388	97.1697
slipjesdief N(soort,ev,basis,zijd,stan)	1	703389	97.1698
slingeren WW(pv,tgw,met-t)	1	703390	97.17
slimx WW(od,vrij,zonder)	1	703391	97.1701
slimmerd N(soort,ev,basis,zijd,stan)	1	703392	97.1702
slimmen N(soort,mv,basis)	1	703393	97.1704
slim ADJ(vrij,comp,zonder)	1	703394	97.1705
slim ADJ(prenom,sup,met-e,stan)	1	703395	97.1706
slikonderzoek N(soort,ev,basis,zijd,stan)	1	703396	97.1708
slikken WW(pv,tgw,ev)	1	703397	97.1709
slikken WW(inf,vrij,zonder)	1	703398	97.1711
slijten WW(pv,tgw,ev)	1	703399	97.1712
slijten WW(inf,nom,zonder,zonder-n)	1	703400	97.1713
slijmbeurs N(soort,ev,basis,zijd,stan)	1	703401	97.1715
slijmbal N(soort,ev,basis,onz,stan)	1	703402	97.1716
slijm N(soort,ev,basis,onz,stan)	1	703403	97.1718
sliepen N(soort,mv,basis)	1	703404	97.1719
sliep N(soort,ev,basis,zijd,stan)	1	703405	97.172
slidings SPEC(vreemd)	1	703406	97.1722
sliding N(soort,mv,basis)	1	703407	97.1723
slideshow N(soort,ev,basis,zijd,stan)	1	703408	97.1724
slide N(soort,mv,basis)	1	703409	97.1726
sleutelen WW(inf,nom,zonder,zonder-n)	1	703410	97.1727
sleuren WW(pv,verl,ev)	1	703411	97.1729
sleuren WW(pv,tgw,mv)	1	703412	97.173
sleuren WW(inf,vrij,zonder)	1	703413	97.1731
slet N(soort,ev,dim,onz,stan)	1	703414	97.1733
slepen WW(vd,vrij,zonder)	1	703415	97.1734
slepen WW(pv,tgw,ev)	1	703416	97.1735
sleijderink WW(pv,verl,ev)	1	703417	97.1737
slegte N(soort,ev,basis,zijd,stan)	1	703418	97.1738
sleepstraat WW(pv,tgw,met-t)	1	703419	97.174
slecht ADJ(prenom,comp,met-e,stan)	1	703420	97.1741
slavendrijver N(soort,ev,basis,zijd,stan)	1	703421	97.1742
slasoep N(soort,ev,basis,zijd,stan)	1	703422	97.1744
slashermovie N(soort,ev,basis,zijd,stan)	1	703423	97.1745
slapzak N(soort,ev,dim,onz,stan)	1	703424	97.1747
slapn SPEC(vreemd)	1	703425	97.1748
slapn SPEC(deeleigen)	1	703426	97.1749
slapie N(soort,ev,dim,onz,stan)	1	703427	97.1751
slaperig ADJ(vrij,basis,zonder)	1	703428	97.1752
slaper N(soort,mv,basis)	1	703429	97.1753
slaper N(soort,ev,basis,zijd,stan)	1	703430	97.1755
slapengaan N(soort,ev,basis,onz,stan)	1	703431	97.1756
slapen-voor-de-borrel-plan N(soort,ev,basis,onz,stan)	1	703432	97.1758
slapen WW(pv,verl,mv)	1	703433	97.1759
slapen WW(od,vrij,zonder)	1	703434	97.176
slapen WW(od,prenom,met-e)	1	703435	97.1762
slap SPEC(vreemd)	1	703436	97.1763
slap ADJ(prenom,basis,zonder)	1	703437	97.1765
slank ADJ(prenom,basis,met-e,stan)	1	703438	97.1766
slalombaar ADJ(vrij,basis,zonder)	1	703439	97.1767
slakkentempo N(soort,ev,basis,onz,stan)	1	703440	97.1769
slak N(soort,mv,basis)	1	703441	97.177
slagvolgorde N(soort,ev,basis,zijd,stan)	1	703442	97.1771
slagveld N(soort,ev,basis,onz,stan)	1	703443	97.1773
slagen WW(vd,prenom,met-e)	1	703444	97.1774
slagen WW(pv,tgw,mv)	1	703445	97.1776
slagen WW(inf,vrij,zonder)	1	703446	97.1777
slagboom N(soort,ev,basis,zijd,stan)	1	703447	97.1778
slagaderlijk ADJ(prenom,basis,met-e,stan)	1	703448	97.178
sladressing N(soort,ev,basis,zijd,stan)	1	703449	97.1781
slachtoffer N(soort,mv,basis)	1	703450	97.1782
slachtkuiken N(soort,mv,basis)	1	703451	97.1784
slaapzetel N(soort,ev,basis,zijd,stan)	1	703452	97.1785
slaapze ADJ(vrij,basis,zonder)	1	703453	97.1787
slaapzak N(soort,ev,dim,onz,stan)	1	703454	97.1788
slaapzaal N(soort,ev,basis,zijd,stan)	1	703455	97.1789
slaapwelkus N(soort,mv,dim)	1	703456	97.1791
slaapwelkus N(soort,mv,basis)	1	703457	97.1792
slaapwelkus N(soort,ev,basis,zijd,stan)	1	703458	97.1794
slaapwelknuffel N(soort,ev,basis,onz,stan)	1	703459	97.1795
slaapwel VG(neven)	1	703460	97.1796
slaapwel SPEC(deeleigen)	1	703461	97.1798
slaapwel BW()	1	703462	97.1799
slaapverwekkend ADJ(vrij,basis,zonder)	1	703463	97.18
slaaptent N(soort,ev,basis,onz,stan)	1	703464	97.1802
slaaptekort N(soort,ev,basis,zijd,stan)	1	703465	97.1803
slaapte N(soort,ev,basis,zijd,stan)	1	703466	97.1805
slaapspul ADJ(vrij,basis,zonder)	1	703467	97.1806
slaapsmsen N(soort,mv,basis)	1	703468	97.1807
slaaps ADJ(prenom,basis,met-e,stan)	1	703469	97.1809
slaapplek N(soort,mv,basis)	1	703470	97.181
slaapplek N(soort,ev,basis,zijd,stan)	1	703471	97.1811
slaapplaats TW(hoofd,prenom,stan)	1	703472	97.1813
slaapplaats N(soort,ev,dim,onz,stan)	1	703473	97.1814
slaapos ADJ(prenom,basis,met-e,stan)	1	703474	97.1816
slaaplocatie N(soort,ev,basis,zijd,stan)	1	703475	97.1817
slaapliedje N(soort,ev,basis,onz,stan)	1	703476	97.1818
slaaplekkerkus N(soort,ev,dim,onz,stan)	1	703477	97.182
slaaplekker N(soort,ev,basis,zijd,stan)	1	703478	97.1821
slaapkus N(soort,mv,dim)	1	703479	97.1823
slaapkop N(soort,ev,dim,onz,stan)	1	703480	97.1824
slaapkleding N(soort,ev,basis,zijd,stan)	1	703481	97.1825
slaapkamer N(soort,ev,dim,onz,stan)	1	703482	97.1827
slaaping N(soort,ev,basis,zijd,stan)	1	703483	97.1828
slaapgrafiek N(soort,ev,dim,onz,stan)	1	703484	97.1829
slaapgerief N(soort,ev,basis,onz,stan)	1	703485	97.1831
slaapgebrek N(soort,ev,basis,onz,stan)	1	703486	97.1832
slaapdronken ADJ(vrij,basis,zonder)	1	703487	97.1834
slaapbank N(soort,ev,basis,zijd,stan)	1	703488	97.1835
slaapable N(soort,ev,basis,zijd,stan)	1	703489	97.1836
slaap N(soort,mv,basis)	1	703490	97.1838
slaan WW(pv,verl,mv)	1	703491	97.1839
slaaaaapen WW(inf,vrij,zonder)	1	703492	97.184
sl SPEC(vreemd)	1	703493	97.1842
sl N(soort,mv,basis)	1	703494	97.1843
skypie N(soort,ev,basis,zijd,stan)	1	703495	97.1845
skypen WW(pv,verl,mv)	1	703496	97.1846
skypen N(soort,ev,basis,onz,stan)	1	703497	97.1847
skype ADJ(prenom,basis,met-e,stan)	1	703498	97.1849
skullkoptelefoon N(soort,ev,basis,onz,stan)	1	703499	97.185
skruffie N(soort,ev,basis,zijd,stan)	1	703500	97.1852
skottelbraai N(soort,ev,basis,zijd,stan)	1	703501	97.1853
skottelbraai N(soort,ev,basis,genus,stan)	1	703502	97.1854
skot SPEC(vreemd)	1	703503	97.1856
skoop WW(pv,verl,ev)	1	703504	97.1857
skone ADJ(prenom,basis,met-e,stan)	1	703505	97.1858
skiÃ«nderwijs N(soort,ev,basis,zijd,stan)	1	703506	97.186
skitas N(soort,ev,basis,zijd,stan)	1	703507	97.1861
skireis N(soort,ev,basis,zijd,stan)	1	703508	97.1863
skipas N(soort,mv,basis)	1	703509	97.1864
skipak N(soort,mv,basis)	1	703510	97.1865
skillz N(soort,ev,basis,zijd,stan)	1	703511	97.1867
skilled WW(vd,vrij,zonder)	1	703512	97.1868
skiing N(soort,ev,basis,zijd,stan)	1	703513	97.1869
skieen N(soort,mv,basis)	1	703514	97.1871
skiduim N(soort,ev,basis,onz,stan)	1	703515	97.1872
skibroek N(soort,mv,basis)	1	703516	97.1874
skibroek N(soort,ev,basis,zijd,stan)	1	703517	97.1875
skelet N(soort,ev,basis,onz,stan)	1	703518	97.1876
skeeleren WW(vd,vrij,zonder)	1	703519	97.1878
skeeleren N(soort,mv,basis)	1	703520	97.1879
skatje N(soort,ev,dim,onz,stan)	1	703521	97.1881
skatie N(soort,ev,basis,zijd,stan)	1	703522	97.1882
skatepark N(soort,ev,basis,onz,stan)	1	703523	97.1883
skaten WW(inf,vrij,zonder)	1	703524	97.1885
skat WW(pv,verl,ev)	1	703525	97.1886
skat N(soort,ev,dim,onz,stan)	1	703526	97.1887
skars N(soort,mv,dim)	1	703527	97.1889
skagerrak SPEC(deeleigen)	1	703528	97.189
skaat N(soort,ev,basis,zijd,stan)	1	703529	97.1892
skaaaaat N(soort,ev,basis,onz,stan)	1	703530	97.1893
sjwemp N(soort,ev,basis,zijd,stan)	1	703531	97.1894
sjouwert WW(pv,tgw,met-t)	1	703532	97.1896
sjortouw N(soort,ev,basis,zijd,stan)	1	703533	97.1897
sjors SPEC(vreemd)	1	703534	97.1899
sjorring N(soort,mv,basis)	1	703535	97.19
sjorhout N(soort,ev,basis,onz,stan)	1	703536	97.1901
sjoerden N(soort,mv,basis)	1	703537	97.1903
sjoerdbak N(soort,ev,basis,zijd,stan)	1	703538	97.1904
sjoerd WW(vd,vrij,zonder)	1	703539	97.1905
sjoerd N(soort,ev,basis,zijd,stan)	1	703540	97.1907
sjoen N(soort,mv,basis)	1	703541	97.1908
sjoekie SPEC(vreemd)	1	703542	97.191
sjoekie N(soort,ev,dim,onz,stan)	1	703543	97.1911
sjoek N(soort,ev,dim,onz,stan)	1	703544	97.1912
sjoe SPEC(vreemd)	1	703545	97.1914
sjmoesjiewoesjie VNW(aanw,pron,stan,vol,3,getal)	1	703546	97.1915
sjmoesjie VNW(aanw,pron,stan,vol,3,getal)	1	703547	97.1916
sjlen N(soort,mv,basis)	1	703548	97.1918
sjienees N(soort,mv,basis)	1	703549	97.1919
sjiek ADJ(prenom,basis,met-e,stan)	1	703550	97.1921
sjeuj N(soort,ev,basis,zijd,stan)	1	703551	97.1922
sjem N(soort,ev,basis,zijd,stan)	1	703552	97.1923
sjauwer N(soort,ev,basis,zijd,stan)	1	703553	97.1925
sjatz N(soort,ev,basis,zijd,stan)	1	703554	97.1926
sjarel N(soort,ev,basis,zijd,stan)	1	703555	97.1928
sjansen N(soort,mv,basis)	1	703556	97.1929
sjandawÃ© N(soort,ev,basis,zijd,stan)	1	703557	97.193
sjakos N(soort,mv,basis)	1	703558	97.1932
sjakojs N(soort,ev,basis,zijd,stan)	1	703559	97.1933
sjag ADJ(vrij,basis,zonder)	1	703560	97.1934
sjabloon N(soort,ev,basis,onz,stan)	1	703561	97.1936
sjaal N(soort,ev,dim,onz,stan)	1	703562	97.1937
sjaak N(soort,ev,basis,zijd,stan)	1	703563	97.1939
sjaak N(soort,ev,basis,onz,stan)	1	703564	97.194
size ADJ(vrij,basis,zonder)	1	703565	97.1941
sixteenth SPEC(vreemd)	1	703566	97.1943
sixpack N(soort,ev,dim,onz,stan)	1	703567	97.1944
situatie N(soort,mv,basis)	1	703568	97.1945
sit SPEC(vreemd)	1	703569	97.1947
siska N(soort,ev,basis,zijd,stan)	1	703570	97.1948
siri N(soort,mv,basis)	1	703571	97.195
siri N(soort,ev,basis,zijd,stan)	1	703572	97.1951
sirene N(soort,mv,basis)	1	703573	97.1952
sion ADJ(prenom,basis,zonder)	1	703574	97.1954
sinusitis N(soort,ev,basis,zijd,stan)	1	703575	97.1955
sinus SPEC(vreemd)	1	703576	97.1957
sinus N(soort,ev,basis,zijd,stan)	1	703577	97.1958
sintkado N(soort,mv,basis)	1	703578	97.1959
sintjacobs N(soort,mv,basis)	1	703579	97.1961
sinterklaasweekend ADJ(vrij,basis,zonder)	1	703580	97.1962
sinterklaasverlanglijst N(soort,ev,dim,onz,stan)	1	703581	97.1963
sinterklaaskado N(soort,mv,dim)	1	703582	97.1965
sinterklaasdrukte N(soort,ev,basis,zijd,stan)	1	703583	97.1966
sinterklaasavond N(soort,ev,basis,zijd,stan)	1	703584	97.1968
sinterklaas N(soort,mv,basis)	1	703585	97.1969
sint-niklaas ADJ(vrij,basis,zonder)	1	703586	97.197
sint-michielsschool N(soort,ev,basis,zijd,stan)	1	703587	97.1972
sint-godelieve ADJ(prenom,basis,met-e,stan)	1	703588	97.1973
sinon SPEC(vreemd)	1	703589	97.1974
sinking SPEC(vreemd)	1	703590	97.1976
singstars N(soort,mv,basis)	1	703591	97.1977
single SPEC(vreemd)	1	703592	97.1979
singing SPEC(vreemd)	1	703593	97.198
singer N(soort,ev,basis,zijd,stan)	1	703594	97.1981
singelloop N(soort,ev,basis,zijd,stan)	1	703595	97.1983
singapore SPEC(vreemd)	1	703596	97.1984
sing SPEC(vreemd)	1	703597	97.1986
sindskort WW(vd,vrij,zonder)	1	703598	97.1987
sinasappel N(soort,ev,basis,zijd,stan)	1	703599	97.1988
sinaasappel N(soort,mv,basis)	1	703600	97.199
sinaas N(soort,ev,basis,zijd,stan)	1	703601	97.1991
sinaai N(soort,ev,basis,zijd,stan)	1	703602	97.1992
sin N(soort,ev,basis,zijd,stan)	1	703603	97.1994
simultaan ADJ(vrij,basis,zonder)	1	703604	97.1995
sims SPEC(vreemd)	1	703605	97.1997
simplicity SPEC(vreemd)	1	703606	97.1998
simple SPEC(vreemd)	1	703607	97.1999
simpelweg BW()	1	703608	97.2001
simpel ADJ(postnom,basis,met-s)	1	703609	97.2002
simone SPEC(vreemd)	1	703610	97.2003
simon WW(vd,vrij,zonder)	1	703611	97.2005
simmen WW(pv,tgw,ev)	1	703612	97.2006
simlock N(soort,ev,basis,zijd,stan)	1	703613	97.2008
simkaart WW(pv,tgw,met-t)	1	703614	97.2009
sim-kaart N(soort,ev,dim,onz,stan)	1	703615	97.201
silverstone-camping N(soort,ev,basis,zijd,stan)	1	703616	97.2012
silva N(soort,ev,basis,zijd,stan)	1	703617	97.2013
silke N(soort,ev,dim,onz,stan)	1	703618	97.2015
silke N(soort,ev,basis,zijd,stan)	1	703619	97.2016
siliconencase N(soort,ev,basis,zijd,stan)	1	703620	97.2017
silhouet N(soort,mv,basis)	1	703621	97.2019
sikkies N(soort,mv,basis)	1	703622	97.202
sigur N(soort,ev,basis,zijd,stan)	1	703623	97.2021
signeren WW(vd,vrij,zonder)	1	703624	97.2023
signeren WW(vd,prenom,met-e)	1	703625	97.2024
signaleren WW(vd,vrij,zonder)	1	703626	97.2026
signaal N(soort,mv,basis)	1	703627	97.2027
sigmakantine N(soort,ev,basis,zijd,stan)	1	703628	97.2028
sigaar N(soort,mv,basis)	1	703629	97.203
siets N(soort,mv,basis)	1	703630	97.2031
sieren WW(pv,tgw,met-t)	1	703631	97.2033
siepel N(soort,ev,basis,zijd,stan)	1	703632	97.2034
sieglinde WW(od,prenom,met-e)	1	703633	97.2035
side SPEC(afgebr)	1	703634	97.2037
sick N(soort,ev,basis,zijd,stan)	1	703635	97.2038
siberische ADJ(prenom,basis,met-e,stan)	1	703636	97.2039
siam N(soort,ev,dim,onz,stan)	1	703637	97.2041
si SPEC(vreemd)	1	703638	97.2042
shy SPEC(vreemd)	1	703639	97.2044
shutdown SPEC(vreemd)	1	703640	97.2045
shuffle SPEC(vreemd)	1	703641	97.2046
shtupied ADJ(prenom,basis,zonder)	1	703642	97.2048
shristis SPEC(vreemd)	1	703643	97.2049
shrek TW(hoofd,prenom,stan)	1	703644	97.205
showken WW(inf,vrij,zonder)	1	703645	97.2052
showing SPEC(vreemd)	1	703646	97.2053
showered SPEC(vreemd)	1	703647	97.2055
showered N(soort,ev,basis,onz,stan)	1	703648	97.2056
showed SPEC(vreemd)	1	703649	97.2057
show SPEC(vreemd)	1	703650	97.2059
shouldve WW(pv,verl,ev)	1	703651	97.206
shouldn't WW(pv,tgw,met-t)	1	703652	97.2062
shouldn't N(soort,ev,basis,zijd,stan)	1	703653	97.2063
shouldf ADJ(prenom,basis,met-e,stan)	1	703654	97.2064
shotgun N(soort,ev,basis,zijd,stan)	1	703655	97.2066
shot N(soort,ev,basis,zijd,stan)	1	703656	97.2067
shorts SPEC(vreemd)	1	703657	97.2068
short N(soort,ev,basis,zijd,stan)	1	703658	97.207
shopse N(soort,ev,basis,zijd,stan)	1	703659	97.2071
shoppingcenter N(soort,ev,basis,onz,stan)	1	703660	97.2073
shoppen N(soort,mv,basis)	1	703661	97.2074
shopke WW(pv,conj,ev)	1	703662	97.2075
shopke SPEC(vreemd)	1	703663	97.2077
shopdag N(soort,ev,dim,onz,stan)	1	703664	97.2078
shop N(soort,mv,basis)	1	703665	97.2079
shop N(soort,ev,basis,zijd,stan)	1	703666	97.2081
shooting N(soort,ev,basis,zijd,stan)	1	703667	97.2082
shoe N(soort,ev,basis,zijd,stan)	1	703668	97.2084
shocking ADJ(vrij,basis,zonder)	1	703669	97.2085
shneller N(soort,ev,basis,zijd,stan)	1	703670	97.2086
shizzle SPEC(deeleigen)	1	703671	97.2088
shitty SPEC(vreemd)	1	703672	97.2089
shitty ADJ(vrij,basis,zonder)	1	703673	97.2091
shitstorm N(soort,ev,basis,zijd,stan)	1	703674	97.2092
shitload N(soort,ev,basis,onz,stan)	1	703675	97.2093
shithole ADJ(prenom,basis,met-e,stan)	1	703676	97.2095
shit ADJ(vrij,basis,zonder)	1	703677	97.2096
shirt WW(pv,tgw,met-t)	1	703678	97.2097
shirt N(soort,mv,dim)	1	703679	97.2099
shipping N(soort,ev,basis,zijd,stan)	1	703680	97.21
shine ADJ(prenom,basis,met-e,stan)	1	703681	97.2102
shiiiiit N(soort,ev,basis,zijd,stan)	1	703682	97.2103
shiiiiiit N(soort,ev,basis,zijd,stan)	1	703683	97.2104
shiiiejiiit SPEC(vreemd)	1	703684	97.2106
shift SPEC(vreemd)	1	703685	97.2107
shertogenbosch ADJ(vrij,basis,zonder)	1	703686	97.2108
sherlock N(soort,ev,basis,zijd,stan)	1	703687	97.211
shelve BW()	1	703688	97.2111
sheets SPEC(vreemd)	1	703689	97.2113
sheet N(soort,mv,basis)	1	703690	97.2114
she's SPEC(vreemd)	1	703691	97.2115
shazam N(soort,ev,basis,zijd,stan)	1	703692	97.2117
shawl N(soort,ev,basis,zijd,stan)	1	703693	97.2118
shaved SPEC(vreemd)	1	703694	97.212
sharp WW(pv,tgw,met-t)	1	703695	97.2121
sharen WW(inf,vrij,zonder)	1	703696	97.2122
share-mail N(soort,ev,basis,zijd,stan)	1	703697	97.2124
shangri SPEC(vreemd)	1	703698	97.2125
shamrock SPEC(vreemd)	1	703699	97.2126
shameboy N(soort,ev,basis,onz,stan)	1	703700	97.2128
shamala SPEC(deeleigen)	1	703701	97.2129
shaken WW(inf,vrij,zonder)	1	703702	97.2131
shakeapeare N(soort,ev,basis,zijd,stan)	1	703703	97.2132
shade N(soort,ev,basis,zijd,stan)	1	703704	97.2133
shaddap N(soort,ev,basis,zijd,stan)	1	703705	97.2135
shabby N(soort,ev,basis,zijd,stan)	1	703706	97.2136
sh N(soort,ev,basis,zijd,stan)	1	703707	97.2137
sgooee N(soort,ev,basis,zijd,stan)	1	703708	97.2139
sgoed ADJ(prenom,basis,zonder)	1	703709	97.214
sgoe WW(pv,verl,ev)	1	703710	97.2142
sgoe SPEC(deeleigen)	1	703711	97.2143
sfeervol ADJ(vrij,basis,zonder)	1	703712	97.2144
sfeervol ADJ(prenom,basis,met-e,stan)	1	703713	97.2146
sfeer SPEC(vreemd)	1	703714	97.2147
sfeer N(soort,mv,basis)	1	703715	97.2149
seymour N(soort,ev,basis,zijd,stan)	1	703716	97.215
sexyvriend N(soort,ev,dim,onz,stan)	1	703717	97.2151
sexytime N(soort,ev,basis,onz,stan)	1	703718	97.2153
sexbomb N(soort,ev,basis,zijd,stan)	1	703719	97.2154
sex N(soort,ev,basis,zijd,stan)	1	703720	97.2155
seviyorum SPEC(deeleigen)	1	703721	97.2157
seventeenth SPEC(vreemd)	1	703722	97.2158
seven WW(inf,vrij,zonder)	1	703723	97.216
seven N(soort,mv,basis)	1	703724	97.2161
seut N(soort,ev,basis,zijd,stan)	1	703725	97.2162
seulement SPEC(vreemd)	1	703726	97.2164
setkat SPEC(vreemd)	1	703727	97.2165
setchehoem N(soort,ev,basis,zijd,stan)	1	703728	97.2167
set N(soort,mv,dim)	1	703729	97.2168
set N(soort,mv,basis)	1	703730	97.2169
sessie N(soort,mv,basis)	1	703731	97.2171
sese SPEC(vreemd)	1	703732	97.2172
ses N(soort,ev,dim,onz,stan)	1	703733	97.2173
servuus SPEC(vreemd)	1	703734	97.2175
servuus N(soort,ev,basis,zijd,stan)	1	703735	97.2176
servo N(soort,ev,basis,zijd,stan)	1	703736	97.2178
servisch ADJ(prenom,basis,met-e,stan)	1	703737	97.2179
servicekosten N(soort,mv,basis)	1	703738	97.218
serverprobleem N(soort,mv,basis)	1	703739	97.2182
serveren WW(pv,verl,ev)	1	703740	97.2183
serveren WW(inf,vrij,zonder)	1	703741	97.2184
serverbeheerder N(soort,ev,basis,zijd,stan)	1	703742	97.2186
server SPEC(vreemd)	1	703743	97.2187
server N(soort,mv,basis)	1	703744	97.2189
servaas ADJ(vrij,basis,zonder)	1	703745	97.219
serre N(soort,ev,basis,zijd,stan)	1	703746	97.2191
serious SPEC(vreemd)	1	703747	97.2193
seringenstraat N(soort,ev,basis,zijd,stan)	1	703748	97.2194
serieus ADJ(vrij,comp,zonder)	1	703749	97.2196
ser N(soort,ev,basis,zijd,stan)	1	703750	97.2197
sequel SPEC(vreemd)	1	703751	97.2198
seppe N(soort,dial)	1	703752	97.22
seppe ADJ(nom,basis,met-e,mv-n)	1	703753	97.2201
seperate WW(vd,prenom,met-e)	1	703754	97.2202
seperate SPEC(vreemd)	1	703755	97.2204
sep N(soort,ev,basis,zijd,stan)	1	703756	97.2205
sent WW(pv,tgw,met-t)	1	703757	97.2207
sent ADJ(vrij,basis,zonder)	1	703758	97.2208
sense SPEC(vreemd)	1	703759	97.2209
sensationeel ADJ(vrij,basis,zonder)	1	703760	97.2211
seniorenklasse N(soort,ev,basis,zijd,stan)	1	703761	97.2212
senior N(soort,ev,basis,zijd,stan)	1	703762	97.2213
senaaszaal N(soort,ev,basis,onz,stan)	1	703763	97.2215
semoliens N(soort,mv,basis)	1	703764	97.2216
seminariewerk N(soort,ev,basis,onz,stan)	1	703765	97.2218
seminarie N(soort,ev,basis,onz,stan)	1	703766	97.2219
semi-voorbehoud N(soort,ev,basis,zijd,stan)	1	703767	97.222
semi-verjaardagsfeest WW(pv,tgw,met-t)	1	703768	97.2222
semi-bikkelen WW(inf,nom,zonder,zonder-n)	1	703769	97.2223
semi SPEC(deeleigen)	1	703770	97.2225
semi N(soort,ev,basis,onz,stan)	1	703771	97.2226
selma SPEC(vreemd)	1	703772	97.2227
selling N(soort,ev,basis,zijd,stan)	1	703773	97.2229
sellegen WW(pv,verl,mv)	1	703774	97.223
sellegen N(soort,mv,basis)	1	703775	97.2231
sell SPEC(vreemd)	1	703776	97.2233
selexyz N(soort,ev,basis,zijd,stan)	1	703777	97.2234
seleen SPEC(vreemd)	1	703778	97.2236
selectief N(soort,ev,basis,genus,stan)	1	703779	97.2237
selectiebijeenkomst WW(vd,vrij,zonder)	1	703780	97.2238
selecteren WW(pv,tgw,mv)	1	703781	97.224
selecteren WW(inf,nom,zonder,zonder-n)	1	703782	97.2241
selecta N(soort,ev,basis,zijd,stan)	1	703783	97.2242
selah SPEC(vreemd)	1	703784	97.2244
sel N(soort,ev,basis,zijd,stan)	1	703785	97.2245
sekslied N(soort,ev,dim,onz,stan)	1	703786	97.2247
seksfilm N(soort,ev,basis,zijd,stan)	1	703787	97.2248
seksen WW(inf,vrij,zonder)	1	703788	97.2249
seksbom N(soort,ev,dim,onz,stan)	1	703789	97.2251
seg WW(pv,verl,ev)	1	703790	97.2252
seffes BW()	1	703791	97.2254
seffens ADJ(vrij,basis,zonder)	1	703792	97.2255
seeing SPEC(vreemd)	1	703793	97.2256
seed SPEC(vreemd)	1	703794	97.2258
seducing SPEC(vreemd)	1	703795	97.2259
seduce SPEC(vreemd)	1	703796	97.226
sedici SPEC(vreemd)	1	703797	97.2262
sedaris N(soort,ev,basis,zijd,stan)	1	703798	97.2263
sectoraal ADJ(prenom,basis,met-e,stan)	1	703799	97.2265
sector N(soort,ev,basis,zijd,stan)	1	703800	97.2266
section SPEC(vreemd)	1	703801	97.2267
sectie-einde N(soort,ev,basis,zijd,stan)	1	703802	97.2269
secret SPEC(vreemd)	1	703803	97.227
secr N(soort,ev,basis,zijd,stan)	1	703804	97.2271
secondelijm ADJ(vrij,basis,zonder)	1	703805	97.2273
sec. SPEC(afk)	1	703806	97.2274
sec SPEC(vreemd)	1	703807	97.2276
sebs SPEC(vreemd)	1	703808	97.2277
sebiets N(soort,ev,basis,zijd,stan)	1	703809	97.2278
sebbe ADJ(prenom,basis,met-e,stan)	1	703810	97.228
seb SPEC(vreemd)	1	703811	97.2281
seats SPEC(vreemd)	1	703812	97.2283
seating SPEC(vreemd)	1	703813	97.2284
seat N(soort,ev,basis,zijd,stan)	1	703814	97.2285
sealife ADJ(vrij,basis,zonder)	1	703815	97.2287
seal N(soort,ev,basis,onz,stan)	1	703816	97.2288
seakingvlucht N(soort,mv,dim)	1	703817	97.2289
seagate N(soort,ev,basis,zijd,stan)	1	703818	97.2291
sea SPEC(vreemd)	1	703819	97.2292
sea SPEC(afgebr)	1	703820	97.2294
sddp WW(pv,tgw,met-t)	1	703821	97.2295
sdcaard N(soort,ev,basis,onz,stan)	1	703822	97.2296
scÃ¨ne N(soort,mv,basis)	1	703823	97.2298
scusie N(soort,ev,basis,zijd,stan)	1	703824	97.2299
sculpt SPEC(vreemd)	1	703825	97.2301
sctiptie N(soort,ev,basis,zijd,stan)	1	703826	97.2302
scruffy SPEC(vreemd)	1	703827	97.2303
scrotum WW(pv,tgw,ev)	1	703828	97.2305
scriptorium-kritiek N(soort,ev,basis,zijd,stan)	1	703829	97.2306
scriptieweer N(soort,ev,basis,onz,stan)	1	703830	97.2307
scriptiestress N(soort,mv,basis)	1	703831	97.2309
scriptieschrijven N(soort,ev,basis,onz,stan)	1	703832	97.231
scriptieresultaat N(soort,mv,basis)	1	703833	97.2312
scriptiehok N(soort,ev,basis,onz,stan)	1	703834	97.2313
scriptiegesprek ADJ(vrij,basis,zonder)	1	703835	97.2314
scriptiecommentaar N(soort,ev,basis,zijd,stan)	1	703836	97.2316
scriptiebegeleider N(soort,ev,basis,zijd,stan)	1	703837	97.2317
scriptie.to SPEC(symb)	1	703838	97.2318
scriptie-weer N(soort,ev,basis,onz,stan)	1	703839	97.232
scriptie-gang N(soort,ev,basis,zijd,stan)	1	703840	97.2321
scriptie-en WW(inf,vrij,zonder)	1	703841	97.2323
scriptie N(soort,mv,basis)	1	703842	97.2324
script N(soort,ev,dim,onz,stan)	1	703843	97.2325
screenshots N(soort,ev,basis,zijd,stan)	1	703844	97.2327
screens SPEC(vreemd)	1	703845	97.2328
screenprotector N(soort,mv,basis)	1	703846	97.233
screenprotector N(soort,ev,basis,zijd,stan)	1	703847	97.2331
screen SPEC(vreemd)	1	703848	97.2332
scrabblen WW(inf,vrij,zonder)	1	703849	97.2334
scoutswoord WW(vd,vrij,zonder)	1	703850	97.2335
scoutskamp N(soort,ev,basis,onz,stan)	1	703851	97.2336
scoutshubertus N(soort,ev,basis,zijd,stan)	1	703852	97.2338
scoutsbal ADJ(vrij,basis,zonder)	1	703853	97.2339
scouting N(soort,ev,basis,zijd,stan)	1	703854	97.2341
scoubidou N(soort,ev,basis,genus,stan)	1	703855	97.2342
scott WW(pv,tgw,met-t)	1	703856	97.2343
scotland WW(vd,vrij,zonder)	1	703857	97.2345
scotland N(soort,ev,basis,zijd,stan)	1	703858	97.2346
scoreboek N(soort,ev,dim,onz,stan)	1	703859	97.2347
scopie N(soort,ev,basis,zijd,stan)	1	703860	97.2349
scootmobiel N(soort,ev,basis,zijd,stan)	1	703861	97.235
scooter N(soort,ev,basis,zijd,stan)	1	703862	97.2352
scootah N(soort,ev,basis,zijd,stan)	1	703863	97.2353
scoop N(soort,mv,dim)	1	703864	97.2354
sciences SPEC(vreemd)	1	703865	97.2356
science SPEC(vreemd)	1	703866	97.2357
schÃ¶nes SPEC(vreemd)	1	703867	97.2359
schÃ¶ne SPEC(vreemd)	1	703868	97.236
schÃ¤ffer N(soort,mv,basis)	1	703869	97.2361
schynt WW(vd,vrij,zonder)	1	703870	97.2363
schyn N(soort,ev,basis,zijd,stan)	1	703871	97.2364
schwere N(soort,ev,basis,zijd,stan)	1	703872	97.2365
schweinerei N(soort,ev,basis,zijd,stan)	1	703873	97.2367
schweg N(soort,ev,basis,zijd,stan)	1	703874	97.2368
schuurpapier N(soort,ev,basis,onz,stan)	1	703875	97.237
schuurmachine N(soort,ev,basis,zijd,stan)	1	703876	97.2371
schuurdeur N(soort,ev,basis,zijd,stan)	1	703877	97.2372
schuur N(soort,mv,dim)	1	703878	97.2374
schuune N(soort,ev,basis,zijd,stan)	1	703879	97.2375
schurft N(soort,ev,basis,zijd,stan)	1	703880	97.2376
schurft N(soort,ev,basis,onz,stan)	1	703881	97.2378
schuren WW(inf,nom,zonder,zonder-n)	1	703882	97.2379
schuldig WW(vd,vrij,zonder)	1	703883	97.2381
schuldig ADJ(prenom,basis,met-e,stan)	1	703884	97.2382
schuld N(soort,mv,basis)	1	703885	97.2383
schuiven WW(vd,vrij,zonder)	1	703886	97.2385
schuiven WW(pv,tgw,mv)	1	703887	97.2386
schuiven WW(pv,tgw,met-t)	1	703888	97.2388
schuiven WW(pv,tgw,ev)	1	703889	97.2389
schuiven WW(od,prenom,met-e)	1	703890	97.239
schuin ADJ(prenom,basis,zonder)	1	703891	97.2392
schuimwijn N(soort,ev,basis,zijd,stan)	1	703892	97.2393
schuimpje N(soort,ev,dim,onz,stan)	1	703893	97.2394
schuim N(soort,ev,basis,onz,stan)	1	703894	97.2396
schuilplaats N(soort,ev,basis,zijd,stan)	1	703895	97.2397
schuilen WW(pv,tgw,met-t)	1	703896	97.2399
schudden WW(vd,vrij,zonder)	1	703897	97.24
schryf N(soort,mv,basis)	1	703898	97.2401
schroom N(soort,ev,basis,zijd,stan)	1	703899	97.2403
schrokaanval WW(pv,tgw,ev)	1	703900	97.2404
schroevendraaiertje N(soort,ev,dim,onz,stan)	1	703901	97.2405
schroevendraaier N(soort,ev,basis,zijd,stan)	1	703902	97.2407
schroeven WW(pv,tgw,ev)	1	703903	97.2408
schroef N(soort,mv,basis)	1	703904	97.241
schroef N(soort,ev,basis,zijd,stan)	1	703905	97.2411
schrobelaar ADJ(vrij,basis,zonder)	1	703906	97.2412
schrobben WW(inf,vrij,zonder)	1	703907	97.2414
schrobben WW(inf,nom,zonder,zonder-n)	1	703908	97.2415
schrobbeler N(soort,mv,dim)	1	703909	97.2417
schrobbeler N(soort,ev,basis,zijd,stan)	1	703910	97.2418
schrivn WW(inf,vrij,zonder)	1	703911	97.2419
schrikken WW(pv,verl,mv)	1	703912	97.2421
schrikken WW(pv,tgw,mv)	1	703913	97.2422
schrikken WW(pv,tgw,met-t)	1	703914	97.2423
schrijven WW(inf,nom,zonder,zonder-n)	1	703915	97.2425
schrijven N(soort,mv,basis)	1	703916	97.2426
schrijfwijzeren WW(inf,vrij,zonder)	1	703917	97.2428
schrijfwijzer WW(pv,tgw,ev)	1	703918	97.2429
schrijfstuk N(soort,ev,basis,onz,stan)	1	703919	97.243
schrijfopdracht N(soort,ev,basis,zijd,stan)	1	703920	97.2432
schrijfdag N(soort,ev,basis,zijd,stan)	1	703921	97.2433
schrift N(soort,mv,basis)	1	703922	97.2435
schreeuwen WW(pv,tgw,met-t)	1	703923	97.2436
schreeuw N(soort,mv,basis)	1	703924	97.2437
schrappen WW(pv,tgw,ev)	1	703925	97.2439
schrappen WW(inf,vrij,zonder)	1	703926	97.244
schouwder N(soort,mv,basis)	1	703927	97.2441
schouwburgring N(soort,ev,basis,zijd,stan)	1	703928	97.2443
schout N(soort,mv,basis)	1	703929	97.2444
schouderklop N(soort,ev,dim,onz,stan)	1	703930	97.2446
schotland ADJ(vrij,basis,zonder)	1	703931	97.2447
schotenaar N(soort,mv,basis)	1	703932	97.2448
schort N(soort,ev,dim,onz,stan)	1	703933	97.245
schort N(soort,ev,basis,zijd,stan)	1	703934	97.2451
schorseneer N(soort,mv,basis)	1	703935	97.2452
schorsen WW(vd,vrij,zonder)	1	703936	97.2454
schor ADJ(vrij,basis,zonder)	1	703937	97.2455
schoppen WW(pv,tgw,ev)	1	703938	97.2457
schoorsteenmantel N(soort,ev,basis,zijd,stan)	1	703939	97.2458
schoonzuslief N(soort,ev,basis,onz,stan)	1	703940	97.2459
schoonzoon N(soort,ev,basis,zijd,stan)	1	703941	97.2461
schoontjes N(soort,mv,dim)	1	703942	97.2462
schoonmoeder N(soort,ev,basis,zijd,stan)	1	703943	97.2464
schoonmaken WW(pv,tgw,met-t)	1	703944	97.2465
schoonmaakbui N(soort,ev,basis,zijd,stan)	1	703945	97.2466
schoonheidssalon N(soort,ev,basis,onz,stan)	1	703946	97.2468
schoonfamilieverplichting N(soort,mv,basis)	1	703947	97.2469
schoolziek ADJ(vrij,basis,zonder)	1	703948	97.247
schoolweek N(soort,ev,basis,zijd,stan)	1	703949	97.2472
schoolvakantie N(soort,ev,basis,zijd,stan)	1	703950	97.2473
schooltaak N(soort,mv,basis)	1	703951	97.2475
schoolmail N(soort,ev,basis,zijd,stan)	1	703952	97.2476
schoolkind N(soort,mv,basis)	1	703953	97.2477
schoolkamp N(soort,ev,basis,onz,stan)	1	703954	97.2479
schoolghrls SPEC(vreemd)	1	703955	97.248
schoolfeest N(soort,ev,basis,onz,stan)	1	703956	97.2481
school N(soort,mv,basis)	1	703957	97.2483
schonen ADJ(dial)	1	703958	97.2484
schommelen WW(inf,vrij,zonder)	1	703959	97.2486
scholieren.com SPEC(symb)	1	703960	97.2487
scholier N(soort,mv,basis)	1	703961	97.2488
schokken WW(od,vrij,zonder)	1	703962	97.249
schokken WW(od,prenom,met-e)	1	703963	97.2491
schokkaert WW(pv,tgw,met-t)	1	703964	97.2493
schoepen WW(inf,vrij,zonder)	1	703965	97.2494
schoenenzaak N(soort,ev,basis,zijd,stan)	1	703966	97.2495
schoenenjacht N(soort,ev,basis,zijd,stan)	1	703967	97.2497
schoene N(soort,ev,basis,zijd,stan)	1	703968	97.2498
schoemakerstraat N(soort,ev,basis,zijd,stan)	1	703969	97.2499
schocking N(soort,ev,basis,zijd,stan)	1	703970	97.2501
schnitzeln SPEC(vreemd)	1	703971	97.2502
schnitzel N(soort,mv,basis)	1	703972	97.2504
schnitzel N(soort,ev,basis,zijd,stan)	1	703973	97.2505
schnell WW(vd,vrij,zonder)	1	703974	97.2506
schnel ADJ(vrij,basis,zonder)	1	703975	97.2508
schnaps SPEC(vreemd)	1	703976	97.2509
schnaps N(soort,ev,basis,zijd,stan)	1	703977	97.251
schmucks SPEC(vreemd)	1	703978	97.2512
schmub N(soort,ev,basis,zijd,stan)	1	703979	97.2513
schminken WW(vd,vrij,zonder)	1	703980	97.2515
schlemielig ADJ(vrij,basis,zonder)	1	703981	97.2516
schlampe SPEC(vreemd)	1	703982	97.2517
schlaggen WW(pv,tgw,met-t)	1	703983	97.2519
schlafen WW(inf,vrij,zonder)	1	703984	97.252
schitteren WW(inf,nom,zonder,zonder-n)	1	703985	97.2522
schir N(soort,ev,basis,zijd,stan)	1	703986	97.2523
schir ADJ(vrij,basis,zonder)	1	703987	97.2524
schip N(soort,mv,basis)	1	703988	97.2526
schip N(soort,ev,basis,onz,stan)	1	703989	97.2527
schilperoord ADJ(vrij,basis,zonder)	1	703990	97.2528
schildklier N(soort,ev,basis,zijd,stan)	1	703991	97.253
schildersbedrijf N(soort,ev,basis,onz,stan)	1	703992	97.2531
schilderij N(soort,mv,basis)	1	703993	97.2533
schilderij N(soort,ev,dim,onz,stan)	1	703994	97.2534
schilderhulp N(soort,ev,basis,zijd,stan)	1	703995	97.2535
schilder N(soort,mv,basis)	1	703996	97.2537
schilder N(soort,ev,basis,zijd,stan)	1	703997	97.2538
schil N(soort,mv,basis)	1	703998	97.2539
schikken WW(vd,vrij,zonder)	1	703999	97.2541
schijtweer N(soort,ev,basis,onz,stan)	1	704000	97.2542
schijtplaneet N(soort,ev,basis,zijd,stan)	1	704001	97.2544
schijtlawaai ADJ(vrij,basis,zonder)	1	704002	97.2545
schijthogeschool N(soort,ev,basis,zijd,stan)	1	704003	97.2546
schijtexamen N(soort,mv,basis)	1	704004	97.2548
schijter N(soort,ev,basis,zijd,stan)	1	704005	97.2549
schijten WW(vd,vrij,zonder)	1	704006	97.2551
schijtedure ADJ(prenom,basis,met-e,stan)	1	704007	97.2552
schijtebeu N(soort,ev,basis,onz,stan)	1	704008	97.2553
schijtbeest N(soort,mv,basis)	1	704009	97.2555
schijt N(soort,ev,basis,zijd,stan)	1	704010	97.2556
schijnen WW(pv,tgw,mv)	1	704011	97.2557
schijnen WW(pv,tgw,ev)	1	704012	97.2559
schijf N(soort,ev,dim,onz,stan)	1	704013	97.256
schieten WW(vd,vrij,zonder)	1	704014	97.2562
schieten WW(pv,tgw,mv)	1	704015	97.2563
schiedams ADJ(prenom,basis,met-e,stan)	1	704016	97.2564
scheveningen WW(vd,vrij,zonder)	1	704017	97.2566
schev N(soort,ev,basis,zijd,stan)	1	704018	97.2567
scheut N(soort,ev,basis,zijd,stan)	1	704019	97.2569
scheuren WW(pv,verl,ev)	1	704020	97.257
scherp ADJ(nom,sup,zonder,zonder-n)	1	704021	97.2571
schermen WW(inf,vrij,zonder)	1	704022	97.2573
scherme N(soort,ev,basis,zijd,stan)	1	704023	97.2574
scherf N(soort,mv,basis)	1	704024	97.2575
scheppen WW(pv,tgw,met-t)	1	704025	97.2577
scheppen WW(pv,tgw,ev)	1	704026	97.2578
schep N(soort,mv,dim)	1	704027	97.258
schenken WW(pv,tgw,mv)	1	704028	97.2581
schenken WW(pv,tgw,met-t)	1	704029	97.2582
schemeren WW(pv,tgw,met-t)	1	704030	97.2584
schematisch ADJ(vrij,basis,zonder)	1	704031	97.2585
schelmes N(soort,mv,basis)	1	704032	97.2586
schelde-aud N(soort,ev,basis,onz,stan)	1	704033	97.2588
schelde N(soort,ev,basis,zijd,stan)	1	704034	97.2589
scheidsrechtersvak N(soort,ev,basis,onz,stan)	1	704035	97.2591
scheidsen WW(inf,vrij,zonder)	1	704036	97.2592
scheidsen N(soort,ev,basis,onz,stan)	1	704037	97.2593
scheiden WW(vd,vrij,zonder)	1	704038	97.2595
scheiden WW(pv,tgw,mv)	1	704039	97.2596
scheiden WW(inf,vrij,zonder)	1	704040	97.2598
scheetis N(soort,ev,basis,zijd,stan)	1	704041	97.2599
scheet N(soort,ev,basis,zijd,stan)	1	704042	97.26
scheepsmaatje N(soort,mv,dim)	1	704043	97.2602
scheepsmaatje N(soort,ev,dim,onz,stan)	1	704044	97.2603
scheenbeen N(soort,ev,basis,onz,stan)	1	704045	97.2604
scheel ADJ(prenom,basis,met-e,stan)	1	704046	97.2606
schee N(soort,ev,basis,zijd,stan)	1	704047	97.2607
schedule N(soort,ev,basis,zijd,stan)	1	704048	97.2609
schedule ADJ(prenom,basis,met-e,stan)	1	704049	97.261
schatzieeee N(soort,ev,basis,zijd,stan)	1	704050	97.2611
schattinge ADJ(prenom,basis,met-e,stan)	1	704051	97.2613
schattigste WW(pv,verl,ev)	1	704052	97.2614
schattig ADJ(prenom,basis,zonder)	1	704053	97.2615
schattie N(soort,mv,basis)	1	704054	97.2617
schattebout WW(pv,verl,ev)	1	704055	97.2618
schattebout N(soort,ev,dim,onz,stan)	1	704056	97.262
schattebol N(soort,ev,basis,onz,stan)	1	704057	97.2621
schattebol ADJ(vrij,basis,zonder)	1	704058	97.2622
schats N(soort,ev,basis,zijd,stan)	1	704059	97.2624
schatke N(soort,ev,dim,onz,stan)	1	704060	97.2625
schatje(s) N(soort,mv,basis)	1	704061	97.2627
schat BW()	1	704062	97.2628
scharrelkip N(soort,ev,basis,zijd,stan)	1	704063	97.2629
scharrelei N(soort,ev,dim,onz,stan)	1	704064	97.2631
schappelijk ADJ(prenom,basis,met-e,stan)	1	704065	97.2632
schapenstraat N(soort,ev,basis,zijd,stan)	1	704066	97.2633
schansstraat N(soort,ev,basis,zijd,stan)	1	704067	97.2635
schandelijk ADJ(prenom,basis,met-e,stan)	1	704068	97.2636
schandalig ADJ(prenom,basis,met-e,stan)	1	704069	97.2638
schalk N(soort,ev,basis,zijd,stan)	1	704070	97.2639
schakelen WW(inf,vrij,zonder)	1	704071	97.264
schakel N(soort,ev,basis,zijd,stan)	1	704072	97.2642
schagen N(soort,mv,basis)	1	704073	97.2643
schaffen WW(pv,tgw,met-t)	1	704074	97.2644
schaffen WW(inf,vrij,zonder)	1	704075	97.2646
schaduw N(soort,ev,basis,zijd,stan)	1	704076	97.2647
schadeformulier N(soort,ev,basis,onz,stan)	1	704077	97.2649
schade SPEC(vreemd)	1	704078	97.265
schachtenexamen N(soort,mv,basis)	1	704079	97.2651
schacht N(soort,ev,dim,onz,stan)	1	704080	97.2653
schaatstalent WW(pv,tgw,met-t)	1	704081	97.2654
schaatsdag N(soort,ev,basis,zijd,stan)	1	704082	97.2656
schaats N(soort,ev,basis,zijd,stan)	1	704083	97.2657
schaars ADJ(vrij,basis,zonder)	1	704084	97.2658
schaarbeek N(soort,ev,basis,zijd,stan)	1	704085	97.266
schaapsweg N(soort,ev,basis,onz,stan)	1	704086	97.2661
schaamte N(soort,ev,basis,zijd,stan)	1	704087	97.2662
schaal N(soort,mv,basis)	1	704088	97.2664
schAt SPEC(vreemd)	1	704089	97.2665
sceptisch ADJ(vrij,basis,zonder)	1	704090	97.2667
scenes SPEC(vreemd)	1	704091	97.2668
scene N(soort,mv,basis)	1	704092	97.2669
scary VNW(aanw,adv-pron,obl,vol,3o,getal)	1	704093	97.2671
scart WW(pv,tgw,met-t)	1	704094	97.2672
scarlet SPEC(symb)	1	704095	97.2673
scarf SPEC(vreemd)	1	704096	97.2675
scared SPEC(vreemd)	1	704097	97.2676
scapino N(soort,ev,basis,zijd,stan)	1	704098	97.2678
scanner-pc N(soort,ev,basis,zijd,stan)	1	704099	97.2679
scannen WW(pv,tgw,ev)	1	704100	97.268
scanne N(soort,ev,basis,zijd,stan)	1	704101	97.2682
scandinavisch ADJ(prenom,basis,met-e,stan)	1	704102	97.2683
scan N(soort,mv,basis)	1	704103	97.2685
scan N(soort,ev,basis,zijd,stan)	1	704104	97.2686
scampi N(soort,mv,basis)	1	704105	97.2687
scampi N(soort,ev,basis,onz,stan)	1	704106	97.2689
sb N(soort,mv,basis)	1	704107	97.269
sayin SPEC(vreemd)	1	704108	97.2691
saya N(soort,ev,basis,zijd,stan)	1	704109	97.2693
say N(soort,mv,basis)	1	704110	97.2694
saxo N(soort,ev,basis,zijd,stan)	1	704111	97.2696
sawÃ© N(soort,ev,basis,zijd,stan)	1	704112	97.2697
saweet N(soort,ev,basis,onz,stan)	1	704113	97.2698
saweet ADJ(vrij,basis,zonder)	1	704114	97.27
saw N(soort,ev,basis,zijd,stan)	1	704115	97.2701
savonds SPEC(deeleigen)	1	704116	97.2703
savonds N(soort,ev,basis,zijd,stan)	1	704117	97.2704
savonds ADJ(prenom,basis,zonder)	1	704118	97.2705
savonds ADJ(postnom,basis,met-s)	1	704119	97.2707
saved N(soort,ev,basis,onz,stan)	1	704120	97.2708
save N(soort,ev,basis,zijd,stan)	1	704121	97.2709
sava N(soort,ev,basis,onz,stan)	1	704122	97.2711
sauzen WW(vd,vrij,zonder)	1	704123	97.2712
sausmix N(soort,ev,basis,zijd,stan)	1	704124	97.2714
sausen WW(inf,vrij,zonder)	1	704125	97.2715
saus N(soort,ev,dim,onz,stan)	1	704126	97.2716
saunderson SPEC(vreemd)	1	704127	97.2718
saunacomplex N(soort,ev,dim,onz,stan)	1	704128	97.2719
saunacomplex N(soort,ev,basis,onz,stan)	1	704129	97.272
sauerbraten WW(inf,vrij,zonder)	1	704130	97.2722
satÃ©prikket N(soort,ev,basis,onz,stan)	1	704131	97.2723
saturday N(soort,ev,basis,zijd,stan)	1	704132	97.2725
saturday ADJ(vrij,basis,zonder)	1	704133	97.2726
sate's N(soort,mv,basis)	1	704134	97.2727
sate N(soort,ev,basis,zijd,stan)	1	704135	97.2729
satc-film N(soort,ev,basis,zijd,stan)	1	704136	97.273
satan N(soort,ev,basis,zijd,stan)	1	704137	97.2732
saskia N(soort,ev,basis,zijd,stan)	1	704138	97.2733
sarrah ADJ(vrij,basis,zonder)	1	704139	97.2734
sardinia N(soort,mv,basis)	1	704140	97.2736
sardientjesdoos N(soort,ev,dim,onz,stan)	1	704141	97.2737
sarcofaag N(soort,ev,basis,zijd,stan)	1	704142	97.2738
sarang N(soort,ev,basis,zijd,stan)	1	704143	97.274
sarah SPEC(vreemd)	1	704144	97.2741
sara SPEC(vreemd)	1	704145	97.2743
sar N(soort,ev,basis,zijd,stan)	1	704146	97.2744
sappig ADJ(prenom,basis,met-e,stan)	1	704147	97.2745
sapph ADJ(vrij,basis,zonder)	1	704148	97.2747
sapna SPEC(vreemd)	1	704149	97.2748
sapkuur N(soort,ev,basis,zijd,stan)	1	704150	97.2749
sapcentrifuge N(soort,ev,basis,zijd,stan)	1	704151	97.2751
santino N(soort,ev,basis,zijd,stan)	1	704152	97.2752
santigold N(soort,ev,basis,onz,stan)	1	704153	97.2754
sant N(soort,ev,basis,onz,stan)	1	704154	97.2755
sant ADJ(prenom,basis,met-e,stan)	1	704155	97.2756
sanseveria N(soort,ev,basis,zijd,stan)	1	704156	97.2758
sanne TW(hoofd,dial)	1	704157	97.2759
sanka SPEC(vreemd)	1	704158	97.2761
sangria N(soort,ev,basis,onz,stan)	1	704159	97.2762
sanepa SPEC(vreemd)	1	704160	97.2763
sandrine N(soort,ev,basis,zijd,stan)	1	704161	97.2765
sander ADJ(vrij,comp,zonder)	1	704162	97.2766
sandeep SPEC(vreemd)	1	704163	97.2767
sandaal N(soort,mv,basis)	1	704164	97.2769
sanctum N(soort,ev,basis,zijd,stan)	1	704165	97.277
sanctum N(soort,ev,basis,onz,stan)	1	704166	97.2772
san SPEC(vreemd)	1	704167	97.2773
samurai N(soort,ev,basis,zijd,stan)	1	704168	97.2774
samson SPEC(deeleigen)	1	704169	97.2776
samson N(soort,ev,basis,zijd,stan)	1	704170	97.2777
samn WW(vd,vrij,zonder)	1	704171	97.2778
sammy N(soort,ev,basis,onz,stan)	1	704172	97.278
samenzoekn WW(inf,vrij,zonder)	1	704173	97.2781
samenzoeken WW(inf,vrij,zonder)	1	704174	97.2783
samenzitten WW(inf,vrij,zonder)	1	704175	97.2784
samenzijn N(soort,ev,basis,onz,stan)	1	704176	97.2785
samenzetten WW(inf,vrij,zonder)	1	704177	97.2787
samenwonen WW(inf,nom,zonder,zonder-n)	1	704178	97.2788
samenvoegen WW(vd,vrij,zonder)	1	704179	97.279
samenvatting WW(pv,tgw,ev)	1	704180	97.2791
samenvatten WW(vd,vrij,zonder)	1	704181	97.2792
samenvatten WW(od,vrij,zonder)	1	704182	97.2794
samenvatten WW(inf,vrij,zonder)	1	704183	97.2795
samenvallen WW(pv,tgw,mv)	1	704184	97.2796
samenstellen WW(inf,vrij,zonder)	1	704185	97.2798
samenleving N(soort,mv,basis)	1	704186	97.2799
samenleving N(soort,ev,basis,zijd,stan)	1	704187	97.2801
samenleven WW(inf,nom,zonder,zonder-n)	1	704188	97.2802
samenhokken WW(inf,vrij,zonder)	1	704189	97.2803
samendoen WW(inf,vrij,zonder)	1	704190	97.2805
samedisoir SPEC(vreemd)	1	704191	97.2806
samedi WW(pv,tgw,ev)	1	704192	97.2807
samedi SPEC(vreemd)	1	704193	97.2809
sambuca N(soort,ev,basis,zijd,stan)	1	704194	97.281
sambal N(soort,ev,basis,zijd,stan)	1	704195	97.2812
samaritanen N(soort,mv,basis)	1	704196	97.2813
sam BW()	1	704197	97.2814
salut N(soort,mv,dim)	1	704198	97.2816
salueren WW(inf,vrij,zonder)	1	704199	97.2817
salto N(soort,ev,basis,zijd,stan)	1	704200	97.2819
salope SPEC(vreemd)	1	704201	97.282
salon N(soort,ev,basis,zijd,stan)	1	704202	97.2821
sallinger ADJ(vrij,comp,zonder)	1	704203	97.2823
salesrush N(soort,ev,basis,zijd,stan)	1	704204	97.2824
salary SPEC(deeleigen)	1	704205	97.2825
salami N(soort,ev,basis,zijd,stan)	1	704206	97.2827
sakura N(soort,ev,basis,zijd,stan)	1	704207	97.2828
sake SPEC(vreemd)	1	704208	97.283
saints SPEC(vreemd)	1	704209	97.2831
sailor SPEC(vreemd)	1	704210	97.2832
sailen N(soort,mv,basis)	1	704211	97.2834
saido SPEC(deeleigen)	1	704212	97.2835
saido N(soort,ev,basis,zijd,stan)	1	704213	97.2837
sahara N(soort,ev,basis,zijd,stan)	1	704214	97.2838
sage N(soort,mv,basis)	1	704215	97.2839
sag's N(soort,mv,basis)	1	704216	97.2841
safke N(soort,ev,dim,onz,stan)	1	704217	97.2842
saffre SPEC(vreemd)	1	704218	97.2843
safetycar N(soort,ev,basis,zijd,stan)	1	704219	97.2845
safely N(soort,ev,basis,zijd,stan)	1	704220	97.2846
safari N(soort,ev,basis,zijd,stan)	1	704221	97.2848
saf SPEC(deeleigen)	1	704222	97.2849
sack N(soort,ev,basis,zijd,stan)	1	704223	97.285
sachimi N(soort,ev,basis,onz,stan)	1	704224	97.2852
sachemtent N(soort,ev,basis,zijd,stan)	1	704225	97.2853
sachem N(soort,mv,basis)	1	704226	97.2854
saboteur N(soort,ev,basis,zijd,stan)	1	704227	97.2856
saboteren WW(vd,vrij,zonder)	1	704228	97.2857
sabiet N(soort,ev,basis,onz,stan)	1	704229	97.2859
sabbe SPEC(vreemd)	1	704230	97.286
sabbe ADJ(prenom,basis,met-e,stan)	1	704231	97.2861
saau N(soort,ev,basis,onz,stan)	1	704232	97.2863
saar N(soort,ev,basis,zijd,stan)	1	704233	97.2864
saar ADJ(vrij,basis,zonder)	1	704234	97.2866
saampjes N(soort,mv,dim)	1	704235	97.2867
saaien N(soort,ev,basis,onz,stan)	1	704236	97.2868
saaiemensenwereld N(soort,ev,basis,zijd,stan)	1	704237	97.287
saai N(soort,mv,dim)	1	704238	97.2871
saai ADJ(nom,basis,met-e,zonder-n,stan)	1	704239	97.2872
saaaai N(soort,ev,basis,zijd,stan)	1	704240	97.2874
saaaaaaai N(soort,ev,basis,zijd,stan)	1	704241	97.2875
saaaaaaaaaai N(soort,ev,basis,zijd,stan)	1	704242	97.2877
s-video N(soort,ev,basis,zijd,stan)	1	704243	97.2878
s-relaps ADJ(prenom,basis,met-e,stan)	1	704244	97.2879
s-nummer N(soort,ev,basis,zijd,stan)	1	704245	97.2881
s-crisis N(soort,ev,basis,zijd,stan)	1	704246	97.2882
ryexamen WW(inf,vrij,zonder)	1	704247	97.2883
ryen WW(pv,verl,ev)	1	704248	97.2885
ryden WW(pv,tgw,met-t)	1	704249	97.2886
rxzaal N(soort,ev,basis,zijd,stan)	1	704250	97.2888
rx N(soort,ev,basis,zijd,stan)	1	704251	97.2889
rw N(soort,mv,basis)	1	704252	97.289
rvs N(soort,ev,basis,zijd,stan)	1	704253	97.2892
rver N(soort,ev,basis,zijd,stan)	1	704254	97.2893
rva N(soort,mv,basis)	1	704255	97.2895
rva N(soort,ev,basis,zijd,stan)	1	704256	97.2896
ruziemaken WW(inf,vrij,zonder)	1	704257	97.2897
ruzie-jongen N(soort,mv,basis)	1	704258	97.2899
ruzie N(soort,mv,basis)	1	704259	97.29
ruzie N(soort,ev,dim,onz,stan)	1	704260	97.2901
ruw ADJ(prenom,basis,met-e,stan)	1	704261	97.2903
ruudiebooooj N(soort,ev,basis,zijd,stan)	1	704262	97.2904
rutmer N(soort,ev,basis,zijd,stan)	1	704263	97.2906
ruth ADJ(vrij,basis,zonder)	1	704264	97.2907
rutger BW()	1	704265	97.2908
rut N(soort,ev,basis,zijd,stan)	1	704266	97.291
rusty N(soort,ev,basis,zijd,stan)	1	704267	97.2911
rustmomenten WW(inf,vrij,zonder)	1	704268	97.2912
rustmoment N(soort,ev,dim,onz,stan)	1	704269	97.2914
rustig ADJ(prenom,comp,zonder)	1	704270	97.2915
rustig ADJ(postnom,basis,met-s)	1	704271	97.2917
rustgevend ADJ(vrij,basis,zonder)	1	704272	97.2918
rusten WW(inf,nom,zonder,zonder-n)	1	704273	97.2919
russisch ADJ(prenom,basis,zonder)	1	704274	97.2921
rus N(soort,ev,basis,zijd,stan)	1	704275	97.2922
ruruka SPEC(vreemd)	1	704276	97.2924
rupees SPEC(vreemd)	1	704277	97.2925
runway N(soort,ev,basis,zijd,stan)	1	704278	97.2926
runnen WW(pv,tgw,met-t)	1	704279	97.2928
runnen WW(inf,vrij,zonder)	1	704280	97.2929
runne N(soort,ev,basis,zijd,stan)	1	704281	97.293
rundsstoofvlees WW(pv,verl,ev)	1	704282	97.2932
rundergehakt N(soort,ev,basis,onz,stan)	1	704283	97.2933
run SPEC(vreemd)	1	704284	97.2935
rumoerig ADJ(vrij,basis,zonder)	1	704285	97.2936
rum SPEC(vreemd)	1	704286	97.2937
rulen WW(pv,tgw,met-t)	1	704287	97.2939
ruit N(soort,mv,dim)	1	704288	97.294
ruined WW(pv,verl,ev)	1	704289	97.2941
ruimen WW(pv,tgw,mv)	1	704290	97.2943
ruim ADJ(prenom,basis,zonder)	1	704291	97.2944
ruim ADJ(prenom,basis,met-e,stan)	1	704292	97.2946
ruilverzoek N(soort,ev,basis,zijd,stan)	1	704293	97.2947
ruilverzoek N(soort,ev,basis,onz,stan)	1	704294	97.2948
ruiling N(soort,ev,basis,zijd,stan)	1	704295	97.295
ruilen WW(vd,vrij,zonder)	1	704296	97.2951
ruilen WW(pv,tgw,ev)	1	704297	97.2953
ruig ADJ(prenom,basis,zonder)	1	704298	97.2954
rugzak N(soort,ev,dim,onz,stan)	1	704299	97.2955
rugoefening N(soort,mv,dim)	1	704300	97.2957
rugklacht N(soort,mv,basis)	1	704301	97.2958
ruggenprik N(soort,ev,basis,zijd,stan)	1	704302	97.2959
rugbyclubhuis N(soort,ev,basis,onz,stan)	1	704303	97.2961
rugbindweefsel N(soort,ev,basis,zijd,stan)	1	704304	97.2962
rug N(soort,ev,dim,onz,stan)	1	704305	97.2964
rudybox N(soort,ev,basis,zijd,stan)	1	704306	97.2965
rudy SPEC(deeleigen)	1	704307	97.2966
rudimentary SPEC(vreemd)	1	704308	97.2968
rudebox N(soort,ev,basis,zijd,stan)	1	704309	97.2969
rude SPEC(vreemd)	1	704310	97.2971
ruby SPEC(vreemd)	1	704311	97.2972
ruby N(soort,ev,basis,zijd,stan)	1	704312	97.2973
rubenkan N(soort,ev,basis,zijd,stan)	1	704313	97.2975
ruben SPEC(vreemd)	1	704314	97.2976
rubdown SPEC(vreemd)	1	704315	97.2977
rubberen ADJ(prenom,basis,zonder)	1	704316	97.2979
rubber N(soort,ev,basis,onz,stan)	1	704317	97.298
ru ADJ(vrij,basis,zonder)	1	704318	97.2982
rtl N(soort,ev,basis,onz,stan)	1	704319	97.2983
rst N(soort,ev,basis,zijd,stan)	1	704320	97.2984
rsi ADJ(vrij,basis,zonder)	1	704321	97.2986
rsca N(soort,mv,basis)	1	704322	97.2987
rrrrraaaaawwwww SPEC(symb)	1	704323	97.2988
rrr N(soort,ev,basis,zijd,stan)	1	704324	97.299
rozier N(soort,ev,basis,zijd,stan)	1	704325	97.2991
rozie N(soort,ev,basis,zijd,stan)	1	704326	97.2993
rozenburg N(soort,ev,basis,zijd,stan)	1	704327	97.2994
rozenblaadjes N(soort,mv,basis)	1	704328	97.2995
rozemarijnbrug N(soort,ev,basis,onz,stan)	1	704329	97.2997
rozebroekn N(soort,ev,basis,zijd,stan)	1	704330	97.2998
rozebeke ADJ(prenom,basis,met-e,stan)	1	704331	97.3
roy N(soort,mv,basis)	1	704332	97.3001
rouwen WW(pv,tgw,met-t)	1	704333	97.3002
rouwen WW(inf,vrij,zonder)	1	704334	97.3004
rouwen WW(inf,nom,zonder,zonder-n)	1	704335	97.3005
routervraag N(soort,ev,basis,zijd,stan)	1	704336	97.3006
routeplanner N(soort,ev,basis,zijd,stan)	1	704337	97.3008
routeding N(soort,mv,basis)	1	704338	97.3009
routebeschriving N(soort,ev,basis,zijd,stan)	1	704339	97.3011
routebeschr ADJ(vrij,basis,zonder)	1	704340	97.3012
route N(soort,mv,basis)	1	704341	97.3013
rounds SPEC(vreemd)	1	704342	97.3015
roundabout WW(pv,tgw,met-t)	1	704343	97.3016
rouge SPEC(vreemd)	1	704344	97.3017
roubaix N(soort,ev,basis,onz,stan)	1	704345	97.3019
rottig ADJ(prenom,basis,met-e,stan)	1	704346	97.302
rotterdammert N(soort,ev,basis,zijd,stan)	1	704347	97.3022
rotterdammer N(soort,mv,basis)	1	704348	97.3023
rotten WW(inf,vrij,zonder)	1	704349	97.3024
rotstuk N(soort,ev,basis,onz,stan)	1	704350	97.3026
rots N(soort,mv,basis)	1	704351	97.3027
rotonde N(soort,ev,basis,zijd,stan)	1	704352	97.3029
rotleven N(soort,ev,basis,onz,stan)	1	704353	97.303
rotles N(soort,mv,basis)	1	704354	97.3031
rothond N(soort,mv,basis)	1	704355	97.3033
rothand N(soort,mv,dim)	1	704356	97.3034
rotding N(soort,ev,basis,onz,stan)	1	704357	97.3035
rotaract N(soort,ev,basis,onz,stan)	1	704358	97.3037
rosseel N(soort,ev,basis,zijd,stan)	1	704359	97.3038
rosr N(soort,ev,basis,zijd,stan)	1	704360	97.304
roselien WW(inf,vrij,zonder)	1	704361	97.3041
roselien N(soort,ev,basis,zijd,stan)	1	704362	97.3042
rosa N(soort,ev,basis,zijd,stan)	1	704363	97.3044
ros ADJ(nom,sup,met-e,zonder-n,stan)	1	704364	97.3045
rootfs N(soort,mv,basis)	1	704365	97.3046
root SPEC(vreemd)	1	704366	97.3048
rooster N(soort,mv,basis)	1	704367	97.3049
rooster N(soort,ev,basis,zijd,stan)	1	704368	97.3051
roosendaal-survival N(soort,ev,basis,zijd,stan)	1	704369	97.3052
roosendaal ADJ(vrij,basis,zonder)	1	704370	97.3053
roosbeekstraat N(soort,ev,basis,zijd,stan)	1	704371	97.3055
roomweg BW()	1	704372	97.3056
roomservicemeisje N(soort,ev,dim,onz,stan)	1	704373	97.3058
roomsaus N(soort,ev,basis,zijd,stan)	1	704374	97.3059
roommate WW(pv,verl,ev)	1	704375	97.306
roomies N(soort,mv,dim)	1	704376	97.3062
roomboter N(soort,ev,basis,zijd,stan)	1	704377	97.3063
room ADJ(prenom,basis,met-e,stan)	1	704378	97.3064
rookie N(soort,ev,dim,onz,stan)	1	704379	97.3066
rookgeur N(soort,ev,basis,zijd,stan)	1	704380	97.3067
roof N(soort,ev,basis,zijd,stan)	1	704381	97.3069
roodkapje N(soort,ev,dim,onz,stan)	1	704382	97.307
roodharigendag N(soort,ev,basis,onz,stan)	1	704383	97.3071
roodharigen N(soort,mv,basis)	1	704384	97.3073
rood ADJ(nom,basis,zonder,zonder-n)	1	704385	97.3074
ronny SPEC(vreemd)	1	704386	97.3075
ronny N(soort,ev,basis,zijd,stan)	1	704387	97.3077
ronnie N(soort,ev,basis,zijd,stan)	1	704388	97.3078
ronkosaurus N(soort,ev,basis,zijd,stan)	1	704389	97.308
ronf N(soort,ev,basis,zijd,stan)	1	704390	97.3081
rondvragen WW(vd,vrij,zonder)	1	704391	97.3082
rondvragen WW(inf,vrij,zonder)	1	704392	97.3084
rondvraag N(soort,ev,basis,zijd,stan)	1	704393	97.3085
rondvaart N(soort,ev,basis,zijd,stan)	1	704394	97.3087
ronduit BW()	1	704395	97.3088
rondsturen WW(inf,vrij,zonder)	1	704396	97.3089
rondryden N(soort,mv,basis)	1	704397	97.3091
rondrit N(soort,ev,basis,zijd,stan)	1	704398	97.3092
rondrijden WW(pv,tgw,mv)	1	704399	97.3093
rondrijden WW(pv,tgw,met-t)	1	704400	97.3095
rondrijden WW(inf,vrij,zonder)	1	704401	97.3096
rondreis N(soort,ev,basis,zijd,stan)	1	704402	97.3098
rondom VZ(init)	1	704403	97.3099
rondneuzen WW(inf,nom,zonder,zonder-n)	1	704404	97.31
rondmailen WW(inf,vrij,zonder)	1	704405	97.3102
rondlopen WW(vd,vrij,zonder)	1	704406	97.3103
rondlopen WW(pv,tgw,mv)	1	704407	97.3105
rondleidingk N(soort,ev,dim,onz,stan)	1	704408	97.3106
rondleiden WW(vd,vrij,zonder)	1	704409	97.3107
rondkijken WW(inf,nom,zonder,zonder-n)	1	704410	97.3109
rondke N(soort,ev,dim,onz,stan)	1	704411	97.311
rondhoren WW(inf,vrij,zonder)	1	704412	97.3111
rondgelopen WW(inf,vrij,zonder)	1	704413	97.3113
rondgaan WW(inf,vrij,zonder)	1	704414	97.3114
ronde N(soort,mv,basis)	1	704415	97.3116
ronddelen WW(vd,vrij,zonder)	1	704416	97.3117
ronda N(soort,ev,basis,zijd,stan)	1	704417	97.3118
rond N(soort,mv,basis)	1	704418	97.312
rond ADJ(vrij,basis,zonder)	1	704419	97.3121
rond ADJ(prenom,basis,zonder)	1	704420	97.3122
rond ADJ(prenom,basis,met-e,stan)	1	704421	97.3124
ronald N(soort,ev,basis,onz,stan)	1	704422	97.3125
ron WW(inf,vrij,zonder)	1	704423	97.3127
ron SPEC(vreemd)	1	704424	97.3128
rompuy SPEC(vreemd)	1	704425	97.3129
rommelig ADJ(vrij,basis,zonder)	1	704426	97.3131
rommelen WW(vd,vrij,zonder)	1	704427	97.3132
rommelen WW(inf,vrij,zonder)	1	704428	97.3134
romelu N(soort,ev,basis,onz,stan)	1	704429	97.3135
romee N(soort,ev,basis,onz,stan)	1	704430	97.3136
romantic SPEC(vreemd)	1	704431	97.3138
romances N(soort,ev,basis,onz,stan)	1	704432	97.3139
roman N(soort,ev,dim,onz,stan)	1	704433	97.314
romain SPEC(vreemd)	1	704434	97.3142
romain N(soort,ev,basis,onz,stan)	1	704435	97.3143
roma N(soort,ev,basis,zijd,stan)	1	704436	97.3145
roltrap N(soort,ev,basis,zijd,stan)	1	704437	97.3146
rolstoeljongen N(soort,mv,basis)	1	704438	97.3147
rolluik N(soort,ev,basis,zijd,stan)	1	704439	97.3149
rollenpatroonbevestigende WW(od,prenom,met-e)	1	704440	97.315
rollen WW(pv,verl,ev)	1	704441	97.3151
rollen WW(pv,tgw,mv)	1	704442	97.3153
rollen WW(pv,tgw,met-t)	1	704443	97.3154
rollen WW(inf,vrij,zonder)	1	704444	97.3156
rollebollen WW(vd,vrij,zonder)	1	704445	97.3157
rollebollen N(soort,mv,basis)	1	704446	97.3158
rollade N(soort,ev,basis,zijd,stan)	1	704447	97.316
roll-haar ADJ(vrij,basis,zonder)	1	704448	97.3161
rolercoaster N(soort,ev,basis,zijd,stan)	1	704449	97.3163
role SPEC(vreemd)	1	704450	97.3164
rol N(soort,ev,dim,onz,stan)	1	704451	97.3165
rokkostuum N(soort,ev,basis,onz,stan)	1	704452	97.3167
rokert N(soort,ev,basis,onz,stan)	1	704453	97.3168
roken WW(pv,tgw,mv)	1	704454	97.3169
rok N(soort,ev,dim,onz,stan)	1	704455	97.3171
roike N(soort,ev,basis,zijd,stan)	1	704456	97.3172
roflmao N(soort,ev,basis,zijd,stan)	1	704457	97.3174
roet N(soort,ev,basis,onz,stan)	1	704458	97.3175
roestvrijstalen ADJ(prenom,basis,met-e,stan)	1	704459	97.3176
roestig ADJ(prenom,basis,zonder)	1	704460	97.3178
roesten WW(vd,vrij,zonder)	1	704461	97.3179
roest N(soort,ev,basis,zijd,stan)	1	704462	97.318
roeselare ADJ(prenom,basis,met-e,stan)	1	704463	97.3182
roermond SPEC(vreemd)	1	704464	97.3183
roeren WW(inf,vrij,zonder)	1	704465	97.3185
roerei N(soort,ev,dim,onz,stan)	1	704466	97.3186
roerbakken WW(inf,vrij,zonder)	1	704467	97.3187
roepen WW(pv,tgw,met-t)	1	704468	97.3189
roenschoen N(soort,ev,basis,zijd,stan)	1	704469	97.319
roen WW(vd,vrij,zonder)	1	704470	97.3192
roen N(soort,mv,basis)	1	704471	97.3193
roen N(soort,ev,basis,onz,stan)	1	704472	97.3194
roen ADJ(vrij,basis,zonder)	1	704473	97.3196
roemeentjes N(soort,mv,dim)	1	704474	97.3197
roemeens ADJ(prenom,basis,met-e,stan)	1	704475	97.3198
roel N(soort,ev,basis,zijd,stan)	1	704476	97.32
roekeloos ADJ(vrij,basis,zonder)	1	704477	97.3201
roe-hoe N(soort,ev,basis,zijd,stan)	1	704478	97.3203
rodman N(soort,ev,basis,zijd,stan)	1	704479	97.3204
rodenburg-van BW()	1	704480	97.3205
rodenburg N(soort,ev,basis,zijd,stan)	1	704481	97.3207
rodenbach N(soort,ev,basis,zijd,stan)	1	704482	97.3208
rodenbach ADJ(vrij,basis,zonder)	1	704483	97.3209
rodelbaan N(soort,ev,basis,zijd,stan)	1	704484	97.3211
roddelen WW(vd,vrij,zonder)	1	704485	97.3212
roddelen WW(inf,vrij,zonder)	1	704486	97.3214
rodddelen WW(inf,vrij,zonder)	1	704487	97.3215
roda N(soort,ev,basis,zijd,stan)	1	704488	97.3216
rockte WW(vd,prenom,met-e)	1	704489	97.3218
rocket SPEC(vreemd)	1	704490	97.3219
rocken WW(pv,tgw,met-t)	1	704491	97.3221
rockchef N(soort,ev,basis,onz,stan)	1	704492	97.3222
rock-and-roll-dans N(soort,mv,basis)	1	704493	97.3223
rock SPEC(deeleigen)	1	704494	97.3225
rochus N(soort,mv,basis)	1	704495	97.3226
rochelle N(soort,ev,basis,zijd,stan)	1	704496	97.3227
rochekle N(soort,ev,basis,zijd,stan)	1	704497	97.3229
robot N(soort,ev,basis,zijd,stan)	1	704498	97.323
roborally N(soort,ev,basis,zijd,stan)	1	704499	97.3232
robnt N(soort,ev,basis,onz,stan)	1	704500	97.3233
robinson WW(vd,vrij,zonder)	1	704501	97.3234
robinson SPEC(deeleigen)	1	704502	97.3236
robinson N(soort,ev,basis,onz,stan)	1	704503	97.3237
robinson ADJ(vrij,basis,zonder)	1	704504	97.3239
robbert N(soort,mv,basis)	1	704505	97.324
robbert N(soort,ev,basis,zijd,stan)	1	704506	97.3241
rob SPEC(vreemd)	1	704507	97.3243
roast N(soort,ev,basis,zijd,stan)	1	704508	97.3244
roan N(soort,ev,basis,zijd,stan)	1	704509	97.3245
roaming SPEC(vreemd)	1	704510	97.3247
roadtrip N(soort,ev,basis,zijd,stan)	1	704511	97.3248
roadrunner N(soort,ev,basis,zijd,stan)	1	704512	97.325
road WW(vd,vrij,zonder)	1	704513	97.3251
road WW(pv,verl,ev)	1	704514	97.3252
ro SPEC(vreemd)	1	704515	97.3254
rn N(soort,ev,basis,onz,stan)	1	704516	97.3255
rlx N(soort,ev,basis,zijd,stan)	1	704517	97.3256
rloor N(soort,ev,basis,zijd,stan)	1	704518	97.3258
rlapen N(soort,mv,basis)	1	704519	97.3259
rj N(soort,ev,basis,zijd,stan)	1	704520	97.3261
rivierenwijk N(soort,ev,basis,zijd,stan)	1	704521	97.3262
rivers SPEC(vreemd)	1	704522	97.3263
rivella N(soort,ev,basis,zijd,stan)	1	704523	97.3265
ritselen WW(vd,vrij,zonder)	1	704524	97.3266
ritprijs N(soort,ev,basis,zijd,stan)	1	704525	97.3268
ritchie N(soort,ev,basis,zijd,stan)	1	704526	97.3269
rit N(soort,mv,dim)	1	704527	97.327
riskeren WW(pv,tgw,ev)	1	704528	97.3272
riskeren WW(inf,vrij,zonder)	1	704529	97.3273
risk SPEC(vreemd)	1	704530	97.3274
risico N(soort,ev,basis,genus,stan)	1	704531	97.3276
ripley SPEC(vreemd)	1	704532	97.3277
rioter N(soort,mv,basis)	1	704533	97.3279
riolering N(soort,ev,basis,zijd,stan)	1	704534	97.328
rinkelen WW(vd,vrij,zonder)	1	704535	97.3281
ringtone SPEC(vreemd)	1	704536	97.3283
ringenkoper N(soort,ev,basis,zijd,stan)	1	704537	97.3284
ringbaan WW(vd,vrij,zonder)	1	704538	97.3285
rina N(soort,ev,basis,zijd,stan)	1	704539	97.3287
rimpel N(soort,ev,dim,onz,stan)	1	704540	97.3288
rimbah SPEC(deeleigen)	1	704541	97.329
rilling N(soort,mv,basis)	1	704542	97.3291
riksha-able SPEC(vreemd)	1	704543	97.3292
rikke SPEC(vreemd)	1	704544	97.3294
rijsttafel N(soort,ev,basis,zijd,stan)	1	704545	97.3295
rijssel N(soort,ev,basis,genus,stan)	1	704546	97.3297
rijs N(soort,ev,basis,onz,stan)	1	704547	97.3298
rijp ADJ(prenom,basis,met-e,stan)	1	704548	97.3299
rijm N(soort,mv,dim)	1	704549	97.3301
rijksregisternummer N(soort,ev,basis,onz,stan)	1	704550	97.3302
rijklaar ADJ(vrij,basis,zonder)	1	704551	97.3303
rijkelijk ADJ(vrij,basis,zonder)	1	704552	97.3305
rijk ADJ(vrij,comp,zonder)	1	704553	97.3306
rijk ADJ(nom,basis,met-e,zonder-n,stan)	1	704554	97.3308
rijdn N(soort,mv,basis)	1	704555	97.3309
rijden N(soort,ev,basis,onz,stan)	1	704556	97.331
rijde N(soort,ev,basis,zijd,stan)	1	704557	97.3312
riigen WW(pv,tgw,met-t)	1	704558	97.3313
rih ADJ(vrij,basis,zonder)	1	704559	97.3314
rigting N(soort,ev,basis,zijd,stan)	1	704560	97.3316
rigoreus ADJ(vrij,basis,zonder)	1	704561	97.3317
right N(soort,ev,basis,zijd,stan)	1	704562	97.3319
rietje N(soort,ev,dim,onz,stan)	1	704563	97.332
riet N(soort,ev,basis,onz,stan)	1	704564	97.3321
rien SPEC(deeleigen)	1	704565	97.3323
rieken WW(pv,verl,ev)	1	704566	97.3324
rieken WW(pv,tgw,met-t)	1	704567	97.3326
riedel N(soort,ev,dim,onz,stan)	1	704568	97.3327
rider N(soort,ev,basis,zijd,stan)	1	704569	97.3328
ridderstraat N(soort,ev,basis,zijd,stan)	1	704570	97.333
ridder N(soort,mv,basis)	1	704571	97.3331
ridder N(soort,ev,basis,zijd,stan)	1	704572	97.3332
rid SPEC(vreemd)	1	704573	97.3334
rick SPEC(vreemd)	1	704574	97.3335
richtuur N(soort,ev,basis,zijd,stan)	1	704575	97.3337
richtungen N(soort,mv,basis)	1	704576	97.3338
richten WW(vd,vrij,zonder)	1	704577	97.3339
riches N(soort,mv,basis)	1	704578	97.3341
richard TW(hoofd,prenom,stan)	1	704579	97.3342
rich ADJ(prenom,basis,zonder)	1	704580	97.3344
ribster N(soort,mv,basis)	1	704581	97.3345
ribbe N(soort,ev,dim,onz,stan)	1	704582	97.3346
ria N(soort,ev,basis,zijd,stan)	1	704583	97.3348
ri N(soort,mv,basis)	1	704584	97.3349
rhuis N(soort,ev,basis,zijd,stan)	1	704585	97.335
rhodos N(soort,ev,basis,zijd,stan)	1	704586	97.3352
rhodos ADJ(vrij,basis,zonder)	1	704587	97.3353
rhetorical N(soort,ev,basis,zijd,stan)	1	704588	97.3355
rheres SPEC(vreemd)	1	704589	97.3356
rhcp N(soort,ev,basis,zijd,stan)	1	704590	97.3357
reÃ¯ncarnatie N(soort,ev,basis,zijd,stan)	1	704591	97.3359
reyes N(soort,mv,dim)	1	704592	97.336
revolving SPEC(vreemd)	1	704593	97.3361
revision SPEC(vreemd)	1	704594	97.3363
reviseren WW(vd,vrij,zonder)	1	704595	97.3364
reviews SPEC(vreemd)	1	704596	97.3366
reviews N(soort,ev,basis,zijd,stan)	1	704597	97.3367
reviewers SPEC(vreemd)	1	704598	97.3368
review N(soort,mv,basis)	1	704599	97.337
revanche N(soort,ev,basis,zijd,stan)	1	704600	97.3371
reuzenrad N(soort,ev,basis,onz,stan)	1	704601	97.3373
reuzenieuwsgierigdochookbraafgrieksleren WW(od,vrij,zonder)	1	704602	97.3374
reus N(soort,ev,basis,zijd,stan)	1	704603	97.3375
reunist N(soort,mv,basis)	1	704604	97.3377
reunie N(soort,ev,basis,zijd,stan)	1	704605	97.3378
rettekettet N(soort,ev,basis,onz,stan)	1	704606	97.3379
retreated SPEC(vreemd)	1	704607	97.3381
retourneren WW(inf,vrij,zonder)	1	704608	97.3382
retouche N(soort,mv,basis)	1	704609	97.3384
retepijn N(soort,ev,basis,zijd,stan)	1	704610	97.3385
reteketet N(soort,ev,basis,onz,stan)	1	704611	97.3386
rete ADJ(vrij,basis,zonder)	1	704612	97.3388
retarded SPEC(vreemd)	1	704613	97.3389
ret N(soort,mv,basis)	1	704614	97.339
result WW(pv,tgw,met-t)	1	704615	97.3392
resubmit N(soort,mv,basis)	1	704616	97.3393
restrain SPEC(vreemd)	1	704617	97.3395
restore SPEC(vreemd)	1	704618	97.3396
restoot N(soort,ev,dim,onz,stan)	1	704619	97.3397
restless SPEC(vreemd)	1	704620	97.3399
rester SPEC(vreemd)	1	704621	97.34
restaurants SPEC(vreemd)	1	704622	97.3402
restart N(soort,ev,basis,zijd,stan)	1	704623	97.3403
restant N(soort,mv,basis)	1	704624	97.3404
restafval N(soort,ev,basis,onz,stan)	1	704625	97.3406
responsible SPEC(vreemd)	1	704626	97.3407
respecteren WW(inf,vrij,zonder)	1	704627	97.3408
respectabel ADJ(prenom,basis,met-e,stan)	1	704628	97.341
resolutie N(soort,ev,basis,zijd,stan)	1	704629	97.3411
resist N(soort,ev,basis,zijd,stan)	1	704630	97.3413
residentie N(soort,ev,basis,zijd,stan)	1	704631	97.3414
resetten WW(vd,vrij,zonder)	1	704632	97.3415
resette N(soort,mv,basis)	1	704633	97.3417
reset N(soort,ev,basis,zijd,stan)	1	704634	97.3418
reservesleutel N(soort,ev,basis,onz,stan)	1	704635	97.3419
reserveringsnummer N(soort,ev,basis,onz,stan)	1	704636	97.3421
reservering N(soort,mv,basis)	1	704637	97.3422
reservenavigatietelefoon N(soort,ev,basis,zijd,stan)	1	704638	97.3424
reserve N(soort,mv,basis)	1	704639	97.3425
reservations SPEC(vreemd)	1	704640	97.3426
reservation SPEC(vreemd)	1	704641	97.3428
research SPEC(vreemd)	1	704642	97.3429
res N(soort,mv,basis)	1	704643	97.3431
requiem N(soort,ev,basis,onz,stan)	1	704644	97.3432
reputatie N(soort,ev,basis,zijd,stan)	1	704645	97.3433
reproduct WW(pv,tgw,met-t)	1	704646	97.3435
report SPEC(vreemd)	1	704647	97.3436
replying N(soort,ev,basis,zijd,stan)	1	704648	97.3437
replied SPEC(vreemd)	1	704649	97.3439
repliceren N(soort,mv,basis)	1	704650	97.344
replaced SPEC(vreemd)	1	704651	97.3442
repetitie-weekend N(soort,ev,basis,onz,stan)	1	704652	97.3443
repeteren WW(inf,nom,zonder,zonder-n)	1	704653	97.3444
repeated SPEC(vreemd)	1	704654	97.3446
repeat N(soort,ev,basis,onz,stan)	1	704655	97.3447
repareren WW(pv,tgw,met-t)	1	704656	97.3448
repareren WW(inf,nom,zonder,zonder-n)	1	704657	97.345
reparatiebewijs ADJ(vrij,basis,zonder)	1	704658	97.3451
renÃ© N(soort,ev,basis,zijd,stan)	1	704659	97.3453
rent SPEC(vreemd)	1	704660	97.3454
renske N(soort,ev,dim,onz,stan)	1	704661	97.3455
renoveren WW(vd,vrij,zonder)	1	704662	97.3457
renovatie N(soort,ev,basis,zijd,stan)	1	704663	97.3458
reno N(soort,mv,basis)	1	704664	97.346
reno N(soort,ev,basis,zijd,stan)	1	704665	97.3461
rennies N(soort,mv,basis)	1	704666	97.3462
rennen WW(inf,nom,zonder,zonder-n)	1	704667	97.3464
renee N(soort,ev,basis,onz,stan)	1	704668	97.3465
rendabel ADJ(vrij,basis,zonder)	1	704669	97.3466
remuneration SPEC(vreemd)	1	704670	97.3468
remke ADJ(prenom,basis,met-e,stan)	1	704671	97.3469
reminderen WW(pv,tgw,met-t)	1	704672	97.3471
remembered SPEC(vreemd)	1	704673	97.3472
rembours N(soort,ev,basis,onz,stan)	1	704674	97.3473
remake N(soort,ev,basis,zijd,stan)	1	704675	97.3475
relschopper N(soort,mv,basis)	1	704676	97.3476
relevant ADJ(postnom,basis,met-s)	1	704677	97.3478
relaxtime N(soort,ev,basis,onz,stan)	1	704678	97.3479
relaxt WW(vd,vrij,zonder)	1	704679	97.348
relaxstand N(soort,ev,basis,zijd,stan)	1	704680	97.3482
relaxbank N(soort,ev,basis,zijd,stan)	1	704681	97.3483
relatively SPEC(vreemd)	1	704682	97.3484
relationship N(soort,ev,basis,zijd,stan)	1	704683	97.3486
relationeel ADJ(prenom,basis,met-e,stan)	1	704684	97.3487
relation SPEC(vreemd)	1	704685	97.3489
relatieprobleem N(soort,mv,basis)	1	704686	97.349
relatiegesprek N(soort,ev,basis,onz,stan)	1	704687	97.3491
relatief ADJ(prenom,basis,zonder)	1	704688	97.3493
relatie's N(soort,mv,basis)	1	704689	97.3494
relateren WW(vd,vrij,zonder)	1	704690	97.3495
relaaaaaxed N(soort,ev,basis,zijd,stan)	1	704691	97.3497
relaaaaaaaxed N(soort,ev,basis,zijd,stan)	1	704692	97.3498
reknr N(soort,ev,basis,zijd,stan)	1	704693	97.35
reklame N(soort,ev,basis,zijd,stan)	1	704694	97.3501
rekker N(soort,ev,basis,zijd,stan)	1	704695	97.3502
rekken WW(pv,tgw,met-t)	1	704696	97.3504
rekken WW(inf,nom,zonder,zonder-n)	1	704697	97.3505
rekensom N(soort,ev,dim,onz,stan)	1	704698	97.3507
rekeningsaldo N(soort,ev,basis,zijd,stan)	1	704699	97.3508
rekeningnummer N(soort,mv,basis)	1	704700	97.3509
rekeningnr ADJ(vrij,basis,zonder)	1	704701	97.3511
rekening(en) N(soort,mv,basis)	1	704702	97.3512
rekening N(soort,mv,dim)	1	704703	97.3513
rekening N(soort,mv,basis)	1	704704	97.3515
rekenen WW(pv,verl,ev)	1	704705	97.3516
rekenen WW(pv,tgw,mv)	1	704706	97.3518
rekenen WW(inf,nom,zonder,zonder-n)	1	704707	97.3519
rek.nr SPEC(symb)	1	704708	97.352
rek N(soort,ev,basis,onz,stan)	1	704709	97.3522
reizen WW(vd,vrij,zonder)	1	704710	97.3523
reizen WW(pv,tgw,mv)	1	704711	97.3524
reize ADJ(prenom,basis,met-e,stan)	1	704712	97.3526
reisverz SPEC(symb)	1	704713	97.3527
reisprogramma N(soort,mv,basis)	1	704714	97.3529
reisorganisator N(soort,ev,basis,zijd,stan)	1	704715	97.353
reisorganisatie N(soort,ev,basis,zijd,stan)	1	704716	97.3531
reisopleiding N(soort,ev,basis,zijd,stan)	1	704717	97.3533
reiske ADJ(prenom,basis,met-e,stan)	1	704718	97.3534
reisidee N(soort,ev,basis,zijd,stan)	1	704719	97.3536
reisgids N(soort,ev,basis,zijd,stan)	1	704720	97.3537
reisgezelschap N(soort,ev,basis,onz,stan)	1	704721	97.3538
reisbordspel N(soort,mv,basis)	1	704722	97.354
reisadvies N(soort,ev,basis,onz,stan)	1	704723	97.3541
reis N(soort,mv,dim)	1	704724	97.3542
reinigen WW(inf,vrij,zonder)	1	704725	97.3544
reinheid N(soort,ev,basis,zijd,stan)	1	704726	97.3545
reinforcement SPEC(vreemd)	1	704727	97.3547
reich SPEC(vreemd)	1	704728	97.3548
rei SPEC(deeleigen)	1	704729	97.3549
regulus N(soort,ev,basis,zijd,stan)	1	704730	97.3551
regulier ADJ(prenom,basis,met-e,stan)	1	704731	97.3552
registreren WW(inf,vrij,zonder)	1	704732	97.3553
regisseur N(soort,ev,basis,zijd,stan)	1	704733	97.3555
regionaal ADJ(prenom,basis,met-e,stan)	1	704734	97.3556
regieren WW(pv,tgw,met-t)	1	704735	97.3558
regenweer N(soort,ev,basis,onz,stan)	1	704736	97.3559
regent N(soort,ev,basis,zijd,stan)	1	704737	97.356
regenkleding N(soort,ev,basis,zijd,stan)	1	704738	97.3562
regenen WW(pv,verl,ev)	1	704739	97.3563
regendans N(soort,ev,dim,onz,stan)	1	704740	97.3565
regenbui N(soort,mv,basis)	1	704741	97.3566
regenboog N(soort,mv,dim)	1	704742	97.3567
regenachtig ADJ(vrij,basis,zonder)	1	704743	97.3569
regen SPEC(vreemd)	1	704744	97.357
regelmiep N(soort,ev,dim,onz,stan)	1	704745	97.3571
regelmatig ADJ(prenom,comp,zonder)	1	704746	97.3573
regeling N(soort,mv,basis)	1	704747	97.3574
regelen WW(inf,nom,zonder,zonder-n)	1	704748	97.3576
regel N(soort,mv,basis)	1	704749	97.3577
regardless SPEC(vreemd)	1	704750	97.3578
regarding SPEC(vreemd)	1	704751	97.358
refterachtig ADJ(prenom,basis,met-e,stan)	1	704752	97.3581
refrein N(soort,ev,basis,onz,stan)	1	704753	97.3582
referentie N(soort,ev,basis,zijd,stan)	1	704754	97.3584
reference N(soort,ev,basis,zijd,stan)	1	704755	97.3585
reet N(soort,ev,basis,zijd,stan)	1	704756	97.3587
reeshof N(soort,ev,basis,zijd,stan)	1	704757	97.3588
reesers N(soort,mv,basis)	1	704758	97.3589
reep N(soort,ev,basis,zijd,stan)	1	704759	97.3591
reduceren WW(inf,vrij,zonder)	1	704760	97.3592
reduce SPEC(vreemd)	1	704761	97.3594
redelijk ADJ(prenom,basis,met-e,stan)	1	704762	97.3595
redbull N(soort,ev,basis,zijd,stan)	1	704763	97.3596
redactie N(soort,ev,basis,zijd,stan)	1	704764	97.3598
rectangular SPEC(vreemd)	1	704765	97.3599
recruit N(soort,ev,basis,zijd,stan)	1	704766	97.36
recreatiepark N(soort,ev,basis,onz,stan)	1	704767	97.3602
recovery N(soort,ev,basis,zijd,stan)	1	704768	97.3603
recovered SPEC(vreemd)	1	704769	97.3605
recovered N(soort,ev,basis,onz,stan)	1	704770	97.3606
recover SPEC(vreemd)	1	704771	97.3607
recordpogingfilm N(soort,ev,dim,onz,stan)	1	704772	97.3609
record N(soort,ev,basis,onz,stan)	1	704773	97.361
reconstrueren WW(inf,vrij,zonder)	1	704774	97.3612
reconstructie N(soort,ev,basis,zijd,stan)	1	704775	97.3613
reclamespot N(soort,ev,basis,zijd,stan)	1	704776	97.3614
reclameren WW(inf,vrij,zonder)	1	704777	97.3616
recjterkant N(soort,ev,basis,zijd,stan)	1	704778	97.3617
recidivist N(soort,mv,basis)	1	704779	97.3618
rechtsvoor N(soort,ev,basis,zijd,stan)	1	704780	97.362
rechtstaat N(soort,ev,basis,zijd,stan)	1	704781	97.3621
rechtstaan WW(pv,verl,ev)	1	704782	97.3623
rechtover BW()	1	704783	97.3624
rechtlijnig ADJ(vrij,basis,zonder)	1	704784	97.3625
rechthoek N(soort,ev,dim,onz,stan)	1	704785	97.3627
rechterhand N(soort,ev,basis,zijd,stan)	1	704786	97.3628
rechtenstudie N(soort,mv,basis)	1	704787	97.3629
rechtenprobleem N(soort,ev,basis,onz,stan)	1	704788	97.3631
rechtenkantine ADJ(prenom,basis,met-e,stan)	1	704789	97.3632
recht ADJ(prenom,basis,zonder)	1	704790	97.3634
receptenfolder N(soort,ev,basis,zijd,stan)	1	704791	97.3635
recept N(soort,mv,dim)	1	704792	97.3636
recept N(soort,mv,basis)	1	704793	97.3638
recent ADJ(vrij,comp,zonder)	1	704794	97.3639
recent ADJ(vrij,basis,zonder)	1	704795	97.3641
recent ADJ(prenom,basis,met-e,stan)	1	704796	97.3642
recent ADJ(nom,sup,met-e,zonder-n,stan)	1	704797	97.3643
recensie N(soort,mv,basis)	1	704798	97.3645
recensent N(soort,ev,basis,zijd,stan)	1	704799	97.3646
received N(soort,ev,basis,onz,stan)	1	704800	97.3647
receive SPEC(vreemd)	1	704801	97.3649
recapituleren WW(inf,vrij,zonder)	1	704802	97.365
rebound N(soort,ev,basis,zijd,stan)	1	704803	97.3652
rebooten WW(inf,vrij,zonder)	1	704804	97.3653
reasons SPEC(vreemd)	1	704805	97.3654
rears N(soort,mv,basis)	1	704806	97.3656
reanimeren WW(vd,vrij,zonder)	1	704807	97.3657
reanimeren WW(inf,vrij,zonder)	1	704808	97.3658
reality SPEC(vreemd)	1	704809	97.366
realistisch ADJ(vrij,basis,zonder)	1	704810	97.3661
realiseren WW(vd,vrij,zonder)	1	704811	97.3663
realise SPEC(vreemd)	1	704812	97.3664
realdolmen WW(vd,nom,met-e,mv-n)	1	704813	97.3665
realdolmen N(soort,mv,basis)	1	704814	97.3667
real-life ADJ(prenom,basis,met-e,stan)	1	704815	97.3668
reageren WW(pv,verl,mv)	1	704816	97.367
reageren WW(pv,tgw,mv)	1	704817	97.3671
reageer ADJ(vrij,sup,zonder)	1	704818	97.3672
reaction SPEC(vreemd)	1	704819	97.3674
react SPEC(vreemd)	1	704820	97.3675
rdam N(soort,ev,basis,onz,stan)	1	704821	97.3676
rcd N(soort,ev,basis,onz,stan)	1	704822	97.3678
razor N(soort,ev,basis,zijd,stan)	1	704823	97.3679
razendsnel ADJ(vrij,basis,zonder)	1	704824	97.3681
rayonhoofd N(soort,ev,basis,onz,stan)	1	704825	97.3682
raymond SPEC(vreemd)	1	704826	97.3683
ray N(soort,ev,basis,onz,stan)	1	704827	97.3685
raversijde N(soort,ev,basis,zijd,stan)	1	704828	97.3686
rauw ADJ(prenom,basis,zonder)	1	704829	97.3687
rattensnuffelneus ADJ(vrij,basis,zonder)	1	704830	97.3689
ratelen WW(pv,verl,ev)	1	704831	97.369
rate SPEC(vreemd)	1	704832	97.3692
rataplan N(soort,ev,basis,onz,stan)	1	704833	97.3693
rata N(soort,ev,basis,zijd,stan)	1	704834	97.3694
rat= ADJ(prenom,basis,met-e,stan)	1	704835	97.3696
rat N(soort,mv,basis)	1	704836	97.3697
rassenvermenging N(soort,ev,basis,zijd,stan)	1	704837	97.3699
raspen WW(vd,prenom,met-e)	1	704838	97.37
rasjneeti SPEC(vreemd)	1	704839	97.3701
rapportvergadering N(soort,mv,basis)	1	704840	97.3703
rapport N(soort,mv,dim)	1	704841	97.3704
rapport N(soort,mv,basis)	1	704842	97.3705
rapper N(soort,ev,basis,zijd,stan)	1	704843	97.3707
rappeler SPEC(vreemd)	1	704844	97.3708
rapedn WW(vd,vrij,zonder)	1	704845	97.371
rapareren WW(vd,vrij,zonder)	1	704846	97.3711
rap ADJ(prenom,basis,met-e,stan)	1	704847	97.3712
ranlp N(soort,ev,basis,zijd,stan)	1	704848	97.3714
ranking SPEC(vreemd)	1	704849	97.3715
rangorde N(soort,ev,basis,zijd,stan)	1	704850	97.3716
rango N(soort,ev,basis,zijd,stan)	1	704851	97.3718
rangers SPEC(vreemd)	1	704852	97.3719
rangeren WW(inf,vrij,zonder)	1	704853	97.3721
randweg-export WW(pv,tgw,met-t)	1	704854	97.3722
randfenomeen N(soort,ev,dim,onz,stan)	1	704855	97.3723
randap N(soort,ev,basis,zijd,stan)	1	704856	97.3725
rana's N(soort,mv,basis)	1	704857	97.3726
ramvol ADJ(vrij,basis,zonder)	1	704858	97.3728
rampzalig ADJ(prenom,basis,met-e,stan)	1	704859	97.3729
rampup N(soort,ev,basis,zijd,stan)	1	704860	97.373
rampenplan N(soort,ev,basis,onz,stan)	1	704861	97.3732
rampdown N(soort,ev,basis,zijd,stan)	1	704862	97.3733
ramp N(soort,mv,basis)	1	704863	97.3734
rammen WW(od,vrij,zonder)	1	704864	97.3736
rammelenbammelen WW(pv,verl,mv)	1	704865	97.3737
rammelen WW(pv,tgw,ev)	1	704866	97.3739
rambo N(soort,ev,basis,zijd,stan)	1	704867	97.374
rambler N(soort,ev,basis,zijd,stan)	1	704868	97.3741
ralph ADJ(prenom,basis,zonder)	1	704869	97.3743
rakker N(soort,ev,basis,zijd,stan)	1	704870	97.3744
rainbows SPEC(vreemd)	1	704871	97.3746
raid N(soort,ev,basis,zijd,stan)	1	704872	97.3747
raggen WW(inf,vrij,zonder)	1	704873	97.3748
raffinage ADJ(nom,comp,met-e,zonder-n,stan)	1	704874	97.375
radiozender N(soort,ev,basis,zijd,stan)	1	704875	97.3751
radioloog N(soort,ev,basis,zijd,stan)	1	704876	97.3752
radiohead ADJ(vrij,basis,zonder)	1	704877	97.3754
radiogesprek N(soort,ev,basis,onz,stan)	1	704878	97.3755
radioactive N(soort,ev,basis,zijd,stan)	1	704879	97.3757
radioactive ADJ(prenom,basis,met-e,stan)	1	704880	97.3758
radical N(soort,ev,basis,zijd,stan)	1	704881	97.3759
radicaal ADJ(vrij,basis,zonder)	1	704882	97.3761
radiator N(soort,ev,dim,onz,stan)	1	704883	97.3762
raden WW(vd,vrij,zonder)	1	704884	97.3763
raden WW(pv,verl,ev)	1	704885	97.3765
raden WW(pv,tgw,mv)	1	704886	97.3766
raden N(soort,ev,basis,zijd,stan)	1	704887	97.3768
radbraken WW(vd,vrij,zonder)	1	704888	97.3769
raday N(soort,ev,basis,zijd,stan)	1	704889	97.377
rad N(soort,mv,basis)	1	704890	97.3772
racoon SPEC(vreemd)	1	704891	97.3773
racketlon N(soort,ev,basis,zijd,stan)	1	704892	97.3775
racespel N(soort,mv,basis)	1	704893	97.3776
racesimulator N(soort,ev,basis,zijd,stan)	1	704894	97.3777
race N(soort,mv,basis)	1	704895	97.3779
rabobank N(soort,ev,basis,zijd,stan)	1	704896	97.378
rabbn N(soort,ev,basis,onz,stan)	1	704897	97.3781
rabbit N(soort,ev,basis,zijd,stan)	1	704898	97.3783
raat N(soort,ev,basis,zijd,stan)	1	704899	97.3784
raar ADJ(postnom,basis,zonder)	1	704900	97.3786
raar ADJ(postnom,basis,met-s)	1	704901	97.3787
raam N(soort,ev,dim,onz,stan)	1	704902	97.3788
raalte N(soort,ev,basis,zijd,stan)	1	704903	97.379
raak ADJ(prenom,sup,met-e,stan)	1	704904	97.3791
raadsel N(soort,mv,basis)	1	704905	97.3792
raadpleging N(soort,ev,basis,zijd,stan)	1	704906	97.3794
raaah N(soort,ev,basis,onz,stan)	1	704907	97.3795
quotient ADJ(prenom,basis,zonder)	1	704908	97.3797
quoten WW(inf,vrij,zonder)	1	704909	97.3798
quoi N(soort,ev,basis,zijd,stan)	1	704910	97.3799
quizzen WW(inf,vrij,zonder)	1	704911	97.3801
quizteam N(soort,ev,basis,onz,stan)	1	704912	97.3802
quizte N(soort,ev,basis,zijd,stan)	1	704913	97.3804
quizm N(soort,ev,basis,onz,stan)	1	704914	97.3805
quizde N(soort,ev,basis,zijd,stan)	1	704915	97.3806
quitter N(soort,mv,basis)	1	704916	97.3808
quitte ADJ(vrij,basis,zonder)	1	704917	97.3809
quite WW(pv,verl,ev)	1	704918	97.381
quite ADJ(nom,sup,met-e,zonder-n,stan)	1	704919	97.3812
quichevorm N(soort,ev,basis,zijd,stan)	1	704920	97.3813
qui SPEC(vreemd)	1	704921	97.3815
queue SPEC(vreemd)	1	704922	97.3816
queue N(soort,ev,basis,zijd,stan)	1	704923	97.3817
questions SPEC(vreemd)	1	704924	97.3819
questioning SPEC(vreemd)	1	704925	97.382
quelle SPEC(vreemd)	1	704926	97.3821
queck N(soort,ev,basis,zijd,stan)	1	704927	97.3823
quarter SPEC(vreemd)	1	704928	97.3824
qualitytime N(soort,ev,basis,zijd,stan)	1	704929	97.3826
quaint SPEC(vreemd)	1	704930	97.3827
quack N(soort,ev,basis,zijd,stan)	1	704931	97.3828
qu SPEC(vreemd)	1	704932	97.383
qry SPEC(vreemd)	1	704933	97.3831
qqch SPEC(vreemd)	1	704934	97.3833
qqch ADJ(vrij,basis,zonder)	1	704935	97.3834
qq VG(neven)	1	704936	97.3835
qn WW(od,vrij,zonder)	1	704937	97.3837
qmusic N(soort,ev,basis,zijd,stan)	1	704938	97.3838
qf SPEC(vreemd)	1	704939	97.3839
pwnd N(soort,ev,basis,zijd,stan)	1	704940	97.3841
pweek WW(pv,verl,ev)	1	704941	97.3842
pw WW(vd,vrij,zonder)	1	704942	97.3844
pw SPEC(afk)	1	704943	97.3845
pw N(soort,mv,basis)	1	704944	97.3846
pvc N(soort,mv,basis)	1	704945	97.3848
puzzled SPEC(vreemd)	1	704946	97.3849
puzzle SPEC(vreemd)	1	704947	97.385
puzzelstukje N(soort,mv,dim)	1	704948	97.3852
puzzelmap N(soort,ev,basis,zijd,stan)	1	704949	97.3853
puzzelen WW(inf,vrij,zonder)	1	704950	97.3855
puzzel N(soort,mv,basis)	1	704951	97.3856
puzzel N(soort,ev,dim,onz,stan)	1	704952	97.3857
puzzel ADJ(vrij,comp,zonder)	1	704953	97.3859
puyenbroeck SPEC(vreemd)	1	704954	97.386
putting SPEC(vreemd)	1	704955	97.3862
putten WW(inf,vrij,zonder)	1	704956	97.3863
pussyness SPEC(vreemd)	1	704957	97.3864
pussying SPEC(vreemd)	1	704958	97.3866
pushup N(soort,mv,basis)	1	704959	97.3867
pushen WW(vd,vrij,zonder)	1	704960	97.3868
pushen WW(inf,vrij,zonder)	1	704961	97.387
push SPEC(vreemd)	1	704962	97.3871
purmerend WW(od,vrij,zonder)	1	704963	97.3873
purg N(soort,mv,basis)	1	704964	97.3874
purac N(soort,ev,basis,zijd,stan)	1	704965	97.3875
puppyeyes SPEC(vreemd)	1	704966	97.3877
puppy N(soort,ev,basis,zijd,stan)	1	704967	97.3878
pup N(soort,mv,basis)	1	704968	97.388
pup N(soort,ev,basis,zijd,stan)	1	704969	97.3881
punto N(soort,ev,basis,zijd,stan)	1	704970	97.3882
puntmuts N(soort,ev,basis,zijd,stan)	1	704971	97.3884
punta N(soort,ev,basis,genus,stan)	1	704972	97.3885
punt N(soort,ev,basis,zijd,stan)	1	704973	97.3886
punk N(soort,ev,basis,zijd,stan)	1	704974	97.3888
punished SPEC(vreemd)	1	704975	97.3889
punctual SPEC(vreemd)	1	704976	97.3891
puma N(soort,ev,basis,onz,stan)	1	704977	97.3892
pulp N(soort,ev,basis,zijd,stan)	1	704978	97.3893
pull SPEC(vreemd)	1	704979	97.3895
pull N(soort,ev,basis,zijd,stan)	1	704980	97.3896
pula N(soort,ev,basis,zijd,stan)	1	704981	97.3897
pul N(soort,ev,basis,zijd,stan)	1	704982	97.3899
pukkelpop WW(pv,verl,ev)	1	704983	97.39
pukkelpop SPEC(vreemd)	1	704984	97.3902
pukkelpop N(soort,mv,basis)	1	704985	97.3903
puk N(soort,ev,dim,onz,stan)	1	704986	97.3904
puist N(soort,mv,dim)	1	704987	97.3906
puffen WW(inf,vrij,zonder)	1	704988	97.3907
pudding N(soort,ev,dim,onz,stan)	1	704989	97.3909
pudding N(soort,ev,basis,zijd,stan)	1	704990	97.391
puccini N(soort,ev,basis,zijd,stan)	1	704991	97.3911
pubquiz N(soort,mv,basis)	1	704992	97.3913
pubquiz N(soort,ev,basis,onz,stan)	1	704993	97.3914
pubquis N(soort,mv,basis)	1	704994	97.3915
publiceren WW(inf,vrij,zonder)	1	704995	97.3917
publicatie N(soort,mv,basis)	1	704996	97.3918
pubkwissen WW(inf,vrij,zonder)	1	704997	97.392
pubkwis SPEC(deeleigen)	1	704998	97.3921
pubkwis N(soort,ev,basis,onz,stan)	1	704999	97.3922
puberstreken N(soort,mv,basis)	1	705000	97.3924
puberen WW(od,prenom,met-e)	1	705001	97.3925
puberaal ADJ(vrij,basis,zonder)	1	705002	97.3926
puber N(soort,ev,basis,zijd,stan)	1	705003	97.3928
pub N(soort,mv,basis)	1	705004	97.3929
pu SPEC(deeleigen)	1	705005	97.3931
ptn SPEC(deeleigen)	1	705006	97.3932
ptgui N(soort,ev,basis,zijd,stan)	1	705007	97.3933
ptg ADJ(vrij,basis,zonder)	1	705008	97.3935
ptain ADJ(vrij,basis,zonder)	1	705009	97.3936
pt N(soort,ev,dim,onz,stan)	1	705010	97.3938
pt N(soort,ev,basis,onz,stan)	1	705011	97.3939
psydirect N(soort,ev,basis,zijd,stan)	1	705012	97.394
psychopaat N(soort,ev,basis,zijd,stan)	1	705013	97.3942
psychology SPEC(vreemd)	1	705014	97.3943
psychologisch ADJ(prenom,basis,met-e,stan)	1	705015	97.3944
psychologie-koffie N(soort,ev,basis,zijd,stan)	1	705016	97.3946
psychologie N(soort,ev,basis,zijd,stan)	1	705017	97.3947
psycho SPEC(vreemd)	1	705018	97.3949
psycho N(soort,mv,basis)	1	705019	97.395
psychisch ADJ(vrij,basis,zonder)	1	705020	97.3951
psychiatrisch ADJ(prenom,basis,met-e,stan)	1	705021	97.3953
psych N(soort,ev,basis,zijd,stan)	1	705022	97.3954
psv ADJ(vrij,basis,zonder)	1	705023	97.3955
psst N(soort,ev,basis,onz,stan)	1	705024	97.3957
pssst SPEC(vreemd)	1	705025	97.3958
pssst N(soort,ev,basis,onz,stan)	1	705026	97.396
pshychopaat N(soort,ev,basis,zijd,stan)	1	705027	97.3961
ps SPEC(vreemd)	1	705028	97.3962
ps N(soort,ev,basis,zijd,stan)	1	705029	97.3964
ps ADJ(vrij,basis,zonder)	1	705030	97.3965
prÃ©sence SPEC(vreemd)	1	705031	97.3967
prys N(soort,mv,basis)	1	705032	97.3968
pruttelpot N(soort,ev,dim,onz,stan)	1	705033	97.3969
pruttelen WW(inf,vrij,zonder)	1	705034	97.3971
prutswerk N(soort,ev,basis,onz,stan)	1	705035	97.3972
prutser N(soort,ev,dim,onz,stan)	1	705036	97.3973
prutser N(soort,ev,basis,zijd,stan)	1	705037	97.3975
prutsen WW(inf,vrij,zonder)	1	705038	97.3976
prutsen WW(inf,nom,zonder,zonder-n)	1	705039	97.3978
pruts N(soort,mv,basis)	1	705040	97.3979
pruim N(soort,mv,basis)	1	705041	97.398
pruillip N(soort,ev,basis,zijd,stan)	1	705042	97.3982
pruik N(soort,ev,basis,zijd,stan)	1	705043	97.3983
prueba SPEC(vreemd)	1	705044	97.3984
prrsoneelsuitje N(soort,ev,dim,onz,stan)	1	705045	97.3986
prrrrrr ADJ(vrij,comp,zonder)	1	705046	97.3987
prpbleem N(soort,ev,basis,onz,stan)	1	705047	97.3989
prozent N(soort,ev,basis,onz,stan)	1	705048	97.399
provincie N(soort,ev,basis,zijd,stan)	1	705049	97.3991
provinciaal ADJ(prenom,basis,met-e,stan)	1	705050	97.3993
provided SPEC(vreemd)	1	705051	97.3994
provence N(soort,ev,basis,zijd,stan)	1	705052	97.3996
proved SPEC(vreemd)	1	705053	97.3997
prov N(soort,ev,basis,zijd,stan)	1	705054	97.3998
proton N(soort,ev,basis,zijd,stan)	1	705055	97.4
protocolzaal N(soort,ev,basis,zijd,stan)	1	705056	97.4001
protesteren WW(inf,vrij,zonder)	1	705057	97.4002
prosit N(soort,ev,basis,zijd,stan)	1	705058	97.4004
prosecco BW()	1	705059	97.4005
proschacht N(soort,ev,basis,zijd,stan)	1	705060	97.4007
proppen WW(pv,tgw,met-t)	1	705061	97.4008
proppen WW(pv,tgw,ev)	1	705062	97.4009
proposel N(soort,ev,basis,zijd,stan)	1	705063	97.4011
propose SPEC(vreemd)	1	705064	97.4012
propos SPEC(vreemd)	1	705065	97.4014
propolis N(soort,ev,basis,zijd,stan)	1	705066	97.4015
properc ADJ(vrij,basis,zonder)	1	705067	97.4016
proper ADJ(prenom,basis,zonder)	1	705068	97.4018
proper ADJ(prenom,basis,met-e,stan)	1	705069	97.4019
propageren WW(inf,vrij,zonder)	1	705070	97.402
prop N(soort,ev,dim,onz,stan)	1	705071	97.4022
proost N(soort,mv,basis)	1	705072	97.4023
proof N(soort,ev,basis,zijd,stan)	1	705073	97.4025
pronostiek N(soort,ev,dim,onz,stan)	1	705074	97.4026
pronomaster N(soort,ev,basis,zijd,stan)	1	705075	97.4027
proms SPEC(vreemd)	1	705076	97.4029
prompt ADJ(vrij,basis,zonder)	1	705077	97.403
promotoraverleg N(soort,ev,basis,onz,stan)	1	705078	97.4031
promotion SPEC(vreemd)	1	705079	97.4033
promostiek N(soort,ev,dim,onz,stan)	1	705080	97.4034
promo-job N(soort,ev,basis,zijd,stan)	1	705081	97.4036
promising N(soort,ev,basis,zijd,stan)	1	705082	97.4037
promise SPEC(vreemd)	1	705083	97.4038
prolly N(soort,ev,basis,zijd,stan)	1	705084	97.404
projectvoorstelling N(soort,ev,basis,zijd,stan)	1	705085	97.4041
projectmeetup N(soort,ev,basis,zijd,stan)	1	705086	97.4043
projectie N(soort,ev,basis,zijd,stan)	1	705087	97.4044
progressie N(soort,ev,basis,zijd,stan)	1	705088	97.4045
progress SPEC(vreemd)	1	705089	97.4047
programmeur N(soort,ev,basis,zijd,stan)	1	705090	97.4048
programmeren WW(vd,vrij,zonder)	1	705091	97.4049
programmeerwerk N(soort,ev,basis,onz,stan)	1	705092	97.4051
programmeerprobleem N(soort,ev,basis,onz,stan)	1	705093	97.4052
programmeeropdracht N(soort,ev,basis,zijd,stan)	1	705094	97.4054
programmeerdingen N(soort,mv,basis)	1	705095	97.4055
programmas N(soort,ev,basis,zijd,stan)	1	705096	97.4056
programmas N(soort,ev,basis,onz,stan)	1	705097	97.4058
programmaboek N(soort,ev,dim,onz,stan)	1	705098	97.4059
programma-onderdeel N(soort,ev,basis,onz,stan)	1	705099	97.406
progr ADJ(vrij,basis,zonder)	1	705100	97.4062
prognose N(soort,mv,basis)	1	705101	97.4063
prognose N(soort,ev,basis,zijd,stan)	1	705102	97.4065
proggen WW(inf,vrij,zonder)	1	705103	97.4066
profiteren WW(pv,tgw,mv)	1	705104	97.4067
profielfoto N(soort,ev,basis,zijd,stan)	1	705105	97.4069
proffessional ADJ(vrij,basis,zonder)	1	705106	97.407
professioneel ADJ(prenom,basis,met-e,stan)	1	705107	97.4072
professional SPEC(vreemd)	1	705108	97.4073
professional N(soort,ev,basis,zijd,stan)	1	705109	97.4074
profeet N(soort,ev,basis,zijd,stan)	1	705110	97.4076
prof SPEC(vreemd)	1	705111	97.4077
prof N(soort,mv,basis)	1	705112	97.4078
proeven WW(vd,vrij,zonder)	1	705113	97.408
proeven WW(pv,tgw,ev)	1	705114	97.4081
proefwerk N(soort,mv,basis)	1	705115	97.4083
proeftijd N(soort,ev,basis,zijd,stan)	1	705116	97.4084
proef N(soort,mv,dim)	1	705117	97.4085
productpresentatie N(soort,ev,basis,zijd,stan)	1	705118	97.4087
productivity SPEC(vreemd)	1	705119	97.4088
productief ADJ(prenom,basis,zonder)	1	705120	97.4089
productie N(soort,ev,basis,zijd,stan)	1	705121	97.4091
produceren WW(inf,vrij,zonder)	1	705122	97.4092
produce SPEC(vreemd)	1	705123	97.4094
proces-overleg N(soort,ev,basis,onz,stan)	1	705124	97.4095
proces N(soort,ev,basis,onz,stan)	1	705125	97.4096
proceeded SPEC(vreemd)	1	705126	97.4098
procedure N(soort,ev,basis,zijd,stan)	1	705127	97.4099
procederen WW(inf,vrij,zonder)	1	705128	97.4101
proc N(soort,ev,basis,zijd,stan)	1	705129	97.4102
probos N(soort,mv,basis)	1	705130	97.4103
problem N(soort,mv,basis)	1	705131	97.4105
probleemo N(soort,ev,basis,zijd,stan)	1	705132	97.4106
probleem.be SPEC(symb)	1	705133	97.4107
probl N(soort,ev,basis,zijd,stan)	1	705134	97.4109
probl N(soort,ev,basis,onz,stan)	1	705135	97.411
probeten WW(inf,vrij,zonder)	1	705136	97.4112
probeernoa WW(pv,tgw,ev)	1	705137	97.4113
probeer N(soort,ev,basis,zijd,stan)	1	705138	97.4114
probaat ADJ(prenom,basis,zonder)	1	705139	97.4116
proactief ADJ(vrij,basis,zonder)	1	705140	97.4117
prizemoney SPEC(vreemd)	1	705141	97.4118
privÃ©zwembad N(soort,ev,basis,onz,stan)	1	705142	97.412
privÃ©leven N(soort,ev,basis,onz,stan)	1	705143	97.4121
privÃ©chauffeur N(soort,ev,basis,zijd,stan)	1	705144	97.4123
privÃ©-serenade N(soort,ev,basis,zijd,stan)	1	705145	97.4124
privÃ© ADJ(vrij,basis,zonder)	1	705146	97.4125
privÃ© ADJ(prenom,basis,zonder)	1	705147	97.4127
privegebruik N(soort,ev,basis,onz,stan)	1	705148	97.4128
privefeest N(soort,ev,basis,zijd,stan)	1	705149	97.413
prive ADJ(prenom,basis,met-e,stan)	1	705150	97.4131
privacy N(soort,ev,basis,zijd,stan)	1	705151	97.4132
privaat ADJ(prenom,basis,met-e,stan)	1	705152	97.4134
prisoner's N(soort,mv,basis)	1	705153	97.4135
prison SPEC(vreemd)	1	705154	97.4136
prisc N(soort,ev,basis,zijd,stan)	1	705155	97.4138
prioriteit N(soort,ev,basis,zijd,stan)	1	705156	97.4139
prio N(soort,ev,basis,zijd,stan)	1	705157	97.4141
printscreen N(soort,ev,basis,zijd,stan)	1	705158	97.4142
prints SPEC(vreemd)	1	705159	97.4143
printgeld N(soort,ev,basis,onz,stan)	1	705160	97.4145
printer SPEC(vreemd)	1	705161	97.4146
printboy N(soort,ev,basis,zijd,stan)	1	705162	97.4148
print-werk N(soort,ev,basis,onz,stan)	1	705163	97.4149
prinslief N(soort,ev,basis,zijd,stan)	1	705164	97.415
prins N(soort,ev,dim,onz,stan)	1	705165	97.4152
prince VG(neven)	1	705166	97.4153
primus ADJ(prenom,basis,met-e,stan)	1	705167	97.4154
primperan N(soort,ev,basis,onz,stan)	1	705168	97.4156
primadeluxe N(soort,ev,basis,zijd,stan)	1	705169	97.4157
primaat N(soort,ev,basis,onz,stan)	1	705170	97.4159
pril ADJ(vrij,basis,zonder)	1	705171	97.416
prikker N(soort,ev,basis,zijd,stan)	1	705172	97.4161
prikken WW(pv,tgw,mv)	1	705173	97.4163
prikken WW(pv,tgw,ev)	1	705174	97.4164
prikkelbaar ADJ(vrij,basis,zonder)	1	705175	97.4165
prikje N(soort,mv,dim)	1	705176	97.4167
prikalcohol N(soort,ev,basis,zijd,stan)	1	705177	97.4168
prijzenstrategie N(soort,ev,basis,zijd,stan)	1	705178	97.417
prijsverschil N(soort,ev,basis,onz,stan)	1	705179	97.4171
prijstechnisch ADJ(vrij,basis,zonder)	1	705180	97.4172
prijsofferte N(soort,ev,basis,zijd,stan)	1	705181	97.4174
prijslijst N(soort,mv,basis)	1	705182	97.4175
prijs N(soort,ev,dim,onz,stan)	1	705183	97.4177
priezen WW(pv,tgw,met-t)	1	705184	97.4178
prices SPEC(vreemd)	1	705185	97.4179
preview SPEC(vreemd)	1	705186	97.4181
preventief ADJ(vrij,basis,zonder)	1	705187	97.4182
pret N(soort,ev,dim,onz,stan)	1	705188	97.4183
presteren WW(pv,tgw,ev)	1	705189	97.4185
prestatieregeling N(soort,ev,basis,zijd,stan)	1	705190	97.4186
prestatieband N(soort,mv,dim)	1	705191	97.4188
prestatie N(soort,mv,basis)	1	705192	97.4189
pressure SPEC(vreemd)	1	705193	97.419
presidium N(soort,ev,basis,onz,stan)	1	705194	97.4192
presenteren WW(vd,vrij,zonder)	1	705195	97.4193
presentaie N(soort,ev,basis,zijd,stan)	1	705196	97.4194
present N(soort,ev,dim,onz,stan)	1	705197	97.4196
present N(soort,ev,basis,onz,stan)	1	705198	97.4197
pres. SPEC(afk)	1	705199	97.4199
pres N(soort,ev,basis,zijd,stan)	1	705200	97.42
pres N(soort,ev,basis,onz,stan)	1	705201	97.4201
preparing N(soort,ev,basis,zijd,stan)	1	705202	97.4203
prepare SPEC(vreemd)	1	705203	97.4204
preparations SPEC(vreemd)	1	705204	97.4206
prepaiden WW(vd,vrij,zonder)	1	705205	97.4207
prente N(soort,ev,basis,zijd,stan)	1	705206	97.4208
prent N(soort,mv,dim)	1	705207	97.421
premiere N(soort,ev,basis,zijd,stan)	1	705208	97.4211
premier N(soort,ev,basis,zijd,stan)	1	705209	97.4212
premaman.com SPEC(symb)	1	705210	97.4214
prehistorisch ADJ(prenom,basis,met-e,stan)	1	705211	97.4215
prego N(soort,ev,basis,zijd,stan)	1	705212	97.4217
pregnant ADJ(vrij,basis,zonder)	1	705213	97.4218
prefer SPEC(vreemd)	1	705214	97.4219
preek N(soort,ev,basis,zijd,stan)	1	705215	97.4221
predrink SPEC(vreemd)	1	705216	97.4222
precise SPEC(vreemd)	1	705217	97.4223
precir N(soort,mv,basis)	1	705218	97.4225
preciese N(soort,ev,basis,zijd,stan)	1	705219	97.4226
preciese ADJ(prenom,basis,met-e,stan)	1	705220	97.4228
precies ADJ(vrij,comp,zonder)	1	705221	97.4229
precies ADJ(prenom,basis,zonder)	1	705222	97.423
preciekomen WW(pv,tgw,met-t)	1	705223	97.4232
preboozin N(soort,ev,basis,zijd,stan)	1	705224	97.4233
pre-werchter N(soort,ev,basis,zijd,stan)	1	705225	97.4235
pre-show N(soort,ev,basis,zijd,stan)	1	705226	97.4236
pre-party N(soort,ev,basis,zijd,stan)	1	705227	97.4237
pre-kerst-zondag N(soort,ev,basis,zijd,stan)	1	705228	97.4239
pre-kerst ADJ(prenom,basis,zonder)	1	705229	97.424
pre-echtelijk ADJ(prenom,basis,met-e,stan)	1	705230	97.4241
pre-christmas N(soort,ev,basis,zijd,stan)	1	705231	97.4243
pre-carnavallen N(soort,ev,basis,onz,stan)	1	705232	97.4244
pre-bier N(soort,mv,basis)	1	705233	97.4246
pre-a N(soort,ev,basis,zijd,stan)	1	705234	97.4247
pre-Katy SPEC(deeleigen)	1	705235	97.4248
praten WW(od,vrij,zonder)	1	705236	97.425
praten WW(od,prenom,met-e)	1	705237	97.4251
prate N(soort,ev,basis,zijd,stan)	1	705238	97.4252
praktisch ADJ(vrij,comp,zonder)	1	705239	97.4254
praktisch ADJ(prenom,basis,zonder)	1	705240	97.4255
praktijk N(soort,mv,basis)	1	705241	97.4257
prakrica N(soort,ev,basis,zijd,stan)	1	705242	97.4258
praiseavond N(soort,ev,basis,zijd,stan)	1	705243	97.4259
praise N(soort,ev,basis,zijd,stan)	1	705244	97.4261
praga N(soort,ev,basis,zijd,stan)	1	705245	97.4262
praesidium SPEC(vreemd)	1	705246	97.4264
praesesslet N(soort,ev,dim,onz,stan)	1	705247	97.4265
praeses VNW(onbep,pron,dial)	1	705248	97.4266
prado N(soort,ev,basis,zijd,stan)	1	705249	97.4268
practisch ADJ(vrij,basis,zonder)	1	705250	97.4269
practicumopdr N(soort,ev,basis,zijd,stan)	1	705251	97.427
practicum WW(pv,tgw,ev)	1	705252	97.4272
practicum N(soort,mv,basis)	1	705253	97.4273
practicum N(soort,ev,basis,zijd,stan)	1	705254	97.4275
prachtweer N(soort,ev,basis,onz,stan)	1	705255	97.4276
prachttuin N(soort,ev,basis,zijd,stan)	1	705256	97.4277
prachtstad N(soort,ev,basis,onz,stan)	1	705257	97.4279
prachtreis N(soort,ev,basis,zijd,stan)	1	705258	97.428
prachtjaar N(soort,ev,basis,zijd,stan)	1	705259	97.4282
prachtfeest N(soort,ev,basis,zijd,stan)	1	705260	97.4283
prachtexemplaren WW(inf,vrij,zonder)	1	705261	97.4284
prachtdag N(soort,ev,basis,zijd,stan)	1	705262	97.4286
pracht N(soort,ev,basis,zijd,stan)	1	705263	97.4287
praatstoel N(soort,ev,basis,zijd,stan)	1	705264	97.4288
praat N(soort,ev,basis,zijd,stan)	1	705265	97.429
praag N(soort,ev,basis,onz,stan)	1	705266	97.4291
pr.in SPEC(symb)	1	705267	97.4293
pqs N(soort,mv,basis)	1	705268	97.4294
pqpop N(soort,ev,basis,genus,stan)	1	705269	97.4295
ppts N(soort,mv,basis)	1	705270	97.4297
ppts N(soort,ev,basis,zijd,stan)	1	705271	97.4298
ppt WW(vd,vrij,zonder)	1	705272	97.4299
pprtefulde VNW(pers,pron,stan,red,3,ev,onz)	1	705273	97.4301
ppm WW(pv,tgw,met-t)	1	705274	97.4302
ppi N(soort,ev,basis,onz,stan)	1	705275	97.4304
ppf N(soort,ev,basis,onz,stan)	1	705276	97.4305
pp.das WW(pv,verl,ev)	1	705277	97.4306
pp SPEC(afk)	1	705278	97.4308
pp ADJ(postnom,basis,zonder)	1	705279	97.4309
poÃ«tisch ADJ(vrij,basis,zonder)	1	705280	97.4311
pozdeji SPEC(vreemd)	1	705281	97.4312
powrr SPEC(vreemd)	1	705282	97.4313
powervrouw N(soort,ev,basis,zijd,stan)	1	705283	97.4315
powernappen WW(inf,vrij,zonder)	1	705284	97.4316
powerknop N(soort,ev,basis,zijd,stan)	1	705285	97.4317
powell N(soort,ev,basis,zijd,stan)	1	705286	97.4319
pouvais SPEC(vreemd)	1	705287	97.432
pouvais N(soort,ev,basis,zijd,stan)	1	705288	97.4322
pouts N(soort,ev,basis,zijd,stan)	1	705289	97.4323
pouring N(soort,ev,basis,zijd,stan)	1	705290	97.4324
poule N(soort,ev,basis,zijd,stan)	1	705291	97.4326
potvertiefus N(soort,ev,basis,zijd,stan)	1	705292	97.4327
potverdorie N(soort,ev,basis,zijd,stan)	1	705293	97.4328
potterstr N(soort,ev,basis,onz,stan)	1	705294	97.433
potter SPEC(vreemd)	1	705295	97.4331
potter N(soort,mv,basis)	1	705296	97.4333
potter N(soort,ev,basis,onz,stan)	1	705297	97.4334
potma N(soort,ev,dim,onz,stan)	1	705298	97.4335
potloodtekening N(soort,ev,basis,zijd,stan)	1	705299	97.4337
potlood N(soort,mv,basis)	1	705300	97.4338
potlood N(soort,ev,basis,onz,stan)	1	705301	97.434
potgrond N(soort,ev,basis,zijd,stan)	1	705302	97.4341
potentieel N(soort,ev,basis,onz,stan)	1	705303	97.4342
potent ADJ(prenom,basis,met-e,stan)	1	705304	97.4344
potdicht ADJ(vrij,basis,zonder)	1	705305	97.4345
potc N(soort,ev,basis,zijd,stan)	1	705306	97.4346
pot-verhuizing N(soort,mv,basis)	1	705307	97.4348
pot N(soort,mv,dim)	1	705308	97.4349
postzegel N(soort,mv,basis)	1	705309	97.4351
postpone N(soort,ev,basis,zijd,stan)	1	705310	97.4352
postkantoor N(soort,mv,basis)	1	705311	97.4353
postkantoor N(soort,ev,basis,onz,stan)	1	705312	97.4355
posterformaat N(soort,ev,basis,onz,stan)	1	705313	97.4356
poster N(soort,ev,dim,onz,stan)	1	705314	97.4357
posten WW(pv,verl,ev)	1	705315	97.4359
postbus N(soort,ev,basis,zijd,stan)	1	705316	97.436
postbode N(soort,mv,basis)	1	705317	97.4362
post-stress ADJ(prenom,basis,zonder)	1	705318	97.4363
post-spiv N(soort,ev,basis,zijd,stan)	1	705319	97.4364
post-spiv N(soort,ev,basis,onz,stan)	1	705320	97.4366
post-it-blok N(soort,ev,basis,onz,stan)	1	705321	97.4367
possibility SPEC(vreemd)	1	705322	97.4369
possession SPEC(vreemd)	1	705323	97.437
posse N(soort,ev,basis,zijd,stan)	1	705324	97.4371
positief N(soort,mv,basis)	1	705325	97.4373
positief ADJ(prenom,basis,zonder)	1	705326	97.4374
positie N(soort,ev,basis,zijd,stan)	1	705327	97.4375
posh N(soort,ev,basis,onz,stan)	1	705328	97.4377
portugal N(soort,ev,basis,zijd,stan)	1	705329	97.4378
portugal ADJ(vrij,basis,zonder)	1	705330	97.438
portsmouth SPEC(deeleigen)	1	705331	97.4381
portret N(soort,ev,basis,onz,stan)	1	705332	97.4382
porto N(soort,mv,basis)	1	705333	97.4384
portfolio N(soort,mv,basis)	1	705334	97.4385
porte SPEC(vreemd)	1	705335	97.4386
porn N(soort,ev,basis,onz,stan)	1	705336	97.4388
porcupine N(soort,ev,basis,zijd,stan)	1	705337	97.4389
porcheresse N(soort,ev,basis,zijd,stan)	1	705338	97.4391
populariteit N(soort,ev,basis,zijd,stan)	1	705339	97.4392
populair ADJ(prenom,sup,met-e,stan)	1	705340	97.4393
populair ADJ(prenom,basis,met-e,stan)	1	705341	97.4395
popronde ADJ(prenom,basis,met-e,stan)	1	705342	97.4396
popquiz N(soort,ev,basis,zijd,stan)	1	705343	97.4398
poppodium N(soort,ev,basis,onz,stan)	1	705344	97.4399
popeye N(soort,ev,basis,onz,stan)	1	705345	97.44
poperinge SPEC(vreemd)	1	705346	97.4402
poperinge N(soort,ev,basis,zijd,stan)	1	705347	97.4403
popelucht N(soort,ev,basis,zijd,stan)	1	705348	97.4404
popelen WW(pv,tgw,ev)	1	705349	97.4406
popcorn N(soort,ev,basis,zijd,stan)	1	705350	97.4407
pop-up N(soort,mv,basis)	1	705351	97.4409
pop-up N(soort,ev,basis,zijd,stan)	1	705352	97.441
poot N(soort,mv,basis)	1	705353	97.4411
poot N(soort,ev,dim,onz,stan)	1	705354	97.4413
poos N(soort,ev,dim,onz,stan)	1	705355	97.4414
poor SPEC(vreemd)	1	705356	97.4416
poor N(soort,ev,basis,zijd,stan)	1	705357	97.4417
poor BW()	1	705358	97.4418
poopyface N(soort,ev,basis,zijd,stan)	1	705359	97.442
pooped SPEC(vreemd)	1	705360	97.4421
pooook N(soort,ev,basis,onz,stan)	1	705361	97.4422
pooolonaise N(soort,ev,basis,zijd,stan)	1	705362	97.4424
poooeees N(soort,mv,dim)	1	705363	97.4425
poolparty SPEC(vreemd)	1	705364	97.4427
poolcafe N(soort,ev,basis,onz,stan)	1	705365	97.4428
poolbar N(soort,ev,basis,zijd,stan)	1	705366	97.4429
pont N(soort,ev,basis,zijd,stan)	1	705367	97.4431
pong N(soort,ev,basis,zijd,stan)	1	705368	97.4432
pompoensoep N(soort,ev,basis,zijd,stan)	1	705369	97.4433
pompoensoep N(soort,ev,basis,onz,stan)	1	705370	97.4435
pompiedom N(soort,ev,basis,onz,stan)	1	705371	97.4436
pompen WW(inf,vrij,zonder)	1	705372	97.4438
pomedorisoep N(soort,ev,dim,onz,stan)	1	705373	97.4439
polyvalent ADJ(prenom,basis,met-e,stan)	1	705374	97.444
pols N(soort,mv,basis)	1	705375	97.4442
polly N(soort,ev,basis,zijd,stan)	1	705376	97.4443
pollerupvej N(soort,ev,basis,zijd,stan)	1	705377	97.4445
politiek ADJ(prenom,basis,met-e,stan)	1	705378	97.4446
politieinval ADJ(vrij,basis,zonder)	1	705379	97.4447
politie-uniform N(soort,ev,basis,onz,stan)	1	705380	97.4449
police SPEC(vreemd)	1	705381	97.445
pole SPEC(vreemd)	1	705382	97.4451
polder N(soort,ev,basis,zijd,stan)	1	705383	97.4453
pola N(soort,ev,basis,zijd,stan)	1	705384	97.4454
pokkesaai N(soort,ev,basis,zijd,stan)	1	705385	97.4456
pokkemuziek N(soort,ev,basis,onz,stan)	1	705386	97.4457
pokhara SPEC(vreemd)	1	705387	97.4458
pokhara N(soort,ev,basis,zijd,stan)	1	705388	97.446
pokertafel N(soort,ev,basis,zijd,stan)	1	705389	97.4461
pokerroom N(soort,ev,basis,zijd,stan)	1	705390	97.4462
pokerprijs N(soort,ev,basis,zijd,stan)	1	705391	97.4464
poker N(soort,ev,basis,onz,stan)	1	705392	97.4465
poission SPEC(vreemd)	1	705393	97.4467
points SPEC(vreemd)	1	705394	97.4468
poh BW()	1	705395	97.4469
pogen WW(pv,tgw,met-t)	1	705396	97.4471
pogen WW(inf,vrij,zonder)	1	705397	97.4472
poffen WW(vd,prenom,met-e)	1	705398	97.4474
poezie N(soort,ev,basis,zijd,stan)	1	705399	97.4475
poezenpatiÃ«nt N(soort,ev,basis,zijd,stan)	1	705400	97.4476
poezenbezoek N(soort,ev,dim,onz,stan)	1	705401	97.4478
poetsdienst N(soort,ev,basis,onz,stan)	1	705402	97.4479
poet SPEC(vreemd)	1	705403	97.448
poet N(soort,ev,basis,zijd,stan)	1	705404	97.4482
poepzak N(soort,ev,basis,onz,stan)	1	705405	97.4483
poepsie N(soort,ev,basis,zijd,stan)	1	705406	97.4485
poepluier N(soort,mv,basis)	1	705407	97.4486
poeping N(soort,ev,basis,zijd,stan)	1	705408	97.4487
poepievol N(soort,ev,basis,zijd,stan)	1	705409	97.4489
poephol N(soort,ev,basis,zijd,stan)	1	705410	97.449
poepgezicht N(soort,ev,basis,zijd,stan)	1	705411	97.4491
poeper N(soort,mv,basis)	1	705412	97.4493
poepen WW(od,prenom,met-e)	1	705413	97.4494
poepen WW(inf,nom,zonder,zonder-n)	1	705414	97.4496
poepdoos N(soort,ev,basis,zijd,stan)	1	705415	97.4497
poepdag ADJ(vrij,basis,zonder)	1	705416	97.4498
poepchinees N(soort,mv,basis)	1	705417	97.45
poepapotheek N(soort,ev,basis,zijd,stan)	1	705418	97.4501
poep SPEC(vreemd)	1	705419	97.4503
poene N(soort,ev,basis,zijd,stan)	1	705420	97.4504
poen N(soort,ev,basis,zijd,stan)	1	705421	97.4505
poema N(soort,ev,basis,zijd,stan)	1	705422	97.4507
poekie SPEC(vreemd)	1	705423	97.4508
poeh SPEC(vreemd)	1	705424	97.4509
poeder N(soort,ev,basis,onz,stan)	1	705425	97.4511
poe N(soort,mv,dim)	1	705426	97.4512
poe N(soort,ev,basis,zijd,stan)	1	705427	97.4514
pod N(soort,ev,basis,zijd,stan)	1	705428	97.4515
pocket N(soort,ev,basis,onz,stan)	1	705429	97.4516
poberen WW(pv,tgw,ev)	1	705430	97.4518
pmd ADJ(vrij,basis,zonder)	1	705431	97.4519
pm WW(vd,vrij,zonder)	1	705432	97.452
pm N(soort,ev,basis,zijd,stan)	1	705433	97.4522
plus N(soort,ev,dim,onz,stan)	1	705434	97.4523
plunderen WW(inf,vrij,zonder)	1	705435	97.4525
plumeau N(soort,ev,basis,zijd,stan)	1	705436	97.4526
pluizen WW(pv,tgw,ev)	1	705437	97.4527
pluimken WW(inf,vrij,zonder)	1	705438	97.4529
pluimke N(soort,ev,dim,onz,stan)	1	705439	97.453
pluimgewicht WW(vd,vrij,zonder)	1	705440	97.4532
pluimen WW(pv,tgw,ev)	1	705441	97.4533
pluim N(soort,mv,basis)	1	705442	97.4534
pluim N(soort,ev,dim,onz,stan)	1	705443	97.4536
plug N(soort,mv,basis)	1	705444	97.4537
plug N(soort,ev,basis,zijd,stan)	1	705445	97.4538
pluche ADJ(prenom,basis,zonder)	1	705446	97.454
plu-bezorgservice N(soort,ev,basis,zijd,stan)	1	705447	97.4541
plu N(soort,mv,dim)	1	705448	97.4543
plu N(soort,mv,basis)	1	705449	97.4544
plotseling ADJ(prenom,basis,met-e,stan)	1	705450	97.4545
plotje N(soort,mv,dim)	1	705451	97.4547
plooister N(soort,ev,basis,zijd,stan)	1	705452	97.4548
plooier N(soort,mv,basis)	1	705453	97.455
plooien WW(vd,vrij,zonder)	1	705454	97.4551
plooien WW(vd,prenom,met-e)	1	705455	97.4552
plooien WW(pv,tgw,ev)	1	705456	97.4554
plooibak N(soort,ev,basis,zijd,stan)	1	705457	97.4555
plooi N(soort,mv,basis)	1	705458	97.4556
plooi N(soort,ev,basis,zijd,stan)	1	705459	97.4558
plonzen WW(inf,vrij,zonder)	1	705460	97.4559
plonsen WW(inf,nom,zonder,zonder-n)	1	705461	97.4561
ploegen WW(inf,vrij,zonder)	1	705462	97.4562
plint N(soort,mv,dim)	1	705463	97.4563
plezr N(soort,ev,basis,zijd,stan)	1	705464	97.4565
plezir N(soort,ev,basis,zijd,stan)	1	705465	97.4566
plezierr N(soort,ev,basis,zijd,stan)	1	705466	97.4567
pleziergroet N(soort,mv,dim)	1	705467	97.4569
plezier N(soort,ev,basis,zijd,stan)	1	705468	97.457
plezant SPEC(vreemd)	1	705469	97.4572
plezant ADJ(prenom,basis,met-e,stan)	1	705470	97.4573
plexier ADJ(vrij,comp,zonder)	1	705471	97.4574
pleuris N(soort,ev,basis,zijd,stan)	1	705472	97.4576
pleuren WW(vd,vrij,zonder)	1	705473	97.4577
pleuren WW(inf,vrij,zonder)	1	705474	97.4579
pleun N(soort,ev,basis,zijd,stan)	1	705475	97.458
pleun N(soort,ev,basis,onz,stan)	1	705476	97.4581
pleujer N(soort,ev,basis,zijd,stan)	1	705477	97.4583
pleu N(soort,ev,dim,onz,stan)	1	705478	97.4584
pletter N(soort,ev,basis,zijd,stan)	1	705479	97.4585
pletsen WW(inf,vrij,zonder)	1	705480	97.4587
plet-trein N(soort,ev,basis,zijd,stan)	1	705481	97.4588
plessy N(soort,ev,basis,zijd,stan)	1	705482	97.459
plek N(soort,mv,dim)	1	705483	97.4591
plek N(soort,ev,basis,onz,stan)	1	705484	97.4592
pleiten WW(pv,tgw,ev)	1	705485	97.4594
pleinfeest N(soort,ev,basis,onz,stan)	1	705486	97.4595
plein N(soort,mv,basis)	1	705487	97.4596
pleier N(soort,ev,basis,onz,stan)	1	705488	97.4598
plegen WW(pv,verl,ev)	1	705489	97.4599
pleeeeease WW(pv,verl,ev)	1	705490	97.4601
plee N(soort,mv,basis)	1	705491	97.4602
plee N(soort,ev,basis,zijd,stan)	1	705492	97.4603
plectrum N(soort,ev,basis,onz,stan)	1	705493	97.4605
pleazzzzze WW(pv,verl,ev)	1	705494	97.4606
plaza SPEC(vreemd)	1	705495	97.4608
playlist N(soort,ev,basis,zijd,stan)	1	705496	97.4609
player N(soort,mv,basis)	1	705497	97.461
playbackt N(soort,ev,basis,onz,stan)	1	705498	97.4612
playa SPEC(deeleigen)	1	705499	97.4613
platvoet N(soort,mv,basis)	1	705500	97.4614
plattelandsvrouw N(soort,mv,basis)	1	705501	97.4616
platteland N(soort,ev,basis,onz,stan)	1	705502	97.4617
plattegrond N(soort,mv,dim)	1	705503	97.4619
plattegrond N(soort,ev,dim,onz,stan)	1	705504	97.462
plattegrond N(soort,ev,basis,zijd,stan)	1	705505	97.4621
platoon N(soort,mv,basis)	1	705506	97.4623
platobestuur N(soort,ev,basis,zijd,stan)	1	705507	97.4624
plato's N(soort,mv,basis)	1	705508	97.4625
platknuffelen WW(inf,vrij,zonder)	1	705509	97.4627
platform N(soort,ev,basis,onz,stan)	1	705510	97.4628
plateau N(soort,ev,basis,onz,stan)	1	705511	97.463
platdrukken WW(inf,vrij,zonder)	1	705512	97.4631
platbombarderen WW(vd,vrij,zonder)	1	705513	97.4632
plat ADJ(prenom,basis,zonder)	1	705514	97.4634
plastisch ADJ(vrij,basis,zonder)	1	705515	97.4635
plastieken ADJ(prenom,basis,zonder)	1	705516	97.4637
plastiek N(soort,ev,basis,onz,stan)	1	705517	97.4638
plastic N(soort,ev,basis,onz,stan)	1	705518	97.4639
plasseren WW(inf,vrij,zonder)	1	705519	97.4641
plassen WW(vd,vrij,zonder)	1	705520	97.4642
plassen WW(pv,tgw,mv)	1	705521	97.4643
planÃ© N(soort,mv,dim)	1	705522	97.4645
plantenafdeling N(soort,ev,basis,zijd,stan)	1	705523	97.4646
plant N(soort,ev,dim,onz,stan)	1	705524	97.4648
plans N(soort,ev,basis,onz,stan)	1	705525	97.4649
planning SPEC(vreemd)	1	705526	97.465
planner N(soort,mv,basis)	1	705527	97.4652
planner N(soort,ev,basis,zijd,stan)	1	705528	97.4653
plannen WW(pv,tgw,mv)	1	705529	97.4654
planne TW(hoofd,dial)	1	705530	97.4656
plank N(soort,ev,dim,onz,stan)	1	705531	97.4657
planeet N(soort,mv,basis)	1	705532	97.4659
planckendael ADJ(vrij,basis,zonder)	1	705533	97.466
plamuurmes N(soort,ev,basis,onz,stan)	1	705534	97.4661
plakkerig ADJ(vrij,basis,zonder)	1	705535	97.4663
plakken WW(vd,vrij,zonder)	1	705536	97.4664
plakken WW(pv,tgw,ev)	1	705537	97.4666
plakboek N(soort,mv,basis)	1	705538	97.4667
plakband N(soort,ev,basis,onz,stan)	1	705539	97.4668
plak N(soort,mv,basis)	1	705540	97.467
plagen WW(inf,vrij,zonder)	1	705541	97.4671
places SPEC(vreemd)	1	705542	97.4672
place N(soort,ev,basis,zijd,stan)	1	705543	97.4674
plaatsvinden WW(vd,vrij,zonder)	1	705544	97.4675
plaatsvinden WW(inf,vrij,zonder)	1	705545	97.4677
plaatsnaam N(soort,ev,basis,zijd,stan)	1	705546	97.4678
plaatsingscode N(soort,ev,basis,zijd,stan)	1	705547	97.4679
plaatsgebrek N(soort,ev,basis,onz,stan)	1	705548	97.4681
plaatsen WW(pv,tgw,ev)	1	705549	97.4682
plaatsen WW(inf,nom,zonder,zonder-n)	1	705550	97.4684
plaatselijk ADJ(prenom,basis,met-e,stan)	1	705551	97.4685
plaats N(soort,mv,dim)	1	705552	97.4686
plaatreiniger N(soort,ev,basis,zijd,stan)	1	705553	97.4688
plaaster N(soort,ev,basis,zijd,stan)	1	705554	97.4689
pj N(soort,ev,basis,zijd,stan)	1	705555	97.469
pizzas N(soort,mv,basis)	1	705556	97.4692
pizzahut SPEC(vreemd)	1	705557	97.4693
pizzahut N(soort,ev,basis,zijd,stan)	1	705558	97.4695
pizzafestijn N(soort,ev,basis,zijd,stan)	1	705559	97.4696
pizzabezorger N(soort,ev,basis,zijd,stan)	1	705560	97.4697
pizza` N(soort,mv,basis)	1	705561	97.4699
pizz N(soort,ev,dim,onz,stan)	1	705562	97.47
pizaatjr ADJ(vrij,basis,zonder)	1	705563	97.4701
piza N(soort,ev,basis,zijd,stan)	1	705564	97.4703
piusstraat N(soort,ev,basis,zijd,stan)	1	705565	97.4704
pity SPEC(vreemd)	1	705566	97.4706
pittoresque ADJ(prenom,basis,met-e,stan)	1	705567	97.4707
pittig ADJ(vrij,comp,zonder)	1	705568	97.4708
pitten WW(inf,vrij,zonder)	1	705569	97.471
pittem N(soort,ev,basis,onz,stan)	1	705570	97.4711
pitta SPEC(vreemd)	1	705571	97.4713
pitspoes N(soort,mv,basis)	1	705572	97.4714
pits SPEC(vreemd)	1	705573	97.4715
pitential SPEC(vreemd)	1	705574	97.4717
pitcher N(soort,mv,basis)	1	705575	97.4718
pitcher N(soort,ev,basis,zijd,stan)	1	705576	97.4719
pitchen WW(inf,vrij,zonder)	1	705577	97.4721
pita N(soort,mv,basis)	1	705578	97.4722
pit N(soort,ev,dim,onz,stan)	1	705579	97.4724
pistool N(soort,ev,basis,onz,stan)	1	705580	97.4725
pist N(soort,ev,basis,zijd,stan)	1	705581	97.4726
pissing N(soort,ev,basis,zijd,stan)	1	705582	97.4728
pissen WW(vd,vrij,zonder)	1	705583	97.4729
pissen WW(pv,tgw,mv)	1	705584	97.473
piskopkes N(soort,mv,basis)	1	705585	97.4732
pisa-firenze N(soort,ev,basis,zijd,stan)	1	705586	97.4733
pisa N(soort,ev,basis,zijd,stan)	1	705587	97.4735
piro N(soort,ev,basis,zijd,stan)	1	705588	97.4736
pirate N(soort,ev,basis,zijd,stan)	1	705589	97.4737
piraat-man N(soort,ev,basis,zijd,stan)	1	705590	97.4739
pipo-opmerking N(soort,ev,basis,zijd,stan)	1	705591	97.474
pipi N(soort,ev,basis,zijd,stan)	1	705592	97.4742
pintjespak N(soort,ev,basis,onz,stan)	1	705593	97.4743
pinte N(soort,ev,basis,zijd,stan)	1	705594	97.4744
pinoccio SPEC(vreemd)	1	705595	97.4746
pinnig ADJ(vrij,basis,zonder)	1	705596	97.4747
pinksterweekend N(soort,ev,basis,onz,stan)	1	705597	97.4748
pinkstermaandag N(soort,ev,basis,zijd,stan)	1	705598	97.475
pinguÃ¯n N(soort,mv,basis)	1	705599	97.4751
pingpongkameraad N(soort,ev,dim,onz,stan)	1	705600	97.4753
pingen WW(inf,vrij,zonder)	1	705601	97.4754
pingelen WW(inf,nom,zonder,zonder-n)	1	705602	97.4755
pineau N(soort,ev,basis,onz,stan)	1	705603	97.4757
pindaar N(soort,mv,basis)	1	705604	97.4758
pinda-aar N(soort,mv,basis)	1	705605	97.4759
pincet N(soort,ev,basis,genus,stan)	1	705606	97.4761
pinautomaat N(soort,ev,basis,zijd,stan)	1	705607	97.4762
pinanty SPEC(vreemd)	1	705608	97.4764
pin N(soort,ev,basis,zijd,stan)	1	705609	97.4765
pimpen WW(inf,vrij,zonder)	1	705610	97.4766
pimpampoentjesslof N(soort,mv,dim)	1	705611	97.4768
pimp-ish N(soort,ev,basis,zijd,stan)	1	705612	97.4769
pilsze ADJ(vrij,basis,zonder)	1	705613	97.4771
pilsken N(soort,mv,basis)	1	705614	97.4772
pilsener N(soort,mv,basis)	1	705615	97.4773
pilsen WW(inf,vrij,zonder)	1	705616	97.4775
pilot N(soort,ev,basis,zijd,stan)	1	705617	97.4776
pilgrim N(soort,ev,basis,onz,stan)	1	705618	97.4777
pilates N(soort,mv,dim)	1	705619	97.4779
pil N(soort,mv,dim)	1	705620	97.478
pikzwart ADJ(vrij,basis,zonder)	1	705621	97.4782
piknik N(soort,ev,basis,onz,stan)	1	705622	97.4783
pikkemoos N(soort,ev,basis,zijd,stan)	1	705623	97.4784
pikant ADJ(prenom,basis,zonder)	1	705624	97.4786
pikant ADJ(prenom,basis,met-e,stan)	1	705625	97.4787
pik N(soort,ev,basis,zijd,stan)	1	705626	97.4788
pijpbeurt N(soort,ev,basis,zijd,stan)	1	705627	97.479
pijnvrij ADJ(vrij,basis,zonder)	1	705628	97.4791
pijnstilling N(soort,ev,basis,zijd,stan)	1	705629	97.4793
pijnloos ADJ(prenom,basis,met-e,stan)	1	705630	97.4794
pijnlijkxd WW(vd,vrij,zonder)	1	705631	97.4795
pijn N(soort,mv,basis)	1	705632	97.4797
pijama N(soort,ev,basis,zijd,stan)	1	705633	97.4798
piiiil N(soort,mv,basis)	1	705634	97.48
pigeon SPEC(vreemd)	1	705635	97.4801
pig SPEC(vreemd)	1	705636	97.4802
piezier N(soort,ev,basis,onz,stan)	1	705637	97.4804
pietersplein N(soort,ev,basis,onz,stan)	1	705638	97.4805
pietersch ADJ(vrij,basis,zonder)	1	705639	97.4806
pieter SPEC(vreemd)	1	705640	97.4808
piet N(soort,ev,dim,onz,stan)	1	705641	97.4809
pierke ADJ(prenom,basis,met-e,stan)	1	705642	97.4811
piercing N(soort,mv,basis)	1	705643	97.4812
pieps N(soort,mv,basis)	1	705644	97.4813
pieper N(soort,mv,basis)	1	705645	97.4815
piepen WW(pv,tgw,mv)	1	705646	97.4816
piepen WW(od,prenom,zonder)	1	705647	97.4818
piep N(soort,ev,basis,zijd,stan)	1	705648	97.4819
piens N(soort,mv,basis)	1	705649	97.482
piemel N(soort,mv,basis)	1	705650	97.4822
piemel N(soort,ev,dim,onz,stan)	1	705651	97.4823
piemel N(soort,ev,basis,zijd,stan)	1	705652	97.4824
piel ADJ(vrij,basis,zonder)	1	705653	97.4826
piekfijn ADJ(vrij,basis,zonder)	1	705654	97.4827
piekeren WW(pv,tgw,met-t)	1	705655	97.4829
piekeren WW(inf,nom,zonder,zonder-n)	1	705656	97.483
piek N(soort,mv,basis)	1	705657	97.4831
piedro SPEC(deeleigen)	1	705658	97.4833
piecken N(soort,mv,basis)	1	705659	97.4834
pieces SPEC(vreemd)	1	705660	97.4835
pie SPEC(vreemd)	1	705661	97.4837
pictionary SPEC(vreemd)	1	705662	97.4838
pics SPEC(vreemd)	1	705663	97.484
pico SPEC(vreemd)	1	705664	97.4841
picknicktafel N(soort,ev,basis,zijd,stan)	1	705665	97.4842
picknicken WW(inf,vrij,zonder)	1	705666	97.4844
picknick N(soort,ev,basis,zijd,stan)	1	705667	97.4845
picking SPEC(vreemd)	1	705668	97.4847
picking N(soort,ev,basis,zijd,stan)	1	705669	97.4848
pick WW(pv,verl,ev)	1	705670	97.4849
pick N(soort,ev,basis,zijd,stan)	1	705671	97.4851
pick N(soort,ev,basis,onz,stan)	1	705672	97.4852
piccolo N(soort,ev,basis,zijd,stan)	1	705673	97.4853
pica N(soort,mv,basis)	1	705674	97.4855
pic SPEC(vreemd)	1	705675	97.4856
pianospel N(soort,ev,basis,onz,stan)	1	705676	97.4858
pianist N(soort,ev,basis,zijd,stan)	1	705677	97.4859
physical ADJ(vrij,basis,zonder)	1	705678	97.486
phuuuw ADJ(vrij,basis,zonder)	1	705679	97.4862
photomerge ADJ(prenom,basis,met-e,stan)	1	705680	97.4863
photography SPEC(vreemd)	1	705681	97.4864
photography N(soort,ev,basis,zijd,stan)	1	705682	97.4866
phonelover SPEC(vreemd)	1	705683	97.4867
phone ADJ(prenom,basis,met-e,stan)	1	705684	97.4869
phocas N(soort,mv,basis)	1	705685	97.487
philup N(soort,ev,basis,zijd,stan)	1	705686	97.4871
phillipe N(soort,ev,basis,zijd,stan)	1	705687	97.4873
philippe N(soort,ev,basis,zijd,stan)	1	705688	97.4874
philippe N(soort,ev,basis,onz,stan)	1	705689	97.4876
philippe ADJ(prenom,basis,met-e,stan)	1	705690	97.4877
philipe N(soort,ev,basis,zijd,stan)	1	705691	97.4878
philio SPEC(deeleigen)	1	705692	97.488
phili-zalm ADJ(vrij,basis,zonder)	1	705693	97.4881
philadelphia N(soort,mv,basis)	1	705694	97.4882
philadelphia ADJ(vrij,basis,zonder)	1	705695	97.4884
phietje N(soort,ev,dim,onz,stan)	1	705696	97.4885
phew N(soort,ev,basis,zijd,stan)	1	705697	97.4887
phd's N(soort,mv,basis)	1	705698	97.4888
phd N(soort,mv,basis)	1	705699	97.4889
phd N(soort,ev,basis,zijd,stan)	1	705700	97.4891
phd N(soort,ev,basis,onz,stan)	1	705701	97.4892
phd N(soort,ev,basis,genus,stan)	1	705702	97.4893
phd ADJ(prenom,basis,zonder)	1	705703	97.4895
phaar N(soort,mv,basis)	1	705704	97.4896
ph.d. SPEC(afk)	1	705705	97.4898
pgb-gezin N(soort,ev,basis,zijd,stan)	1	705706	97.4899
pgb N(soort,ev,basis,zijd,stan)	1	705707	97.49
pfuuh N(soort,ev,basis,onz,stan)	1	705708	97.4902
pfjoew N(soort,ev,basis,zijd,stan)	1	705709	97.4903
pfjew N(soort,ev,basis,zijd,stan)	1	705710	97.4905
pfieuw N(soort,ev,basis,onz,stan)	1	705711	97.4906
pfft N(soort,ev,basis,onz,stan)	1	705712	97.4907
pfft ADJ(vrij,basis,zonder)	1	705713	97.4909
pfffft SPEC(vreemd)	1	705714	97.491
pffffft WW(vd,vrij,zonder)	1	705715	97.4911
pffff TSW()	1	705716	97.4913
pff SPEC(vreemd)	1	705717	97.4914
pff N(soort,ev,basis,onz,stan)	1	705718	97.4916
pfew N(soort,ev,basis,zijd,stan)	1	705719	97.4917
pfdfffft N(soort,ev,basis,onz,stan)	1	705720	97.4918
pfannekuch N(soort,mv,basis)	1	705721	97.492
pf WW(pv,tgw,ev)	1	705722	97.4921
pf VG(neven)	1	705723	97.4923
peuterpubertijd N(soort,ev,basis,zijd,stan)	1	705724	97.4924
peuteren WW(vd,vrij,zonder)	1	705725	97.4925
peuter N(soort,mv,basis)	1	705726	97.4927
peut-tu SPEC(vreemd)	1	705727	97.4928
peut SPEC(vreemd)	1	705728	97.4929
peugeot VNW(aanw,pron,stan,vol,3o,ev)	1	705729	97.4931
petÃ¶fi SPEC(vreemd)	1	705730	97.4932
petto SPEC(vreemd)	1	705731	97.4934
petsen WW(inf,vrij,zonder)	1	705732	97.4935
petrov SPEC(vreemd)	1	705733	97.4936
petit SPEC(vreemd)	1	705734	97.4938
petet N(soort,ev,basis,onz,stan)	1	705735	97.4939
peterseliekweker N(soort,ev,basis,zijd,stan)	1	705736	97.494
peter SPEC(vreemd)	1	705737	97.4942
peter N(soort,mv,basis)	1	705738	97.4943
petekind N(soort,ev,basis,onz,stan)	1	705739	97.4945
pet N(soort,mv,basis)	1	705740	97.4946
pet N(soort,ev,basis,zijd,stan)	1	705741	97.4947
pestengasthuis N(soort,ev,basis,zijd,stan)	1	705742	97.4949
pesten WW(vd,vrij,zonder)	1	705743	97.495
pesten WW(pv,tgw,mv)	1	705744	97.4952
peruviaans ADJ(prenom,basis,met-e,stan)	1	705745	97.4953
perugia N(soort,mv,basis)	1	705746	97.4954
peruaans ADJ(prenom,basis,met-e,stan)	1	705747	97.4956
pertinent ADJ(vrij,basis,zonder)	1	705748	97.4957
persr WW(vd,vrij,zonder)	1	705749	97.4958
perspectief N(soort,mv,basis)	1	705750	97.496
persoonsbroodje N(soort,ev,dim,onz,stan)	1	705751	97.4961
persoonlijkheidtest WW(vd,vrij,zonder)	1	705752	97.4963
persoonlijkheidslijst N(soort,mv,basis)	1	705753	97.4964
persoonlijkheidsding N(soort,mv,basis)	1	705754	97.4965
persoonlijk ADJ(postnom,basis,met-s)	1	705755	97.4967
persoon N(soort,ev,basis,onz,stan)	1	705756	97.4968
persoon N(soort,ev,basis,gen)	1	705757	97.4969
persons SPEC(vreemd)	1	705758	97.4971
personlijk ADJ(vrij,basis,zonder)	1	705759	97.4972
personeelskaart N(soort,ev,basis,zijd,stan)	1	705760	97.4974
personeelsfeest N(soort,ev,dim,onz,stan)	1	705761	97.4975
personage N(soort,mv,basis)	1	705762	97.4976
persn N(soort,ev,basis,onz,stan)	1	705763	97.4978
persistentiecontroller N(soort,ev,basis,zijd,stan)	1	705764	97.4979
persil ADJ(vrij,basis,zonder)	1	705765	97.4981
persie N(soort,ev,basis,zijd,stan)	1	705766	97.4982
persee N(soort,ev,basis,onz,stan)	1	705767	97.4983
persconferentie N(soort,ev,basis,zijd,stan)	1	705768	97.4985
persbericht N(soort,ev,basis,onz,stan)	1	705769	97.4986
perros N(soort,ev,basis,zijd,stan)	1	705770	97.4987
perron N(soort,mv,basis)	1	705771	97.4989
perplex ADJ(vrij,basis,zonder)	1	705772	97.499
perongeluk N(soort,ev,basis,onz,stan)	1	705773	97.4992
permitteren WW(inf,vrij,zonder)	1	705774	97.4993
permanentie N(soort,ev,basis,zijd,stan)	1	705775	97.4994
perfectos N(soort,ev,basis,zijd,stan)	1	705776	97.4996
perfectomundi SPEC(vreemd)	1	705777	97.4997
perfectamundi N(soort,ev,basis,zijd,stan)	1	705778	97.4998
perfect SPEC(vreemd)	1	705779	97.5
perez SPEC(deeleigen)	1	705780	97.5001
perenijs N(soort,mv,dim)	1	705781	97.5003
perdolan N(soort,ev,basis,onz,stan)	1	705782	97.5004
perchance SPEC(vreemd)	1	705783	97.5005
perception SPEC(vreemd)	1	705784	97.5007
pepperoni N(soort,ev,basis,zijd,stan)	1	705785	97.5008
peppen WW(pv,tgw,ev)	1	705786	97.501
peperkoekenhuis N(soort,ev,dim,onz,stan)	1	705787	97.5011
peperkoek N(soort,ev,basis,onz,stan)	1	705788	97.5012
peperduur ADJ(vrij,basis,zonder)	1	705789	97.5014
peperduur ADJ(prenom,basis,met-e,stan)	1	705790	97.5015
peper N(soort,mv,basis)	1	705791	97.5016
peper N(soort,ev,dim,onz,stan)	1	705792	97.5018
pepe N(soort,ev,basis,zijd,stan)	1	705793	97.5019
peoductief ADJ(vrij,basis,zonder)	1	705794	97.5021
pentigrijven WW(pv,verl,ev)	1	705795	97.5022
penthouse N(soort,ev,basis,zijd,stan)	1	705796	97.5023
pensioneren WW(od,prenom,met-e)	1	705797	97.5025
pension N(soort,ev,basis,onz,stan)	1	705798	97.5026
pensioenpolis N(soort,ev,basis,zijd,stan)	1	705799	97.5027
penny SPEC(vreemd)	1	705800	97.5029
penningmeester N(soort,ev,basis,zijd,stan)	1	705801	97.503
pennenzak N(soort,ev,basis,zijd,stan)	1	705802	97.5032
pennenbak N(soort,ev,dim,onz,stan)	1	705803	97.5033
penne SPEC(vreemd)	1	705804	97.5034
penisverkleiner N(soort,ev,basis,zijd,stan)	1	705805	97.5036
penis SPEC(vreemd)	1	705806	97.5037
penicilline N(soort,ev,basis,zijd,stan)	1	705807	97.5039
penetratie N(soort,ev,basis,zijd,stan)	1	705808	97.504
penetrant ADJ(prenom,basis,met-e,stan)	1	705809	97.5041
pendel N(soort,ev,basis,zijd,stan)	1	705810	97.5043
penaltys N(soort,mv,basis)	1	705811	97.5044
penaltics N(soort,ev,basis,zijd,stan)	1	705812	97.5045
peloe N(soort,ev,dim,onz,stan)	1	705813	97.5047
pellen WW(pv,tgw,met-t)	1	705814	97.5048
pekuul N(soort,ev,basis,onz,stan)	1	705815	97.505
peizet WW(vd,vrij,zonder)	1	705816	97.5051
peizen WW(pv,tgw,ev)	1	705817	97.5052
peisk N(soort,ev,basis,zijd,stan)	1	705818	97.5054
peisk ADJ(vrij,basis,zonder)	1	705819	97.5055
peinzen WW(pv,verl,ev)	1	705820	97.5057
peinzen WW(pv,tgw,met-t)	1	705821	97.5058
peinzen WW(pv,tgw,ev)	1	705822	97.5059
peilen WW(inf,vrij,zonder)	1	705823	97.5061
peeÃ«nstamp N(soort,ev,basis,zijd,stan)	1	705824	97.5062
peetoom N(soort,ev,basis,zijd,stan)	1	705825	97.5063
peetneef N(soort,ev,dim,onz,stan)	1	705826	97.5065
peet N(soort,ev,basis,zijd,stan)	1	705827	97.5066
peer N(soort,mv,basis)	1	705828	97.5068
peepz N(soort,ev,basis,onz,stan)	1	705829	97.5069
pee N(soort,ev,basis,zijd,stan)	1	705830	97.507
pedro N(soort,mv,basis)	1	705831	97.5072
pedopriester N(soort,ev,basis,zijd,stan)	1	705832	97.5073
pedagogie N(soort,ev,basis,zijd,stan)	1	705833	97.5074
pechdag N(soort,ev,basis,zijd,stan)	1	705834	97.5076
pecas SPEC(vreemd)	1	705835	97.5077
peasy SPEC(vreemd)	1	705836	97.5079
peasant SPEC(vreemd)	1	705837	97.508
peanutbutter N(soort,ev,basis,zijd,stan)	1	705838	97.5081
peache N(soort,mv,basis)	1	705839	97.5083
peacestreet N(soort,ev,basis,onz,stan)	1	705840	97.5084
pe N(soort,ev,basis,zijd,stan)	1	705841	97.5086
pdf SPEC(symb)	1	705842	97.5087
pdf N(soort,ev,dim,onz,stan)	1	705843	97.5088
pdf N(soort,ev,basis,onz,stan)	1	705844	97.509
pct N(soort,ev,dim,onz,stan)	1	705845	97.5091
pcnaam N(soort,ev,basis,onz,stan)	1	705846	97.5092
pbl N(soort,ev,basis,zijd,stan)	1	705847	97.5094
pb N(soort,ev,basis,onz,stan)	1	705848	97.5095
payment SPEC(vreemd)	1	705849	97.5097
pay SPEC(vreemd)	1	705850	97.5098
pax SPEC(vreemd)	1	705851	97.5099
paviljoen SPEC(vreemd)	1	705852	97.5101
pauzeren WW(pv,tgw,ev)	1	705853	97.5102
pauze-bak N(soort,ev,dim,onz,stan)	1	705854	97.5103
pauze N(soort,mv,basis)	1	705855	97.5105
pauw N(soort,ev,basis,zijd,stan)	1	705856	97.5106
pauperkostuum N(soort,ev,basis,onz,stan)	1	705857	97.5108
pauperfeest WW(pv,tgw,met-t)	1	705858	97.5109
pauper N(soort,ev,basis,onz,stan)	1	705859	97.511
paulus N(soort,ev,basis,zijd,stan)	1	705860	97.5112
paulien WW(inf,vrij,zonder)	1	705861	97.5113
paula SPEC(vreemd)	1	705862	97.5115
patseren WW(pv,tgw,met-t)	1	705863	97.5116
pats N(soort,ev,basis,zijd,stan)	1	705864	97.5117
patrouille N(soort,ev,basis,zijd,stan)	1	705865	97.5119
patroon N(soort,mv,basis)	1	705866	97.512
patrolfreak N(soort,ev,basis,zijd,stan)	1	705867	97.5121
patrol N(soort,ev,basis,zijd,stan)	1	705868	97.5123
patrick N(soort,ev,basis,onz,stan)	1	705869	97.5124
patiÃ«nt N(soort,mv,basis)	1	705870	97.5126
patient N(soort,mv,basis)	1	705871	97.5127
patient N(soort,ev,basis,zijd,stan)	1	705872	97.5128
paterswoldse N(soort,ev,basis,zijd,stan)	1	705873	97.513
patersholsfeest N(soort,mv,basis)	1	705874	97.5131
patersholfeest N(soort,mv,basis)	1	705875	97.5132
patersholfeest N(soort,ev,dim,onz,stan)	1	705876	97.5134
patershol N(soort,ev,basis,zijd,stan)	1	705877	97.5135
pate N(soort,ev,basis,zijd,stan)	1	705878	97.5137
patattebolletje N(soort,mv,dim)	1	705879	97.5138
patat N(soort,ev,dim,onz,stan)	1	705880	97.5139
patan SPEC(vreemd)	1	705881	97.5141
pat SPEC(vreemd)	1	705882	97.5142
paswoord N(soort,ev,basis,onz,stan)	1	705883	97.5144
pastelkleur N(soort,mv,basis)	1	705884	97.5145
pastaxd N(soort,ev,basis,zijd,stan)	1	705885	97.5146
pastalijmen N(soort,mv,basis)	1	705886	97.5148
pastaat N(soort,ev,dim,onz,stan)	1	705887	97.5149
past SPEC(vreemd)	1	705888	97.515
password N(soort,ev,basis,onz,stan)	1	705889	97.5152
passn WW(inf,vrij,zonder)	1	705890	97.5153
passing N(soort,ev,basis,zijd,stan)	1	705891	97.5155
passievol ADJ(vrij,basis,zonder)	1	705892	97.5156
passief-agressief ADJ(prenom,basis,zonder)	1	705893	97.5157
passie N(soort,ev,basis,zijd,stan)	1	705894	97.5159
passert WW(pv,tgw,met-t)	1	705895	97.516
passende WW(vd,prenom,met-e)	1	705896	97.5161
passen WW(vd,prenom,zonder)	1	705897	97.5163
passen WW(vd,prenom,met-e)	1	705898	97.5164
passen WW(inf,nom,zonder,zonder-n)	1	705899	97.5166
passed SPEC(vreemd)	1	705900	97.5167
passe N(soort,ev,basis,zijd,stan)	1	705901	97.5168
passagierszetel N(soort,ev,basis,zijd,stan)	1	705902	97.517
passagiersstoel N(soort,ev,basis,zijd,stan)	1	705903	97.5171
passagier N(soort,ev,basis,zijd,stan)	1	705904	97.5173
passage N(soort,ev,basis,zijd,stan)	1	705905	97.5174
paspoortgegeven N(soort,mv,basis)	1	705906	97.5175
paspoortding N(soort,mv,basis)	1	705907	97.5177
paspoortcontrole N(soort,ev,basis,zijd,stan)	1	705908	97.5178
paspoort N(soort,mv,basis)	1	705909	97.5179
pasop N(soort,ev,basis,zijd,stan)	1	705910	97.5181
pasoa N(soort,ev,basis,zijd,stan)	1	705911	97.5182
paskot N(soort,ev,basis,zijd,stan)	1	705912	97.5184
pashokje N(soort,ev,dim,onz,stan)	1	705913	97.5185
pasgeboren ADJ(prenom,basis,zonder)	1	705914	97.5186
pasfoto N(soort,mv,basis)	1	705915	97.5188
pasen WW(inf,vrij,zonder)	1	705916	97.5189
pasata N(soort,ev,basis,zijd,stan)	1	705917	97.5191
pas SPEC(vreemd)	1	705918	97.5192
parys N(soort,mv,basis)	1	705919	97.5193
pary SPEC(vreemd)	1	705920	97.5195
parvis N(soort,ev,basis,zijd,stan)	1	705921	97.5196
partytime N(soort,ev,basis,zijd,stan)	1	705922	97.5197
partysquad SPEC(vreemd)	1	705923	97.5199
partypeople SPEC(deeleigen)	1	705924	97.52
partyen WW(inf,nom,zonder,zonder-n)	1	705925	97.5202
partyen SPEC(vreemd)	1	705926	97.5203
partydress N(soort,mv,basis)	1	705927	97.5204
partyday N(soort,ev,basis,zijd,stan)	1	705928	97.5206
partyanimal SPEC(vreemd)	1	705929	97.5207
party-bier N(soort,ev,dim,onz,stan)	1	705930	97.5208
partu ADJ(vrij,basis,zonder)	1	705931	97.521
parttime ADJ(prenom,basis,zonder)	1	705932	97.5211
partout N(soort,ev,basis,zijd,stan)	1	705933	97.5213
partnerruil ADJ(vrij,basis,zonder)	1	705934	97.5214
partner SPEC(vreemd)	1	705935	97.5215
partij N(soort,mv,dim)	1	705936	97.5217
partij N(soort,mv,basis)	1	705937	97.5218
partie N(soort,ev,basis,zijd,stan)	1	705938	97.522
particular N(soort,ev,basis,zijd,stan)	1	705939	97.5221
partially SPEC(vreemd)	1	705940	97.5222
parti SPEC(deeleigen)	1	705941	97.5224
pars SPEC(vreemd)	1	705942	97.5225
parmaham N(soort,ev,basis,onz,stan)	1	705943	97.5226
parkweg N(soort,ev,basis,zijd,stan)	1	705944	97.5228
parkplein ADJ(vrij,basis,zonder)	1	705945	97.5229
parklaan N(soort,ev,basis,zijd,stan)	1	705946	97.5231
parking SPEC(vreemd)	1	705947	97.5232
parkeren WW(vd,prenom,met-e)	1	705948	97.5233
parkeren WW(pv,tgw,ev)	1	705949	97.5235
parkeervergunning N(soort,ev,basis,zijd,stan)	1	705950	97.5236
parkeerkaart N(soort,mv,basis)	1	705951	97.5237
parkeerkaart N(soort,ev,dim,onz,stan)	1	705952	97.5239
parkeerboete N(soort,mv,basis)	1	705953	97.524
parkeerautomaat N(soort,ev,basis,zijd,stan)	1	705954	97.5242
park N(soort,ev,dim,onz,stan)	1	705955	97.5243
parijs-nu N(soort,ev,basis,onz,stan)	1	705956	97.5244
parijs ADJ(vrij,basis,zonder)	1	705957	97.5246
parfumerie N(soort,ev,basis,zijd,stan)	1	705958	97.5247
parfum N(soort,mv,basis)	1	705959	97.5249
parfum N(soort,ev,basis,genus,stan)	1	705960	97.525
parents N(soort,ev,basis,zijd,stan)	1	705961	97.5251
parelwit ADJ(prenom,basis,met-e,stan)	1	705962	97.5253
parelen WW(pv,tgw,met-t)	1	705963	97.5254
parel N(soort,mv,basis)	1	705964	97.5255
parel N(soort,ev,basis,zijd,stan)	1	705965	97.5257
parasiet N(soort,ev,basis,zijd,stan)	1	705966	97.5258
paraplutje N(soort,ev,dim,onz,stan)	1	705967	97.526
paraplus SPEC(vreemd)	1	705968	97.5261
paraplus N(soort,ev,basis,zijd,stan)	1	705969	97.5262
param N(soort,mv,basis)	1	705970	97.5264
parallelweg N(soort,ev,dim,onz,stan)	1	705971	97.5265
paraguay N(soort,ev,basis,zijd,stan)	1	705972	97.5266
paragraaf N(soort,ev,basis,zijd,stan)	1	705973	97.5268
paraglide N(soort,mv,basis)	1	705974	97.5269
paradise SPEC(vreemd)	1	705975	97.5271
paradijslijk ADJ(vrij,basis,zonder)	1	705976	97.5272
paradijs N(soort,ev,basis,onz,stan)	1	705977	97.5273
parade N(soort,mv,basis)	1	705978	97.5275
paracetemol N(soort,ev,basis,zijd,stan)	1	705979	97.5276
paracetamol N(soort,ev,dim,onz,stan)	1	705980	97.5278
paraceta N(soort,ev,basis,zijd,stan)	1	705981	97.5279
para N(soort,ev,basis,zijd,stan)	1	705982	97.528
paprikas N(soort,ev,basis,onz,stan)	1	705983	97.5282
pappenheimer N(soort,mv,basis)	1	705984	97.5283
papies N(soort,mv,basis)	1	705985	97.5284
papierwerk N(soort,ev,basis,onz,stan)	1	705986	97.5286
papiervlokken N(soort,mv,basis)	1	705987	97.5287
papierliggn N(soort,mv,basis)	1	705988	97.5289
papier ADJ(prenom,basis,zonder)	1	705989	97.529
papi N(soort,ev,basis,zijd,stan)	1	705990	97.5291
papertoy N(soort,ev,basis,zijd,stan)	1	705991	97.5293
papers SPEC(vreemd)	1	705992	97.5294
paperen SPEC(vreemd)	1	705993	97.5295
paperen N(soort,mv,basis)	1	705994	97.5297
paperclip N(soort,ev,basis,zijd,stan)	1	705995	97.5298
papenstraatje N(soort,ev,dim,onz,stan)	1	705996	97.53
papegaai N(soort,mv,basis)	1	705997	97.5301
papas SPEC(vreemd)	1	705998	97.5302
papas N(soort,ev,basis,zijd,stan)	1	705999	97.5304
papamulder N(soort,ev,basis,onz,stan)	1	706000	97.5305
papaaaa N(soort,ev,basis,zijd,stan)	1	706001	97.5307
papa WW(pv,tgw,ev)	1	706002	97.5308
papa N(soort,ev,basis,gen)	1	706003	97.5309
pap N(soort,ev,dim,onz,stan)	1	706004	97.5311
paolo N(soort,ev,basis,zijd,stan)	1	706005	97.5312
pants SPEC(vreemd)	1	706006	97.5313
pantomiene N(soort,ev,basis,zijd,stan)	1	706007	97.5315
pantoffelheld N(soort,ev,basis,onz,stan)	1	706008	97.5316
panter N(soort,ev,basis,zijd,stan)	1	706009	97.5318
panoramafotos N(soort,ev,basis,zijd,stan)	1	706010	97.5319
panoramadak N(soort,ev,basis,onz,stan)	1	706011	97.532
panorama's SPEC(vreemd)	1	706012	97.5322
panorama N(soort,mv,basis)	1	706013	97.5323
panorama N(soort,ev,basis,onz,stan)	1	706014	97.5325
pannenset N(soort,ev,basis,zijd,stan)	1	706015	97.5326
pannenkoekenles N(soort,mv,basis)	1	706016	97.5327
pannenkoek N(soort,ev,basis,zijd,stan)	1	706017	97.5329
pannekoeken WW(inf,vrij,zonder)	1	706018	97.533
pann VNW(bez,det,stan,vol,3,mv,prenom,zonder,agr)	1	706019	97.5331
panjaki SPEC(deeleigen)	1	706020	97.5333
panini N(soort,mv,basis)	1	706021	97.5334
panikeren WW(inf,vrij,zonder)	1	706022	97.5336
paniekzaaien WW(inf,vrij,zonder)	1	706023	97.5337
paniekerig ADJ(vrij,basis,zonder)	1	706024	97.5338
paniekaanval N(soort,ev,basis,zijd,stan)	1	706025	97.534
paniekaanval N(soort,ev,basis,onz,stan)	1	706026	97.5341
pang N(soort,ev,basis,zijd,stan)	1	706027	97.5342
panel SPEC(vreemd)	1	706028	97.5344
pandora N(soort,ev,basis,zijd,stan)	1	706029	97.5345
panda N(soort,ev,basis,zijd,stan)	1	706030	97.5347
pancreas N(soort,ev,basis,zijd,stan)	1	706031	97.5348
pampus N(soort,ev,basis,zijd,stan)	1	706032	97.5349
pampertime N(soort,ev,basis,zijd,stan)	1	706033	97.5351
pampelpampel N(soort,ev,basis,zijd,stan)	1	706034	97.5352
pampelmees N(soort,ev,dim,onz,stan)	1	706035	97.5354
pampelen WW(inf,vrij,zonder)	1	706036	97.5355
pampelen N(soort,mv,basis)	1	706037	97.5356
pampel WW(pv,verl,ev)	1	706038	97.5358
pampel SPEC(vreemd)	1	706039	97.5359
pampel ADJ(prenom,basis,zonder)	1	706040	97.536
pama N(soort,ev,basis,zijd,stan)	1	706041	97.5362
palyaudvar N(soort,ev,basis,zijd,stan)	1	706042	97.5363
palmer N(soort,ev,basis,zijd,stan)	1	706043	97.5365
palmboom N(soort,mv,basis)	1	706044	97.5366
palletjes SPEC(vreemd)	1	706045	97.5367
pallet N(soort,ev,basis,onz,stan)	1	706046	97.5369
palinkafestival N(soort,ev,basis,onz,stan)	1	706047	97.537
palinka SPEC(vreemd)	1	706048	97.5371
palinka N(soort,ev,basis,zijd,stan)	1	706049	97.5373
palingrokerij N(soort,ev,basis,zijd,stan)	1	706050	97.5374
pali SPEC(deeleigen)	1	706051	97.5376
paleistuin N(soort,ev,basis,zijd,stan)	1	706052	97.5377
palacio SPEC(vreemd)	1	706053	97.5378
palace SPEC(vreemd)	1	706054	97.538
pakzakerazzi N(soort,ev,basis,zijd,stan)	1	706055	97.5381
pakzak N(soort,ev,basis,zijd,stan)	1	706056	97.5383
pakweg BW()	1	706057	97.5384
pakspul N(soort,mv,basis)	1	706058	97.5385
paklijst N(soort,ev,basis,zijd,stan)	1	706059	97.5387
pakkn SPEC(vreemd)	1	706060	97.5388
pakket N(soort,mv,basis)	1	706061	97.5389
pakkert N(soort,ev,basis,zijd,stan)	1	706062	97.5391
pakkendag N(soort,ev,basis,onz,stan)	1	706063	97.5392
pakken WW(inf,nom,zonder,zonder-n)	1	706064	97.5394
pakjesavond N(soort,ev,basis,zijd,stan)	1	706065	97.5395
pakjes-postbode N(soort,ev,basis,zijd,stan)	1	706066	97.5396
pakhuis N(soort,ev,basis,onz,stan)	1	706067	97.5398
pair SPEC(vreemd)	1	706068	97.5399
paintballen N(soort,ev,basis,onz,stan)	1	706069	97.54
painkillers SPEC(vreemd)	1	706070	97.5402
paginas N(soort,ev,basis,zijd,stan)	1	706071	97.5403
paginas N(soort,ev,basis,onz,stan)	1	706072	97.5405
paginablabla N(soort,ev,basis,zijd,stan)	1	706073	97.5406
paf ADJ(vrij,basis,zonder)	1	706074	97.5407
paella N(soort,ev,dim,onz,stan)	1	706075	97.5409
padre N(soort,ev,basis,zijd,stan)	1	706076	97.541
paddys N(soort,mv,basis)	1	706077	97.5412
pad N(soort,ev,dim,onz,stan)	1	706078	97.5413
packed SPEC(vreemd)	1	706079	97.5414
pack N(soort,ev,dim,onz,stan)	1	706080	97.5416
pacis N(soort,ev,basis,zijd,stan)	1	706081	97.5417
pacific N(soort,ev,basis,onz,stan)	1	706082	97.5418
pabo N(soort,ev,basis,zijd,stan)	1	706083	97.542
paasweekend N(soort,ev,basis,onz,stan)	1	706084	97.5421
paasmis N(soort,ev,basis,zijd,stan)	1	706085	97.5423
paasmaandag SPEC(deeleigen)	1	706086	97.5424
paaseierenraap N(soort,ev,basis,zijd,stan)	1	706087	97.5425
paasei N(soort,mv,dim)	1	706088	97.5427
paasei N(soort,mv,basis)	1	706089	97.5428
paasdag N(soort,ev,basis,zijd,stan)	1	706090	97.5429
paasbezoek N(soort,ev,basis,onz,stan)	1	706091	97.5431
paars-groen ADJ(nom,basis,zonder,zonder-n)	1	706092	97.5432
paars ADJ(vrij,basis,zonder)	1	706093	97.5434
paars ADJ(prenom,basis,met-e,stan)	1	706094	97.5435
paars ADJ(nom,basis,zonder,zonder-n)	1	706095	97.5436
paardrijden WW(vd,vrij,zonder)	1	706096	97.5438
paardrijden WW(inf,vrij,zonder)	1	706097	97.5439
paardemiddel N(soort,ev,basis,onz,stan)	1	706098	97.5441
paapie N(soort,ev,basis,zijd,stan)	1	706099	97.5442
paai N(soort,ev,basis,zijd,stan)	1	706100	97.5443
pa-dochter N(soort,ev,basis,zijd,stan)	1	706101	97.5445
p.s. SPEC(afk)	1	706102	97.5446
p.s. N(soort,ev,basis,zijd,stan)	1	706103	97.5447
p-vak N(soort,ev,basis,zijd,stan)	1	706104	97.5449
p-gebouw N(soort,ev,basis,onz,stan)	1	706105	97.545
p-cel N(soort,ev,basis,zijd,stan)	1	706106	97.5452
ozon N(soort,ev,basis,genus,stan)	1	706107	97.5453
ozo SPEC(afk)	1	706108	97.5454
oy TSW()	1	706109	97.5456
oxkeej WW(pv,tgw,ev)	1	706110	97.5457
oxfam N(soort,ev,basis,zijd,stan)	1	706111	97.5459
owkej ADJ(vrij,comp,zonder)	1	706112	97.546
owkeet N(soort,mv,dim)	1	706113	97.5461
owkay N(soort,mv,dim)	1	706114	97.5463
owk WW(vd,vrij,zonder)	1	706115	97.5464
owh ADJ(vrij,basis,zonder)	1	706116	97.5465
owfuk WW(pv,tgw,ev)	1	706117	97.5467
owee N(soort,ev,basis,zijd,stan)	1	706118	97.5468
ovum N(soort,ev,basis,onz,stan)	1	706119	97.547
ovkaart WW(pv,tgw,met-t)	1	706120	97.5471
overzien WW(inf,vrij,zonder)	1	706121	97.5472
overzicht N(soort,mv,basis)	1	706122	97.5474
overzetten WW(vd,vrij,zonder)	1	706123	97.5475
overwicht N(soort,ev,basis,onz,stan)	1	706124	97.5476
overwerken WW(vd,vrij,zonder)	1	706125	97.5478
overweldigend ADJ(vrij,basis,zonder)	1	706126	97.5479
overweging N(soort,mv,basis)	1	706127	97.5481
overwegen WW(vd,vrij,zonder)	1	706128	97.5482
overwegen WW(pv,tgw,mv)	1	706129	97.5483
overwegen WW(inf,nom,zonder,zonder-n)	1	706130	97.5485
overweg N(soort,ev,basis,zijd,stan)	1	706131	97.5486
overwaaien WW(vd,vrij,zonder)	1	706132	97.5488
overwaaien WW(inf,vrij,zonder)	1	706133	97.5489
overvol ADJ(vrij,basis,zonder)	1	706134	97.549
overvol ADJ(prenom,basis,met-e,stan)	1	706135	97.5492
overvloedig ADJ(prenom,basis,met-e,stan)	1	706136	97.5493
overvloed N(soort,ev,basis,zijd,stan)	1	706137	97.5494
oververmoeid ADJ(vrij,basis,zonder)	1	706138	97.5496
oververmoeid ADJ(prenom,basis,met-e,stan)	1	706139	97.5497
oververhit ADJ(vrij,basis,zonder)	1	706140	97.5499
overvecht N(soort,ev,basis,zijd,stan)	1	706141	97.55
overvallen WW(pv,tgw,met-t)	1	706142	97.5501
overv N(soort,mv,basis)	1	706143	97.5503
overtypen WW(inf,vrij,zonder)	1	706144	97.5504
overtuigen WW(pv,tgw,ev)	1	706145	97.5505
overtuigen WW(od,prenom,met-e)	1	706146	97.5507
overtreffen WW(pv,tgw,met-t)	1	706147	97.5508
overtreding N(soort,ev,basis,zijd,stan)	1	706148	97.551
overstuur ADJ(vrij,basis,zonder)	1	706149	97.5511
overstappen WW(vd,vrij,zonder)	1	706150	97.5512
overstag BW()	1	706151	97.5514
overspannen ADJ(vrij,basis,zonder)	1	706152	97.5515
overslept SPEC(vreemd)	1	706153	97.5517
overslapen WW(inf,vrij,zonder)	1	706154	97.5518
overslaan WW(vd,vrij,zonder)	1	706155	97.5519
overschrijving N(soort,ev,basis,zijd,stan)	1	706156	97.5521
overschilderen WW(vd,vrij,zonder)	1	706157	97.5522
overschakelen WW(vd,vrij,zonder)	1	706158	97.5523
overschaduwen WW(vd,vrij,zonder)	1	706159	97.5525
overrompelen WW(vd,vrij,zonder)	1	706160	97.5526
overroepen WW(vd,vrij,zonder)	1	706161	97.5528
overreageren WW(inf,vrij,zonder)	1	706162	97.5529
overreageren WW(inf,nom,zonder,zonder-n)	1	706163	97.553
overpakken WW(vd,vrij,zonder)	1	706164	97.5532
overnite WW(vd,prenom,met-e)	1	706165	97.5533
overneem N(soort,ev,basis,onz,stan)	1	706166	97.5534
overname N(soort,mv,basis)	1	706167	97.5536
overname N(soort,ev,basis,zijd,stan)	1	706168	97.5537
overnachting N(soort,ev,basis,zijd,stan)	1	706169	97.5539
overnachten WW(inf,nom,zonder,zonder-n)	1	706170	97.554
overmoedig ADJ(vrij,basis,zonder)	1	706171	97.5541
overmaken WW(pv,tgw,mv)	1	706172	97.5543
overmacht N(soort,ev,basis,zijd,stan)	1	706173	97.5544
overlopen WW(vd,vrij,zonder)	1	706174	97.5546
overloop N(soort,ev,basis,zijd,stan)	1	706175	97.5547
overlijden WW(vd,prenom,zonder)	1	706176	97.5548
overlijden WW(inf,vrij,zonder)	1	706177	97.555
overlijden WW(inf,nom,zonder,zonder-n)	1	706178	97.5551
overleggn SPEC(vreemd)	1	706179	97.5552
overleggn N(soort,ev,basis,onz,stan)	1	706180	97.5554
overleggen WW(pv,tgw,met-t)	1	706181	97.5555
overleggen WW(pv,tgw,ev)	1	706182	97.5557
overleggen WW(inf,nom,zonder,zonder-n)	1	706183	97.5558
overleg N(soort,mv,basis)	1	706184	97.5559
overlaten WW(inf,vrij,zonder)	1	706185	97.5561
overladen WW(vd,vrij,zonder)	1	706186	97.5562
overkopen WW(inf,vrij,zonder)	1	706187	97.5563
overkoop N(soort,ev,basis,zijd,stan)	1	706188	97.5565
overkomen WW(vd,vrij,zonder)	1	706189	97.5566
overkomen WW(pv,verl,ev)	1	706190	97.5568
overkomen WW(pv,tgw,ev)	1	706191	97.5569
overkijken WW(vd,vrij,zonder)	1	706192	97.557
overhuizen WW(pv,tgw,met-t)	1	706193	97.5572
overhouden WW(vd,vrij,zonder)	1	706194	97.5573
overhouden WW(inf,vrij,zonder)	1	706195	97.5575
overhoring N(soort,ev,basis,zijd,stan)	1	706196	97.5576
overhoort N(soort,ev,basis,zijd,stan)	1	706197	97.5577
overheersen WW(od,vrij,zonder)	1	706198	97.5579
overheerlijk ADJ(prenom,basis,met-e,stan)	1	706199	97.558
overhebben WW(vd,vrij,zonder)	1	706200	97.5581
overhebben WW(pv,tgw,met-t)	1	706201	97.5583
overhead N(soort,ev,basis,zijd,stan)	1	706202	97.5584
overhand N(soort,ev,basis,zijd,stan)	1	706203	97.5586
overgeven WW(inf,nom,zonder,zonder-n)	1	706204	97.5587
overgehoudn N(soort,ev,basis,onz,stan)	1	706205	97.5588
overgangskleur N(soort,ev,basis,zijd,stan)	1	706206	97.559
overgaan WW(pv,tgw,met-t)	1	706207	97.5591
overeten WW(inf,nom,zonder,zonder-n)	1	706208	97.5593
overeind BW()	1	706209	97.5594
overeenkomen WW(vd,vrij,zonder)	1	706210	97.5595
overeenkomen WW(pv,tgw,mv)	1	706211	97.5597
overeenkomen WW(inf,vrij,zonder)	1	706212	97.5598
overduidelijk ADJ(vrij,basis,zonder)	1	706213	97.5599
overdrijven WW(pv,verl,ev)	1	706214	97.5601
overdrijven WW(pv,tgw,ev)	1	706215	97.5602
overdrijven WW(inf,vrij,zonder)	1	706216	97.5604
overdreven WW(vd,vrij,zonder)	1	706217	97.5605
overdragen WW(vd,vrij,zonder)	1	706218	97.5606
overdragen WW(inf,vrij,zonder)	1	706219	97.5608
overdracht N(soort,ev,basis,zijd,stan)	1	706220	97.5609
overdoen WW(inf,vrij,zonder)	1	706221	97.561
overclocken N(soort,mv,basis)	1	706222	97.5612
overbuurvrouw N(soort,ev,basis,zijd,stan)	1	706223	97.5613
overbuur N(soort,mv,basis)	1	706224	97.5615
overbuur N(soort,ev,basis,zijd,stan)	1	706225	97.5616
overbrengen WW(inf,vrij,zonder)	1	706226	97.5617
overbooked SPEC(vreemd)	1	706227	97.5619
overboden WW(inf,vrij,zonder)	1	706228	97.562
overblijven WW(vd,vrij,zonder)	1	706229	97.5622
overblijven WW(vd,prenom,zonder)	1	706230	97.5623
overblijven WW(pv,verl,ev)	1	706231	97.5624
overblijven WW(pv,tgw,met-t)	1	706232	97.5626
overblijven WW(inf,vrij,zonder)	1	706233	97.5627
overblijfsel N(soort,mv,basis)	1	706234	97.5628
overbevolkt ADJ(vrij,basis,zonder)	1	706235	97.563
overal BW()	1	706236	97.5631
ovenpatat N(soort,mv,dim)	1	706237	97.5633
ov-chipkaart-site N(soort,ev,basis,zijd,stan)	1	706238	97.5634
ov SPEC(afk)	1	706239	97.5635
ov N(soort,mv,basis)	1	706240	97.5637
ouwelul N(soort,ev,basis,onz,stan)	1	706241	97.5638
ouwelul BW()	1	706242	97.5639
outsvan N(soort,ev,basis,onz,stan)	1	706243	97.5641
output N(soort,ev,basis,zijd,stan)	1	706244	97.5642
outletstore N(soort,ev,basis,zijd,stan)	1	706245	97.5644
outlets VNW(pers,pron,nomin,red,1,mv)	1	706246	97.5645
outfitters SPEC(vreemd)	1	706247	97.5646
outfitproblemen WW(vd,vrij,zonder)	1	706248	97.5648
outen SPEC(vreemd)	1	706249	97.5649
outdoor N(soort,ev,basis,zijd,stan)	1	706250	97.5651
out ADJ(vrij,basis,zonder)	1	706251	97.5652
oupeerzaag N(soort,ev,basis,zijd,stan)	1	706252	97.5653
oudtante N(soort,ev,basis,zijd,stan)	1	706253	97.5655
ouds BW()	1	706254	97.5656
oudoom N(soort,ev,basis,zijd,stan)	1	706255	97.5657
oudlid N(soort,mv,basis)	1	706256	97.5659
ouderwetsch N(soort,mv,basis)	1	706257	97.566
ouderwe N(soort,ev,basis,zijd,stan)	1	706258	97.5662
ouderspreekavond N(soort,ev,basis,zijd,stan)	1	706259	97.5663
ouderschapsgeluk N(soort,ev,basis,zijd,stan)	1	706260	97.5664
oudergesprek N(soort,mv,basis)	1	706261	97.5666
ouderfeest N(soort,ev,basis,zijd,stan)	1	706262	97.5667
ouderavond N(soort,mv,basis)	1	706263	97.5668
oudbier N(soort,ev,basis,zijd,stan)	1	706264	97.567
oud-duits N(soort,mv,basis)	1	706265	97.5671
oud-bestuurder N(soort,mv,basis)	1	706266	97.5673
oud ADJ(postnom,comp,zonder)	1	706267	97.5674
oud ADJ(nom,sup,met-e,zonder-n,stan)	1	706268	97.5675
oud ADJ(dial)	1	706269	97.5677
ouch N(soort,ev,basis,zijd,stan)	1	706270	97.5678
ouch N(soort,ev,basis,onz,stan)	1	706271	97.568
ouch ADJ(vrij,basis,zonder)	1	706272	97.5681
ouais N(soort,ev,basis,onz,stan)	1	706273	97.5682
ou SPEC(vreemd)	1	706274	97.5684
ottogracht N(soort,ev,basis,zijd,stan)	1	706275	97.5685
otter N(soort,ev,basis,zijd,stan)	1	706276	97.5686
otherwise ADJ(prenom,basis,met-e,stan)	1	706277	97.5688
others N(soort,mv,basis)	1	706278	97.5689
ot N(soort,ev,basis,onz,stan)	1	706279	97.5691
ostentatief ADJ(vrij,basis,zonder)	1	706280	97.5692
oss SPEC(vreemd)	1	706281	97.5693
osoby N(soort,ev,basis,zijd,stan)	1	706282	97.5695
oslo-kano N(soort,ev,basis,zijd,stan)	1	706283	97.5696
oslo SPEC(vreemd)	1	706284	97.5697
oslo N(soort,ev,basis,onz,stan)	1	706285	97.5699
orviedo SPEC(deeleigen)	1	706286	97.57
orvallekes ADJ(vrij,basis,zonder)	1	706287	97.5702
orval N(soort,ev,basis,onz,stan)	1	706288	97.5703
orphÃ©e ADJ(prenom,basis,met-e,stan)	1	706289	97.5704
orleans N(soort,mv,basis)	1	706290	97.5706
oriÃ«nt WW(pv,tgw,met-t)	1	706291	97.5707
oriÃ«nt N(soort,ev,basis,zijd,stan)	1	706292	97.5709
origineel ADJ(vrij,comp,zonder)	1	706293	97.571
origineel ADJ(postnom,basis,met-s)	1	706294	97.5711
origineel ADJ(nom,basis,zonder,zonder-n)	1	706295	97.5713
orgel N(soort,ev,basis,onz,stan)	1	706296	97.5714
orgasme N(soort,ev,basis,onz,stan)	1	706297	97.5715
organiseren WW(pv,tgw,met-t)	1	706298	97.5717
organiseren WW(inf,nom,zonder,zonder-n)	1	706299	97.5718
organisatorisch ADJ(vrij,basis,zonder)	1	706300	97.572
organisator N(soort,ev,basis,zijd,stan)	1	706301	97.5721
organisatie N(soort,mv,basis)	1	706302	97.5722
org SPEC(symb)	1	706303	97.5724
org N(soort,mv,basis)	1	706304	97.5725
orfie N(soort,ev,basis,zijd,stan)	1	706305	97.5727
orf N(soort,ev,basis,zijd,stan)	1	706306	97.5728
oreo N(soort,mv,basis)	1	706307	97.5729
ordnung N(soort,ev,basis,zijd,stan)	1	706308	97.5731
ordner N(soort,mv,basis)	1	706309	97.5732
ordinair ADJ(vrij,basis,zonder)	1	706310	97.5733
ordering SPEC(vreemd)	1	706311	97.5735
ordered WW(pv,verl,ev)	1	706312	97.5736
ordered SPEC(vreemd)	1	706313	97.5738
orderboek N(soort,ev,basis,onz,stan)	1	706314	97.5739
order N(soort,ev,basis,zijd,stan)	1	706315	97.574
ordenen WW(inf,vrij,zonder)	1	706316	97.5742
orchidee N(soort,ev,basis,zijd,stan)	1	706317	97.5743
orchid SPEC(vreemd)	1	706318	97.5744
orbital N(soort,ev,basis,zijd,stan)	1	706319	97.5746
oranjewoud N(soort,ev,basis,zijd,stan)	1	706320	97.5747
opzuigen WW(inf,vrij,zonder)	1	706321	97.5749
opzoeke N(soort,ev,dim,onz,stan)	1	706322	97.575
opzoek ADJ(vrij,basis,zonder)	1	706323	97.5751
opzitten WW(inf,vrij,zonder)	1	706324	97.5753
opzich N(soort,ev,basis,onz,stan)	1	706325	97.5754
opzetten WW(inf,nom,zonder,zonder-n)	1	706326	97.5756
opzetstuk N(soort,ev,basis,zijd,stan)	1	706327	97.5757
opzetstuk N(soort,ev,basis,onz,stan)	1	706328	97.5758
opze BW()	1	706329	97.576
opwinden WW(vd,vrij,zonder)	1	706330	97.5761
opwekking N(soort,ev,basis,zijd,stan)	1	706331	97.5762
opweg N(soort,ev,basis,zijd,stan)	1	706332	97.5764
opweg N(soort,ev,basis,onz,stan)	1	706333	97.5765
opwarmen WW(vd,vrij,zonder)	1	706334	97.5767
opwarmen WW(inf,nom,zonder,zonder-n)	1	706335	97.5768
opwachting N(soort,ev,basis,zijd,stan)	1	706336	97.5769
opwachten WW(pv,tgw,ev)	1	706337	97.5771
opwaarderen WW(vd,vrij,zonder)	1	706338	97.5772
opvrolijken WW(inf,vrij,zonder)	1	706339	97.5773
opvragen WW(vd,vrij,zonder)	1	706340	97.5775
opvragen WW(inf,vrij,zonder)	1	706341	97.5776
opvouwen WW(inf,vrij,zonder)	1	706342	97.5778
opvolging N(soort,ev,basis,zijd,stan)	1	706343	97.5779
opvolger N(soort,mv,basis)	1	706344	97.578
opvoering N(soort,ev,basis,zijd,stan)	1	706345	97.5782
opvatten WW(inf,vrij,zonder)	1	706346	97.5783
opvangen WW(pv,verl,ev)	1	706347	97.5785
opvang N(soort,ev,basis,zijd,stan)	1	706348	97.5786
opvallen WW(inf,vrij,zonder)	1	706349	97.5787
opu N(soort,ev,basis,zijd,stan)	1	706350	97.5789
optrekken WW(vd,vrij,zonder)	1	706351	97.579
optreden WW(vd,vrij,zonder)	1	706352	97.5791
optreden WW(pv,tgw,met-t)	1	706353	97.5793
optreden N(soort,mv,dim)	1	706354	97.5794
optisch ADJ(vrij,basis,zonder)	1	706355	97.5796
optipil N(soort,ev,basis,onz,stan)	1	706356	97.5797
optioneel ADJ(vrij,basis,zonder)	1	706357	97.5798
optioneel ADJ(prenom,basis,zonder)	1	706358	97.58
optimist N(soort,ev,basis,zijd,stan)	1	706359	97.5801
optimisme N(soort,ev,basis,onz,stan)	1	706360	97.5802
optieker N(soort,ev,basis,zijd,stan)	1	706361	97.5804
optiek N(soort,ev,basis,zijd,stan)	1	706362	97.5805
optelefoneren WW(pv,tgw,ev)	1	706363	97.5807
opt WW(vd,vrij,zonder)	1	706364	97.5808
opt ADJ(vrij,basis,zonder)	1	706365	97.5809
opsturen WW(pv,tgw,mv)	1	706366	97.5811
opstrijken WW(inf,vrij,zonder)	1	706367	97.5812
opstoken WW(vd,vrij,zonder)	1	706368	97.5814
opstiefelen WW(vd,vrij,zonder)	1	706369	97.5815
opsteken WW(pv,tgw,mv)	1	706370	97.5816
opstartgeluid N(soort,mv,basis)	1	706371	97.5818
opstarten WW(vd,vrij,zonder)	1	706372	97.5819
opstarten WW(pv,tgw,ev)	1	706373	97.582
opstart N(soort,ev,basis,zijd,stan)	1	706374	97.5822
opstapt WW(vd,vrij,zonder)	1	706375	97.5823
opstapplaats N(soort,ev,basis,zijd,stan)	1	706376	97.5825
opstaan WW(pv,verl,ev)	1	706377	97.5826
opstaan WW(pv,tgw,ev)	1	706378	97.5827
opspuiten WW(inf,vrij,zonder)	1	706379	97.5829
opsporing N(soort,ev,basis,zijd,stan)	1	706380	97.583
opsporen WW(inf,vrij,zonder)	1	706381	97.5831
opsomming N(soort,ev,basis,zijd,stan)	1	706382	97.5833
opsmikkelen WW(vd,vrij,zonder)	1	706383	97.5834
opsluiten WW(inf,vrij,zonder)	1	706384	97.5836
opslokken WW(vd,vrij,zonder)	1	706385	97.5837
opslag N(soort,ev,basis,zijd,stan)	1	706386	97.5838
opslaan WW(inf,nom,zonder,zonder-n)	1	706387	97.584
opschrift N(soort,mv,basis)	1	706388	97.5841
opschonen WW(inf,vrij,zonder)	1	706389	97.5843
opscheplepel N(soort,ev,basis,zijd,stan)	1	706390	97.5844
opschepen WW(vd,vrij,zonder)	1	706391	97.5845
ops SPEC(vreemd)	1	706392	97.5847
ops SPEC(deeleigen)	1	706393	97.5848
opruimen=memorie N(soort,mv,basis)	1	706394	97.5849
opruimdag N(soort,ev,basis,zijd,stan)	1	706395	97.5851
opruim N(soort,ev,basis,zijd,stan)	1	706396	97.5852
oprotpremie N(soort,ev,basis,zijd,stan)	1	706397	97.5854
oproer N(soort,ev,basis,onz,stan)	1	706398	97.5855
oproepen WW(pv,tgw,met-t)	1	706399	97.5856
oproepen WW(inf,vrij,zonder)	1	706400	97.5858
oproep N(soort,mv,basis)	1	706401	97.5859
oprichten WW(inf,vrij,zonder)	1	706402	97.5861
oprecht ADJ(prenom,basis,zonder)	1	706403	97.5862
opps SPEC(vreemd)	1	706404	97.5863
opposite SPEC(vreemd)	1	706405	97.5865
opposed SPEC(vreemd)	1	706406	97.5866
opportunities SPEC(vreemd)	1	706407	97.5867
oppompen WW(inf,vrij,zonder)	1	706408	97.5869
opplooien WW(vd,vrij,zonder)	1	706409	97.587
opplooien WW(inf,vrij,zonder)	1	706410	97.5872
opplakken WW(inf,vrij,zonder)	1	706411	97.5873
oppikken WW(vd,vrij,zonder)	1	706412	97.5874
oppikke WW(pv,verl,ev)	1	706413	97.5876
oppikke N(soort,ev,dim,onz,stan)	1	706414	97.5877
oppervlakte N(soort,ev,basis,zijd,stan)	1	706415	97.5878
opperdepop ADJ(vrij,basis,zonder)	1	706416	97.588
oppassen WW(vd,vrij,zonder)	1	706417	97.5881
oppassen WW(pv,tgw,ev)	1	706418	97.5883
oppasplan N(soort,mv,basis)	1	706419	97.5884
opp ADJ(vrij,basis,zonder)	1	706420	97.5885
oponthoud N(soort,ev,basis,onz,stan)	1	706421	97.5887
opnemen WW(pv,tgw,mv)	1	706422	97.5888
opneme N(soort,ev,basis,onz,stan)	1	706423	97.589
opnaaien WW(inf,vrij,zonder)	1	706424	97.5891
opmeten WW(inf,vrij,zonder)	1	706425	97.5892
opmete WW(pv,verl,ev)	1	706426	97.5894
opmerling N(soort,mv,basis)	1	706427	97.5895
opmerken WW(vd,vrij,zonder)	1	706428	97.5896
opmeet WW(vd,vrij,zonder)	1	706429	97.5898
opme N(soort,ev,basis,onz,stan)	1	706430	97.5899
opluchten WW(vd,vrij,zonder)	1	706431	97.5901
opluchten WW(inf,vrij,zonder)	1	706432	97.5902
oplossen WW(pv,tgw,met-t)	1	706433	97.5903
oploskoffie N(soort,ev,basis,zijd,stan)	1	706434	97.5905
oplopen WW(inf,vrij,zonder)	1	706435	97.5906
oplichter N(soort,mv,basis)	1	706436	97.5907
opleveren WW(vd,vrij,zonder)	1	706437	97.5909
opleveren WW(pv,verl,ev)	1	706438	97.591
opleveren WW(pv,tgw,met-t)	1	706439	97.5912
opleiding N(soort,mv,basis)	1	706440	97.5913
opleidig TW(hoofd,prenom,stan)	1	706441	97.5914
oplader N(soort,mv,basis)	1	706442	97.5916
oplaaien WW(vd,vrij,zonder)	1	706443	97.5917
opl WW(pv,tgw,met-t)	1	706444	97.5919
opl N(soort,ev,basis,zijd,stan)	1	706445	97.592
opkuiswerk N(soort,ev,basis,onz,stan)	1	706446	97.5921
opkroppen WW(pv,tgw,met-t)	1	706447	97.5923
opkroppen WW(inf,vrij,zonder)	1	706448	97.5924
opkomen WW(vd,vrij,zonder)	1	706449	97.5925
opkomen WW(od,prenom,met-e)	1	706450	97.5927
opkomen WW(inf,vrij,zonder)	1	706451	97.5928
opknappen WW(pv,tgw,met-t)	1	706452	97.593
opknappen WW(inf,vrij,zonder)	1	706453	97.5931
opklaring N(soort,ev,basis,zijd,stan)	1	706454	97.5932
opklaren WW(vd,vrij,zonder)	1	706455	97.5934
opjagen WW(pv,tgw,mv)	1	706456	97.5935
opjagen WW(inf,nom,zonder,zonder-n)	1	706457	97.5936
opinion SPEC(vreemd)	1	706458	97.5938
ophouden WW(pv,tgw,met-t)	1	706459	97.5939
ophogen WW(vd,vrij,zonder)	1	706460	97.5941
ophen WW(inf,vrij,zonder)	1	706461	97.5942
ophelderen WW(vd,vrij,zonder)	1	706462	97.5943
ophasselt WW(pv,tgw,ev)	1	706463	97.5945
ophangen WW(pv,verl,ev)	1	706464	97.5946
ophangen WW(pv,tgw,met-t)	1	706465	97.5948
ophangen WW(inf,nom,zonder,zonder-n)	1	706466	97.5949
ophalen WW(pv,tgw,met-t)	1	706467	97.595
ophalen WW(pv,tgw,ev)	1	706468	97.5952
ophaalpoging N(soort,ev,basis,zijd,stan)	1	706469	97.5953
opgeve ADJ(prenom,basis,met-e,stan)	1	706470	97.5954
opgeslagen N(soort,mv,basis)	1	706471	97.5956
opgeschreven N(soort,mv,basis)	1	706472	97.5957
opgelucht ADJ(prenom,basis,met-e,stan)	1	706473	97.5959
opgegeve WW(pv,verl,ev)	1	706474	97.596
opgegeve SPEC(vreemd)	1	706475	97.5961
opgaan WW(pv,tgw,met-t)	1	706476	97.5963
opgaan WW(inf,vrij,zonder)	1	706477	97.5964
opgaaf N(soort,mv,basis)	1	706478	97.5965
opfrissen WW(vd,vrij,zonder)	1	706479	97.5967
opfrissen WW(inf,vrij,zonder)	1	706480	97.5968
opfokken WW(vd,vrij,zonder)	1	706481	97.597
opfietsen WW(vd,vrij,zonder)	1	706482	97.5971
opfietsen WW(inf,nom,zonder,zonder-n)	1	706483	97.5972
opeten WW(pv,tgw,mv)	1	706484	97.5974
operation SPEC(vreemd)	1	706485	97.5975
opera SPEC(vreemd)	1	706486	97.5977
openzijn N(soort,ev,basis,zijd,stan)	1	706487	97.5978
opentrekken WW(inf,vrij,zonder)	1	706488	97.5979
openstellen WW(vd,vrij,zonder)	1	706489	97.5981
openstaan WW(inf,vrij,zonder)	1	706490	97.5982
openminded SPEC(vreemd)	1	706491	97.5983
openlucht N(soort,ev,basis,zijd,stan)	1	706492	97.5985
openlaten WW(inf,vrij,zonder)	1	706493	97.5986
openkrabben WW(vd,vrij,zonder)	1	706494	97.5988
openingsuur N(soort,mv,basis)	1	706495	97.5989
openingstijd N(soort,mv,basis)	1	706496	97.599
openingssessie N(soort,ev,basis,zijd,stan)	1	706497	97.5992
openingsdrink N(soort,ev,basis,onz,stan)	1	706498	97.5993
openingsdans N(soort,ev,basis,zijd,stan)	1	706499	97.5995
openhartig ADJ(vrij,basis,zonder)	1	706500	97.5996
openen WW(pv,verl,ev)	1	706501	97.5997
openen WW(pv,tgw,ev)	1	706502	97.5999
opendaggen WW(inf,nom,zonder,zonder-n)	1	706503	97.6
opendagentijd N(soort,ev,basis,zijd,stan)	1	706504	97.6001
openbarsten WW(vd,vrij,zonder)	1	706505	97.6003
openbaar N(soort,ev,basis,onz,stan)	1	706506	97.6004
openbaar ADJ(prenom,basis,met-e,stan)	1	706507	97.6006
opel N(soort,ev,dim,onz,stan)	1	706508	97.6007
opeisen WW(inf,vrij,zonder)	1	706509	97.6008
opdringerig ADJ(vrij,basis,zonder)	1	706510	97.601
opdringerig ADJ(prenom,basis,met-e,stan)	1	706511	97.6011
opdringen WW(pv,tgw,met-t)	1	706512	97.6012
opdringen WW(inf,vrij,zonder)	1	706513	97.6014
opdring ADJ(vrij,basis,zonder)	1	706514	97.6015
opdrachtbundel WW(pv,tgw,met-t)	1	706515	97.6017
opdraaien WW(inf,vrij,zonder)	1	706516	97.6018
opdr N(soort,ev,basis,zijd,stan)	1	706517	97.6019
opdr ADJ(vrij,comp,zonder)	1	706518	97.6021
opdoeken WW(inf,vrij,zonder)	1	706519	97.6022
opdat VG(onder)	1	706520	97.6024
opbreng WW(pv,verl,ev)	1	706521	97.6025
opbouwen WW(vd,vrij,zonder)	1	706522	97.6026
opbouwen WW(od,prenom,met-e)	1	706523	97.6028
opbouw WW(inf,vrij,zonder)	1	706524	97.6029
opbouw WW(inf,nom,zonder,zonder-n)	1	706525	97.603
opbouw N(soort,ev,basis,zijd,stan)	1	706526	97.6032
opblinken WW(inf,vrij,zonder)	1	706527	97.6033
opblazen WW(vd,vrij,zonder)	1	706528	97.6035
opbellen WW(vd,vrij,zonder)	1	706529	97.6036
opak ADJ(prenom,basis,met-e,stan)	1	706530	97.6037
opabad N(soort,ev,basis,onz,stan)	1	706531	97.6039
op.za SPEC(symb)	1	706532	97.604
op. N(soort,ev,dim,onz,stan)	1	706533	97.6041
op't ADJ(prenom,basis,zonder)	1	706534	97.6043
oow N(soort,ev,basis,zijd,stan)	1	706535	97.6044
ootmarsum N(soort,ev,basis,onz,stan)	1	706536	97.6046
oostkamp N(soort,ev,basis,onz,stan)	1	706537	97.6047
oosterhout N(soort,ev,basis,onz,stan)	1	706538	97.6048
oosterbuur N(soort,mv,basis)	1	706539	97.605
oostenrijk-themed N(soort,ev,basis,onz,stan)	1	706540	97.6051
oostenrijk N(soort,ev,basis,zijd,stan)	1	706541	97.6053
oostende WW(pv,verl,ev)	1	706542	97.6054
oostende ADJ(prenom,basis,met-e,stan)	1	706543	97.6055
oosten N(soort,ev,basis,onz,stan)	1	706544	97.6057
oostduinkerke N(soort,ev,dim,onz,stan)	1	706545	97.6058
oostblokker N(soort,mv,basis)	1	706546	97.6059
oost ADJ(nom,basis,zonder,zonder-n)	1	706547	97.6061
oorlogspad N(soort,ev,basis,onz,stan)	1	706548	97.6062
oorlogje N(soort,ev,dim,onz,stan)	1	706549	97.6064
oorlog N(soort,ev,basis,zijd,stan)	1	706550	97.6065
oord N(soort,mv,basis)	1	706551	97.6066
oorbloed N(soort,ev,basis,onz,stan)	1	706552	97.6068
oor N(soort,mv,dim)	1	706553	97.6069
oops N(soort,ev,basis,zijd,stan)	1	706554	97.607
ooowww N(soort,ev,basis,zijd,stan)	1	706555	97.6072
ooooooook WW(pv,tgw,ev)	1	706556	97.6073
ooooooo N(soort,ev,basis,zijd,stan)	1	706557	97.6075
ooooooh N(soort,ev,basis,onz,stan)	1	706558	97.6076
oooooew N(soort,ev,basis,zijd,stan)	1	706559	97.6077
ooooo N(soort,ev,basis,zijd,stan)	1	706560	97.6079
oookeeee N(soort,ev,basis,zijd,stan)	1	706561	97.608
oook WW(pv,verl,ev)	1	706562	97.6082
oook N(soort,ev,basis,zijd,stan)	1	706563	97.6083
oooh TSW()	1	706564	97.6084
oooh SPEC(vreemd)	1	706565	97.6086
oooe N(soort,ev,basis,zijd,stan)	1	706566	97.6087
ooo-yeah ADJ(vrij,basis,zonder)	1	706567	97.6088
oom WW(pv,tgw,ev)	1	706568	97.609
ookl N(soort,ev,basis,onz,stan)	1	706569	97.6091
ookal SPEC(vreemd)	1	706570	97.6093
ookal ADJ(vrij,basis,zonder)	1	706571	97.6094
ook.no SPEC(symb)	1	706572	97.6095
oohw BW()	1	706573	97.6097
oohlaaa N(soort,ev,basis,zijd,stan)	1	706574	97.6098
ooh TSW()	1	706575	97.6099
oogverblindend ADJ(vrij,basis,zonder)	1	706576	97.6101
oogverblindend ADJ(prenom,basis,zonder)	1	706577	97.6102
oogschaduw N(soort,ev,basis,zijd,stan)	1	706578	97.6104
ooglid N(soort,mv,basis)	1	706579	97.6105
ooggetuige N(soort,mv,basis)	1	706580	97.6106
ooeee N(soort,ev,basis,zijd,stan)	1	706581	97.6108
ooee N(soort,ev,basis,zijd,stan)	1	706582	97.6109
oodje N(soort,ev,dim,onz,stan)	1	706583	97.6111
onzinnig ADJ(prenom,basis,met-e,stan)	1	706584	97.6112
onwetend ADJ(vrij,basis,zonder)	1	706585	97.6113
onweren WW(vd,vrij,zonder)	1	706586	97.6115
onweerstaanbaar ADJ(vrij,basis,zonder)	1	706587	97.6116
onweerstaanbaar ADJ(prenom,basis,zonder)	1	706588	97.6117
onweersbui N(soort,mv,basis)	1	706589	97.6119
onweersbui N(soort,ev,basis,zijd,stan)	1	706590	97.612
onweerachtig ADJ(vrij,basis,zonder)	1	706591	97.6122
onwaarschijnlijk ADJ(vrij,basis,zonder)	1	706592	97.6123
onvoorzien ADJ(vrij,basis,zonder)	1	706593	97.6124
onvoldoende N(soort,mv,basis)	1	706594	97.6126
onverwachts ADJ(prenom,basis,met-e,stan)	1	706595	97.6127
onverwacht ADJ(prenom,basis,zonder)	1	706596	97.6129
onverstandig ADJ(vrij,basis,zonder)	1	706597	97.613
onverstaanbaar ADJ(vrij,basis,zonder)	1	706598	97.6131
onverstaanbaar ADJ(prenom,basis,met-e,stan)	1	706599	97.6133
onvermijdelijk ADJ(prenom,basis,met-e,stan)	1	706600	97.6134
onverantwoordelijk ADJ(vrij,basis,zonder)	1	706601	97.6135
onverantwoord ADJ(vrij,basis,zonder)	1	706602	97.6137
ontzien WW(pv,tgw,ev)	1	706603	97.6138
ontwikkelingswebsite N(soort,ev,basis,zijd,stan)	1	706604	97.614
ontwikkelingsland N(soort,ev,basis,onz,stan)	1	706605	97.6141
ontwikkeling N(soort,mv,basis)	1	706606	97.6142
ontwikkelen WW(vd,vrij,zonder)	1	706607	97.6144
ontwikkelen WW(pv,tgw,ev)	1	706608	97.6145
ontwikkelaar N(soort,ev,basis,zijd,stan)	1	706609	97.6146
ontwijken WW(vd,vrij,zonder)	1	706610	97.6148
ontwijken WW(inf,vrij,zonder)	1	706611	97.6149
ontwerpen WW(vd,vrij,zonder)	1	706612	97.6151
ontwerpen WW(pv,tgw,met-t)	1	706613	97.6152
ontwerpen WW(inf,vrij,zonder)	1	706614	97.6153
ontwerp N(soort,ev,basis,onz,stan)	1	706615	97.6155
ontwenningsverschijnsel N(soort,mv,basis)	1	706616	97.6156
ontwaken WW(vd,vrij,zonder)	1	706617	97.6158
ontw N(soort,ev,basis,zijd,stan)	1	706618	97.6159
ontvluchten WW(vd,vrij,zonder)	1	706619	97.616
ontvlooien WW(inf,vrij,zonder)	1	706620	97.6162
ontvangstsms N(soort,ev,dim,onz,stan)	1	706621	97.6163
ontvangstbevestiging N(soort,ev,basis,zijd,stan)	1	706622	97.6164
ontvanger N(soort,ev,basis,zijd,stan)	1	706623	97.6166
onttrainingstage N(soort,ev,basis,zijd,stan)	1	706624	97.6167
ontstopper N(soort,ev,basis,zijd,stan)	1	706625	97.6169
ontstekingsremmen WW(od,prenom,met-e)	1	706626	97.617
ontsteken WW(vd,prenom,zonder)	1	706627	97.6171
ontstaan WW(vd,vrij,zonder)	1	706628	97.6173
ontsporen WW(pv,tgw,met-t)	1	706629	97.6174
ontspannend ADJ(vrij,basis,zonder)	1	706630	97.6175
ontspannen WW(vd,prenom,zonder)	1	706631	97.6177
ontspannen WW(od,prenom,met-e)	1	706632	97.6178
ontspannen ADJ(vrij,basis,zonder)	1	706633	97.618
ontspannen ADJ(prenom,basis,zonder)	1	706634	97.6181
ontsnappen WW(vd,vrij,zonder)	1	706635	97.6182
ontsnappen WW(pv,tgw,met-t)	1	706636	97.6184
ontsnappen WW(inf,vrij,zonder)	1	706637	97.6185
ontruimen WW(vd,vrij,zonder)	1	706638	97.6187
ontrafelen WW(inf,vrij,zonder)	1	706639	97.6188
ontpoppen WW(pv,tgw,met-t)	1	706640	97.6189
ontpok N(soort,mv,basis)	1	706641	97.6191
ontploffen WW(pv,verl,ev)	1	706642	97.6192
ontploffen WW(pv,tgw,mv)	1	706643	97.6193
ontploffen WW(pv,tgw,met-t)	1	706644	97.6195
ontnuchteren WW(inf,vrij,zonder)	1	706645	97.6196
ontmoeten WW(pv,tgw,mv)	1	706646	97.6198
ontmoedigen WW(od,vrij,zonder)	1	706647	97.6199
ontmoedigen WW(inf,vrij,zonder)	1	706648	97.62
ontlopen WW(inf,vrij,zonder)	1	706649	97.6202
ontladen WW(inf,vrij,zonder)	1	706650	97.6203
ontkurken WW(vd,vrij,zonder)	1	706651	97.6204
ontkurken WW(inf,vrij,zonder)	1	706652	97.6206
ontknoping N(soort,ev,basis,zijd,stan)	1	706653	97.6207
ontkenning N(soort,ev,basis,zijd,stan)	1	706654	97.6209
onthaal N(soort,ev,basis,onz,stan)	1	706655	97.621
ontgroeningscantus N(soort,mv,basis)	1	706656	97.6211
ontgroeningscantus N(soort,ev,basis,zijd,stan)	1	706657	97.6213
ontgrendelen WW(inf,vrij,zonder)	1	706658	97.6214
ontfutselen WW(inf,vrij,zonder)	1	706659	97.6216
ontfermen WW(pv,tgw,met-t)	1	706660	97.6217
ontfacebookt WW(vd,vrij,zonder)	1	706661	97.6218
ontevreden ADJ(vrij,basis,zonder)	1	706662	97.622
onterecht ADJ(prenom,basis,met-e,stan)	1	706663	97.6221
ontelbaar ADJ(vrij,basis,zonder)	1	706664	97.6222
ontdooien WW(inf,vrij,zonder)	1	706665	97.6224
ontdekkingsreizigerskamp N(soort,ev,basis,onz,stan)	1	706666	97.6225
ontdekking N(soort,ev,basis,zijd,stan)	1	706667	97.6227
ontdekken WW(pv,verl,ev)	1	706668	97.6228
ontdekken WW(pv,tgw,mv)	1	706669	97.6229
ontdekken WW(pv,tgw,ev)	1	706670	97.6231
ontbyen WW(pv,tgw,met-t)	1	706671	97.6232
ontbrÃ©Ã©kt WW(vd,vrij,zonder)	1	706672	97.6233
ontbrekend N(soort,ev,basis,zijd,stan)	1	706673	97.6235
ontbreken WW(pv,verl,ev)	1	706674	97.6236
ontbreken WW(od,prenom,met-e)	1	706675	97.6238
ontbrakt WW(vd,vrij,zonder)	1	706676	97.6239
ontblood N(soort,ev,basis,zijd,stan)	1	706677	97.624
ontbijtvergadering N(soort,ev,basis,zijd,stan)	1	706678	97.6242
ontbijtplank N(soort,mv,dim)	1	706679	97.6243
ontbijtn N(soort,mv,basis)	1	706680	97.6245
ontbijtkoeken WW(inf,vrij,zonder)	1	706681	97.6246
ontbijtfase N(soort,ev,basis,zijd,stan)	1	706682	97.6247
ontbijten WW(inf,nom,zonder,zonder-n)	1	706683	97.6249
ontbijtachtig ADJ(vrij,basis,zonder)	1	706684	97.625
ontbijt N(soort,ev,basis,zijd,stan)	1	706685	97.6251
ontbering N(soort,mv,basis)	1	706686	97.6253
onszelf VNW(pr,pron,obl,nadr,1,mv)	1	706687	97.6254
onsterfelijk ADJ(vrij,basis,zonder)	1	706688	97.6256
onschuldig ADJ(prenom,basis,met-e,stan)	1	706689	97.6257
onschuldig ADJ(postnom,basis,met-s)	1	706690	97.6258
onsamenhangend ADJ(prenom,basis,met-e,stan)	1	706691	97.626
ons.za SPEC(symb)	1	706692	97.6261
ons N(soort,ev,dim,onz,stan)	1	706693	97.6263
onromantisch ADJ(vrij,basis,zonder)	1	706694	97.6264
onrechtstreeks ADJ(vrij,basis,zonder)	1	706695	97.6265
onprettig ADJ(prenom,basis,zonder)	1	706696	97.6267
onplezierig ADJ(vrij,basis,zonder)	1	706697	97.6268
onozel ADJ(vrij,basis,zonder)	1	706698	97.6269
onophoudelijk ADJ(vrij,basis,zonder)	1	706699	97.6271
onontkoombaar ADJ(vrij,basis,zonder)	1	706700	97.6272
onnozelheid N(soort,ev,basis,zijd,stan)	1	706701	97.6274
onnozelaar N(soort,mv,basis)	1	706702	97.6275
onnozelaar N(soort,ev,basis,zijd,stan)	1	706703	97.6276
onnoemelijk ADJ(vrij,basis,zonder)	1	706704	97.6278
onmogelijk ADJ(prenom,basis,zonder)	1	706705	97.6279
onmiddellijk ADJ(prenom,basis,met-e,stan)	1	706706	97.628
onmetelijk ADJ(prenom,basis,zonder)	1	706707	97.6282
onmenselijk ADJ(prenom,basis,zonder)	1	706708	97.6283
online-toegangscode WW(pv,verl,ev)	1	706709	97.6285
online SPEC(vreemd)	1	706710	97.6286
onlangs BW()	1	706711	97.6287
onlaaaaaaaiaaaaaaaaiaaaaiaaaaan WW(pv,tgw,mv)	1	706712	97.6289
onkyo N(soort,ev,basis,zijd,stan)	1	706713	97.629
onkruid N(soort,ev,basis,onz,stan)	1	706714	97.6292
onklopbaar ADJ(vrij,basis,zonder)	1	706715	97.6293
onklaar ADJ(vrij,basis,zonder)	1	706716	97.6294
oninteressant ADJ(prenom,basis,met-e,stan)	1	706717	97.6296
oninneembaar ADJ(prenom,basis,met-e,stan)	1	706718	97.6297
onhip ADJ(vrij,basis,zonder)	1	706719	97.6298
onherroepelijk ADJ(vrij,basis,zonder)	1	706720	97.63
ongeÃ¯nspireerd ADJ(prenom,basis,zonder)	1	706721	97.6301
ongezelligheid N(soort,ev,basis,zijd,stan)	1	706722	97.6303
ongewisse N(soort,ev,basis,onz,stan)	1	706723	97.6304
ongevoelig ADJ(prenom,basis,met-e,stan)	1	706724	97.6305
ongeval N(soort,ev,basis,zijd,stan)	1	706725	97.6307
ongeval ADJ(prenom,basis,zonder)	1	706726	97.6308
ongesteld WW(vd,vrij,zonder)	1	706727	97.6309
ongesneden ADJ(prenom,basis,zonder)	1	706728	97.6311
ongeschikt ADJ(vrij,basis,zonder)	1	706729	97.6312
ongerustheid N(soort,ev,basis,zijd,stan)	1	706730	97.6314
ongerief N(soort,ev,basis,onz,stan)	1	706731	97.6315
ongeregeldheid N(soort,mv,basis)	1	706732	97.6316
ongepland BW()	1	706733	97.6318
ongemakkelijk ADJ(prenom,basis,met-e,stan)	1	706734	97.6319
ongelijk N(soort,ev,basis,onz,stan)	1	706735	97.6321
ongelijk ADJ(vrij,basis,zonder)	1	706736	97.6322
ongekend ADJ(vrij,basis,zonder)	1	706737	97.6323
ongeduldig ADJ(vrij,comp,zonder)	1	706738	97.6325
ongecompliceerd ADJ(vrij,basis,zonder)	1	706739	97.6326
ong WW(pv,verl,ev)	1	706740	97.6327
ong N(soort,ev,basis,onz,stan)	1	706741	97.6329
onevenredig ADJ(vrij,basis,zonder)	1	706742	97.633
onenigheid N(soort,ev,basis,zijd,stan)	1	706743	97.6332
oneindig ADJ(vrij,basis,zonder)	1	706744	97.6333
onduidelijkheid N(soort,mv,basis)	1	706745	97.6334
ondubbelzinnig ADJ(vrij,basis,zonder)	1	706746	97.6336
ondraaglijk ADJ(prenom,basis,met-e,stan)	1	706747	97.6337
ondetailleren WW(vd,prenom,met-e)	1	706748	97.6338
onderzoeksvoorstel N(soort,mv,basis)	1	706749	97.634
onderzoeksvoorstel N(soort,ev,basis,onz,stan)	1	706750	97.6341
onderzoeksversl N(soort,ev,basis,onz,stan)	1	706751	97.6343
onderzoeksgroep N(soort,ev,basis,zijd,stan)	1	706752	97.6344
onderzoeker N(soort,ev,basis,zijd,stan)	1	706753	97.6345
onderzoeken WW(vd,vrij,zonder)	1	706754	97.6347
onderwijs SPEC(vreemd)	1	706755	97.6348
onderwg N(soort,ev,basis,zijd,stan)	1	706756	97.635
onderwerp N(soort,mv,basis)	1	706757	97.6351
onderwegkus N(soort,ev,dim,onz,stan)	1	706758	97.6352
onderwatergadget N(soort,mv,basis)	1	706759	97.6354
ondervraging N(soort,ev,basis,zijd,stan)	1	706760	97.6355
ondervoorzitter N(soort,ev,basis,zijd,stan)	1	706761	97.6356
ondervinden WW(pv,tgw,mv)	1	706762	97.6358
onderverhuren WW(inf,vrij,zonder)	1	706763	97.6359
ondertss SPEC(vreemd)	1	706764	97.6361
ondertss N(soort,ev,basis,zijd,stan)	1	706765	97.6362
ondertitelen WW(vd,vrij,zonder)	1	706766	97.6363
ondertatoeeren WW(inf,vrij,zonder)	1	706767	97.6365
ondersteuning N(soort,ev,basis,zijd,stan)	1	706768	97.6366
ondersteunen WW(pv,tgw,met-t)	1	706769	97.6367
onderstaan WW(od,prenom,zonder)	1	706770	97.6369
ondersneeuwen WW(vd,vrij,zonder)	1	706771	97.637
onderscheppen WW(vd,vrij,zonder)	1	706772	97.6372
onderscheppen WW(pv,verl,ev)	1	706773	97.6373
onderscheiding N(soort,ev,basis,zijd,stan)	1	706774	97.6374
onderschatten WW(pv,tgw,ev)	1	706775	97.6376
onderrug N(soort,ev,basis,zijd,stan)	1	706776	97.6377
onderplassen WW(inf,vrij,zonder)	1	706777	97.6379
onderpissen WW(vd,vrij,zonder)	1	706778	97.638
onderop BW()	1	706779	97.6381
onderoeksplek N(soort,mv,basis)	1	706780	97.6383
ondernemer N(soort,ev,basis,zijd,stan)	1	706781	97.6384
ondernemen WW(vd,vrij,zonder)	1	706782	97.6385
ondermeer BW()	1	706783	97.6387
onderlopen WW(vd,vrij,zonder)	1	706784	97.6388
onderlopen WW(inf,nom,zonder,zonder-n)	1	706785	97.639
onderkant N(soort,ev,basis,zijd,stan)	1	706786	97.6391
onderhuurder N(soort,ev,basis,zijd,stan)	1	706787	97.6392
onderhands ADJ(vrij,basis,zonder)	1	706788	97.6394
onderhand BW()	1	706789	97.6395
ondergrond N(soort,ev,basis,zijd,stan)	1	706790	97.6397
ondergetekende N(soort,ev,basis,zijd,stan)	1	706791	97.6398
ondergaan WW(od,prenom,met-e)	1	706792	97.6399
onderdrukken WW(vd,vrij,zonder)	1	706793	97.6401
onderdrukken WW(inf,vrij,zonder)	1	706794	97.6402
onderdaan N(soort,ev,basis,zijd,stan)	1	706795	97.6403
onderbuur N(soort,ev,basis,zijd,stan)	1	706796	97.6405
onderbuik N(soort,ev,basis,zijd,stan)	1	706797	97.6406
onderbrengen WW(inf,vrij,zonder)	1	706798	97.6408
onderbreking N(soort,ev,basis,zijd,stan)	1	706799	97.6409
onderbreken WW(pv,tgw,ev)	1	706800	97.641
onderbinden WW(pv,verl,mv)	1	706801	97.6412
onderbemand WW(od,prenom,zonder)	1	706802	97.6413
onderaande WW(vd,prenom,met-e)	1	706803	97.6414
ondankbaar ADJ(vrij,basis,zonder)	1	706804	97.6416
ond N(soort,ev,dim,onz,stan)	1	706805	97.6417
ond ADJ(vrij,basis,zonder)	1	706806	97.6419
oncze SPEC(vreemd)	1	706807	97.642
oncoloog N(soort,ev,basis,zijd,stan)	1	706808	97.6421
onbezorgd ADJ(vrij,basis,zonder)	1	706809	97.6423
onbewoond ADJ(prenom,basis,zonder)	1	706810	97.6424
onbetrouwbaar ADJ(prenom,basis,met-e,stan)	1	706811	97.6426
onbetaalbaar ADJ(vrij,basis,zonder)	1	706812	97.6427
onbestaand ADJ(vrij,basis,zonder)	1	706813	97.6428
onberpekken WW(pv,tgw,met-t)	1	706814	97.643
onbereikbaarheid N(soort,ev,basis,zijd,stan)	1	706815	97.6431
onbeperkt ADJ(vrij,basis,zonder)	1	706816	97.6432
onbeperkt ADJ(prenom,basis,zonder)	1	706817	97.6434
onbeperkt ADJ(prenom,basis,met-e,stan)	1	706818	97.6435
onbenut ADJ(vrij,basis,zonder)	1	706819	97.6437
onbemeubeld ADJ(prenom,basis,zonder)	1	706820	97.6438
onbelangrijk ADJ(vrij,basis,zonder)	1	706821	97.6439
onbekwaam ADJ(prenom,basis,met-e,stan)	1	706822	97.6441
onbekend ADJ(prenom,basis,met-e,stan)	1	706823	97.6442
onbekend ADJ(postnom,basis,zonder)	1	706824	97.6443
onbekend ADJ(postnom,basis,met-s)	1	706825	97.6445
onbekend ADJ(nom,basis,met-e,mv-n)	1	706826	97.6446
onbegrensd ADJ(vrij,basis,zonder)	1	706827	97.6448
onafhankelijk ADJ(prenom,basis,zonder)	1	706828	97.6449
onafgebroken ADJ(vrij,basis,zonder)	1	706829	97.645
onaangenaam ADJ(vrij,basis,zonder)	1	706830	97.6452
onaangekondigd ADJ(vrij,basis,zonder)	1	706831	97.6453
onaandachtig ADJ(vrij,basis,zonder)	1	706832	97.6455
on-vrolijk ADJ(vrij,basis,zonder)	1	706833	97.6456
on-screen ADJ(prenom,basis,zonder)	1	706834	97.6457
on N(soort,ev,basis,zijd,stan)	1	706835	97.6459
omzwerving N(soort,mv,basis)	1	706836	97.646
omzeilen WW(inf,vrij,zonder)	1	706837	97.6461
omwisselen WW(inf,vrij,zonder)	1	706838	97.6463
omwille BW()	1	706839	97.6464
omweg N(soort,ev,basis,zijd,stan)	1	706840	97.6466
omw N(soort,ev,basis,zijd,stan)	1	706841	97.6467
omvormen WW(inf,vrij,zonder)	1	706842	97.6468
omver BW()	1	706843	97.647
omvallen WW(pv,verl,ev)	1	706844	97.6471
omvalaktie N(soort,ev,basis,zijd,stan)	1	706845	97.6472
omte WW(pv,verl,ev)	1	706846	97.6474
omt SPEC(vreemd)	1	706847	97.6475
omstreeks VZ(init)	1	706848	97.6477
omspringen WW(inf,vrij,zonder)	1	706849	97.6478
omslag N(soort,ev,basis,zijd,stan)	1	706850	97.6479
omslachtig ADJ(prenom,basis,met-e,stan)	1	706851	97.6481
omslaan WW(vd,vrij,zonder)	1	706852	97.6482
omsingelen WW(vd,vrij,zonder)	1	706853	97.6484
omschrijving N(soort,ev,basis,zijd,stan)	1	706854	97.6485
omschrijven WW(pv,verl,ev)	1	706855	97.6486
omruilen WW(pv,tgw,met-t)	1	706856	97.6488
omroepen WW(inf,vrij,zonder)	1	706857	97.6489
omroep N(soort,ev,basis,zijd,stan)	1	706858	97.649
omringen WW(inf,vrij,zonder)	1	706859	97.6492
omreizen WW(vd,vrij,zonder)	1	706860	97.6493
ompdat VG(onder)	1	706861	97.6495
ommeunig ADJ(vrij,basis,zonder)	1	706862	97.6496
ommekeer N(soort,ev,basis,zijd,stan)	1	706863	97.6497
omloop N(soort,mv,basis)	1	706864	97.6499
omleiding N(soort,ev,basis,zijd,stan)	1	706865	97.65
omkoopbaar ADJ(vrij,basis,zonder)	1	706866	97.6502
omkomen WW(vd,vrij,zonder)	1	706867	97.6503
omkomen WW(pv,tgw,mv)	1	706868	97.6504
omkome N(soort,ev,basis,onz,stan)	1	706869	97.6506
omkleden WW(vd,vrij,zonder)	1	706870	97.6507
omkeren WW(vd,vrij,zonder)	1	706871	97.6508
omji SPEC(vreemd)	1	706872	97.651
omid N(soort,ev,basis,zijd,stan)	1	706873	97.6511
omhoelaat N(soort,ev,basis,zijd,stan)	1	706874	97.6513
omheen VZ(fin)	1	706875	97.6514
omhalen WW(inf,vrij,zonder)	1	706876	97.6515
omhaal N(soort,ev,basis,zijd,stan)	1	706877	97.6517
omgeving N(soort,mv,basis)	1	706878	97.6518
omgeleide ADJ(prenom,basis,met-e,stan)	1	706879	97.6519
omgekeerd ADJ(prenom,basis,zonder)	1	706880	97.6521
omgaan WW(pv,tgw,met-t)	1	706881	97.6522
omg BW()	1	706882	97.6524
omer N(soort,ev,basis,zijd,stan)	1	706883	97.6525
omelets SPEC(vreemd)	1	706884	97.6526
omelet N(soort,ev,basis,zijd,stan)	1	706885	97.6528
omdraaien WW(vd,vrij,zonder)	1	706886	97.6529
omdraaien WW(pv,tgw,met-t)	1	706887	97.6531
omdawe N(soort,ev,basis,zijd,stan)	1	706888	97.6532
omdak N(soort,ev,basis,zijd,stan)	1	706889	97.6533
omdak N(soort,ev,basis,onz,stan)	1	706890	97.6535
omda WW(pv,verl,ev)	1	706891	97.6536
omda WW(pv,tgw,ev)	1	706892	97.6537
omda N(soort,mv,basis)	1	706893	97.6539
omda N(soort,ev,basis,onz,stan)	1	706894	97.654
ombudsvrouw N(soort,mv,basis)	1	706895	97.6542
ombouwen WW(vd,prenom,met-e)	1	706896	97.6543
omboeken WW(inf,vrij,zonder)	1	706897	97.6544
omar N(soort,ev,basis,zijd,stan)	1	706898	97.6546
oma-weekend ADJ(vrij,basis,zonder)	1	706899	97.6547
oma-taxi SPEC(deeleigen)	1	706900	97.6548
oma-taxi N(soort,ev,basis,zijd,stan)	1	706901	97.655
oma N(soort,mv,basis)	1	706902	97.6551
olÃ© SPEC(vreemd)	1	706903	97.6553
olÃ© N(soort,ev,basis,onz,stan)	1	706904	97.6554
ollik ADJ(vrij,basis,zonder)	1	706905	97.6555
olives SPEC(vreemd)	1	706906	97.6557
oliver WW(pv,tgw,ev)	1	706907	97.6558
oliver N(soort,ev,basis,zijd,stan)	1	706908	97.656
oliver ADJ(vrij,comp,zonder)	1	706909	97.6561
olive N(soort,mv,basis)	1	706910	97.6562
olijfolie N(soort,ev,basis,zijd,stan)	1	706911	97.6564
olijfboom N(soort,ev,basis,zijd,stan)	1	706912	97.6565
olifantenmuisjes N(soort,mv,dim)	1	706913	97.6566
olifant N(soort,mv,basis)	1	706914	97.6568
oliebollenkraam N(soort,ev,basis,zijd,stan)	1	706915	97.6569
oliebol N(soort,ev,basis,zijd,stan)	1	706916	97.6571
oliebo N(soort,ev,basis,zijd,stan)	1	706917	97.6572
olga WW(pv,tgw,ev)	1	706918	97.6573
olga N(soort,ev,basis,onz,stan)	1	706919	97.6575
oleeeee SPEC(vreemd)	1	706920	97.6576
oleeeee N(soort,ev,basis,zijd,stan)	1	706921	97.6577
ole N(soort,ev,basis,zijd,stan)	1	706922	97.6579
oldie N(soort,ev,basis,zijd,stan)	1	706923	97.658
oldenzaal N(soort,ev,basis,onz,stan)	1	706924	97.6582
oldebarneveldstraat WW(pv,tgw,met-t)	1	706925	97.6583
olato N(soort,ev,basis,zijd,stan)	1	706926	97.6584
olague N(soort,ev,basis,zijd,stan)	1	706927	97.6586
olaf N(soort,ev,basis,zijd,stan)	1	706928	97.6587
ol ADJ(vrij,basis,zonder)	1	706929	97.6589
oktogon SPEC(vreemd)	1	706930	97.659
oktober-december N(soort,ev,basis,onz,stan)	1	706931	97.6591
okt. SPEC(afk)	1	706932	97.6593
oksel N(soort,mv,basis)	1	706933	97.6594
oksel N(soort,ev,basis,zijd,stan)	1	706934	97.6595
okj WW(pv,verl,ev)	1	706935	97.6597
okii N(soort,ev,basis,zijd,stan)	1	706936	97.6598
okie-kie-dokie N(soort,ev,dim,onz,stan)	1	706937	97.66
okie N(soort,ev,dim,onz,stan)	1	706938	97.6601
okidooooo N(soort,ev,basis,zijd,stan)	1	706939	97.6602
okidoki SPEC(vreemd)	1	706940	97.6604
okidoki N(soort,mv,basis)	1	706941	97.6605
okido SPEC(deeleigen)	1	706942	97.6606
okhok WW(pv,verl,ev)	1	706943	97.6608
okeeeee N(soort,ev,basis,zijd,stan)	1	706944	97.6609
okeeee N(soort,ev,basis,zijd,stan)	1	706945	97.6611
okee^^ N(soort,ev,basis,zijd,stan)	1	706946	97.6612
okee SPEC(vreemd)	1	706947	97.6613
okee N(soort,dial)	1	706948	97.6615
okedoei N(soort,ev,basis,zijd,stan)	1	706949	97.6616
oja N(soort,ev,basis,onz,stan)	1	706950	97.6618
oj N(soort,ev,basis,zijd,stan)	1	706951	97.6619
oisterwijk SPEC(deeleigen)	1	706952	97.662
oirschot N(soort,ev,basis,onz,stan)	1	706953	97.6622
oioioioioiijee N(soort,ev,basis,zijd,stan)	1	706954	97.6623
oilsjt N(soort,ev,basis,zijd,stan)	1	706955	97.6624
oid SPEC(vreemd)	1	706956	97.6626
oid N(soort,ev,basis,onz,stan)	1	706957	97.6627
ohw N(soort,ev,basis,zijd,stan)	1	706958	97.6629
ohoh TSW()	1	706959	97.663
ohoh N(soort,ev,basis,zijd,stan)	1	706960	97.6631
ohoh ADJ(vrij,basis,zonder)	1	706961	97.6633
oho N(soort,ev,basis,zijd,stan)	1	706962	97.6634
ohjaaaa N(soort,ev,basis,zijd,stan)	1	706963	97.6636
ohja SPEC(deeleigen)	1	706964	97.6637
ohja N(soort,ev,basis,zijd,stan)	1	706965	97.6638
ohhh ADJ(vrij,basis,zonder)	1	706966	97.664
oger N(soort,ev,basis,zijd,stan)	1	706967	97.6641
oger N(soort,ev,basis,onz,stan)	1	706968	97.6642
ogenblik N(soort,mv,basis)	1	706969	97.6644
ogen WW(pv,tgw,met-t)	1	706970	97.6645
ogen WW(od,prenom,met-e)	1	706971	97.6647
og N(soort,ev,basis,zijd,stan)	1	706972	97.6648
og ADJ(prenom,basis,zonder)	1	706973	97.6649
ofzoxd WW(vd,vrij,zonder)	1	706974	97.6651
ofzoiets SPEC(vreemd)	1	706975	97.6652
ofzi N(soort,ev,basis,zijd,stan)	1	706976	97.6653
ofwa SPEC(vreemd)	1	706977	97.6655
ofwa BW()	1	706978	97.6656
ofsoo N(soort,ev,basis,zijd,stan)	1	706979	97.6658
ofso N(soort,ev,basis,zijd,stan)	1	706980	97.6659
ofnie VNW(pers,pron,dial)	1	706981	97.666
ofnie N(soort,ev,basis,zijd,stan)	1	706982	97.6662
ofk WW(pv,verl,ev)	1	706983	97.6663
offline ADJ(prenom,basis,met-e,stan)	1	706984	97.6665
officieel ADJ(prenom,basis,zonder)	1	706985	97.6666
official N(soort,ev,basis,zijd,stan)	1	706986	97.6667
offer N(soort,ev,basis,onz,stan)	1	706987	97.6669
off-line N(soort,ev,basis,zijd,stan)	1	706988	97.667
off-limits N(soort,ev,basis,onz,stan)	1	706989	97.6671
ofdak WW(pv,verl,ev)	1	706990	97.6673
ofdak WW(pv,tgw,ev)	1	706991	97.6674
ofda WW(pv,verl,ev)	1	706992	97.6676
of.is N(soort,ev,basis,zijd,stan)	1	706993	97.6677
of.di N(soort,ev,basis,zijd,stan)	1	706994	97.6678
of N(soort,ev,dim,onz,stan)	1	706995	97.668
oewe ADJ(prenom,basis,met-e,stan)	1	706996	97.6681
oeverloos ADJ(prenom,basis,met-e,stan)	1	706997	97.6682
oetker N(soort,ev,basis,zijd,stan)	1	706998	97.6684
oesterdam N(soort,ev,basis,zijd,stan)	1	706999	97.6685
oester N(soort,mv,basis)	1	707000	97.6687
oest WW(vd,vrij,zonder)	1	707001	97.6688
oersimpel N(soort,ev,basis,onz,stan)	1	707002	97.6689
oersaai ADJ(vrij,basis,zonder)	1	707003	97.6691
oerinstinct N(soort,mv,basis)	1	707004	97.6692
oergeluiden SPEC(vreemd)	1	707005	97.6694
oeral N(soort,ev,basis,onz,stan)	1	707006	97.6695
oekraine N(soort,ev,basis,zijd,stan)	1	707007	97.6696
oek N(soort,ev,basis,zijd,stan)	1	707008	97.6698
oej N(soort,ev,basis,zijd,stan)	1	707009	97.6699
oehhh ADJ(prenom,basis,zonder)	1	707010	97.67
oeh WW(pv,verl,ev)	1	707011	97.6702
oeh N(soort,ev,basis,onz,stan)	1	707012	97.6703
oeh ADJ(vrij,basis,zonder)	1	707013	97.6705
oefenmatch N(soort,ev,basis,zijd,stan)	1	707014	97.6706
oefenen WW(pv,tgw,ev)	1	707015	97.6707
oefenen WW(inf,nom,zonder,zonder-n)	1	707016	97.6709
oef ADJ(vrij,basis,zonder)	1	707017	97.671
oe-hoe N(soort,ev,basis,zijd,stan)	1	707018	97.6711
ods N(soort,ev,basis,zijd,stan)	1	707019	97.6713
oddstream N(soort,ev,basis,onz,stan)	1	707020	97.6714
odds SPEC(vreemd)	1	707021	97.6716
odd SPEC(vreemd)	1	707022	97.6717
od WW(od,prenom,zonder)	1	707023	97.6718
od N(soort,ev,basis,onz,stan)	1	707024	97.672
ocmw ADJ(vrij,basis,zonder)	1	707025	97.6721
ocle ADJ(prenom,basis,met-e,stan)	1	707026	97.6723
ochtens N(soort,mv,basis)	1	707027	97.6724
ochtendzoen WW(inf,vrij,zonder)	1	707028	97.6725
ochtendspits N(soort,ev,basis,zijd,stan)	1	707029	97.6727
ochtendkus N(soort,mv,dim)	1	707030	97.6728
ochtendkus N(soort,ev,dim,onz,stan)	1	707031	97.6729
ochtendconcert WW(pv,tgw,met-t)	1	707032	97.6731
ochtendbericht N(soort,ev,dim,onz,stan)	1	707033	97.6732
ochtendbbb N(soort,ev,basis,zijd,stan)	1	707034	97.6734
ochtend N(soort,mv,basis)	1	707035	97.6735
ocht WW(vd,vrij,zonder)	1	707036	97.6736
ocht SPEC(vreemd)	1	707037	97.6738
ochjee N(soort,ev,basis,zijd,stan)	1	707038	97.6739
ocharm N(soort,ev,basis,zijd,stan)	1	707039	97.674
och ADJ(vrij,basis,zonder)	1	707040	97.6742
occuperen WW(inf,vrij,zonder)	1	707041	97.6743
occult ADJ(vrij,basis,zonder)	1	707042	97.6745
occassion SPEC(vreemd)	1	707043	97.6746
ocarina N(soort,mv,basis)	1	707044	97.6747
oc N(soort,mv,basis)	1	707045	97.6749
oc N(soort,ev,basis,zijd,stan)	1	707046	97.675
obviously SPEC(vreemd)	1	707047	97.6752
obsessief ADJ(prenom,basis,met-e,stan)	1	707048	97.6753
observeren WW(inf,vrij,zonder)	1	707049	97.6754
obligaat ADJ(prenom,basis,met-e,stan)	1	707050	97.6756
objection SPEC(vreemd)	1	707051	97.6757
object N(soort,mv,basis)	1	707052	97.6758
obier N(soort,ev,basis,zijd,stan)	1	707053	97.676
ober N(soort,ev,basis,zijd,stan)	1	707054	97.6761
oat WW(vd,vrij,zonder)	1	707055	97.6763
oasis N(soort,ev,basis,zijd,stan)	1	707056	97.6764
oase N(soort,ev,basis,zijd,stan)	1	707057	97.6765
oana N(soort,ev,basis,zijd,stan)	1	707058	97.6767
oamda N(soort,ev,basis,zijd,stan)	1	707059	97.6768
o_o N(soort,ev,basis,onz,stan)	1	707060	97.677
o.i.d. SPEC(afk)	1	707061	97.6771
o.i.d WW(vd,vrij,zonder)	1	707062	97.6772
o.b.v. SPEC(afk)	1	707063	97.6774
o-malle N(soort,ev,basis,zijd,stan)	1	707064	97.6775
nÃ²g BW()	1	707065	97.6776
nÃ©Ã© N(soort,ev,basis,onz,stan)	1	707066	97.6778
nÃ¨t VNW(aanw,pron,stan,vol,3o,ev)	1	707067	97.6779
nÃ¨rgens BW()	1	707068	97.6781
nyc-reis N(soort,ev,basis,zijd,stan)	1	707069	97.6782
ny SPEC(deeleigen)	1	707070	97.6783
nwe N(soort,ev,basis,zijd,stan)	1	707071	97.6785
nvm WW(pv,verl,ev)	1	707072	97.6786
nutteloos ADJ(vrij,basis,zonder)	1	707073	97.6787
nuts SPEC(vreemd)	1	707074	97.6789
nutrologie N(soort,ev,basis,zijd,stan)	1	707075	97.679
nutini SPEC(deeleigen)	1	707076	97.6792
nurses SPEC(vreemd)	1	707077	97.6793
nurse N(soort,mv,basis)	1	707078	97.6794
nurburgring N(soort,ev,basis,zijd,stan)	1	707079	97.6796
nur SPEC(vreemd)	1	707080	97.6797
nummerplaat N(soort,ev,basis,zijd,stan)	1	707081	97.6799
nummeromzetting N(soort,ev,basis,zijd,stan)	1	707082	97.68
nummering N(soort,ev,basis,zijd,stan)	1	707083	97.6801
nummerbord N(soort,mv,basis)	1	707084	97.6803
nummer N(soort,ev,dim,onz,stan)	1	707085	97.6804
numbat N(soort,ev,basis,onz,stan)	1	707086	97.6805
nultweevier N(soort,ev,basis,zijd,stan)	1	707087	97.6807
nultweevier ADJ(vrij,comp,zonder)	1	707088	97.6808
nultweebier N(soort,ev,basis,zijd,stan)	1	707089	97.681
nuked N(soort,ev,basis,zijd,stan)	1	707090	97.6811
nuke SPEC(vreemd)	1	707091	97.6812
nuk N(soort,mv,basis)	1	707092	97.6814
nujah SPEC(vreemd)	1	707093	97.6815
nuja N(soort,ev,basis,zijd,stan)	1	707094	97.6816
nuit WW(pv,tgw,met-t)	1	707095	97.6818
nueqen WW(inf,vrij,zonder)	1	707096	97.6819
nuchter ADJ(prenom,basis,zonder)	1	707097	97.6821
nuanceterra N(soort,mv,basis)	1	707098	97.6822
nu.xr SPEC(symb)	1	707099	97.6823
nu.wat N(soort,ev,basis,zijd,stan)	1	707100	97.6825
nu.pas WW(pv,verl,ev)	1	707101	97.6826
nu.bij ADJ(vrij,basis,zonder)	1	707102	97.6828
nu-interview N(soort,ev,basis,onz,stan)	1	707103	97.6829
nu'n N(soort,mv,basis)	1	707104	97.683
ntl N(soort,ev,basis,zijd,stan)	1	707105	97.6832
ntg ADJ(vrij,basis,zonder)	1	707106	97.6833
nt SPEC(vreemd)	1	707107	97.6834
nt N(soort,mv,basis)	1	707108	97.6836
nt N(soort,ev,basis,genus,stan)	1	707109	97.6837
nsv-vriend N(soort,mv,basis)	1	707110	97.6839
nsdeel N(soort,ev,basis,onz,stan)	1	707111	97.684
ns.x N(soort,ev,basis,zijd,stan)	1	707112	97.6841
ns-site N(soort,ev,basis,zijd,stan)	1	707113	97.6843
ns SPEC(vreemd)	1	707114	97.6844
ns SPEC(deeleigen)	1	707115	97.6845
ns BW()	1	707116	97.6847
nrt N(soort,ev,basis,zijd,stan)	1	707117	97.6848
nrormaal N(soort,ev,basis,onz,stan)	1	707118	97.685
nrml ADJ(vrij,basis,zonder)	1	707119	97.6851
nrg N(soort,ev,basis,zijd,stan)	1	707120	97.6852
nrcnext WW(pv,tgw,met-t)	1	707121	97.6854
nr ADJ(prenom,basis,zonder)	1	707122	97.6855
npg N(soort,ev,basis,zijd,stan)	1	707123	97.6857
npen N(soort,mv,basis)	1	707124	97.6858
noyelle SPEC(deeleigen)	1	707125	97.6859
now SPEC(deeleigen)	1	707126	97.6861
noviet N(soort,mv,basis)	1	707127	97.6862
notre SPEC(vreemd)	1	707128	97.6863
notitieboekje N(soort,mv,dim)	1	707129	97.6865
noticed SPEC(vreemd)	1	707130	97.6866
noteren WW(pv,tgw,mv)	1	707131	97.6868
noteren WW(pv,tgw,ev)	1	707132	97.6869
noteren WW(inf,vrij,zonder)	1	707133	97.687
notas N(soort,ev,basis,zijd,stan)	1	707134	97.6872
notas BW()	1	707135	97.6873
nota N(soort,mv,basis)	1	707136	97.6874
nota N(soort,ev,basis,zijd,stan)	1	707137	97.6876
not N(soort,ev,basis,zijd,stan)	1	707138	97.6877
not N(soort,ev,basis,onz,stan)	1	707139	97.6879
north SPEC(vreemd)	1	707140	97.688
nors ADJ(prenom,basis,met-e,stan)	1	707141	97.6881
normgezien SPEC(vreemd)	1	707142	97.6883
normandie N(soort,ev,basis,zijd,stan)	1	707143	97.6884
normalement N(soort,ev,basis,zijd,stan)	1	707144	97.6886
normal SPEC(vreemd)	1	707145	97.6887
normaalgezien ADJ(vrij,basis,zonder)	1	707146	97.6888
norm N(soort,mv,basis)	1	707147	97.689
norg N(soort,mv,basis)	1	707148	97.6891
noq N(soort,ev,basis,onz,stan)	1	707149	97.6892
nope ADJ(prenom,basis,met-e,stan)	1	707150	97.6894
nootjesdag ADJ(vrij,basis,zonder)	1	707151	97.6895
nooteboom N(soort,ev,basis,zijd,stan)	1	707152	97.6897
noot N(soort,ev,basis,zijd,stan)	1	707153	97.6898
noorweg N(soort,mv,basis)	1	707154	97.6899
noors ADJ(prenom,basis,met-e,stan)	1	707155	97.6901
noordzandstraat N(soort,ev,basis,zijd,stan)	1	707156	97.6902
noordwal N(soort,ev,basis,zijd,stan)	1	707157	97.6904
noordpool N(soort,ev,basis,zijd,stan)	1	707158	97.6905
noordoost ADJ(prenom,basis,zonder)	1	707159	97.6906
noorderterras N(soort,ev,basis,onz,stan)	1	707160	97.6908
noord ADJ(vrij,basis,zonder)	1	707161	97.6909
nooooooooooit N(soort,ev,basis,zijd,stan)	1	707162	97.691
noooooo N(soort,ev,basis,zijd,stan)	1	707163	97.6912
noooodig N(soort,ev,basis,onz,stan)	1	707164	97.6913
noooo N(soort,ev,basis,zijd,stan)	1	707165	97.6915
noon SPEC(vreemd)	1	707166	97.6916
noon N(soort,ev,basis,onz,stan)	1	707167	97.6917
noodweer N(soort,ev,basis,onz,stan)	1	707168	97.6919
noodsituatie N(soort,mv,basis)	1	707169	97.692
noodplan N(soort,ev,basis,onz,stan)	1	707170	97.6921
noodoplossing N(soort,ev,basis,zijd,stan)	1	707171	97.6923
noodnummer N(soort,ev,basis,onz,stan)	1	707172	97.6924
noodlift N(soort,ev,basis,zijd,stan)	1	707173	97.6926
noodgerief N(soort,ev,basis,onz,stan)	1	707174	97.6927
noodgedwongen ADJ(vrij,basis,zonder)	1	707175	97.6928
nood N(soort,mv,basis)	1	707176	97.693
noo N(soort,ev,basis,zijd,stan)	1	707177	97.6931
nonsens N(soort,ev,basis,zijd,stan)	1	707178	97.6933
nonnemeersstraat N(soort,ev,basis,zijd,stan)	1	707179	97.6934
nonnemeersstraat N(soort,ev,basis,onz,stan)	1	707180	97.6935
nondetju N(soort,ev,basis,zijd,stan)	1	707181	97.6937
nondepie N(soort,ev,basis,zijd,stan)	1	707182	97.6938
nondeju N(soort,ev,basis,zijd,stan)	1	707183	97.6939
nondedjaar ADJ(vrij,basis,zonder)	1	707184	97.6941
nonde N(soort,ev,basis,zijd,stan)	1	707185	97.6942
nonchalant ADJ(vrij,basis,zonder)	1	707186	97.6944
non-studiedag N(soort,ev,basis,zijd,stan)	1	707187	97.6945
non-stop ADJ(vrij,basis,zonder)	1	707188	97.6946
non-onderwerp N(soort,ev,basis,onz,stan)	1	707189	97.6948
non N(soort,ev,basis,zijd,stan)	1	707190	97.6949
nominaal ADJ(prenom,basis,met-e,stan)	1	707191	97.695
nomaals N(soort,mv,basis)	1	707192	97.6952
nolbert WW(pv,tgw,met-t)	1	707193	97.6953
noises SPEC(vreemd)	1	707194	97.6955
noise N(soort,ev,basis,zijd,stan)	1	707195	97.6956
noig ADJ(vrij,basis,zonder)	1	707196	97.6957
noh ADJ(vrij,basis,zonder)	1	707197	97.6959
nogwa N(soort,ev,basis,zijd,stan)	1	707198	97.696
nogthans ADJ(vrij,basis,zonder)	1	707199	97.6962
nogsteeds N(soort,mv,basis)	1	707200	97.6963
nogniet WW(vd,vrij,zonder)	1	707201	97.6964
nogni N(soort,ev,basis,zijd,stan)	1	707202	97.6966
noggis WW(pv,tgw,ev)	1	707203	97.6967
noggis BW()	1	707204	97.6968
noggis ADJ(vrij,basis,zonder)	1	707205	97.697
noge N(soort,mv,basis)	1	707206	97.6971
nogat N(soort,ev,basis,zijd,stan)	1	707207	97.6973
nogal ADJ(vrij,basis,zonder)	1	707208	97.6974
noga WW(pv,tgw,ev)	1	707209	97.6975
nog.mee N(soort,ev,basis,zijd,stan)	1	707210	97.6977
nog.in SPEC(symb)	1	707211	97.6978
nof WW(pv,verl,ev)	1	707212	97.6979
noeuw ADJ(prenom,basis,met-e,stan)	1	707213	97.6981
noet N(soort,ev,basis,onz,stan)	1	707214	97.6982
noest ADJ(prenom,basis,met-e,stan)	1	707215	97.6984
noes SPEC(deeleigen)	1	707216	97.6985
noene N(soort,ev,basis,zijd,stan)	1	707217	97.6986
noemer N(soort,ev,basis,zijd,stan)	1	707218	97.6988
noemenswaardig ADJ(prenom,basis,met-e,stan)	1	707219	97.6989
noemenswaardig ADJ(postnom,basis,met-s)	1	707220	97.6991
noeme ADJ(prenom,basis,met-e,stan)	1	707221	97.6992
nodigen WW(pv,verl,ev)	1	707222	97.6993
nodigen WW(pv,tgw,ev)	1	707223	97.6995
nodig.id SPEC(symb)	1	707224	97.6996
nodeloos ADJ(vrij,basis,zonder)	1	707225	97.6997
noch SPEC(vreemd)	1	707226	97.6999
noc.vpshosting.nl SPEC(symb)	1	707227	97.7
noc.gpshosting.nl SPEC(symb)	1	707228	97.7002
nobody N(soort,ev,basis,zijd,stan)	1	707229	97.7003
nobelprijswinnaar N(soort,mv,basis)	1	707230	97.7004
nobelaer N(soort,ev,basis,zijd,stan)	1	707231	97.7006
nob N(soort,ev,basis,zijd,stan)	1	707232	97.7007
noami N(soort,ev,basis,zijd,stan)	1	707233	97.7008
noal N(soort,ev,basis,zijd,stan)	1	707234	97.701
noa SPEC(vreemd)	1	707235	97.7011
no-lifen WW(inf,vrij,zonder)	1	707236	97.7013
no-fly-zone-blik N(soort,ev,basis,zijd,stan)	1	707237	97.7014
no-fly-beleid N(soort,ev,basis,onz,stan)	1	707238	97.7015
no-fly N(soort,ev,basis,onz,stan)	1	707239	97.7017
no N(soort,mv,basis)	1	707240	97.7018
nnt N(soort,ev,basis,zijd,stan)	1	707241	97.702
nml N(soort,ev,basis,zijd,stan)	1	707242	97.7021
nml ADJ(vrij,basis,zonder)	1	707243	97.7022
nmg N(soort,ev,basis,zijd,stan)	1	707244	97.7024
nmbssong N(soort,ev,basis,zijd,stan)	1	707245	97.7025
nmbs-probleem N(soort,mv,basis)	1	707246	97.7026
nmbs-medewerkster N(soort,ev,basis,zijd,stan)	1	707247	97.7028
nl-er N(soort,mv,basis)	1	707248	97.7029
nl SPEC(afk)	1	707249	97.7031
nko-arts N(soort,mv,basis)	1	707250	97.7032
nje LID(bep,stan,rest)	1	707251	97.7033
njamnjamnjamnjamnjam N(soort,ev,basis,zijd,stan)	1	707252	97.7035
njam SPEC(symb)	1	707253	97.7036
niveel ADJ(prenom,basis,zonder)	1	707254	97.7038
niveautest WW(pv,tgw,met-t)	1	707255	97.7039
nise SPEC(deeleigen)	1	707256	97.704
niret N(soort,ev,basis,onz,stan)	1	707257	97.7042
nipt ADJ(prenom,basis,met-e,stan)	1	707258	97.7043
ninovestraat N(soort,ev,basis,onz,stan)	1	707259	97.7044
ninove SPEC(vreemd)	1	707260	97.7046
ninja N(soort,ev,basis,zijd,stan)	1	707261	97.7047
nineties SPEC(vreemd)	1	707262	97.7049
ninetie N(soort,mv,basis)	1	707263	97.705
nimr WW(pv,tgw,ev)	1	707264	97.7051
nimr VNW(recip,pron,obl,vol,persoon,mv)	1	707265	97.7053
nimmer BW()	1	707266	97.7054
nimmeer WW(pv,verl,ev)	1	707267	97.7055
nimmeer N(soort,ev,basis,onz,stan)	1	707268	97.7057
nimma N(soort,ev,basis,onz,stan)	1	707269	97.7058
nimeren WW(pv,tgw,ev)	1	707270	97.706
nile N(soort,ev,basis,zijd,stan)	1	707271	97.7061
niksken N(soort,mv,basis)	1	707272	97.7062
niksen WW(inf,vrij,zonder)	1	707273	97.7064
niksdoen WW(inf,vrij,zonder)	1	707274	97.7065
niks VNW(onbep,pron,dial)	1	707275	97.7067
nikos N(soort,ev,basis,zijd,stan)	1	707276	97.7068
nikolas N(soort,ev,basis,zijd,stan)	1	707277	97.7069
niklaasstr N(soort,ev,basis,zijd,stan)	1	707278	97.7071
niklaas ADJ(vrij,basis,zonder)	1	707279	97.7072
nikki N(soort,ev,basis,zijd,stan)	1	707280	97.7073
niket N(soort,ev,basis,onz,stan)	1	707281	97.7075
nijmegenaar N(soort,ev,basis,zijd,stan)	1	707282	97.7076
nijmegen WW(pv,verl,mv)	1	707283	97.7078
nijmegen WW(pv,tgw,mv)	1	707284	97.7079
nijmegen ADJ(prenom,basis,zonder)	1	707285	97.708
nijmeegs ADJ(vrij,basis,zonder)	1	707286	97.7082
nijmeegs ADJ(prenom,basis,met-e,stan)	1	707287	97.7083
nijlpaard WW(vd,vrij,zonder)	1	707288	97.7084
nijkerk N(soort,ev,basis,onz,stan)	1	707289	97.7086
nijhoff SPEC(vreemd)	1	707290	97.7087
night WW(pv,tgw,met-t)	1	707291	97.7089
nigger N(soort,ev,basis,zijd,stan)	1	707292	97.709
niey N(soort,ev,basis,onz,stan)	1	707293	97.7091
niews N(soort,ev,basis,onz,stan)	1	707294	97.7093
nieuwstraat N(soort,ev,basis,zijd,stan)	1	707295	97.7094
nieuwsspecial N(soort,ev,basis,zijd,stan)	1	707296	97.7096
nieuwsgierig ADJ(vrij,comp,zonder)	1	707297	97.7097
nieuwsblad N(soort,ev,basis,onz,stan)	1	707298	97.7098
nieuwsbericht N(soort,mv,basis)	1	707299	97.71
nieuwsbericht N(soort,ev,basis,onz,stan)	1	707300	97.7101
nieuwjaarswens N(soort,mv,basis)	1	707301	97.7102
nieuwjaarsreceptie N(soort,ev,basis,zijd,stan)	1	707302	97.7104
nieuwjaarskoffie N(soort,ev,basis,zijd,stan)	1	707303	97.7105
nieuwjaarskaart N(soort,ev,basis,zijd,stan)	1	707304	97.7107
nieuwjaarsgroet N(soort,mv,dim)	1	707305	97.7108
nieuwjaarseten N(soort,mv,basis)	1	707306	97.7109
nieuwjaarsdrink WW(pv,tgw,met-t)	1	707307	97.7111
nieuwegein N(soort,ev,basis,zijd,stan)	1	707308	97.7112
nieuw ADJ(prenom,comp,zonder)	1	707309	97.7113
nieuw ADJ(prenom,comp,met-e,stan)	1	707310	97.7115
nietsen WW(inf,vrij,zonder)	1	707311	97.7116
nietsdoen WW(inf,vrij,zonder)	1	707312	97.7118
niets BW()	1	707313	97.7119
nietkan N(soort,ev,basis,onz,stan)	1	707314	97.712
nietbdat VG(onder)	1	707315	97.7122
niet-vrolijk ADJ(vrij,basis,zonder)	1	707316	97.7123
niet-opbel-actie N(soort,ev,basis,zijd,stan)	1	707317	97.7125
niet-latinist N(soort,mv,basis)	1	707318	97.7126
niet-keven ADJ(prenom,basis,zonder)	1	707319	97.7127
niet-autist N(soort,mv,basis)	1	707320	97.7129
niet N(soort,mv,dim)	1	707321	97.713
nierstenen WW(inf,vrij,zonder)	1	707322	97.7131
niente SPEC(vreemd)	1	707323	97.7133
nienke ADJ(prenom,basis,met-e,stan)	1	707324	97.7134
niemeer WW(pv,tgw,ev)	1	707325	97.7136
niemeer N(soort,ev,basis,onz,stan)	1	707326	97.7137
niemeer ADJ(vrij,comp,zonder)	1	707327	97.7138
niemeer ADJ(vrij,basis,zonder)	1	707328	97.714
niemandsland N(soort,ev,basis,onz,stan)	1	707329	97.7141
niem ADJ(vrij,comp,zonder)	1	707330	97.7142
niekerk N(soort,ev,basis,onz,stan)	1	707331	97.7144
niekbrun N(soort,ev,basis,onz,stan)	1	707332	97.7145
niek@photo40.nl SPEC(symb)	1	707333	97.7147
nicolassee N(soort,ev,basis,zijd,stan)	1	707334	97.7148
nicoise N(soort,ev,basis,zijd,stan)	1	707335	97.7149
nick SPEC(vreemd)	1	707336	97.7151
nicht N(soort,mv,basis)	1	707337	97.7152
nicet SPEC(vreemd)	1	707338	97.7154
nice N(soort,mv,dim)	1	707339	97.7155
ngen WW(pv,tgw,met-t)	1	707340	97.7156
ngal ADJ(vrij,basis,zonder)	1	707341	97.7158
ng SPEC(deeleigen)	1	707342	97.7159
nexr WW(pv,tgw,ev)	1	707343	97.716
newton N(soort,ev,basis,zijd,stan)	1	707344	97.7162
news SPEC(vreemd)	1	707345	97.7163
newly N(soort,ev,basis,zijd,stan)	1	707346	97.7165
nevelig ADJ(vrij,basis,zonder)	1	707347	97.7166
nevele N(soort,ev,basis,zijd,stan)	1	707348	97.7167
nevada SPEC(vreemd)	1	707349	97.7169
neuzelen WW(inf,vrij,zonder)	1	707350	97.717
neutraliseren WW(inf,vrij,zonder)	1	707351	97.7172
neutraal ADJ(vrij,basis,zonder)	1	707352	97.7173
neute WW(pv,verl,ev)	1	707353	97.7174
neut N(soort,ev,basis,zijd,stan)	1	707354	97.7176
neusspray N(soort,ev,basis,zijd,stan)	1	707355	97.7177
neuspeuteraar N(soort,ev,basis,zijd,stan)	1	707356	97.7178
neushoorn N(soort,ev,basis,zijd,stan)	1	707357	97.718
neusaap N(soort,ev,basis,zijd,stan)	1	707358	97.7181
neus N(soort,mv,dim)	1	707359	97.7183
neus N(soort,mv,basis)	1	707360	97.7184
neus N(soort,ev,dim,onz,stan)	1	707361	97.7185
neuroot N(soort,ev,basis,zijd,stan)	1	707362	97.7187
neurolinguÃ¯stisch ADJ(prenom,basis,met-e,stan)	1	707363	97.7188
neuneu N(soort,ev,basis,zijd,stan)	1	707364	97.7189
neun ADJ(vrij,basis,zonder)	1	707365	97.7191
neuj N(soort,ev,basis,zijd,stan)	1	707366	97.7192
neuh ADJ(vrij,basis,zonder)	1	707367	97.7194
neude N(soort,ev,basis,zijd,stan)	1	707368	97.7195
neu N(soort,ev,basis,zijd,stan)	1	707369	97.7196
networking SPEC(vreemd)	1	707370	97.7198
network SPEC(vreemd)	1	707371	97.7199
netwerkverbinding N(soort,ev,basis,zijd,stan)	1	707372	97.7201
netwerkstoring N(soort,ev,basis,zijd,stan)	1	707373	97.7202
netwerkkaart N(soort,mv,basis)	1	707374	97.7203
netwerk-geheugen-schijf ADJ(vrij,basis,zonder)	1	707375	97.7205
netwerk N(soort,ev,dim,onz,stan)	1	707376	97.7206
netwerk ADJ(vrij,basis,zonder)	1	707377	97.7207
netwer N(soort,ev,basis,zijd,stan)	1	707378	97.7209
netto N(soort,ev,basis,zijd,stan)	1	707379	97.721
netto ADJ(vrij,basis,zonder)	1	707380	97.7212
netcoordinator N(soort,ev,basis,zijd,stan)	1	707381	97.7213
netbook N(soort,ev,basis,zijd,stan)	1	707382	97.7214
netbeans N(soort,mv,basis)	1	707383	97.7216
net N(soort,ev,dim,onz,stan)	1	707384	97.7217
net N(soort,ev,basis,onz,stan)	1	707385	97.7218
net ADJ(vrij,comp,zonder)	1	707386	97.722
nesu N(soort,ev,basis,onz,stan)	1	707387	97.7221
nestor N(soort,ev,basis,zijd,stan)	1	707388	97.7223
nest N(soort,mv,basis)	1	707389	97.7224
nespressoapparaat N(soort,ev,basis,zijd,stan)	1	707390	97.7225
nespresso N(soort,ev,basis,zijd,stan)	1	707391	97.7227
nesivine N(soort,ev,basis,zijd,stan)	1	707392	97.7228
nescafe ADJ(prenom,basis,met-e,stan)	1	707393	97.723
nes N(soort,ev,basis,zijd,stan)	1	707394	97.7231
nerves SPEC(vreemd)	1	707395	97.7232
nerdy SPEC(vreemd)	1	707396	97.7234
nerdpower N(soort,ev,basis,zijd,stan)	1	707397	97.7235
nerdbieb N(soort,ev,basis,zijd,stan)	1	707398	97.7236
nerd N(soort,mv,basis)	1	707399	97.7238
nerd N(soort,ev,dim,onz,stan)	1	707400	97.7239
ner N(soort,ev,basis,zijd,stan)	1	707401	97.7241
nepneus N(soort,ev,basis,zijd,stan)	1	707402	97.7242
nepkrab N(soort,ev,basis,zijd,stan)	1	707403	97.7243
nephew N(soort,ev,basis,zijd,stan)	1	707404	97.7245
nepal N(soort,ev,basis,zijd,stan)	1	707405	97.7246
nep-it N(soort,ev,basis,onz,stan)	1	707406	97.7247
neocutigenol N(soort,ev,basis,onz,stan)	1	707407	97.7249
neo SPEC(vreemd)	1	707408	97.725
nemuzu N(soort,ev,basis,zijd,stan)	1	707409	97.7252
nemocna N(soort,ev,basis,zijd,stan)	1	707410	97.7253
nemn WW(vd,vrij,zonder)	1	707411	97.7254
nemen WW(pv,conj,ev)	1	707412	97.7256
nem N(soort,ev,basis,onz,stan)	1	707413	97.7257
nel N(soort,ev,dim,onz,stan)	1	707414	97.7259
nekspier N(soort,ev,basis,onz,stan)	1	707415	97.726
nekkanacht N(soort,ev,basis,onz,stan)	1	707416	97.7261
nekeer ADJ(vrij,comp,zonder)	1	707417	97.7263
neke WW(dial)	1	707418	97.7264
nek N(soort,mv,dim)	1	707419	97.7265
nek N(soort,ev,basis,onz,stan)	1	707420	97.7267
neine N(soort,ev,basis,zijd,stan)	1	707421	97.7268
neiging N(soort,ev,basis,zijd,stan)	1	707422	97.727
neighbourhood SPEC(vreemd)	1	707423	97.7271
neigen WW(vd,vrij,zonder)	1	707424	97.7272
neigen WW(pv,verl,ev)	1	707425	97.7274
neigen WW(pv,tgw,ev)	1	707426	97.7275
negro SPEC(vreemd)	1	707427	97.7276
negermuziek N(soort,ev,basis,zijd,stan)	1	707428	97.7278
negermagneet N(soort,ev,basis,onz,stan)	1	707429	97.7279
negerfeest N(soort,ev,basis,onz,stan)	1	707430	97.7281
neger N(soort,mv,basis)	1	707431	97.7282
neger N(soort,ev,dim,onz,stan)	1	707432	97.7283
negentien TW(hoofd,vrij)	1	707433	97.7285
negen TW(rang,prenom,stan)	1	707434	97.7286
negatief N(soort,mv,basis)	1	707435	97.7288
neffens N(soort,mv,basis)	1	707436	97.7289
neffe VZ(fin)	1	707437	97.729
neeuh ADJ(vrij,basis,zonder)	1	707438	97.7292
neertellen WW(inf,vrij,zonder)	1	707439	97.7293
neerstorten WW(pv,tgw,ev)	1	707440	97.7294
neerslachtig ADJ(vrij,basis,zonder)	1	707441	97.7296
neerschieten WW(vd,vrij,zonder)	1	707442	97.7297
neerleggen WW(pv,tgw,mv)	1	707443	97.7299
neerleggen WW(pv,tgw,ev)	1	707444	97.73
neerleggen WW(inf,vrij,zonder)	1	707445	97.7301
neerlandistiek N(soort,ev,basis,zijd,stan)	1	707446	97.7303
neerhof N(soort,ev,basis,onz,stan)	1	707447	97.7304
neergemept WW(pv,tgw,met-t)	1	707448	97.7306
neerboscheweg N(soort,ev,basis,zijd,stan)	1	707449	97.7307
neent ADJ(prenom,basis,zonder)	1	707450	97.7308
neeneen BW()	1	707451	97.731
neemek N(soort,ev,basis,zijd,stan)	1	707452	97.7311
neelr N(soort,ev,dim,onz,stan)	1	707453	97.7312
neejeneeje N(soort,ev,dim,onz,stan)	1	707454	97.7314
neej TSW(dial)	1	707455	97.7315
neej N(soort,ev,basis,zijd,stan)	1	707456	97.7317
neef N(soort,mv,dim)	1	707457	97.7318
neef N(soort,mv,basis)	1	707458	97.7319
neeen BW()	1	707459	97.7321
neeeeh N(soort,ev,basis,zijd,stan)	1	707460	97.7322
neeeeeeeeeeeeeeeeeeeeeee N(soort,ev,basis,zijd,stan)	1	707461	97.7323
neeeeeeeeeeee N(soort,ev,basis,zijd,stan)	1	707462	97.7325
neeeeeee N(soort,ev,basis,zijd,stan)	1	707463	97.7326
neeeee BW()	1	707464	97.7328
needs SPEC(vreemd)	1	707465	97.7329
needcompany N(soort,ev,basis,zijd,stan)	1	707466	97.733
nee N(soort,ev,basis,onz,stan)	1	707467	97.7332
nedl N(soort,ev,basis,zijd,stan)	1	707468	97.7333
nederlandstalig ADJ(vrij,basis,zonder)	1	707469	97.7335
nederlandeursky SPEC(vreemd)	1	707470	97.7336
nederlanders N(soort,mv,basis)	1	707471	97.7337
nederlander N(soort,ev,basis,zijd,stan)	1	707472	97.7339
nederlanden N(soort,mv,basis)	1	707473	97.734
nederlaag N(soort,ev,basis,zijd,stan)	1	707474	97.7341
ned N(soort,ev,basis,zijd,stan)	1	707475	97.7343
ned N(soort,ev,basis,onz,stan)	1	707476	97.7344
ned ADJ(prenom,basis,zonder)	1	707477	97.7346
necrofilie N(soort,ev,basis,zijd,stan)	1	707478	97.7347
nec N(soort,ev,basis,onz,stan)	1	707479	97.7348
nearly SPEC(vreemd)	1	707480	97.735
nden WW(pv,verl,mv)	1	707481	97.7351
ndag ADJ(prenom,basis,zonder)	1	707482	97.7352
ndaag N(soort,ev,basis,zijd,stan)	1	707483	97.7354
nd WW(od,prenom,zonder)	1	707484	97.7355
ncz N(soort,mv,basis)	1	707485	97.7357
ncell N(soort,ev,basis,zijd,stan)	1	707486	97.7358
nbij N(soort,ev,basis,zijd,stan)	1	707487	97.7359
nbeetje N(soort,ev,dim,onz,stan)	1	707488	97.7361
nazoeken WW(inf,vrij,zonder)	1	707489	97.7362
nazi-vogel N(soort,ev,dim,onz,stan)	1	707490	97.7364
nawerking N(soort,ev,basis,zijd,stan)	1	707491	97.7365
navragen WW(vd,vrij,zonder)	1	707492	97.7366
navraag N(soort,ev,basis,zijd,stan)	1	707493	97.7368
navond WW(od,prenom,zonder)	1	707494	97.7369
navond N(soort,ev,basis,zijd,stan)	1	707495	97.737
navigeren WW(pv,tgw,met-t)	1	707496	97.7372
navigatie N(soort,ev,basis,zijd,stan)	1	707497	97.7373
navi N(soort,ev,basis,zijd,stan)	1	707498	97.7375
navergadering N(soort,ev,basis,zijd,stan)	1	707499	97.7376
navel N(soort,ev,dim,onz,stan)	1	707500	97.7377
navel N(soort,ev,basis,zijd,stan)	1	707501	97.7379
navarone N(soort,ev,basis,zijd,stan)	1	707502	97.738
nauwkeurig ADJ(vrij,basis,zonder)	1	707503	97.7381
nausica N(soort,ev,basis,zijd,stan)	1	707504	97.7383
natuuurlijk ADJ(vrij,basis,zonder)	1	707505	97.7384
natuurslager N(soort,ev,basis,zijd,stan)	1	707506	97.7386
natuurlyk WW(inf,vrij,zonder)	1	707507	97.7387
natuurlyk N(soort,ev,basis,zijd,stan)	1	707508	97.7388
natuurlyk N(soort,ev,basis,onz,stan)	1	707509	97.739
natuurlojk ADJ(vrij,basis,zonder)	1	707510	97.7391
natuurlijk ADJ(prenom,basis,zonder)	1	707511	97.7393
natuurlijk ADJ(prenom,basis,met-e,stan)	1	707512	97.7394
natuurkunde N(soort,ev,basis,zijd,stan)	1	707513	97.7395
natuurijs ADJ(vrij,basis,zonder)	1	707514	97.7397
natuurgebied N(soort,ev,basis,onz,stan)	1	707515	97.7398
natuurfoto N(soort,mv,basis)	1	707516	97.7399
naturlich ADJ(vrij,basis,zonder)	1	707517	97.7401
nature N(soort,ev,basis,dat)	1	707518	97.7402
nattigheid N(soort,ev,basis,zijd,stan)	1	707519	97.7404
nattig ADJ(vrij,basis,zonder)	1	707520	97.7405
natregent ADJ(vrij,basis,zonder)	1	707521	97.7406
natmaken WW(inf,vrij,zonder)	1	707522	97.7408
national SPEC(vreemd)	1	707523	97.7409
nationaal ADJ(prenom,basis,zonder)	1	707524	97.741
nationaal ADJ(prenom,basis,met-e,stan)	1	707525	97.7412
nathan N(soort,ev,basis,zijd,stan)	1	707526	97.7413
natdie N(soort,ev,basis,zijd,stan)	1	707527	97.7415
natascha WW(pv,tgw,ev)	1	707528	97.7416
natalie N(soort,ev,basis,zijd,stan)	1	707529	97.7417
nat ADJ(prenom,basis,zonder)	1	707530	97.7419
nasynchroniseren WW(vd,prenom,met-e)	1	707531	97.742
nasty SPEC(vreemd)	1	707532	97.7422
nastreven WW(pv,tgw,met-t)	1	707533	97.7423
nasmaak N(soort,ev,basis,zijd,stan)	1	707534	97.7424
nasibal N(soort,ev,basis,onz,stan)	1	707535	97.7426
nash N(soort,ev,basis,zijd,stan)	1	707536	97.7427
naseizoen N(soort,ev,basis,onz,stan)	1	707537	97.7428
nasdaq N(soort,ev,basis,zijd,stan)	1	707538	97.743
naschools ADJ(prenom,basis,met-e,stan)	1	707539	97.7431
nasaal ADJ(prenom,basis,met-e,stan)	1	707540	97.7433
nariman SPEC(vreemd)	1	707541	97.7434
narigheid N(soort,ev,basis,zijd,stan)	1	707542	97.7435
narcose N(soort,ev,basis,zijd,stan)	1	707543	97.7437
napoli N(soort,ev,basis,zijd,stan)	1	707544	97.7438
nano SPEC(vreemd)	1	707545	97.744
name SPEC(vreemd)	1	707546	97.7441
namaste ADJ(prenom,basis,zonder)	1	707547	97.7442
nalus N(soort,ev,basis,zijd,stan)	1	707548	97.7444
nalu N(soort,ev,basis,onz,stan)	1	707549	97.7445
nalezen WW(vd,vrij,zonder)	1	707550	97.7446
nalaten WW(inf,vrij,zonder)	1	707551	97.7448
nalahaja N(soort,ev,basis,zijd,stan)	1	707552	97.7449
nakomen WW(inf,vrij,zonder)	1	707553	97.7451
nakijkwerk N(soort,ev,basis,onz,stan)	1	707554	97.7452
nakijkn ADJ(postnom,basis,met-s)	1	707555	97.7453
nakend ADJ(prenom,basis,met-e,stan)	1	707556	97.7455
naked SPEC(vreemd)	1	707557	97.7456
nail ADJ(vrij,basis,zonder)	1	707558	97.7457
nai N(soort,ev,basis,zijd,stan)	1	707559	97.7459
nahet WW(vd,vrij,zonder)	1	707560	97.746
nahar N(soort,ev,basis,zijd,stan)	1	707561	97.7462
nah SPEC(vreemd)	1	707562	97.7463
nah ADJ(vrij,basis,zonder)	1	707563	97.7464
nagerecht N(soort,ev,basis,onz,stan)	1	707564	97.7466
nagenieten WW(inf,nom,zonder,zonder-n)	1	707565	97.7467
nagelles N(soort,mv,basis)	1	707566	97.7469
nagellak N(soort,ev,basis,zijd,stan)	1	707567	97.747
nagasadinges BW(dial)	1	707568	97.7471
nagar N(soort,ev,basis,zijd,stan)	1	707569	97.7473
nag WW(pv,verl,ev)	1	707570	97.7474
nafte N(soort,ev,basis,zijd,stan)	1	707571	97.7475
nadoop N(soort,ev,basis,zijd,stan)	1	707572	97.7477
nadia SPEC(vreemd)	1	707573	97.7478
nadenken WW(pv,tgw,ev)	1	707574	97.748
nadenken WW(od,vrij,zonder)	1	707575	97.7481
nadenkem WW(pv,tgw,ev)	1	707576	97.7482
nadenkbaan N(soort,ev,basis,zijd,stan)	1	707577	97.7484
nadeel N(soort,ev,basis,onz,stan)	1	707578	97.7485
nadagen N(soort,mv,basis)	1	707579	97.7486
nacompetitiewedstrijd N(soort,ev,basis,zijd,stan)	1	707580	97.7488
nacompetitie N(soort,ev,basis,zijd,stan)	1	707581	97.7489
nachtwandeling N(soort,ev,basis,zijd,stan)	1	707582	97.7491
nachtvoorraad N(soort,ev,basis,onz,stan)	1	707583	97.7492
nachtuil N(soort,ev,basis,zijd,stan)	1	707584	97.7493
nachttrein N(soort,mv,basis)	1	707585	97.7495
nachtshoot N(soort,ev,basis,zijd,stan)	1	707586	97.7496
nachtoernooi ADJ(vrij,basis,zonder)	1	707587	97.7498
nachtmuts N(soort,ev,dim,onz,stan)	1	707588	97.7499
nachtlamp N(soort,ev,dim,onz,stan)	1	707589	97.75
nachtknuffel N(soort,ev,basis,onz,stan)	1	707590	97.7502
nachtkast N(soort,ev,dim,onz,stan)	1	707591	97.7503
nachtfeest N(soort,ev,dim,onz,stan)	1	707592	97.7504
nachtelijk ADJ(prenom,basis,met-e,stan)	1	707593	97.7506
nachtegaal N(soort,ev,dim,onz,stan)	1	707594	97.7507
nachtdienst N(soort,mv,basis)	1	707595	97.7509
nachtbrakerke N(soort,ev,dim,onz,stan)	1	707596	97.751
nacht SPEC(vreemd)	1	707597	97.7511
nachos N(soort,ev,basis,zijd,stan)	1	707598	97.7513
nac N(soort,ev,basis,zijd,stan)	1	707599	97.7514
naborrelen WW(inf,vrij,zonder)	1	707600	97.7515
nabewerkingsuur N(soort,mv,basis)	1	707601	97.7517
nabewerken WW(vd,vrij,zonder)	1	707602	97.7518
naat VZ(init)	1	707603	97.752
naat VZ(fin)	1	707604	97.7521
naastde ADJ(prenom,basis,met-e,stan)	1	707605	97.7522
naaruit N(soort,ev,basis,zijd,stan)	1	707606	97.7524
naart WW(vd,vrij,zonder)	1	707607	97.7525
naart SPEC(vreemd)	1	707608	97.7527
naarr N(soort,ev,basis,zijd,stan)	1	707609	97.7528
naarbrussel N(soort,ev,basis,zijd,stan)	1	707610	97.7529
naar't N(soort,ev,basis,zijd,stan)	1	707611	97.7531
naamwoord N(soort,ev,basis,onz,stan)	1	707612	97.7532
naamsestraat N(soort,ev,basis,zijd,stan)	1	707613	97.7533
naamlozevis N(soort,ev,basis,zijd,stan)	1	707614	97.7535
naamgenoot N(soort,ev,basis,zijd,stan)	1	707615	97.7536
naaktslak N(soort,mv,basis)	1	707616	97.7538
naaien WW(vd,prenom,met-e)	1	707617	97.7539
naaiatelier N(soort,ev,basis,onz,stan)	1	707618	97.754
naa N(soort,ev,basis,zijd,stan)	1	707619	97.7542
na-partyen WW(inf,vrij,zonder)	1	707620	97.7543
na-kerst N(soort,ev,basis,zijd,stan)	1	707621	97.7544
na-drank N(soort,ev,dim,onz,stan)	1	707622	97.7546
na ADJ(prenom,comp,zonder)	1	707623	97.7547
n.br SPEC(symb)	1	707624	97.7549
n. SPEC(afk)	1	707625	97.755
n-va N(soort,ev,basis,zijd,stan)	1	707626	97.7551
mÃ¼sse SPEC(vreemd)	1	707627	97.7553
mÃ©Ã©r VNW(onbep,grad,stan,prenom,zonder,agr,comp)	1	707628	97.7554
mÃ©Ã©n VNW(onbep,det,stan,prenom,zonder,agr)	1	707629	97.7556
mÃ©t N(soort,ev,basis,zijd,stan)	1	707630	97.7557
mÃ¨t VZ(init)	1	707631	97.7558
mÃ¨t VNW(aanw,pron,stan,vol,3o,ev)	1	707632	97.756
mÃ¨n SPEC(vreemd)	1	707633	97.7561
mÃ¤ar N(soort,ev,basis,zijd,stan)	1	707634	97.7562
mÃ¡Ã¡nd N(soort,mv,basis)	1	707635	97.7564
mÃ n N(soort,mv,basis)	1	707636	97.7565
mÃ g N(soort,ev,basis,zijd,stan)	1	707637	97.7567
mzzl N(soort,ev,basis,onz,stan)	1	707638	97.7568
mzzl ADJ(vrij,basis,zonder)	1	707639	97.7569
mzungu SPEC(vreemd)	1	707640	97.7571
mythe N(soort,ev,basis,zijd,stan)	1	707641	97.7572
mysterieus ADJ(prenom,basis,zonder)	1	707642	97.7574
myrthe SPEC(vreemd)	1	707643	97.7575
myrthe N(soort,ev,basis,zijd,stan)	1	707644	97.7576
myrthe ADJ(prenom,basis,met-e,stan)	1	707645	97.7578
myrth SPEC(deeleigen)	1	707646	97.7579
myriam N(soort,ev,basis,onz,stan)	1	707647	97.758
mynen N(soort,mv,basis)	1	707648	97.7582
myne N(soort,ev,basis,zijd,stan)	1	707649	97.7583
myne ADJ(prenom,basis,met-e,stan)	1	707650	97.7585
myn WW(pv,verl,mv)	1	707651	97.7586
myn VZ(init)	1	707652	97.7587
myn ADJ(prenom,basis,zonder)	1	707653	97.7589
myladies N(soort,mv,basis)	1	707654	97.759
mwwwwwaaaaaaah TSW()	1	707655	97.7591
mwuha N(soort,ev,basis,zijd,stan)	1	707656	97.7593
mwaaah ADJ(vrij,basis,zonder)	1	707657	97.7594
mwa SPEC(vreemd)	1	707658	97.7596
mw N(soort,ev,basis,zijd,stan)	1	707659	97.7597
mw N(soort,ev,basis,onz,stan)	1	707660	97.7598
muzikant N(soort,ev,basis,zijd,stan)	1	707661	97.76
muziekronde N(soort,ev,basis,zijd,stan)	1	707662	97.7601
muziekquiz N(soort,ev,basis,onz,stan)	1	707663	97.7603
muzieknacht N(soort,ev,basis,zijd,stan)	1	707664	97.7604
muziekles N(soort,ev,basis,zijd,stan)	1	707665	97.7605
muziekkapellid N(soort,mv,basis)	1	707666	97.7607
muziekant N(soort,mv,basis)	1	707667	97.7608
muziekaler WW(pv,tgw,ev)	1	707668	97.7609
muzeme SPEC(vreemd)	1	707669	97.7611
muy SPEC(vreemd)	1	707670	97.7612
muurverf N(soort,ev,basis,zijd,stan)	1	707671	97.7614
muurkalender N(soort,mv,basis)	1	707672	97.7615
muur N(soort,mv,dim)	1	707673	97.7616
muur N(soort,ev,dim,onz,stan)	1	707674	97.7618
mutti SPEC(deeleigen)	1	707675	97.7619
mutti N(soort,ev,basis,zijd,stan)	1	707676	97.762
muts SPEC(vreemd)	1	707677	97.7622
mutisme N(soort,ev,basis,onz,stan)	1	707678	97.7623
mutiek N(soort,ev,basis,zijd,stan)	1	707679	97.7625
muszeum N(soort,ev,basis,onz,stan)	1	707680	97.7626
must SPEC(vreemd)	1	707681	97.7627
must N(soort,ev,basis,zijd,stan)	1	707682	97.7629
mussie N(soort,ev,basis,zijd,stan)	1	707683	97.763
mussel N(soort,mv,basis)	1	707684	97.7632
muss SPEC(vreemd)	1	707685	97.7633
musqito N(soort,ev,basis,zijd,stan)	1	707686	97.7634
musketier N(soort,ev,basis,zijd,stan)	1	707687	97.7636
musicalposter N(soort,ev,basis,zijd,stan)	1	707688	97.7637
musicafe N(soort,ev,basis,zijd,stan)	1	707689	97.7638
musica SPEC(vreemd)	1	707690	97.764
mushroom N(soort,ev,basis,zijd,stan)	1	707691	97.7641
mushimushi N(soort,ev,basis,zijd,stan)	1	707692	97.7643
mushi SPEC(vreemd)	1	707693	97.7644
mushi N(soort,ev,basis,zijd,stan)	1	707694	97.7645
museumkaart N(soort,ev,basis,zijd,stan)	1	707695	97.7647
museum N(soort,mv,basis)	1	707696	97.7648
museum N(soort,ev,dim,onz,stan)	1	707697	97.7649
muse SPEC(vreemd)	1	707698	97.7651
murwer WW(pv,tgw,ev)	1	707699	97.7652
murt N(soort,mv,basis)	1	707700	97.7654
murphy N(soort,ev,basis,zijd,stan)	1	707701	97.7655
mupzen SPEC(vreemd)	1	707702	97.7656
muntstraat N(soort,ev,basis,zijd,stan)	1	707703	97.7658
munten WW(vd,vrij,zonder)	1	707704	97.7659
munt N(soort,ev,dim,onz,stan)	1	707705	97.7661
munt N(soort,ev,basis,zijd,stan)	1	707706	97.7662
mundo SPEC(vreemd)	1	707707	97.7663
mundial N(soort,ev,basis,onz,stan)	1	707708	97.7665
munchkin N(soort,ev,basis,zijd,stan)	1	707709	97.7666
mun ADJ(prenom,basis,met-e,stan)	1	707710	97.7667
mumbai WW(pv,tgw,ev)	1	707711	97.7669
multitasken N(soort,mv,basis)	1	707712	97.767
multifunctioneel ADJ(prenom,basis,zonder)	1	707713	97.7672
multi N(soort,ev,basis,onz,stan)	1	707714	97.7673
multatuli SPEC(deeleigen)	1	707715	97.7674
mule N(soort,ev,basis,zijd,stan)	1	707716	97.7676
muizenval N(soort,mv,basis)	1	707717	97.7677
muisstil ADJ(vrij,basis,zonder)	1	707718	97.7678
muipimuipi N(soort,ev,basis,zijd,stan)	1	707719	97.768
muilen WW(pv,tgw,met-t)	1	707720	97.7681
muilen WW(inf,vrij,zonder)	1	707721	97.7683
muil N(soort,ev,basis,zijd,stan)	1	707722	97.7684
muik N(soort,ev,basis,zijd,stan)	1	707723	97.7685
muh SPEC(vreemd)	1	707724	97.7687
muh ADJ(vrij,basis,zonder)	1	707725	97.7688
muggebeten N(soort,mv,basis)	1	707726	97.769
muggebeet N(soort,ev,basis,zijd,stan)	1	707727	97.7691
mugen WW(pv,tgw,met-t)	1	707728	97.7692
mugdokter N(soort,ev,basis,onz,stan)	1	707729	97.7694
muffin SPEC(deeleigen)	1	707730	97.7695
muf ADJ(prenom,basis,met-e,stan)	1	707731	97.7696
muchi SPEC(deeleigen)	1	707732	97.7698
muak N(soort,ev,basis,zijd,stan)	1	707733	97.7699
muahaha TSW()	1	707734	97.7701
mua N(soort,mv,basis)	1	707735	97.7702
mtjou WW(pv,tgw,ev)	1	707736	97.7703
mstrg SPEC(symb)	1	707737	97.7705
mss ADJ(prenom,basis,zonder)	1	707738	97.7706
msngesprek WW(pv,verl,ev)	1	707739	97.7708
msn WW(vd,vrij,zonder)	1	707740	97.7709
msn ADJ(prenom,basis,zonder)	1	707741	97.771
mskeken WW(inf,vrij,zonder)	1	707742	97.7712
msg SPEC(vreemd)	1	707743	97.7713
msar N(soort,ev,basis,zijd,stan)	1	707744	97.7714
ms N(soort,ev,basis,zijd,stan)	1	707745	97.7716
mrt N(soort,ev,basis,onz,stan)	1	707746	97.7717
mrja N(soort,ev,basis,zijd,stan)	1	707747	97.7719
mrgn N(soort,mv,basis)	1	707748	97.772
mrgn N(soort,ev,basis,onz,stan)	1	707749	97.7721
mr WW(pv,tgw,met-t)	1	707750	97.7723
mr WW(inf,vrij,zonder)	1	707751	97.7724
mr VZ(fin)	1	707752	97.7725
mr ADJ(prenom,basis,zonder)	1	707753	97.7727
mq N(soort,ev,basis,zijd,stan)	1	707754	97.7728
mozzarellasalade N(soort,ev,dim,onz,stan)	1	707755	97.773
mozza SPEC(symb)	1	707756	97.7731
mozaÃ¯ek N(soort,ev,basis,onz,stan)	1	707757	97.7732
movieworld N(soort,ev,basis,onz,stan)	1	707758	97.7734
moves SPEC(vreemd)	1	707759	97.7735
moved SPEC(vreemd)	1	707760	97.7737
mousquetaires SPEC(vreemd)	1	707761	97.7738
mountains SPEC(vreemd)	1	707762	97.7739
mountaineer N(soort,ev,basis,zijd,stan)	1	707763	97.7741
mountainbiking N(soort,ev,basis,zijd,stan)	1	707764	97.7742
mountainbike N(soort,ev,basis,zijd,stan)	1	707765	97.7743
mount N(soort,ev,basis,zijd,stan)	1	707766	97.7745
moulin-ronse N(soort,ev,basis,zijd,stan)	1	707767	97.7746
moulin SPEC(vreemd)	1	707768	97.7748
motten WW(pv,verl,ev)	1	707769	97.7749
motorweer N(soort,ev,basis,onz,stan)	1	707770	97.775
motortrip N(soort,ev,basis,zijd,stan)	1	707771	97.7752
motorrijden WW(pv,verl,ev)	1	707772	97.7753
motorkleding-shoppen WW(inf,vrij,zonder)	1	707773	97.7754
motorfriends N(soort,mv,basis)	1	707774	97.7756
motoreren WW(inf,vrij,zonder)	1	707775	97.7757
motorenbeurs N(soort,mv,basis)	1	707776	97.7759
motor(pak) N(soort,mv,basis)	1	707777	97.776
motiveren WW(vd,vrij,zonder)	1	707778	97.7761
motiveren WW(vd,prenom,met-e)	1	707779	97.7763
motivatiebrief N(soort,ev,basis,zijd,stan)	1	707780	97.7764
motivatiebrief N(soort,ev,basis,onz,stan)	1	707781	97.7766
motilium N(soort,ev,basis,zijd,stan)	1	707782	97.7767
motherfucking SPEC(vreemd)	1	707783	97.7768
mother's SPEC(vreemd)	1	707784	97.777
motel N(soort,mv,basis)	1	707785	97.7771
mot N(soort,mv,basis)	1	707786	97.7772
mot N(soort,ev,basis,zijd,stan)	1	707787	97.7774
mostly SPEC(vreemd)	1	707788	97.7775
most SPEC(vreemd)	1	707789	97.7777
mosselsouper N(soort,ev,basis,zijd,stan)	1	707790	97.7778
mosselsaus N(soort,ev,basis,zijd,stan)	1	707791	97.7779
mosselpaleis N(soort,ev,basis,onz,stan)	1	707792	97.7781
mosselaar N(soort,ev,basis,onz,stan)	1	707793	97.7782
moskee N(soort,ev,basis,zijd,stan)	1	707794	97.7783
mosh SPEC(vreemd)	1	707795	97.7785
mosca.be SPEC(symb)	1	707796	97.7786
morsen WW(vd,vrij,zonder)	1	707797	97.7788
morrisons BW()	1	707798	97.7789
morrisons ADJ(vrij,basis,zonder)	1	707799	97.779
mornink N(soort,ev,basis,zijd,stan)	1	707800	97.7792
mormel N(soort,mv,basis)	1	707801	97.7793
morgwb N(soort,ev,basis,zijd,stan)	1	707802	97.7795
morgrn N(soort,mv,basis)	1	707803	97.7796
morgnavnd N(soort,ev,basis,zijd,stan)	1	707804	97.7797
morgnavnd ADJ(vrij,basis,zonder)	1	707805	97.7799
morgnavn WW(od,vrij,zonder)	1	707806	97.78
morgn N(soort,ev,basis,onz,stan)	1	707807	97.7801
morgn ADJ(dial)	1	707808	97.7803
morgenvm VZ(init)	1	707809	97.7804
morgent N(soort,ev,basis,zijd,stan)	1	707810	97.7806
morgenook N(soort,ev,basis,zijd,stan)	1	707811	97.7807
morgennacht BW()	1	707812	97.7808
morgenavpnd ADJ(vrij,basis,zonder)	1	707813	97.781
morgenaaf N(soort,ev,basis,zijd,stan)	1	707814	97.7811
morgen(avond) N(soort,ev,basis,zijd,stan)	1	707815	97.7812
morgen VZ(init)	1	707816	97.7814
morgek ADJ(prenom,basis,met-e,stan)	1	707817	97.7815
morge VZ(init)	1	707818	97.7817
morge SPEC(vreemd)	1	707819	97.7818
morge N(soort,ev,basis,zijd,stan)	1	707820	97.7819
morge ADJ(nom,basis,met-e,zonder-n,stan)	1	707821	97.7821
morga N(soort,ev,basis,zijd,stan)	1	707822	97.7822
morfine N(soort,ev,basis,zijd,stan)	1	707823	97.7824
morbach SPEC(deeleigen)	1	707824	97.7825
morbach ADJ(vrij,basis,zonder)	1	707825	97.7826
moral SPEC(vreemd)	1	707826	97.7828
moraal N(soort,ev,basis,zijd,stan)	1	707827	97.7829
moppentopper N(soort,ev,basis,zijd,stan)	1	707828	97.783
mop SPEC(vreemd)	1	707829	97.7832
moot N(soort,ev,basis,zijd,stan)	1	707830	97.7833
moore SPEC(vreemd)	1	707831	97.7835
moor N(soort,mv,basis)	1	707832	97.7836
moooovie SPEC(vreemd)	1	707833	97.7837
moooooi N(soort,ev,basis,zijd,stan)	1	707834	97.7839
mooooi N(soort,ev,basis,zijd,stan)	1	707835	97.784
mooooi ADJ(vrij,basis,zonder)	1	707836	97.7842
moooi N(soort,ev,basis,zijd,stan)	1	707837	97.7843
moooi ADJ(vrij,basis,zonder)	1	707838	97.7844
moog N(soort,ev,basis,zijd,stan)	1	707839	97.7846
mooe ADJ(prenom,basis,met-e,stan)	1	707840	97.7847
monuments N(soort,mv,basis)	1	707841	97.7848
monumentendag N(soort,ev,basis,zijd,stan)	1	707842	97.785
monument N(soort,mv,basis)	1	707843	97.7851
months SPEC(vreemd)	1	707844	97.7853
months N(soort,ev,basis,zijd,stan)	1	707845	97.7854
monteren WW(vd,vrij,zonder)	1	707846	97.7855
mont SPEC(vreemd)	1	707847	97.7857
monstertruck N(soort,ev,basis,zijd,stan)	1	707848	97.7858
monsterscore N(soort,ev,basis,zijd,stan)	1	707849	97.7859
monstereclipse N(soort,ev,basis,zijd,stan)	1	707850	97.7861
monster N(soort,ev,basis,onz,stan)	1	707851	97.7862
monsieur SPEC(vreemd)	1	707852	97.7864
monogeluid N(soort,ev,basis,onz,stan)	1	707853	97.7865
monkeykreet N(soort,mv,basis)	1	707854	97.7866
monkey N(soort,mv,basis)	1	707855	97.7868
monitor WW(inf,nom,zonder,zonder-n)	1	707856	97.7869
monic SPEC(vreemd)	1	707857	97.7871
mongool N(soort,ev,basis,onz,stan)	1	707858	97.7872
mongolendriehoek N(soort,mv,basis)	1	707859	97.7873
moneystressing N(soort,ev,basis,zijd,stan)	1	707860	97.7875
moneys N(soort,mv,basis)	1	707861	97.7876
monee N(soort,ev,basis,zijd,stan)	1	707862	97.7877
mondeling ADJ(prenom,basis,zonder)	1	707863	97.7879
monde SPEC(vreemd)	1	707864	97.788
monaco SPEC(vreemd)	1	707865	97.7882
monaco N(soort,ev,basis,zijd,stan)	1	707866	97.7883
mon SPEC(vreemd)	1	707867	97.7884
mon N(soort,mv,basis)	1	707868	97.7886
mompelen WW(od,vrij,zonder)	1	707869	97.7887
moment N(soort,mv,dim)	1	707870	97.7888
mollen WW(inf,vrij,zonder)	1	707871	97.789
molester SPEC(vreemd)	1	707872	97.7891
molenpoort N(soort,ev,basis,zijd,stan)	1	707873	97.7893
molengracht N(soort,ev,basis,zijd,stan)	1	707874	97.7894
molecule N(soort,mv,dim)	1	707875	97.7895
mol N(soort,ev,dim,onz,stan)	1	707876	97.7897
moksh SPEC(vreemd)	1	707877	97.7898
mokke N(soort,ev,basis,zijd,stan)	1	707878	97.79
mojitos SPEC(deeleigen)	1	707879	97.7901
moiiii N(soort,ev,basis,zijd,stan)	1	707880	97.7902
mohsen N(soort,mv,basis)	1	707881	97.7904
mohen WW(pv,tgw,mv)	1	707882	97.7905
mogn WW(pv,verl,mv)	1	707883	97.7906
mogn WW(inf,vrij,zonder)	1	707884	97.7908
mogn N(soort,mv,basis)	1	707885	97.7909
mogguh N(soort,ev,basis,onz,stan)	1	707886	97.7911
mogge ADJ(prenom,basis,met-e,stan)	1	707887	97.7912
mogenlijkheid N(soort,mv,basis)	1	707888	97.7913
mogenlijk N(soort,ev,basis,onz,stan)	1	707889	97.7915
mogelykheid N(soort,mv,basis)	1	707890	97.7916
mogelyke ADJ(prenom,basis,met-e,stan)	1	707891	97.7917
mogelyk WW(pv,verl,ev)	1	707892	97.7919
mogelijks BW()	1	707893	97.792
moezelwijn N(soort,ev,basis,zijd,stan)	1	707894	97.7922
moetn N(soort,ev,basis,onz,stan)	1	707895	97.7923
moetk ADJ(prenom,basis,zonder)	1	707896	97.7924
moestuin N(soort,ev,dim,onz,stan)	1	707897	97.7926
moesjiewoesjie VNW(aanw,pron,stan,vol,3,getal)	1	707898	97.7927
moesel N(soort,ev,basis,zijd,stan)	1	707899	97.7929
moes N(soort,ev,basis,zijd,stan)	1	707900	97.793
moerdijk SPEC(deeleigen)	1	707901	97.7931
moenie N(soort,ev,basis,zijd,stan)	1	707902	97.7933
moen WW(pv,verl,mv)	1	707903	97.7934
moen WW(pv,tgw,mv)	1	707904	97.7935
moen SPEC(vreemd)	1	707905	97.7937
moen N(soort,ev,basis,zijd,stan)	1	707906	97.7938
moemoe N(soort,ev,basis,zijd,stan)	1	707907	97.794
moek WW(pv,tgw,ev)	1	707908	97.7941
moejt N(soort,ev,basis,zijd,stan)	1	707909	97.7942
moej WW(pv,tgw,ev)	1	707910	97.7944
moeiziek N(soort,ev,basis,zijd,stan)	1	707911	97.7945
moeizaam ADJ(vrij,comp,zonder)	1	707912	97.7946
moeizaam ADJ(prenom,basis,met-e,stan)	1	707913	97.7948
moeiteloos ADJ(vrij,basis,zonder)	1	707914	97.7949
moeite SPEC(vreemd)	1	707915	97.7951
moeilijkheid N(soort,mv,basis)	1	707916	97.7952
moeilijk ADJ(nom,sup,met-e,zonder-n,stan)	1	707917	97.7953
moeien WW(vd,vrij,zonder)	1	707918	97.7955
moeien WW(pv,tgw,ev)	1	707919	97.7956
moehahahahaha N(soort,ev,basis,zijd,stan)	1	707920	97.7958
moegestreden ADJ(vrij,basis,zonder)	1	707921	97.7959
moegekookt SPEC(vreemd)	1	707922	97.796
moegefeest WW(pv,tgw,met-t)	1	707923	97.7962
moegefeest N(soort,ev,basis,onz,stan)	1	707924	97.7963
moeftie N(soort,ev,basis,zijd,stan)	1	707925	97.7964
moedr WW(pv,verl,ev)	1	707926	97.7966
moedigen WW(pv,tgw,mv)	1	707927	97.7967
moedigen WW(inf,vrij,zonder)	1	707928	97.7969
moedig ADJ(vrij,basis,zonder)	1	707929	97.797
moederziel ADJ(vrij,basis,zonder)	1	707930	97.7971
moederschap N(soort,ev,basis,onz,stan)	1	707931	97.7973
moederlijk ADJ(vrij,basis,zonder)	1	707932	97.7974
moederlijk ADJ(prenom,basis,zonder)	1	707933	97.7976
moederland N(soort,ev,basis,onz,stan)	1	707934	97.7977
moederkesdag N(soort,ev,basis,zijd,stan)	1	707935	97.7978
moeat N(soort,ev,basis,onz,stan)	1	707936	97.798
moe ADJ(prenom,basis,met-e,stan)	1	707937	97.7981
modus N(soort,ev,basis,zijd,stan)	1	707938	97.7982
module N(soort,ev,basis,zijd,stan)	1	707939	97.7984
modetrend N(soort,ev,basis,zijd,stan)	1	707940	97.7985
modeshow N(soort,mv,basis)	1	707941	97.7987
moderns N(soort,mv,basis)	1	707942	97.7988
modern ADJ(vrij,comp,zonder)	1	707943	97.7989
modem-reset N(soort,ev,basis,zijd,stan)	1	707944	97.7991
modem N(soort,ev,basis,zijd,stan)	1	707945	97.7992
modelleren WW(inf,vrij,zonder)	1	707946	97.7993
model N(soort,ev,dim,onz,stan)	1	707947	97.7995
mode N(soort,ev,basis,zijd,stan)	1	707948	97.7996
modder N(soort,ev,basis,zijd,stan)	1	707949	97.7998
moddegen WW(pv,tgw,mv)	1	707950	97.7999
moddegen N(soort,mv,basis)	1	707951	97.8
modaal ADJ(vrij,basis,zonder)	1	707952	97.8002
mocro SPEC(vreemd)	1	707953	97.8003
mocochousse N(soort,ev,basis,zijd,stan)	1	707954	97.8005
mocksh SPEC(vreemd)	1	707955	97.8006
mochte WW(pv,verl,ev)	1	707956	97.8007
moc WW(pv,tgw,ev)	1	707957	97.8009
moby N(soort,ev,basis,zijd,stan)	1	707958	97.801
mobiel ADJ(nom,basis,zonder,zonder-n)	1	707959	97.8011
moar SPEC(vreemd)	1	707960	97.8013
moah ADJ(vrij,basis,zonder)	1	707961	97.8014
mo TSW()	1	707962	97.8016
mnm N(soort,ev,basis,zijd,stan)	1	707963	97.8017
mnf N(soort,ev,basis,zijd,stan)	1	707964	97.8018
mnd WW(pv,verl,ev)	1	707965	97.802
mn WW(od,vrij,zonder)	1	707966	97.8021
mms N(soort,mv,dim)	1	707967	97.8022
mmol N(soort,ev,basis,zijd,stan)	1	707968	97.8024
mmmmmmm N(soort,ev,basis,onz,stan)	1	707969	97.8025
mmmjammy N(soort,ev,basis,onz,stan)	1	707970	97.8027
mmm SPEC(symb)	1	707971	97.8028
mmm N(soort,ev,basis,zijd,stan)	1	707972	97.8029
mmerci N(soort,ev,basis,zijd,stan)	1	707973	97.8031
mme N(soort,ev,basis,onz,stan)	1	707974	97.8032
mmco BW()	1	707975	97.8034
mmaar N(soort,ev,basis,zijd,stan)	1	707976	97.8035
mm N(soort,ev,basis,onz,stan)	1	707977	97.8036
mkay N(soort,ev,basis,zijd,stan)	1	707978	97.8038
mjam N(soort,ev,basis,zijd,stan)	1	707979	97.8039
mixdrank N(soort,ev,dim,onz,stan)	1	707980	97.804
mix N(soort,ev,basis,zijd,stan)	1	707981	97.8042
mits VZ(init)	1	707982	97.8043
mit VZ(init)	1	707983	97.8045
mit SPEC(vreemd)	1	707984	97.8046
miszen WW(vd,vrij,zonder)	1	707985	97.8047
mistellen WW(vd,vrij,zonder)	1	707986	97.8049
mistake SPEC(vreemd)	1	707987	97.805
missionair ADJ(prenom,basis,met-e,stan)	1	707988	97.8051
missie N(soort,ev,basis,zijd,stan)	1	707989	97.8053
misshien N(soort,mv,basis)	1	707990	97.8054
missenxd BW()	1	707991	97.8056
missen(a) N(soort,mv,basis)	1	707992	97.8057
missen WW(vd,prenom,zonder)	1	707993	97.8058
missen WW(od,prenom,met-e)	1	707994	97.806
missch ADJ(prenom,basis,zonder)	1	707995	97.8061
miss VZ(init)	1	707996	97.8063
misrekening N(soort,ev,basis,zijd,stan)	1	707997	97.8064
misread N(soort,ev,basis,onz,stan)	1	707998	97.8065
mismatch N(soort,ev,basis,zijd,stan)	1	707999	97.8067
mislukken WW(pv,tgw,mv)	1	708000	97.8068
mislukken WW(pv,tgw,met-t)	1	708001	97.8069
mislukken WW(inf,vrij,zonder)	1	708002	97.8071
mislopen WW(vd,vrij,zonder)	1	708003	97.8072
misloop WW(pv,verl,ev)	1	708004	97.8074
misliep N(soort,ev,basis,onz,stan)	1	708005	97.8075
misleidende N(soort,mv,basis)	1	708006	97.8076
miskraam N(soort,ev,basis,zijd,stan)	1	708007	97.8078
misjewel N(soort,ev,basis,zijd,stan)	1	708008	97.8079
misgaan WW(vd,vrij,zonder)	1	708009	97.808
mise N(soort,ev,basis,zijd,stan)	1	708010	97.8082
misdragen WW(pv,tgw,met-t)	1	708011	97.8083
misdoen WW(vd,vrij,zonder)	1	708012	97.8085
misdaad N(soort,ev,basis,zijd,stan)	1	708013	97.8086
miscommunicatie N(soort,ev,basis,zijd,stan)	1	708014	97.8087
mischien WW(inf,vrij,zonder)	1	708015	97.8089
mischien BW()	1	708016	97.809
misbruik N(soort,ev,basis,onz,stan)	1	708017	97.8092
mis ADJ(prenom,basis,zonder)	1	708018	97.8093
mirabellostraat N(soort,ev,basis,zijd,stan)	1	708019	97.8094
mirabello N(soort,ev,basis,zijd,stan)	1	708020	97.8096
minutenwerk N(soort,ev,basis,onz,stan)	1	708021	97.8097
minus BW()	1	708022	97.8098
minue N(soort,mv,basis)	1	708023	97.81
mint N(soort,mv,basis)	1	708024	97.8101
mint N(soort,ev,basis,zijd,stan)	1	708025	97.8103
minouk BW()	1	708026	97.8104
minnesota N(soort,mv,basis)	1	708027	97.8105
minnares N(soort,mv,basis)	1	708028	97.8107
minke's N(soort,mv,basis)	1	708029	97.8108
mink N(soort,ev,basis,zijd,stan)	1	708030	97.811
ministerie N(soort,mv,basis)	1	708031	97.8111
miniparty N(soort,ev,basis,zijd,stan)	1	708032	97.8112
minimalistisch ADJ(vrij,basis,zonder)	1	708033	97.8114
minigreep N(soort,ev,dim,onz,stan)	1	708034	97.8115
minigolfkwaliteit N(soort,mv,basis)	1	708035	97.8116
minigolf N(soort,ev,basis,zijd,stan)	1	708036	97.8118
minigipsje N(soort,ev,dim,onz,stan)	1	708037	97.8119
minifiets N(soort,ev,basis,zijd,stan)	1	708038	97.8121
miniem ADJ(vrij,basis,zonder)	1	708039	97.8122
minicolleges SPEC(vreemd)	1	708040	97.8123
minibreaken N(soort,mv,basis)	1	708041	97.8125
minibreak N(soort,ev,basis,zijd,stan)	1	708042	97.8126
mini BW()	1	708043	97.8127
mineraal N(soort,ev,basis,onz,stan)	1	708044	97.8129
minds SPEC(vreemd)	1	708045	97.813
mindfullness N(soort,mv,basis)	1	708046	97.8132
minderjarig ADJ(prenom,basis,zonder)	1	708047	97.8133
minderheid N(soort,ev,basis,zijd,stan)	1	708048	97.8134
minderen WW(inf,vrij,zonder)	1	708049	97.8136
minderen WW(inf,nom,zonder,zonder-n)	1	708050	97.8137
mindere VNW(onbep,grad,stan,prenom,met-e,agr,comp)	1	708051	97.8139
mindere VNW(onbep,det,stan,prenom,met-e,agr)	1	708052	97.814
minded SPEC(vreemd)	1	708053	97.8141
mina N(soort,ev,basis,zijd,stan)	1	708054	97.8143
min-halfuur N(soort,ev,dim,onz,stan)	1	708055	97.8144
mimo N(soort,ev,basis,zijd,stan)	1	708056	97.8145
milkshake N(soort,ev,basis,zijd,stan)	1	708057	97.8147
miljonaire N(soort,ev,basis,zijd,stan)	1	708058	97.8148
miljonair-to-be SPEC(symb)	1	708059	97.815
miljoen TW(hoofd,prenom,stan)	1	708060	97.8151
militair N(soort,mv,basis)	1	708061	97.8152
milieuvriendelijk ADJ(vrij,comp,zonder)	1	708062	97.8154
milf N(soort,ev,basis,onz,stan)	1	708063	97.8155
milda N(soort,ev,basis,zijd,stan)	1	708064	97.8156
mild ADJ(prenom,basis,met-e,stan)	1	708065	97.8158
milaan BW()	1	708066	97.8159
mikeeej N(soort,ev,basis,zijd,stan)	1	708067	97.8161
mikeee SPEC(deeleigen)	1	708068	97.8162
mikeee N(soort,ev,basis,zijd,stan)	1	708069	97.8163
mikee N(soort,ev,basis,zijd,stan)	1	708070	97.8165
mikee N(soort,ev,basis,onz,stan)	1	708071	97.8166
mikal N(soort,ev,basis,zijd,stan)	1	708072	97.8168
mikakatoekakasata N(soort,ev,basis,zijd,stan)	1	708073	97.8169
mik N(soort,ev,basis,zijd,stan)	1	708074	97.817
mik N(soort,ev,basis,onz,stan)	1	708075	97.8172
mijvan N(soort,ev,basis,zijd,stan)	1	708076	97.8173
mijs N(soort,ev,dim,onz,stan)	1	708077	97.8174
mijnwerker N(soort,mv,basis)	1	708078	97.8176
mijnes N(soort,mv,basis)	1	708079	97.8177
mijden WW(inf,vrij,zonder)	1	708080	97.8179
mij.t N(soort,ev,basis,zijd,stan)	1	708081	97.818
mij.ik SPEC(symb)	1	708082	97.8181
mij N(soort,ev,basis,zijd,stan)	1	708083	97.8183
miijn N(soort,ev,basis,zijd,stan)	1	708084	97.8184
migreren WW(inf,vrij,zonder)	1	708085	97.8185
migrane N(soort,ev,basis,zijd,stan)	1	708086	97.8187
mignon N(soort,ev,basis,onz,stan)	1	708087	97.8188
might WW(pv,tgw,met-t)	1	708088	97.819
miezerig ADJ(prenom,basis,zonder)	1	708089	97.8191
miepmiepmiep N(soort,ev,basis,zijd,stan)	1	708090	97.8192
miepen WW(inf,vrij,zonder)	1	708091	97.8194
miep N(soort,ev,basis,zijd,stan)	1	708092	97.8195
miek N(soort,ev,basis,zijd,stan)	1	708093	97.8197
midterm N(soort,ev,basis,zijd,stan)	1	708094	97.8198
midnight WW(vd,vrij,zonder)	1	708095	97.8199
midlifecrisis N(soort,ev,basis,zijd,stan)	1	708096	97.8201
midi N(soort,ev,basis,zijd,stan)	1	708097	97.8202
middle-of-the-road N(soort,ev,basis,onz,stan)	1	708098	97.8203
middg N(soort,ev,basis,zijd,stan)	1	708099	97.8205
middernachtskus N(soort,ev,dim,onz,stan)	1	708100	97.8206
middenberm N(soort,ev,basis,zijd,stan)	1	708101	97.8208
middenacht N(soort,ev,basis,zijd,stan)	1	708102	97.8209
midden-brabantweg N(soort,ev,basis,zijd,stan)	1	708103	97.821
middelst ADJ(nom,basis,met-e,zonder-n,stan)	1	708104	97.8212
middellang ADJ(prenom,basis,met-e,stan)	1	708105	97.8213
middelkerke ADJ(prenom,basis,met-e,stan)	1	708106	97.8215
middelbaar N(soort,ev,basis,onz,stan)	1	708107	97.8216
middelbaar ADJ(prenom,basis,zonder)	1	708108	97.8217
middah N(soort,ev,basis,zijd,stan)	1	708109	97.8219
middagpot N(soort,ev,basis,zijd,stan)	1	708110	97.822
middagploeg N(soort,ev,basis,zijd,stan)	1	708111	97.8221
middagpauze N(soort,mv,basis)	1	708112	97.8223
middagdut N(soort,mv,dim)	1	708113	97.8224
middag ADJ(prenom,basis,zonder)	1	708114	97.8226
microusb-kabel N(soort,ev,dim,onz,stan)	1	708115	97.8227
microtech ADJ(vrij,basis,zonder)	1	708116	97.8228
microsoft N(soort,ev,basis,onz,stan)	1	708117	97.823
microforestry SPEC(vreemd)	1	708118	97.8231
micrigolf N(soort,ev,basis,zijd,stan)	1	708119	97.8232
mick N(soort,ev,basis,zijd,stan)	1	708120	97.8234
michiel WW(pv,verl,ev)	1	708121	97.8235
michiel WW(pv,tgw,mv)	1	708122	97.8237
michele SPEC(vreemd)	1	708123	97.8238
michele N(soort,ev,basis,zijd,stan)	1	708124	97.8239
michele ADJ(prenom,basis,met-e,stan)	1	708125	97.8241
michael N(soort,ev,basis,onz,stan)	1	708126	97.8242
mic N(soort,ev,basis,zijd,stan)	1	708127	97.8244
miauwken WW(inf,vrij,zonder)	1	708128	97.8245
miauwer N(soort,mv,basis)	1	708129	97.8246
miauwende ADJ(prenom,basis,met-e,stan)	1	708130	97.8248
miauw ADJ(vrij,basis,zonder)	1	708131	97.8249
miami N(soort,mv,basis)	1	708132	97.825
miami N(soort,ev,basis,onz,stan)	1	708133	97.8252
mia N(soort,mv,basis)	1	708134	97.8253
mhh BW()	1	708135	97.8255
mgrt WW(pv,tgw,met-t)	1	708136	97.8256
mgmen WW(pv,tgw,met-t)	1	708137	97.8257
mgl N(soort,ev,basis,zijd,stan)	1	708138	97.8259
mgl N(soort,ev,basis,onz,stan)	1	708139	97.826
mgl ADJ(vrij,basis,zonder)	1	708140	97.8261
mg SPEC(symb)	1	708141	97.8263
mff SPEC(vreemd)	1	708142	97.8264
mezz.nl SPEC(symb)	1	708143	97.8266
mezz N(soort,ev,basis,zijd,stan)	1	708144	97.8267
mezebollekes N(soort,mv,basis)	1	708145	97.8268
mez N(soort,ev,basis,zijd,stan)	1	708146	97.827
mey ADJ(vrij,basis,zonder)	1	708147	97.8271
mexique N(soort,ev,basis,zijd,stan)	1	708148	97.8273
mexican SPEC(vreemd)	1	708149	97.8274
mex-griep N(soort,ev,basis,zijd,stan)	1	708150	97.8275
mevrouweland N(soort,ev,basis,onz,stan)	1	708151	97.8277
mevrou N(soort,ev,basis,onz,stan)	1	708152	97.8278
meus N(soort,ev,basis,zijd,stan)	1	708153	97.8279
meulestede WW(pv,verl,ev)	1	708154	97.8281
meuk N(soort,ev,basis,zijd,stan)	1	708155	97.8282
meueen N(soort,mv,basis)	1	708156	97.8284
meubelmaker N(soort,ev,basis,zijd,stan)	1	708157	97.8285
metvde WW(vd,prenom,met-e)	1	708158	97.8286
metropool N(soort,ev,basis,zijd,stan)	1	708159	97.8288
metroovergang N(soort,ev,basis,zijd,stan)	1	708160	97.8289
metrokaart N(soort,mv,dim)	1	708161	97.829
metje N(soort,ev,dim,onz,stan)	1	708162	97.8292
methods SPEC(vreemd)	1	708163	97.8293
meterkast N(soort,ev,basis,zijd,stan)	1	708164	97.8295
meten WW(inf,vrij,zonder)	1	708165	97.8296
metee N(soort,ev,basis,zijd,stan)	1	708166	97.8297
metamorfose N(soort,ev,basis,zijd,stan)	1	708167	97.8299
metallica N(soort,ev,basis,zijd,stan)	1	708168	97.83
metaldome N(soort,ev,basis,zijd,stan)	1	708169	97.8302
metafoor N(soort,ev,basis,zijd,stan)	1	708170	97.8303
metaalorg N(soort,ev,basis,zijd,stan)	1	708171	97.8304
metaal-organisch N(soort,ev,basis,zijd,stan)	1	708172	97.8306
metaal ADJ(prenom,basis,met-e,stan)	1	708173	97.8307
meta-artikel N(soort,ev,basis,zijd,stan)	1	708174	97.8308
met.mij N(soort,ev,basis,zijd,stan)	1	708175	97.831
met SPEC(deeleigen)	1	708176	97.8311
messenslijper N(soort,ev,basis,zijd,stan)	1	708177	97.8313
messed SPEC(vreemd)	1	708178	97.8314
mess N(soort,ev,basis,zijd,stan)	1	708179	97.8315
mesh SPEC(vreemd)	1	708180	97.8317
mesch ADJ(prenom,basis,zonder)	1	708181	97.8318
merode N(soort,ev,basis,zijd,stan)	1	708182	97.8319
merkwaardig ADJ(vrij,basis,zonder)	1	708183	97.8321
merksplas N(soort,ev,basis,zijd,stan)	1	708184	97.8322
merknaam N(soort,mv,basis)	1	708185	97.8324
merkbaar ADJ(vrij,basis,zonder)	1	708186	97.8325
merk't WW(pv,tgw,ev)	1	708187	97.8326
merijn N(soort,ev,basis,zijd,stan)	1	708188	97.8328
merguez N(soort,mv,basis)	1	708189	97.8329
mergpijp N(soort,mv,basis)	1	708190	97.8331
mergelpret N(soort,ev,basis,onz,stan)	1	708191	97.8332
mergelgrot N(soort,mv,basis)	1	708192	97.8333
merge ADJ(prenom,basis,met-e,stan)	1	708193	97.8335
merg N(soort,ev,basis,onz,stan)	1	708194	97.8336
merelbeke N(soort,ev,basis,dat)	1	708195	97.8337
merel N(soort,ev,basis,zijd,stan)	1	708196	97.8339
merde SPEC(vreemd)	1	708197	97.834
merciii N(soort,ev,basis,zijd,stan)	1	708198	97.8342
merci BW()	1	708199	97.8343
merchandisestand N(soort,ev,basis,zijd,stan)	1	708200	97.8344
merccikens VZ(init)	1	708201	97.8346
mer SPEC(vreemd)	1	708202	97.8347
mer SPEC(deeleigen)	1	708203	97.8349
meppel-meppel N(soort,ev,basis,onz,stan)	1	708204	97.835
mep N(soort,mv,basis)	1	708205	97.8351
menza SPEC(vreemd)	1	708206	97.8353
mentor SPEC(vreemd)	1	708207	97.8354
mentor N(soort,mv,basis)	1	708208	97.8355
mentioned SPEC(deeleigen)	1	708209	97.8357
mention N(soort,ev,basis,onz,stan)	1	708210	97.8358
mentaal ADJ(prenom,basis,met-e,stan)	1	708211	97.836
mensensmokkel N(soort,ev,basis,zijd,stan)	1	708212	97.8361
mensenpuist N(soort,mv,basis)	1	708213	97.8362
mensenmedicijn N(soort,ev,basis,onz,stan)	1	708214	97.8364
mensen-mensenfaculteit N(soort,ev,basis,zijd,stan)	1	708215	97.8365
menselijk ADJ(prenom,basis,zonder)	1	708216	97.8366
menselijk ADJ(prenom,basis,met-e,stan)	1	708217	97.8368
mensdom N(soort,ev,basis,onz,stan)	1	708218	97.8369
mens N(soort,mv,dim)	1	708219	97.8371
menno's N(soort,mv,basis)	1	708220	97.8372
menno SPEC(vreemd)	1	708221	97.8373
menno SPEC(deeleigen)	1	708222	97.8375
menno N(soort,mv,basis)	1	708223	97.8376
menm N(soort,ev,basis,zijd,stan)	1	708224	97.8378
mengen WW(vd,prenom,zonder)	1	708225	97.8379
menen WW(vd,vrij,zonder)	1	708226	97.838
meneer SPEC(vreemd)	1	708227	97.8382
meneer N(soort,ev,dim,onz,stan)	1	708228	97.8383
memreep N(soort,mv,dim)	1	708229	97.8384
memphis N(soort,ev,basis,zijd,stan)	1	708230	97.8386
memorie N(soort,mv,basis)	1	708231	97.8387
memorabel N(soort,mv,basis)	1	708232	97.8389
memento N(soort,mv,basis)	1	708233	97.839
memchecker N(soort,ev,basis,zijd,stan)	1	708234	97.8391
melly SPEC(vreemd)	1	708235	97.8393
melkzuur N(soort,ev,basis,onz,stan)	1	708236	97.8394
melktand N(soort,ev,dim,onz,stan)	1	708237	97.8395
melkschuim N(soort,ev,basis,zijd,stan)	1	708238	97.8397
melk SPEC(vreemd)	1	708239	97.8398
melissa N(soort,ev,basis,zijd,stan)	1	708240	97.84
melding N(soort,mv,basis)	1	708241	97.8401
melden WW(inf,nom,zonder,zonder-n)	1	708242	97.8402
melanomen WW(pv,tgw,mv)	1	708243	97.8404
melange SPEC(vreemd)	1	708244	97.8405
mel BW()	1	708245	97.8407
mekelpark N(soort,ev,basis,onz,stan)	1	708246	97.8408
mejor N(soort,ev,basis,zijd,stan)	1	708247	97.8409
meivakantie N(soort,ev,basis,zijd,stan)	1	708248	97.8411
meiske N(soort,mv,dim)	1	708249	97.8412
meisjesspulletjes ADJ(vrij,dim,zonder)	1	708250	97.8413
meisjesding N(soort,mv,dim)	1	708251	97.8415
meisjelief N(soort,ev,basis,onz,stan)	1	708252	97.8416
meisje N(soort,ev,basis,onz,stan)	1	708253	97.8418
meins SPEC(vreemd)	1	708254	97.8419
meimarkt N(soort,ev,basis,zijd,stan)	1	708255	97.842
meileken WW(inf,nom,zonder,zonder-n)	1	708256	97.8422
meike ADJ(prenom,basis,met-e,stan)	1	708257	97.8423
meik WW(pv,tgw,ev)	1	708258	97.8424
meik N(soort,ev,basis,onz,stan)	1	708259	97.8426
meidenfilm N(soort,ev,basis,zijd,stan)	1	708260	97.8427
meidenavond N(soort,ev,basis,zijd,stan)	1	708261	97.8429
meibloem N(soort,ev,basis,onz,stan)	1	708262	97.843
mehr SPEC(vreemd)	1	708263	97.8431
megen N(soort,mv,basis)	1	708264	97.8433
megawarm N(soort,ev,basis,onz,stan)	1	708265	97.8434
megasfeer N(soort,ev,basis,zijd,stan)	1	708266	97.8436
megamaagpijn N(soort,ev,basis,zijd,stan)	1	708267	97.8437
megagoe N(soort,ev,basis,onz,stan)	1	708268	97.8438
megadruk ADJ(prenom,basis,met-e,stan)	1	708269	97.844
megaafwas N(soort,ev,basis,zijd,stan)	1	708270	97.8441
mega-gay-mark N(soort,ev,basis,onz,stan)	1	708271	97.8442
meg N(soort,ev,basis,zijd,stan)	1	708272	97.8444
mefrou N(soort,ev,basis,zijd,stan)	1	708273	97.8445
meezoeken WW(inf,vrij,zonder)	1	708274	97.8447
meeying SPEC(vreemd)	1	708275	97.8448
meewillen WW(pv,tgw,mv)	1	708276	97.8449
meewillen WW(pv,tgw,met-t)	1	708277	97.8451
meewillen WW(pv,tgw,ev)	1	708278	97.8452
meewerken WW(vd,vrij,zonder)	1	708279	97.8453
meewerken WW(inf,vrij,zonder)	1	708280	97.8455
meewarig ADJ(vrij,basis,zonder)	1	708281	97.8456
meevolgen WW(inf,vrij,zonder)	1	708282	97.8458
meeuw N(soort,ev,basis,zijd,stan)	1	708283	97.8459
meeuebben N(soort,mv,basis)	1	708284	97.846
meetrainen WW(inf,vrij,zonder)	1	708285	97.8462
meetmethode N(soort,ev,basis,zijd,stan)	1	708286	97.8463
meetlint N(soort,ev,basis,onz,stan)	1	708287	97.8465
meetinstrument N(soort,mv,basis)	1	708288	97.8466
meeting N(soort,mv,basis)	1	708289	97.8467
meeten WW(pv,tgw,mv)	1	708290	97.8469
meeten WW(inf,nom,zonder,zonder-n)	1	708291	97.847
meetellen WW(inf,vrij,zonder)	1	708292	97.8471
meet SPEC(vreemd)	1	708293	97.8473
meesteressen WW(inf,vrij,zonder)	1	708294	97.8474
meespele N(soort,ev,basis,zijd,stan)	1	708295	97.8476
meesleuren WW(inf,vrij,zonder)	1	708296	97.8477
meeslepen WW(inf,vrij,zonder)	1	708297	97.8478
meerlaan N(soort,ev,basis,zijd,stan)	1	708298	97.848
meerkeuzevraag N(soort,mv,basis)	1	708299	97.8481
meerkeuze N(soort,ev,basis,zijd,stan)	1	708300	97.8483
meerije N(soort,ev,dim,onz,stan)	1	708301	97.8484
meerijden WW(vd,vrij,zonder)	1	708302	97.8485
meerijden WW(pv,tgw,met-t)	1	708303	97.8487
meereiskaart N(soort,ev,basis,zijd,stan)	1	708304	97.8488
meer N(soort,mv,basis)	1	708305	97.8489
meepikken WW(vd,vrij,zonder)	1	708306	97.8491
meepakkn WW(pv,verl,mv)	1	708307	97.8492
meepakkn SPEC(deeleigen)	1	708308	97.8494
meenemn N(soort,ev,basis,zijd,stan)	1	708309	97.8495
meenemen WW(pv,tgw,ev)	1	708310	97.8496
meenemem SPEC(vreemd)	1	708311	97.8498
meeneme SPEC(vreemd)	1	708312	97.8499
meeneem ADJ(vrij,basis,zonder)	1	708313	97.85
meelopen WW(pv,tgw,ev)	1	708314	97.8502
meel N(soort,ev,basis,onz,stan)	1	708315	97.8503
meekunnen WW(pv,tgw,ev)	1	708316	97.8505
meekrijgen WW(pv,tgw,ev)	1	708317	97.8506
meekregen N(soort,mv,basis)	1	708318	97.8507
meehebben WW(pv,tgw,met-t)	1	708319	97.8509
meegnome N(soort,mv,basis)	1	708320	97.851
meegenine N(soort,ev,basis,zijd,stan)	1	708321	97.8512
meegebeden N(soort,mv,basis)	1	708322	97.8513
meegaan WW(pv,tgw,mv)	1	708323	97.8514
meefietsen WW(vd,vrij,zonder)	1	708324	97.8516
meefietsen WW(inf,vrij,zonder)	1	708325	97.8517
meeeten WW(inf,nom,zonder,zonder-n)	1	708326	97.8518
meeet WW(pv,tgw,ev)	1	708327	97.852
meeet N(soort,ev,basis,onz,stan)	1	708328	97.8521
meeemen WW(vd,vrij,zonder)	1	708329	97.8523
meeeet WW(pv,tgw,met-t)	1	708330	97.8524
meeeeer N(soort,ev,basis,onz,stan)	1	708331	97.8525
meeeee N(soort,ev,basis,onz,stan)	1	708332	97.8527
meedraaien WW(inf,vrij,zonder)	1	708333	97.8528
meedoorkomen WW(inf,vrij,zonder)	1	708334	97.8529
meedoey ADJ(prenom,basis,zonder)	1	708335	97.8531
meedoen WW(pv,tgw,mv)	1	708336	97.8532
meedenken WW(inf,vrij,zonder)	1	708337	97.8534
meebrullen WW(inf,nom,zonder,zonder-n)	1	708338	97.8535
meebrengun WW(inf,vrij,zonder)	1	708339	97.8536
meebrengn WW(inf,vrij,zonder)	1	708340	97.8538
meebrengn N(soort,mv,basis)	1	708341	97.8539
meebrengn BW()	1	708342	97.8541
meebrengen WW(vd,vrij,zonder)	1	708343	97.8542
meebrengen WW(pv,tgw,met-t)	1	708344	97.8543
meebrengen WW(pv,tgw,ev)	1	708345	97.8545
meebewegen WW(inf,nom,zonder,zonder-n)	1	708346	97.8546
meebetalen WW(inf,vrij,zonder)	1	708347	97.8547
meebakken WW(inf,vrij,zonder)	1	708348	97.8549
mee.x N(soort,ev,basis,zijd,stan)	1	708349	97.855
mee.t WW(pv,tgw,met-t)	1	708350	97.8552
mee-eten WW(vd,vrij,zonder)	1	708351	97.8553
medweb N(soort,ev,basis,zijd,stan)	1	708352	97.8554
mediterranen N(soort,mv,basis)	1	708353	97.8556
mediterraan VNW(bez,det,stan,vol,3,mv,prenom,zonder,agr)	1	708354	97.8557
mediterraan N(soort,ev,basis,onz,stan)	1	708355	97.8558
mediterraan ADJ(prenom,basis,met-e,stan)	1	708356	97.856
meditatie N(soort,ev,basis,zijd,stan)	1	708357	97.8561
medisoc N(soort,ev,basis,zijd,stan)	1	708358	97.8563
medisch ADJ(prenom,basis,zonder)	1	708359	97.8564
medina N(soort,ev,basis,zijd,stan)	1	708360	97.8565
mediklin N(soort,ev,basis,zijd,stan)	1	708361	97.8567
medicijnkast N(soort,ev,basis,zijd,stan)	1	708362	97.8568
medicijn N(soort,ev,basis,onz,stan)	1	708363	97.857
mediawet N(soort,ev,basis,zijd,stan)	1	708364	97.8571
medewerker N(soort,mv,basis)	1	708365	97.8572
medemblik N(soort,ev,basis,onz,stan)	1	708366	97.8574
medeflatbewoner N(soort,ev,basis,zijd,stan)	1	708367	97.8575
medeerasmusser N(soort,mv,basis)	1	708368	97.8576
mede BW()	1	708369	97.8578
medaille N(soort,mv,basis)	1	708370	97.8579
medaille N(soort,ev,basis,zijd,stan)	1	708371	97.8581
med N(soort,mv,basis)	1	708372	97.8582
mechwarrior N(soort,ev,basis,zijd,stan)	1	708373	97.8583
mechanisme N(soort,ev,basis,onz,stan)	1	708374	97.8585
mecano N(soort,ev,basis,zijd,stan)	1	708375	97.8586
mec N(soort,mv,basis)	1	708376	97.8587
meatballs SPEC(vreemd)	1	708377	97.8589
meal SPEC(vreemd)	1	708378	97.859
meal N(soort,mv,basis)	1	708379	97.8592
me.mn N(soort,mv,basis)	1	708380	97.8593
me-time N(soort,ev,basis,zijd,stan)	1	708381	97.8594
me-time N(soort,ev,basis,onz,stan)	1	708382	97.8596
me VNW(pers,pron,nomin,red,1,mv)	1	708383	97.8597
mdntyi SPEC(deeleigen)	1	708384	97.8599
mdma N(soort,ev,basis,onz,stan)	1	708385	97.86
mdf WW(od,prenom,met-e)	1	708386	97.8601
mden WW(pv,verl,ev)	1	708387	97.8603
mcdonalds N(soort,mv,basis)	1	708388	97.8604
mcdo SPEC(vreemd)	1	708389	97.8605
mc SPEC(afk)	1	708390	97.8607
mbt SPEC(afk)	1	708391	97.8608
mazzel N(soort,mv,basis)	1	708392	97.861
mayve SPEC(vreemd)	1	708393	97.8611
mayo SPEC(vreemd)	1	708394	97.8612
mayo N(soort,ev,basis,zijd,stan)	1	708395	97.8614
may SPEC(vreemd)	1	708396	97.8615
may N(soort,ev,basis,zijd,stan)	1	708397	97.8617
maximum N(soort,ev,basis,onz,stan)	1	708398	97.8618
maximaal ADJ(vrij,basis,zonder)	1	708399	97.8619
maximaal ADJ(prenom,basis,met-e,stan)	1	708400	97.8621
maxicosy N(soort,ev,basis,zijd,stan)	1	708401	97.8622
maxico N(soort,ev,basis,zijd,stan)	1	708402	97.8623
max ADJ(prenom,basis,zonder)	1	708403	97.8625
maw SPEC(deeleigen)	1	708404	97.8626
maw ADJ(vrij,basis,zonder)	1	708405	97.8628
mauz N(soort,mv,basis)	1	708406	97.8629
maurice N(soort,ev,basis,zijd,stan)	1	708407	97.863
maude N(soort,ev,basis,zijd,stan)	1	708408	97.8632
maud SPEC(vreemd)	1	708409	97.8633
matties SPEC(vreemd)	1	708410	97.8634
matthieus SPEC(vreemd)	1	708411	97.8636
matter SPEC(vreemd)	1	708412	97.8637
mats N(soort,ev,basis,zijd,stan)	1	708413	97.8639
matroos N(soort,ev,basis,zijd,stan)	1	708414	97.864
matrixx SPEC(vreemd)	1	708415	97.8641
matras N(soort,ev,basis,onz,stan)	1	708416	97.8643
matras N(soort,ev,basis,genus,stan)	1	708417	97.8644
matlab ADJ(vrij,basis,zonder)	1	708418	97.8646
matjesloos ADJ(vrij,basis,zonder)	1	708419	97.8647
mathematisch ADJ(prenom,basis,zonder)	1	708420	97.8648
materials SPEC(vreemd)	1	708421	97.865
mater N(soort,ev,basis,zijd,stan)	1	708422	97.8651
match N(soort,mv,basis)	1	708423	97.8652
match N(soort,ev,dim,onz,stan)	1	708424	97.8654
mat N(soort,mv,dim)	1	708425	97.8655
masturberen WW(inf,vrij,zonder)	1	708426	97.8657
masturberen WW(inf,nom,zonder,zonder-n)	1	708427	97.8658
masturbator SPEC(vreemd)	1	708428	97.8659
mastiek ADJ(vrij,basis,zonder)	1	708429	97.8661
mastervak N(soort,mv,basis)	1	708430	97.8662
masterproef WW(pv,verl,ev)	1	708431	97.8663
masterproef N(soort,ev,basis,onz,stan)	1	708432	97.8665
masterplan N(soort,ev,basis,onz,stan)	1	708433	97.8666
masteren WW(inf,nom,zonder,zonder-n)	1	708434	97.8668
mastercardrekening N(soort,ev,basis,zijd,stan)	1	708435	97.8669
mastercard N(soort,ev,basis,onz,stan)	1	708436	97.867
master SPEC(vreemd)	1	708437	97.8672
mast N(soort,ev,basis,zijd,stan)	1	708438	97.8673
masseren WW(vd,vrij,zonder)	1	708439	97.8675
masseren WW(inf,vrij,zonder)	1	708440	97.8676
massasprint N(soort,ev,basis,zijd,stan)	1	708441	97.8677
massamail N(soort,ev,dim,onz,stan)	1	708442	97.8679
massagraf N(soort,ev,basis,onz,stan)	1	708443	97.868
massageolie N(soort,ev,basis,zijd,stan)	1	708444	97.8681
massage N(soort,mv,basis)	1	708445	97.8683
massacantus N(soort,ev,basis,zijd,stan)	1	708446	97.8684
massaal ADJ(vrij,basis,zonder)	1	708447	97.8686
massa-sms N(soort,ev,basis,zijd,stan)	1	708448	97.8687
masr N(soort,ev,basis,zijd,stan)	1	708449	97.8688
maskesmachine N(soort,ev,basis,zijd,stan)	1	708450	97.869
masker N(soort,ev,basis,onz,stan)	1	708451	97.8691
masita N(soort,ev,basis,zijd,stan)	1	708452	97.8692
maserati N(soort,ev,basis,zijd,stan)	1	708453	97.8694
maruti SPEC(vreemd)	1	708454	97.8695
marty SPEC(vreemd)	1	708455	97.8697
marty N(soort,ev,basis,zijd,stan)	1	708456	97.8698
martinus N(soort,ev,basis,zijd,stan)	1	708457	97.8699
martino N(soort,ev,basis,zijd,stan)	1	708458	97.8701
martina SPEC(deeleigen)	1	708459	97.8702
martijn N(soort,mv,basis)	1	708460	97.8704
martha N(soort,ev,basis,zijd,stan)	1	708461	97.8705
martens SPEC(deeleigen)	1	708462	97.8706
martens N(soort,mv,basis)	1	708463	97.8708
marteltuig N(soort,mv,basis)	1	708464	97.8709
martelstoel N(soort,mv,dim)	1	708465	97.871
marry SPEC(vreemd)	1	708466	97.8712
married SPEC(vreemd)	1	708467	97.8713
marquee N(soort,ev,basis,zijd,stan)	1	708468	97.8715
marmoleum N(soort,ev,basis,onz,stan)	1	708469	97.8716
marmelade N(soort,ev,basis,zijd,stan)	1	708470	97.8717
marlou N(soort,ev,basis,onz,stan)	1	708471	97.8719
marloesmob N(soort,ev,basis,zijd,stan)	1	708472	97.872
marloes N(soort,ev,basis,onz,stan)	1	708473	97.8721
marlies N(soort,mv,basis)	1	708474	97.8723
marleneke N(soort,ev,dim,onz,stan)	1	708475	97.8724
marleen SPEC(vreemd)	1	708476	97.8726
marleen N(soort,mv,basis)	1	708477	97.8727
marlboro SPEC(vreemd)	1	708478	97.8728
marktzicht N(soort,ev,basis,zijd,stan)	1	708479	97.873
marktwaarde N(soort,ev,basis,zijd,stan)	1	708480	97.8731
marktrock N(soort,ev,basis,onz,stan)	1	708481	97.8733
markies N(soort,ev,basis,zijd,stan)	1	708482	97.8734
marketing N(soort,ev,basis,zijd,stan)	1	708483	97.8735
markers SPEC(vreemd)	1	708484	97.8737
marjo N(soort,ev,basis,zijd,stan)	1	708485	97.8738
marjan VZ(init)	1	708486	97.8739
marinetraffic N(soort,ev,basis,zijd,stan)	1	708487	97.8741
marineren WW(vd,prenom,met-e)	1	708488	97.8742
marimain SPEC(vreemd)	1	708489	97.8744
marimain N(soort,ev,basis,zijd,stan)	1	708490	97.8745
marimain ADJ(vrij,basis,zonder)	1	708491	97.8746
marikenloop N(soort,ev,basis,zijd,stan)	1	708492	97.8748
marik N(soort,ev,dim,onz,stan)	1	708493	97.8749
marijke ADJ(prenom,basis,met-e,stan)	1	708494	97.8751
marielle ADJ(prenom,basis,met-e,stan)	1	708495	97.8752
marieke N(soort,ev,dim,onz,stan)	1	708496	97.8753
marieke N(soort,ev,basis,zijd,stan)	1	708497	97.8755
mariek N(soort,ev,basis,zijd,stan)	1	708498	97.8756
marie-rose N(soort,ev,basis,zijd,stan)	1	708499	97.8757
marian SPEC(vreemd)	1	708500	97.8759
maria N(soort,ev,basis,zijd,stan)	1	708501	97.876
mari N(soort,ev,basis,zijd,stan)	1	708502	97.8762
margot SPEC(vreemd)	1	708503	97.8763
marginaliteit N(soort,ev,basis,zijd,stan)	1	708504	97.8764
marginal WW(pv,verl,ev)	1	708505	97.8766
marginaal ADJ(vrij,basis,zonder)	1	708506	97.8767
margi's N(soort,mv,basis)	1	708507	97.8768
margi WW(pv,tgw,ev)	1	708508	97.877
margi N(soort,ev,basis,dat)	1	708509	97.8771
margi ADJ(prenom,basis,met-e,stan)	1	708510	97.8773
marge N(soort,ev,basis,zijd,stan)	1	708511	97.8774
margan N(soort,ev,basis,zijd,stan)	1	708512	97.8775
marcos ADJ(vrij,basis,zonder)	1	708513	97.8777
marcoplein ADJ(vrij,basis,zonder)	1	708514	97.8778
marco SPEC(symb)	1	708515	97.878
marcheren WW(pv,verl,mv)	1	708516	97.8781
march N(soort,ev,basis,zijd,stan)	1	708517	97.8782
march ADJ(vrij,basis,zonder)	1	708518	97.8784
marbella N(soort,ev,basis,zijd,stan)	1	708519	97.8785
marathonexamen WW(inf,vrij,zonder)	1	708520	97.8786
marald WW(vd,vrij,zonder)	1	708521	97.8788
map N(soort,mv,dim)	1	708522	97.8789
maor N(soort,ev,basis,zijd,stan)	1	708523	97.8791
manvrouw N(soort,ev,dim,onz,stan)	1	708524	97.8792
manuscript N(soort,mv,basis)	1	708525	97.8793
manure ADJ(prenom,basis,met-e,stan)	1	708526	97.8795
manuel WW(pv,verl,ev)	1	708527	97.8796
manual ADJ(vrij,basis,zonder)	1	708528	97.8797
manteca N(soort,ev,basis,zijd,stan)	1	708529	97.8799
manskerel N(soort,mv,basis)	1	708530	97.88
manskerel N(soort,ev,basis,zijd,stan)	1	708531	97.8802
mansionstraat WW(pv,tgw,met-t)	1	708532	97.8803
mannenzaak N(soort,mv,basis)	1	708533	97.8804
mannenweekend WW(od,prenom,zonder)	1	708534	97.8806
mannennaam N(soort,ev,basis,zijd,stan)	1	708535	97.8807
mannenjacht N(soort,ev,basis,zijd,stan)	1	708536	97.8809
mannelijkheid N(soort,ev,basis,zijd,stan)	1	708537	97.881
mannelijk ADJ(prenom,basis,met-e,stan)	1	708538	97.8811
manne N(soort,ev,basis,zijd,stan)	1	708539	97.8813
mann's N(soort,mv,basis)	1	708540	97.8814
manmanman SPEC(vreemd)	1	708541	97.8815
mankmank N(soort,ev,basis,onz,stan)	1	708542	97.8817
mankeren WW(pv,tgw,ev)	1	708543	97.8818
mankeren WW(inf,vrij,zonder)	1	708544	97.882
manken WW(pv,tgw,met-t)	1	708545	97.8821
manja N(soort,ev,basis,zijd,stan)	1	708546	97.8822
manita N(soort,ev,basis,zijd,stan)	1	708547	97.8824
manisch ADJ(vrij,basis,zonder)	1	708548	97.8825
manis N(soort,ev,basis,zijd,stan)	1	708549	97.8826
manipulatief ADJ(nom,basis,zonder,zonder-n)	1	708550	97.8828
maniacs ADJ(vrij,basis,zonder)	1	708551	97.8829
manhattan N(soort,ev,basis,onz,stan)	1	708552	97.8831
manege N(soort,ev,basis,zijd,stan)	1	708553	97.8832
mandarijn N(soort,mv,basis)	1	708554	97.8833
mandarijn N(soort,ev,basis,zijd,stan)	1	708555	97.8835
manchet N(soort,ev,basis,zijd,stan)	1	708556	97.8836
mananger N(soort,ev,basis,zijd,stan)	1	708557	97.8838
managen WW(inf,vrij,zonder)	1	708558	97.8839
management SPEC(vreemd)	1	708559	97.884
manacor N(soort,ev,basis,zijd,stan)	1	708560	97.8842
mammmie N(soort,ev,basis,zijd,stan)	1	708561	97.8843
mammesel N(soort,ev,dim,onz,stan)	1	708562	97.8844
mamma N(soort,ev,basis,zijd,stan)	1	708563	97.8846
mamastress N(soort,mv,basis)	1	708564	97.8847
mamaguus N(soort,ev,basis,zijd,stan)	1	708565	97.8849
mama SPEC(vreemd)	1	708566	97.885
mama N(soort,ev,dim,onz,stan)	1	708567	97.8851
mama N(soort,ev,basis,gen)	1	708568	97.8853
maltesers N(soort,mv,basis)	1	708569	97.8854
malsjans N(soort,mv,basis)	1	708570	97.8855
malou N(soort,ev,basis,onz,stan)	1	708571	97.8857
malloot N(soort,mv,basis)	1	708572	97.8858
male SPEC(vreemd)	1	708573	97.886
malderen WW(inf,nom,zonder,zonder-n)	1	708574	97.8861
malad N(soort,ev,basis,onz,stan)	1	708575	97.8862
makro N(soort,ev,basis,zijd,stan)	1	708576	97.8864
makreel N(soort,ev,basis,zijd,stan)	1	708577	97.8865
makkie N(soort,ev,basis,onz,stan)	1	708578	97.8867
makker SPEC(vreemd)	1	708579	97.8868
makkelijk ADJ(vrij,sup,zonder)	1	708580	97.8869
makkelijk ADJ(prenom,basis,met-e,stan)	1	708581	97.8871
makkelijk ADJ(nom,sup,zonder,zonder-n)	1	708582	97.8872
makkelijk ADJ(nom,sup,met-e,zonder-n,stan)	1	708583	97.8873
maker SPEC(vreemd)	1	708584	97.8875
maker N(soort,ev,basis,zijd,stan)	1	708585	97.8876
makenxd N(soort,ev,basis,onz,stan)	1	708586	97.8878
makelaarspost WW(vd,vrij,zonder)	1	708587	97.8879
mak N(soort,mv,dim)	1	708588	97.888
mak ADJ(vrij,basis,zonder)	1	708589	97.8882
maja SPEC(deeleigen)	1	708590	97.8883
maiya N(soort,ev,basis,zijd,stan)	1	708591	97.8885
maison SPEC(vreemd)	1	708592	97.8886
maison N(soort,ev,basis,zijd,stan)	1	708593	97.8887
maire SPEC(vreemd)	1	708594	97.8889
mainly SPEC(vreemd)	1	708595	97.889
mailserver N(soort,ev,basis,zijd,stan)	1	708596	97.8891
mailformulier N(soort,ev,basis,onz,stan)	1	708597	97.8893
mailed SPEC(deeleigen)	1	708598	97.8894
maile ADJ(prenom,basis,met-e,stan)	1	708599	97.8896
mailapp N(soort,ev,basis,zijd,stan)	1	708600	97.8897
maid SPEC(vreemd)	1	708601	97.8898
mah BW()	1	708602	97.89
magnum ADJ(vrij,basis,zonder)	1	708603	97.8901
magnificus N(soort,ev,basis,zijd,stan)	1	708604	97.8902
magnetron N(soort,ev,dim,onz,stan)	1	708605	97.8904
magnesium N(soort,ev,basis,onz,stan)	1	708606	97.8905
magneet N(soort,mv,dim)	1	708607	97.8907
magneet N(soort,ev,basis,onz,stan)	1	708608	97.8908
magnat WW(pv,tgw,met-t)	1	708609	97.8909
magnat N(soort,ev,basis,zijd,stan)	1	708610	97.8911
magk WW(pv,tgw,met-t)	1	708611	97.8912
magk SPEC(vreemd)	1	708612	97.8914
magistraal ADJ(vrij,basis,zonder)	1	708613	97.8915
magica N(soort,ev,basis,zijd,stan)	1	708614	97.8916
magic SPEC(vreemd)	1	708615	97.8918
maggek N(soort,ev,basis,zijd,stan)	1	708616	97.8919
maggek ADJ(vrij,comp,zonder)	1	708617	97.892
mager ADJ(vrij,basis,zonder)	1	708618	97.8922
mager ADJ(prenom,basis,zonder)	1	708619	97.8923
mager ADJ(prenom,basis,met-e,stan)	1	708620	97.8925
magdalenastraat N(soort,ev,basis,onz,stan)	1	708621	97.8926
magazine SPEC(vreemd)	1	708622	97.8927
magazijn N(soort,ev,basis,onz,stan)	1	708623	97.8929
magali N(soort,ev,basis,zijd,stan)	1	708624	97.893
mafiafilm WW(pv,tgw,met-t)	1	708625	97.8931
maf ADJ(vrij,basis,zonder)	1	708626	97.8933
maf ADJ(prenom,basis,zonder)	1	708627	97.8934
maes N(soort,mv,basis)	1	708628	97.8936
maemo N(soort,ev,basis,onz,stan)	1	708629	97.8937
madrid N(soort,ev,basis,zijd,stan)	1	708630	97.8938
madonna N(soort,ev,basis,zijd,stan)	1	708631	97.894
madness SPEC(vreemd)	1	708632	97.8941
madelief N(soort,ev,basis,zijd,stan)	1	708633	97.8943
maddij N(soort,ev,basis,zijd,stan)	1	708634	97.8944
madball N(soort,ev,basis,zijd,stan)	1	708635	97.8945
macrumor N(soort,mv,basis)	1	708636	97.8947
macho N(soort,ev,basis,zijd,stan)	1	708637	97.8948
machinekamer N(soort,ev,basis,zijd,stan)	1	708638	97.8949
machien N(soort,ev,dim,onz,stan)	1	708639	97.8951
machiavelli N(soort,ev,basis,zijd,stan)	1	708640	97.8952
machelen N(soort,mv,basis)	1	708641	97.8954
maccen N(soort,mv,basis)	1	708642	97.8955
macca N(soort,ev,basis,zijd,stan)	1	708643	97.8956
macbook WW(pv,verl,ev)	1	708644	97.8958
macbook N(soort,ev,basis,zijd,stan)	1	708645	97.8959
maatwerk N(soort,ev,basis,onz,stan)	1	708646	97.896
maatpak N(soort,ev,basis,onz,stan)	1	708647	97.8962
maatje+ N(soort,ev,basis,zijd,stan)	1	708648	97.8963
maat N(soort,ev,basis,dat)	1	708649	97.8965
maastricht WW(vd,vrij,zonder)	1	708650	97.8966
maasmechelen N(soort,mv,basis)	1	708651	97.8967
maarxd N(soort,ev,basis,zijd,stan)	1	708652	97.8969
maarten WW(vd,vrij,zonder)	1	708653	97.897
maarten WW(inf,vrij,zonder)	1	708654	97.8972
maarseveenseplas N(soort,mv,basis)	1	708655	97.8973
maarrrrr WW(pv,tgw,ev)	1	708656	97.8974
maarrr WW(pv,tgw,ev)	1	708657	97.8976
maarliefst N(soort,ev,basis,zijd,stan)	1	708658	97.8977
maargoed SPEC(deeleigen)	1	708659	97.8978
maareh WW(inf,vrij,zonder)	1	708660	97.898
maar N(soort,ev,basis,zijd,stan)	1	708661	97.8981
maanlicht N(soort,ev,basis,onz,stan)	1	708662	97.8983
maandverband ADJ(vrij,basis,zonder)	1	708663	97.8984
maandelijks ADJ(vrij,basis,zonder)	1	708664	97.8985
maandelijks ADJ(prenom,basis,met-e,stan)	1	708665	97.8987
maandagen SPEC(deeleigen)	1	708666	97.8988
maandagavond BW()	1	708667	97.8989
maandagavn WW(od,vrij,zonder)	1	708668	97.8991
maandagavn WW(od,prenom,zonder)	1	708669	97.8992
maand N(soort,ev,dim,onz,stan)	1	708670	97.8994
maaltijdsalade WW(pv,verl,ev)	1	708671	97.8995
maaltijdblokje N(soort,ev,dim,onz,stan)	1	708672	97.8996
maaltijd N(soort,mv,basis)	1	708673	97.8998
maalciep N(soort,ev,basis,zijd,stan)	1	708674	97.8999
maalcie-praese N(soort,mv,basis)	1	708675	97.9001
maakn WW(inf,vrij,zonder)	1	708676	97.9002
maaike WW(inf,vrij,zonder)	1	708677	97.9003
maaien WW(pv,tgw,ev)	1	708678	97.9005
maaien WW(inf,vrij,zonder)	1	708679	97.9006
maai N(soort,ev,dim,onz,stan)	1	708680	97.9007
maagpijn N(soort,ev,basis,zijd,stan)	1	708681	97.9009
maagd N(soort,ev,basis,zijd,stan)	1	708682	97.901
maag N(soort,mv,dim)	1	708683	97.9012
maaaarrrrr ADJ(prenom,comp,zonder)	1	708684	97.9013
maaaarik N(soort,ev,basis,onz,stan)	1	708685	97.9014
maaaaa N(soort,ev,dim,onz,stan)	1	708686	97.9016
ma WW(pv,tgw,ev)	1	708687	97.9017
ma N(soort,ev,basis,onz,stan)	1	708688	97.9019
m-feest N(soort,ev,basis,onz,stan)	1	708689	97.902
lÃªÃªght N(soort,mv,basis)	1	708690	97.9021
lzit N(soort,ev,basis,zijd,stan)	1	708691	97.9023
lysanne N(soort,ev,basis,zijd,stan)	1	708692	97.9024
lyriek N(soort,ev,basis,zijd,stan)	1	708693	97.9025
lynneke N(soort,ev,dim,onz,stan)	1	708694	97.9027
lyn N(soort,mv,basis)	1	708695	97.9028
lykt WW(vd,vrij,zonder)	1	708696	97.903
lyk WW(pv,tgw,ev)	1	708697	97.9031
lyk N(soort,ev,basis,zijd,stan)	1	708698	97.9032
lyk N(soort,ev,basis,onz,stan)	1	708699	97.9034
lyd N(soort,ev,basis,onz,stan)	1	708700	97.9035
ly SPEC(vreemd)	1	708701	97.9036
luze N(soort,ev,basis,zijd,stan)	1	708702	97.9038
luxeprobleem N(soort,ev,basis,onz,stan)	1	708703	97.9039
luxen WW(pv,tgw,ev)	1	708704	97.9041
luxemburg SPEC(deeleigen)	1	708705	97.9042
luv N(soort,mv,basis)	1	708706	97.9043
lustrumreis N(soort,ev,basis,zijd,stan)	1	708707	97.9045
lustrumpoule N(soort,ev,basis,zijd,stan)	1	708708	97.9046
lustrumposter N(soort,ev,basis,zijd,stan)	1	708709	97.9048
lustrum N(soort,ev,basis,onz,stan)	1	708710	97.9049
lusten WW(pv,tgw,mv)	1	708711	97.905
lusten WW(inf,vrij,zonder)	1	708712	97.9052
lust WW(pv,verl,met-t)	1	708713	97.9053
lust N(soort,ev,basis,zijd,stan)	1	708714	97.9054
lurken WW(inf,vrij,zonder)	1	708715	97.9056
lunn BW()	1	708716	97.9057
lungo SPEC(vreemd)	1	708717	97.9059
lungo N(soort,ev,basis,zijd,stan)	1	708718	97.906
lungo N(soort,ev,basis,onz,stan)	1	708719	97.9061
lunetten WW(vd,vrij,zonder)	1	708720	97.9063
lunchtoestand WW(vd,vrij,zonder)	1	708721	97.9064
lunchspot N(soort,ev,basis,zijd,stan)	1	708722	97.9065
lunchruimte N(soort,ev,basis,zijd,stan)	1	708723	97.9067
lunchpakket N(soort,ev,basis,zijd,stan)	1	708724	97.9068
lunchpakket N(soort,ev,basis,onz,stan)	1	708725	97.907
lunchen WW(pv,tgw,met-t)	1	708726	97.9071
lunchen WW(inf,nom,zonder,zonder-n)	1	708727	97.9072
lunchdate N(soort,ev,basis,zijd,stan)	1	708728	97.9074
lunchdaat N(soort,mv,basis)	1	708729	97.9075
lunchafspraak N(soort,ev,basis,zijd,stan)	1	708730	97.9077
lulverhaal N(soort,ev,basis,onz,stan)	1	708731	97.9078
lullo N(soort,mv,basis)	1	708732	97.9079
lullie N(soort,ev,basis,zijd,stan)	1	708733	97.9081
lullen WW(pv,tgw,met-t)	1	708734	97.9082
lullen WW(pv,tgw,ev)	1	708735	97.9083
lukkn WW(inf,vrij,zonder)	1	708736	97.9085
lukkn N(soort,mv,basis)	1	708737	97.9086
lukkn N(soort,ev,basis,zijd,stan)	1	708738	97.9088
lukkenxd N(soort,ev,basis,zijd,stan)	1	708739	97.9089
lukk WW(vd,vrij,zonder)	1	708740	97.909
lukaku WW(pv,tgw,met-t)	1	708741	97.9092
lujkkn N(soort,mv,basis)	1	708742	97.9093
luizenjaar N(soort,ev,dim,onz,stan)	1	708743	97.9094
luisterplezier N(soort,ev,basis,onz,stan)	1	708744	97.9096
luisteren WW(pv,verl,mv)	1	708745	97.9097
luisteren WW(pv,verl,ev)	1	708746	97.9099
luisteren WW(od,prenom,zonder)	1	708747	97.91
luisteren WW(inf,nom,zonder,zonder-n)	1	708748	97.9101
luisterden WW(vd,vrij,zonder)	1	708749	97.9103
luisterboek N(soort,ev,basis,onz,stan)	1	708750	97.9104
luis N(soort,ev,basis,zijd,stan)	1	708751	97.9106
luipaardprint N(soort,ev,basis,zijd,stan)	1	708752	97.9107
luipaardje N(soort,ev,dim,onz,stan)	1	708753	97.9108
luiheid N(soort,ev,basis,zijd,stan)	1	708754	97.911
luierik N(soort,ev,dim,onz,stan)	1	708755	97.9111
luier N(soort,ev,basis,zijd,stan)	1	708756	97.9112
luiemensenstudie N(soort,ev,basis,zijd,stan)	1	708757	97.9114
luidruchtig ADJ(prenom,basis,zonder)	1	708758	97.9115
luidruchtig ADJ(prenom,basis,met-e,stan)	1	708759	97.9117
luiden WW(pv,tgw,met-t)	1	708760	97.9118
luiaards N(soort,ev,basis,zijd,stan)	1	708761	97.9119
luiaard N(soort,mv,basis)	1	708762	97.9121
lui ADJ(prenom,basis,zonder)	1	708763	97.9122
luf N(soort,ev,basis,onz,stan)	1	708764	97.9123
ludo SPEC(deeleigen)	1	708765	97.9125
ludden N(soort,mv,basis)	1	708766	97.9126
lud WW(vd,vrij,zonder)	1	708767	97.9128
luchtuitlaat N(soort,ev,basis,zijd,stan)	1	708768	97.9129
luchtmatras N(soort,ev,dim,onz,stan)	1	708769	97.913
luchtmatras N(soort,ev,basis,onz,stan)	1	708770	97.9132
luchtmatras N(soort,ev,basis,genus,stan)	1	708771	97.9133
luchthaven N(soort,mv,basis)	1	708772	97.9135
luchtfilter N(soort,ev,basis,zijd,stan)	1	708773	97.9136
luchten WW(inf,vrij,zonder)	1	708774	97.9137
luchtbed+slaapzak N(soort,ev,basis,zijd,stan)	1	708775	97.9139
luchtbed N(soort,ev,dim,onz,stan)	1	708776	97.914
luchtbal N(soort,ev,basis,zijd,stan)	1	708777	97.9141
luchen WW(inf,vrij,zonder)	1	708778	97.9143
luchen N(soort,mv,basis)	1	708779	97.9144
lucas ADJ(vrij,basis,zonder)	1	708780	97.9146
luc N(soort,ev,basis,zijd,stan)	1	708781	97.9147
luc N(soort,ev,basis,onz,stan)	1	708782	97.9148
luc ADJ(vrij,basis,zonder)	1	708783	97.915
lubach ADJ(vrij,basis,zonder)	1	708784	97.9151
luap N(soort,ev,basis,zijd,stan)	1	708785	97.9153
lsd N(soort,ev,basis,onz,stan)	1	708786	97.9154
lp N(soort,ev,basis,zijd,stan)	1	708787	97.9155
lozer N(soort,ev,basis,zijd,stan)	1	708788	97.9157
lowlans ADJ(vrij,basis,zonder)	1	708789	97.9158
lowlandskaart N(soort,mv,dim)	1	708790	97.9159
lowlands.nl SPEC(symb)	1	708791	97.9161
lower SPEC(vreemd)	1	708792	97.9162
lower N(soort,ev,basis,zijd,stan)	1	708793	97.9164
low-kollie N(soort,ev,basis,onz,stan)	1	708794	97.9165
lovjoetoe BW()	1	708795	97.9166
loveyou SPEC(symb)	1	708796	97.9168
loveyou N(soort,ev,basis,onz,stan)	1	708797	97.9169
loves N(soort,mv,basis)	1	708798	97.917
loverboy SPEC(vreemd)	1	708799	97.9172
loven WW(od,prenom,met-e)	1	708800	97.9173
lovellly SPEC(vreemd)	1	708801	97.9175
lovejoe ADJ(prenom,basis,met-e,stan)	1	708802	97.9176
lovechock N(soort,ev,basis,zijd,stan)	1	708803	97.9177
lovechild SPEC(vreemd)	1	708804	97.9179
lovebird SPEC(vreemd)	1	708805	97.918
love SPEC(deeleigen)	1	708806	97.9182
lovah N(soort,ev,basis,zijd,stan)	1	708807	97.9183
louter ADJ(vrij,basis,zonder)	1	708808	97.9184
lous ADJ(vrij,basis,zonder)	1	708809	97.9186
lounge N(soort,ev,basis,zijd,stan)	1	708810	97.9187
lounche ADJ(prenom,basis,met-e,stan)	1	708811	97.9188
louise SPEC(vreemd)	1	708812	97.919
louise N(soort,ev,basis,zijd,stan)	1	708813	97.9191
louis VZ(init)	1	708814	97.9193
louis N(soort,ev,basis,onz,stan)	1	708815	97.9194
louder SPEC(vreemd)	1	708816	97.9195
loud SPEC(vreemd)	1	708817	97.9197
lotus N(soort,ev,basis,zijd,stan)	1	708818	97.9198
lottie N(soort,ev,basis,zijd,stan)	1	708819	97.9199
lotte WW(vd,prenom,met-e)	1	708820	97.9201
lotingsprogramma N(soort,ev,basis,onz,stan)	1	708821	97.9202
lotgenoot N(soort,ev,basis,zijd,stan)	1	708822	97.9204
loterijticket N(soort,mv,basis)	1	708823	97.9205
loszone N(soort,ev,basis,zijd,stan)	1	708824	97.9206
lossen WW(vd,vrij,zonder)	1	708825	97.9208
lossen WW(pv,tgw,mv)	1	708826	97.9209
lossen WW(pv,tgw,ev)	1	708827	97.9211
losmaken WW(inf,vrij,zonder)	1	708828	97.9212
loslopen WW(pv,tgw,mv)	1	708829	97.9213
loskoppeling N(soort,ev,basis,zijd,stan)	1	708830	97.9215
loskatchubottos N(soort,ev,basis,zijd,stan)	1	708831	97.9216
loshalen WW(inf,vrij,zonder)	1	708832	97.9217
losgepraat WW(pv,tgw,met-t)	1	708833	97.9219
losgaan N(soort,ev,basis,zijd,stan)	1	708834	97.922
losgaan BW()	1	708835	97.9222
loser N(soort,mv,basis)	1	708836	97.9223
los-stand N(soort,ev,basis,zijd,stan)	1	708837	97.9224
los ADJ(vrij,comp,zonder)	1	708838	97.9226
lorreinendreef N(soort,ev,basis,zijd,stan)	1	708839	97.9227
lorenzo N(soort,ev,basis,zijd,stan)	1	708840	97.9228
lore N(soort,ev,basis,zijd,stan)	1	708841	97.923
loratadine N(soort,ev,basis,zijd,stan)	1	708842	97.9231
lopen WW(pv,verl,mv)	1	708843	97.9233
lop ADJ(vrij,basis,zonder)	1	708844	97.9234
loopze ADJ(vrij,basis,zonder)	1	708845	97.9235
loopbaanbegeleiding N(soort,ev,basis,zijd,stan)	1	708846	97.9237
loopbaanbegeleider N(soort,ev,basis,zijd,stan)	1	708847	97.9238
loopbaanadvies N(soort,mv,basis)	1	708848	97.924
looooos ADJ(vrij,basis,zonder)	1	708849	97.9241
loooooossssseeeerrrrr N(soort,ev,basis,zijd,stan)	1	708850	97.9242
loonstrook N(soort,ev,basis,zijd,stan)	1	708851	97.9244
loones N(soort,mv,basis)	1	708852	97.9245
loon N(soort,ev,basis,onz,stan)	1	708853	97.9246
looken WW(pv,verl,mv)	1	708854	97.9248
looked SPEC(vreemd)	1	708855	97.9249
lookbrood N(soort,mv,dim)	1	708856	97.9251
look-a-like SPEC(vreemd)	1	708857	97.9252
look N(soort,mv,basis)	1	708858	97.9253
looi N(soort,ev,basis,zijd,stan)	1	708859	97.9255
loodsen WW(inf,vrij,zonder)	1	708860	97.9256
loodgieter N(soort,ev,basis,zijd,stan)	1	708861	97.9257
lonneke SPEC(vreemd)	1	708862	97.9259
lonktvoor N(soort,ev,basis,zijd,stan)	1	708863	97.926
longslagader N(soort,ev,basis,zijd,stan)	1	708864	97.9262
longontsteking N(soort,ev,basis,zijd,stan)	1	708865	97.9263
longkanker N(soort,ev,basis,zijd,stan)	1	708866	97.9264
longembolie N(soort,ev,basis,zijd,stan)	1	708867	97.9266
longarts N(soort,ev,basis,zijd,stan)	1	708868	97.9267
long N(soort,mv,basis)	1	708869	97.9269
lonesome SPEC(vreemd)	1	708870	97.927
lonellen WW(pv,tgw,met-t)	1	708871	97.9271
london WW(vd,vrij,zonder)	1	708872	97.9273
london SPEC(vreemd)	1	708873	97.9274
londerzeel WW(pv,tgw,ev)	1	708874	97.9275
londen WW(pv,verl,mv)	1	708875	97.9277
lon N(soort,ev,dim,onz,stan)	1	708876	97.9278
lon N(soort,ev,basis,zijd,stan)	1	708877	97.928
lomp N(soort,mv,basis)	1	708878	97.9281
lomp ADJ(vrij,basis,zonder)	1	708879	97.9282
lomp ADJ(prenom,basis,zonder)	1	708880	97.9284
lolwut SPEC(deeleigen)	1	708881	97.9285
lolwut N(soort,ev,basis,onz,stan)	1	708882	97.9287
lolotte N(soort,ev,basis,zijd,stan)	1	708883	97.9288
lollyke SPEC(vreemd)	1	708884	97.9289
lolly N(soort,ev,basis,zijd,stan)	1	708885	97.9291
lollipop N(soort,ev,basis,zijd,stan)	1	708886	97.9292
lollekijn N(soort,ev,basis,zijd,stan)	1	708887	97.9293
lolita N(soort,ev,basis,zijd,stan)	1	708888	97.9295
lolipop N(soort,ev,basis,zijd,stan)	1	708889	97.9296
lolalifelines.be SPEC(symb)	1	708890	97.9298
lol BW()	1	708891	97.9299
loko SPEC(vreemd)	1	708892	97.93
lokker N(soort,ev,basis,zijd,stan)	1	708893	97.9302
lokken WW(pv,tgw,met-t)	1	708894	97.9303
lokerse ADJ(nom,basis,met-e,zonder-n,stan)	1	708895	97.9304
lokeren WW(inf,nom,zonder,zonder-n)	1	708896	97.9306
lokaal N(soort,mv,basis)	1	708897	97.9307
lok N(soort,ev,basis,zijd,stan)	1	708898	97.9309
logs N(soort,mv,basis)	1	708899	97.931
logopediste N(soort,ev,basis,zijd,stan)	1	708900	97.9311
logopedist N(soort,ev,dim,onz,stan)	1	708901	97.9313
logopedist N(soort,ev,basis,zijd,stan)	1	708902	97.9314
logopedie N(soort,ev,basis,zijd,stan)	1	708903	97.9316
logistiek ADJ(prenom,basis,met-e,stan)	1	708904	97.9317
logisch ADJ(vrij,comp,zonder)	1	708905	97.9318
logisch ADJ(prenom,basis,met-e,stan)	1	708906	97.932
logingegeven N(soort,mv,basis)	1	708907	97.9321
login BW()	1	708908	97.9322
logica N(soort,ev,basis,zijd,stan)	1	708909	97.9324
logghes N(soort,mv,basis)	1	708910	97.9325
loggen WW(pv,tgw,ev)	1	708911	97.9327
logement N(soort,ev,basis,onz,stan)	1	708912	97.9328
logee N(soort,mv,basis)	1	708913	97.9329
logboek N(soort,ev,basis,onz,stan)	1	708914	97.9331
log N(soort,mv,dim)	1	708915	97.9332
lofjoe SPEC(vreemd)	1	708916	97.9333
lofjoe N(soort,ev,basis,zijd,stan)	1	708917	97.9335
loeske N(soort,ev,dim,onz,stan)	1	708918	97.9336
loer N(soort,ev,basis,zijd,stan)	1	708919	97.9338
loempiasaus N(soort,mv,basis)	1	708920	97.9339
loempia N(soort,ev,basis,zijd,stan)	1	708921	97.934
loem N(soort,ev,basis,zijd,stan)	1	708922	97.9342
loeken WW(inf,vrij,zonder)	1	708923	97.9343
lodewijkscollege ADJ(prenom,basis,met-e,stan)	1	708924	97.9345
lodewijker N(soort,ev,basis,zijd,stan)	1	708925	97.9346
locarion SPEC(vreemd)	1	708926	97.9347
locals N(soort,mv,basis)	1	708927	97.9349
localhost SPEC(vreemd)	1	708928	97.935
loca N(soort,ev,basis,zijd,stan)	1	708929	97.9351
lobben WW(pv,tgw,met-t)	1	708930	97.9353
loads SPEC(vreemd)	1	708931	97.9354
loaden SPEC(vreemd)	1	708932	97.9356
load SPEC(vreemd)	1	708933	97.9357
loa N(soort,ev,basis,zijd,stan)	1	708934	97.9358
lo SPEC(symb)	1	708935	97.936
lo SPEC(deeleigen)	1	708936	97.9361
lo N(soort,ev,basis,zijd,stan)	1	708937	97.9362
lmijn N(soort,ev,basis,zijd,stan)	1	708938	97.9364
llrsk WW(pv,tgw,ev)	1	708939	97.9365
llllunch N(soort,mv,basis)	1	708940	97.9367
llllekker N(soort,ev,basis,zijd,stan)	1	708941	97.9368
llaat N(soort,mv,basis)	1	708942	97.9369
ll. SPEC(afk)	1	708943	97.9371
ll N(soort,mv,basis)	1	708944	97.9372
lk N(soort,ev,basis,onz,stan)	1	708945	97.9374
lizzy SPEC(deeleigen)	1	708946	97.9375
liza N(soort,ev,basis,zijd,stan)	1	708947	97.9376
livestream N(soort,ev,basis,zijd,stan)	1	708948	97.9378
liverpool N(soort,ev,basis,zijd,stan)	1	708949	97.9379
livemuziek N(soort,ev,basis,zijd,stan)	1	708950	97.938
lived SPEC(vreemd)	1	708951	97.9382
literatuurgeschiedenis N(soort,ev,basis,zijd,stan)	1	708952	97.9383
literatuurding N(soort,ev,basis,zijd,stan)	1	708953	97.9385
literally SPEC(deeleigen)	1	708954	97.9386
liter SPEC(vreemd)	1	708955	97.9387
listigaard WW(vd,vrij,zonder)	1	708956	97.9389
listens SPEC(vreemd)	1	708957	97.939
lista SPEC(vreemd)	1	708958	97.9391
list SPEC(vreemd)	1	708959	97.9393
liset N(soort,ev,dim,onz,stan)	1	708960	97.9394
liset ADJ(vrij,basis,zonder)	1	708961	97.9396
lisan N(soort,ev,basis,zijd,stan)	1	708962	97.9397
lis N(soort,ev,dim,onz,stan)	1	708963	97.9398
lis N(soort,ev,basis,zijd,stan)	1	708964	97.94
liquid SPEC(vreemd)	1	708965	97.9401
lipstick N(soort,ev,basis,zijd,stan)	1	708966	97.9403
lip N(soort,ev,basis,zijd,stan)	1	708967	97.9404
lionking N(soort,ev,basis,zijd,stan)	1	708968	97.9405
lion SPEC(deeleigen)	1	708969	97.9407
lintworm N(soort,ev,basis,zijd,stan)	1	708970	97.9408
lint N(soort,mv,dim)	1	708971	97.9409
lint N(soort,ev,dim,onz,stan)	1	708972	97.9411
lint N(soort,ev,basis,onz,stan)	1	708973	97.9412
lino N(soort,ev,basis,zijd,stan)	1	708974	97.9414
linn SPEC(vreemd)	1	708975	97.9415
linksvoor N(soort,ev,basis,zijd,stan)	1	708976	97.9416
linksboven BW()	1	708977	97.9418
links ADJ(prenom,basis,met-e,stan)	1	708978	97.9419
linkerpoot N(soort,ev,basis,zijd,stan)	1	708979	97.9421
linkeroor N(soort,ev,basis,onz,stan)	1	708980	97.9422
linkerhelling N(soort,ev,basis,zijd,stan)	1	708981	97.9423
linkerachterkant N(soort,ev,basis,zijd,stan)	1	708982	97.9425
linked-in N(soort,mv,basis)	1	708983	97.9426
link N(soort,mv,basis)	1	708984	97.9427
link N(soort,ev,dim,onz,stan)	1	708985	97.9429
lingerie N(soort,ev,basis,zijd,stan)	1	708986	97.943
lingen ADJ(prenom,comp,zonder)	1	708987	97.9432
lindenlaan N(soort,ev,basis,zijd,stan)	1	708988	97.9433
linda N(soort,ev,basis,zijd,stan)	1	708989	97.9434
lin N(soort,ev,basis,zijd,stan)	1	708990	97.9436
limonadesiroop N(soort,ev,basis,zijd,stan)	1	708991	97.9437
limmerick N(soort,ev,basis,zijd,stan)	1	708992	97.9438
limits SPEC(vreemd)	1	708993	97.944
limitless SPEC(vreemd)	1	708994	97.9441
limitless N(soort,ev,basis,zijd,stan)	1	708995	97.9443
limerick N(soort,ev,basis,zijd,stan)	1	708996	97.9444
limburgse N(soort,ev,basis,zijd,stan)	1	708997	97.9445
limburgs ADJ(prenom,basis,met-e,stan)	1	708998	97.9447
limburg SPEC(symb)	1	708999	97.9448
limbo-express N(soort,ev,basis,zijd,stan)	1	709000	97.945
limbo N(soort,ev,basis,zijd,stan)	1	709001	97.9451
lille ADJ(prenom,basis,met-e,stan)	1	709002	97.9452
liliane N(soort,ev,basis,zijd,stan)	1	709003	97.9454
liladhar N(soort,ev,basis,zijd,stan)	1	709004	97.9455
likken WW(inf,vrij,zonder)	1	709005	97.9456
likey SPEC(vreemd)	1	709006	97.9458
likey N(soort,ev,basis,zijd,stan)	1	709007	97.9459
likewise N(soort,ev,basis,zijd,stan)	1	709008	97.9461
likes SPEC(vreemd)	1	709009	97.9462
likes N(soort,mv,dim)	1	709010	97.9463
lik N(soort,mv,basis)	1	709011	97.9465
lijsttrekker N(soort,ev,basis,zijd,stan)	1	709012	97.9466
lijstnummer N(soort,ev,basis,onz,stan)	1	709013	97.9467
lijst N(soort,mv,dim)	1	709014	97.9469
lijntaak N(soort,mv,basis)	1	709015	97.947
lijmbeekstr N(soort,ev,basis,zijd,stan)	1	709016	97.9472
lijken WW(pv,verl,mv)	1	709017	97.9473
lijk N(soort,mv,basis)	1	709018	97.9474
lijk N(soort,ev,basis,onz,stan)	1	709019	97.9476
lijfsbehoud N(soort,ev,basis,onz,stan)	1	709020	97.9477
liist N(soort,ev,basis,zijd,stan)	1	709021	97.9479
liiiiiiieeeffff N(soort,ev,dim,onz,stan)	1	709022	97.948
liift N(soort,ev,basis,zijd,stan)	1	709023	97.9481
lighter SPEC(vreemd)	1	709024	97.9483
liggn SPEC(vreemd)	1	709025	97.9484
liggn N(soort,mv,basis)	1	709026	97.9485
liggenxd N(soort,ev,basis,zijd,stan)	1	709027	97.9487
ligge N(soort,ev,basis,zijd,stan)	1	709028	97.9488
ligge N(soort,ev,basis,dat)	1	709029	97.949
ligament BW()	1	709030	97.9491
liftmonteur N(soort,mv,basis)	1	709031	97.9492
liffys SPEC(vreemd)	1	709032	97.9494
lievke N(soort,ev,dim,onz,stan)	1	709033	97.9495
lievio SPEC(vreemd)	1	709034	97.9496
lievio N(soort,mv,basis)	1	709035	97.9498
lievere ADJ(prenom,basis,met-e,stan)	1	709036	97.9499
lieverd N(soort,mv,dim)	1	709037	97.9501
lieven N(soort,ev,dim,onz,stan)	1	709038	97.9502
lievemeis N(soort,ev,basis,zijd,stan)	1	709039	97.9503
lievelingslief N(soort,ev,dim,onz,stan)	1	709040	97.9505
lievelings SPEC(vreemd)	1	709041	97.9506
lievelings N(soort,mv,basis)	1	709042	97.9508
lievelings ADJ(prenom,basis,zonder)	1	709043	97.9509
lieve SPEC(vreemd)	1	709044	97.951
lievd N(soort,ev,basis,onz,stan)	1	709045	97.9512
lies SPEC(vreemd)	1	709046	97.9513
lierse-standard WW(vd,vrij,zonder)	1	709047	97.9514
liens N(soort,mv,basis)	1	709048	97.9516
liekeblom N(soort,ev,basis,zijd,stan)	1	709049	97.9517
liegen WW(vd,vrij,zonder)	1	709050	97.9519
liegen WW(pv,tgw,met-t)	1	709051	97.952
liegen WW(inf,vrij,zonder)	1	709052	97.9521
liefzoen N(soort,mv,basis)	1	709053	97.9523
liefz N(soort,ev,basis,zijd,stan)	1	709054	97.9524
liefkozen WW(pv,tgw,mv)	1	709055	97.9525
liefhebber N(soort,ev,basis,zijd,stan)	1	709056	97.9527
liefhebben WW(od,prenom,met-e)	1	709057	97.9528
lieffff N(soort,ev,dim,onz,stan)	1	709058	97.953
liefdevol ADJ(prenom,basis,met-e,stan)	1	709059	97.9531
liefdesverklaring SPEC(vreemd)	1	709060	97.9532
liefdesverdriet N(soort,ev,basis,onz,stan)	1	709061	97.9534
liefdesbrief N(soort,mv,basis)	1	709062	97.9535
liefdadigheidsdaad N(soort,ev,basis,zijd,stan)	1	709063	97.9537
lief N(soort,dial)	1	709064	97.9538
lief ADJ(vrij,sup,zonder)	1	709065	97.9539
lief ADJ(nom,sup,zonder,zonder-n)	1	709066	97.9541
lief ADJ(nom,basis,met-e,zonder-n,stan)	1	709067	97.9542
lieeeeef ADJ(vrij,basis,zonder)	1	709068	97.9543
lieeeeeef N(soort,ev,basis,zijd,stan)	1	709069	97.9545
liedemeerspark N(soort,ev,basis,onz,stan)	1	709070	97.9546
lied N(soort,mv,basis)	1	709071	97.9548
lieber N(soort,ev,basis,zijd,stan)	1	709072	97.9549
liebe TW(hoofd,vrij)	1	709073	97.955
lie N(soort,mv,dim)	1	709074	97.9552
lidnr N(soort,ev,basis,zijd,stan)	1	709075	97.9553
lidgeld N(soort,ev,basis,onz,stan)	1	709076	97.9555
lichttip N(soort,ev,basis,zijd,stan)	1	709077	97.9556
lichtpunt N(soort,ev,dim,onz,stan)	1	709078	97.9557
lichtplan N(soort,ev,basis,onz,stan)	1	709079	97.9559
lichtinval N(soort,ev,basis,zijd,stan)	1	709080	97.956
lichtgroen ADJ(vrij,basis,zonder)	1	709081	97.9561
lichtgeraakt ADJ(vrij,basis,zonder)	1	709082	97.9563
lichtervelde WW(pv,verl,ev)	1	709083	97.9564
lichtervelde N(soort,ev,basis,zijd,stan)	1	709084	97.9566
lichtelijk ADJ(vrij,basis,zonder)	1	709085	97.9567
lichtelijk ADJ(prenom,basis,zonder)	1	709086	97.9568
lichtbruin ADJ(prenom,basis,zonder)	1	709087	97.957
lichtblond ADJ(vrij,basis,zonder)	1	709088	97.9571
licht N(soort,mv,dim)	1	709089	97.9572
licht N(soort,ev,dim,onz,stan)	1	709090	97.9574
licht ADJ(vrij,dim,zonder)	1	709091	97.9575
licht ADJ(postnom,basis,met-s)	1	709092	97.9577
lichamelijkheid N(soort,ev,basis,zijd,stan)	1	709093	97.9578
lichamelijk ADJ(prenom,basis,met-e,stan)	1	709094	97.9579
licatie N(soort,mv,basis)	1	709095	97.9581
libre SPEC(vreemd)	1	709096	97.9582
librarie N(soort,mv,basis)	1	709097	97.9584
liarliar N(soort,ev,basis,onz,stan)	1	709098	97.9585
li N(soort,ev,dim,onz,stan)	1	709099	97.9586
lgewoon N(soort,ev,basis,zijd,stan)	1	709100	97.9588
lezer N(soort,mv,basis)	1	709101	97.9589
lezer N(soort,ev,dim,onz,stan)	1	709102	97.959
lezer N(soort,ev,basis,zijd,stan)	1	709103	97.9592
levis N(soort,ev,basis,zijd,stan)	1	709104	97.9593
levi SPEC(vreemd)	1	709105	97.9595
levertijd N(soort,ev,basis,zijd,stan)	1	709106	97.9596
leveringsdatum N(soort,ev,basis,onz,stan)	1	709107	97.9597
levering N(soort,mv,basis)	1	709108	97.9599
leveren WW(pv,verl,ev)	1	709109	97.96
leverbloedvat N(soort,mv,basis)	1	709110	97.9601
leverancier N(soort,ev,basis,zijd,stan)	1	709111	97.9603
levensverlengen WW(od,vrij,zonder)	1	709112	97.9604
levensmoe ADJ(vrij,basis,zonder)	1	709113	97.9606
levensjaar N(soort,ev,basis,onz,stan)	1	709114	97.9607
levensdoel N(soort,mv,basis)	1	709115	97.9608
levensbedreigend ADJ(vrij,basis,zonder)	1	709116	97.961
levendig ADJ(prenom,basis,met-e,stan)	1	709117	97.9611
levend ADJ(nom,basis,met-e,mv-n)	1	709118	97.9613
leven WW(pv,verl,ev)	1	709119	97.9614
leven WW(od,vrij,zonder)	1	709120	97.9615
leven WW(od,prenom,met-e)	1	709121	97.9617
level SPEC(vreemd)	1	709122	97.9618
leve SPEC(vreemd)	1	709123	97.9619
leuven WW(pv,tgw,mv)	1	709124	97.9621
leuven WW(inf,vrij,zonder)	1	709125	97.9622
leuven SPEC(vreemd)	1	709126	97.9624
leutig ADJ(prenom,basis,met-e,stan)	1	709127	97.9625
leuten WW(inf,vrij,zonder)	1	709128	97.9626
leute N(soort,ev,basis,zijd,stan)	1	709129	97.9628
leussing N(soort,mv,dim)	1	709130	97.9629
leunen WW(pv,tgw,mv)	1	709131	97.963
leukheid N(soort,ev,basis,zijd,stan)	1	709132	97.9632
leukere ADJ(prenom,basis,met-e,stan)	1	709133	97.9633
leukerd N(soort,ev,basis,zijd,stan)	1	709134	97.9635
leukemie N(soort,ev,basis,zijd,stan)	1	709135	97.9636
leukdat VG(onder)	1	709136	97.9637
leuk ADJ(vrij,sup,zonder)	1	709137	97.9639
leugenaar N(soort,ev,basis,zijd,stan)	1	709138	97.964
leu N(soort,ev,dim,onz,stan)	1	709139	97.9642
lettn WW(inf,vrij,zonder)	1	709140	97.9643
letting SPEC(vreemd)	1	709141	97.9644
lettervan N(soort,ev,basis,zijd,stan)	1	709142	97.9646
lettertype N(soort,ev,basis,onz,stan)	1	709143	97.9647
letterteken N(soort,mv,basis)	1	709144	97.9648
letterman N(soort,ev,basis,zijd,stan)	1	709145	97.965
letterlijk ADJ(prenom,basis,met-e,stan)	1	709146	97.9651
lettergreep N(soort,mv,basis)	1	709147	97.9653
letten WW(pv,tgw,mv)	1	709148	97.9654
letsel N(soort,ev,basis,onz,stan)	1	709149	97.9655
lesweek N(soort,ev,basis,zijd,stan)	1	709150	97.9657
lesuur N(soort,ev,basis,onz,stan)	1	709151	97.9658
less ADJ(prenom,basis,zonder)	1	709152	97.9659
lesplezier N(soort,ev,basis,zijd,stan)	1	709153	97.9661
lesplezier ADJ(vrij,comp,zonder)	1	709154	97.9662
lesly's SPEC(vreemd)	1	709155	97.9664
leslie N(soort,ev,basis,zijd,stan)	1	709156	97.9665
lesbo N(soort,mv,basis)	1	709157	97.9666
lesbienne N(soort,mv,basis)	1	709158	97.9668
lesbian SPEC(vreemd)	1	709159	97.9669
les N(soort,mv,dim)	1	709160	97.9671
lernen SPEC(vreemd)	1	709161	97.9672
lepeltje-lepeltje N(soort,ev,dim,onz,stan)	1	709162	97.9673
lepel N(soort,mv,basis)	1	709163	97.9675
lepel N(soort,ev,dim,onz,stan)	1	709164	97.9676
lepel N(soort,ev,basis,zijd,stan)	1	709165	97.9677
leontine N(soort,ev,basis,zijd,stan)	1	709166	97.9679
leonoor N(soort,ev,basis,zijd,stan)	1	709167	97.968
leonardo N(soort,ev,basis,zijd,stan)	1	709168	97.9682
leonard N(soort,ev,basis,zijd,stan)	1	709169	97.9683
leon SPEC(vreemd)	1	709170	97.9684
leon N(soort,ev,basis,onz,stan)	1	709171	97.9686
leo SPEC(deeleigen)	1	709172	97.9687
leo N(soort,mv,basis)	1	709173	97.9689
lenzie SPEC(vreemd)	1	709174	97.969
lenteweer N(soort,ev,basis,onz,stan)	1	709175	97.9691
lentekriebel ADJ(vrij,basis,zonder)	1	709176	97.9693
lentedag N(soort,ev,basis,zijd,stan)	1	709177	97.9694
lensonline N(soort,ev,basis,zijd,stan)	1	709178	97.9695
lenny SPEC(vreemd)	1	709179	97.9697
lennart WW(pv,tgw,met-t)	1	709180	97.9698
lenie N(soort,ev,basis,zijd,stan)	1	709181	97.97
lengtemaat N(soort,ev,basis,zijd,stan)	1	709182	97.9701
lengte N(soort,ev,basis,zijd,stan)	1	709183	97.9702
lener N(soort,ev,basis,zijd,stan)	1	709184	97.9704
lenen WW(vd,prenom,met-e)	1	709185	97.9705
lenen WW(pv,tgw,met-t)	1	709186	97.9706
lena N(soort,ev,basis,zijd,stan)	1	709187	97.9708
len WW(pv,tgw,met-t)	1	709188	97.9709
lemp N(soort,ev,dim,onz,stan)	1	709189	97.9711
lemon N(soort,ev,basis,zijd,stan)	1	709190	97.9712
lemmy SPEC(vreemd)	1	709191	97.9713
lemme SPEC(vreemd)	1	709192	97.9715
lembeke N(soort,ev,dim,onz,stan)	1	709193	97.9716
lelyk ADJ(vrij,basis,zonder)	1	709194	97.9718
lelijkheid N(soort,ev,basis,zijd,stan)	1	709195	97.9719
lelijkerd N(soort,ev,basis,zijd,stan)	1	709196	97.972
lelijk ADJ(vrij,comp,zonder)	1	709197	97.9722
lelie N(soort,mv,basis)	1	709198	97.9723
lekstok N(soort,ev,basis,zijd,stan)	1	709199	97.9724
lekprikken N(soort,mv,basis)	1	709200	97.9726
lekket N(soort,ev,basis,onz,stan)	1	709201	97.9727
lekkerrrrrrrrrrr N(soort,ev,basis,zijd,stan)	1	709202	97.9729
lekkerr ADJ(vrij,comp,zonder)	1	709203	97.973
lekkeren WW(vd,vrij,zonder)	1	709204	97.9731
lekker ADJ(prenom,comp,zonder)	1	709205	97.9733
lekker ADJ(nom,sup,zonder,zonder-n)	1	709206	97.9734
lekker ADJ(nom,sup,met-e,zonder-n,stan)	1	709207	97.9735
lekken WW(od,vrij,zonder)	1	709208	97.9737
lekken WW(inf,vrij,zonder)	1	709209	97.9738
lekkah SPEC(deeleigen)	1	709210	97.974
lekkah N(soort,ev,basis,zijd,stan)	1	709211	97.9741
lekka SPEC(deeleigen)	1	709212	97.9742
lek N(soort,mv,basis)	1	709213	97.9744
leisure SPEC(vreemd)	1	709214	97.9745
leipe SPEC(vreemd)	1	709215	97.9747
leien ADJ(prenom,basis,zonder)	1	709216	97.9748
leidster N(soort,mv,basis)	1	709217	97.9749
leidster N(soort,ev,basis,zijd,stan)	1	709218	97.9751
leidseplein N(soort,ev,basis,zijd,stan)	1	709219	97.9752
leids ADJ(nom,basis,met-e,zonder-n,stan)	1	709220	97.9753
leidinggevend ADJ(prenom,basis,met-e,stan)	1	709221	97.9755
leider N(soort,mv,basis)	1	709222	97.9756
leiden WW(pv,tgw,mv)	1	709223	97.9758
legplank N(soort,mv,basis)	1	709224	97.9759
legowinkel N(soort,ev,basis,zijd,stan)	1	709225	97.976
legolas N(soort,ev,basis,zijd,stan)	1	709226	97.9762
legoblok N(soort,mv,basis)	1	709227	97.9763
legkip N(soort,ev,basis,zijd,stan)	1	709228	97.9764
legitimeren WW(vd,vrij,zonder)	1	709229	97.9766
legion N(soort,mv,basis)	1	709230	97.9767
legging N(soort,mv,basis)	1	709231	97.9769
legging N(soort,ev,basis,zijd,stan)	1	709232	97.977
legge N(soort,ev,basis,zijd,stan)	1	709233	97.9771
legendarisch ADJ(vrij,basis,zonder)	1	709234	97.9773
legear N(soort,ev,basis,zijd,stan)	1	709235	97.9774
legal SPEC(vreemd)	1	709236	97.9776
leffes N(soort,mv,dim)	1	709237	97.9777
leffe N(soort,ev,basis,onz,stan)	1	709238	97.9778
leffe BW()	1	709239	97.978
lefevre ADJ(prenom,comp,met-e,stan)	1	709240	97.9781
lefelen WW(pv,tgw,met-t)	1	709241	97.9782
lef N(soort,ev,basis,onz,stan)	1	709242	97.9784
leeuwenvlag N(soort,ev,basis,onz,stan)	1	709243	97.9785
leeuw N(soort,mv,basis)	1	709244	97.9787
leeszaal N(soort,ev,basis,zijd,stan)	1	709245	97.9788
leeswerk N(soort,ev,basis,onz,stan)	1	709246	97.9789
leesteken N(soort,mv,basis)	1	709247	97.9791
leessucces SPEC(vreemd)	1	709248	97.9792
leesplezier N(soort,ev,basis,onz,stan)	1	709249	97.9794
leesdip N(soort,ev,dim,onz,stan)	1	709250	97.9795
leesbril N(soort,ev,basis,zijd,stan)	1	709251	97.9796
leesbaar ADJ(prenom,basis,met-e,stan)	1	709252	97.9798
leerstof N(soort,ev,basis,zijd,stan)	1	709253	97.9799
leerrijk ADJ(prenom,basis,met-e,stan)	1	709254	97.98
leerproject N(soort,ev,basis,onz,stan)	1	709255	97.9802
leermarathon N(soort,ev,basis,zijd,stan)	1	709256	97.9803
leerlinglijst N(soort,ev,basis,zijd,stan)	1	709257	97.9805
leerdag N(soort,ev,basis,zijd,stan)	1	709258	97.9806
leer N(soort,ev,basis,zijd,stan)	1	709259	97.9807
leep ADJ(prenom,basis,met-e,stan)	1	709260	97.9809
leenheer N(soort,ev,basis,zijd,stan)	1	709261	97.981
leenauto N(soort,ev,basis,zijd,stan)	1	709262	97.9811
leenaers N(soort,mv,basis)	1	709263	97.9813
leena SPEC(deeleigen)	1	709264	97.9814
leejdi SPEC(vreemd)	1	709265	97.9816
leegmaken WW(inf,vrij,zonder)	1	709266	97.9817
leeghalen WW(vd,vrij,zonder)	1	709267	97.9818
leeggereden N(soort,mv,basis)	1	709268	97.982
leeg SPEC(vreemd)	1	709269	97.9821
leefruimte N(soort,ev,basis,zijd,stan)	1	709270	97.9823
leefbaarheid N(soort,ev,basis,zijd,stan)	1	709271	97.9824
lee N(soort,ev,basis,zijd,stan)	1	709272	97.9825
ledig ADJ(prenom,basis,zonder)	1	709273	97.9827
lederen ADJ(prenom,basis,zonder)	1	709274	97.9828
ledenlijst N(soort,mv,basis)	1	709275	97.9829
ledemaat N(soort,mv,basis)	1	709276	97.9831
ledebergse ADJ(prenom,basis,met-e,stan)	1	709277	97.9832
led N(soort,mv,dim)	1	709278	97.9834
lecture SPEC(vreemd)	1	709279	97.9835
lectorenkamer N(soort,ev,basis,zijd,stan)	1	709280	97.9836
leche SPEC(vreemd)	1	709281	97.9838
lebbeke ADJ(prenom,basis,met-e,stan)	1	709282	97.9839
leavink N(soort,ev,basis,zijd,stan)	1	709283	97.984
leaves SPEC(vreemd)	1	709284	97.9842
leave N(soort,ev,basis,zijd,stan)	1	709285	97.9843
leather N(soort,ev,basis,zijd,stan)	1	709286	97.9845
learn SPEC(vreemd)	1	709287	97.9846
leaker SPEC(vreemd)	1	709288	97.9847
leader SPEC(vreemd)	1	709289	97.9849
lead SPEC(vreemd)	1	709290	97.985
ldag N(soort,ev,basis,zijd,stan)	1	709291	97.9852
lb N(soort,mv,basis)	1	709292	97.9853
lazy SPEC(deeleigen)	1	709293	97.9854
layoutwens N(soort,mv,basis)	1	709294	97.9856
lay-out N(soort,ev,basis,zijd,stan)	1	709295	97.9857
laxeerspul N(soort,ev,basis,onz,stan)	1	709296	97.9858
laxeerpasta N(soort,ev,basis,zijd,stan)	1	709297	97.986
laxeermiddel N(soort,ev,basis,onz,stan)	1	709298	97.9861
laxeby SPEC(vreemd)	1	709299	97.9863
lax N(soort,ev,basis,zijd,stan)	1	709300	97.9864
laweit N(soort,ev,basis,onz,stan)	1	709301	97.9865
lawaai N(soort,ev,basis,zijd,stan)	1	709302	97.9867
laveloos ADJ(vrij,basis,zonder)	1	709303	97.9868
lauw ADJ(prenom,basis,zonder)	1	709304	97.9869
laurent N(soort,ev,basis,zijd,stan)	1	709305	97.9871
laurenceke N(soort,ev,dim,onz,stan)	1	709306	97.9872
laurence SPEC(vreemd)	1	709307	97.9874
laureen BW()	1	709308	97.9875
laure N(soort,ev,basis,zijd,stan)	1	709309	97.9876
laura N(soort,mv,basis)	1	709310	97.9878
laur N(soort,mv,basis)	1	709311	97.9879
launzers SPEC(vreemd)	1	709312	97.9881
laundry SPEC(vreemd)	1	709313	97.9882
laugh SPEC(vreemd)	1	709314	97.9883
lau WW(pv,verl,ev)	1	709315	97.9885
latorz SPEC(vreemd)	1	709316	97.9886
lator ADJ(vrij,comp,zonder)	1	709317	97.9887
latn ADJ(postnom,basis,met-s)	1	709318	97.9889
latitude N(soort,ev,basis,zijd,stan)	1	709319	97.989
latitiude N(soort,ev,basis,zijd,stan)	1	709320	97.9892
latijn N(soort,ev,basis,onz,stan)	1	709321	97.9893
latet SPEC(vreemd)	1	709322	97.9894
latest SPEC(vreemd)	1	709323	97.9896
laterzzz N(soort,ev,basis,zijd,stan)	1	709324	97.9897
laterzaterdag ADJ(vrij,basis,zonder)	1	709325	97.9898
laterz SPEC(vreemd)	1	709326	97.99
laterz N(soort,ev,basis,zijd,stan)	1	709327	97.9901
laterrrr ADJ(vrij,comp,zonder)	1	709328	97.9903
laterrr ADJ(vrij,comp,zonder)	1	709329	97.9904
laten WW(pv,verl,mv)	1	709330	97.9905
lately SPEC(vreemd)	1	709331	97.9907
latel N(soort,ev,basis,onz,stan)	1	709332	97.9908
lat N(soort,ev,dim,onz,stan)	1	709333	97.991
lat N(soort,ev,basis,zijd,stan)	1	709334	97.9911
lastig ADJ(prenom,basis,zonder)	1	709335	97.9912
lastig ADJ(postnom,basis,met-s)	1	709336	97.9914
lasten WW(pv,tgw,ev)	1	709337	97.9915
last ADJ(nom,sup,met-e,zonder-n,stan)	1	709338	97.9916
lassohooos SPEC(vreemd)	1	709339	97.9918
lassen WW(pv,tgw,mv)	1	709340	97.9919
lass N(soort,mv,basis)	1	709341	97.9921
lasgne N(soort,ev,basis,zijd,stan)	1	709342	97.9922
lasertaggen WW(inf,vrij,zonder)	1	709343	97.9923
laserjet N(soort,ev,basis,zijd,stan)	1	709344	97.9925
laschuit N(soort,ev,basis,zijd,stan)	1	709345	97.9926
lasagnetta N(soort,ev,basis,zijd,stan)	1	709346	97.9928
lasagne N(soort,mv,basis)	1	709347	97.9929
larocca N(soort,ev,basis,zijd,stan)	1	709348	97.993
larger SPEC(vreemd)	1	709349	97.9932
lara N(soort,mv,basis)	1	709350	97.9933
laptop N(soort,mv,basis)	1	709351	97.9934
lappen WW(pv,tgw,met-t)	1	709352	97.9936
lappen WW(inf,vrij,zonder)	1	709353	97.9937
lapage N(soort,ev,basis,zijd,stan)	1	709354	97.9939
lap N(soort,mv,basis)	1	709355	97.994
lap N(soort,ev,dim,onz,stan)	1	709356	97.9941
lanterns SPEC(vreemd)	1	709357	97.9943
langzaam ADJ(prenom,sup,met-e,stan)	1	709358	97.9944
langzaam ADJ(prenom,basis,met-e,stan)	1	709359	97.9945
languit BW()	1	709360	97.9947
languages SPEC(vreemd)	1	709361	97.9948
langszamer N(soort,ev,basis,zijd,stan)	1	709362	97.995
langszaam ADJ(prenom,sup,met-e,stan)	1	709363	97.9951
langszaam ADJ(prenom,comp,met-e,stan)	1	709364	97.9952
langsrijden WW(vd,vrij,zonder)	1	709365	97.9954
langsrijden WW(pv,tgw,met-t)	1	709366	97.9955
langsrijden WW(inf,vrij,zonder)	1	709367	97.9957
langslopen WW(od,prenom,met-e)	1	709368	97.9958
langslaper N(soort,ev,basis,zijd,stan)	1	709369	97.9959
langskunnen WW(inf,vrij,zonder)	1	709370	97.9961
langskomn WW(pv,tgw,ev)	1	709371	97.9962
langskomn WW(inf,vrij,zonder)	1	709372	97.9963
langskomen WW(inf,nom,zonder,zonder-n)	1	709373	97.9965
langsgaan WW(pv,tgw,mv)	1	709374	97.9966
langsgaan WW(pv,tgw,met-t)	1	709375	97.9968
langsflist N(soort,mv,basis)	1	709376	97.9969
langs.to SPEC(symb)	1	709377	97.997
langgg ADJ(vrij,basis,zonder)	1	709378	97.9972
langestraat N(soort,ev,basis,zijd,stan)	1	709379	97.9973
langeboom N(soort,ev,basis,zijd,stan)	1	709380	97.9974
langdurig ADJ(vrij,basis,zonder)	1	709381	97.9976
lang ADJ(nom,sup,met-e,zonder-n,stan)	1	709382	97.9977
lang ADJ(nom,basis,met-e,zonder-n,stan)	1	709383	97.9979
landz SPEC(vreemd)	1	709384	97.998
landseer N(soort,ev,basis,zijd,stan)	1	709385	97.9981
landschap N(soort,mv,basis)	1	709386	97.9983
landoversteek N(soort,mv,basis)	1	709387	97.9984
landlord WW(vd,vrij,zonder)	1	709388	97.9986
landing N(soort,ev,basis,zijd,stan)	1	709389	97.9987
landes N(soort,mv,basis)	1	709390	97.9988
lander N(soort,ev,basis,zijd,stan)	1	709391	97.999
landen WW(pv,tgw,met-t)	1	709392	97.9991
landed SPEC(vreemd)	1	709393	97.9992
land N(soort,ev,dim,onz,stan)	1	709394	97.9994
land N(soort,ev,basis,dat)	1	709395	97.9995
lanceren WW(inf,vrij,zonder)	1	709396	97.9997
lan-party N(soort,ev,basis,zijd,stan)	1	709397	97.9998
lan SPEC(vreemd)	1	709398	97.9999
lamsvlees N(soort,ev,basis,onz,stan)	1	709399	98.0001
lampenkap N(soort,ev,basis,zijd,stan)	1	709400	98.0002
lampe SPEC(vreemd)	1	709401	98.0003
lamlendig ADJ(prenom,basis,met-e,stan)	1	709402	98.0005
lamineren WW(vd,vrij,zonder)	1	709403	98.0006
laminaat N(soort,ev,basis,onz,stan)	1	709404	98.0008
lamborghini N(soort,ev,basis,zijd,stan)	1	709405	98.0009
lamballen WW(inf,nom,zonder,zonder-n)	1	709406	98.001
lamaar N(soort,ev,basis,zijd,stan)	1	709407	98.0012
lamaar ADJ(vrij,basis,zonder)	1	709408	98.0013
lama N(soort,mv,basis)	1	709409	98.0015
lam ADJ(vrij,basis,zonder)	1	709410	98.0016
lallende ADJ(prenom,basis,met-e,stan)	1	709411	98.0017
lalitpur SPEC(vreemd)	1	709412	98.0019
lalaland N(soort,ev,basis,zijd,stan)	1	709413	98.002
lala N(soort,ev,basis,zijd,stan)	1	709414	98.0021
lake SPEC(vreemd)	1	709415	98.0023
lake ADJ(prenom,basis,met-e,stan)	1	709416	98.0024
lak N(soort,ev,dim,onz,stan)	1	709417	98.0026
laguna SPEC(vreemd)	1	709418	98.0027
lago N(soort,ev,basis,zijd,stan)	1	709419	98.0028
lagering N(soort,ev,basis,zijd,stan)	1	709420	98.003
lagerfeld N(soort,ev,basis,onz,stan)	1	709421	98.0031
lageenergiewoning N(soort,ev,basis,zijd,stan)	1	709422	98.0032
laf N(soort,mv,dim)	1	709423	98.0034
laethitia N(soort,ev,basis,zijd,stan)	1	709424	98.0035
lading N(soort,ev,basis,zijd,stan)	1	709425	98.0037
ladiesrun N(soort,ev,basis,zijd,stan)	1	709426	98.0038
ladiesnight N(soort,ev,basis,zijd,stan)	1	709427	98.0039
ladeuzeplein N(soort,ev,basis,onz,stan)	1	709428	98.0041
ladert N(soort,ev,basis,zijd,stan)	1	709429	98.0042
laderas SPEC(deeleigen)	1	709430	98.0044
laden WW(pv,tgw,ev)	1	709431	98.0045
ladder N(soort,mv,basis)	1	709432	98.0046
ladder N(soort,ev,basis,zijd,stan)	1	709433	98.0048
lactose ADJ(prenom,basis,met-e,stan)	1	709434	98.0049
lacoste N(soort,ev,basis,zijd,stan)	1	709435	98.005
lachexd N(soort,ev,basis,onz,stan)	1	709436	98.0052
lachenx WW(od,prenom,zonder)	1	709437	98.0053
lachen WW(pv,verl,ev)	1	709438	98.0055
lachen WW(pv,tgw,mv)	1	709439	98.0056
lachen WW(od,vrij,zonder)	1	709440	98.0057
lachen WW(od,prenom,met-e)	1	709441	98.0059
lachen WW(inf,nom,zonder,zonder-n)	1	709442	98.006
lacheln SPEC(vreemd)	1	709443	98.0062
lache ADJ(prenom,basis,met-e,stan)	1	709444	98.0063
lach N(soort,mv,dim)	1	709445	98.0064
laboratoriuminstructie N(soort,ev,basis,zijd,stan)	1	709446	98.0066
labelers SPEC(vreemd)	1	709447	98.0067
label N(soort,mv,basis)	1	709448	98.0068
labastide N(soort,ev,basis,zijd,stan)	1	709449	98.007
laatstgenoemd ADJ(prenom,basis,met-e,stan)	1	709450	98.0071
laatstgenoemd ADJ(nom,basis,met-e,zonder-n,stan)	1	709451	98.0073
laatsten N(soort,mv,basis)	1	709452	98.0074
laatstemoest WW(pv,verl,ev)	1	709453	98.0075
laatsste ADJ(prenom,sup,met-e,stan)	1	709454	98.0077
laatmaar N(soort,ev,basis,zijd,stan)	1	709455	98.0078
laatavond N(soort,ev,basis,zijd,stan)	1	709456	98.0079
laat ADJ(prenom,basis,zonder)	1	709457	98.0081
laat ADJ(dial)	1	709458	98.0082
laaste-loodjes-manager N(soort,ev,basis,zijd,stan)	1	709459	98.0084
laars N(soort,mv,basis)	1	709460	98.0085
laarbeekshirts N(soort,ev,basis,zijd,stan)	1	709461	98.0086
laar SPEC(vreemd)	1	709462	98.0088
laar N(soort,mv,basis)	1	709463	98.0089
laangs BW()	1	709464	98.0091
laaje N(soort,ev,dim,onz,stan)	1	709465	98.0092
laaghangend ADJ(prenom,basis,met-e,stan)	1	709466	98.0093
laagdrempelig ADJ(vrij,basis,zonder)	1	709467	98.0095
laagbouw N(soort,ev,basis,zijd,stan)	1	709468	98.0096
laag N(soort,mv,basis)	1	709469	98.0097
laag ADJ(prenom,sup,met-e,stan)	1	709470	98.0099
laag ADJ(prenom,comp,zonder)	1	709471	98.01
laaatewj SPEC(symb)	1	709472	98.0102
laaange ADJ(prenom,basis,met-e,stan)	1	709473	98.0103
la SPEC(deeleigen)	1	709474	98.0104
l.u.m.e.n N(soort,mv,basis)	1	709475	98.0106
l. SPEC(afk)	1	709476	98.0107
kÃ¶pings SPEC(vreemd)	1	709477	98.0108
kÃ¶ln N(soort,mv,basis)	1	709478	98.011
kÃ© SPEC(vreemd)	1	709479	98.0111
kÃ© LID(bep,stan,rest)	1	709480	98.0113
kÃ¡n WW(pv,tgw,ev)	1	709481	98.0114
kÃ n N(soort,mv,basis)	1	709482	98.0115
kzou VNW(pr,pron,obl,vol,1,ev)	1	709483	98.0117
kzin BW()	1	709484	98.0118
kziet ADJ(vrij,basis,zonder)	1	709485	98.012
kzien WW(pv,tgw,met-t)	1	709486	98.0121
kzenia SPEC(deeleigen)	1	709487	98.0122
kzei N(soort,ev,basis,zijd,stan)	1	709488	98.0124
kzegget WW(pv,tgw,met-t)	1	709489	98.0125
kzeggen WW(pv,tgw,ev)	1	709490	98.0126
kzeg N(soort,ev,basis,zijd,stan)	1	709491	98.0128
kzalt WW(pv,tgw,ev)	1	709492	98.0129
kzalt N(soort,ev,basis,onz,stan)	1	709493	98.0131
kzal ADJ(prenom,basis,zonder)	1	709494	98.0132
kynde WW(vd,prenom,met-e)	1	709495	98.0133
kyle N(soort,ev,dim,onz,stan)	1	709496	98.0135
kyke ADJ(prenom,basis,met-e,stan)	1	709497	98.0136
kyk WW(pv,tgw,ev)	1	709498	98.0137
kyk N(soort,ev,basis,onz,stan)	1	709499	98.0139
ky N(soort,ev,basis,dat)	1	709500	98.014
kxs N(soort,ev,basis,zijd,stan)	1	709501	98.0142
kwyt WW(pv,tgw,met-t)	1	709502	98.0143
kwou VNW(pr,pron,obl,vol,1,ev)	1	709503	98.0144
kword WW(vd,vrij,zonder)	1	709504	98.0146
kwoot N(soort,ev,basis,zijd,stan)	1	709505	98.0147
kwn WW(pv,tgw,mv)	1	709506	98.0149
kwn N(soort,ev,basis,zijd,stan)	1	709507	98.015
kwiz N(soort,mv,basis)	1	709508	98.0151
kwist ADJ(prenom,basis,zonder)	1	709509	98.0153
kwintensberg SPEC(symb)	1	709510	98.0154
kwilln N(soort,mv,basis)	1	709511	98.0155
kwil WW(pv,verl,ev)	1	709512	98.0157
kwil SPEC(vreemd)	1	709513	98.0158
kwil BW()	1	709514	98.016
kwijtraken WW(inf,vrij,zonder)	1	709515	98.0161
kwetsen WW(pv,tgw,met-t)	1	709516	98.0162
kwetsen WW(inf,vrij,zonder)	1	709517	98.0164
kwerk N(soort,ev,basis,onz,stan)	1	709518	98.0165
kwerd WW(vd,vrij,zonder)	1	709519	98.0166
kwens VZ(init)	1	709520	98.0168
kwen WW(pv,tgw,met-t)	1	709521	98.0169
kweetnognie N(soort,ev,basis,zijd,stan)	1	709522	98.0171
kweetniehoeveel ADJ(vrij,basis,zonder)	1	709523	98.0172
kweethet N(soort,ev,basis,zijd,stan)	1	709524	98.0173
kweet WW(pv,tgw,ev)	1	709525	98.0175
kweet ADJ(prenom,basis,zonder)	1	709526	98.0176
kweenieoever N(soort,ev,basis,zijd,stan)	1	709527	98.0178
kweenieoe N(soort,ev,basis,zijd,stan)	1	709528	98.0179
kweelwerk N(soort,ev,basis,onz,stan)	1	709529	98.018
kwasvergetn N(soort,mv,basis)	1	709530	98.0182
kwas SPEC(vreemd)	1	709531	98.0183
kwartuur N(soort,ev,basis,zijd,stan)	1	709532	98.0184
kwartslag N(soort,ev,basis,zijd,stan)	1	709533	98.0186
kwartier N(soort,ev,basis,zijd,stan)	1	709534	98.0187
kwartet N(soort,ev,basis,onz,stan)	1	709535	98.0189
kwartelei N(soort,mv,basis)	1	709536	98.019
kwarteeuw N(soort,ev,basis,zijd,stan)	1	709537	98.0191
kwart N(soort,ev,dim,onz,stan)	1	709538	98.0193
kwark N(soort,ev,basis,zijd,stan)	1	709539	98.0194
kwakken WW(pv,tgw,ev)	1	709540	98.0196
kwakkelen WW(inf,nom,zonder,zonder-n)	1	709541	98.0197
kwak N(soort,ev,basis,zijd,stan)	1	709542	98.0198
kwacht WW(vd,vrij,zonder)	1	709543	98.02
kw VNW(refl,pron,obl,nadr,3,getal)	1	709544	98.0201
kw SPEC(vreemd)	1	709545	98.0202
kvroeg WW(pv,tgw,ev)	1	709546	98.0204
kvreesde WW(pv,verl,ev)	1	709547	98.0205
kvrees BW()	1	709548	98.0207
kvraag WW(pv,tgw,ev)	1	709549	98.0208
kvraag N(soort,ev,basis,zijd,stan)	1	709550	98.0209
kvond WW(od,vrij,zonder)	1	709551	98.0211
kvond BW()	1	709552	98.0212
kvon N(soort,ev,basis,zijd,stan)	1	709553	98.0213
kvoel N(soort,ev,basis,zijd,stan)	1	709554	98.0215
kvoel N(soort,ev,basis,onz,stan)	1	709555	98.0216
kvk N(soort,ev,basis,zijd,stan)	1	709556	98.0218
kvio N(soort,ev,basis,zijd,stan)	1	709557	98.0219
kvind N(soort,ev,basis,genus,stan)	1	709558	98.022
kvind BW()	1	709559	98.0222
kvin N(soort,ev,basis,zijd,stan)	1	709560	98.0223
kverzin ADJ(vrij,basis,zonder)	1	709561	98.0225
kvermoed N(soort,ev,basis,onz,stan)	1	709562	98.0226
kv SPEC(afk)	1	709563	98.0227
kuuroord N(soort,ev,basis,onz,stan)	1	709564	98.0229
kuur N(soort,mv,basis)	1	709565	98.023
kutzak N(soort,ev,dim,onz,stan)	1	709566	98.0231
kutzak N(soort,ev,basis,zijd,stan)	1	709567	98.0233
kutwerk N(soort,ev,basis,onz,stan)	1	709568	98.0234
kutweek WW(pv,tgw,ev)	1	709569	98.0236
kutvolk N(soort,ev,basis,zijd,stan)	1	709570	98.0237
kutverhaal N(soort,ev,basis,onz,stan)	1	709571	98.0238
kutveolia SPEC(deeleigen)	1	709572	98.024
kutvak N(soort,ev,basis,onz,stan)	1	709573	98.0241
kuttool N(soort,ev,basis,zijd,stan)	1	709574	98.0242
kutstad N(soort,ev,basis,zijd,stan)	1	709575	98.0244
kutspul N(soort,ev,basis,onz,stan)	1	709576	98.0245
kutschauffeur N(soort,ev,basis,zijd,stan)	1	709577	98.0247
kutregen N(soort,mv,basis)	1	709578	98.0248
kutpunt N(soort,mv,basis)	1	709579	98.0249
kutplek N(soort,ev,basis,zijd,stan)	1	709580	98.0251
kutiphone N(soort,ev,basis,onz,stan)	1	709581	98.0252
kuthoer N(soort,ev,basis,zijd,stan)	1	709582	98.0254
kutgsm N(soort,ev,basis,genus,stan)	1	709583	98.0255
kutfuckingteringkermis N(soort,ev,basis,zijd,stan)	1	709584	98.0256
kutfinish N(soort,ev,basis,zijd,stan)	1	709585	98.0258
kutfeut N(soort,ev,basis,zijd,stan)	1	709586	98.0259
kutdruk WW(pv,verl,ev)	1	709587	98.026
kutconducteur N(soort,ev,basis,zijd,stan)	1	709588	98.0262
kutbieb N(soort,ev,basis,zijd,stan)	1	709589	98.0263
kutbeslissing N(soort,ev,basis,zijd,stan)	1	709590	98.0265
kutbereik ADJ(vrij,basis,zonder)	1	709591	98.0266
kutbedrijf N(soort,ev,basis,onz,stan)	1	709592	98.0267
kussssss SPEC(vreemd)	1	709593	98.0269
kussss SPEC(symb)	1	709594	98.027
kusss SPEC(vreemd)	1	709595	98.0271
kusss N(soort,mv,basis)	1	709596	98.0273
kussiej N(soort,ev,basis,zijd,stan)	1	709597	98.0274
kussen N(soort,ev,basis,zijd,stan)	1	709598	98.0276
kussel N(soort,mv,basis)	1	709599	98.0277
kuskuskuskus SPEC(deeleigen)	1	709600	98.0278
kuskuskuskus N(soort,ev,basis,onz,stan)	1	709601	98.028
kuskuskus BW()	1	709602	98.0281
kusknuffel N(soort,ev,basis,zijd,stan)	1	709603	98.0283
kuskant N(soort,ev,dim,onz,stan)	1	709604	98.0284
kusjjjeee N(soort,ev,basis,zijd,stan)	1	709605	98.0285
kusjesp N(soort,ev,basis,zijd,stan)	1	709606	98.0287
kusjeskus N(soort,mv,dim)	1	709607	98.0288
kusjeshart N(soort,ev,dim,onz,stan)	1	709608	98.0289
kusjesattack N(soort,ev,basis,zijd,stan)	1	709609	98.0291
kusjekus SPEC(symb)	1	709610	98.0292
kusjee SPEC(vreemd)	1	709611	98.0294
kusch N(soort,ev,basis,zijd,stan)	1	709612	98.0295
kusch ADJ(vrij,basis,zonder)	1	709613	98.0296
kusadasi N(soort,ev,basis,zijd,stan)	1	709614	98.0298
kus+ SPEC(symb)	1	709615	98.0299
kus+ N(soort,ev,basis,zijd,stan)	1	709616	98.03
kus N(soort,mv,basis)	1	709617	98.0302
kus ADJ(vrij,basis,zonder)	1	709618	98.0303
kurz SPEC(vreemd)	1	709619	98.0305
kurt SPEC(vreemd)	1	709620	98.0306
kurla N(soort,ev,basis,onz,stan)	1	709621	98.0307
kurktegel N(soort,mv,basis)	1	709622	98.0309
kurk SPEC(vreemd)	1	709623	98.031
kuren WW(inf,vrij,zonder)	1	709624	98.0312
kunt N(soort,ev,dim,onz,stan)	1	709625	98.0313
kunstsuperette N(soort,ev,basis,zijd,stan)	1	709626	98.0314
kunstproject N(soort,ev,basis,onz,stan)	1	709627	98.0316
kunstposter N(soort,ev,basis,zijd,stan)	1	709628	98.0317
kunstpad N(soort,ev,basis,onz,stan)	1	709629	98.0318
kunstnacht N(soort,ev,basis,zijd,stan)	1	709630	98.032
kunstmuseum N(soort,ev,basis,onz,stan)	1	709631	98.0321
kunstmatig ADJ(vrij,basis,zonder)	1	709632	98.0323
kunstmatig ADJ(prenom,basis,met-e,stan)	1	709633	98.0324
kunstkritiek N(soort,ev,basis,zijd,stan)	1	709634	98.0325
kunstenaar N(soort,ev,basis,zijd,stan)	1	709635	98.0327
kunstcollectie N(soort,ev,basis,zijd,stan)	1	709636	98.0328
kunstacademie N(soort,ev,basis,zijd,stan)	1	709637	98.033
kunnn WW(pv,tgw,mv)	1	709638	98.0331
kunnn ADJ(vrij,basis,zonder)	1	709639	98.0332
kunnendoen WW(inf,nom,zonder,zonder-n)	1	709640	98.0334
kunne VNW(aanw,det,stan,nom,met-e,zonder-n)	1	709641	98.0335
kunn WW(pv,tgw,ev)	1	709642	98.0336
kunn WW(inf,vrij,zonder)	1	709643	98.0338
kunn N(soort,ev,basis,onz,stan)	1	709644	98.0339
kunn BW()	1	709645	98.0341
kunm N(soort,mv,basis)	1	709646	98.0342
kundig ADJ(prenom,basis,met-e,stan)	1	709647	98.0343
kunde WW(od,prenom,met-e)	1	709648	98.0345
kummedie N(soort,ev,basis,zijd,stan)	1	709649	98.0346
kumari N(soort,ev,basis,zijd,stan)	1	709650	98.0347
kumaar N(soort,ev,basis,zijd,stan)	1	709651	98.0349
kum N(soort,ev,basis,onz,stan)	1	709652	98.035
kuleuvenmail N(soort,ev,basis,zijd,stan)	1	709653	98.0352
kuitmassage N(soort,ev,basis,zijd,stan)	1	709654	98.0353
kuisen WW(vd,vrij,zonder)	1	709655	98.0354
kuipken WW(inf,vrij,zonder)	1	709656	98.0356
kuipken WW(inf,nom,zonder,zonder-n)	1	709657	98.0357
kuil N(soort,mv,basis)	1	709658	98.0359
kuil N(soort,ev,basis,zijd,stan)	1	709659	98.036
kuiken N(soort,mv,dim)	1	709660	98.0361
kuif N(soort,ev,dim,onz,stan)	1	709661	98.0363
kuden WW(pv,tgw,met-t)	1	709662	98.0364
kuch N(soort,ev,basis,zijd,stan)	1	709663	98.0365
kubtuin N(soort,ev,basis,zijd,stan)	1	709664	98.0367
kubica N(soort,ev,basis,zijd,stan)	1	709665	98.0368
kubb N(soort,ev,basis,zijd,stan)	1	709666	98.037
kuajw ADJ(vrij,basis,zonder)	1	709667	98.0371
kua N(soort,mv,basis)	1	709668	98.0372
ku-hut N(soort,ev,basis,zijd,stan)	1	709669	98.0374
kt WW(vd,vrij,zonder)	1	709670	98.0375
kstop N(soort,ev,basis,zijd,stan)	1	709671	98.0376
kstel N(soort,ev,basis,onz,stan)	1	709672	98.0378
kstap N(soort,ev,basis,zijd,stan)	1	709673	98.0379
kstanu SPEC(deeleigen)	1	709674	98.0381
kstaan WW(pv,tgw,ev)	1	709675	98.0382
kspring N(soort,ev,basis,zijd,stan)	1	709676	98.0383
ksnappet N(soort,ev,basis,zijd,stan)	1	709677	98.0385
ksit N(soort,ev,basis,zijd,stan)	1	709678	98.0386
ksie N(soort,ev,basis,zijd,stan)	1	709679	98.0388
krygen WW(pv,verl,mv)	1	709680	98.0389
kruukske N(soort,ev,dim,onz,stan)	1	709681	98.039
krulstaart N(soort,ev,dim,onz,stan)	1	709682	98.0392
krullie N(soort,ev,basis,zijd,stan)	1	709683	98.0393
kruk N(soort,mv,basis)	1	709684	98.0394
kruitdamp N(soort,mv,basis)	1	709685	98.0396
kruisinglll N(soort,ev,basis,zijd,stan)	1	709686	98.0397
kruisen WW(vd,vrij,zonder)	1	709687	98.0399
kruipe N(soort,ev,basis,onz,stan)	1	709688	98.04
kruiningen-yerseke N(soort,ev,dim,onz,stan)	1	709689	98.0401
kruimeldief N(soort,ev,basis,zijd,stan)	1	709690	98.0403
kruimel N(soort,mv,basis)	1	709691	98.0404
kruik N(soort,ev,dim,onz,stan)	1	709692	98.0405
kruik N(soort,ev,basis,zijd,stan)	1	709693	98.0407
kruidtuin N(soort,ev,basis,zijd,stan)	1	709694	98.0408
kruidenplant N(soort,mv,dim)	1	709695	98.041
kruidenboter N(soort,ev,basis,zijd,stan)	1	709696	98.0411
kruidenbitter N(soort,ev,basis,zijd,stan)	1	709697	98.0412
kruiden WW(vd,prenom,met-e)	1	709698	98.0414
krot N(soort,ev,basis,onz,stan)	1	709699	98.0415
krop N(soort,ev,basis,zijd,stan)	1	709700	98.0417
kroost N(soort,ev,basis,onz,stan)	1	709701	98.0418
kronkelchip N(soort,mv,basis)	1	709702	98.0419
kronenburg N(soort,ev,basis,onz,stan)	1	709703	98.0421
krols N(soort,mv,basis)	1	709704	98.0422
krols ADJ(prenom,basis,met-e,stan)	1	709705	98.0423
krokodill N(soort,ev,basis,zijd,stan)	1	709706	98.0425
krokmeneer N(soort,ev,basis,zijd,stan)	1	709707	98.0426
kroket N(soort,mv,basis)	1	709708	98.0428
krok N(soort,ev,basis,zijd,stan)	1	709709	98.0429
kroes ADJ(prenom,basis,met-e,stan)	1	709710	98.043
kroegnaam ADJ(vrij,basis,zonder)	1	709711	98.0432
kroegenspeurtocht WW(vd,vrij,zonder)	1	709712	98.0433
kroatiÃ« SPEC(deeleigen)	1	709713	98.0434
kroatisch ADJ(prenom,basis,met-e,stan)	1	709714	98.0436
kroatie N(soort,ev,basis,zijd,stan)	1	709715	98.0437
kritisch ADJ(prenom,basis,met-e,stan)	1	709716	98.0439
kristof SPEC(vreemd)	1	709717	98.044
kristin SPEC(vreemd)	1	709718	98.0441
kristal N(soort,ev,basis,onz,stan)	1	709719	98.0443
kriske N(soort,ev,dim,onz,stan)	1	709720	98.0444
kringwinkel WW(pv,tgw,ev)	1	709721	98.0446
kringwinkel N(soort,ev,basis,zijd,stan)	1	709722	98.0447
kringweekend ADJ(vrij,basis,zonder)	1	709723	98.0448
kringloop N(soort,ev,basis,zijd,stan)	1	709724	98.045
kringlid ADJ(vrij,basis,zonder)	1	709725	98.0451
kringhalfjaar ADJ(vrij,basis,zonder)	1	709726	98.0452
kringgenoot N(soort,mv,dim)	1	709727	98.0454
kringgenoot N(soort,mv,basis)	1	709728	98.0455
kringel N(soort,mv,basis)	1	709729	98.0457
krijsen WW(inf,vrij,zonder)	1	709730	98.0458
krijgslaan N(soort,ev,basis,zijd,stan)	1	709731	98.0459
krijgn SPEC(vreemd)	1	709732	98.0461
krigen WW(pv,tgw,met-t)	1	709733	98.0462
kriel N(soort,mv,dim)	1	709734	98.0464
kriekel ADJ(vrij,basis,zonder)	1	709735	98.0465
kriebelen WW(pv,verl,ev)	1	709736	98.0466
kriebelen WW(od,prenom,met-e)	1	709737	98.0468
kriebelen WW(inf,vrij,zonder)	1	709738	98.0469
kriebel N(soort,mv,dim)	1	709739	98.047
kriebel N(soort,mv,basis)	1	709740	98.0472
kriebel N(soort,ev,basis,zijd,stan)	1	709741	98.0473
kribbe N(soort,ev,basis,zijd,stan)	1	709742	98.0475
kreupel ADJ(nom,basis,met-e,mv-n)	1	709743	98.0476
kreun N(soort,mv,dim)	1	709744	98.0477
kreuk N(soort,mv,basis)	1	709745	98.0479
krentenwebsite N(soort,ev,basis,zijd,stan)	1	709746	98.048
krent N(soort,mv,basis)	1	709747	98.0481
kreng N(soort,ev,basis,onz,stan)	1	709748	98.0483
kreezie N(soort,ev,basis,zijd,stan)	1	709749	98.0484
kreet N(soort,ev,basis,zijd,stan)	1	709750	98.0486
krazy N(soort,ev,basis,zijd,stan)	1	709751	98.0487
krater N(soort,ev,basis,zijd,stan)	1	709752	98.0488
krat N(soort,mv,basis)	1	709753	98.049
krap ADJ(prenom,basis,met-e,stan)	1	709754	98.0491
krantenwinkel ADJ(prenom,basis,zonder)	1	709755	98.0493
krantenkop N(soort,mv,basis)	1	709756	98.0494
kramp N(soort,ev,basis,zijd,stan)	1	709757	98.0495
krakow N(soort,ev,basis,zijd,stan)	1	709758	98.0497
kraker N(soort,ev,basis,zijd,stan)	1	709759	98.0498
kraken WW(vd,vrij,zonder)	1	709760	98.0499
kraken WW(pv,verl,ev)	1	709761	98.0501
kraken WW(inf,vrij,zonder)	1	709762	98.0502
kraken WW(inf,nom,zonder,zonder-n)	1	709763	98.0504
krakau N(soort,ev,basis,onz,stan)	1	709764	98.0505
krachttraining N(soort,ev,basis,zijd,stan)	1	709765	98.0506
krachtig ADJ(vrij,basis,zonder)	1	709766	98.0508
krachtig ADJ(prenom,basis,met-e,stan)	1	709767	98.0509
krachtbalkindje N(soort,mv,dim)	1	709768	98.051
krabsalade N(soort,ev,basis,zijd,stan)	1	709769	98.0512
krablaag N(soort,ev,dim,onz,stan)	1	709770	98.0513
krabben WW(pv,tgw,mv)	1	709771	98.0515
krabbelen WW(inf,vrij,zonder)	1	709772	98.0516
kraan WW(vd,vrij,zonder)	1	709773	98.0517
kraam N(soort,mv,dim)	1	709774	98.0519
kraal N(soort,mv,dim)	1	709775	98.052
kraal N(soort,mv,basis)	1	709776	98.0522
kr ADJ(vrij,basis,zonder)	1	709777	98.0523
kqn N(soort,mv,basis)	1	709778	98.0524
kproberen WW(pv,tgw,ev)	1	709779	98.0526
kpijs N(soort,ev,basis,onz,stan)	1	709780	98.0527
kpeiz SPEC(vreemd)	1	709781	98.0528
kpak N(soort,ev,basis,zijd,stan)	1	709782	98.053
kowlier N(soort,ev,basis,onz,stan)	1	709783	98.0531
kouter N(soort,ev,basis,zijd,stan)	1	709784	98.0533
kout ADJ(prenom,basis,zonder)	1	709785	98.0534
kousje N(soort,mv,dim)	1	709786	98.0535
kousebroek N(soort,ev,basis,onz,stan)	1	709787	98.0537
koudzetten N(soort,mv,basis)	1	709788	98.0538
koudje N(soort,ev,dim,onz,stan)	1	709789	98.0539
kouddd WW(vd,vrij,zonder)	1	709790	98.0541
kotsende ADJ(prenom,basis,met-e,stan)	1	709791	98.0542
kotsen WW(od,vrij,zonder)	1	709792	98.0544
kotsbeu ADJ(vrij,basis,zonder)	1	709793	98.0545
kots N(soort,ev,basis,zijd,stan)	1	709794	98.0546
kostuumvest WW(vd,vrij,zonder)	1	709795	98.0548
kostuum N(soort,mv,basis)	1	709796	98.0549
kostelijk ADJ(vrij,basis,zonder)	1	709797	98.0551
korvelplein N(soort,ev,basis,zijd,stan)	1	709798	98.0552
korvelplein N(soort,ev,basis,onz,stan)	1	709799	98.0553
kortrijk SPEC(deeleigen)	1	709800	98.0555
kortrijk ADJ(prenom,basis,zonder)	1	709801	98.0556
kortingknaller N(soort,ev,basis,zijd,stan)	1	709802	98.0557
kortaf ADJ(vrij,basis,zonder)	1	709803	98.0559
kort ADJ(nom,sup,met-e,zonder-n,stan)	1	709804	98.056
kort ADJ(nom,basis,met-e,zonder-n,stan)	1	709805	98.0562
korst N(soort,ev,dim,onz,stan)	1	709806	98.0563
korrel N(soort,mv,basis)	1	709807	98.0564
kore SPEC(vreemd)	1	709808	98.0566
koppie N(soort,ev,dim,onz,stan)	1	709809	98.0567
koppen WW(vd,vrij,zonder)	1	709810	98.0568
koppeling N(soort,ev,basis,zijd,stan)	1	709811	98.057
koppelen WW(inf,vrij,zonder)	1	709812	98.0571
koppelafl N(soort,ev,basis,zijd,stan)	1	709813	98.0573
koppel N(soort,ev,dim,onz,stan)	1	709814	98.0574
koplamp N(soort,mv,basis)	1	709815	98.0575
koplamp N(soort,ev,basis,zijd,stan)	1	709816	98.0577
kopiÃ«ren WW(pv,tgw,mv)	1	709817	98.0578
kopieren WW(inf,nom,zonder,zonder-n)	1	709818	98.058
kopieermachine N(soort,mv,basis)	1	709819	98.0581
kopieercode N(soort,ev,basis,zijd,stan)	1	709820	98.0582
kopiedienst N(soort,ev,basis,zijd,stan)	1	709821	98.0584
koperwaren N(soort,mv,basis)	1	709822	98.0585
kopenhagen-plezier ADJ(vrij,comp,zonder)	1	709823	98.0586
kopen WW(pv,verl,mv)	1	709824	98.0588
kooten N(soort,mv,basis)	1	709825	98.0589
koortsgevoel N(soort,ev,basis,zijd,stan)	1	709826	98.0591
koortsachtig ADJ(vrij,basis,zonder)	1	709827	98.0592
koornlei N(soort,ev,basis,zijd,stan)	1	709828	98.0593
koor N(soort,mv,dim)	1	709829	98.0595
koopzondag N(soort,mv,basis)	1	709830	98.0596
koopte WW(pv,verl,ev)	1	709831	98.0598
koopovereenkomst N(soort,ev,basis,zijd,stan)	1	709832	98.0599
koopavnd N(soort,ev,basis,zijd,stan)	1	709833	98.06
koopa N(soort,ev,basis,zijd,stan)	1	709834	98.0602
koop N(soort,ev,dim,onz,stan)	1	709835	98.0603
kool N(soort,mv,basis)	1	709836	98.0604
kookwinkel N(soort,ev,basis,zijd,stan)	1	709837	98.0606
kook N(soort,ev,basis,zijd,stan)	1	709838	98.0607
kooijman@denhaagcentraal.net SPEC(symb)	1	709839	98.0609
kooi N(soort,ev,dim,onz,stan)	1	709840	98.061
koog N(soort,ev,basis,zijd,stan)	1	709841	98.0611
konyn N(soort,mv,dim)	1	709842	98.0613
kont N(soort,ev,dim,onz,stan)	1	709843	98.0614
koninklijk ADJ(prenom,basis,met-e,stan)	1	709844	98.0615
koninginnendag N(soort,ev,basis,zijd,stan)	1	709845	98.0617
koninginnedagfestival N(soort,ev,basis,onz,stan)	1	709846	98.0618
koninginnedag N(soort,ev,basis,zijd,stan)	1	709847	98.062
koningin N(soort,ev,basis,zijd,stan)	1	709848	98.0621
koning-aas N(soort,ev,basis,zijd,stan)	1	709849	98.0622
koning N(soort,ev,basis,gen)	1	709850	98.0624
koninck N(soort,ev,dim,onz,stan)	1	709851	98.0625
konijnenvoer N(soort,ev,basis,zijd,stan)	1	709852	98.0627
konijnenren WW(inf,vrij,zonder)	1	709853	98.0628
konijn N(soort,mv,basis)	1	709854	98.0629
kondigen WW(pv,tgw,mv)	1	709855	98.0631
kondig ADJ(vrij,basis,zonder)	1	709856	98.0632
kompas-versie N(soort,mv,basis)	1	709857	98.0633
komn BW()	1	709858	98.0635
komme WW(pv,tgw,ev)	1	709859	98.0636
komkommertijd N(soort,ev,basis,zijd,stan)	1	709860	98.0638
komkommer N(soort,mv,basis)	1	709861	98.0639
komju VNW(pers,pron,stan,nadr,2v,mv)	1	709862	98.064
komj SPEC(symb)	1	709863	98.0642
komiek ADJ(prenom,basis,met-e,stan)	1	709864	98.0643
koment WW(pv,tgw,met-t)	1	709865	98.0644
komen WW(vd,prenom,met-e)	1	709866	98.0646
komej WW(pv,verl,ev)	1	709867	98.0647
komej N(soort,ev,basis,onz,stan)	1	709868	98.0649
komeet N(soort,ev,basis,zijd,stan)	1	709869	98.065
komedie N(soort,ev,basis,zijd,stan)	1	709870	98.0651
kome N(soort,ev,basis,zijd,stan)	1	709871	98.0653
komde WW(od,prenom,met-e)	1	709872	98.0654
komde N(soort,mv,basis)	1	709873	98.0656
komdd WW(vd,vrij,zonder)	1	709874	98.0657
komaf N(soort,ev,basis,zijd,stan)	1	709875	98.0658
komaan N(soort,ev,basis,zijd,stan)	1	709876	98.066
kom. N(soort,ev,dim,onz,stan)	1	709877	98.0661
kom N(soort,mv,basis)	1	709878	98.0662
kolven WW(pv,tgw,met-t)	1	709879	98.0664
kolleez N(soort,ev,dim,onz,stan)	1	709880	98.0665
kolere N(soort,ev,basis,zijd,stan)	1	709881	98.0667
kolaarrrr ADJ(vrij,comp,zonder)	1	709882	98.0668
kokosthee N(soort,ev,basis,zijd,stan)	1	709883	98.0669
koken+ N(soort,ev,basis,zijd,stan)	1	709884	98.0671
koken WW(vd,prenom,met-e)	1	709885	98.0672
kokej N(soort,ev,basis,zijd,stan)	1	709886	98.0673
kogelvrye ADJ(prenom,basis,met-e,stan)	1	709887	98.0675
koffiezaak ADJ(vrij,basis,zonder)	1	709888	98.0676
koffietent N(soort,ev,basis,zijd,stan)	1	709889	98.0678
koffiestalker N(soort,ev,basis,zijd,stan)	1	709890	98.0679
koffieleut N(soort,ev,basis,zijd,stan)	1	709891	98.068
koffiekoek N(soort,mv,basis)	1	709892	98.0682
koffiekamer N(soort,ev,basis,zijd,stan)	1	709893	98.0683
koffiehoek N(soort,ev,basis,zijd,stan)	1	709894	98.0685
koffiedrinken WW(inf,vrij,zonder)	1	709895	98.0686
koffieautomaat N(soort,ev,basis,zijd,stan)	1	709896	98.0687
koffie-noodgeval N(soort,ev,basis,zijd,stan)	1	709897	98.0689
koffie-date N(soort,ev,basis,zijd,stan)	1	709898	98.069
koffie+ N(soort,ev,basis,zijd,stan)	1	709899	98.0691
koffie N(soort,mv,basis)	1	709900	98.0693
koffie ADJ(vrij,basis,zonder)	1	709901	98.0694
kof N(soort,ev,basis,zijd,stan)	1	709902	98.0696
koessie N(soort,mv,basis)	1	709903	98.0697
koer N(soort,ev,dim,onz,stan)	1	709904	98.0698
koepoortgarage N(soort,ev,basis,zijd,stan)	1	709905	98.07
koepeloverleg N(soort,ev,basis,onz,stan)	1	709906	98.0701
koenmagic SPEC(vreemd)	1	709907	98.0702
koenies N(soort,mv,basis)	1	709908	98.0704
koen WW(pv,verl,mv)	1	709909	98.0705
koen BW()	1	709910	98.0707
koen ADJ(dial)	1	709911	98.0708
koelventilator N(soort,ev,basis,zijd,stan)	1	709912	98.0709
koelie N(soort,ev,basis,zijd,stan)	1	709913	98.0711
koelende ADJ(prenom,basis,met-e,stan)	1	709914	98.0712
koelen WW(vd,prenom,met-e)	1	709915	98.0714
koelen WW(inf,vrij,zonder)	1	709916	98.0715
koelbox N(soort,ev,basis,zijd,stan)	1	709917	98.0716
koelast N(soort,ev,basis,zijd,stan)	1	709918	98.0718
koel ADJ(vrij,comp,zonder)	1	709919	98.0719
koekwau N(soort,mv,basis)	1	709920	98.072
koekenpan N(soort,ev,dim,onz,stan)	1	709921	98.0722
koekenbakker N(soort,ev,basis,zijd,stan)	1	709922	98.0723
koeken WW(inf,nom,zonder,zonder-n)	1	709923	98.0725
koeienmest WW(pv,tgw,met-t)	1	709924	98.0726
koeienmaag N(soort,ev,basis,zijd,stan)	1	709925	98.0727
koeienletter N(soort,mv,basis)	1	709926	98.0729
koedoe BW()	1	709927	98.073
koediekoedie N(soort,ev,basis,zijd,stan)	1	709928	98.0732
koe N(soort,ev,basis,zijd,stan)	1	709929	98.0733
kodakmoment N(soort,ev,basis,zijd,stan)	1	709930	98.0734
ko WW(pv,tgw,ev)	1	709931	98.0736
knutselmateriaal N(soort,ev,basis,onz,stan)	1	709932	98.0737
knutselen WW(vd,vrij,zonder)	1	709933	98.0738
knutselen WW(pv,tgw,mv)	1	709934	98.074
knutselen WW(inf,vrij,zonder)	1	709935	98.0741
knutselen WW(inf,nom,zonder,zonder-n)	1	709936	98.0743
knuteselweekend N(soort,mv,basis)	1	709937	98.0744
knussiessss N(soort,mv,basis)	1	709938	98.0745
knussert N(soort,ev,basis,zijd,stan)	1	709939	98.0747
knuss N(soort,ev,basis,zijd,stan)	1	709940	98.0748
knusjes N(soort,mv,dim)	1	709941	98.0749
knuppel N(soort,ev,basis,onz,stan)	1	709942	98.0751
knullevrind SPEC(vreemd)	1	709943	98.0752
knullevriend SPEC(vreemd)	1	709944	98.0754
knufltjs N(soort,ev,basis,onz,stan)	1	709945	98.0755
knuffl N(soort,ev,basis,zijd,stan)	1	709946	98.0756
knuffies N(soort,mv,basis)	1	709947	98.0758
knuffelkus N(soort,ev,dim,onz,stan)	1	709948	98.0759
knuffelkus N(soort,ev,basis,zijd,stan)	1	709949	98.0761
knuffelknuffelknuffel N(soort,ev,basis,zijd,stan)	1	709950	98.0762
knuffelennnn WW(inf,vrij,zonder)	1	709951	98.0763
knuffelen WW(inf,nom,zonder,zonder-n)	1	709952	98.0765
knuffelbeer N(soort,ev,basis,zijd,stan)	1	709953	98.0766
knuffeeeeeeel SPEC(deeleigen)	1	709954	98.0767
knuff N(soort,ev,basis,zijd,stan)	1	709955	98.0769
knuf WW(pv,verl,ev)	1	709956	98.077
knuf SPEC(vreemd)	1	709957	98.0772
knuf N(soort,ev,basis,onz,stan)	1	709958	98.0773
knudde N(soort,ev,basis,zijd,stan)	1	709959	98.0774
knowing SPEC(vreemd)	1	709960	98.0776
knorren WW(od,prenom,met-e)	1	709961	98.0777
knorpot N(soort,mv,basis)	1	709962	98.0778
knopfler N(soort,ev,basis,zijd,stan)	1	709963	98.078
knop N(soort,mv,basis)	1	709964	98.0781
knoopcel N(soort,ev,basis,zijd,stan)	1	709965	98.0783
knoop N(soort,mv,dim)	1	709966	98.0784
knoop N(soort,ev,dim,onz,stan)	1	709967	98.0785
knoop N(soort,ev,basis,zijd,stan)	1	709968	98.0787
knolselder-wortel N(soort,ev,basis,zijd,stan)	1	709969	98.0788
knolraap N(soort,ev,basis,zijd,stan)	1	709970	98.079
knol N(soort,ev,dim,onz,stan)	1	709971	98.0791
knokken WW(inf,nom,zonder,zonder-n)	1	709972	98.0792
knoflook N(soort,ev,basis,genus,stan)	1	709973	98.0794
knoalster N(soort,ev,basis,zijd,stan)	1	709974	98.0795
knn WW(pv,verl,mv)	1	709975	98.0796
knn N(soort,mv,basis)	1	709976	98.0798
knn N(soort,ev,basis,zijd,stan)	1	709977	98.0799
knmi-kaart N(soort,ev,dim,onz,stan)	1	709978	98.0801
knipperen WW(inf,vrij,zonder)	1	709979	98.0802
knippen WW(inf,vrij,zonder)	1	709980	98.0803
knippen WW(inf,nom,zonder,zonder-n)	1	709981	98.0805
knikken WW(inf,vrij,zonder)	1	709982	98.0806
knik N(soort,ev,dim,onz,stan)	1	709983	98.0807
knijpen WW(vd,vrij,zonder)	1	709984	98.0809
knijpen WW(inf,vrij,zonder)	1	709985	98.081
knieÃ«n WW(pv,verl,mv)	1	709986	98.0812
knieen N(soort,mv,basis)	1	709987	98.0813
knie N(soort,mv,basis)	1	709988	98.0814
kneutebeulen WW(inf,vrij,zonder)	1	709989	98.0816
kneut N(soort,mv,basis)	1	709990	98.0817
kneus N(soort,mv,dim)	1	709991	98.0819
kneus N(soort,mv,basis)	1	709992	98.082
kneus N(soort,ev,dim,onz,stan)	1	709993	98.0821
knetterhard ADJ(prenom,basis,zonder)	1	709994	98.0823
knettergek ADJ(vrij,basis,zonder)	1	709995	98.0824
knettergek ADJ(prenom,basis,met-e,stan)	1	709996	98.0825
knettergaar N(soort,ev,basis,zijd,stan)	1	709997	98.0827
knetteren WW(pv,tgw,met-t)	1	709998	98.0828
knetter N(soort,ev,basis,zijd,stan)	1	709999	98.083
knellen WW(pv,tgw,met-t)	1	710000	98.0831
knel N(soort,ev,basis,zijd,stan)	1	710001	98.0832
kneiterhits N(soort,ev,basis,onz,stan)	1	710002	98.0834
kneiterdruk N(soort,ev,basis,onz,stan)	1	710003	98.0835
kneiterdruk ADJ(vrij,basis,zonder)	1	710004	98.0836
kneiterbrak ADJ(vrij,basis,zonder)	1	710005	98.0838
knarsetanden WW(inf,nom,zonder,zonder-n)	1	710006	98.0839
knappen WW(pv,verl,ev)	1	710007	98.0841
knapenleider N(soort,ev,basis,zijd,stan)	1	710008	98.0842
knap ADJ(prenom,sup,met-e,stan)	1	710009	98.0843
knap ADJ(prenom,basis,zonder)	1	710010	98.0845
knallen WW(vd,vrij,zonder)	1	710011	98.0846
knallen WW(pv,tgw,ev)	1	710012	98.0848
knalklaar ADJ(vrij,basis,zonder)	1	710013	98.0849
knalfeesten WW(inf,vrij,zonder)	1	710014	98.085
knal N(soort,ev,basis,zijd,stan)	1	710015	98.0852
knakker N(soort,mv,basis)	1	710016	98.0853
knaep N(soort,mv,basis)	1	710017	98.0854
kn SPEC(vreemd)	1	710018	98.0856
kn SPEC(afk)	1	710019	98.0857
kmpet ADJ(vrij,basis,zonder)	1	710020	98.0859
kmoet WW(pv,verl,ev)	1	710021	98.086
kmoet ADJ(vrij,basis,zonder)	1	710022	98.0861
kmoeste TW(rang,prenom,stan)	1	710023	98.0863
kmoest WW(pv,tgw,ev)	1	710024	98.0864
kmoest N(soort,ev,basis,onz,stan)	1	710025	98.0866
kmoe SPEC(vreemd)	1	710026	98.0867
kmoe ADJ(prenom,basis,met-e,stan)	1	710027	98.0868
kmocht N(soort,ev,basis,zijd,stan)	1	710028	98.087
kmocht N(soort,ev,basis,onz,stan)	1	710029	98.0871
kmerk N(soort,ev,basis,onz,stan)	1	710030	98.0872
kmail N(soort,ev,basis,onz,stan)	1	710031	98.0874
kmag WW(pv,verl,ev)	1	710032	98.0875
kmaak N(soort,ev,basis,zijd,stan)	1	710033	98.0877
km SPEC(afk)	1	710034	98.0878
klutsding N(soort,ev,basis,zijd,stan)	1	710035	98.0879
kluts N(soort,ev,basis,zijd,stan)	1	710036	98.0881
klusvreugde WW(pv,verl,ev)	1	710037	98.0882
klusser N(soort,ev,basis,zijd,stan)	1	710038	98.0883
klusman N(soort,mv,basis)	1	710039	98.0885
klusjesman N(soort,ev,basis,zijd,stan)	1	710040	98.0886
klusjesdag N(soort,ev,basis,zijd,stan)	1	710041	98.0888
klusdag WW(pv,verl,ev)	1	710042	98.0889
klusdag BW()	1	710043	98.089
kluizenaar N(soort,ev,basis,zijd,stan)	1	710044	98.0892
kluisteren WW(vd,vrij,zonder)	1	710045	98.0893
kluis N(soort,mv,dim)	1	710046	98.0895
kluis N(soort,ev,dim,onz,stan)	1	710047	98.0896
kluis N(soort,ev,basis,zijd,stan)	1	710048	98.0897
kluchtig ADJ(vrij,basis,zonder)	1	710049	98.0899
klucht N(soort,mv,dim)	1	710050	98.09
klucht N(soort,ev,basis,zijd,stan)	1	710051	98.0901
kloten WW(inf,nom,zonder,zonder-n)	1	710052	98.0903
klotebouwvakker N(soort,mv,basis)	1	710053	98.0904
klos N(soort,ev,basis,zijd,stan)	1	710054	98.0906
kloppen WW(pv,verl,ev)	1	710055	98.0907
kloppen WW(pv,tgw,mv)	1	710056	98.0908
kloppen WW(pv,tgw,ev)	1	710057	98.091
klop N(soort,ev,dim,onz,stan)	1	710058	98.0911
klootzak N(soort,ev,basis,zijd,stan)	1	710059	98.0912
klootviolen WW(inf,vrij,zonder)	1	710060	98.0914
klooster N(soort,ev,basis,onz,stan)	1	710061	98.0915
kloop WW(pv,verl,ev)	1	710062	98.0917
klooien WW(inf,vrij,zonder)	1	710063	98.0918
klont N(soort,ev,dim,onz,stan)	1	710064	98.0919
klomp N(soort,mv,basis)	1	710065	98.0921
klokslag N(soort,ev,basis,zijd,stan)	1	710066	98.0922
klokkijken WW(inf,vrij,zonder)	1	710067	98.0924
klockan N(soort,ev,basis,zijd,stan)	1	710068	98.0925
klnken WW(pv,tgw,met-t)	1	710069	98.0926
klmmen WW(inf,vrij,zonder)	1	710070	98.0928
klintvej N(soort,ev,basis,zijd,stan)	1	710071	98.0929
klint N(soort,ev,basis,zijd,stan)	1	710072	98.093
klinktruc N(soort,ev,basis,zijd,stan)	1	710073	98.0932
klinktet WW(vd,vrij,zonder)	1	710074	98.0933
klinken WW(vd,vrij,zonder)	1	710075	98.0935
klinken WW(pv,verl,mv)	1	710076	98.0936
klinken WW(pv,tgw,ev)	1	710077	98.0937
klimplezier ADJ(vrij,comp,zonder)	1	710078	98.0939
klimp N(soort,ev,dim,onz,stan)	1	710079	98.094
klimp N(soort,ev,basis,zijd,stan)	1	710080	98.0941
klimmen WW(vd,vrij,zonder)	1	710081	98.0943
klimfiestjeuh N(soort,ev,basis,onz,stan)	1	710082	98.0944
kliko N(soort,ev,basis,zijd,stan)	1	710083	98.0946
klikken WW(pv,verl,ev)	1	710084	98.0947
klik N(soort,ev,basis,zijd,stan)	1	710085	98.0948
klijnsma N(soort,ev,basis,zijd,stan)	1	710086	98.095
kliederen WW(vd,vrij,zonder)	1	710087	98.0951
klezmer N(soort,ev,basis,zijd,stan)	1	710088	98.0953
kleven WW(pv,tgw,mv)	1	710089	98.0954
kleuterleidster N(soort,ev,basis,zijd,stan)	1	710090	98.0955
kleurstof N(soort,ev,basis,zijd,stan)	1	710091	98.0957
kleurloos ADJ(prenom,basis,zonder)	1	710092	98.0958
kleurig ADJ(prenom,basis,met-e,stan)	1	710093	98.0959
kleuren WW(vd,vrij,zonder)	1	710094	98.0961
kleuren WW(inf,vrij,zonder)	1	710095	98.0962
kletteren WW(pv,tgw,met-t)	1	710096	98.0964
kletsnat N(soort,ev,basis,zijd,stan)	1	710097	98.0965
kletsen WW(pv,tgw,mv)	1	710098	98.0966
klets N(soort,ev,basis,zijd,stan)	1	710099	98.0968
klender N(soort,ev,basis,zijd,stan)	1	710100	98.0969
kleinschalig ADJ(vrij,basis,zonder)	1	710101	98.097
kleinde WW(od,prenom,met-e)	1	710102	98.0972
klein ADJ(prenom,sup,met-e,stan)	1	710103	98.0973
klein ADJ(nom,basis,zonder,zonder-n)	1	710104	98.0975
klein ADJ(dial)	1	710105	98.0976
klef WW(pv,tgw,ev)	1	710106	98.0977
klef ADJ(prenom,basis,zonder)	1	710107	98.0979
klef ADJ(prenom,basis,met-e,stan)	1	710108	98.098
klees N(soort,ev,basis,onz,stan)	1	710109	98.0982
kleerschreuren N(soort,mv,basis)	1	710110	98.0983
kleermakerzit N(soort,ev,basis,zijd,stan)	1	710111	98.0984
kleerkast N(soort,ev,basis,zijd,stan)	1	710112	98.0986
kleerhanger N(soort,ev,basis,zijd,stan)	1	710113	98.0987
kledingstuk N(soort,mv,basis)	1	710114	98.0988
kledingmaat N(soort,mv,basis)	1	710115	98.099
kledingkast N(soort,ev,basis,zijd,stan)	1	710116	98.0991
kleden WW(vd,vrij,zonder)	1	710117	98.0993
kleden WW(pv,tgw,met-t)	1	710118	98.0994
kleden WW(pv,tgw,ev)	1	710119	98.0995
kleden WW(inf,nom,zonder,zonder-n)	1	710120	98.0997
klassiek ADJ(vrij,comp,zonder)	1	710121	98.0998
klassiek ADJ(prenom,basis,zonder)	1	710122	98.1
klasseren WW(inf,vrij,zonder)	1	710123	98.1001
klassenfoto N(soort,mv,basis)	1	710124	98.1002
klassenavond WW(od,vrij,zonder)	1	710125	98.1004
klas N(soort,mv,dim)	1	710126	98.1005
klarenbeek N(soort,ev,basis,zijd,stan)	1	710127	98.1006
klapzoen N(soort,mv,basis)	1	710128	98.1008
klapstoel N(soort,mv,basis)	1	710129	98.1009
klapstoel N(soort,ev,dim,onz,stan)	1	710130	98.1011
klaprooslaan N(soort,ev,basis,onz,stan)	1	710131	98.1012
klaprooslaan BW()	1	710132	98.1013
klapper N(soort,mv,basis)	1	710133	98.1015
klaplong N(soort,ev,basis,zijd,stan)	1	710134	98.1016
klapband N(soort,ev,basis,zijd,stan)	1	710135	98.1017
klap N(soort,mv,dim)	1	710136	98.1019
klap N(soort,ev,dim,onz,stan)	1	710137	98.102
klantnummer WW(pv,tgw,ev)	1	710138	98.1022
klantennummer N(soort,ev,basis,zijd,stan)	1	710139	98.1023
klantennummer N(soort,ev,basis,onz,stan)	1	710140	98.1024
klantenkaart N(soort,ev,basis,zijd,stan)	1	710141	98.1026
klank N(soort,ev,basis,zijd,stan)	1	710142	98.1027
klakske ADJ(prenom,basis,met-e,stan)	1	710143	98.1029
klag N(soort,ev,basis,zijd,stan)	1	710144	98.103
klaer N(soort,ev,basis,zijd,stan)	1	710145	98.1031
kladden WW(inf,vrij,zonder)	1	710146	98.1033
klaarzetten WW(pv,tgw,mv)	1	710147	98.1034
klaarzetten WW(inf,nom,zonder,zonder-n)	1	710148	98.1035
klaarstaan WW(pv,verl,ev)	1	710149	98.1037
klaarmaken WW(inf,nom,zonder,zonder-n)	1	710150	98.1038
klaarliggen WW(inf,vrij,zonder)	1	710151	98.104
klaarleggen WW(vd,vrij,zonder)	1	710152	98.1041
klaarkomen WW(inf,vrij,zonder)	1	710153	98.1042
klaarhouden WW(pv,verl,mv)	1	710154	98.1044
klaarhebben WW(inf,vrij,zonder)	1	710155	98.1045
klaarblijkelijk ADJ(vrij,basis,zonder)	1	710156	98.1046
klaar ADJ(prenom,basis,met-e,stan)	1	710157	98.1048
klaaar ADJ(vrij,basis,zonder)	1	710158	98.1049
klaaaaaaaaar N(soort,ev,basis,zijd,stan)	1	710159	98.1051
kl N(soort,ev,basis,zijd,stan)	1	710160	98.1052
kkzooi N(soort,ev,basis,zijd,stan)	1	710161	98.1053
kkan WW(pv,verl,mv)	1	710162	98.1055
kkan WW(pv,tgw,mv)	1	710163	98.1056
kkaar N(soort,ev,basis,zijd,stan)	1	710164	98.1058
kitty N(soort,ev,basis,zijd,stan)	1	710165	98.1059
kitscherig ADJ(prenom,basis,met-e,stan)	1	710166	98.106
kitsch N(soort,ev,basis,zijd,stan)	1	710167	98.1062
kitchen N(soort,mv,basis)	1	710168	98.1063
kit N(soort,ev,basis,zijd,stan)	1	710169	98.1064
kisten WW(inf,vrij,zonder)	1	710170	98.1066
kist N(soort,ev,basis,zijd,stan)	1	710171	98.1067
kissss SPEC(symb)	1	710172	98.1069
kissing SPEC(vreemd)	1	710173	98.107
kissies SPEC(vreemd)	1	710174	98.1071
kisses SPEC(vreemd)	1	710175	98.1073
kiss+ride N(soort,ev,basis,zijd,stan)	1	710176	98.1074
kiss N(soort,ev,basis,onz,stan)	1	710177	98.1075
kirstenschonbeck N(soort,ev,basis,zijd,stan)	1	710178	98.1077
kirsten WW(inf,vrij,zonder)	1	710179	98.1078
kir SPEC(vreemd)	1	710180	98.108
kipschnitzel N(soort,ev,basis,zijd,stan)	1	710181	98.1081
kipsate N(soort,mv,basis)	1	710182	98.1082
kippestoofpotje N(soort,ev,dim,onz,stan)	1	710183	98.1084
kippensoep N(soort,ev,basis,zijd,stan)	1	710184	98.1085
kippenkraam N(soort,ev,basis,zijd,stan)	1	710185	98.1087
kippenfilet N(soort,ev,basis,zijd,stan)	1	710186	98.1088
kippenbouillon N(soort,ev,basis,zijd,stan)	1	710187	98.1089
kippekruid N(soort,mv,basis)	1	710188	98.1091
kipkruiden N(soort,mv,basis)	1	710189	98.1092
kipfilet N(soort,mv,basis)	1	710190	98.1093
kipfilet N(soort,ev,basis,zijd,stan)	1	710191	98.1095
kipding N(soort,mv,basis)	1	710192	98.1096
kip N(soort,ev,dim,onz,stan)	1	710193	98.1098
kiosk N(soort,ev,basis,zijd,stan)	1	710194	98.1099
kino N(soort,ev,basis,zijd,stan)	1	710195	98.11
kinky SPEC(deeleigen)	1	710196	98.1102
kink N(soort,ev,basis,zijd,stan)	1	710197	98.1103
kings SPEC(vreemd)	1	710198	98.1104
kingdom SPEC(vreemd)	1	710199	98.1106
king SPEC(vreemd)	1	710200	98.1107
kinesitherapie N(soort,ev,basis,zijd,stan)	1	710201	98.1109
kinect N(soort,ev,basis,zijd,stan)	1	710202	98.111
kinds SPEC(vreemd)	1	710203	98.1111
kindloos ADJ(vrij,basis,zonder)	1	710204	98.1113
kindja N(soort,ev,basis,zijd,stan)	1	710205	98.1114
kinderwens N(soort,ev,basis,zijd,stan)	1	710206	98.1116
kinderlokster N(soort,ev,basis,zijd,stan)	1	710207	98.1117
kindergeld N(soort,ev,basis,onz,stan)	1	710208	98.1118
kinderfilm N(soort,mv,basis)	1	710209	98.112
kinderafdeling N(soort,ev,basis,zijd,stan)	1	710210	98.1121
kinderachtig ADJ(vrij,basis,zonder)	1	710211	98.1122
kinda N(soort,mv,basis)	1	710212	98.1124
kind SPEC(vreemd)	1	710213	98.1125
kimmieh N(soort,ev,basis,zijd,stan)	1	710214	98.1127
kimmen WW(pv,tgw,ev)	1	710215	98.1128
kimende N(soort,ev,basis,zijd,stan)	1	710216	98.1129
kimen WW(inf,vrij,zonder)	1	710217	98.1131
kim N(soort,ev,dim,onz,stan)	1	710218	98.1132
kilten N(soort,mv,basis)	1	710219	98.1134
kilowatt N(soort,ev,basis,zijd,stan)	1	710220	98.1135
kilometer N(soort,mv,basis)	1	710221	98.1136
kilometer N(soort,ev,basis,zijd,stan)	1	710222	98.1138
kilo N(soort,ev,basis,onz,stan)	1	710223	98.1139
kilo N(soort,ev,basis,genus,stan)	1	710224	98.114
killing SPEC(vreemd)	1	710225	98.1142
killing N(soort,ev,basis,zijd,stan)	1	710226	98.1143
kikkerland N(soort,ev,dim,onz,stan)	1	710227	98.1145
kikker N(soort,mv,basis)	1	710228	98.1146
kikker N(soort,ev,dim,onz,stan)	1	710229	98.1147
kikker N(soort,ev,basis,zijd,stan)	1	710230	98.1149
kijkplezier N(soort,ev,basis,zijd,stan)	1	710231	98.115
kijkoperatie N(soort,ev,basis,zijd,stan)	1	710232	98.1151
kijkn SPEC(deeleigen)	1	710233	98.1153
kijker N(soort,mv,basis)	1	710234	98.1154
kijkenxd N(soort,ev,basis,zijd,stan)	1	710235	98.1156
kijken WW(vd,prenom,zonder)	1	710236	98.1157
kijken WW(pv,verl,mv)	1	710237	98.1158
kijkduin N(soort,ev,basis,zijd,stan)	1	710238	98.116
kijkdn WW(inf,vrij,zonder)	1	710239	98.1161
kijkcijfer N(soort,mv,basis)	1	710240	98.1163
kijkavond N(soort,mv,basis)	1	710241	98.1164
kij ADJ(vrij,basis,zonder)	1	710242	98.1165
kiezen WW(pv,verl,mv)	1	710243	98.1167
kietelen WW(inf,vrij,zonder)	1	710244	98.1168
kiet N(soort,ev,basis,zijd,stan)	1	710245	98.1169
kiescantus N(soort,ev,basis,zijd,stan)	1	710246	98.1171
kier N(soort,ev,dim,onz,stan)	1	710247	98.1172
kieperen WW(inf,vrij,zonder)	1	710248	98.1174
kiepen WW(pv,tgw,met-t)	1	710249	98.1175
kiekie N(soort,ev,basis,zijd,stan)	1	710250	98.1176
kiekenfestijn N(soort,ev,basis,zijd,stan)	1	710251	98.1178
kieken N(soort,ev,basis,onz,stan)	1	710252	98.1179
kids N(soort,mv,basis)	1	710253	98.118
kidoki N(soort,mv,basis)	1	710254	98.1182
kidneys SPEC(vreemd)	1	710255	98.1183
kidding N(soort,ev,basis,zijd,stan)	1	710256	98.1185
kickoff WW(pv,tgw,met-t)	1	710257	98.1186
kickeren WW(inf,nom,zonder,zonder-n)	1	710258	98.1187
kicker N(soort,ev,basis,zijd,stan)	1	710259	98.1189
kicken WW(inf,vrij,zonder)	1	710260	98.119
kick-off SPEC(vreemd)	1	710261	98.1192
kichi N(soort,ev,basis,zijd,stan)	1	710262	98.1193
kibbelen WW(pv,tgw,mv)	1	710263	98.1194
kiado SPEC(vreemd)	1	710264	98.1196
khouden WW(pv,tgw,ev)	1	710265	98.1197
khoop WW(pv,verl,ev)	1	710266	98.1198
khmer N(soort,ev,basis,zijd,stan)	1	710267	98.12
khleuveninformaticus N(soort,mv,basis)	1	710268	98.1201
khleuf N(soort,mv,basis)	1	710269	98.1203
khem ADJ(prenom,basis,zonder)	1	710270	98.1204
khebt N(soort,ev,basis,zijd,stan)	1	710271	98.1205
khebbet SPEC(vreemd)	1	710272	98.1207
khebbet N(soort,ev,basis,zijd,stan)	1	710273	98.1208
khebber N(soort,ev,basis,zijd,stan)	1	710274	98.1209
khebben WW(pv,tgw,met-t)	1	710275	98.1211
kheb'n N(soort,mv,basis)	1	710276	98.1212
khb N(soort,ev,basis,zijd,stan)	1	710277	98.1214
khad WW(vd,vrij,zonder)	1	710278	98.1215
khad WW(od,vrij,zonder)	1	710279	98.1216
kh N(soort,ev,basis,zijd,stan)	1	710280	98.1218
kgaj N(soort,ev,basis,zijd,stan)	1	710281	98.1219
kgad N(soort,ev,basis,zijd,stan)	1	710282	98.1221
kg. SPEC(afk)	1	710283	98.1222
kfc VZ(init)	1	710284	98.1223
kfc SPEC(vreemd)	1	710285	98.1225
kfc N(soort,mv,basis)	1	710286	98.1226
keys SPEC(vreemd)	1	710287	98.1227
keynote WW(pv,verl,ev)	1	710288	98.1229
key N(soort,ev,basis,zijd,stan)	1	710289	98.123
kevin N(soort,ev,basis,zijd,stan)	1	710290	98.1232
kever N(soort,mv,dim)	1	710291	98.1233
kever N(soort,ev,basis,zijd,stan)	1	710292	98.1234
keven N(soort,mv,basis)	1	710293	98.1236
keuring N(soort,ev,basis,zijd,stan)	1	710294	98.1237
keuren WW(vd,vrij,zonder)	1	710295	98.1238
keuns N(soort,mv,basis)	1	710296	98.124
keun N(soort,mv,dim)	1	710297	98.1241
keul N(soort,mv,basis)	1	710298	98.1243
keukentent N(soort,ev,basis,zijd,stan)	1	710299	98.1244
keukenreiniger N(soort,ev,basis,zijd,stan)	1	710300	98.1245
keukenprinces N(soort,ev,dim,onz,stan)	1	710301	98.1247
keukenploeg N(soort,ev,basis,onz,stan)	1	710302	98.1248
keukenmeidenroman N(soort,ev,basis,zijd,stan)	1	710303	98.125
keukenla N(soort,ev,basis,zijd,stan)	1	710304	98.1251
keukenhanddoek N(soort,ev,basis,zijd,stan)	1	710305	98.1252
keukending N(soort,mv,basis)	1	710306	98.1254
keukendeur N(soort,ev,basis,zijd,stan)	1	710307	98.1255
keukenboer N(soort,ev,basis,zijd,stan)	1	710308	98.1256
keuken N(soort,ev,dim,onz,stan)	1	710309	98.1258
ketting N(soort,mv,basis)	1	710310	98.1259
ketting N(soort,ev,dim,onz,stan)	1	710311	98.1261
ketrien N(soort,mv,basis)	1	710312	98.1262
ketjap N(soort,ev,basis,zijd,stan)	1	710313	98.1263
ketel N(soort,ev,basis,zijd,stan)	1	710314	98.1265
ketchup N(soort,ev,basis,zijd,stan)	1	710315	98.1266
kessels N(soort,mv,basis)	1	710316	98.1268
kerstwonder N(soort,ev,basis,zijd,stan)	1	710317	98.1269
kerstweek N(soort,ev,basis,onz,stan)	1	710318	98.127
kerstvakantieplan N(soort,mv,basis)	1	710319	98.1272
kerstomaat N(soort,mv,dim)	1	710320	98.1273
kerstmarkt N(soort,ev,dim,onz,stan)	1	710321	98.1274
kerstman N(soort,ev,basis,zijd,stan)	1	710322	98.1276
kerstkransje N(soort,mv,dim)	1	710323	98.1277
kerstkado SPEC(deeleigen)	1	710324	98.1279
kerstkaartsudoku N(soort,ev,basis,zijd,stan)	1	710325	98.128
kerstinkoop N(soort,mv,basis)	1	710326	98.1281
kerstgevoel N(soort,ev,basis,zijd,stan)	1	710327	98.1283
kerstgedachte N(soort,ev,basis,zijd,stan)	1	710328	98.1284
kerstdinermail N(soort,ev,dim,onz,stan)	1	710329	98.1285
kerstdiner N(soort,ev,basis,onz,stan)	1	710330	98.1287
kerstdag N(soort,mv,basis)	1	710331	98.1288
kerstbal N(soort,ev,basis,zijd,stan)	1	710332	98.129
kerstavond SPEC(deeleigen)	1	710333	98.1291
kerst-extravaganza N(soort,ev,basis,zijd,stan)	1	710334	98.1292
kernhem N(soort,ev,basis,onz,stan)	1	710335	98.1294
kermesse N(soort,ev,basis,zijd,stan)	1	710336	98.1295
kerlin N(soort,ev,dim,onz,stan)	1	710337	98.1297
kerktoren N(soort,ev,basis,zijd,stan)	1	710338	98.1298
kerkplein N(soort,ev,basis,onz,stan)	1	710339	98.1299
kerkhof N(soort,ev,basis,onz,stan)	1	710340	98.1301
kerkganger N(soort,mv,basis)	1	710341	98.1302
kerkelijk ADJ(vrij,basis,zonder)	1	710342	98.1303
kerkelijk ADJ(prenom,basis,zonder)	1	710343	98.1305
kerkdinges N(soort,mv,dim)	1	710344	98.1306
kerk+lunch ADJ(vrij,basis,zonder)	1	710345	98.1308
kerk SPEC(vreemd)	1	710346	98.1309
keren WW(pv,tgw,mv)	1	710347	98.131
keren WW(inf,vrij,zonder)	1	710348	98.1312
keramiek N(soort,mv,basis)	1	710349	98.1313
keppekes SPEC(vreemd)	1	710350	98.1314
keppekes N(soort,mv,basis)	1	710351	98.1316
kepen WW(pv,tgw,met-t)	1	710352	98.1317
kep N(soort,ev,basis,zijd,stan)	1	710353	98.1319
kenter N(soort,ev,basis,zijd,stan)	1	710354	98.132
kensington N(soort,ev,basis,onz,stan)	1	710355	98.1321
kenny SPEC(deeleigen)	1	710356	98.1323
kennismakingskring N(soort,ev,basis,zijd,stan)	1	710357	98.1324
kennisbank N(soort,ev,basis,zijd,stan)	1	710358	98.1326
kenniknienee N(soort,ev,basis,zijd,stan)	1	710359	98.1327
kenneth SPEC(deeleigen)	1	710360	98.1328
kennet N(soort,ev,basis,onz,stan)	1	710361	98.133
kenneke N(soort,ev,dim,onz,stan)	1	710362	98.1331
kennedy SPEC(vreemd)	1	710363	98.1332
kenk WW(od,vrij,zonder)	1	710364	98.1334
ken SPEC(vreemd)	1	710365	98.1335
kelly N(soort,ev,basis,zijd,stan)	1	710366	98.1337
keldertrap N(soort,ev,basis,zijd,stan)	1	710367	98.1338
keldergezocht N(soort,ev,basis,zijd,stan)	1	710368	98.1339
kelderen WW(vd,vrij,zonder)	1	710369	98.1341
keksupermarkt N(soort,mv,basis)	1	710370	98.1342
kekbestuur N(soort,ev,basis,zijd,stan)	1	710371	98.1343
kekapparaat N(soort,ev,basis,onz,stan)	1	710372	98.1345
keizwaar ADJ(vrij,basis,zonder)	1	710373	98.1346
keizersnede N(soort,ev,basis,zijd,stan)	1	710374	98.1348
keizer N(soort,ev,basis,zijd,stan)	1	710375	98.1349
keivol ADJ(vrij,basis,zonder)	1	710376	98.135
keiver ADJ(vrij,basis,zonder)	1	710377	98.1352
keiveel ADJ(vrij,basis,zonder)	1	710378	98.1353
keivaak ADJ(vrij,basis,zonder)	1	710379	98.1355
keisimpel N(soort,ev,basis,onz,stan)	1	710380	98.1356
keisimpel ADJ(vrij,basis,zonder)	1	710381	98.1357
keirustig ADJ(vrij,basis,zonder)	1	710382	98.1359
keiraar ADJ(vrij,basis,zonder)	1	710383	98.136
kein N(soort,mv,basis)	1	710384	98.1361
keimooi ADJ(vrij,basis,zonder)	1	710385	98.1363
keimoeilijk ADJ(vrij,basis,zonder)	1	710386	98.1364
keimoe ADJ(vrij,basis,zonder)	1	710387	98.1366
keiluid N(soort,ev,basis,zijd,stan)	1	710388	98.1367
keiknap N(soort,ev,basis,zijd,stan)	1	710389	98.1368
keijong N(soort,ev,basis,zijd,stan)	1	710390	98.137
keihard ADJ(prenom,basis,met-e,stan)	1	710391	98.1371
keigoedkoop N(soort,ev,basis,zijd,stan)	1	710392	98.1373
keigoe N(soort,ev,basis,zijd,stan)	1	710393	98.1374
keiglad N(soort,ev,basis,onz,stan)	1	710394	98.1375
keifijn N(soort,ev,basis,zijd,stan)	1	710395	98.1377
keiduur ADJ(vrij,basis,zonder)	1	710396	98.1378
keichille ADJ(prenom,basis,met-e,stan)	1	710397	98.1379
kei-verdrietig ADJ(vrij,basis,zonder)	1	710398	98.1381
kei-rustig ADJ(vrij,basis,zonder)	1	710399	98.1382
kegelvormig ADJ(prenom,basis,met-e,stan)	1	710400	98.1384
kegelen WW(inf,vrij,zonder)	1	710401	98.1385
keffer N(soort,mv,basis)	1	710402	98.1386
keessaus N(soort,ev,basis,zijd,stan)	1	710403	98.1388
keerzoen N(soort,mv,basis)	1	710404	98.1389
keer N(soort,ev,basis,onz,stan)	1	710405	98.139
keeltablet N(soort,mv,basis)	1	710406	98.1392
kedeng-kedeng N(soort,ev,basis,zijd,stan)	1	710407	98.1393
kebap N(soort,ev,basis,zijd,stan)	1	710408	98.1395
kebabzaak ADJ(vrij,basis,zonder)	1	710409	98.1396
keb SPEC(symb)	1	710410	98.1397
ke VNW(aanw,adv-pron,stan,red,3,getal)	1	710411	98.1399
kdyz SPEC(vreemd)	1	710412	98.14
kdurf N(soort,ev,basis,zijd,stan)	1	710413	98.1402
kdenket WW(pv,tgw,ev)	1	710414	98.1403
kdenk WW(pv,verl,ev)	1	710415	98.1404
kdenk SPEC(vreemd)	1	710416	98.1406
kdeed N(soort,ev,basis,onz,stan)	1	710417	98.1407
kdachtekik ADJ(prenom,basis,zonder)	1	710418	98.1408
kdacht ADJ(vrij,basis,zonder)	1	710419	98.141
kbent N(soort,ev,basis,onz,stan)	1	710420	98.1411
kbenner N(soort,ev,basis,zijd,stan)	1	710421	98.1413
kben WW(pv,verl,mv)	1	710422	98.1414
kben WW(pv,tgw,ev)	1	710423	98.1415
kben TW(hoofd,prenom,stan)	1	710424	98.1417
kben ADJ(vrij,basis,zonder)	1	710425	98.1418
kbelen WW(pv,verl,ev)	1	710426	98.1419
kbekyk N(soort,ev,basis,zijd,stan)	1	710427	98.1421
kbegin N(soort,ev,basis,onz,stan)	1	710428	98.1422
kbedenken WW(pv,tgw,ev)	1	710429	98.1424
kbcpresentatie N(soort,ev,basis,zijd,stan)	1	710430	98.1425
kbck N(soort,ev,basis,zijd,stan)	1	710431	98.1426
kazoo N(soort,ev,basis,zijd,stan)	1	710432	98.1428
kazerne N(soort,ev,basis,zijd,stan)	1	710433	98.1429
kazakding N(soort,ev,basis,zijd,stan)	1	710434	98.1431
kayakken WW(inf,nom,zonder,zonder-n)	1	710435	98.1432
kauwgombal N(soort,ev,basis,zijd,stan)	1	710436	98.1433
kaushal N(soort,ev,basis,zijd,stan)	1	710437	98.1435
katznkut N(soort,ev,basis,zijd,stan)	1	710438	98.1436
kattespoelstr N(soort,ev,basis,zijd,stan)	1	710439	98.1437
kattenziekte N(soort,ev,basis,zijd,stan)	1	710440	98.1439
kattenzaken WW(inf,vrij,zonder)	1	710441	98.144
kattenvoer N(soort,ev,basis,onz,stan)	1	710442	98.1442
kattenpis N(soort,ev,basis,zijd,stan)	1	710443	98.1443
kattenhumor ADJ(vrij,basis,zonder)	1	710444	98.1444
kattenbak N(soort,mv,basis)	1	710445	98.1446
kattenbak N(soort,ev,basis,zijd,stan)	1	710446	98.1447
kattelam N(soort,ev,basis,zijd,stan)	1	710447	98.1448
kattebak N(soort,ev,basis,zijd,stan)	1	710448	98.145
katrijn N(soort,ev,basis,zijd,stan)	1	710449	98.1451
katinka SPEC(symb)	1	710450	98.1453
katinka SPEC(deeleigen)	1	710451	98.1454
katinka N(soort,mv,basis)	1	710452	98.1455
kathmandu SPEC(vreemd)	1	710453	98.1457
kathelijne N(soort,ev,basis,zijd,stan)	1	710454	98.1458
kathedraal N(soort,ev,basis,zijd,stan)	1	710455	98.146
katerontbijt N(soort,ev,basis,zijd,stan)	1	710456	98.1461
kateren N(soort,mv,basis)	1	710457	98.1462
kater N(soort,mv,basis)	1	710458	98.1464
kat N(soort,dial)	1	710459	98.1465
kaszinsky SPEC(vreemd)	1	710460	98.1466
kastplint N(soort,ev,basis,zijd,stan)	1	710461	98.1468
kasteelstraat N(soort,ev,basis,zijd,stan)	1	710462	98.1469
kasteelbier N(soort,ev,basis,onz,stan)	1	710463	98.1471
kastar N(soort,ev,basis,zijd,stan)	1	710464	98.1472
kastar ADJ(vrij,basis,zonder)	1	710465	98.1473
kastanje N(soort,mv,basis)	1	710466	98.1475
kast SPEC(vreemd)	1	710467	98.1476
kast N(soort,mv,dim)	1	710468	98.1477
kasken N(soort,mv,basis)	1	710469	98.1479
kas N(soort,ev,dim,onz,stan)	1	710470	98.148
karwei-sticker N(soort,mv,basis)	1	710471	98.1482
kartoffelsalat SPEC(vreemd)	1	710472	98.1483
karper N(soort,ev,basis,zijd,stan)	1	710473	98.1484
karpendonkse ADJ(prenom,basis,met-e,stan)	1	710474	98.1486
karnietoerek N(soort,ev,basis,zijd,stan)	1	710475	98.1487
karmeliet ADJ(vrij,basis,zonder)	1	710476	98.1489
karline N(soort,mv,dim)	1	710477	98.149
karlientijd N(soort,ev,basis,zijd,stan)	1	710478	98.1491
karlienliefde N(soort,ev,basis,zijd,stan)	1	710479	98.1493
karlienheid N(soort,ev,basis,zijd,stan)	1	710480	98.1494
karlienemine N(soort,ev,dim,onz,stan)	1	710481	98.1495
karlienemien SPEC(vreemd)	1	710482	98.1497
karlien WW(pv,verl,mv)	1	710483	98.1498
karlien WW(pv,tgw,mv)	1	710484	98.15
karlien SPEC(vreemd)	1	710485	98.1501
karl N(soort,ev,basis,zijd,stan)	1	710486	98.1502
karin N(soort,ev,basis,onz,stan)	1	710487	98.1504
karikatuur N(soort,ev,basis,zijd,stan)	1	710488	98.1505
karig ADJ(prenom,basis,met-e,stan)	1	710489	98.1507
kariboeke N(soort,ev,dim,onz,stan)	1	710490	98.1508
karen SPEC(vreemd)	1	710491	98.1509
karel WW(pv,tgw,ev)	1	710492	98.1511
karel N(soort,ev,basis,zijd,stan)	1	710493	98.1512
kardinaal N(soort,ev,basis,zijd,stan)	1	710494	98.1513
karbona N(soort,mv,dim)	1	710495	98.1515
karaokefeest N(soort,ev,basis,onz,stan)	1	710496	98.1516
kar N(soort,mv,dim)	1	710497	98.1518
kapÃ²t WW(vd,vrij,zonder)	1	710498	98.1519
kapvergunning N(soort,ev,basis,zijd,stan)	1	710499	98.152
kapster N(soort,ev,basis,zijd,stan)	1	710500	98.1522
kapsalon N(soort,mv,basis)	1	710501	98.1523
kapsalon N(soort,ev,basis,zijd,stan)	1	710502	98.1524
kapper N(soort,mv,basis)	1	710503	98.1526
kappen WW(vd,vrij,zonder)	1	710504	98.1527
kapotslaan WW(inf,vrij,zonder)	1	710505	98.1529
kapotgeregend WW(od,vrij,zonder)	1	710506	98.153
kapot WW(vd,vrij,zonder)	1	710507	98.1531
kapot WW(pv,tgw,met-t)	1	710508	98.1533
kapoet N(soort,ev,basis,zijd,stan)	1	710509	98.1534
kapoet N(soort,ev,basis,onz,stan)	1	710510	98.1536
kapoen N(soort,mv,dim)	1	710511	98.1537
kapoen N(soort,ev,basis,zijd,stan)	1	710512	98.1538
kapitein N(soort,ev,basis,zijd,stan)	1	710513	98.154
kapen WW(inf,vrij,zonder)	1	710514	98.1541
kapelweekend WW(od,vrij,zonder)	1	710515	98.1542
kapelherhaling N(soort,ev,basis,zijd,stan)	1	710516	98.1544
kap N(soort,ev,basis,zijd,stan)	1	710517	98.1545
kaoptmaken WW(vd,vrij,zonder)	1	710518	98.1547
kanu N(soort,ev,basis,onz,stan)	1	710519	98.1548
kantoorweer N(soort,ev,basis,onz,stan)	1	710520	98.1549
kantoorslaaf N(soort,ev,basis,zijd,stan)	1	710521	98.1551
kantoorlijn N(soort,ev,basis,zijd,stan)	1	710522	98.1552
kantongerecht ADJ(vrij,basis,zonder)	1	710523	98.1553
kantonees ADJ(prenom,basis,met-e,stan)	1	710524	98.1555
kanton N(soort,ev,basis,onz,stan)	1	710525	98.1556
kantklosclub N(soort,ev,basis,zijd,stan)	1	710526	98.1558
kantekleerstraat N(soort,ev,basis,onz,stan)	1	710527	98.1559
kantekleerstraat ADJ(vrij,basis,zonder)	1	710528	98.156
kant-en-klaar ADJ(prenom,basis,met-e,stan)	1	710529	98.1562
kanst SPEC(vreemd)	1	710530	98.1563
kanoÃ«n WW(inf,vrij,zonder)	1	710531	98.1565
kanovaren WW(inf,vrij,zonder)	1	710532	98.1566
kanotocht N(soort,ev,dim,onz,stan)	1	710533	98.1567
kanogeld N(soort,ev,basis,onz,stan)	1	710534	98.1569
kanoen WW(inf,vrij,zonder)	1	710535	98.157
kano-weer N(soort,ev,basis,zijd,stan)	1	710536	98.1571
kano N(soort,mv,basis)	1	710537	98.1573
kannst N(soort,ev,basis,zijd,stan)	1	710538	98.1574
kannek N(soort,ev,basis,onz,stan)	1	710539	98.1576
kanker N(soort,ev,basis,zijd,stan)	1	710540	98.1577
kanjer N(soort,mv,basis)	1	710541	98.1578
kanjer N(soort,ev,basis,zijd,stan)	1	710542	98.158
kanje N(soort,ev,dim,onz,stan)	1	710543	98.1581
kanj N(soort,ev,basis,zijd,stan)	1	710544	98.1582
kanik WW(pv,tgw,ev)	1	710545	98.1584
kanik N(soort,ev,basis,zijd,stan)	1	710546	98.1585
kangaroo N(soort,mv,basis)	1	710547	98.1587
kaneel N(soort,ev,basis,zijd,stan)	1	710548	98.1588
kandinsky SPEC(deeleigen)	1	710549	98.1589
kandaat N(soort,ev,basis,zijd,stan)	1	710550	98.1591
kanaiya SPEC(vreemd)	1	710551	98.1592
kanaalbodega N(soort,ev,basis,onz,stan)	1	710552	98.1594
kan.we WW(pv,verl,ev)	1	710553	98.1595
kan.jij ADJ(vrij,basis,zonder)	1	710554	98.1596
kan.gr WW(pv,tgw,met-t)	1	710555	98.1598
kan't WW(pv,tgw,met-t)	1	710556	98.1599
kampvuur N(soort,ev,dim,onz,stan)	1	710557	98.16
kamptransport SPEC(symb)	1	710558	98.1602
kamptransport N(soort,ev,basis,onz,stan)	1	710559	98.1603
kampraad N(soort,ev,basis,zijd,stan)	1	710560	98.1605
kamppraat N(soort,ev,basis,zijd,stan)	1	710561	98.1606
kampmakker N(soort,mv,basis)	1	710562	98.1607
kampleidster N(soort,ev,basis,zijd,stan)	1	710563	98.1609
kampleiding N(soort,ev,basis,zijd,stan)	1	710564	98.161
kampleider N(soort,ev,basis,zijd,stan)	1	710565	98.1611
kampkrant-relateren WW(vd,vrij,zonder)	1	710566	98.1613
kampkrant N(soort,mv,dim)	1	710567	98.1614
kampkrant N(soort,ev,basis,zijd,stan)	1	710568	98.1616
kampioenschap N(soort,ev,basis,onz,stan)	1	710569	98.1617
kampioen N(soort,mv,basis)	1	710570	98.1618
kamping N(soort,ev,basis,zijd,stan)	1	710571	98.162
kamphuber N(soort,ev,dim,onz,stan)	1	710572	98.1621
kamperen WW(vd,vrij,zonder)	1	710573	98.1623
kamperen WW(inf,nom,zonder,zonder-n)	1	710574	98.1624
kamper N(soort,mv,dim)	1	710575	98.1625
kampen WW(pv,tgw,ev)	1	710576	98.1627
kampeertafel N(soort,ev,basis,zijd,stan)	1	710577	98.1628
kampboek N(soort,ev,dim,onz,stan)	1	710578	98.1629
kammen WW(inf,vrij,zonder)	1	710579	98.1631
kamernummer N(soort,ev,basis,onz,stan)	1	710580	98.1632
kamernet WW(pv,tgw,met-t)	1	710581	98.1634
kamerdienst WW(pv,tgw,met-t)	1	710582	98.1635
kamerdienst N(soort,ev,basis,zijd,stan)	1	710583	98.1636
kameraad N(soort,mv,basis)	1	710584	98.1638
kameel N(soort,mv,basis)	1	710585	98.1639
kamasutra N(soort,mv,basis)	1	710586	98.1641
kalyniechta N(soort,ev,basis,zijd,stan)	1	710587	98.1642
kalver N(soort,mv,basis)	1	710588	98.1643
kalmeren-en WW(inf,vrij,zonder)	1	710589	98.1645
kalm ADJ(prenom,basis,met-e,stan)	1	710590	98.1646
kalkoensalami N(soort,ev,basis,onz,stan)	1	710591	98.1647
kalibratieprobleem N(soort,mv,dim)	1	710592	98.1649
kalf N(soort,ev,dim,onz,stan)	1	710593	98.165
kakzooi N(soort,ev,basis,zijd,stan)	1	710594	98.1652
kakzakskes N(soort,mv,basis)	1	710595	98.1653
kaktraining N(soort,ev,basis,zijd,stan)	1	710596	98.1654
kaksysteem N(soort,ev,basis,onz,stan)	1	710597	98.1656
kakkerlak N(soort,ev,basis,zijd,stan)	1	710598	98.1657
kakkerdekak ADJ(vrij,basis,zonder)	1	710599	98.1658
kakker N(soort,ev,basis,zijd,stan)	1	710600	98.166
kakken N(soort,mv,basis)	1	710601	98.1661
kakkemieke N(soort,ev,dim,onz,stan)	1	710602	98.1663
kaketoe N(soort,ev,basis,zijd,stan)	1	710603	98.1664
kakatrein N(soort,mv,basis)	1	710604	98.1665
kakabroer N(soort,ev,basis,zijd,stan)	1	710605	98.1667
kak N(soort,ev,dim,onz,stan)	1	710606	98.1668
kak ADJ(prenom,basis,zonder)	1	710607	98.167
kaileuk N(soort,ev,basis,onz,stan)	1	710608	98.1671
kaffe ADJ(prenom,basis,met-e,stan)	1	710609	98.1672
kaduuk ADJ(vrij,basis,zonder)	1	710610	98.1674
kadopapier N(soort,ev,basis,onz,stan)	1	710611	98.1675
kadokaart N(soort,mv,basis)	1	710612	98.1676
kadojacht N(soort,ev,basis,zijd,stan)	1	710613	98.1678
kado-idee N(soort,ev,basis,onz,stan)	1	710614	98.1679
kaderweekend ADJ(vrij,basis,zonder)	1	710615	98.1681
kadasterdingen N(soort,mv,basis)	1	710616	98.1682
kadaster N(soort,ev,basis,onz,stan)	1	710617	98.1683
kad N(soort,ev,basis,onz,stan)	1	710618	98.1685
kachel N(soort,ev,dim,onz,stan)	1	710619	98.1686
kachel N(soort,ev,basis,zijd,stan)	1	710620	98.1687
kabouteridee N(soort,ev,basis,onz,stan)	1	710621	98.1689
kabouterdorp N(soort,ev,basis,onz,stan)	1	710622	98.169
kabouterbos SPEC(vreemd)	1	710623	98.1692
kabouter N(soort,mv,basis)	1	710624	98.1693
kabelboom N(soort,mv,basis)	1	710625	98.1694
kabel N(soort,mv,dim)	1	710626	98.1696
kabel N(soort,ev,dim,onz,stan)	1	710627	98.1697
kabaal N(soort,ev,basis,onz,stan)	1	710628	98.1699
kaatsheuvels ADJ(prenom,basis,met-e,stan)	1	710629	98.17
kaassoufle ADJ(prenom,basis,met-e,stan)	1	710630	98.1701
kaasschaaf N(soort,ev,basis,zijd,stan)	1	710631	98.1703
kaasplanken WW(inf,vrij,zonder)	1	710632	98.1704
kaaskroket N(soort,mv,basis)	1	710633	98.1705
kaasfondue N(soort,ev,basis,zijd,stan)	1	710634	98.1707
kaartvriendin N(soort,ev,dim,onz,stan)	1	710635	98.1708
kaartverkoop N(soort,ev,basis,zijd,stan)	1	710636	98.171
kaartspel N(soort,ev,basis,onz,stan)	1	710637	98.1711
kaartprijs N(soort,mv,basis)	1	710638	98.1712
kaartnummer N(soort,ev,basis,zijd,stan)	1	710639	98.1714
kaartn N(soort,ev,basis,onz,stan)	1	710640	98.1715
kaartma N(soort,ev,dim,onz,stan)	1	710641	98.1716
kaartjeshulp N(soort,ev,basis,zijd,stan)	1	710642	98.1718
kaarten WW(vd,vrij,zonder)	1	710643	98.1719
kaartautomaten WW(pv,verl,mv)	1	710644	98.1721
kaarslicht WW(vd,vrij,zonder)	1	710645	98.1722
kaard N(soort,ev,dim,onz,stan)	1	710646	98.1723
kaar N(soort,ev,basis,zijd,stan)	1	710647	98.1725
kaar ADJ(vrij,basis,zonder)	1	710648	98.1726
kaalscheren WW(inf,vrij,zonder)	1	710649	98.1728
kaalheid N(soort,ev,basis,zijd,stan)	1	710650	98.1729
kaaksjirurg N(soort,ev,basis,zijd,stan)	1	710651	98.173
kaag N(soort,ev,basis,zijd,stan)	1	710652	98.1732
kI SPEC(deeleigen)	1	710653	98.1733
k-weg N(soort,ev,basis,zijd,stan)	1	710654	98.1734
k-gevoel N(soort,ev,basis,onz,stan)	1	710655	98.1736
jÃ¤germeister N(soort,ev,dim,onz,stan)	1	710656	98.1737
jy SPEC(vreemd)	1	710657	98.1739
jw ADJ(vrij,basis,zonder)	1	710658	98.174
jv SPEC(vreemd)	1	710659	98.1741
juwelier N(soort,mv,basis)	1	710660	98.1743
juuup N(soort,ev,basis,zijd,stan)	1	710661	98.1744
juust WW(pv,tgw,met-t)	1	710662	98.1745
juust WW(pv,tgw,ev)	1	710663	98.1747
juust ADJ(vrij,basis,zonder)	1	710664	98.1748
juul SPEC(vreemd)	1	710665	98.175
juul N(soort,ev,basis,zijd,stan)	1	710666	98.1751
juul N(soort,ev,basis,onz,stan)	1	710667	98.1752
juuk SPEC(vreemd)	1	710668	98.1754
jutenzak N(soort,ev,basis,zijd,stan)	1	710669	98.1755
jute N(soort,ev,basis,zijd,stan)	1	710670	98.1757
justine N(soort,ev,basis,zijd,stan)	1	710671	98.1758
justin N(soort,ev,basis,zijd,stan)	1	710672	98.1759
justekes BW()	1	710673	98.1761
just SPEC(deeleigen)	1	710674	98.1762
just ADJ(vrij,basis,zonder)	1	710675	98.1763
jusquÃ  SPEC(vreemd)	1	710676	98.1765
jurre ADJ(prenom,comp,met-e,stan)	1	710677	98.1766
jurk N(soort,mv,basis)	1	710678	98.1768
jurist N(soort,ev,basis,zijd,stan)	1	710679	98.1769
jurgen WW(inf,vrij,zonder)	1	710680	98.177
jura N(soort,ev,basis,zijd,stan)	1	710681	98.1772
jupilerlimonade WW(pv,verl,ev)	1	710682	98.1773
jupilerbar SPEC(vreemd)	1	710683	98.1775
jup SPEC(symb)	1	710684	98.1776
junkie N(soort,ev,basis,zijd,stan)	1	710685	98.1777
juniorendag N(soort,ev,basis,zijd,stan)	1	710686	98.1779
junior N(soort,mv,basis)	1	710687	98.178
june N(soort,ev,basis,zijd,stan)	1	710688	98.1781
junder VNW(pers,pron,dial)	1	710689	98.1783
jun ADJ(prenom,basis,met-e,stan)	1	710690	98.1784
jumped SPEC(vreemd)	1	710691	98.1786
jummy SPEC(vreemd)	1	710692	98.1787
julli N(soort,mv,basis)	1	710693	98.1788
julle VNW(pers,pron,dial)	1	710694	98.179
julie SPEC(vreemd)	1	710695	98.1791
juliana N(soort,ev,basis,zijd,stan)	1	710696	98.1792
julia N(soort,mv,basis)	1	710697	98.1794
julia N(soort,ev,basis,zijd,stan)	1	710698	98.1795
jukte BW()	1	710699	98.1797
juke N(soort,ev,basis,zijd,stan)	1	710700	98.1798
juijn N(soort,ev,basis,zijd,stan)	1	710701	98.1799
juij WW(pv,tgw,ev)	1	710702	98.1801
juij N(soort,ev,basis,onz,stan)	1	710703	98.1802
juij ADJ(vrij,comp,zonder)	1	710704	98.1804
juhu N(soort,ev,basis,onz,stan)	1	710705	98.1805
juhasz N(soort,ev,basis,zijd,stan)	1	710706	98.1806
juh BW()	1	710707	98.1808
jugador N(soort,ev,basis,zijd,stan)	1	710708	98.1809
judas N(soort,ev,basis,zijd,stan)	1	710709	98.181
jubileumfeest N(soort,ev,dim,onz,stan)	1	710710	98.1812
jubileumcadeau N(soort,ev,basis,onz,stan)	1	710711	98.1813
jubileumboek N(soort,ev,basis,onz,stan)	1	710712	98.1815
jskeelt SPEC(deeleigen)	1	710713	98.1816
jsk-raad N(soort,ev,basis,onz,stan)	1	710714	98.1817
jsem SPEC(vreemd)	1	710715	98.1819
jr. SPEC(afk)	1	710716	98.182
jpu N(soort,ev,basis,onz,stan)	1	710717	98.1821
jpfw SPEC(symb)	1	710718	98.1823
joyriden WW(inf,vrij,zonder)	1	710719	98.1824
joyjoy SPEC(deeleigen)	1	710720	98.1826
jowel WW(pv,tgw,ev)	1	710721	98.1827
jowel N(soort,ev,basis,zijd,stan)	1	710722	98.1828
jow WW(pv,tgw,ev)	1	710723	98.183
jouw VNW(bez,det,stan,vol,2v,ev,nom,met-e,mv-n)	1	710724	98.1831
jous N(soort,ev,basis,zijd,stan)	1	710725	98.1833
journalist SPEC(vreemd)	1	710726	98.1834
journalist N(soort,ev,basis,zijd,stan)	1	710727	98.1835
journaal N(soort,ev,basis,onz,stan)	1	710728	98.1837
jour SPEC(vreemd)	1	710729	98.1838
joueux SPEC(vreemd)	1	710730	98.1839
jouer SPEC(vreemd)	1	710731	98.1841
jose N(soort,ev,basis,zijd,stan)	1	710732	98.1842
jos-meister N(soort,ev,basis,zijd,stan)	1	710733	98.1844
jos ADJ(vrij,basis,zonder)	1	710734	98.1845
jort SPEC(symb)	1	710735	98.1846
jort N(soort,ev,basis,onz,stan)	1	710736	98.1848
jorn BW()	1	710737	98.1849
joris N(soort,mv,basis)	1	710738	98.185
jorieke N(soort,ev,dim,onz,stan)	1	710739	98.1852
jordie N(soort,ev,dim,onz,stan)	1	710740	98.1853
joppe N(soort,ev,basis,zijd,stan)	1	710741	98.1855
joow WW(pv,tgw,ev)	1	710742	98.1856
joow ADJ(vrij,basis,zonder)	1	710743	98.1857
joost SPEC(deeleigen)	1	710744	98.1859
joos N(soort,ev,basis,zijd,stan)	1	710745	98.186
joor SPEC(vreemd)	1	710746	98.1862
joop N(soort,ev,basis,onz,stan)	1	710747	98.1863
jooow N(soort,ev,basis,onz,stan)	1	710748	98.1864
jooooooo N(soort,ev,basis,zijd,stan)	1	710749	98.1866
joomla N(soort,ev,basis,zijd,stan)	1	710750	98.1867
jonny SPEC(deeleigen)	1	710751	98.1868
jonko WW(pv,tgw,met-t)	1	710752	98.187
jonkheer N(soort,ev,basis,zijd,stan)	1	710753	98.1871
jongske N(soort,ev,basis,onz,stan)	1	710754	98.1873
jongleren WW(inf,vrij,zonder)	1	710755	98.1874
jonggiver N(soort,mv,basis)	1	710756	98.1875
jongensnaam N(soort,ev,basis,zijd,stan)	1	710757	98.1877
jongen N(soort,mv,dim)	1	710758	98.1878
jongeheer N(soort,ev,basis,zijd,stan)	1	710759	98.1879
jonge N(soort,ev,basis,zijd,stan)	1	710760	98.1881
jong ADJ(vrij,comp,zonder)	1	710761	98.1882
jong ADJ(prenom,sup,met-e,stan)	1	710762	98.1884
jong ADJ(nom,sup,met-e,zonder-n,stan)	1	710763	98.1885
jong ADJ(nom,basis,met-e,zonder-n,stan)	1	710764	98.1886
jonathan N(soort,ev,basis,zijd,stan)	1	710765	98.1888
jonagold WW(vd,vrij,zonder)	1	710766	98.1889
jonagold N(soort,ev,basis,zijd,stan)	1	710767	98.1891
jona N(soort,ev,basis,zijd,stan)	1	710768	98.1892
jolly SPEC(vreemd)	1	710769	98.1893
jolien TW(hoofd,prenom,stan)	1	710770	98.1895
jolanda SPEC(vreemd)	1	710771	98.1896
jokioooooooo N(soort,ev,basis,zijd,stan)	1	710772	98.1897
joking SPEC(vreemd)	1	710773	98.1899
jokes SPEC(vreemd)	1	710774	98.19
joke N(soort,ev,basis,zijd,stan)	1	710775	98.1902
joint N(soort,ev,dim,onz,stan)	1	710776	98.1903
joineren WW(pv,tgw,ev)	1	710777	98.1904
joined WW(pv,verl,ev)	1	710778	98.1906
joindre N(soort,ev,basis,zijd,stan)	1	710779	98.1907
john WW(vd,vrij,zonder)	1	710780	98.1909
john SPEC(vreemd)	1	710781	98.191
john N(soort,ev,basis,zijd,stan)	1	710782	98.1911
johjij N(soort,ev,basis,zijd,stan)	1	710783	98.1913
johan-kant ADJ(vrij,basis,zonder)	1	710784	98.1914
jofel ADJ(vrij,basis,zonder)	1	710785	98.1915
joepieee N(soort,ev,basis,zijd,stan)	1	710786	98.1917
joehoew WW(pv,verl,ev)	1	710787	98.1918
joehoeeeeee N(soort,ev,basis,zijd,stan)	1	710788	98.192
joehoe SPEC(symb)	1	710789	98.1921
joegne N(soort,ev,basis,zijd,stan)	1	710790	98.1922
joeee N(soort,ev,basis,zijd,stan)	1	710791	98.1924
jodelahitie N(soort,ev,basis,zijd,stan)	1	710792	98.1925
jodel N(soort,ev,basis,zijd,stan)	1	710793	98.1926
jochen N(soort,mv,basis)	1	710794	98.1928
jochem N(soort,ev,basis,zijd,stan)	1	710795	98.1929
jochei N(soort,ev,basis,zijd,stan)	1	710796	98.1931
joc N(soort,ev,basis,zijd,stan)	1	710797	98.1932
jobverslag N(soort,ev,basis,zijd,stan)	1	710798	98.1933
jobomschr N(soort,ev,basis,zijd,stan)	1	710799	98.1935
jobcafe N(soort,ev,basis,zijd,stan)	1	710800	98.1936
job N(soort,mv,basis)	1	710801	98.1938
joannes N(soort,mv,basis)	1	710802	98.1939
joan N(soort,ev,basis,zijd,stan)	1	710803	98.194
joan N(soort,ev,basis,onz,stan)	1	710804	98.1942
joah ADJ(vrij,basis,zonder)	1	710805	98.1943
joachim N(soort,ev,basis,onz,stan)	1	710806	98.1944
joa N(soort,mv,basis)	1	710807	98.1946
joa N(soort,ev,basis,onz,stan)	1	710808	98.1947
jo SPEC(vreemd)	1	710809	98.1949
jne N(soort,ev,basis,zijd,stan)	1	710810	98.195
jne ADJ(prenom,basis,met-e,stan)	1	710811	98.1951
jn SPEC(vreemd)	1	710812	98.1953
jmoet WW(pv,tgw,ev)	1	710813	98.1954
jlan SPEC(vreemd)	1	710814	98.1955
jjip SPEC(symb)	1	710815	98.1957
jj VNW(pers,pron,nomin,vol,3,ev,masc)	1	710816	98.1958
jj N(soort,ev,basis,zijd,stan)	1	710817	98.196
jj ADJ(vrij,basis,zonder)	1	710818	98.1961
jist N(soort,ev,basis,zijd,stan)	1	710819	98.1962
jiskaaa N(soort,ev,basis,zijd,stan)	1	710820	98.1964
jippiiiieeeee N(soort,ev,basis,zijd,stan)	1	710821	98.1965
jippiejajee N(soort,ev,basis,zijd,stan)	1	710822	98.1967
jippeeeee N(soort,ev,basis,zijd,stan)	1	710823	98.1968
jip SPEC(vreemd)	1	710824	98.1969
jip SPEC(symb)	1	710825	98.1971
jinbbq N(soort,ev,basis,zijd,stan)	1	710826	98.1972
jim SPEC(vreemd)	1	710827	98.1973
jim N(soort,ev,basis,zijd,stan)	1	710828	98.1975
jill N(soort,ev,basis,onz,stan)	1	710829	98.1976
jij VZ(init)	1	710830	98.1978
jihaaa N(soort,ev,basis,zijd,stan)	1	710831	98.1979
jiha SPEC(afk)	1	710832	98.198
jiha N(soort,ev,basis,onz,stan)	1	710833	98.1982
jiet WW(pv,tgw,met-t)	1	710834	98.1983
jiehaaa N(soort,ev,basis,zijd,stan)	1	710835	98.1984
jews SPEC(vreemd)	1	710836	98.1986
jeweil N(soort,mv,basis)	1	710837	98.1987
jeukt WW(vd,vrij,zonder)	1	710838	98.1989
jeuken WW(pv,tgw,met-t)	1	710839	98.199
jeuken WW(inf,vrij,zonder)	1	710840	98.1991
jeuk N(soort,ev,basis,zijd,stan)	1	710841	98.1993
jeuj SPEC(vreemd)	1	710842	98.1994
jeuj ADJ(vrij,basis,zonder)	1	710843	98.1996
jeuh ADJ(vrij,basis,zonder)	1	710844	98.1997
jeugdwedstrijden WW(pv,verl,mv)	1	710845	98.1998
jeugdtoernooi N(soort,ev,basis,onz,stan)	1	710846	98.2
jeugdrechtbank N(soort,ev,basis,zijd,stan)	1	710847	98.2001
jeugdjournaal N(soort,ev,basis,onz,stan)	1	710848	98.2002
jeugdhuis N(soort,ev,basis,onz,stan)	1	710849	98.2004
jeugdherinnering N(soort,mv,basis)	1	710850	98.2005
jeueueuj N(soort,ev,basis,zijd,stan)	1	710851	98.2007
jeudi SPEC(vreemd)	1	710852	98.2008
jetta N(soort,ev,basis,zijd,stan)	1	710853	98.2009
jetlaghoofd N(soort,ev,basis,onz,stan)	1	710854	98.2011
jetlagdag WW(pv,verl,ev)	1	710855	98.2012
jetchef WW(pv,verl,ev)	1	710856	98.2013
jet-lag N(soort,ev,basis,onz,stan)	1	710857	98.2015
jesus N(soort,ev,basis,zijd,stan)	1	710858	98.2016
jessy SPEC(deeleigen)	1	710859	98.2018
jessie N(soort,ev,basis,zijd,stan)	1	710860	98.2019
jessica N(soort,ev,basis,zijd,stan)	1	710861	98.202
jeroenvdvelden@home.nl SPEC(symb)	1	710862	98.2022
jeroennappen WW(inf,vrij,zonder)	1	710863	98.2023
jeroen WW(inf,vrij,zonder)	1	710864	98.2025
jeroen N(soort,ev,basis,onz,stan)	1	710865	98.2026
jeroen ADJ(vrij,basis,zonder)	1	710866	98.2027
jernbanetorget N(soort,ev,basis,onz,stan)	1	710867	98.2029
jepjep N(soort,ev,basis,zijd,stan)	1	710868	98.203
jep WW(pv,verl,ev)	1	710869	98.2031
jep N(soort,ev,basis,onz,stan)	1	710870	98.2033
jenske N(soort,ev,dim,onz,stan)	1	710871	98.2034
jens N(soort,ev,basis,zijd,stan)	1	710872	98.2036
jeno SPEC(vreemd)	1	710873	98.2037
jennifer N(soort,ev,basis,onz,stan)	1	710874	98.2038
jeniets N(soort,ev,basis,onz,stan)	1	710875	98.204
jeneverfeest N(soort,mv,basis)	1	710876	98.2041
jenever N(soort,mv,basis)	1	710877	98.2043
jen VNW(bez,det,dial)	1	710878	98.2044
jelmer WW(pv,tgw,ev)	1	710879	98.2045
jelmer N(soort,ev,basis,onz,stan)	1	710880	98.2047
jelmer ADJ(vrij,comp,zonder)	1	710881	98.2048
jelle N(soort,ev,basis,zijd,stan)	1	710882	98.2049
jekker N(soort,mv,basis)	1	710883	98.2051
jekke SPEC(vreemd)	1	710884	98.2052
jeij N(soort,ev,basis,zijd,stan)	1	710885	98.2054
jeh WW(pv,tgw,ev)	1	710886	98.2055
jeff WW(pv,tgw,ev)	1	710887	98.2056
jeff TW(hoofd,prenom,stan)	1	710888	98.2058
jef SPEC(deeleigen)	1	710889	98.2059
jeej WW(pv,verl,ev)	1	710890	98.206
jeej SPEC(vreemd)	1	710891	98.2062
jeej SPEC(symb)	1	710892	98.2063
jeeeeuuujj ADJ(vrij,basis,zonder)	1	710893	98.2065
jeeeeej TSW(dial)	1	710894	98.2066
jeeeeej N(soort,ev,basis,zijd,stan)	1	710895	98.2067
jeeeeej N(soort,ev,basis,onz,stan)	1	710896	98.2069
jeeeeeej TSW(dial)	1	710897	98.207
jeeeeeeej TSW(dial)	1	710898	98.2072
jeeeeeeeeej TSW(dial)	1	710899	98.2073
jeeeeeeeeeeeej TSW(dial)	1	710900	98.2074
jeeeeeeeeeeeeej TSW(dial)	1	710901	98.2076
jeeeeeeeeeeeeeeeeeeeeeej TSW(dial)	1	710902	98.2077
jeeeeeeeeeee N(soort,ev,basis,zijd,stan)	1	710903	98.2078
jeee N(soort,ev,basis,zijd,stan)	1	710904	98.208
jee SPEC(vreemd)	1	710905	98.2081
jedidiah SPEC(vreemd)	1	710906	98.2083
jedidiah N(soort,ev,basis,zijd,stan)	1	710907	98.2084
jede WW(pv,verl,ev)	1	710908	98.2085
jedan WW(inf,vrij,zonder)	1	710909	98.2087
jed WW(pv,tgw,ev)	1	710910	98.2088
jeansmaat N(soort,ev,basis,zijd,stan)	1	710911	98.2089
jeans SPEC(vreemd)	1	710912	98.2091
jeanine SPEC(vreemd)	1	710913	98.2092
jeanine N(soort,ev,basis,zijd,stan)	1	710914	98.2094
jeander N(soort,mv,basis)	1	710915	98.2095
jean-pierre SPEC(deeleigen)	1	710916	98.2096
jean WW(inf,vrij,zonder)	1	710917	98.2098
jean N(soort,ev,basis,zijd,stan)	1	710918	98.2099
jealous N(soort,mv,basis)	1	710919	98.2101
jealous N(soort,ev,basis,onz,stan)	1	710920	98.2102
jeager N(soort,ev,basis,zijd,stan)	1	710921	98.2103
jeaaa ADJ(vrij,basis,zonder)	1	710922	98.2105
je.zou VNW(pr,pron,obl,vol,1,ev)	1	710923	98.2106
je VNW(pers,pron,nomin,vol,2v,ev)	1	710924	98.2107
je VNW(bez,det,dial)	1	710925	98.2109
je BW()	1	710926	98.211
jazzy ADJ(prenom,basis,zonder)	1	710927	98.2112
jazzu SPEC(vreemd)	1	710928	98.2113
jazzfestival N(soort,ev,basis,onz,stan)	1	710929	98.2114
jazzen N(soort,mv,basis)	1	710930	98.2116
jazzbar N(soort,ev,basis,zijd,stan)	1	710931	98.2117
jazz-fan SPEC(vreemd)	1	710932	98.2118
jazeeker N(soort,ev,basis,onz,stan)	1	710933	98.212
jazai N(soort,mv,basis)	1	710934	98.2121
jaz N(soort,ev,basis,zijd,stan)	1	710935	98.2123
jawoooooorrr ADJ(vrij,comp,zonder)	1	710936	98.2124
jawel TSW()	1	710937	98.2125
jawalakhel SPEC(vreemd)	1	710938	98.2127
jawalakhel N(soort,ev,basis,zijd,stan)	1	710939	98.2128
jawadde N(soort,ev,basis,zijd,stan)	1	710940	98.213
javel N(soort,ev,basis,zijd,stan)	1	710941	98.2131
javastraat N(soort,ev,basis,onz,stan)	1	710942	98.2132
java SPEC(vreemd)	1	710943	98.2134
java SPEC(deeleigen)	1	710944	98.2135
jau N(soort,ev,basis,onz,stan)	1	710945	98.2136
jasper ADJ(vrij,comp,zonder)	1	710946	98.2138
jas-das N(soort,mv,basis)	1	710947	98.2139
jartellerie N(soort,ev,basis,zijd,stan)	1	710948	98.2141
jarige N(soort,ev,basis,zijd,stan)	1	710949	98.2142
jarig ADJ(prenom,basis,zonder)	1	710950	98.2143
jarenlang ADJ(vrij,basis,zonder)	1	710951	98.2145
japin N(soort,mv,basis)	1	710952	98.2146
japie N(soort,ev,basis,zijd,stan)	1	710953	98.2147
japanner N(soort,ev,basis,zijd,stan)	1	710954	98.2149
japan SPEC(deeleigen)	1	710955	98.215
jap N(soort,ev,basis,onz,stan)	1	710956	98.2152
january SPEC(vreemd)	1	710957	98.2153
january N(soort,ev,basis,zijd,stan)	1	710958	98.2154
jantiet N(soort,ev,basis,onz,stan)	1	710959	98.2156
jansen WW(pv,tgw,mv)	1	710960	98.2157
jans N(soort,ev,dim,onz,stan)	1	710961	98.2159
janpieter N(soort,ev,basis,zijd,stan)	1	710962	98.216
janneke WW(pv,conj,ev)	1	710963	98.2161
janna N(soort,ev,basis,zijd,stan)	1	710964	98.2163
janken WW(pv,tgw,ev)	1	710965	98.2164
janjaap N(soort,ev,basis,zijd,stan)	1	710966	98.2165
janet N(soort,ev,basis,zijd,stan)	1	710967	98.2167
jane SPEC(vreemd)	1	710968	98.2168
jane N(soort,ev,basis,zijd,stan)	1	710969	98.217
janbert N(soort,ev,basis,zijd,stan)	1	710970	98.2171
jammm N(soort,ev,basis,onz,stan)	1	710971	98.2172
jammie N(soort,ev,basis,zijd,stan)	1	710972	98.2174
jammerr ADJ(vrij,comp,zonder)	1	710973	98.2175
jammerlijk ADJ(vrij,basis,zonder)	1	710974	98.2177
jamiroquai N(soort,ev,basis,zijd,stan)	1	710975	98.2178
james-escopie N(soort,ev,basis,zijd,stan)	1	710976	98.2179
james SPEC(vreemd)	1	710977	98.2181
james N(soort,ev,basis,onz,stan)	1	710978	98.2182
james N(soort,dial)	1	710979	98.2183
jamaica N(soort,ev,basis,zijd,stan)	1	710980	98.2185
jamaar N(soort,ev,basis,zijd,stan)	1	710981	98.2186
jamaan WW(vd,vrij,zonder)	1	710982	98.2188
jam SPEC(vreemd)	1	710983	98.2189
jaloersig ADJ(prenom,basis,zonder)	1	710984	98.219
jaloers N(soort,mv,basis)	1	710985	98.2192
jakos N(soort,ev,basis,zijd,stan)	1	710986	98.2193
jakkie N(soort,ev,dim,onz,stan)	1	710987	98.2194
jakkes N(soort,mv,dim)	1	710988	98.2196
jajong N(soort,ev,basis,zijd,stan)	1	710989	98.2197
jaja N(soort,ev,basis,zijd,stan)	1	710990	98.2199
jail N(soort,ev,basis,zijd,stan)	1	710991	98.22
jahren N(soort,mv,basis)	1	710992	98.2201
jaha TSW()	1	710993	98.2203
jah SPEC(vreemd)	1	710994	98.2204
jagger N(soort,ev,basis,zijd,stan)	1	710995	98.2206
jagen WW(pv,tgw,mv)	1	710996	98.2207
jagen WW(inf,vrij,zonder)	1	710997	98.2208
jaee N(soort,ev,basis,zijd,stan)	1	710998	98.221
jade N(soort,ev,basis,zijd,stan)	1	710999	98.2211
jacuzzi N(soort,ev,basis,zijd,stan)	1	711000	98.2212
jacq N(soort,ev,basis,zijd,stan)	1	711001	98.2214
jacobs SPEC(vreemd)	1	711002	98.2215
jacoba N(soort,ev,basis,zijd,stan)	1	711003	98.2217
jacob N(soort,ev,basis,zijd,stan)	1	711004	98.2218
jaco N(soort,ev,basis,zijd,stan)	1	711005	98.2219
jackpot N(soort,ev,basis,zijd,stan)	1	711006	98.2221
jackass N(soort,ev,basis,zijd,stan)	1	711007	98.2222
jachtsaus N(soort,ev,basis,zijd,stan)	1	711008	98.2223
jacht N(soort,mv,basis)	1	711009	98.2225
jac SPEC(vreemd)	1	711010	98.2226
jaargroep N(soort,ev,basis,zijd,stan)	1	711011	98.2228
jaargetij N(soort,mv,basis)	1	711012	98.2229
jaargesprek N(soort,ev,basis,onz,stan)	1	711013	98.223
jaarbasis N(soort,ev,basis,zijd,stan)	1	711014	98.2232
jaak N(soort,ev,basis,zijd,stan)	1	711015	98.2233
jaaaaah ADJ(vrij,basis,zonder)	1	711016	98.2235
jaaaaaahaaaa N(soort,ev,basis,zijd,stan)	1	711017	98.2236
jaaaaaaaaaaaa N(soort,ev,basis,zijd,stan)	1	711018	98.2237
jaaaaaaaaaa N(soort,ev,basis,zijd,stan)	1	711019	98.2239
jaaaaaaa N(soort,ev,basis,zijd,stan)	1	711020	98.224
jaaaaa N(soort,ev,basis,onz,stan)	1	711021	98.2241
jaaaaa ADJ(vrij,basis,zonder)	1	711022	98.2243
jaaa WW(pv,tgw,ev)	1	711023	98.2244
jaaa SPEC(deeleigen)	1	711024	98.2246
jaaa N(soort,ev,basis,onz,stan)	1	711025	98.2247
jaa WW(pv,tgw,ev)	1	711026	98.2248
jaa N(soort,ev,basis,onz,stan)	1	711027	98.225
jaa ADJ(vrij,basis,zonder)	1	711028	98.2251
ja-hah ADJ(vrij,basis,zonder)	1	711029	98.2252
j-m N(soort,ev,basis,zijd,stan)	1	711030	98.2254
iÃ©ts N(soort,mv,basis)	1	711031	98.2255
izu SPEC(vreemd)	1	711032	98.2257
izegem N(soort,ev,basis,zijd,stan)	1	711033	98.2258
iwein N(soort,ev,basis,zijd,stan)	1	711034	98.2259
iwas N(soort,ev,basis,zijd,stan)	1	711035	98.2261
ivoor N(soort,ev,basis,zijd,stan)	1	711036	98.2262
ivn N(soort,ev,basis,zijd,stan)	1	711037	98.2264
ivm WW(pv,verl,ev)	1	711038	98.2265
ivm VNW(pr,pron,obl,nadr,1,ev)	1	711039	98.2266
ivago N(soort,ev,basis,zijd,stan)	1	711040	98.2268
iuventus N(soort,ev,basis,zijd,stan)	1	711041	98.2269
itunes-tegoed WW(pv,verl,ev)	1	711042	98.227
itself SPEC(vreemd)	1	711043	98.2272
its VNW(onbep,pron,stan,vol,3o,ev)	1	711044	98.2273
its TW(hoofd,prenom,stan)	1	711045	98.2275
its N(soort,ev,basis,zijd,stan)	1	711046	98.2276
itoko N(soort,ev,basis,zijd,stan)	1	711047	98.2277
itll SPEC(vreemd)	1	711048	98.2279
iter N(soort,mv,basis)	1	711049	98.228
item N(soort,mv,basis)	1	711050	98.2281
itech SPEC(deeleigen)	1	711051	98.2283
itc N(soort,ev,basis,zijd,stan)	1	711052	98.2284
italy N(soort,ev,basis,zijd,stan)	1	711053	98.2286
italiÃ«-cadeau-boek N(soort,ev,dim,onz,stan)	1	711054	98.2287
italiÃ« N(soort,ev,basis,zijd,stan)	1	711055	98.2288
italia SPEC(vreemd)	1	711056	98.229
italia N(soort,mv,basis)	1	711057	98.2291
ital N(soort,ev,basis,zijd,stan)	1	711058	98.2293
ital N(soort,ev,basis,onz,stan)	1	711059	98.2294
isy SPEC(vreemd)	1	711060	98.2295
istn N(soort,mv,basis)	1	711061	98.2297
istanbul N(soort,ev,basis,zijd,stan)	1	711062	98.2298
issue N(soort,mv,basis)	1	711063	98.2299
issue N(soort,ev,basis,onz,stan)	1	711064	98.2301
issies SPEC(vreemd)	1	711065	98.2302
isser N(soort,ev,basis,zijd,stan)	1	711066	98.2304
iss N(soort,mv,basis)	1	711067	98.2305
israel N(soort,ev,basis,onz,stan)	1	711068	98.2306
isook N(soort,ev,basis,zijd,stan)	1	711069	98.2308
isolde WW(pv,verl,ev)	1	711070	98.2309
isnt WW(pv,tgw,met-t)	1	711071	98.2311
ishet SPEC(vreemd)	1	711072	98.2312
isgoed WW(vd,vrij,zonder)	1	711073	98.2313
isda SPEC(vreemd)	1	711074	98.2315
isda SPEC(symb)	1	711075	98.2316
isaura N(soort,ev,basis,zijd,stan)	1	711076	98.2317
isabelle N(soort,ev,dim,onz,stan)	1	711077	98.2319
isabelle ADJ(prenom,basis,met-e,stan)	1	711078	98.232
is.se SPEC(symb)	1	711079	98.2322
is.fi SPEC(symb)	1	711080	98.2323
is.bij ADJ(vrij,basis,zonder)	1	711081	98.2324
is-onlaan N(soort,ev,basis,zijd,stan)	1	711082	98.2326
is't WW(pv,tgw,met-t)	1	711083	98.2327
is N(soort,ev,basis,zijd,stan)	1	711084	98.2328
irrus N(soort,mv,basis)	1	711085	98.233
irriteren WW(vd,vrij,zonder)	1	711086	98.2331
irritating SPEC(vreemd)	1	711087	98.2333
irritating N(soort,ev,basis,zijd,stan)	1	711088	98.2334
irritant ADJ(prenom,basis,zonder)	1	711089	98.2335
irritand N(soort,ev,basis,genus,stan)	1	711090	98.2337
ironie N(soort,ev,basis,zijd,stan)	1	711091	98.2338
ironed N(soort,ev,basis,onz,stan)	1	711092	98.234
irene SPEC(vreemd)	1	711093	98.2341
ippen ADJ(vrij,basis,zonder)	1	711094	98.2342
ipp N(soort,ev,basis,zijd,stan)	1	711095	98.2344
ipos N(soort,mv,basis)	1	711096	98.2345
ipos N(soort,ev,basis,onz,stan)	1	711097	98.2346
ipodafspeellijst N(soort,mv,basis)	1	711098	98.2348
ipod WW(vd,vrij,zonder)	1	711099	98.2349
ipod WW(od,vrij,zonder)	1	711100	98.2351
iphonisch ADJ(vrij,basis,zonder)	1	711101	98.2352
iphones N(soort,mv,basis)	1	711102	98.2353
iphonelader N(soort,ev,basis,zijd,stan)	1	711103	98.2355
iphoneding N(soort,mv,basis)	1	711104	98.2356
iphone ADJ(prenom,basis,met-e,stan)	1	711105	98.2357
ipad-apps N(soort,mv,basis)	1	711106	98.2359
ipad WW(vd,vrij,zonder)	1	711107	98.236
ipad SPEC(vreemd)	1	711108	98.2362
ip N(soort,ev,basis,zijd,stan)	1	711109	98.2363
ip ADJ(vrij,basis,zonder)	1	711110	98.2364
ip ADJ(prenom,basis,zonder)	1	711111	98.2366
ios N(soort,ev,basis,zijd,stan)	1	711112	98.2367
ioo N(soort,ev,basis,zijd,stan)	1	711113	98.2369
iomega N(soort,ev,basis,onz,stan)	1	711114	98.237
io N(soort,ev,basis,zijd,stan)	1	711115	98.2371
inzientoch ADJ(vrij,basis,zonder)	1	711116	98.2373
inzien WW(pv,tgw,met-t)	1	711117	98.2374
inzicht N(soort,mv,basis)	1	711118	98.2375
inzicht N(soort,ev,basis,onz,stan)	1	711119	98.2377
inze VNW(bez,det,stan,vol,1,mv,prenom,met-e,rest)	1	711120	98.2378
inwrijven WW(inf,nom,zonder,zonder-n)	1	711121	98.238
inwijding N(soort,ev,basis,zijd,stan)	1	711122	98.2381
inwijden WW(vd,vrij,zonder)	1	711123	98.2382
inwijden WW(inf,vrij,zonder)	1	711124	98.2384
inwerken WW(vd,vrij,zonder)	1	711125	98.2385
inwerken WW(inf,vrij,zonder)	1	711126	98.2386
invulling N(soort,ev,basis,zijd,stan)	1	711127	98.2388
invullen WW(pv,tgw,ev)	1	711128	98.2389
invriesijs N(soort,mv,dim)	1	711129	98.2391
invoeren WW(vd,vrij,zonder)	1	711130	98.2392
invoeren WW(pv,verl,ev)	1	711131	98.2393
invoeren WW(inf,nom,zonder,zonder-n)	1	711132	98.2395
inviteren WW(inf,vrij,zonder)	1	711133	98.2396
invite SPEC(deeleigen)	1	711134	98.2398
invite N(soort,ev,basis,zijd,stan)	1	711135	98.2399
invitation SPEC(vreemd)	1	711136	98.24
investeren WW(vd,vrij,zonder)	1	711137	98.2402
investeren WW(inf,vrij,zonder)	1	711138	98.2403
invazion N(soort,ev,basis,zijd,stan)	1	711139	98.2404
invasion N(soort,ev,basis,zijd,stan)	1	711140	98.2406
invasie N(soort,ev,basis,zijd,stan)	1	711141	98.2407
invallen WW(pv,tgw,met-t)	1	711142	98.2409
inval N(soort,mv,basis)	1	711143	98.241
inval N(soort,ev,basis,zijd,stan)	1	711144	98.2411
invading SPEC(vreemd)	1	711145	98.2413
intypen WW(vd,vrij,zonder)	1	711146	98.2414
intuÃ¯ting N(soort,ev,basis,zijd,stan)	1	711147	98.2415
intunen WW(vd,vrij,zonder)	1	711148	98.2417
introducÃ© N(soort,ev,basis,zijd,stan)	1	711149	98.2418
introduction SPEC(vreemd)	1	711150	98.242
introcommissie N(soort,ev,basis,zijd,stan)	1	711151	98.2421
intro SPEC(vreemd)	1	711152	98.2422
intrekken WW(vd,vrij,zonder)	1	711153	98.2424
intrekken WW(inf,vrij,zonder)	1	711154	98.2425
intrede N(soort,ev,basis,zijd,stan)	1	711155	98.2427
intratuin N(soort,ev,basis,zijd,stan)	1	711156	98.2428
intranet N(soort,ev,basis,onz,stan)	1	711157	98.2429
intra N(soort,mv,basis)	1	711158	98.2431
intolerantie N(soort,ev,basis,zijd,stan)	1	711159	98.2432
intimiteit N(soort,ev,basis,zijd,stan)	1	711160	98.2433
intime SPEC(vreemd)	1	711161	98.2435
intilburg SPEC(symb)	1	711162	98.2436
intiem ADJ(vrij,basis,zonder)	1	711163	98.2438
intiem ADJ(prenom,basis,zonder)	1	711164	98.2439
interviewen WW(vd,vrij,zonder)	1	711165	98.244
interview N(soort,mv,basis)	1	711166	98.2442
interressant ADJ(vrij,basis,zonder)	1	711167	98.2443
interpreteren WW(vd,vrij,zonder)	1	711168	98.2445
interpretatie N(soort,ev,basis,zijd,stan)	1	711169	98.2446
internetververbinding N(soort,ev,basis,zijd,stan)	1	711170	98.2447
internetverslaving N(soort,ev,basis,zijd,stan)	1	711171	98.2449
internetregel N(soort,ev,basis,zijd,stan)	1	711172	98.245
internetprovider N(soort,ev,basis,zijd,stan)	1	711173	98.2451
internetlozen N(soort,mv,basis)	1	711174	98.2453
internetding N(soort,mv,basis)	1	711175	98.2454
internet WW(pv,tgw,ev)	1	711176	98.2456
internerverbinding N(soort,ev,basis,zijd,stan)	1	711177	98.2457
interneppen WW(inf,vrij,zonder)	1	711178	98.2458
internations ADJ(vrij,basis,zonder)	1	711179	98.246
international N(soort,ev,basis,zijd,stan)	1	711180	98.2461
internationaal ADJ(prenom,basis,zonder)	1	711181	98.2462
internation SPEC(vreemd)	1	711182	98.2464
intern ADJ(prenom,basis,zonder)	1	711183	98.2465
interimmama N(soort,ev,basis,zijd,stan)	1	711184	98.2467
interesting N(soort,ev,basis,zijd,stan)	1	711185	98.2468
interested N(soort,ev,basis,onz,stan)	1	711186	98.2469
interest SPEC(vreemd)	1	711187	98.2471
interest N(soort,ev,basis,zijd,stan)	1	711188	98.2472
interesseren WW(vd,prenom,met-e)	1	711189	98.2474
intercultureel ADJ(prenom,basis,zonder)	1	711190	98.2475
intercultureel ADJ(prenom,basis,met-e,stan)	1	711191	98.2476
interconnectie N(soort,mv,basis)	1	711192	98.2478
intercedente N(soort,ev,basis,zijd,stan)	1	711193	98.2479
intention SPEC(vreemd)	1	711194	98.248
intentie N(soort,mv,basis)	1	711195	98.2482
intens ADJ(vrij,basis,zonder)	1	711196	98.2483
intended SPEC(vreemd)	1	711197	98.2485
intelligentie N(soort,ev,basis,zijd,stan)	1	711198	98.2486
intelligent ADJ(prenom,basis,met-e,stan)	1	711199	98.2487
intelligence N(soort,ev,basis,zijd,stan)	1	711200	98.2489
intellectueel ADJ(prenom,basis,met-e,stan)	1	711201	98.249
integreren WW(pv,tgw,ev)	1	711202	98.2491
inteelt N(soort,ev,basis,zijd,stan)	1	711203	98.2493
intapen WW(vd,vrij,zonder)	1	711204	98.2494
int N(soort,ev,basis,zijd,stan)	1	711205	98.2496
insuline N(soort,ev,basis,zijd,stan)	1	711206	98.2497
insturen WW(pv,tgw,mv)	1	711207	98.2498
instrumentenrooftocht N(soort,ev,basis,zijd,stan)	1	711208	98.25
instroom-statistiek N(soort,mv,basis)	1	711209	98.2501
instorten WW(vd,vrij,zonder)	1	711210	98.2503
institute WW(pv,verl,ev)	1	711211	98.2504
instinct N(soort,ev,basis,onz,stan)	1	711212	98.2505
instellingen WW(pv,verl,mv)	1	711213	98.2507
insteek N(soort,ev,basis,zijd,stan)	1	711214	98.2508
instead SPEC(vreemd)	1	711215	98.2509
instappen WW(inf,vrij,zonder)	1	711216	98.2511
instapmoment ADJ(vrij,basis,zonder)	1	711217	98.2512
installeren WW(inf,nom,zonder,zonder-n)	1	711218	98.2514
installation SPEC(vreemd)	1	711219	98.2515
installatiekosten N(soort,mv,basis)	1	711220	98.2516
installatie N(soort,ev,basis,zijd,stan)	1	711221	98.2518
instaan WW(pv,tgw,met-t)	1	711222	98.2519
instaan WW(inf,vrij,zonder)	1	711223	98.252
inspuiting N(soort,mv,basis)	1	711224	98.2522
inspreken WW(pv,tgw,met-t)	1	711225	98.2523
inspratie N(soort,ev,basis,zijd,stan)	1	711226	98.2525
inspiron N(soort,ev,basis,zijd,stan)	1	711227	98.2526
inspireren WW(vd,vrij,zonder)	1	711228	98.2527
inspireren WW(inf,vrij,zonder)	1	711229	98.2529
inspiratievol ADJ(vrij,basis,zonder)	1	711230	98.253
inspiratieloos N(soort,ev,basis,zijd,stan)	1	711231	98.2532
inspecteren WW(inf,vrij,zonder)	1	711232	98.2533
inspecteren WW(inf,nom,zonder,zonder-n)	1	711233	98.2534
inspannen WW(vd,vrij,zonder)	1	711234	98.2536
insp. SPEC(afk)	1	711235	98.2537
insmeren WW(vd,vrij,zonder)	1	711236	98.2538
insluiten WW(vd,vrij,zonder)	1	711237	98.254
insluiten WW(inf,vrij,zonder)	1	711238	98.2541
insleuren WW(vd,vrij,zonder)	1	711239	98.2543
inslapen WW(inf,vrij,zonder)	1	711240	98.2544
inslaan WW(vd,vrij,zonder)	1	711241	98.2545
insistent SPEC(vreemd)	1	711242	98.2547
inshrijfformulier N(soort,ev,basis,zijd,stan)	1	711243	98.2548
insgelijks BW()	1	711244	98.2549
insgelijk ADJ(vrij,basis,zonder)	1	711245	98.2551
insert SPEC(vreemd)	1	711246	98.2552
inseren WW(pv,tgw,met-t)	1	711247	98.2554
inschryven WW(vd,vrij,zonder)	1	711248	98.2555
inschryven WW(pv,verl,mv)	1	711249	98.2556
inschrijven WW(pv,verl,ev)	1	711250	98.2558
inschietvellen N(soort,mv,basis)	1	711251	98.2559
inscheuren WW(vd,vrij,zonder)	1	711252	98.2561
inschatting N(soort,ev,basis,zijd,stan)	1	711253	98.2562
inschatten WW(vd,vrij,zonder)	1	711254	98.2563
inscannen WW(vd,vrij,zonder)	1	711255	98.2565
inscannen WW(vd,prenom,met-e)	1	711256	98.2566
inruilen N(soort,mv,basis)	1	711257	98.2567
inrollen WW(vd,vrij,zonder)	1	711258	98.2569
inroepen WW(inf,vrij,zonder)	1	711259	98.257
inrijden WW(pv,verl,ev)	1	711260	98.2572
inrichten WW(inf,vrij,zonder)	1	711261	98.2573
inpraten WW(inf,vrij,zonder)	1	711262	98.2574
inpilzen WW(inf,vrij,zonder)	1	711263	98.2576
inpilsmoment SPEC(vreemd)	1	711264	98.2577
inpakstress N(soort,ev,basis,zijd,stan)	1	711265	98.2579
inorbit N(soort,ev,basis,zijd,stan)	1	711266	98.258
inoperable ADJ(prenom,basis,met-e,stan)	1	711267	98.2581
inoperabel N(soort,ev,basis,onz,stan)	1	711268	98.2583
inonze N(soort,ev,basis,zijd,stan)	1	711269	98.2584
innig ADJ(nom,basis,met-e,zonder-n,stan)	1	711270	98.2585
innerlijk ADJ(prenom,basis,met-e,stan)	1	711271	98.2587
innen WW(inf,vrij,zonder)	1	711272	98.2588
innemen WW(pv,tgw,mv)	1	711273	98.259
innemen WW(inf,vrij,zonder)	1	711274	98.2591
inneken N(soort,mv,basis)	1	711275	98.2592
inne N(soort,ev,basis,zijd,stan)	1	711276	98.2594
inn SPEC(vreemd)	1	711277	98.2595
inmijn N(soort,ev,basis,zijd,stan)	1	711278	98.2596
inloopuur N(soort,ev,dim,onz,stan)	1	711279	98.2598
inloop ADJ(prenom,basis,zonder)	1	711280	98.2599
inlogcodes N(soort,ev,basis,zijd,stan)	1	711281	98.2601
inlijven WW(vd,vrij,zonder)	1	711282	98.2602
inlichting N(soort,mv,basis)	1	711283	98.2603
inlichten WW(vd,vrij,zonder)	1	711284	98.2605
inlezen WW(vd,vrij,zonder)	1	711285	98.2606
inleveren WW(inf,nom,zonder,zonder-n)	1	711286	98.2608
inleven WW(inf,vrij,zonder)	1	711287	98.2609
inleggen WW(vd,vrij,zonder)	1	711288	98.261
inleggen WW(vd,prenom,zonder)	1	711289	98.2612
inleesscript N(soort,ev,basis,onz,stan)	1	711290	98.2613
inlaten WW(vd,vrij,zonder)	1	711291	98.2614
inladen WW(inf,nom,zonder,zonder-n)	1	711292	98.2616
inkorten WW(pv,tgw,mv)	1	711293	98.2617
inkoppen WW(inf,vrij,zonder)	1	711294	98.2619
inkopen WW(inf,vrij,zonder)	1	711295	98.262
inkom-bestuurder N(soort,ev,basis,zijd,stan)	1	711296	98.2621
inklappen WW(vd,vrij,zonder)	1	711297	98.2623
inkie N(soort,ev,dim,onz,stan)	1	711298	98.2624
inkakmoment N(soort,ev,dim,onz,stan)	1	711299	98.2625
ink N(soort,ev,basis,zijd,stan)	1	711300	98.2627
injectiespuit N(soort,ev,basis,zijd,stan)	1	711301	98.2628
initiÃ«ren WW(pv,tgw,ev)	1	711302	98.263
initieren WW(vd,vrij,zonder)	1	711303	98.2631
initiaal N(soort,mv,basis)	1	711304	98.2632
iniatief ADJ(vrij,basis,zonder)	1	711305	98.2634
inhousedag N(soort,ev,basis,zijd,stan)	1	711306	98.2635
inhoudsopgave N(soort,ev,basis,zijd,stan)	1	711307	98.2637
inhoudloos ADJ(prenom,basis,zonder)	1	711308	98.2638
inhouden WW(vd,vrij,zonder)	1	711309	98.2639
inhoud N(soort,mv,basis)	1	711310	98.2641
inhalen WW(pv,tgw,mv)	1	711311	98.2642
inhaalwedstrijd N(soort,ev,basis,zijd,stan)	1	711312	98.2643
inhaalles N(soort,mv,basis)	1	711313	98.2645
inhaalbeweging N(soort,ev,dim,onz,stan)	1	711314	98.2646
ingrijpend ADJ(prenom,basis,met-e,stan)	1	711315	98.2648
ingrid N(soort,ev,basis,zijd,stan)	1	711316	98.2649
ingreep N(soort,ev,basis,zijd,stan)	1	711317	98.265
ingrediÃ«nt N(soort,mv,basis)	1	711318	98.2652
ingraven WW(inf,nom,zonder,zonder-n)	1	711319	98.2653
inglÃ¨s SPEC(deeleigen)	1	711320	98.2654
ingewikkeld ADJ(prenom,basis,met-e,stan)	1	711321	98.2656
ingeweest ADJ(vrij,basis,zonder)	1	711322	98.2657
ingeven WW(vd,vrij,zonder)	1	711323	98.2659
ingeven WW(inf,vrij,zonder)	1	711324	98.266
ingestudeerde ADJ(prenom,basis,met-e,stan)	1	711325	98.2661
ingesteldheid N(soort,ev,basis,zijd,stan)	1	711326	98.2663
ingesteld ADJ(vrij,basis,zonder)	1	711327	98.2664
ingescheven N(soort,mv,basis)	1	711328	98.2666
ingepraat WW(pv,tgw,met-t)	1	711329	98.2667
ingenious SPEC(vreemd)	1	711330	98.2668
ingenieursbureau N(soort,ev,basis,onz,stan)	1	711331	98.267
ingenieur N(soort,mv,basis)	1	711332	98.2671
ingelymd WW(vd,vrij,zonder)	1	711333	98.2672
ingechecked SPEC(vreemd)	1	711334	98.2674
ingebrekestelling N(soort,ev,basis,zijd,stan)	1	711335	98.2675
inge N(soort,ev,basis,onz,stan)	1	711336	98.2677
inge N(soort,ev,basis,dat)	1	711337	98.2678
ingang SPEC(vreemd)	1	711338	98.2679
ingaan WW(pv,tgw,ev)	1	711339	98.2681
ing N(soort,ev,dim,onz,stan)	1	711340	98.2682
infra N(soort,ev,basis,zijd,stan)	1	711341	98.2683
infosessie N(soort,ev,basis,zijd,stan)	1	711342	98.2685
informeren WW(vd,prenom,met-e)	1	711343	98.2686
informaticus N(soort,ev,basis,zijd,stan)	1	711344	98.2688
informal SPEC(vreemd)	1	711345	98.2689
inform SPEC(vreemd)	1	711346	98.269
infodag N(soort,ev,basis,zijd,stan)	1	711347	98.2692
infoblokje N(soort,ev,dim,onz,stan)	1	711348	98.2693
info@orangeways.com SPEC(symb)	1	711349	98.2695
info-avond N(soort,ev,basis,zijd,stan)	1	711350	98.2696
inflatie N(soort,ev,basis,zijd,stan)	1	711351	98.2697
infernal ADJ(vrij,basis,zonder)	1	711352	98.2699
infection SPEC(vreemd)	1	711353	98.27
infecteren WW(vd,vrij,zonder)	1	711354	98.2701
infamous N(soort,mv,basis)	1	711355	98.2703
inet N(soort,ev,basis,onz,stan)	1	711356	98.2704
inernet N(soort,ev,basis,zijd,stan)	1	711357	98.2706
ineke N(soort,ev,dim,onz,stan)	1	711358	98.2707
ine N(soort,mv,basis)	1	711359	98.2708
indutten N(soort,mv,basis)	1	711360	98.271
industrieterrein N(soort,ev,basis,onz,stan)	1	711361	98.2711
industrielaan BW()	1	711362	98.2713
industrieel ADJ(prenom,basis,zonder)	1	711363	98.2714
inductief N(soort,ev,basis,onz,stan)	1	711364	98.2715
indrukwekkend ADJ(vrij,comp,zonder)	1	711365	98.2717
indrukken WW(vd,vrij,zonder)	1	711366	98.2718
indrukken WW(inf,vrij,zonder)	1	711367	98.2719
indrukken WW(inf,nom,zonder,zonder-n)	1	711368	98.2721
indrinken N(soort,mv,basis)	1	711369	98.2722
indringen WW(pv,tgw,met-t)	1	711370	98.2724
indoor N(soort,ev,basis,zijd,stan)	1	711371	98.2725
indoen WW(vd,vrij,zonder)	1	711372	98.2726
individueel ADJ(vrij,basis,zonder)	1	711373	98.2728
indische ADJ(prenom,basis,met-e,stan)	1	711374	98.2729
indisch ADJ(prenom,basis,zonder)	1	711375	98.273
indirect ADJ(vrij,basis,zonder)	1	711376	98.2732
indirect ADJ(prenom,basis,met-e,stan)	1	711377	98.2733
indigesteniveau N(soort,ev,basis,onz,stan)	1	711378	98.2735
indienen WW(vd,vrij,zonder)	1	711379	98.2736
indienen WW(pv,tgw,mv)	1	711380	98.2737
indiase N(soort,ev,basis,zijd,stan)	1	711381	98.2739
indianentent N(soort,ev,basis,zijd,stan)	1	711382	98.274
indian WW(pv,tgw,mv)	1	711383	98.2742
indiaas ADJ(prenom,basis,met-e,stan)	1	711384	98.2743
india SPEC(deeleigen)	1	711385	98.2744
indexering N(soort,ev,basis,zijd,stan)	1	711386	98.2746
index N(soort,mv,basis)	1	711387	98.2747
indesign VNW(onbep,pron,stan,vol,3o,ev)	1	711388	98.2748
inderdiedelie N(soort,ev,basis,zijd,stan)	1	711389	98.275
inderaad WW(pv,tgw,ev)	1	711390	98.2751
indeed WW(vd,vrij,zonder)	1	711391	98.2753
indeed ADJ(vrij,basis,zonder)	1	711392	98.2754
incubier N(soort,ev,dim,onz,stan)	1	711393	98.2755
incubate WW(pv,verl,ev)	1	711394	98.2757
incredibly SPEC(vreemd)	1	711395	98.2758
incompleet ADJ(vrij,basis,zonder)	1	711396	98.2759
incommunicado SPEC(deeleigen)	1	711397	98.2761
incl SPEC(vreemd)	1	711398	98.2762
incl N(soort,ev,basis,onz,stan)	1	711399	98.2764
incl ADJ(vrij,basis,zonder)	1	711400	98.2765
incl ADJ(dial)	1	711401	98.2766
incidentally N(soort,ev,basis,zijd,stan)	1	711402	98.2768
incident N(soort,ev,basis,onz,stan)	1	711403	98.2769
inception WW(pv,tgw,ev)	1	711404	98.2771
inception WW(inf,vrij,zonder)	1	711405	98.2772
inception SPEC(vreemd)	1	711406	98.2773
inception N(soort,ev,basis,onz,stan)	1	711407	98.2775
inbreuk N(soort,ev,basis,zijd,stan)	1	711408	98.2776
inbreker N(soort,mv,basis)	1	711409	98.2777
inbreken WW(vd,vrij,zonder)	1	711410	98.2779
inbreken WW(inf,vrij,zonder)	1	711411	98.278
inbraakpoging N(soort,ev,basis,zijd,stan)	1	711412	98.2782
inbraak N(soort,ev,basis,zijd,stan)	1	711413	98.2783
inbox SPEC(vreemd)	1	711414	98.2784
inbouwkast N(soort,ev,basis,zijd,stan)	1	711415	98.2786
inbouwen WW(vd,vrij,zonder)	1	711416	98.2787
inboedel N(soort,ev,basis,zijd,stan)	1	711417	98.2788
inblaasbuis N(soort,ev,basis,zijd,stan)	1	711418	98.279
inbegrepen ADJ(vrij,basis,zonder)	1	711419	98.2791
inbakken WW(vd,vrij,zonder)	1	711420	98.2793
in.tot N(soort,ev,basis,zijd,stan)	1	711421	98.2794
in't WW(pv,tgw,met-t)	1	711422	98.2795
imvw N(soort,ev,basis,zijd,stan)	1	711423	98.2797
impulsiviteit N(soort,ev,basis,zijd,stan)	1	711424	98.2798
impuls N(soort,ev,basis,zijd,stan)	1	711425	98.28
improviseren WW(pv,tgw,mv)	1	711426	98.2801
improviseren WW(inf,vrij,zonder)	1	711427	98.2802
impro SPEC(deeleigen)	1	711428	98.2804
impressive SPEC(vreemd)	1	711429	98.2805
importante ADJ(nom,sup,met-e,zonder-n,stan)	1	711430	98.2806
impissibru SPEC(vreemd)	1	711431	98.2808
impact N(soort,ev,basis,zijd,stan)	1	711432	98.2809
immesiately SPEC(vreemd)	1	711433	98.2811
immer BW()	1	711434	98.2812
immens ADJ(vrij,basis,zonder)	1	711435	98.2813
imdb WW(pv,tgw,met-t)	1	711436	98.2815
imap-folder N(soort,ev,basis,zijd,stan)	1	711437	98.2816
imagoprobleem N(soort,ev,basis,onz,stan)	1	711438	98.2817
imago N(soort,ev,basis,onz,stan)	1	711439	98.2819
imaginair ADJ(prenom,basis,met-e,stan)	1	711440	98.282
ilyana N(soort,ev,basis,onz,stan)	1	711441	98.2822
ils SPEC(vreemd)	1	711442	98.2823
ilmari SPEC(deeleigen)	1	711443	98.2824
illustreer N(soort,ev,basis,zijd,stan)	1	711444	98.2826
illegaal ADJ(vrij,basis,zonder)	1	711445	98.2827
ilk N(soort,ev,basis,zijd,stan)	1	711446	98.2829
il.hebben WW(pv,tgw,ev)	1	711447	98.283
ikÃ¼berhaupt ADJ(vrij,basis,zonder)	1	711448	98.2831
ikxmorgn N(soort,mv,basis)	1	711449	98.2833
ikvoelmesuperbijjou N(soort,ev,basis,onz,stan)	1	711450	98.2834
ikret N(soort,mv,basis)	1	711451	98.2835
ikniet WW(pv,tgw,met-t)	1	711452	98.2837
iknie N(soort,ev,basis,zijd,stan)	1	711453	98.2838
ikneemjemee N(soort,ev,basis,zijd,stan)	1	711454	98.284
ikki-opmaak N(soort,ev,basis,zijd,stan)	1	711455	98.2841
ikke BW()	1	711456	98.2842
iki N(soort,ev,basis,zijd,stan)	1	711457	98.2844
ikea-skills N(soort,mv,basis)	1	711458	98.2845
ikea-site N(soort,ev,basis,zijd,stan)	1	711459	98.2847
ikea ADJ(prenom,basis,zonder)	1	711460	98.2848
ikblijf N(soort,ev,basis,onz,stan)	1	711461	98.2849
ik.hebben WW(pv,tgw,ev)	1	711462	98.2851
ik.ga N(soort,ev,basis,zijd,stan)	1	711463	98.2852
ik.be SPEC(symb)	1	711464	98.2853
ik-wil-niet-koken WW(inf,vrij,zonder)	1	711465	98.2855
ik(a) N(soort,mv,basis)	1	711466	98.2856
ik VZ(init)	1	711467	98.2858
ik N(soort,mv,basis)	1	711468	98.2859
ijzerzaag N(soort,ev,basis,zijd,stan)	1	711469	98.286
ijzerwakepodium N(soort,ev,basis,onz,stan)	1	711470	98.2862
ijzertreffen N(soort,ev,basis,onz,stan)	1	711471	98.2863
ijzerstraat N(soort,ev,basis,zijd,stan)	1	711472	98.2864
ijzer N(soort,mv,basis)	1	711473	98.2866
ijzelen WW(inf,nom,zonder,zonder-n)	1	711474	98.2867
ijverig ADJ(vrij,basis,zonder)	1	711475	98.2869
ijswater N(soort,ev,basis,zijd,stan)	1	711476	98.287
ijsthee N(soort,ev,basis,zijd,stan)	1	711477	98.2871
ijssalon N(soort,ev,basis,zijd,stan)	1	711478	98.2873
ijskoffie N(soort,ev,basis,zijd,stan)	1	711479	98.2874
ijsklimmen WW(inf,nom,zonder,zonder-n)	1	711480	98.2876
ijsjesstop N(soort,ev,basis,zijd,stan)	1	711481	98.2877
ijsfabriek N(soort,ev,basis,zijd,stan)	1	711482	98.2878
ijscoman N(soort,ev,basis,zijd,stan)	1	711483	98.288
ijsbergsla N(soort,ev,basis,zijd,stan)	1	711484	98.2881
ijsbaan N(soort,mv,basis)	1	711485	98.2882
ijsbaan N(soort,ev,basis,zijd,stan)	1	711486	98.2884
ijn N(soort,ev,basis,zijd,stan)	1	711487	98.2885
ijmeren WW(pv,tgw,met-t)	1	711488	98.2887
ij N(soort,ev,basis,zijd,stan)	1	711489	98.2888
iin N(soort,ev,basis,zijd,stan)	1	711490	98.2889
iig N(soort,ev,basis,onz,stan)	1	711491	98.2891
iig BW()	1	711492	98.2892
iif ADJ(vrij,basis,zonder)	1	711493	98.2893
ii BW()	1	711494	98.2895
igor N(soort,ev,basis,zijd,stan)	1	711495	98.2896
ignore SPEC(vreemd)	1	711496	98.2898
ignace ADJ(prenom,basis,met-e,stan)	1	711497	98.2899
igg ADJ(postnom,basis,met-s)	1	711498	98.29
igen WW(pv,tgw,met-t)	1	711499	98.2902
igen N(soort,mv,basis)	1	711500	98.2903
ig ADJ(vrij,basis,zonder)	1	711501	98.2905
iff SPEC(vreemd)	1	711502	98.2906
ifactor N(soort,mv,basis)	1	711503	98.2907
ieuw N(soort,ev,basis,onz,stan)	1	711504	98.2909
ietswat WW(pv,tgw,met-t)	1	711505	98.291
ietsjes BW()	1	711506	98.2911
iets N(soort,ev,basis,onz,stan)	1	711507	98.2913
iets ADJ(vrij,dim,zonder)	1	711508	98.2914
ieter N(soort,mv,basis)	1	711509	98.2916
ietac N(soort,ev,basis,zijd,stan)	1	711510	98.2917
ierzie N(soort,ev,basis,zijd,stan)	1	711511	98.2918
ierts N(soort,mv,basis)	1	711512	98.292
iere N(soort,ev,basis,zijd,stan)	1	711513	98.2921
ier SPEC(deeleigen)	1	711514	98.2922
ieps N(soort,mv,basis)	1	711515	98.2924
ieperfest N(soort,ev,basis,zijd,stan)	1	711516	98.2925
ieper N(soort,ev,basis,zijd,stan)	1	711517	98.2927
iemand VNW(onbep,pron,gen,vol,3p,ev)	1	711518	98.2928
iels SPEC(vreemd)	1	711519	98.2929
ieeeeeggghh ADJ(vrij,basis,zonder)	1	711520	98.2931
iedergeval N(soort,ev,basis,zijd,stan)	1	711521	98.2932
iedereen VNW(onbep,pron,gen,vol,3p,ev)	1	711522	98.2934
iederedag SPEC(deeleigen)	1	711523	98.2935
ids ADJ(vrij,basis,zonder)	1	711524	98.2936
idool N(soort,ev,basis,onz,stan)	1	711525	98.2938
idisk WW(pv,tgw,met-t)	1	711526	98.2939
idioten WW(inf,vrij,zonder)	1	711527	98.294
idioot ADJ(prenom,basis,met-e,stan)	1	711528	98.2942
idereen WW(pv,tgw,mv)	1	711529	98.2943
identify SPEC(vreemd)	1	711530	98.2945
ideexd ADJ(prenom,basis,zonder)	1	711531	98.2946
ideen WW(inf,vrij,zonder)	1	711532	98.2947
idee N(soort,mv,dim)	1	711533	98.2949
idee N(soort,ev,basis,genus,stan)	1	711534	98.295
ideal N(soort,ev,basis,onz,stan)	1	711535	98.2951
ideaal ADJ(prenom,basis,zonder)	1	711536	98.2953
ideaaaaal N(soort,ev,basis,onz,stan)	1	711537	98.2954
idd.be SPEC(symb)	1	711538	98.2956
idd WW(vd,prenom,zonder)	1	711539	98.2957
idd BW()	1	711540	98.2958
id. SPEC(afk)	1	711541	98.296
id TW(hoofd,prenom,stan)	1	711542	98.2961
id SPEC(deeleigen)	1	711543	98.2963
icters N(soort,mv,basis)	1	711544	98.2964
icteren WW(pv,tgw,met-t)	1	711545	98.2965
ict-man N(soort,ev,basis,zijd,stan)	1	711546	98.2967
ict-branche N(soort,ev,basis,zijd,stan)	1	711547	98.2968
ict N(soort,ev,basis,zijd,stan)	1	711548	98.2969
icm N(soort,ev,basis,onz,stan)	1	711549	98.2971
icloud N(soort,ev,basis,onz,stan)	1	711550	98.2972
icicus N(soort,mv,basis)	1	711551	98.2974
icici SPEC(vreemd)	1	711552	98.2975
ich VZ(init)	1	711553	98.2976
ibuprofen N(soort,mv,basis)	1	711554	98.2978
ibu N(soort,ev,basis,onz,stan)	1	711555	98.2979
ibood.com SPEC(symb)	1	711556	98.2981
ibln SPEC(vreemd)	1	711557	98.2982
ibiza SPEC(vreemd)	1	711558	98.2983
ibej ADJ(vrij,comp,zonder)	1	711559	98.2985
ib N(soort,ev,basis,onz,stan)	1	711560	98.2986
ia N(soort,ev,basis,zijd,stan)	1	711561	98.2987
ia N(soort,ev,basis,onz,stan)	1	711562	98.2989
iPhone SPEC(vreemd)	1	711563	98.299
iMobile SPEC(symb)	1	711564	98.2992
i.v.m. SPEC(afk)	1	711565	98.2993
i.saw SPEC(vreemd)	1	711566	98.2994
i BW()	1	711567	98.2996
hÃ³Ã©f WW(pv,tgw,ev)	1	711568	98.2997
hÃ©Ã©Ã©Ã©Ã©Ã©rlijk ADJ(vrij,basis,zonder)	1	711569	98.2998
hÃ©Ã©rlijk ADJ(vrij,basis,zonder)	1	711570	98.3
hÃ©t LID(bep,stan,evon)	1	711571	98.3001
hÃ©le N(soort,ev,basis,zijd,stan)	1	711572	98.3003
hÃ©hÃ©hÃ© N(soort,ev,basis,onz,stan)	1	711573	98.3004
hÃ©hÃ© N(soort,ev,basis,onz,stan)	1	711574	98.3005
hÃ©bben N(soort,mv,basis)	1	711575	98.3007
hÃ©b WW(pv,tgw,ev)	1	711576	98.3008
hÃ¨Ã¨Ã¨lp N(soort,ev,basis,zijd,stan)	1	711577	98.301
hÃ¨t VZ(init)	1	711578	98.3011
hÃ¨b WW(pv,tgw,ev)	1	711579	98.3012
hÃ¨.zo SPEC(afk)	1	711580	98.3014
hÃ¡Ã¡r N(soort,ev,basis,zijd,stan)	1	711581	98.3015
hyves-felicitatie N(soort,mv,basis)	1	711582	98.3016
hyves-account N(soort,ev,basis,onz,stan)	1	711583	98.3018
hyves N(soort,mv,dim)	1	711584	98.3019
hyves N(soort,ev,basis,zijd,stan)	1	711585	98.3021
hysterisch ADJ(vrij,basis,zonder)	1	711586	98.3022
hypothese N(soort,mv,basis)	1	711587	98.3023
hypotheker N(soort,mv,basis)	1	711588	98.3025
hypotheekstuk N(soort,mv,basis)	1	711589	98.3026
hypotheekgesprek N(soort,ev,basis,onz,stan)	1	711590	98.3027
hypermobiliteit N(soort,ev,basis,zijd,stan)	1	711591	98.3029
hypermobiel ADJ(vrij,basis,zonder)	1	711592	98.303
hyperbazaar N(soort,ev,basis,zijd,stan)	1	711593	98.3032
hyper N(soort,ev,basis,zijd,stan)	1	711594	98.3033
hygiene N(soort,ev,basis,zijd,stan)	1	711595	98.3034
hy WW(pv,tgw,ev)	1	711596	98.3036
hy SPEC(afk)	1	711597	98.3037
hy N(soort,mv,basis)	1	711598	98.3039
hy N(soort,ev,basis,onz,stan)	1	711599	98.304
hwb WW(pv,tgw,ev)	1	711600	98.3041
hw SPEC(vreemd)	1	711601	98.3043
hw N(soort,ev,basis,onz,stan)	1	711602	98.3044
hvjxkxk N(soort,ev,basis,zijd,stan)	1	711603	98.3045
hvj N(soort,ev,basis,onz,stan)	1	711604	98.3047
hvj ADJ(prenom,basis,zonder)	1	711605	98.3048
hvh N(soort,ev,basis,onz,stan)	1	711606	98.305
hveld WW(vd,vrij,zonder)	1	711607	98.3051
huwelyksfeest WW(vd,vrij,zonder)	1	711608	98.3052
huwelverj N(soort,ev,basis,zijd,stan)	1	711609	98.3054
huwelijk N(soort,ev,basis,onz,stan)	1	711610	98.3055
huwbaar ADJ(prenom,basis,met-e,stan)	1	711611	98.3056
huurtoeslag N(soort,ev,basis,onz,stan)	1	711612	98.3058
huurtegoed N(soort,ev,basis,onz,stan)	1	711613	98.3059
huurder N(soort,ev,basis,zijd,stan)	1	711614	98.3061
huurcontract N(soort,ev,basis,onz,stan)	1	711615	98.3062
huurbon N(soort,mv,basis)	1	711616	98.3063
huurauto N(soort,ev,basis,zijd,stan)	1	711617	98.3065
huuh ADJ(vrij,basis,zonder)	1	711618	98.3066
hurts SPEC(vreemd)	1	711619	98.3068
hurry SPEC(vreemd)	1	711620	98.3069
hurray SPEC(vreemd)	1	711621	98.307
huren WW(vd,vrij,zonder)	1	711622	98.3072
huren WW(pv,tgw,ev)	1	711623	98.3073
hupla N(soort,ev,basis,zijd,stan)	1	711624	98.3074
hunt ADJ(vrij,basis,zonder)	1	711625	98.3076
hunkeren WW(pv,tgw,ev)	1	711626	98.3077
hungover SPEC(vreemd)	1	711627	98.3079
hundelgems ADJ(prenom,basis,met-e,stan)	1	711628	98.308
hun VNW(bez,det,dial)	1	711629	98.3081
humpen N(soort,mv,basis)	1	711630	98.3083
hummel N(soort,ev,basis,onz,stan)	1	711631	98.3084
humm N(soort,ev,basis,onz,stan)	1	711632	98.3086
humidifier N(soort,ev,basis,zijd,stan)	1	711633	98.3087
humanisme N(soort,ev,basis,onz,stan)	1	711634	98.3088
hulpstuk N(soort,mv,basis)	1	711635	98.309
hulplijst N(soort,ev,basis,zijd,stan)	1	711636	98.3091
hulphond N(soort,ev,basis,zijd,stan)	1	711637	98.3092
hulder VNW(bez,det,dial)	1	711638	98.3094
huizentocht N(soort,ev,basis,onz,stan)	1	711639	98.3095
huizenspel N(soort,ev,basis,zijd,stan)	1	711640	98.3097
huizenspel N(soort,ev,basis,onz,stan)	1	711641	98.3098
huizenjacht N(soort,ev,basis,zijd,stan)	1	711642	98.3099
huizenfront N(soort,ev,basis,onz,stan)	1	711643	98.3101
huizencijfer N(soort,mv,basis)	1	711644	98.3102
huiswerkend N(soort,ev,basis,onz,stan)	1	711645	98.3103
huiswerkbegeleiding N(soort,ev,basis,zijd,stan)	1	711646	98.3105
huisuitje N(soort,ev,dim,onz,stan)	1	711647	98.3106
huistelefoon SPEC(vreemd)	1	711648	98.3108
huismoeder N(soort,ev,basis,zijd,stan)	1	711649	98.3109
huismerk N(soort,ev,basis,onz,stan)	1	711650	98.311
huiskamergroep N(soort,ev,basis,onz,stan)	1	711651	98.3112
huiskamer N(soort,ev,basis,zijd,stan)	1	711652	98.3113
huishoudelijk ADJ(prenom,basis,met-e,stan)	1	711653	98.3115
huisgenoot N(soort,mv,dim)	1	711654	98.3116
huisfeest N(soort,mv,basis)	1	711655	98.3117
huisfeest N(soort,ev,dim,onz,stan)	1	711656	98.3119
huiseten N(soort,ev,dim,onz,stan)	1	711657	98.312
huisbezoek N(soort,mv,basis)	1	711658	98.3121
huisbar N(soort,ev,basis,zijd,stan)	1	711659	98.3123
huisavond SPEC(vreemd)	1	711660	98.3124
huisavond ADJ(vrij,basis,zonder)	1	711661	98.3126
huilen WW(pv,tgw,ev)	1	711662	98.3127
huifkarfoto N(soort,mv,basis)	1	711663	98.3128
huidig ADJ(prenom,basis,zonder)	1	711664	98.313
huidfeestjey N(soort,mv,dim)	1	711665	98.3131
huidarts N(soort,ev,basis,zijd,stan)	1	711666	98.3132
hui N(soort,ev,basis,zijd,stan)	1	711667	98.3134
huh TSW()	1	711668	98.3135
hugs SPEC(vreemd)	1	711669	98.3137
hufter N(soort,mv,basis)	1	711670	98.3138
hufter N(soort,ev,basis,zijd,stan)	1	711671	98.3139
hubertusldk N(soort,ev,basis,zijd,stan)	1	711672	98.3141
hubertus N(soort,mv,basis)	1	711673	98.3142
hubertus N(soort,ev,basis,zijd,stan)	1	711674	98.3144
hu SPEC(vreemd)	1	711675	98.3145
httpstreamer N(soort,ev,basis,onz,stan)	1	711676	98.3146
http://xkcd.com/610 SPEC(symb)	1	711677	98.3148
http://www.google.nl/search?q SPEC(symb)	1	711678	98.3149
http://tweakers.net/nieuws/66542/eerste-versie-nieuwe-linux-os-meego-komt-uit-voor-nokia-n900.html SPEC(symb)	1	711679	98.315
http://tinyurl.com/436trps SPEC(symb)	1	711680	98.3152
http://nl.m.wikipedia.org/wiki/De_drie_musketiers SPEC(symb)	1	711681	98.3153
http://district8.net/alcoholcontrole-oostpoortweg-delft.html SPEC(symb)	1	711682	98.3155
http://csrdelft.nl/tools/saldografiek.php?uid SPEC(symb)	1	711683	98.3156
html-nerd N(soort,ev,basis,zijd,stan)	1	711684	98.3157
htc N(soort,mv,basis)	1	711685	98.3159
ht WW(pv,verl,ev)	1	711686	98.316
hst WW(pv,tgw,met-t)	1	711687	98.3161
hst N(soort,ev,basis,zijd,stan)	1	711688	98.3163
hrrrr SPEC(symb)	1	711689	98.3164
hroet N(soort,mv,dim)	1	711690	98.3166
hrm N(soort,ev,basis,zijd,stan)	1	711691	98.3167
hq N(soort,ev,basis,zijd,stan)	1	711692	98.3168
hp-special N(soort,ev,basis,zijd,stan)	1	711693	98.317
hp VZ(fin)	1	711694	98.3171
hp SPEC(vreemd)	1	711695	98.3173
hozen WW(inf,vrij,zonder)	1	711696	98.3174
howto N(soort,ev,basis,zijd,stan)	1	711697	98.3175
houtsnijden WW(pv,verl,mv)	1	711698	98.3177
houthakker N(soort,ev,basis,zijd,stan)	1	711699	98.3178
houtbriel N(soort,ev,basis,zijd,stan)	1	711700	98.3179
housewife ADJ(prenom,basis,met-e,stan)	1	711701	98.3181
houseparty SPEC(vreemd)	1	711702	98.3182
houseparty N(soort,ev,basis,zijd,stan)	1	711703	98.3184
housemates SPEC(deeleigen)	1	711704	98.3185
house-party N(soort,ev,basis,zijd,stan)	1	711705	98.3186
houldnt SPEC(vreemd)	1	711706	98.3188
houdster N(soort,ev,basis,zijd,stan)	1	711707	98.3189
houdoe N(soort,mv,dim)	1	711708	98.319
houdoe BW()	1	711709	98.3192
houding N(soort,ev,basis,zijd,stan)	1	711710	98.3193
houden WW(inf,nom,zonder,zonder-n)	1	711711	98.3195
houde WW(pv,verl,ev)	1	711712	98.3196
houde WW(pv,tgw,met-t)	1	711713	98.3197
houblon N(soort,ev,basis,onz,stan)	1	711714	98.3199
hottie N(soort,ev,basis,zijd,stan)	1	711715	98.32
hottest SPEC(vreemd)	1	711716	98.3202
hotspotshield N(soort,ev,basis,onz,stan)	1	711717	98.3203
hotspot N(soort,mv,basis)	1	711718	98.3204
hotspot N(soort,ev,basis,zijd,stan)	1	711719	98.3206
hotseflot N(soort,mv,basis)	1	711720	98.3207
hotmailadres N(soort,ev,basis,onz,stan)	1	711721	98.3208
hotmail WW(pv,tgw,ev)	1	711722	98.321
hotmail ADJ(prenom,basis,zonder)	1	711723	98.3211
hotelvakantie N(soort,ev,basis,zijd,stan)	1	711724	98.3213
hotelkosten N(soort,mv,basis)	1	711725	98.3214
hotelkamer N(soort,mv,basis)	1	711726	98.3215
hotelkamer N(soort,ev,basis,zijd,stan)	1	711727	98.3217
hotelgast WW(pv,tgw,met-t)	1	711728	98.3218
hotelcomplex N(soort,ev,basis,onz,stan)	1	711729	98.322
hotelbon N(soort,mv,basis)	1	711730	98.3221
hotelbon N(soort,ev,basis,zijd,stan)	1	711731	98.3222
hotel SPEC(vreemd)	1	711732	98.3224
hotel N(soort,mv,basis)	1	711733	98.3225
hotdog N(soort,ev,basis,zijd,stan)	1	711734	98.3226
hosting SPEC(vreemd)	1	711735	98.3228
hosting N(soort,ev,basis,zijd,stan)	1	711736	98.3229
hostel N(soort,mv,dim)	1	711737	98.3231
hostel N(soort,ev,basis,zijd,stan)	1	711738	98.3232
host SPEC(vreemd)	1	711739	98.3233
hospode N(soort,ev,basis,zijd,stan)	1	711740	98.3235
hos SPEC(vreemd)	1	711741	98.3236
horst N(soort,ev,basis,zijd,stan)	1	711742	98.3237
horror-rit N(soort,ev,basis,zijd,stan)	1	711743	98.3239
horror N(soort,ev,basis,zijd,stan)	1	711744	98.324
horror ADJ(prenom,basis,zonder)	1	711745	98.3242
horrible N(soort,ev,basis,zijd,stan)	1	711746	98.3243
horny SPEC(vreemd)	1	711747	98.3244
hormons SPEC(vreemd)	1	711748	98.3246
hor N(soort,ev,basis,onz,stan)	1	711749	98.3247
hoppaaaaaa N(soort,ev,basis,zijd,stan)	1	711750	98.3249
hoppa N(soort,ev,basis,onz,stan)	1	711751	98.325
hopn WW(inf,vrij,zonder)	1	711752	98.3251
hoping SPEC(vreemd)	1	711753	98.3253
hophophop N(soort,ev,basis,zijd,stan)	1	711754	98.3254
hopen WW(pv,tgw,met-t)	1	711755	98.3255
hopduvel N(soort,ev,basis,zijd,stan)	1	711756	98.3257
hoosbui N(soort,ev,basis,zijd,stan)	1	711757	98.3258
hoort't WW(pv,tgw,met-t)	1	711758	98.326
hoora N(soort,ev,basis,onz,stan)	1	711759	98.3261
hoor.in SPEC(symb)	1	711760	98.3262
hoor(a) N(soort,ev,basis,genus,stan)	1	711761	98.3264
hoor TSW()	1	711762	98.3265
hoor N(soort,mv,basis)	1	711763	98.3266
hoop N(soort,ev,dim,onz,stan)	1	711764	98.3268
hooowj SPEC(symb)	1	711765	98.3269
hoooren WW(inf,vrij,zonder)	1	711766	98.3271
hooor ADJ(vrij,basis,zonder)	1	711767	98.3272
hooooooooi N(soort,ev,basis,zijd,stan)	1	711768	98.3273
hookah SPEC(vreemd)	1	711769	98.3275
hook SPEC(vreemd)	1	711770	98.3276
hooistijgen WW(pv,verl,ev)	1	711771	98.3278
hooikoortstablet N(soort,mv,basis)	1	711772	98.3279
hooikoortspil N(soort,mv,basis)	1	711773	98.328
hooikoortserig ADJ(vrij,basis,zonder)	1	711774	98.3282
hooikoorts N(soort,ev,basis,zijd,stan)	1	711775	98.3283
hooii N(soort,ev,basis,zijd,stan)	1	711776	98.3284
hoogwerker N(soort,ev,basis,zijd,stan)	1	711777	98.3286
hoogvliet N(soort,ev,basis,genus,stan)	1	711778	98.3287
hoogteverschil N(soort,ev,basis,onz,stan)	1	711779	98.3289
hoogtepunt N(soort,mv,basis)	1	711780	98.329
hoogstnoodzakelijk ADJ(nom,basis,met-e,zonder-n,stan)	1	711781	98.3291
hoogland N(soort,ev,basis,onz,stan)	1	711782	98.3293
hooggekwalificeerd WW(vd,vrij,zonder)	1	711783	98.3294
hoogbegaafd ADJ(vrij,basis,zonder)	1	711784	98.3295
hoogachten WW(od,vrij,zonder)	1	711785	98.3297
hoog ADJ(vrij,sup,zonder)	1	711786	98.3298
hoog ADJ(prenom,comp,met-e,stan)	1	711787	98.33
hoog ADJ(prenom,basis,zonder)	1	711788	98.3301
hoog ADJ(nom,sup,met-e,zonder-n,stan)	1	711789	98.3302
hoofdverdachte N(soort,ev,basis,zijd,stan)	1	711790	98.3304
hoofdtelefoon N(soort,ev,basis,zijd,stan)	1	711791	98.3305
hoofdstuk N(soort,ev,dim,onz,stan)	1	711792	98.3307
hoofdstad N(soort,mv,basis)	1	711793	98.3308
hoofdschuddend ADJ(vrij,basis,zonder)	1	711794	98.3309
hoofdrol N(soort,ev,basis,zijd,stan)	1	711795	98.3311
hoofdrekenen WW(inf,vrij,zonder)	1	711796	98.3312
hoofdpyn N(soort,mv,basis)	1	711797	98.3313
hoofdprijs N(soort,ev,basis,zijd,stan)	1	711798	98.3315
hoofdpijnaanval N(soort,ev,basis,zijd,stan)	1	711799	98.3316
hoofdpijn N(soort,ev,dim,onz,stan)	1	711800	98.3318
hoofdonderwerp N(soort,ev,basis,onz,stan)	1	711801	98.3319
hoofdlocatie N(soort,ev,basis,zijd,stan)	1	711802	98.332
hoofdletter N(soort,ev,basis,zijd,stan)	1	711803	98.3322
hoofdgebouw N(soort,ev,basis,onz,stan)	1	711804	98.3323
hoofddoek N(soort,ev,basis,zijd,stan)	1	711805	98.3324
hoofd N(soort,ev,dim,onz,stan)	1	711806	98.3326
hoof N(soort,ev,basis,onz,stan)	1	711807	98.3327
honour SPEC(vreemd)	1	711808	98.3329
honneurs N(soort,mv,basis)	1	711809	98.333
honnepon ADJ(vrij,basis,zonder)	1	711810	98.3331
honkbal N(soort,ev,basis,zijd,stan)	1	711811	98.3333
hongerrr ADJ(vrij,comp,zonder)	1	711812	98.3334
hongerig ADJ(vrij,basis,zonder)	1	711813	98.3336
hongerig ADJ(prenom,basis,met-e,stan)	1	711814	98.3337
honger SPEC(vreemd)	1	711815	98.3338
honger N(soort,ev,dim,onz,stan)	1	711816	98.334
hongarije N(soort,ev,dim,onz,stan)	1	711817	98.3341
honeys N(soort,mv,basis)	1	711818	98.3342
honeyponey SPEC(vreemd)	1	711819	98.3344
hondskaak N(soort,ev,basis,zijd,stan)	1	711820	98.3345
hondsdolheid N(soort,ev,basis,zijd,stan)	1	711821	98.3347
hondsdol N(soort,ev,basis,zijd,stan)	1	711822	98.3348
hondenleven WW(inf,vrij,zonder)	1	711823	98.3349
hondachtig ADJ(prenom,basis,met-e,stan)	1	711824	98.3351
hond N(soort,mv,dim)	1	711825	98.3352
hond N(soort,ev,dim,onz,stan)	1	711826	98.3354
homp N(soort,ev,basis,zijd,stan)	1	711827	98.3355
homoseksueel ADJ(prenom,basis,met-e,stan)	1	711828	98.3356
homework SPEC(vreemd)	1	711829	98.3358
homerun N(soort,ev,basis,zijd,stan)	1	711830	98.3359
homeparty N(soort,ev,basis,zijd,stan)	1	711831	98.336
homejacking N(soort,ev,basis,zijd,stan)	1	711832	98.3362
homejacker N(soort,mv,basis)	1	711833	98.3363
homealone N(soort,ev,basis,zijd,stan)	1	711834	98.3365
home-xp N(soort,ev,basis,zijd,stan)	1	711835	98.3366
holy SPEC(deeleigen)	1	711836	98.3367
holsbeek WW(pv,verl,ev)	1	711837	98.3369
holly SPEC(vreemd)	1	711838	98.337
hollland WW(od,prenom,zonder)	1	711839	98.3371
hollies SPEC(vreemd)	1	711840	98.3373
hollandse VNW(aanw,det,stan,prenom,zonder,rest)	1	711841	98.3374
hollandse SPEC(vreemd)	1	711842	98.3376
hollandsche ADJ(prenom,basis,met-e,stan)	1	711843	98.3377
holland WW(od,vrij,zonder)	1	711844	98.3378
holland SPEC(vreemd)	1	711845	98.338
holland N(soort,ev,basis,zijd,stan)	1	711846	98.3381
holland ADJ(vrij,basis,zonder)	1	711847	98.3383
holister N(soort,ev,basis,zijd,stan)	1	711848	98.3384
holidays SPEC(vreemd)	1	711849	98.3385
holebi N(soort,ev,basis,zijd,stan)	1	711850	98.3387
hole N(soort,ev,basis,zijd,stan)	1	711851	98.3388
holding SPEC(vreemd)	1	711852	98.3389
hold SPEC(vreemd)	1	711853	98.3391
holaaa N(soort,ev,basis,zijd,stan)	1	711854	98.3392
hoi.hoe SPEC(vreemd)	1	711855	98.3394
hogerhand N(soort,ev,basis,zijd,stan)	1	711856	98.3395
hogergenummerde ADJ(prenom,basis,met-e,stan)	1	711857	98.3396
hogenveen N(soort,mv,basis)	1	711858	98.3398
hogentmail N(soort,ev,basis,zijd,stan)	1	711859	98.3399
hogentmail ADJ(vrij,basis,zonder)	1	711860	98.34
hogent N(soort,ev,basis,onz,stan)	1	711861	98.3402
hofman N(soort,ev,basis,onz,stan)	1	711862	98.3403
hof N(soort,ev,basis,onz,stan)	1	711863	98.3405
hoezut N(soort,ev,basis,zijd,stan)	1	711864	98.3406
hoezo WW(pv,tgw,ev)	1	711865	98.3407
hoezee N(soort,ev,basis,zijd,stan)	1	711866	98.3409
hoeven WW(vd,vrij,zonder)	1	711867	98.341
hoeveel TW(rang,prenom,stan)	1	711868	98.3412
hoeveel TW(hoofd,nom,zonder-n,basis)	1	711869	98.3413
hoevee BW()	1	711870	98.3414
hoeveas ADJ(vrij,basis,zonder)	1	711871	98.3416
hoeve N(soort,ev,basis,zijd,stan)	1	711872	98.3417
hoetjesdag N(soort,ev,basis,zijd,stan)	1	711873	98.3418
hoestpauze N(soort,mv,basis)	1	711874	98.342
hoestkriebelonderdrukkend N(soort,ev,basis,zijd,stan)	1	711875	98.3421
hoestdrank N(soort,ev,basis,zijd,stan)	1	711876	98.3423
hoes N(soort,mv,dim)	1	711877	98.3424
hoerkomen N(soort,mv,basis)	1	711878	98.3425
hoeraa N(soort,ev,basis,zijd,stan)	1	711879	98.3427
hoer N(soort,ev,dim,onz,stan)	1	711880	98.3428
hoen N(soort,ev,dim,onz,stan)	1	711881	98.3429
hoempapa N(soort,ev,basis,onz,stan)	1	711882	98.3431
hoelaten WW(pv,tgw,ev)	1	711883	98.3432
hoekbank N(soort,ev,basis,zijd,stan)	1	711884	98.3434
hoeiemorhen WW(inf,vrij,zonder)	1	711885	98.3435
hoei N(soort,ev,basis,zijd,stan)	1	711886	98.3436
hoehoooeeee N(soort,ev,basis,zijd,stan)	1	711887	98.3438
hoegenaamd WW(vd,vrij,zonder)	1	711888	98.3439
hoegenaamd ADJ(vrij,basis,zonder)	1	711889	98.3441
hoeda N(soort,ev,basis,zijd,stan)	1	711890	98.3442
hoed N(soort,ev,dim,onz,stan)	1	711891	98.3443
hoe's SPEC(vreemd)	1	711892	98.3445
hockeytoernooi N(soort,ev,basis,zijd,stan)	1	711893	98.3446
hockeyschoen N(soort,mv,basis)	1	711894	98.3447
hobbelig ADJ(vrij,basis,zonder)	1	711895	98.3449
hobbelen WW(pv,verl,ev)	1	711896	98.345
hobbelen WW(pv,tgw,met-t)	1	711897	98.3452
hmz N(soort,ev,basis,zijd,stan)	1	711898	98.3453
hmmmpft N(soort,ev,basis,zijd,stan)	1	711899	98.3454
hmmm N(soort,ev,basis,zijd,stan)	1	711900	98.3456
hmm WW(pv,tgw,met-t)	1	711901	98.3457
hmm WW(pv,tgw,ev)	1	711902	98.3458
hlpt WW(vd,vrij,zonder)	1	711903	98.346
hloop N(soort,ev,basis,zijd,stan)	1	711904	98.3461
hl SPEC(vreemd)	1	711905	98.3463
hl N(soort,ev,basis,zijd,stan)	1	711906	98.3464
hja SPEC(vreemd)	1	711907	98.3465
hizus N(soort,ev,basis,zijd,stan)	1	711908	98.3467
hitten WW(inf,vrij,zonder)	1	711909	98.3468
hittegolf N(soort,ev,basis,zijd,stan)	1	711910	98.347
hitler SPEC(vreemd)	1	711911	98.3471
hitime ADJ(prenom,basis,met-e,stan)	1	711912	98.3472
hitel N(soort,ev,basis,zijd,stan)	1	711913	98.3474
historisch ADJ(vrij,basis,zonder)	1	711914	98.3475
historisch ADJ(prenom,basis,zonder)	1	711915	98.3476
histerisch ADJ(vrij,basis,zonder)	1	711916	98.3478
hires SPEC(vreemd)	1	711917	98.3479
hipster SPEC(vreemd)	1	711918	98.3481
hippieblij ADJ(vrij,basis,zonder)	1	711919	98.3482
hipperdepip N(soort,ev,basis,zijd,stan)	1	711920	98.3483
hip ADJ(vrij,basis,zonder)	1	711921	98.3485
hip ADJ(prenom,sup,met-e,stan)	1	711922	98.3486
hip ADJ(postnom,basis,met-s)	1	711923	98.3488
hint SPEC(vreemd)	1	711924	98.3489
hindu SPEC(deeleigen)	1	711925	98.349
himself SPEC(vreemd)	1	711926	98.3492
himalyan SPEC(vreemd)	1	711927	98.3493
himalayan SPEC(vreemd)	1	711928	98.3494
himalaja N(soort,ev,basis,zijd,stan)	1	711929	98.3496
hilllllllllaaai N(soort,ev,basis,zijd,stan)	1	711930	98.3497
hillie N(soort,ev,basis,zijd,stan)	1	711931	98.3499
hillfigerhemd N(soort,mv,basis)	1	711932	98.35
hill SPEC(vreemd)	1	711933	98.3501
hilke N(soort,ev,dim,onz,stan)	1	711934	98.3503
hild N(soort,ev,dim,onz,stan)	1	711935	98.3504
hilariteit N(soort,ev,basis,zijd,stan)	1	711936	98.3505
hilarische N(soort,ev,basis,zijd,stan)	1	711937	98.3507
hil SPEC(vreemd)	1	711938	98.3508
hike N(soort,ev,basis,zijd,stan)	1	711939	98.351
hik N(soort,ev,basis,zijd,stan)	1	711940	98.3511
hijsjes-moet N(soort,ev,basis,zijd,stan)	1	711941	98.3512
hijgen WW(pv,tgw,ev)	1	711942	98.3514
hijg N(soort,ev,basis,zijd,stan)	1	711943	98.3515
hiii SPEC(deeleigen)	1	711944	98.3517
hihip N(soort,ev,basis,onz,stan)	1	711945	98.3518
hihihi SPEC(deeleigen)	1	711946	98.3519
highway SPEC(vreemd)	1	711947	98.3521
highschool N(soort,ev,basis,zijd,stan)	1	711948	98.3522
highland WW(vd,vrij,zonder)	1	711949	98.3523
hifi N(soort,ev,basis,zijd,stan)	1	711950	98.3525
hifi N(soort,ev,basis,onz,stan)	1	711951	98.3526
hiet N(soort,ev,basis,onz,stan)	1	711952	98.3528
hierzo BW()	1	711953	98.3529
hiertoe BW()	1	711954	98.353
hierorg N(soort,mv,basis)	1	711955	98.3532
hiernaast BW()	1	711956	98.3533
hierlangs BW()	1	711957	98.3534
hierboven BW()	1	711958	98.3536
hier.be SPEC(symb)	1	711959	98.3537
hiephoi N(soort,ev,basis,zijd,stan)	1	711960	98.3539
hiephiep N(soort,ev,basis,zijd,stan)	1	711961	98.354
hieperdepiep WW(pv,verl,ev)	1	711962	98.3541
hieperdepiep N(soort,ev,basis,zijd,stan)	1	711963	98.3543
hien WW(pv,verl,ev)	1	711964	98.3544
hielen WW(pv,verl,mv)	1	711965	98.3546
hiel N(soort,ev,basis,zijd,stan)	1	711966	98.3547
hiehieeeren WW(pv,tgw,ev)	1	711967	98.3548
hid SPEC(deeleigen)	1	711968	98.355
hi-tea-en N(soort,ev,basis,onz,stan)	1	711969	98.3551
hi-la-risch ADJ(vrij,basis,zonder)	1	711970	98.3552
hhhmmmm N(soort,ev,basis,onz,stan)	1	711971	98.3554
hheffen WW(pv,tgw,met-t)	1	711972	98.3555
hhcj N(soort,ev,basis,zijd,stan)	1	711973	98.3557
hhahaha TSW()	1	711974	98.3558
hezelstr N(soort,ev,basis,zijd,stan)	1	711975	98.3559
hezdekem N(soort,ev,basis,zijd,stan)	1	711976	98.3561
hezdekem N(soort,ev,basis,onz,stan)	1	711977	98.3562
heyendaal N(soort,ev,basis,zijd,stan)	1	711978	98.3563
hey VG(onder)	1	711979	98.3565
hexel N(soort,ev,basis,zijd,stan)	1	711980	98.3566
hevt WW(pv,tgw,met-t)	1	711981	98.3568
hevowl N(soort,ev,basis,onz,stan)	1	711982	98.3569
hevig ADJ(prenom,basis,met-e,stan)	1	711983	98.357
heverlee N(soort,ev,basis,zijd,stan)	1	711984	98.3572
hevelen WW(inf,vrij,zonder)	1	711985	98.3573
heuvelpoort SPEC(symb)	1	711986	98.3575
heus ADJ(prenom,basis,met-e,stan)	1	711987	98.3576
heur N(soort,ev,basis,zijd,stan)	1	711988	98.3577
heumens ADJ(prenom,basis,met-e,stan)	1	711989	98.3579
heule ADJ(prenom,basis,met-e,stan)	1	711990	98.358
heul N(soort,ev,basis,zijd,stan)	1	711991	98.3581
heul N(soort,ev,basis,onz,stan)	1	711992	98.3583
heuh N(soort,ev,basis,onz,stan)	1	711993	98.3584
heuglijk ADJ(prenom,basis,zonder)	1	711994	98.3586
heugelijk ADJ(prenom,basis,met-e,stan)	1	711995	98.3587
heu N(soort,ev,basis,zijd,stan)	1	711996	98.3588
heu ADJ(vrij,basis,zonder)	1	711997	98.359
hetzelfe ADJ(prenom,basis,zonder)	1	711998	98.3591
hetvwerd WW(vd,vrij,zonder)	1	711999	98.3592
hetvast WW(vd,vrij,zonder)	1	712000	98.3594
hetm N(soort,ev,basis,onz,stan)	1	712001	98.3595
hetgeen VNW(betr,det,stan,nom,met-e,zonder-n)	1	712002	98.3597
hetero N(soort,ev,basis,zijd,stan)	1	712003	98.3598
heteren N(soort,mv,basis)	1	712004	98.3599
hetelucht N(soort,ev,basis,zijd,stan)	1	712005	98.3601
het.no SPEC(symb)	1	712006	98.3602
het VNW(pers,pron,dial)	1	712007	98.3604
heston N(soort,ev,basis,zijd,stan)	1	712008	98.3605
hester N(soort,ev,basis,zijd,stan)	1	712009	98.3606
hessels N(soort,mv,basis)	1	712010	98.3608
hesp N(soort,ev,basis,zijd,stan)	1	712011	98.3609
hes N(soort,ev,dim,onz,stan)	1	712012	98.361
hes N(soort,ev,basis,onz,stan)	1	712013	98.3612
herzlichen N(soort,mv,basis)	1	712014	98.3613
herzien WW(inf,vrij,zonder)	1	712015	98.3615
herzele ADJ(prenom,basis,met-e,stan)	1	712016	98.3616
herwonnen ADJ(prenom,basis,zonder)	1	712017	98.3617
herwerken WW(inf,vrij,zonder)	1	712018	98.3619
herverkoop N(soort,ev,basis,zijd,stan)	1	712019	98.362
herverdelen WW(inf,vrij,zonder)	1	712020	98.3622
hertog N(soort,ev,basis,zijd,stan)	1	712021	98.3623
hertentamen N(soort,mv,basis)	1	712022	98.3624
hertelling N(soort,ev,basis,zijd,stan)	1	712023	98.3626
herte N(soort,ev,basis,zijd,stan)	1	712024	98.3627
herte N(soort,ev,basis,onz,stan)	1	712025	98.3628
herstelperiode N(soort,ev,basis,zijd,stan)	1	712026	98.363
herstellen WW(vd,vrij,zonder)	1	712027	98.3631
herstellen WW(pv,tgw,met-t)	1	712028	98.3633
herstellen WW(od,nom,met-e,zonder-n)	1	712029	98.3634
herstellen WW(inf,nom,zonder,zonder-n)	1	712030	98.3635
hersenbloeding N(soort,ev,basis,zijd,stan)	1	712031	98.3637
hersemtumor N(soort,ev,basis,zijd,stan)	1	712032	98.3638
herschrijving N(soort,mv,basis)	1	712033	98.3639
herr SPEC(symb)	1	712034	98.3641
herpes VNW(onbep,pron,stan,vol,3o,ev)	1	712035	98.3642
heropstarten WW(inf,vrij,zonder)	1	712036	98.3644
heroe N(soort,mv,basis)	1	712037	98.3645
hernemen WW(inf,vrij,zonder)	1	712038	98.3646
hermine N(soort,ev,basis,zijd,stan)	1	712039	98.3648
hermetisch ADJ(vrij,basis,zonder)	1	712040	98.3649
herman N(soort,ev,basis,zijd,stan)	1	712041	98.3651
herlinde WW(od,prenom,met-e)	1	712042	98.3652
herlinde N(soort,ev,basis,zijd,stan)	1	712043	98.3653
herlading SPEC(vreemd)	1	712044	98.3655
herladen WW(inf,vrij,zonder)	1	712045	98.3656
herkom N(soort,mv,basis)	1	712046	98.3657
herkenning N(soort,ev,basis,zijd,stan)	1	712047	98.3659
herkenk ADJ(prenom,basis,met-e,stan)	1	712048	98.366
herkend WW(vd,vrij,zonder)	1	712049	98.3662
herkansingsmoment N(soort,mv,basis)	1	712050	98.3663
herk N(soort,ev,basis,onz,stan)	1	712051	98.3664
herinschrijving N(soort,ev,basis,zijd,stan)	1	712052	98.3666
herinschrijven WW(inf,vrij,zonder)	1	712053	98.3667
herinneren WW(vd,vrij,zonder)	1	712054	98.3668
herhaling N(soort,mv,basis)	1	712055	98.367
herhalen WW(inf,vrij,zonder)	1	712056	98.3671
herhaalrecept N(soort,mv,basis)	1	712057	98.3673
herhaaldelijk ADJ(vrij,basis,zonder)	1	712058	98.3674
herfstweer N(soort,ev,basis,onz,stan)	1	712059	98.3675
herfstweekend N(soort,ev,basis,onz,stan)	1	712060	98.3677
herfstkampioen N(soort,ev,basis,onz,stan)	1	712061	98.3678
herfstig ADJ(prenom,basis,zonder)	1	712062	98.368
herfstavond N(soort,mv,basis)	1	712063	98.3681
herex N(soort,ev,basis,onz,stan)	1	712064	98.3682
herentals N(soort,mv,basis)	1	712065	98.3684
herenigen WW(vd,vrij,zonder)	1	712066	98.3685
herendispuut N(soort,mv,basis)	1	712067	98.3686
herendispuut N(soort,ev,basis,onz,stan)	1	712068	98.3688
herbstmeister N(soort,mv,basis)	1	712069	98.3689
herbekijkt WW(vd,vrij,zonder)	1	712070	98.3691
her N(soort,mv,basis)	1	712071	98.3692
heo N(soort,mv,basis)	1	712072	98.3693
henzelf VNW(pers,pron,obl,nadr,3p,mv)	1	712073	98.3695
henriette WW(pv,verl,ev)	1	712074	98.3696
henny N(soort,ev,basis,zijd,stan)	1	712075	98.3697
henkie N(soort,ev,dim,onz,stan)	1	712076	98.3699
henk N(soort,ev,basis,zijd,stan)	1	712077	98.37
henk N(soort,ev,basis,onz,stan)	1	712078	98.3702
hengst N(soort,ev,basis,zijd,stan)	1	712079	98.3703
hengen WW(pv,verl,mv)	1	712080	98.3704
hengelen WW(inf,vrij,zonder)	1	712081	98.3706
heng N(soort,mv,basis)	1	712082	98.3707
hendrik WW(pv,tgw,ev)	1	712083	98.3709
henderina N(soort,ev,basis,zijd,stan)	1	712084	98.371
hemelvaart SPEC(symb)	1	712085	98.3711
hemelsnaam N(soort,ev,basis,zijd,stan)	1	712086	98.3713
hemd N(soort,mv,basis)	1	712087	98.3714
hema N(soort,ev,basis,zijd,stan)	1	712088	98.3715
hels ADJ(prenom,basis,zonder)	1	712089	98.3717
helper N(soort,mv,basis)	1	712090	98.3718
helpen WW(od,prenom,met-e)	1	712091	98.372
helped SPEC(vreemd)	1	712092	98.3721
helpdesk N(soort,ev,basis,zijd,stan)	1	712093	98.3722
helmie N(soort,ev,basis,zijd,stan)	1	712094	98.3724
helmaal N(soort,ev,basis,onz,stan)	1	712095	98.3725
helm N(soort,ev,basis,zijd,stan)	1	712096	98.3726
helling N(soort,ev,basis,zijd,stan)	1	712097	98.3728
hellevoetsluis N(soort,mv,basis)	1	712098	98.3729
helke VNW(pr,pron,obl,nadr,1,ev)	1	712099	98.3731
helicopters N(soort,mv,basis)	1	712100	98.3732
helicopter N(soort,ev,basis,zijd,stan)	1	712101	98.3733
helenaam N(soort,ev,basis,zijd,stan)	1	712102	98.3735
helen WW(vd,vrij,zonder)	1	712103	98.3736
helemaa N(soort,ev,basis,onz,stan)	1	712104	98.3738
helderheid N(soort,ev,basis,zijd,stan)	1	712105	98.3739
helder ADJ(prenom,basis,met-e,stan)	1	712106	98.374
heldennaam N(soort,ev,basis,zijd,stan)	1	712107	98.3742
heldendaad N(soort,mv,basis)	1	712108	98.3743
helaasje N(soort,ev,dim,onz,stan)	1	712109	98.3744
hekken N(soort,mv,basis)	1	712110	98.3746
hek N(soort,mv,dim)	1	712111	98.3747
hek N(soort,ev,dim,onz,stan)	1	712112	98.3749
hejj ADJ(prenom,basis,zonder)	1	712113	98.375
hejhej N(soort,ev,basis,zijd,stan)	1	712114	98.3751
heja SPEC(vreemd)	1	712115	98.3753
hej ADJ(vrij,comp,zonder)	1	712116	98.3754
heirweg N(soort,ev,basis,zijd,stan)	1	712117	98.3756
heino N(soort,ev,basis,zijd,stan)	1	712118	98.3757
heinikn SPEC(vreemd)	1	712119	98.3758
heinie ADJ(prenom,basis,met-e,stan)	1	712120	98.376
hein N(soort,ev,dim,onz,stan)	1	712121	98.3761
heilig ADJ(prenom,basis,zonder)	1	712122	98.3762
heiland N(soort,ev,basis,zijd,stan)	1	712123	98.3764
heihoo N(soort,ev,basis,zijd,stan)	1	712124	98.3765
heights SPEC(vreemd)	1	712125	98.3767
heidi SPEC(vreemd)	1	712126	98.3768
heidfeld N(soort,ev,basis,onz,stan)	1	712127	98.3769
heidelberg N(soort,ev,basis,zijd,stan)	1	712128	98.3771
heibel N(soort,ev,basis,zijd,stan)	1	712129	98.3772
hehhoezo N(soort,ev,basis,zijd,stan)	1	712130	98.3773
hehehhe N(soort,ev,basis,zijd,stan)	1	712131	98.3775
hehe VZ(init)	1	712132	98.3776
hehe SPEC(vreemd)	1	712133	98.3778
heh N(soort,ev,basis,zijd,stan)	1	712134	98.3779
heh ADJ(vrij,basis,zonder)	1	712135	98.378
heg N(soort,ev,basis,zijd,stan)	1	712136	98.3782
heffen WW(inf,vrij,zonder)	1	712137	98.3783
heeze VNW(pers,pron,obl,nadr,3v,getal,fem)	1	712138	98.3785
heeten N(soort,mv,basis)	1	712139	98.3786
heet ADJ(vrij,basis,zonder)	1	712140	98.3787
heet ADJ(postnom,basis,met-s)	1	712141	98.3789
heerweg WW(pv,verl,ev)	1	712142	98.379
heerschap N(soort,ev,basis,zijd,stan)	1	712143	98.3791
heerrrlijk ADJ(vrij,basis,zonder)	1	712144	98.3793
heerljk ADJ(prenom,basis,zonder)	1	712145	98.3794
heerlijk.in SPEC(symb)	1	712146	98.3796
heerenveen N(soort,mv,basis)	1	712147	98.3797
heeren N(soort,mv,basis)	1	712148	98.3798
heer N(soort,ev,dim,onz,stan)	1	712149	98.38
heenreis N(soort,ev,basis,zijd,stan)	1	712150	98.3801
heengekomen N(soort,mv,basis)	1	712151	98.3802
heenfietsrn WW(inf,vrij,zonder)	1	712152	98.3804
heen LID(onbep,stan,agr)	1	712153	98.3805
heelveel N(soort,ev,basis,onz,stan)	1	712154	98.3807
heelveel ADJ(prenom,basis,zonder)	1	712155	98.3808
heels SPEC(vreemd)	1	712156	98.3809
heele ADJ(prenom,basis,met-e,stan)	1	712157	98.3811
heel ADJ(dial)	1	712158	98.3812
heej N(soort,ev,basis,zijd,stan)	1	712159	98.3814
heehk WW(pv,tgw,ev)	1	712160	98.3815
heef WW(pv,tgw,met-t)	1	712161	98.3816
heeerlijk ADJ(vrij,basis,zonder)	1	712162	98.3818
heeerlijk ADJ(prenom,basis,met-e,stan)	1	712163	98.3819
heeeleboel N(soort,ev,basis,onz,stan)	1	712164	98.382
heeel N(soort,ev,basis,onz,stan)	1	712165	98.3822
heeeel N(soort,ev,basis,zijd,stan)	1	712166	98.3823
heeeel N(soort,ev,basis,onz,stan)	1	712167	98.3825
heeeeel N(soort,ev,basis,zijd,stan)	1	712168	98.3826
heeeeel N(soort,ev,basis,onz,stan)	1	712169	98.3827
heeeeeel N(soort,ev,basis,zijd,stan)	1	712170	98.3829
heeeeeeel N(soort,ev,basis,zijd,stan)	1	712171	98.383
heeeeeeeel N(soort,ev,basis,zijd,stan)	1	712172	98.3831
heeeeeeeel ADJ(vrij,basis,zonder)	1	712173	98.3833
heeeeeeeeeel ADJ(vrij,basis,zonder)	1	712174	98.3834
heeeeeeeeeeeeeeeeele ADJ(prenom,basis,met-e,stan)	1	712175	98.3836
heeeeeeeeeee N(soort,ev,basis,zijd,stan)	1	712176	98.3837
heeeee N(soort,ev,basis,zijd,stan)	1	712177	98.3838
heeee N(soort,ev,basis,zijd,stan)	1	712178	98.384
heee ADJ(prenom,comp,met-e,stan)	1	712179	98.3841
heee ADJ(prenom,basis,met-e,stan)	1	712180	98.3843
heden BW()	1	712181	98.3844
hedachte N(soort,mv,basis)	1	712182	98.3845
hectisch ADJ(prenom,basis,zonder)	1	712183	98.3847
hectiek N(soort,ev,basis,zijd,stan)	1	712184	98.3848
hectic N(soort,ev,basis,onz,stan)	1	712185	98.3849
hechting N(soort,mv,basis)	1	712186	98.3851
hechten WW(pv,tgw,ev)	1	712187	98.3852
hebtmet VZ(init)	1	712188	98.3854
hebk WW(pv,tgw,met-t)	1	712189	98.3855
hebk ADJ(vrij,basis,zonder)	1	712190	98.3856
hebheelveelzinjeteknuffelen N(soort,mv,basis)	1	712191	98.3858
hebde WW(vd,prenom,met-e)	1	712192	98.3859
hebde ADJ(prenom,basis,zonder)	1	712193	98.386
hebcer N(soort,ev,basis,onz,stan)	1	712194	98.3862
hebbn WW(vd,vrij,zonder)	1	712195	98.3863
hebbn VZ(init)	1	712196	98.3865
hebbn N(soort,ev,basis,zijd,stan)	1	712197	98.3866
hebbn N(soort,ev,basis,onz,stan)	1	712198	98.3867
hebbet WW(pv,tgw,ev)	1	712199	98.3869
hebbet N(soort,ev,basis,zijd,stan)	1	712200	98.387
hebbes N(soort,mv,basis)	1	712201	98.3872
hebberig ADJ(vrij,basis,zonder)	1	712202	98.3873
hebben WW(od,vrij,zonder)	1	712203	98.3874
hebbek WW(pv,tgw,ev)	1	712204	98.3876
hebbed WW(vd,vrij,zonder)	1	712205	98.3877
hebbeb N(soort,ev,basis,zijd,stan)	1	712206	98.3878
heb.in SPEC(symb)	1	712207	98.388
heathrow SPEC(vreemd)	1	712208	98.3881
heather SPEC(vreemd)	1	712209	98.3883
heartbeat N(soort,ev,basis,zijd,stan)	1	712210	98.3884
hearing SPEC(vreemd)	1	712211	98.3885
hearing N(soort,ev,basis,zijd,stan)	1	712212	98.3887
heard WW(pv,tgw,met-t)	1	712213	98.3888
healthcare SPEC(vreemd)	1	712214	98.389
heading SPEC(vreemd)	1	712215	98.3891
heading N(soort,ev,basis,zijd,stan)	1	712216	98.3892
headed SPEC(vreemd)	1	712217	98.3894
headache SPEC(vreemd)	1	712218	98.3895
head SPEC(vreemd)	1	712219	98.3896
he.x SPEC(afk)	1	712220	98.3898
he-le-maal N(soort,ev,basis,onz,stan)	1	712221	98.3899
hdmi N(soort,ev,basis,onz,stan)	1	712222	98.3901
hdd WW(pv,tgw,met-t)	1	712223	98.3902
hd-recorder N(soort,ev,basis,zijd,stan)	1	712224	98.3903
hd WW(vd,vrij,zonder)	1	712225	98.3905
hcdocent N(soort,mv,basis)	1	712226	98.3906
hc N(soort,mv,basis)	1	712227	98.3907
hc N(soort,ev,basis,zijd,stan)	1	712228	98.3909
hbo-tijd N(soort,ev,basis,zijd,stan)	1	712229	98.391
hbo-intro N(soort,mv,basis)	1	712230	98.3912
hbo-intro N(soort,ev,basis,zijd,stan)	1	712231	98.3913
hbo N(soort,ev,basis,zijd,stan)	1	712232	98.3914
hb-gehalte N(soort,ev,basis,onz,stan)	1	712233	98.3916
hazelnoot N(soort,mv,basis)	1	712234	98.3917
haz SPEC(vreemd)	1	712235	98.3919
hawai N(soort,ev,basis,zijd,stan)	1	712236	98.392
hawai N(soort,ev,basis,onz,stan)	1	712237	98.3921
hawai N(soort,ev,basis,genus,stan)	1	712238	98.3923
havent N(soort,ev,basis,onz,stan)	1	712239	98.3924
havent ADJ(prenom,basis,zonder)	1	712240	98.3925
havenlaan N(soort,ev,basis,zijd,stan)	1	712241	98.3927
havenfeestgedoe WW(pv,tgw,ev)	1	712242	98.3928
havenfeest N(soort,mv,basis)	1	712243	98.393
havenfeest N(soort,ev,basis,zijd,stan)	1	712244	98.3931
haven't SPEC(vreemd)	1	712245	98.3932
havana N(soort,ev,basis,zijd,stan)	1	712246	98.3934
havadar ADJ(vrij,basis,zonder)	1	712247	98.3935
hauze SPEC(vreemd)	1	712248	98.3936
hauze N(soort,ev,basis,zijd,stan)	1	712249	98.3938
hause N(soort,ev,basis,zijd,stan)	1	712250	98.3939
haus N(soort,mv,basis)	1	712251	98.3941
haus N(soort,ev,basis,onz,stan)	1	712252	98.3942
haus ADJ(prenom,basis,met-e,stan)	1	712253	98.3943
hau N(soort,ev,basis,onz,stan)	1	712254	98.3945
hatsee N(soort,ev,basis,zijd,stan)	1	712255	98.3946
hatert SPEC(vreemd)	1	712256	98.3948
haten WW(pv,verl,ev)	1	712257	98.3949
haten WW(pv,tgw,ev)	1	712258	98.395
haten WW(inf,vrij,zonder)	1	712259	98.3952
hated SPEC(vreemd)	1	712260	98.3953
hate SPEC(vreemd)	1	712261	98.3954
hat SPEC(vreemd)	1	712262	98.3956
hasta SPEC(vreemd)	1	712263	98.3957
hast SPEC(vreemd)	1	712264	98.3959
hassely N(soort,ev,basis,zijd,stan)	1	712265	98.396
hasselt SPEC(vreemd)	1	712266	98.3961
hasselt N(soort,ev,basis,zijd,stan)	1	712267	98.3963
hasselt N(soort,ev,basis,onz,stan)	1	712268	98.3964
hasselba N(soort,ev,basis,zijd,stan)	1	712269	98.3965
hasn't SPEC(vreemd)	1	712270	98.3967
hasj N(soort,ev,basis,zijd,stan)	1	712271	98.3968
haselunne N(soort,ev,basis,zijd,stan)	1	712272	98.397
hartverwarmend ADJ(vrij,basis,zonder)	1	712273	98.3971
hartslag N(soort,ev,basis,zijd,stan)	1	712274	98.3972
hartig ADJ(prenom,basis,zonder)	1	712275	98.3974
hartgrondig ADJ(prenom,basis,met-e,stan)	1	712276	98.3975
hartendiiiieerf N(soort,ev,dim,onz,stan)	1	712277	98.3977
hartelijkdank N(soort,ev,basis,zijd,stan)	1	712278	98.3978
hartaderbreuk N(soort,ev,basis,zijd,stan)	1	712279	98.3979
hart N(soort,mv,dim)	1	712280	98.3981
harrod N(soort,mv,basis)	1	712281	98.3982
harp N(soort,ev,basis,zijd,stan)	1	712282	98.3983
harmonieus ADJ(prenom,basis,met-e,stan)	1	712283	98.3985
harmoniemeisje N(soort,mv,dim)	1	712284	98.3986
harmonica SPEC(vreemd)	1	712285	98.3988
harmo SPEC(vreemd)	1	712286	98.3989
harken WW(inf,vrij,zonder)	1	712287	98.399
haringfilet N(soort,ev,basis,zijd,stan)	1	712288	98.3992
harig ADJ(vrij,basis,zonder)	1	712289	98.3993
haricots SPEC(vreemd)	1	712290	98.3994
harelbeke ADJ(prenom,basis,met-e,stan)	1	712291	98.3996
hardy SPEC(vreemd)	1	712292	98.3997
hardy N(soort,ev,basis,zijd,stan)	1	712293	98.3999
hardstikke N(soort,ev,dim,onz,stan)	1	712294	98.4
hardstikke ADJ(vrij,basis,zonder)	1	712295	98.4001
hardrecovery N(soort,ev,basis,zijd,stan)	1	712296	98.4003
hardop BW()	1	712297	98.4004
hardnekkig ADJ(vrij,basis,zonder)	1	712298	98.4006
hardlopenen WW(inf,nom,zonder,zonder-n)	1	712299	98.4007
hardlopen WW(pv,tgw,ev)	1	712300	98.4008
hardlopen N(soort,mv,basis)	1	712301	98.401
hardloopschoen N(soort,mv,basis)	1	712302	98.4011
hardeschijf ADJ(vrij,basis,zonder)	1	712303	98.4012
hardcore-feest N(soort,ev,basis,onz,stan)	1	712304	98.4014
hardcopy N(soort,ev,basis,zijd,stan)	1	712305	98.4015
hardboardplaat N(soort,mv,basis)	1	712306	98.4017
harakiri SPEC(vreemd)	1	712307	98.4018
happiness SPEC(vreemd)	1	712308	98.4019
happer N(soort,mv,basis)	1	712309	98.4021
happens SPEC(vreemd)	1	712310	98.4022
happenef SPEC(vreemd)	1	712311	98.4024
happened WW(vd,vrij,zonder)	1	712312	98.4025
happen WW(pv,tgw,met-t)	1	712313	98.4026
happen WW(inf,nom,zonder,zonder-n)	1	712314	98.4028
haperen WW(pv,tgw,met-t)	1	712315	98.4029
hap N(soort,mv,basis)	1	712316	98.403
haopen SPEC(vreemd)	1	712317	98.4032
hao ADJ(vrij,basis,zonder)	1	712318	98.4033
hanswesterbeek ADJ(vrij,basis,zonder)	1	712319	98.4035
hansermans ADJ(prenom,basis,zonder)	1	712320	98.4036
hansaplast N(soort,ev,basis,zijd,stan)	1	712321	98.4037
hans@hanswesterbeek.nl SPEC(symb)	1	712322	98.4039
hans-en-grietje-huis N(soort,ev,dim,onz,stan)	1	712323	98.404
hanosbak N(soort,mv,dim)	1	712324	98.4041
hannu N(soort,ev,basis,onz,stan)	1	712325	98.4043
hannah SPEC(deeleigen)	1	712326	98.4044
hangzak N(soort,ev,basis,zijd,stan)	1	712327	98.4046
hangsteun N(soort,ev,basis,zijd,stan)	1	712328	98.4047
hangovers SPEC(vreemd)	1	712329	98.4048
hangmatconcept WW(vd,vrij,zonder)	1	712330	98.405
hanger N(soort,ev,dim,onz,stan)	1	712331	98.4051
hangdag N(soort,ev,basis,zijd,stan)	1	712332	98.4053
hang N(soort,ev,basis,zijd,stan)	1	712333	98.4054
hanenoverleg WW(pv,tgw,ev)	1	712334	98.4055
hanenmap N(soort,ev,basis,zijd,stan)	1	712335	98.4057
handzaam ADJ(prenom,basis,met-e,stan)	1	712336	98.4058
handwriting SPEC(vreemd)	1	712337	98.4059
handvol N(soort,ev,basis,zijd,stan)	1	712338	98.4061
handvat N(soort,mv,basis)	1	712339	98.4062
handvat N(soort,ev,basis,onz,stan)	1	712340	98.4064
handtekening N(soort,mv,basis)	1	712341	98.4065
handtekening N(soort,ev,basis,zijd,stan)	1	712342	98.4066
handspecialist N(soort,ev,basis,zijd,stan)	1	712343	98.4068
handschoen N(soort,mv,basis)	1	712344	98.4069
handschoen N(soort,ev,basis,zijd,stan)	1	712345	98.407
handig ADJ(prenom,sup,met-e,stan)	1	712346	98.4072
handhaven N(soort,mv,basis)	1	712347	98.4073
handenarbeid N(soort,ev,basis,zijd,stan)	1	712348	98.4075
handelaar N(soort,ev,basis,zijd,stan)	1	712349	98.4076
handcreme N(soort,ev,basis,onz,stan)	1	712350	98.4077
handcreme ADJ(prenom,comp,met-e,stan)	1	712351	98.4079
handcent N(soort,ev,basis,zijd,stan)	1	712352	98.408
handbook SPEC(vreemd)	1	712353	98.4082
handboei N(soort,mv,basis)	1	712354	98.4083
handbereik N(soort,ev,basis,onz,stan)	1	712355	98.4084
handanalyse N(soort,ev,basis,zijd,stan)	1	712356	98.4086
hand SPEC(vreemd)	1	712357	98.4087
hamstring N(soort,ev,basis,zijd,stan)	1	712358	98.4088
hamsterweken WW(inf,vrij,zonder)	1	712359	98.409
hammes N(soort,mv,basis)	1	712360	98.4091
hammer N(soort,ev,basis,zijd,stan)	1	712361	98.4093
hamme N(soort,ev,basis,onz,stan)	1	712362	98.4094
hamie N(soort,ev,basis,zijd,stan)	1	712363	98.4095
hamda SPEC(vreemd)	1	712364	98.4097
hamda N(soort,ev,basis,zijd,stan)	1	712365	98.4098
hamburger N(soort,ev,basis,zijd,stan)	1	712366	98.4099
hamburg N(soort,ev,basis,zijd,stan)	1	712367	98.4101
hambo N(soort,ev,basis,zijd,stan)	1	712368	98.4102
hamblokje N(soort,mv,dim)	1	712369	98.4104
ham N(soort,mv,dim)	1	712370	98.4105
halve N(soort,ev,basis,zijd,stan)	1	712371	98.4106
haltestelle N(soort,ev,basis,zijd,stan)	1	712372	98.4108
halstarrig ADJ(vrij,basis,zonder)	1	712373	98.4109
halsketting N(soort,ev,basis,zijd,stan)	1	712374	98.4111
halong N(soort,ev,basis,zijd,stan)	1	712375	98.4112
halo N(soort,ev,basis,zijd,stan)	1	712376	98.4113
haln WW(inf,vrij,zonder)	1	712377	98.4115
halloweentocht WW(vd,vrij,zonder)	1	712378	98.4116
halloweenfoto N(soort,ev,basis,zijd,stan)	1	712379	98.4117
hallow N(soort,mv,basis)	1	712380	98.4119
hallow N(soort,ev,basis,zijd,stan)	1	712381	98.412
halloooooo N(soort,ev,basis,zijd,stan)	1	712382	98.4122
halloo N(soort,ev,basis,zijd,stan)	1	712383	98.4123
halloander N(soort,mv,basis)	1	712384	98.4124
hallo N(soort,mv,dim)	1	712385	98.4126
halleekes N(soort,mv,basis)	1	712386	98.4127
halleeej N(soort,ev,basis,zijd,stan)	1	712387	98.4128
hall N(soort,ev,basis,zijd,stan)	1	712388	98.413
halfvijf BW()	1	712389	98.4131
halftwee BW()	1	712390	98.4133
halftijds ADJ(vrij,basis,zonder)	1	712391	98.4134
halftijds ADJ(prenom,basis,zonder)	1	712392	98.4135
halfnaakt ADJ(prenom,basis,met-e,stan)	1	712393	98.4137
halfjaarabo N(soort,ev,basis,zijd,stan)	1	712394	98.4138
halfelf BW()	1	712395	98.414
halfdicht ADJ(vrij,basis,zonder)	1	712396	98.4141
halfbakken ADJ(nom,basis,zonder,zonder-n)	1	712397	98.4142
halen WW(vd,prenom,met-e)	1	712398	98.4144
halen WW(inf,nom,zonder,zonder-n)	1	712399	98.4145
hale N(soort,ev,basis,zijd,stan)	1	712400	98.4146
halben SPEC(vreemd)	1	712401	98.4148
halal N(soort,ev,basis,onz,stan)	1	712402	98.4149
hal N(soort,ev,dim,onz,stan)	1	712403	98.4151
haken WW(pv,verl,mv)	1	712404	98.4152
hakblok N(soort,ev,basis,onz,stan)	1	712405	98.4153
hak N(soort,mv,basis)	1	712406	98.4155
hak N(soort,ev,basis,zijd,stan)	1	712407	98.4156
haitlab N(soort,ev,basis,onz,stan)	1	712408	98.4158
hait-boek N(soort,ev,basis,onz,stan)	1	712409	98.4159
haircut N(soort,ev,basis,zijd,stan)	1	712410	98.416
hair ADJ(vrij,basis,zonder)	1	712411	98.4162
haihai N(soort,ev,basis,zijd,stan)	1	712412	98.4163
hai ADJ(vrij,basis,zonder)	1	712413	98.4164
hahahahahhahaha WW(pv,tgw,ev)	1	712414	98.4166
hahahahahahahahaha TSW()	1	712415	98.4167
hahahahahahaha TSW()	1	712416	98.4169
hahahaaha TSW()	1	712417	98.417
hahahaaaaaa N(soort,ev,basis,onz,stan)	1	712418	98.4171
hahahaaaa N(soort,ev,basis,zijd,stan)	1	712419	98.4173
hahaha SPEC(vreemd)	1	712420	98.4174
hahaha SPEC(deeleigen)	1	712421	98.4175
hahaha ADJ(vrij,basis,zonder)	1	712422	98.4177
hahah TSW()	1	712423	98.4178
hahah N(soort,ev,basis,onz,stan)	1	712424	98.418
hahaaaa SPEC(deeleigen)	1	712425	98.4181
hahaaaa N(soort,ev,basis,zijd,stan)	1	712426	98.4182
hahaa N(soort,ev,basis,zijd,stan)	1	712427	98.4184
hah TSW()	1	712428	98.4185
haggis N(soort,mv,basis)	1	712429	98.4187
hagelsteen N(soort,mv,basis)	1	712430	98.4188
hagelschades N(soort,mv,basis)	1	712431	98.4189
hageland N(soort,ev,basis,onz,stan)	1	712432	98.4191
haff N(soort,ev,basis,zijd,stan)	1	712433	98.4192
haf N(soort,ev,basis,zijd,stan)	1	712434	98.4193
hadn't WW(pv,tgw,met-t)	1	712435	98.4195
haddek N(soort,ev,basis,zijd,stan)	1	712436	98.4196
haddek N(soort,ev,basis,onz,stan)	1	712437	98.4198
hadde SPEC(vreemd)	1	712438	98.4199
had-ie N(soort,ev,basis,zijd,stan)	1	712439	98.42
hacken WW(vd,vrij,zonder)	1	712440	98.4202
habit N(soort,mv,basis)	1	712441	98.4203
habe SPEC(vreemd)	1	712442	98.4204
habe SPEC(symb)	1	712443	98.4206
haatek N(soort,ev,basis,zijd,stan)	1	712444	98.4207
haasten WW(pv,tgw,mv)	1	712445	98.4209
haarverf N(soort,ev,basis,onz,stan)	1	712446	98.421
haarlemse N(soort,ev,basis,zijd,stan)	1	712447	98.4211
haardroger N(soort,ev,basis,zijd,stan)	1	712448	98.4213
haard N(soort,ev,basis,zijd,stan)	1	712449	98.4214
haar VNW(pers,pron,obl,red,3,ev,masc)	1	712450	98.4216
haar VNW(bez,det,dial)	1	712451	98.4217
haap N(soort,ev,basis,onz,stan)	1	712452	98.4218
haans N(soort,mv,basis)	1	712453	98.422
haan N(soort,mv,dim)	1	712454	98.4221
haalbaar ADJ(vrij,comp,zonder)	1	712455	98.4222
haalbaar ADJ(prenom,basis,met-e,stan)	1	712456	98.4224
haal N(soort,ev,basis,zijd,stan)	1	712457	98.4225
haakpen N(soort,ev,basis,onz,stan)	1	712458	98.4227
haak N(soort,mv,basis)	1	712459	98.4228
haahn BW()	1	712460	98.4229
haags ADJ(prenom,basis,zonder)	1	712461	98.4231
haag SPEC(vreemd)	1	712462	98.4232
haaai N(soort,ev,basis,zijd,stan)	1	712463	98.4233
haaaauwes N(soort,mv,basis)	1	712464	98.4235
haaaatchieweeemba N(soort,ev,basis,zijd,stan)	1	712465	98.4236
haaaaai N(soort,ev,basis,zijd,stan)	1	712466	98.4238
haaaaai ADJ(vrij,basis,zonder)	1	712467	98.4239
haaaaaaat N(soort,ev,basis,zijd,stan)	1	712468	98.424
haaaaaaaaaalen WW(vd,vrij,zonder)	1	712469	98.4242
haaaaaaaa N(soort,ev,basis,zijd,stan)	1	712470	98.4243
haaa N(soort,ev,basis,zijd,stan)	1	712471	98.4245
haa N(soort,ev,basis,zijd,stan)	1	712472	98.4246
ha-ha BW()	1	712473	98.4247
ha SPEC(symb)	1	712474	98.4249
h-o-e-r-a N(soort,ev,basis,zijd,stan)	1	712475	98.425
gÃ¶schenen N(soort,mv,basis)	1	712476	98.4251
gÃªnant ADJ(prenom,basis,met-e,stan)	1	712477	98.4253
gzout WW(vd,vrij,zonder)	1	712478	98.4254
gzh-economie N(soort,ev,basis,zijd,stan)	1	712479	98.4256
gyros N(soort,ev,basis,zijd,stan)	1	712480	98.4257
gyprocplug N(soort,ev,basis,zijd,stan)	1	712481	98.4258
gynacoloog N(soort,ev,basis,zijd,stan)	1	712482	98.426
gymstage N(soort,ev,basis,zijd,stan)	1	712483	98.4261
gwshrokken N(soort,mv,basis)	1	712484	98.4262
gwoon SPEC(vreemd)	1	712485	98.4264
gwoon N(soort,ev,basis,zijd,stan)	1	712486	98.4265
gwn WW(pv,verl,mv)	1	712487	98.4267
gwn SPEC(vreemd)	1	712488	98.4268
gwn N(soort,ev,basis,zijd,stan)	1	712489	98.4269
gwn ADJ(vrij,basis,zonder)	1	712490	98.4271
gwn ADJ(prenom,basis,zonder)	1	712491	98.4272
gwl N(soort,ev,basis,zijd,stan)	1	712492	98.4274
gwenny SPEC(vreemd)	1	712493	98.4275
gweet N(soort,ev,basis,zijd,stan)	1	712494	98.4276
gweest WW(vd,vrij,zonder)	1	712495	98.4278
gvonde WW(od,prenom,met-e)	1	712496	98.4279
gvinden WW(pv,verl,mv)	1	712497	98.428
gven WW(pv,tgw,met-t)	1	712498	98.4282
gv BW()	1	712499	98.4283
guy's SPEC(vreemd)	1	712500	98.4285
guuuuuuus N(soort,ev,basis,zijd,stan)	1	712501	98.4286
guusts N(soort,mv,basis)	1	712502	98.4287
guusts N(soort,ev,basis,zijd,stan)	1	712503	98.4289
guust SPEC(vreemd)	1	712504	98.429
guus N(soort,ev,basis,zijd,stan)	1	712505	98.4292
guur N(soort,ev,basis,onz,stan)	1	712506	98.4293
guur ADJ(prenom,basis,zonder)	1	712507	98.4294
gute WW(vd,prenom,met-e)	1	712508	98.4296
gustas N(soort,ev,basis,zijd,stan)	1	712509	98.4297
gussit N(soort,ev,basis,zijd,stan)	1	712510	98.4298
gunther N(soort,ev,basis,onz,stan)	1	712511	98.43
gunstig ADJ(vrij,comp,zonder)	1	712512	98.4301
gunstig ADJ(prenom,basis,met-e,stan)	1	712513	98.4303
gunhar N(soort,ev,basis,zijd,stan)	1	712514	98.4304
gump SPEC(vreemd)	1	712515	98.4305
gummibeer N(soort,ev,dim,onz,stan)	1	712516	98.4307
gummeen N(soort,mv,basis)	1	712517	98.4308
gulzigaard N(soort,mv,basis)	1	712518	98.4309
gullie N(soort,ev,basis,zijd,stan)	1	712519	98.4311
guldenpfennig ADJ(vrij,basis,zonder)	1	712520	98.4312
gulden N(soort,ev,basis,zijd,stan)	1	712521	98.4314
gulborg N(soort,ev,basis,zijd,stan)	1	712522	98.4315
guitar ADJ(vrij,basis,zonder)	1	712523	98.4316
guislain N(soort,ev,basis,zijd,stan)	1	712524	98.4318
guinness N(soort,mv,basis)	1	712525	98.4319
guincamp N(soort,ev,basis,onz,stan)	1	712526	98.4321
guidogidsen SPEC(vreemd)	1	712527	98.4322
guido N(soort,ev,basis,zijd,stan)	1	712528	98.4323
guided SPEC(vreemd)	1	712529	98.4325
gui N(soort,ev,basis,zijd,stan)	1	712530	98.4326
guggenheim N(soort,ev,basis,onz,stan)	1	712531	98.4327
guesthouse SPEC(vreemd)	1	712532	98.4329
guesthouse ADJ(prenom,basis,met-e,stan)	1	712533	98.433
guest SPEC(vreemd)	1	712534	98.4332
guesstimated SPEC(vreemd)	1	712535	98.4333
gudruns N(soort,ev,basis,zijd,stan)	1	712536	98.4334
gudrun SPEC(deeleigen)	1	712537	98.4336
gucken WW(vd,vrij,zonder)	1	712538	98.4337
guaranteed SPEC(vreemd)	1	712539	98.4338
guacemole N(soort,ev,basis,zijd,stan)	1	712540	98.434
gtst WW(vd,vrij,zonder)	1	712541	98.4341
gt N(soort,ev,basis,onz,stan)	1	712542	98.4343
gstrn N(soort,mv,basis)	1	712543	98.4344
gstrn N(soort,ev,basis,zijd,stan)	1	712544	98.4345
gsmwissel N(soort,ev,basis,onz,stan)	1	712545	98.4347
gsmtest WW(vd,vrij,zonder)	1	712546	98.4348
gsmtest N(soort,ev,basis,zijd,stan)	1	712547	98.435
gsmst WW(vd,vrij,zonder)	1	712548	98.4351
gsmst N(soort,ev,basis,zijd,stan)	1	712549	98.4352
gsmnummer N(soort,ev,basis,zijd,stan)	1	712550	98.4354
gsm-signaal N(soort,ev,basis,onz,stan)	1	712551	98.4355
gsm-oefenen WW(inf,nom,zonder,zonder-n)	1	712552	98.4356
gsm-nummer N(soort,ev,basis,onz,stan)	1	712553	98.4358
gsa N(soort,ev,basis,zijd,stan)	1	712554	98.4359
gs SPEC(vreemd)	1	712555	98.4361
grÃ¼nt N(soort,mv,basis)	1	712556	98.4362
gruwelijk ADJ(prenom,basis,met-e,stan)	1	712557	98.4363
grutten N(soort,mv,basis)	1	712558	98.4365
grute N(soort,mv,dim)	1	712559	98.4366
grunn SPEC(vreemd)	1	712560	98.4367
grunewald WW(vd,vrij,zonder)	1	712561	98.4369
grun N(soort,ev,basis,zijd,stan)	1	712562	98.437
grumpy SPEC(vreemd)	1	712563	98.4372
gruess N(soort,ev,basis,zijd,stan)	1	712564	98.4373
grtjs ADJ(vrij,basis,zonder)	1	712565	98.4374
grrrrr N(soort,ev,basis,zijd,stan)	1	712566	98.4376
grrrr N(soort,ev,basis,zijd,stan)	1	712567	98.4377
grrmbl ADJ(vrij,basis,zonder)	1	712568	98.4379
grr ADJ(vrij,comp,zonder)	1	712569	98.438
growing SPEC(vreemd)	1	712570	98.4381
groups SPEC(vreemd)	1	712571	98.4383
grotesk ADJ(vrij,basis,zonder)	1	712572	98.4384
grot N(soort,ev,basis,zijd,stan)	1	712573	98.4385
grossmanmodel N(soort,ev,basis,onz,stan)	1	712574	98.4387
groovecity SPEC(vreemd)	1	712575	98.4388
grootverdiener N(soort,ev,basis,zijd,stan)	1	712576	98.439
groot N(soort,ev,basis,zijd,stan)	1	712577	98.4391
grondstof N(soort,mv,basis)	1	712578	98.4392
grondig ADJ(vrij,basis,zonder)	1	712579	98.4394
grondgebied.to SPEC(symb)	1	712580	98.4395
grom N(soort,ev,basis,zijd,stan)	1	712581	98.4396
grolschtent N(soort,ev,basis,zijd,stan)	1	712582	98.4398
grolschtent N(soort,ev,basis,onz,stan)	1	712583	98.4399
grolschcafe WW(vd,nom,met-e,zonder-n)	1	712584	98.4401
grolschcafe N(soort,ev,basis,onz,stan)	1	712585	98.4402
grolsch-tent N(soort,ev,basis,zijd,stan)	1	712586	98.4403
grolsch ADJ(vrij,basis,zonder)	1	712587	98.4405
grol N(soort,ev,basis,zijd,stan)	1	712588	98.4406
groets N(soort,ev,basis,zijd,stan)	1	712589	98.4408
groetos N(soort,ev,basis,zijd,stan)	1	712590	98.4409
groetn N(soort,mv,basis)	1	712591	98.441
groeten WW(pv,tgw,mv)	1	712592	98.4412
groeteeeh N(soort,ev,basis,zijd,stan)	1	712593	98.4413
groetee N(soort,ev,basis,zijd,stan)	1	712594	98.4414
groete N(soort,mv,basis)	1	712595	98.4416
groete N(soort,ev,basis,zijd,stan)	1	712596	98.4417
groet'n N(soort,mv,basis)	1	712597	98.4419
groesbeek N(soort,ev,basis,onz,stan)	1	712598	98.442
groepssms N(soort,ev,basis,zijd,stan)	1	712599	98.4421
groepsreis N(soort,ev,basis,zijd,stan)	1	712600	98.4423
groepsproject N(soort,ev,basis,onz,stan)	1	712601	98.4424
groepskorting N(soort,ev,basis,zijd,stan)	1	712602	98.4426
groepsgevoel N(soort,ev,basis,onz,stan)	1	712603	98.4427
groep N(soort,mv,dim)	1	712604	98.4428
groenvoer ADJ(vrij,comp,zonder)	1	712605	98.443
groentesoep N(soort,ev,basis,zijd,stan)	1	712606	98.4431
groentensoep N(soort,ev,basis,zijd,stan)	1	712607	98.4432
groentenpakket N(soort,ev,basis,onz,stan)	1	712608	98.4434
groentebal N(soort,mv,dim)	1	712609	98.4435
groencontainer N(soort,ev,basis,zijd,stan)	1	712610	98.4437
groeien WW(vd,vrij,zonder)	1	712611	98.4438
groeien WW(vd,prenom,met-e)	1	712612	98.4439
groeien WW(pv,tgw,mv)	1	712613	98.4441
groeien WW(pv,tgw,met-t)	1	712614	98.4442
grmbl SPEC(symb)	1	712615	98.4443
grimbergenkaas N(soort,ev,basis,zijd,stan)	1	712616	98.4445
grill N(soort,ev,basis,zijd,stan)	1	712617	98.4446
grijsoord WW(vd,vrij,zonder)	1	712618	98.4448
grijpen WW(pv,verl,mv)	1	712619	98.4449
grijpen WW(pv,tgw,ev)	1	712620	98.445
griet N(soort,mv,basis)	1	712621	98.4452
griepvirus N(soort,ev,dim,onz,stan)	1	712622	98.4453
griepprik BW()	1	712623	98.4455
grieks N(soort,ev,basis,onz,stan)	1	712624	98.4456
grieks ADJ(prenom,basis,met-e,stan)	1	712625	98.4457
griekenland N(soort,ev,basis,onz,stan)	1	712626	98.4459
grief N(soort,ev,basis,onz,stan)	1	712627	98.446
grey's N(soort,mv,basis)	1	712628	98.4461
grey SPEC(deeleigen)	1	712629	98.4463
grenate SPEC(vreemd)	1	712630	98.4464
grein N(soort,ev,dim,onz,stan)	1	712631	98.4466
greets N(soort,mv,basis)	1	712632	98.4467
greet WW(pv,tgw,met-t)	1	712633	98.4468
greet SPEC(vreemd)	1	712634	98.447
greenway N(soort,ev,basis,zijd,stan)	1	712635	98.4471
greenies N(soort,mv,basis)	1	712636	98.4472
greenhouse N(soort,ev,basis,zijd,stan)	1	712637	98.4474
grazie N(soort,ev,basis,zijd,stan)	1	712638	98.4475
grazia N(soort,mv,basis)	1	712639	98.4477
gravenwezel ADJ(vrij,basis,zonder)	1	712640	98.4478
gravensteen WW(vd,vrij,zonder)	1	712641	98.4479
gravensteen N(soort,mv,basis)	1	712642	98.4481
gravensteen N(soort,ev,basis,onz,stan)	1	712643	98.4482
graven WW(pv,tgw,ev)	1	712644	98.4484
graven WW(inf,vrij,zonder)	1	712645	98.4485
gratineren WW(vd,prenom,met-e)	1	712646	98.4486
grasmaaiertechnoloog N(soort,ev,basis,zijd,stan)	1	712647	98.4488
grasleikant N(soort,ev,basis,onz,stan)	1	712648	98.4489
grappig ADJ(nom,basis,met-e,zonder-n,stan)	1	712649	98.449
grappenmaker N(soort,ev,basis,zijd,stan)	1	712650	98.4492
grapjas N(soort,mv,basis)	1	712651	98.4493
graphic N(soort,ev,basis,onz,stan)	1	712652	98.4495
grapefruit N(soort,mv,basis)	1	712653	98.4496
grap SPEC(vreemd)	1	712654	98.4497
grandpa SPEC(vreemd)	1	712655	98.4499
grandiosi N(soort,ev,basis,zijd,stan)	1	712656	98.45
grandes SPEC(vreemd)	1	712657	98.4501
grande SPEC(vreemd)	1	712658	98.4503
gran N(soort,ev,basis,onz,stan)	1	712659	98.4504
gramsbergen N(soort,mv,basis)	1	712660	98.4506
grakn SPEC(vreemd)	1	712661	98.4507
grag N(soort,ev,basis,onz,stan)	1	712662	98.4508
grag ADJ(vrij,basis,zonder)	1	712663	98.451
grafisch ADJ(prenom,basis,met-e,stan)	1	712664	98.4511
grafiek N(soort,mv,basis)	1	712665	98.4513
graduation SPEC(vreemd)	1	712666	98.4514
graduation N(soort,ev,basis,onz,stan)	1	712667	98.4515
graduate SPEC(vreemd)	1	712668	98.4517
grade N(soort,mv,basis)	1	712669	98.4518
gracias N(soort,ev,basis,zijd,stan)	1	712670	98.4519
gracias N(soort,ev,basis,onz,stan)	1	712671	98.4521
gracht N(soort,mv,basis)	1	712672	98.4522
gracht N(soort,ev,basis,zijd,stan)	1	712673	98.4524
graard WW(vd,vrij,zonder)	1	712674	98.4525
graan N(soort,ev,basis,onz,stan)	1	712675	98.4526
graah TSW()	1	712676	98.4528
graag ADJ(vrij,basis,zonder)	1	712677	98.4529
graafseweg N(soort,ev,basis,zijd,stan)	1	712678	98.453
graafschap N(soort,ev,basis,onz,stan)	1	712679	98.4532
graaf N(soort,mv,basis)	1	712680	98.4533
graaaag ADJ(vrij,basis,zonder)	1	712681	98.4535
graaaaaaaaag N(soort,ev,basis,zijd,stan)	1	712682	98.4536
grM SPEC(deeleigen)	1	712683	98.4537
gr SPEC(symb)	1	712684	98.4539
gr SPEC(afk)	1	712685	98.454
gr N(soort,mv,dim)	1	712686	98.4542
gr N(soort,ev,basis,onz,stan)	1	712687	98.4543
gr BW()	1	712688	98.4544
gr ADJ(prenom,basis,zonder)	1	712689	98.4546
gr ADJ(prenom,basis,met-e,stan)	1	712690	98.4547
gpsvrouw N(soort,ev,basis,zijd,stan)	1	712691	98.4548
gps-kompas-uitleg N(soort,ev,basis,onz,stan)	1	712692	98.455
gps-kompas N(soort,ev,basis,zijd,stan)	1	712693	98.4551
gps N(soort,ev,basis,zijd,stan)	1	712694	98.4553
gps ADJ(postnom,basis,met-s)	1	712695	98.4554
gouwschild WW(vd,vrij,zonder)	1	712696	98.4555
gouwkoord N(soort,ev,basis,onz,stan)	1	712697	98.4557
gouwfeest WW(vd,vrij,zonder)	1	712698	98.4558
gouwdienst N(soort,ev,basis,zijd,stan)	1	712699	98.456
gouw N(soort,ev,basis,zijd,stan)	1	712700	98.4561
goulash N(soort,ev,basis,zijd,stan)	1	712701	98.4562
goudvis N(soort,ev,basis,zijd,stan)	1	712702	98.4564
goudmerk-mossel N(soort,mv,basis)	1	712703	98.4565
gotthard-tunnel ADJ(vrij,basis,zonder)	1	712704	98.4566
gotiek N(soort,ev,basis,zijd,stan)	1	712705	98.4568
gothic SPEC(vreemd)	1	712706	98.4569
goteborg SPEC(symb)	1	712707	98.4571
gossip SPEC(vreemd)	1	712708	98.4572
goshieur N(soort,ev,basis,zijd,stan)	1	712709	98.4573
gortig ADJ(vrij,basis,zonder)	1	712710	98.4575
gorinchem N(soort,ev,basis,zijd,stan)	1	712711	98.4576
gorinchem N(soort,ev,basis,onz,stan)	1	712712	98.4577
gorillaz N(soort,ev,basis,onz,stan)	1	712713	98.4579
gorik N(soort,ev,basis,zijd,stan)	1	712714	98.458
gorigheid N(soort,ev,basis,zijd,stan)	1	712715	98.4582
goregaon SPEC(vreemd)	1	712716	98.4583
goregaon N(soort,ev,basis,zijd,stan)	1	712717	98.4584
gordijn N(soort,ev,basis,onz,stan)	1	712718	98.4586
gopass N(soort,ev,basis,zijd,stan)	1	712719	98.4587
goot N(soort,ev,basis,zijd,stan)	1	712720	98.4589
goossens N(soort,mv,basis)	1	712721	98.459
goosj N(soort,ev,basis,zijd,stan)	1	712722	98.4591
goosenaerts N(soort,mv,basis)	1	712723	98.4593
goor ADJ(vrij,basis,zonder)	1	712724	98.4594
goor ADJ(prenom,basis,met-e,stan)	1	712725	98.4595
goood N(soort,ev,basis,zijd,stan)	1	712726	98.4597
gooikoorts N(soort,ev,basis,zijd,stan)	1	712727	98.4598
gooien WW(pv,tgw,mv)	1	712728	98.46
gooi N(soort,ev,basis,zijd,stan)	1	712729	98.4601
googlen WW(inf,vrij,zonder)	1	712730	98.4602
googlebaar ADJ(vrij,basis,zonder)	1	712731	98.4604
gooeed N(soort,ev,basis,onz,stan)	1	712732	98.4605
goods SPEC(vreemd)	1	712733	98.4606
goodiebag N(soort,ev,basis,zijd,stan)	1	712734	98.4608
goodie N(soort,mv,basis)	1	712735	98.4609
goochelen WW(inf,vrij,zonder)	1	712736	98.4611
golven WW(inf,vrij,zonder)	1	712737	98.4612
golfsurfen WW(inf,vrij,zonder)	1	712738	98.4613
golfen WW(inf,vrij,zonder)	1	712739	98.4615
gokspel N(soort,mv,basis)	1	712740	98.4616
gokken WW(vd,vrij,zonder)	1	712741	98.4618
gokken WW(pv,verl,ev)	1	712742	98.4619
gokken WW(pv,tgw,mv)	1	712743	98.462
gok N(soort,ev,dim,onz,stan)	1	712744	98.4622
goinf SPEC(vreemd)	1	712745	98.4623
gohja N(soort,ev,basis,zijd,stan)	1	712746	98.4624
goh ADJ(vrij,basis,zonder)	1	712747	98.4626
goh ADJ(prenom,basis,zonder)	1	712748	98.4627
goesting N(soort,ev,basis,onz,stan)	1	712749	98.4629
goeste TW(rang,nom,zonder-n)	1	712750	98.463
goeoeoedemorgen N(soort,mv,basis)	1	712751	98.4631
goekoper N(soort,ev,basis,zijd,stan)	1	712752	98.4633
goeiste N(soort,ev,basis,zijd,stan)	1	712753	98.4634
goeiesmorgens BW()	1	712754	98.4635
goeiendag N(soort,ev,basis,zijd,stan)	1	712755	98.4637
goeiemorig ADJ(prenom,basis,met-e,stan)	1	712756	98.4638
goeiemorgen N(soort,ev,basis,onz,stan)	1	712757	98.464
goeiemogge ADJ(prenom,basis,met-e,stan)	1	712758	98.4641
goeiemoddegen N(soort,mv,basis)	1	712759	98.4642
goef ADJ(vrij,basis,zonder)	1	712760	98.4644
goeeeeeeedemorgen N(soort,mv,basis)	1	712761	98.4645
goeed WW(vd,vrij,zonder)	1	712762	98.4647
goedzo SPEC(deeleigen)	1	712763	98.4648
goedzo N(soort,ev,basis,onz,stan)	1	712764	98.4649
goedpraten WW(inf,vrij,zonder)	1	712765	98.4651
goedmorgen N(soort,mv,basis)	1	712766	98.4652
goedkoop BW()	1	712767	98.4653
goedkoop ADJ(prenom,sup,met-e,stan)	1	712768	98.4655
goedkomen WW(vd,vrij,zonder)	1	712769	98.4656
goedkomen WW(pv,verl,mv)	1	712770	98.4658
goedkeuren WW(inf,vrij,zonder)	1	712771	98.4659
goedgekomen WW(inf,vrij,zonder)	1	712772	98.466
goedgekomen N(soort,mv,basis)	1	712773	98.4662
goedgaan WW(vd,vrij,zonder)	1	712774	98.4663
goedes N(soort,ev,basis,zijd,stan)	1	712775	98.4665
goederentrein N(soort,mv,basis)	1	712776	98.4666
goedereis N(soort,ev,basis,zijd,stan)	1	712777	98.4667
goedemiddag N(soort,ev,basis,zijd,stan)	1	712778	98.4669
goedele N(soort,ev,basis,onz,stan)	1	712779	98.467
goeddeels BW()	1	712780	98.4671
goedbte SPEC(deeleigen)	1	712781	98.4673
goedbedoeld ADJ(prenom,basis,met-e,stan)	1	712782	98.4674
goed.ro SPEC(symb)	1	712783	98.4676
goed.ko SPEC(symb)	1	712784	98.4677
goed ADJ(prenom,sup,zonder)	1	712785	98.4678
goed ADJ(postnom,comp,zonder)	1	712786	98.468
goed ADJ(postnom,comp,met-s)	1	712787	98.4681
goed ADJ(dial)	1	712788	98.4682
godverdommees ADJ(prenom,basis,met-e,stan)	1	712789	98.4684
godverdoeme N(soort,ev,basis,onz,stan)	1	712790	98.4685
godverdegodver N(soort,ev,basis,zijd,stan)	1	712791	98.4687
godsvermogen N(soort,ev,basis,zijd,stan)	1	712792	98.4688
godsnaam N(soort,ev,basis,zijd,stan)	1	712793	98.4689
gods SPEC(vreemd)	1	712794	98.4691
godot N(soort,ev,basis,zijd,stan)	1	712795	98.4692
godgnoeiende ADJ(prenom,basis,met-e,stan)	1	712796	98.4694
goddamn N(soort,ev,basis,zijd,stan)	1	712797	98.4695
goatee SPEC(vreemd)	1	712798	98.4696
go-cart SPEC(vreemd)	1	712799	98.4698
gnuplot N(soort,ev,basis,zijd,stan)	1	712800	98.4699
gnome ADJ(prenom,basis,met-e,stan)	1	712801	98.47
gnoeieneren WW(inf,vrij,zonder)	1	712802	98.4702
gnoeiemorgen N(soort,mv,basis)	1	712803	98.4703
gniet ADJ(vrij,basis,zonder)	1	712804	98.4705
gnegne N(soort,ev,basis,zijd,stan)	1	712805	98.4706
gnagna N(soort,ev,basis,zijd,stan)	1	712806	98.4707
gn WW(vd,nom,met-e,mv-n)	1	712807	98.4709
gn WW(pv,tgw,ev)	1	712808	98.471
gn SPEC(deeleigen)	1	712809	98.4711
gn ADJ(vrij,basis,zonder)	1	712810	98.4713
gmailden WW(vd,vrij,zonder)	1	712811	98.4714
gm N(soort,ev,basis,zijd,stan)	1	712812	98.4716
glÃ¼hwein SPEC(vreemd)	1	712813	98.4717
glÃ¼ck N(soort,ev,basis,zijd,stan)	1	712814	98.4718
gluren WW(inf,vrij,zonder)	1	712815	98.472
glunderen WW(pv,tgw,ev)	1	712816	98.4721
glunder ADJ(vrij,comp,zonder)	1	712817	98.4723
gluhwein N(soort,ev,basis,zijd,stan)	1	712818	98.4724
gluecklich ADJ(vrij,basis,zonder)	1	712819	98.4725
gluckswunsch N(soort,mv,basis)	1	712820	98.4727
glow N(soort,ev,basis,zijd,stan)	1	712821	98.4728
glooriiaa N(soort,ev,basis,zijd,stan)	1	712822	98.4729
gloooriiiiaaaa N(soort,ev,basis,zijd,stan)	1	712823	98.4731
gloeiend ADJ(prenom,basis,met-e,stan)	1	712824	98.4732
globetrotter SPEC(vreemd)	1	712825	98.4734
globetrotter N(soort,mv,basis)	1	712826	98.4735
globetrotter N(soort,ev,basis,zijd,stan)	1	712827	98.4736
global SPEC(vreemd)	1	712828	98.4738
glitsch N(soort,mv,basis)	1	712829	98.4739
glitsch ADJ(vrij,basis,zonder)	1	712830	98.474
glimlach N(soort,ev,basis,zijd,stan)	1	712831	98.4742
glijuur N(soort,mv,basis)	1	712832	98.4743
glijpartij N(soort,ev,basis,zijd,stan)	1	712833	98.4745
glijk ADJ(vrij,basis,zonder)	1	712834	98.4746
glijden WW(vd,vrij,zonder)	1	712835	98.4747
glijden WW(pv,verl,ev)	1	712836	98.4749
glijden WW(pv,tgw,mv)	1	712837	98.475
glijden N(soort,mv,basis)	1	712838	98.4752
gleuf N(soort,ev,dim,onz,stan)	1	712839	98.4753
gletsjer N(soort,ev,basis,zijd,stan)	1	712840	98.4754
gleich SPEC(vreemd)	1	712841	98.4756
gleeren WW(vd,vrij,zonder)	1	712842	98.4757
glbt SPEC(vreemd)	1	712843	98.4758
glaszetter N(soort,ev,basis,zijd,stan)	1	712844	98.476
glasses SPEC(vreemd)	1	712845	98.4761
glass SPEC(vreemd)	1	712846	98.4763
glaslaan N(soort,ev,basis,zijd,stan)	1	712847	98.4764
glansmiddel N(soort,ev,basis,zijd,stan)	1	712848	98.4765
gladjakker N(soort,mv,basis)	1	712849	98.4767
gladiool N(soort,mv,basis)	1	712850	98.4768
gladheid N(soort,ev,basis,zijd,stan)	1	712851	98.4769
gladgesleten WW(inf,vrij,zonder)	1	712852	98.4771
glad SPEC(vreemd)	1	712853	98.4772
glad ADJ(vrij,comp,zonder)	1	712854	98.4774
glad ADJ(prenom,basis,met-e,stan)	1	712855	98.4775
gj N(soort,ev,basis,zijd,stan)	1	712856	98.4776
gitarist N(soort,ev,basis,zijd,stan)	1	712857	98.4778
gitaarles N(soort,ev,basis,zijd,stan)	1	712858	98.4779
gistrn WW(inf,vrij,zonder)	1	712859	98.4781
gistren N(soort,mv,basis)	1	712860	98.4782
gistre N(soort,ev,basis,zijd,stan)	1	712861	98.4783
gistre ADJ(prenom,comp,met-e,stan)	1	712862	98.4785
gisterochtend BW()	1	712863	98.4786
gisternacht BW()	1	712864	98.4787
gistern N(soort,ev,basis,onz,stan)	1	712865	98.4789
gisterennacht BW()	1	712866	98.479
gisterenavnd N(soort,ev,basis,onz,stan)	1	712867	98.4792
gisterej ADJ(vrij,comp,zonder)	1	712868	98.4793
gistere VNW(refl,pron,dial)	1	712869	98.4794
gistere LID(bep,stan,rest)	1	712870	98.4796
gisterav N(soort,ev,basis,zijd,stan)	1	712871	98.4797
gisten WW(inf,vrij,zonder)	1	712872	98.4799
gist N(soort,ev,basis,onz,stan)	1	712873	98.48
gissen WW(vd,prenom,zonder)	1	712874	98.4801
gissen WW(inf,vrij,zonder)	1	712875	98.4803
giseren WW(inf,vrij,zonder)	1	712876	98.4804
gisele ADJ(prenom,basis,met-e,stan)	1	712877	98.4805
giro N(soort,mv,basis)	1	712878	98.4807
girly SPEC(vreemd)	1	712879	98.4808
girlie SPEC(vreemd)	1	712880	98.481
girlfriends ADJ(postnom,basis,met-s)	1	712881	98.4811
girlfriend SPEC(vreemd)	1	712882	98.4812
giraldo N(soort,ev,basis,zijd,stan)	1	712883	98.4814
giraf SPEC(vreemd)	1	712884	98.4815
gipskamer N(soort,ev,basis,zijd,stan)	1	712885	98.4816
gino N(soort,ev,basis,zijd,stan)	1	712886	98.4818
ginne ADJ(prenom,basis,met-e,stan)	1	712887	98.4819
gingn WW(pv,verl,mv)	1	712888	98.4821
gingn WW(pv,tgw,mv)	1	712889	98.4822
ging(en) WW(pv,tgw,ev)	1	712890	98.4823
ginds VNW(aanw,det,stan,vrij,zonder)	1	712891	98.4825
gin N(soort,mv,basis)	1	712892	98.4826
gin N(soort,ev,basis,zijd,stan)	1	712893	98.4828
gimmick N(soort,ev,basis,zijd,stan)	1	712894	98.4829
gimme SPEC(vreemd)	1	712895	98.483
gimme N(soort,ev,basis,onz,stan)	1	712896	98.4832
giller N(soort,ev,basis,zijd,stan)	1	712897	98.4833
gillen WW(od,prenom,met-e)	1	712898	98.4834
gille N(soort,mv,basis)	1	712899	98.4836
gilbert WW(vd,vrij,zonder)	1	712900	98.4837
gijzenveldstraat N(soort,ev,basis,zijd,stan)	1	712901	98.4839
gijzelen WW(pv,tgw,ev)	1	712902	98.484
gijzelen WW(inf,vrij,zonder)	1	712903	98.4841
gigantisch ADJ(prenom,basis,zonder)	1	712904	98.4843
gigakoortsblaars N(soort,mv,basis)	1	712905	98.4844
gigaduf ADJ(vrij,basis,zonder)	1	712906	98.4845
giga N(soort,ev,basis,zijd,stan)	1	712907	98.4847
gig SPEC(vreemd)	1	712908	98.4848
gif N(soort,ev,basis,zijd,stan)	1	712909	98.485
gieter N(soort,ev,dim,onz,stan)	1	712910	98.4851
giete WW(pv,verl,ev)	1	712911	98.4852
gierigen N(soort,mv,basis)	1	712912	98.4854
gier N(soort,mv,basis)	1	712913	98.4855
gied WW(vd,vrij,zonder)	1	712914	98.4857
giechelen WW(pv,tgw,ev)	1	712915	98.4858
gids N(soort,mv,basis)	1	712916	98.4859
gibson N(soort,ev,basis,onz,stan)	1	712917	98.4861
gibbernicht N(soort,ev,basis,onz,stan)	1	712918	98.4862
giants N(soort,mv,basis)	1	712919	98.4863
ghuis N(soort,ev,basis,zijd,stan)	1	712920	98.4865
ghosts N(soort,mv,basis)	1	712921	98.4866
ghemd N(soort,mv,basis)	1	712922	98.4868
ghehe WW(pv,verl,ev)	1	712923	98.4869
gheghe ADJ(prenom,basis,met-e,stan)	1	712924	98.487
ghatkoper N(soort,ev,basis,zijd,stan)	1	712925	98.4872
ggz N(soort,ev,basis,zijd,stan)	1	712926	98.4873
ggf N(soort,ev,basis,zijd,stan)	1	712927	98.4874
gg SPEC(vreemd)	1	712928	98.4876
gf SPEC(vreemd)	1	712929	98.4877
geÃ¼pdate WW(pv,verl,ev)	1	712930	98.4879
gezwÃ³ren WW(inf,vrij,zonder)	1	712931	98.488
gezwind ADJ(prenom,basis,met-e,stan)	1	712932	98.4881
gezondheidszorgbeleid WW(vd,vrij,zonder)	1	712933	98.4883
gezondheidszorg N(soort,ev,basis,zijd,stan)	1	712934	98.4884
gezondheidsprobleem N(soort,mv,basis)	1	712935	98.4886
gezond ADJ(vrij,comp,zonder)	1	712936	98.4887
gezond ADJ(prenom,basis,zonder)	1	712937	98.4888
gezinsuitstap N(soort,ev,basis,zijd,stan)	1	712938	98.489
gezien ADJ(vrij,basis,zonder)	1	712939	98.4891
gezichtsverzorging N(soort,ev,basis,zijd,stan)	1	712940	98.4892
gezichtsuitdrukking N(soort,mv,basis)	1	712941	98.4894
gezelschapsspel N(soort,ev,dim,onz,stan)	1	712942	98.4895
gezelschapsspel N(soort,ev,basis,onz,stan)	1	712943	98.4897
gezelschapsdier N(soort,ev,basis,onz,stan)	1	712944	98.4898
gezellligheid WW(vd,vrij,zonder)	1	712945	98.4899
gezelllig ADJ(vrij,basis,zonder)	1	712946	98.4901
gezellig+had WW(vd,vrij,zonder)	1	712947	98.4902
gezellie SPEC(vreemd)	1	712948	98.4903
gezellie ADJ(vrij,basis,zonder)	1	712949	98.4905
gezelli N(soort,ev,basis,zijd,stan)	1	712950	98.4906
gezelige N(soort,ev,basis,zijd,stan)	1	712951	98.4908
gezelig ADJ(vrij,basis,zonder)	1	712952	98.4909
gezelig ADJ(prenom,basis,met-e,stan)	1	712953	98.491
gezegde N(soort,ev,basis,onz,stan)	1	712954	98.4912
gezamelijk ADJ(prenom,basis,zonder)	1	712955	98.4913
gezamelijk ADJ(prenom,basis,met-e,stan)	1	712956	98.4915
gezag N(soort,ev,basis,onz,stan)	1	712957	98.4916
gewrichtsbanden WW(pv,verl,mv)	1	712958	98.4917
gewoonte N(soort,mv,basis)	1	712959	98.4919
gewoonm N(soort,ev,basis,onz,stan)	1	712960	98.492
gewoon N(soort,ev,basis,onz,stan)	1	712961	98.4921
gewonne N(soort,ev,basis,zijd,stan)	1	712962	98.4923
gewonncn SPEC(vreemd)	1	712963	98.4924
gewond ADJ(prenom,basis,zonder)	1	712964	98.4926
gewond ADJ(nom,basis,met-e,mv-n)	1	712965	98.4927
gewhatsappen WW(pv,tgw,met-t)	1	712966	98.4928
gewestfeest N(soort,ev,basis,zijd,stan)	1	712967	98.493
gewenst N(soort,ev,basis,zijd,stan)	1	712968	98.4931
geweienman N(soort,ev,basis,zijd,stan)	1	712969	98.4933
geweestdan SPEC(deeleigen)	1	712970	98.4934
geweer N(soort,mv,basis)	1	712971	98.4935
geweer N(soort,ev,basis,onz,stan)	1	712972	98.4937
geweeest WW(vd,vrij,zonder)	1	712973	98.4938
gewapend ADJ(prenom,basis,met-e,stan)	1	712974	98.4939
gew.hoe WW(pv,verl,ev)	1	712975	98.4941
gew ADJ(vrij,basis,zonder)	1	712976	98.4942
gevuld WW(pv,tgw,mv)	1	712977	98.4944
gevonddn N(soort,ev,basis,onz,stan)	1	712978	98.4945
gevoeligheid N(soort,ev,basis,zijd,stan)	1	712979	98.4946
gevoelig ADJ(prenom,basis,met-e,stan)	1	712980	98.4948
gevn WW(inf,vrij,zonder)	1	712981	98.4949
gevenv N(soort,ev,basis,onz,stan)	1	712982	98.495
gevelsteen N(soort,mv,basis)	1	712983	98.4952
gevel N(soort,ev,basis,zijd,stan)	1	712984	98.4953
gevangenis N(soort,ev,basis,zijd,stan)	1	712985	98.4955
gevalln WW(inf,vrij,zonder)	1	712986	98.4956
gevaarlijk ADJ(prenom,basis,met-e,stan)	1	712987	98.4957
gevaar N(soort,ev,basis,onz,stan)	1	712988	98.4959
geuzennaam N(soort,ev,basis,zijd,stan)	1	712989	98.496
geur N(soort,mv,dim)	1	712990	98.4962
geur N(soort,ev,dim,onz,stan)	1	712991	98.4963
geupdate N(soort,ev,basis,zijd,stan)	1	712992	98.4964
geul N(soort,ev,basis,zijd,stan)	1	712993	98.4966
geub N(soort,ev,basis,zijd,stan)	1	712994	98.4967
getweet WW(vd,vrij,zonder)	1	712995	98.4968
getver N(soort,ev,basis,zijd,stan)	1	712996	98.497
getto N(soort,mv,basis)	1	712997	98.4971
getrouw ADJ(vrij,basis,zonder)	1	712998	98.4973
getroosten WW(vd,vrij,zonder)	1	712999	98.4974
getik N(soort,ev,basis,onz,stan)	1	713000	98.4975
gether N(soort,ev,basis,zijd,stan)	1	713001	98.4977
getgpspos N(soort,ev,basis,onz,stan)	1	713002	98.4978
getalked WW(vd,vrij,zonder)	1	713003	98.4979
getalenteerd ADJ(vrij,basis,zonder)	1	713004	98.4981
getal N(soort,ev,basis,onz,stan)	1	713005	98.4982
gesynchroniseerd ADJ(nom,basis,zonder,zonder-n)	1	713006	98.4984
geswitst WW(vd,vrij,zonder)	1	713007	98.4985
gestrest N(soort,mv,basis)	1	713008	98.4986
gestressed WW(vd,vrij,zonder)	1	713009	98.4988
gestressde WW(vd,prenom,met-e)	1	713010	98.4989
gestreken ADJ(prenom,basis,zonder)	1	713011	98.4991
gestokn ADJ(vrij,basis,zonder)	1	713012	98.4992
gestadshapt WW(vd,vrij,zonder)	1	713013	98.4993
gestaag ADJ(vrij,basis,zonder)	1	713014	98.4995
gespreksverslag N(soort,mv,basis)	1	713015	98.4996
gespreksronde N(soort,ev,basis,zijd,stan)	1	713016	98.4997
gespreksonderwerp N(soort,ev,basis,onz,stan)	1	713017	98.4999
gesprek N(soort,ev,dim,onz,stan)	1	713018	98.5
gespr WW(inf,vrij,zonder)	1	713019	98.5002
gesport.be SPEC(symb)	1	713020	98.5003
gespijbel N(soort,ev,basis,onz,stan)	1	713021	98.5004
gesperrt WW(pv,tgw,met-t)	1	713022	98.5006
gespannen ADJ(prenom,basis,zonder)	1	713023	98.5007
gesneaked WW(vd,vrij,zonder)	1	713024	98.5008
gesmst ADJ(vrij,basis,zonder)	1	713025	98.501
gesms't WW(pv,tgw,met-t)	1	713026	98.5011
geslapen ADJ(vrij,basis,zonder)	1	713027	98.5013
geslachtsloos ADJ(prenom,basis,met-e,stan)	1	713028	98.5014
geskyped WW(vd,vrij,zonder)	1	713029	98.5015
gescout N(soort,ev,basis,onz,stan)	1	713030	98.5017
geschift ADJ(prenom,basis,met-e,stan)	1	713031	98.5018
geschiedenismail N(soort,ev,basis,zijd,stan)	1	713032	98.502
geschiedenisboek N(soort,mv,dim)	1	713033	98.5021
geschiede WW(pv,conj,ev)	1	713034	98.5022
geruststellen WW(vd,vrij,zonder)	1	713035	98.5024
geruststellen WW(pv,tgw,met-t)	1	713036	98.5025
geruststellen WW(inf,vrij,zonder)	1	713037	98.5026
gerustlaat WW(vd,vrij,zonder)	1	713038	98.5028
gerust ADJ(vrij,comp,zonder)	1	713039	98.5029
gerust ADJ(prenom,basis,zonder)	1	713040	98.5031
geruit ADJ(prenom,basis,met-e,stan)	1	713041	98.5032
geruim ADJ(prenom,basis,met-e,stan)	1	713042	98.5033
gert SPEC(deeleigen)	1	713043	98.5035
gert N(soort,ev,basis,zijd,stan)	1	713044	98.5036
gerrcht WW(vd,vrij,zonder)	1	713045	98.5037
gerookt WW(pv,verl,mv)	1	713046	98.5039
geronde ADJ(prenom,basis,met-e,stan)	1	713047	98.504
gerobeerd N(soort,ev,basis,onz,stan)	1	713048	98.5042
germs N(soort,mv,basis)	1	713049	98.5043
germany N(soort,ev,basis,zijd,stan)	1	713050	98.5044
germans N(soort,mv,basis)	1	713051	98.5046
gerlinde N(soort,ev,basis,zijd,stan)	1	713052	98.5047
geritsel N(soort,ev,basis,onz,stan)	1	713053	98.5049
gerekt ADJ(vrij,comp,zonder)	1	713054	98.505
gerechtigheid N(soort,ev,basis,zijd,stan)	1	713055	98.5051
gerecht N(soort,mv,basis)	1	713056	98.5053
gerecht N(soort,ev,basis,onz,stan)	1	713057	98.5054
gere SPEC(vreemd)	1	713058	98.5055
gere N(soort,ev,basis,zijd,stan)	1	713059	98.5057
gerderen WW(pv,tgw,mv)	1	713060	98.5058
gerda SPEC(symb)	1	713061	98.506
gerda N(soort,ev,basis,zijd,stan)	1	713062	98.5061
gerby N(soort,ev,basis,zijd,stan)	1	713063	98.5062
gerbera N(soort,mv,basis)	1	713064	98.5064
gerard SPEC(vreemd)	1	713065	98.5065
geraken N(soort,ev,basis,onz,stan)	1	713066	98.5067
ger N(soort,ev,dim,onz,stan)	1	713067	98.5068
ger N(soort,ev,basis,zijd,stan)	1	713068	98.5069
gequizt WW(pv,tgw,met-t)	1	713069	98.5071
gequizd WW(vd,vrij,zonder)	1	713070	98.5072
gepubquizd WW(vd,vrij,zonder)	1	713071	98.5073
gepropte N(soort,ev,basis,onz,stan)	1	713072	98.5075
geplonst N(soort,ev,basis,zijd,stan)	1	713073	98.5076
geploft WW(pv,tgw,met-t)	1	713074	98.5078
gepland N(soort,ev,basis,zijd,stan)	1	713075	98.5079
gepen WW(pv,tgw,met-t)	1	713076	98.508
georgetown SPEC(vreemd)	1	713077	98.5082
geopen WW(inf,vrij,zonder)	1	713078	98.5083
geoon N(soort,ev,basis,onz,stan)	1	713079	98.5084
geografie N(soort,ev,basis,zijd,stan)	1	713080	98.5086
geof N(soort,ev,dim,onz,stan)	1	713081	98.5087
geof ADJ(vrij,basis,zonder)	1	713082	98.5089
geochach N(soort,ev,basis,onz,stan)	1	713083	98.509
geocache N(soort,ev,basis,zijd,stan)	1	713084	98.5091
gentse WW(vd,prenom,met-e)	1	713085	98.5093
gentse N(soort,ev,basis,zijd,stan)	1	713086	98.5094
gents ADJ(prenom,basis,zonder)	1	713087	98.5096
gently SPEC(vreemd)	1	713088	98.5097
gentbrugge WW(pv,verl,ev)	1	713089	98.5098
gentbrugge ADJ(prenom,basis,met-e,stan)	1	713090	98.51
gent-anderlecht N(soort,ev,basis,onz,stan)	1	713091	98.5101
gent WW(vd,vrij,zonder)	1	713092	98.5102
genset N(soort,ev,basis,onz,stan)	1	713093	98.5104
genoodzaakt ADJ(vrij,basis,zonder)	1	713094	98.5105
genoeghoor BW()	1	713095	98.5107
genodigde N(soort,mv,basis)	1	713096	98.5108
geno N(soort,ev,basis,zijd,stan)	1	713097	98.5109
genmab N(soort,ev,basis,zijd,stan)	1	713098	98.5111
genkenaar N(soort,mv,basis)	1	713099	98.5112
genken WW(pv,tgw,ev)	1	713100	98.5113
genk-gent N(soort,ev,basis,onz,stan)	1	713101	98.5115
genk WW(pv,verl,ev)	1	713102	98.5116
genk WW(od,vrij,zonder)	1	713103	98.5118
genietet WW(pv,tgw,met-t)	1	713104	98.5119
genieter N(soort,ev,basis,zijd,stan)	1	713105	98.512
genieten WW(pv,verl,mv)	1	713106	98.5122
geniet N(soort,ev,dim,onz,stan)	1	713107	98.5123
geniaal ADJ(prenom,basis,zonder)	1	713108	98.5125
geniaal ADJ(postnom,basis,met-s)	1	713109	98.5126
genezing N(soort,ev,basis,zijd,stan)	1	713110	98.5127
genezen WW(vd,vrij,zonder)	1	713111	98.5129
genezen WW(pv,tgw,met-t)	1	713112	98.513
genetics SPEC(vreemd)	1	713113	98.5131
generation N(soort,ev,basis,zijd,stan)	1	713114	98.5133
generatiekloof N(soort,ev,basis,zijd,stan)	1	713115	98.5134
generatie N(soort,mv,basis)	1	713116	98.5136
general SPEC(vreemd)	1	713117	98.5137
generaal ADJ(prenom,basis,met-e,stan)	1	713118	98.5138
generaal ADJ(nom,basis,met-e,zonder-n,stan)	1	713119	98.514
genees N(soort,mv,dim)	1	713120	98.5141
genant WW(vd,vrij,zonder)	1	713121	98.5142
genant ADJ(vrij,basis,zonder)	1	713122	98.5144
genaamd ADJ(vrij,basis,zonder)	1	713123	98.5145
genaakt SPEC(vreemd)	1	713124	98.5147
genaaid N(soort,ev,basis,zijd,stan)	1	713125	98.5148
gen WW(pv,tgw,met-t)	1	713126	98.5149
gen N(soort,ev,basis,onz,stan)	1	713127	98.5151
gemser N(soort,ev,basis,zijd,stan)	1	713128	98.5152
gemeente N(soort,mv,basis)	1	713129	98.5154
gemeenschapsschool N(soort,mv,basis)	1	713130	98.5155
gemeenschappelijk ADJ(vrij,basis,zonder)	1	713131	98.5156
gemeenschappelijk ADJ(prenom,basis,met-e,stan)	1	713132	98.5158
gembersiroop N(soort,ev,basis,zijd,stan)	1	713133	98.5159
gemaskerd ADJ(prenom,basis,zonder)	1	713134	98.516
gemakkelyk ADJ(vrij,basis,zonder)	1	713135	98.5162
gemakkelyk ADJ(nom,sup,zonder,zonder-n)	1	713136	98.5163
gemailde N(soort,ev,basis,zijd,stan)	1	713137	98.5165
gemail N(soort,ev,basis,zijd,stan)	1	713138	98.5166
gemaak WW(vd,vrij,zonder)	1	713139	98.5167
gemaait WW(vd,vrij,zonder)	1	713140	98.5169
gem BW()	1	713141	98.517
gelÃ³Ã³f WW(pv,tgw,ev)	1	713142	98.5171
gelykt WW(vd,vrij,zonder)	1	713143	98.5173
gelyk SPEC(vreemd)	1	713144	98.5174
gelukzak N(soort,mv,basis)	1	713145	98.5176
gelukzak N(soort,ev,basis,zijd,stan)	1	713146	98.5177
geluksvogel N(soort,ev,basis,zijd,stan)	1	713147	98.5178
geluksdag N(soort,ev,basis,zijd,stan)	1	713148	98.518
gelukkighebben WW(pv,verl,mv)	1	713149	98.5181
gelukkig ADJ(prenom,sup,met-e,stan)	1	713150	98.5183
gelukkig ADJ(nom,basis,met-e,zonder-n,stan)	1	713151	98.5184
gelukig ADJ(vrij,basis,zonder)	1	713152	98.5185
geluidtoren N(soort,mv,basis)	1	713153	98.5187
geluidstoren N(soort,mv,basis)	1	713154	98.5188
geluidsqualiteit N(soort,ev,basis,zijd,stan)	1	713155	98.5189
geluidsman N(soort,ev,basis,zijd,stan)	1	713156	98.5191
geluidsisolatie N(soort,ev,basis,zijd,stan)	1	713157	98.5192
geluidsfragment N(soort,ev,basis,zijd,stan)	1	713158	98.5194
geluidloos ADJ(vrij,basis,zonder)	1	713159	98.5195
geluid N(soort,mv,dim)	1	713160	98.5196
geluid N(soort,ev,dim,onz,stan)	1	713161	98.5198
geloven WW(pv,verl,mv)	1	713162	98.5199
geloven WW(pv,verl,ev)	1	713163	98.5201
geloof N(soort,ev,basis,onz,stan)	1	713164	98.5202
gelofen WW(inf,vrij,zonder)	1	713165	98.5203
gelof WW(pv,tgw,ev)	1	713166	98.5205
gelin ADJ(vrij,basis,zonder)	1	713167	98.5206
gelik WW(pv,tgw,ev)	1	713168	98.5207
gelik ADJ(vrij,basis,zonder)	1	713169	98.5209
gelijkvloers N(soort,ev,basis,onz,stan)	1	713170	98.521
gelijkgezind ADJ(prenom,basis,met-e,stan)	1	713171	98.5212
gelijken WW(vd,vrij,zonder)	1	713172	98.5213
gelijken WW(pv,tgw,met-t)	1	713173	98.5214
gelijk ADJ(prenom,basis,zonder)	1	713174	98.5216
gelieven WW(pv,conj,ev)	1	713175	98.5217
geliefde N(soort,ev,basis,zijd,stan)	1	713176	98.5218
geliefd ADJ(prenom,basis,met-e,stan)	1	713177	98.522
gelezenmarkering N(soort,ev,basis,zijd,stan)	1	713178	98.5221
gelezen WW(pv,verl,mv)	1	713179	98.5223
gelezen N(soort,mv,basis)	1	713180	98.5224
gelez SPEC(deeleigen)	1	713181	98.5225
geleiden WW(vd,vrij,zonder)	1	713182	98.5227
geldzaak N(soort,mv,basis)	1	713183	98.5228
geldspel N(soort,ev,basis,onz,stan)	1	713184	98.523
geldrop N(soort,ev,basis,zijd,stan)	1	713185	98.5231
geldnood N(soort,ev,basis,zijd,stan)	1	713186	98.5232
geldermalsen N(soort,mv,basis)	1	713187	98.5234
gelderland WW(vd,vrij,zonder)	1	713188	98.5235
gelden WW(pv,verl,mv)	1	713189	98.5236
gelden WW(pv,verl,ev)	1	713190	98.5238
geland WW(od,vrij,zonder)	1	713191	98.5239
geland N(soort,ev,basis,zijd,stan)	1	713192	98.5241
gekus N(soort,ev,basis,onz,stan)	1	713193	98.5242
gekunnen WW(vd,vrij,zonder)	1	713194	98.5243
gekuist ADJ(vrij,basis,zonder)	1	713195	98.5245
gekrijs N(soort,ev,basis,onz,stan)	1	713196	98.5246
gekrege N(soort,ev,basis,onz,stan)	1	713197	98.5247
gekrege ADJ(prenom,basis,met-e,stan)	1	713198	98.5249
gekrabt WW(vd,vrij,zonder)	1	713199	98.525
gekrabben WW(pv,tgw,met-t)	1	713200	98.5252
gekraak N(soort,ev,basis,onz,stan)	1	713201	98.5253
gekoos ADJ(prenom,basis,met-e,stan)	1	713202	98.5254
gekome N(soort,ev,basis,onz,stan)	1	713203	98.5256
gekocht ADJ(nom,basis,zonder,zonder-n)	1	713204	98.5257
geknipt ADJ(prenom,basis,met-e,stan)	1	713205	98.5259
geklungel N(soort,ev,basis,onz,stan)	1	713206	98.526
geklap N(soort,ev,basis,onz,stan)	1	713207	98.5261
gekkers ADJ(postnom,basis,met-s)	1	713208	98.5263
gekkenhuis BW()	1	713209	98.5264
gekkegut N(soort,ev,basis,zijd,stan)	1	713210	98.5265
gekekn ADJ(vrij,basis,zonder)	1	713211	98.5267
gekauft WW(pv,tgw,met-t)	1	713212	98.5268
gek N(soort,mv,basis)	1	713213	98.527
geitenwollensokkengehalte WW(pv,verl,ev)	1	713214	98.5271
geitenwollensokken WW(inf,vrij,zonder)	1	713215	98.5272
geitenkaas N(soort,mv,dim)	1	713216	98.5274
geit N(soort,mv,basis)	1	713217	98.5275
geit N(soort,ev,dim,onz,stan)	1	713218	98.5276
geiser N(soort,ev,basis,zijd,stan)	1	713219	98.5278
geirn BW()	1	713220	98.5279
geintroduceerd WW(vd,vrij,zonder)	1	713221	98.5281
geintresseerd WW(vd,vrij,zonder)	1	713222	98.5282
geinig ADJ(vrij,basis,zonder)	1	713223	98.5283
geinformeerdhoe BW()	1	713224	98.5285
geincasseerd WW(vd,vrij,zonder)	1	713225	98.5286
gein N(soort,ev,basis,zijd,stan)	1	713226	98.5288
gehumeurd WW(vd,vrij,zonder)	1	713227	98.5289
gehts SPEC(vreemd)	1	713228	98.529
gehort WW(pv,tgw,met-t)	1	713229	98.5292
gehoorgang N(soort,ev,basis,zijd,stan)	1	713230	98.5293
gehoor N(soort,ev,basis,onz,stan)	1	713231	98.5294
gehighteat N(soort,ev,basis,zijd,stan)	1	713232	98.5296
geheimzinnig ADJ(vrij,basis,zonder)	1	713233	98.5297
geheim N(soort,ev,dim,onz,stan)	1	713234	98.5299
geheim ADJ(prenom,basis,met-e,stan)	1	713235	98.53
gehe SPEC(vreemd)	1	713236	98.5301
gehaltemaar ADJ(vrij,basis,zonder)	1	713237	98.5303
gehalte N(soort,ev,basis,onz,stan)	1	713238	98.5304
gehaast ADJ(vrij,basis,zonder)	1	713239	98.5305
gegevn WW(inf,vrij,zonder)	1	713240	98.5307
gegevn N(soort,ev,basis,onz,stan)	1	713241	98.5308
gefrustreerd ADJ(vrij,basis,zonder)	1	713242	98.531
gefragt SPEC(vreemd)	1	713243	98.5311
gefixt N(soort,ev,basis,zijd,stan)	1	713244	98.5312
gefixt N(soort,ev,basis,onz,stan)	1	713245	98.5314
gefixed WW(vd,vrij,zonder)	1	713246	98.5315
gefilosofeer N(soort,ev,basis,onz,stan)	1	713247	98.5317
gefeliciflapstaart N(soort,ev,basis,zijd,stan)	1	713248	98.5318
gefeli N(soort,ev,basis,zijd,stan)	1	713249	98.5319
gefeb N(soort,ev,basis,zijd,stan)	1	713250	98.5321
gefb't WW(vd,vrij,zonder)	1	713251	98.5322
geexcuseerd WW(vd,vrij,zonder)	1	713252	98.5323
geestelijk ADJ(prenom,basis,zonder)	1	713253	98.5325
geest N(soort,ev,basis,zijd,stan)	1	713254	98.5326
geertrui N(soort,mv,basis)	1	713255	98.5328
geenszins BW()	1	713256	98.5329
geeneen WW(inf,vrij,zonder)	1	713257	98.533
geene N(soort,ev,basis,zijd,stan)	1	713258	98.5332
geelzwart WW(pv,tgw,met-t)	1	713259	98.5333
geeltje N(soort,ev,dim,onz,stan)	1	713260	98.5335
geelectrodoceerd WW(vd,vrij,zonder)	1	713261	98.5336
geel-geel N(soort,ev,basis,onz,stan)	1	713262	98.5337
geel ADJ(prenom,basis,zonder)	1	713263	98.5339
geeindigd WW(vd,vrij,zonder)	1	713264	98.534
gedwee ADJ(vrij,basis,zonder)	1	713265	98.5341
geduldig ADJ(vrij,basis,zonder)	1	713266	98.5343
gedronkn WW(inf,vrij,zonder)	1	713267	98.5344
gedronkn N(soort,mv,basis)	1	713268	98.5346
gedrocht N(soort,mv,basis)	1	713269	98.5347
gedrilled WW(vd,vrij,zonder)	1	713270	98.5348
gedragen WW(pv,tgw,mv)	1	713271	98.535
gedragen WW(pv,tgw,met-t)	1	713272	98.5351
gedragen WW(inf,vrij,zonder)	1	713273	98.5352
gedouht WW(vd,vrij,zonder)	1	713274	98.5354
gedouchet WW(pv,tgw,met-t)	1	713275	98.5355
gedopt WW(pv,tgw,met-t)	1	713276	98.5357
gedonder N(soort,ev,basis,onz,stan)	1	713277	98.5358
geditcht WW(vd,vrij,zonder)	1	713278	98.5359
gedikke N(soort,ev,dim,onz,stan)	1	713279	98.5361
gedienstig ADJ(vrij,basis,zonder)	1	713280	98.5362
gedicht N(soort,ev,dim,onz,stan)	1	713281	98.5364
gedan N(soort,mv,basis)	1	713282	98.5365
gedag N(soort,ev,basis,onz,stan)	1	713283	98.5366
gedag N(soort,ev,basis,genus,stan)	1	713284	98.5368
ged WW(vd,vrij,zonder)	1	713285	98.5369
gecko N(soort,ev,basis,zijd,stan)	1	713286	98.537
gecancelen WW(pv,tgw,met-t)	1	713287	98.5372
gec N(soort,ev,basis,onz,stan)	1	713288	98.5373
gebuurte WW(pv,verl,ev)	1	713289	98.5375
gebruiksaanwijzing N(soort,ev,basis,zijd,stan)	1	713290	98.5376
gebruikersnaam N(soort,ev,basis,zijd,stan)	1	713291	98.5377
gebruiken WW(pv,verl,mv)	1	713292	98.5379
gebruiken WW(pv,verl,ev)	1	713293	98.538
gebruien WW(pv,tgw,met-t)	1	713294	98.5381
gebrekkig ADJ(prenom,basis,met-e,stan)	1	713295	98.5383
gebreid WW(pv,tgw,ev)	1	713296	98.5384
gebral N(soort,ev,basis,zijd,stan)	1	713297	98.5386
gebr N(soort,ev,basis,zijd,stan)	1	713298	98.5387
geborgenheid N(soort,ev,basis,zijd,stan)	1	713299	98.5388
geboortewijding N(soort,ev,basis,zijd,stan)	1	713300	98.539
geboortekaartje N(soort,mv,dim)	1	713301	98.5391
geboortedatum N(soort,ev,basis,zijd,stan)	1	713302	98.5393
geboorte N(soort,ev,basis,zijd,stan)	1	713303	98.5394
geblevenr WW(od,vrij,zonder)	1	713304	98.5395
gebieden WW(pv,tgw,met-t)	1	713305	98.5397
gebeuren WW(inf,nom,zonder,zonder-n)	1	713306	98.5398
gebeur'n WW(inf,vrij,zonder)	1	713307	98.5399
gebbqd WW(vd,vrij,zonder)	1	713308	98.5401
gebarentaal N(soort,ev,basis,zijd,stan)	1	713309	98.5402
gebaren WW(pv,verl,ev)	1	713310	98.5404
gebak N(soort,ev,basis,onz,stan)	1	713311	98.5405
gearbeit WW(vd,vrij,zonder)	1	713312	98.5406
gear N(soort,ev,dim,onz,stan)	1	713313	98.5408
geantwortet WW(pv,tgw,ev)	1	713314	98.5409
geacht ADJ(prenom,basis,met-e,stan)	1	713315	98.541
ge-cheft WW(vd,vrij,zonder)	1	713316	98.5412
ge-bcc N(soort,mv,basis)	1	713317	98.5413
ge VNW(onbep,det,stan,prenom,zonder,agr)	1	713318	98.5415
gdn N(soort,mv,basis)	1	713319	98.5416
gdansk SPEC(vreemd)	1	713320	98.5417
gdaan WW(inf,vrij,zonder)	1	713321	98.5419
gd SPEC(vreemd)	1	713322	98.542
gchat N(soort,ev,basis,onz,stan)	1	713323	98.5422
gca N(soort,ev,basis,zijd,stan)	1	713324	98.5423
gbit N(soort,ev,basis,zijd,stan)	1	713325	98.5424
gbit ADJ(prenom,basis,zonder)	1	713326	98.5426
gazettenwinkel N(soort,ev,basis,zijd,stan)	1	713327	98.5427
gazet N(soort,mv,basis)	1	713328	98.5428
gayradar N(soort,ev,basis,zijd,stan)	1	713329	98.543
gay ADJ(vrij,basis,zonder)	1	713330	98.5431
gawe ADJ(prenom,basis,met-e,stan)	1	713331	98.5433
gaversieren WW(inf,vrij,zonder)	1	713332	98.5434
gatenplant N(soort,ev,basis,zijd,stan)	1	713333	98.5435
gatachterlijk ADJ(prenom,basis,met-e,stan)	1	713334	98.5437
gasunie N(soort,ev,basis,zijd,stan)	1	713335	98.5438
gastvrouw N(soort,ev,basis,zijd,stan)	1	713336	98.5439
gastvrij ADJ(prenom,basis,met-e,stan)	1	713337	98.5441
gaststel N(soort,ev,basis,onz,stan)	1	713338	98.5442
gasthuisberg N(soort,ev,basis,zijd,stan)	1	713339	98.5444
gasthuisberg N(soort,ev,basis,onz,stan)	1	713340	98.5445
gastgezin N(soort,ev,basis,onz,stan)	1	713341	98.5446
gasteruggave N(soort,ev,basis,zijd,stan)	1	713342	98.5448
gastenlijst N(soort,ev,basis,zijd,stan)	1	713343	98.5449
gastenboek N(soort,ev,basis,onz,stan)	1	713344	98.5451
gastdocent N(soort,ev,basis,zijd,stan)	1	713345	98.5452
gassen WW(pv,tgw,ev)	1	713346	98.5453
gaspedaalsensor N(soort,ev,basis,zijd,stan)	1	713347	98.5455
gaspedaal N(soort,ev,basis,onz,stan)	1	713348	98.5456
gasleiding N(soort,ev,basis,zijd,stan)	1	713349	98.5457
gascondensatieketel N(soort,ev,basis,zijd,stan)	1	713350	98.5459
gas N(soort,mv,basis)	1	713351	98.546
garnaal N(soort,mv,dim)	1	713352	98.5462
garderobe N(soort,ev,basis,zijd,stan)	1	713353	98.5463
garden SPEC(vreemd)	1	713354	98.5464
garde N(soort,ev,basis,zijd,stan)	1	713355	98.5466
gardameer WW(pv,tgw,ev)	1	713356	98.5467
garantiebewijs N(soort,ev,basis,onz,stan)	1	713357	98.5469
garantie N(soort,ev,basis,zijd,stan)	1	713358	98.547
garanderen WW(vd,vrij,zonder)	1	713359	98.5471
garanderen WW(inf,vrij,zonder)	1	713360	98.5473
garagist N(soort,ev,basis,zijd,stan)	1	713361	98.5474
garagesoort N(soort,ev,basis,zijd,stan)	1	713362	98.5475
garagedeur N(soort,ev,basis,zijd,stan)	1	713363	98.5477
gapen WW(inf,vrij,zonder)	1	713364	98.5478
ganzenhel N(soort,ev,basis,zijd,stan)	1	713365	98.548
gans ADJ(prenom,basis,zonder)	1	713366	98.5481
gangkast N(soort,ev,basis,zijd,stan)	1	713367	98.5482
gang.fi SPEC(symb)	1	713368	98.5484
gandalf N(soort,ev,basis,zijd,stan)	1	713369	98.5485
games SPEC(vreemd)	1	713370	98.5486
gameplay N(soort,ev,basis,zijd,stan)	1	713371	98.5488
gamebeurs N(soort,mv,basis)	1	713372	98.5489
gamebeurs N(soort,ev,basis,zijd,stan)	1	713373	98.5491
gama N(soort,ev,basis,zijd,stan)	1	713374	98.5492
galore SPEC(vreemd)	1	713375	98.5493
galleryplay N(soort,ev,basis,zijd,stan)	1	713376	98.5495
gallerie N(soort,ev,basis,zijd,stan)	1	713377	98.5496
galgenhuis N(soort,ev,dim,onz,stan)	1	713378	98.5498
galerijhek N(soort,ev,basis,onz,stan)	1	713379	98.5499
galerie N(soort,ev,basis,zijd,stan)	1	713380	98.55
galant ADJ(vrij,basis,zonder)	1	713381	98.5502
galajurk N(soort,mv,basis)	1	713382	98.5503
galadiner N(soort,ev,basis,zijd,stan)	1	713383	98.5504
galabal N(soort,ev,basis,onz,stan)	1	713384	98.5506
gala N(soort,ev,basis,onz,stan)	1	713385	98.5507
gak WW(pv,verl,ev)	1	713386	98.5509
gak N(soort,ev,basis,onz,stan)	1	713387	98.551
gajet N(soort,ev,basis,onz,stan)	1	713388	98.5511
gager N(soort,ev,basis,zijd,stan)	1	713389	98.5513
gaga-liefhebber ADJ(vrij,comp,zonder)	1	713390	98.5514
gaga-kaart N(soort,ev,dim,onz,stan)	1	713391	98.5515
gaga N(soort,ev,basis,zijd,stan)	1	713392	98.5517
gadgetliefhebber N(soort,mv,basis)	1	713393	98.5518
gade WW(pv,verl,ev)	1	713394	98.552
gade ADJ(prenom,basis,met-e,stan)	1	713395	98.5521
gaddorie N(soort,ev,basis,zijd,stan)	1	713396	98.5522
gaby SPEC(vreemd)	1	713397	98.5524
gab N(soort,ev,basis,onz,stan)	1	713398	98.5525
gaatt ADJ(vrij,basis,zonder)	1	713399	98.5527
gaat-ie N(soort,ev,basis,zijd,stan)	1	713400	98.5528
gaast N(soort,ev,basis,zijd,stan)	1	713401	98.5529
gaarig ADJ(vrij,basis,zonder)	1	713402	98.5531
gaanwe WW(pv,verl,ev)	1	713403	98.5532
gaaneten WW(inf,vrij,zonder)	1	713404	98.5533
gaanbinnembrengem N(soort,ev,basis,zijd,stan)	1	713405	98.5535
gaanbij ADJ(vrij,basis,zonder)	1	713406	98.5536
gaan WW(inf,nom,zonder,zonder-n)	1	713407	98.5538
gaan N(soort,mv,basis)	1	713408	98.5539
gaamln N(soort,ev,basis,zijd,stan)	1	713409	98.554
gaam N(soort,ev,basis,zijd,stan)	1	713410	98.5542
gaak N(soort,ev,basis,onz,stan)	1	713411	98.5543
gaak BW()	1	713412	98.5544
gaaj N(soort,ev,basis,zijd,stan)	1	713413	98.5546
gaaf ADJ(prenom,basis,zonder)	1	713414	98.5547
gaadet N(soort,ev,basis,zijd,stan)	1	713415	98.5549
gaaaf ADJ(vrij,basis,zonder)	1	713416	98.555
gaaaap N(soort,ev,basis,zijd,stan)	1	713417	98.5551
gaaaaap N(soort,ev,basis,zijd,stan)	1	713418	98.5553
gaaaaaap N(soort,ev,basis,zijd,stan)	1	713419	98.5554
gaaaaaap ADJ(vrij,basis,zonder)	1	713420	98.5556
gaa N(soort,ev,basis,zijd,stan)	1	713421	98.5557
ga(an) N(soort,ev,basis,genus,stan)	1	713422	98.5558
ga't N(soort,ev,basis,zijd,stan)	1	713423	98.556
g's N(soort,mv,basis)	1	713424	98.5561
fÃ¼r SPEC(vreemd)	1	713425	98.5562
fzo WW(pv,tgw,ev)	1	713426	98.5564
fzo ADJ(vrij,basis,zonder)	1	713427	98.5565
fz VNW(pers,pron,nomin,red,1,mv)	1	713428	98.5567
fysiotherapeut N(soort,ev,basis,zijd,stan)	1	713429	98.5568
fysiofitness N(soort,ev,basis,zijd,stan)	1	713430	98.5569
fysio-en N(soort,mv,basis)	1	713431	98.5571
fyi N(soort,ev,basis,onz,stan)	1	713432	98.5572
futile N(soort,ev,basis,zijd,stan)	1	713433	98.5573
fut N(soort,ev,basis,zijd,stan)	1	713434	98.5575
fuseren WW(vd,prenom,zonder)	1	713435	98.5576
furie N(soort,ev,basis,zijd,stan)	1	713436	98.5578
furiae N(soort,ev,basis,zijd,stan)	1	713437	98.5579
fur SPEC(vreemd)	1	713438	98.558
funnifanboek N(soort,ev,basis,onz,stan)	1	713439	98.5582
funni SPEC(deeleigen)	1	713440	98.5583
funf BW()	1	713441	98.5585
funeral SPEC(vreemd)	1	713442	98.5586
fune N(soort,mv,basis)	1	713443	98.5587
fundering N(soort,mv,basis)	1	713444	98.5589
funda N(soort,mv,basis)	1	713445	98.559
functioneringsgesprek N(soort,ev,basis,onz,stan)	1	713446	98.5591
functioneren WW(pv,tgw,met-t)	1	713447	98.5593
functioneren WW(pv,tgw,ev)	1	713448	98.5594
functionaliteit N(soort,ev,basis,zijd,stan)	1	713449	98.5596
fun.xx SPEC(vreemd)	1	713450	98.5597
fully SPEC(vreemd)	1	713451	98.5598
fukking N(soort,ev,basis,zijd,stan)	1	713452	98.56
fuk WW(pv,verl,ev)	1	713453	98.5601
fuk N(soort,ev,basis,zijd,stan)	1	713454	98.5603
fuiven WW(inf,vrij,zonder)	1	713455	98.5604
fuive SPEC(vreemd)	1	713456	98.5605
fuguurlljk ADJ(vrij,basis,zonder)	1	713457	98.5607
fucking N(soort,ev,basis,zijd,stan)	1	713458	98.5608
fucker N(soort,mv,basis)	1	713459	98.5609
fucked N(soort,ev,basis,onz,stan)	1	713460	98.5611
fuck N(soort,ev,dim,onz,stan)	1	713461	98.5612
ftw SPEC(vreemd)	1	713462	98.5614
ftp SPEC(vreemd)	1	713463	98.5615
ftf N(soort,ev,basis,onz,stan)	1	713464	98.5616
ftac N(soort,ev,basis,zijd,stan)	1	713465	98.5618
fsw ADJ(vrij,basis,zonder)	1	713466	98.5619
frying N(soort,ev,basis,zijd,stan)	1	713467	98.562
frutje N(soort,mv,dim)	1	713468	98.5622
frut N(soort,ev,basis,zijd,stan)	1	713469	98.5623
frustrerend ADJ(vrij,basis,zonder)	1	713470	98.5625
frustreren WW(vd,prenom,met-e)	1	713471	98.5626
frustreren WW(od,nom,met-e,zonder-n)	1	713472	98.5627
frustratie N(soort,ev,basis,zijd,stan)	1	713473	98.5629
frustatie N(soort,mv,basis)	1	713474	98.563
fruity SPEC(vreemd)	1	713475	98.5632
fruitsap N(soort,ev,dim,onz,stan)	1	713476	98.5633
fruitmarkt N(soort,ev,basis,zijd,stan)	1	713477	98.5634
fruitcocktail N(soort,ev,basis,zijd,stan)	1	713478	98.5636
fruher SPEC(vreemd)	1	713479	98.5637
fruh N(soort,ev,basis,zijd,stan)	1	713480	98.5638
frrrrreeezing SPEC(vreemd)	1	713481	98.564
frontaal ADJ(vrij,basis,zonder)	1	713482	98.5641
front N(soort,mv,basis)	1	713483	98.5643
fromage ADJ(prenom,basis,met-e,stan)	1	713484	98.5644
frog WW(pv,verl,ev)	1	713485	98.5645
frog SPEC(vreemd)	1	713486	98.5647
froetecolairig ADJ(vrij,basis,zonder)	1	713487	98.5648
frodo SPEC(vreemd)	1	713488	98.5649
frodo SPEC(symb)	1	713489	98.5651
frkrgeregel N(soort,ev,basis,onz,stan)	1	713490	98.5652
fritzlen WW(inf,vrij,zonder)	1	713491	98.5654
frituurvlees N(soort,ev,dim,onz,stan)	1	713492	98.5655
frituurpan N(soort,ev,basis,zijd,stan)	1	713493	98.5656
frituurmaaltijd N(soort,ev,basis,zijd,stan)	1	713494	98.5658
frituurking SPEC(vreemd)	1	713495	98.5659
frituurfeest N(soort,ev,dim,onz,stan)	1	713496	98.5661
frituren WW(inf,vrij,zonder)	1	713497	98.5662
friteuse N(soort,ev,basis,zijd,stan)	1	713498	98.5663
fritecycle SPEC(vreemd)	1	713499	98.5665
frit N(soort,mv,dim)	1	713500	98.5666
fristi N(soort,mv,basis)	1	713501	98.5667
fristi N(soort,ev,basis,zijd,stan)	1	713502	98.5669
fristen N(soort,mv,basis)	1	713503	98.567
frissen WW(inf,vrij,zonder)	1	713504	98.5672
frissemoed N(soort,ev,basis,onz,stan)	1	713505	98.5673
friskies N(soort,mv,basis)	1	713506	98.5674
frisheid N(soort,ev,basis,zijd,stan)	1	713507	98.5676
frisdrank N(soort,mv,basis)	1	713508	98.5677
frisbeeÃ«n WW(inf,vrij,zonder)	1	713509	98.5678
frisbee N(soort,ev,basis,zijd,stan)	1	713510	98.568
fris ADJ(prenom,basis,zonder)	1	713511	98.5681
fringe WW(pv,conj,ev)	1	713512	98.5683
frikandel N(soort,mv,basis)	1	713513	98.5684
frigobox N(soort,ev,basis,zijd,stan)	1	713514	98.5685
friggin SPEC(vreemd)	1	713515	98.5687
frietuur N(soort,ev,basis,zijd,stan)	1	713516	98.5688
frietshop N(soort,ev,basis,zijd,stan)	1	713517	98.569
frietpantransport N(soort,ev,basis,onz,stan)	1	713518	98.5691
frietfestijn N(soort,ev,basis,onz,stan)	1	713519	98.5692
friend's SPEC(vreemd)	1	713520	98.5694
friend WW(od,vrij,zonder)	1	713521	98.5695
friemelen WW(inf,vrij,zonder)	1	713522	98.5696
friees ADJ(prenom,basis,met-e,stan)	1	713523	98.5698
friebdben WW(vd,vrij,zonder)	1	713524	98.5699
fridge SPEC(vreemd)	1	713525	98.5701
fridayavond WW(od,prenom,zonder)	1	713526	98.5702
freya SPEC(deeleigen)	1	713527	98.5703
freya ADJ(vrij,basis,zonder)	1	713528	98.5705
fret N(soort,ev,basis,zijd,stan)	1	713529	98.5706
frenk SPEC(deeleigen)	1	713530	98.5707
frenchies SPEC(vreemd)	1	713531	98.5709
frenchies N(soort,mv,basis)	1	713532	98.571
french ADJ(prenom,basis,zonder)	1	713533	98.5712
freezing SPEC(vreemd)	1	713534	98.5713
freezen ADJ(nom,basis,met-e,mv-n)	1	713535	98.5714
freespin N(soort,mv,basis)	1	713536	98.5716
fredo SPEC(deeleigen)	1	713537	98.5717
frederik WW(pv,tgw,ev)	1	713538	98.5719
frederik BW()	1	713539	98.572
freddy N(soort,ev,basis,zijd,stan)	1	713540	98.5721
fred N(soort,ev,basis,onz,stan)	1	713541	98.5723
freak SPEC(vreemd)	1	713542	98.5724
freak N(soort,mv,basis)	1	713543	98.5725
freak N(soort,ev,basis,zijd,stan)	1	713544	98.5727
fre(y) N(soort,mv,basis)	1	713545	98.5728
fre SPEC(vreemd)	1	713546	98.573
fre ADJ(prenom,comp,met-e,stan)	1	713547	98.5731
fre ADJ(nom,basis,met-e,zonder-n,stan)	1	713548	98.5732
fraulein N(soort,ev,basis,onz,stan)	1	713549	98.5734
fraude N(soort,ev,basis,zijd,stan)	1	713550	98.5735
fransicso SPEC(deeleigen)	1	713551	98.5737
fransen N(soort,mv,basis)	1	713552	98.5738
frankfurt SPEC(vreemd)	1	713553	98.5739
frank N(soort,mv,basis)	1	713554	98.5741
francophones N(soort,mv,basis)	1	713555	98.5742
franchipan N(soort,ev,basis,zijd,stan)	1	713556	98.5743
frame N(soort,ev,basis,onz,stan)	1	713557	98.5745
framcisco N(soort,ev,basis,onz,stan)	1	713558	98.5746
framboos N(soort,mv,dim)	1	713559	98.5748
fragging SPEC(vreemd)	1	713560	98.5749
frag SPEC(vreemd)	1	713561	98.575
fr SPEC(symb)	1	713562	98.5752
fox N(soort,ev,basis,zijd,stan)	1	713563	98.5753
foutcode N(soort,ev,basis,zijd,stan)	1	713564	98.5754
fout N(soort,mv,dim)	1	713565	98.5756
foundation SPEC(vreemd)	1	713566	98.5757
fotozooi N(soort,mv,basis)	1	713567	98.5759
fototoestel N(soort,ev,dim,onz,stan)	1	713568	98.576
fotoslider N(soort,ev,basis,zijd,stan)	1	713569	98.5761
fotoshop WW(pv,tgw,ev)	1	713570	98.5763
fotoshoot WW(pv,tgw,met-t)	1	713571	98.5764
fotorol N(soort,ev,dim,onz,stan)	1	713572	98.5766
fotorealistisch ADJ(prenom,basis,zonder)	1	713573	98.5767
fotografÃ­a SPEC(vreemd)	1	713574	98.5768
fotografisch ADJ(prenom,basis,met-e,stan)	1	713575	98.577
fotografieur N(soort,mv,basis)	1	713576	98.5771
fotografieplan N(soort,mv,basis)	1	713577	98.5772
fotogenese N(soort,ev,basis,zijd,stan)	1	713578	98.5774
fotoding N(soort,ev,basis,zijd,stan)	1	713579	98.5775
fotoboekje N(soort,ev,dim,onz,stan)	1	713580	98.5777
fotoboek N(soort,mv,basis)	1	713581	98.5778
fotoalbum N(soort,ev,basis,onz,stan)	1	713582	98.5779
foto-deadline N(soort,ev,basis,zijd,stan)	1	713583	98.5781
foto's N(soort,ev,basis,gen)	1	713584	98.5782
foto N(soort,ev,dim,onz,stan)	1	713585	98.5783
forze-vest N(soort,ev,basis,zijd,stan)	1	713586	98.5785
forwarden WW(inf,vrij,zonder)	1	713587	98.5786
forward N(soort,ev,dim,onz,stan)	1	713588	98.5788
forty SPEC(vreemd)	1	713589	98.5789
fortuynkostuum N(soort,ev,basis,onz,stan)	1	713590	98.579
fortuyn N(soort,ev,basis,onz,stan)	1	713591	98.5792
fortuin N(soort,ev,basis,onz,stan)	1	713592	98.5793
fortissio N(soort,mv,basis)	1	713593	98.5795
fortis N(soort,ev,basis,zijd,stan)	1	713594	98.5796
forth SPEC(vreemd)	1	713595	98.5797
fort N(soort,ev,basis,onz,stan)	1	713596	98.5799
fornuis N(soort,ev,basis,onz,stan)	1	713597	98.58
formulering N(soort,ev,basis,zijd,stan)	1	713598	98.5801
forme N(soort,ev,basis,onz,stan)	1	713599	98.5803
formatting N(soort,ev,basis,zijd,stan)	1	713600	98.5804
formateren WW(inf,vrij,zonder)	1	713601	98.5806
formalitei N(soort,ev,dim,onz,stan)	1	713602	98.5807
formal SPEC(vreemd)	1	713603	98.5808
forget WW(vd,vrij,zonder)	1	713604	98.581
forget WW(pv,tgw,met-t)	1	713605	98.5811
forget N(soort,ev,basis,zijd,stan)	1	713606	98.5812
foreign SPEC(vreemd)	1	713607	98.5814
forceren WW(pv,tgw,mv)	1	713608	98.5815
forced SPEC(vreemd)	1	713609	98.5817
force SPEC(vreemd)	1	713610	98.5818
fora N(soort,mv,basis)	1	713611	98.5819
foppen WW(vd,vrij,zonder)	1	713612	98.5821
foort N(soort,ev,basis,zijd,stan)	1	713613	98.5822
fools SPEC(vreemd)	1	713614	98.5824
fool N(soort,ev,basis,zijd,stan)	1	713615	98.5825
fooi N(soort,ev,basis,zijd,stan)	1	713616	98.5826
foodz SPEC(vreemd)	1	713617	98.5828
foodie N(soort,mv,basis)	1	713618	98.5829
foo SPEC(vreemd)	1	713619	98.583
fonzie N(soort,ev,basis,zijd,stan)	1	713620	98.5832
fontein N(soort,ev,basis,zijd,stan)	1	713621	98.5833
fondue-set N(soort,ev,basis,zijd,stan)	1	713622	98.5835
fondue N(soort,mv,basis)	1	713623	98.5836
foltering N(soort,ev,basis,zijd,stan)	1	713624	98.5837
followed SPEC(vreemd)	1	713625	98.5839
followed N(soort,ev,basis,onz,stan)	1	713626	98.584
follow-up N(soort,ev,basis,zijd,stan)	1	713627	98.5841
folkert N(soort,ev,basis,onz,stan)	1	713628	98.5843
foliek ADJ(prenom,basis,met-e,stan)	1	713629	98.5844
folie N(soort,ev,basis,zijd,stan)	1	713630	98.5846
foleys SPEC(vreemd)	1	713631	98.5847
foley N(soort,mv,basis)	1	713632	98.5848
folder N(soort,mv,dim)	1	713633	98.585
fokking N(soort,ev,basis,zijd,stan)	1	713634	98.5851
fokke N(soort,ev,dim,onz,stan)	1	713635	98.5853
fok N(soort,ev,basis,onz,stan)	1	713636	98.5854
foetsie BW()	1	713637	98.5855
foesboek N(soort,ev,basis,onz,stan)	1	713638	98.5857
foerieren WW(inf,vrij,zonder)	1	713639	98.5858
foerier N(soort,mv,basis)	1	713640	98.5859
foef N(soort,mv,basis)	1	713641	98.5861
focus N(soort,mv,basis)	1	713642	98.5862
fo SPEC(vreemd)	1	713643	98.5864
fo N(soort,ev,basis,zijd,stan)	1	713644	98.5865
fnie N(soort,ev,basis,zijd,stan)	1	713645	98.5866
fm-zender N(soort,ev,basis,zijd,stan)	1	713646	98.5868
fm WW(pv,tgw,met-t)	1	713647	98.5869
fm N(soort,ev,basis,zijd,stan)	1	713648	98.5871
flyerkes N(soort,mv,basis)	1	713649	98.5872
fly SPEC(vreemd)	1	713650	98.5873
fluub N(soort,ev,basis,zijd,stan)	1	713651	98.5875
flutgolf N(soort,mv,dim)	1	713652	98.5876
flurries BW()	1	713653	98.5877
flurelurelure N(soort,ev,basis,zijd,stan)	1	713654	98.5879
fluiten WW(inf,nom,zonder,zonder-n)	1	713655	98.588
fluit N(soort,ev,dim,onz,stan)	1	713656	98.5882
fluisteren WW(pv,tgw,ev)	1	713657	98.5883
fluim N(soort,mv,basis)	1	713658	98.5884
fluff N(soort,ev,basis,zijd,stan)	1	713659	98.5886
flube N(soort,mv,basis)	1	713660	98.5887
flub N(soort,ev,basis,zijd,stan)	1	713661	98.5888
flrentine N(soort,ev,basis,zijd,stan)	1	713662	98.589
flows N(soort,ev,basis,zijd,stan)	1	713663	98.5891
flowchart SPEC(vreemd)	1	713664	98.5893
flow N(soort,mv,basis)	1	713665	98.5894
floris N(soort,ev,basis,zijd,stan)	1	713666	98.5895
florence SPEC(vreemd)	1	713667	98.5897
flop N(soort,ev,basis,zijd,stan)	1	713668	98.5898
flooded SPEC(vreemd)	1	713669	98.59
floegloegloe N(soort,ev,basis,zijd,stan)	1	713670	98.5901
flitsstatief N(soort,ev,basis,zijd,stan)	1	713671	98.5902
flitser N(soort,mv,basis)	1	713672	98.5904
flitsen WW(vd,vrij,zonder)	1	713673	98.5905
flitsboete N(soort,ev,basis,zijd,stan)	1	713674	98.5906
flitsbezoek N(soort,ev,basis,onz,stan)	1	713675	98.5908
flits N(soort,ev,basis,zijd,stan)	1	713676	98.5909
flirty SPEC(vreemd)	1	713677	98.5911
flirting SPEC(vreemd)	1	713678	98.5912
flirter N(soort,ev,basis,zijd,stan)	1	713679	98.5913
flirten WW(pv,tgw,mv)	1	713680	98.5915
flirten WW(pv,tgw,ev)	1	713681	98.5916
flirted SPEC(vreemd)	1	713682	98.5917
flirtation SPEC(vreemd)	1	713683	98.5919
flippen WW(pv,tgw,met-t)	1	713684	98.592
flippen WW(inf,vrij,zonder)	1	713685	98.5922
flinkspierpijn N(soort,ev,basis,zijd,stan)	1	713686	98.5923
flink SPEC(vreemd)	1	713687	98.5924
flikker N(soort,ev,basis,zijd,stan)	1	713688	98.5926
flikken WW(inf,vrij,zonder)	1	713689	98.5927
flike ADJ(prenom,basis,met-e,stan)	1	713690	98.5929
flies SPEC(vreemd)	1	713691	98.593
flexwerken WW(inf,nom,zonder,zonder-n)	1	713692	98.5931
flexibel ADJ(prenom,basis,met-e,stan)	1	713693	98.5933
flex-werkplek N(soort,mv,basis)	1	713694	98.5934
flex N(soort,ev,basis,onz,stan)	1	713695	98.5935
flew SPEC(vreemd)	1	713696	98.5937
fleust N(soort,ev,basis,zijd,stan)	1	713697	98.5938
fleust ADJ(vrij,basis,zonder)	1	713698	98.594
fleuris N(soort,ev,basis,zijd,stan)	1	713699	98.5941
flessen WW(vd,vrij,zonder)	1	713700	98.5942
fles SPEC(vreemd)	1	713701	98.5944
flemen WW(inf,vrij,zonder)	1	713702	98.5945
fleecedeken N(soort,ev,dim,onz,stan)	1	713703	98.5946
flatteren WW(pv,tgw,met-t)	1	713704	98.5948
flatteren WW(od,vrij,zonder)	1	713705	98.5949
flatley N(soort,ev,basis,zijd,stan)	1	713706	98.5951
flat N(soort,mv,basis)	1	713707	98.5952
flashy SPEC(vreemd)	1	713708	98.5953
flasht WW(pv,tgw,met-t)	1	713709	98.5955
flashen WW(vd,vrij,zonder)	1	713710	98.5956
flashen WW(inf,vrij,zonder)	1	713711	98.5958
flashback N(soort,ev,basis,zijd,stan)	1	713712	98.5959
flard WW(vd,vrij,zonder)	1	713713	98.596
flard N(soort,mv,basis)	1	713714	98.5962
flapperen WW(pv,verl,ev)	1	713715	98.5963
flapdrol N(soort,ev,basis,zijd,stan)	1	713716	98.5964
flap N(soort,mv,dim)	1	713717	98.5966
flansen WW(inf,vrij,zonder)	1	713718	98.5967
flandres N(soort,mv,basis)	1	713719	98.5969
flair N(soort,ev,basis,zijd,stan)	1	713720	98.597
fkes N(soort,mv,dim)	1	713721	98.5971
fjew ADJ(vrij,basis,zonder)	1	713722	98.5973
fixed SPEC(vreemd)	1	713723	98.5974
fixatie N(soort,ev,basis,zijd,stan)	1	713724	98.5975
fix SPEC(vreemd)	1	713725	98.5977
fitnesstime N(soort,ev,basis,onz,stan)	1	713726	98.5978
fitnessen WW(inf,nom,zonder,zonder-n)	1	713727	98.598
fitnessabonnement N(soort,ev,basis,onz,stan)	1	713728	98.5981
fit ADJ(vrij,comp,zonder)	1	713729	98.5982
fistoleer N(soort,ev,basis,onz,stan)	1	713730	98.5984
fissa N(soort,ev,basis,zijd,stan)	1	713731	98.5985
fiskar N(soort,mv,basis)	1	713732	98.5987
fisje N(soort,ev,dim,onz,stan)	1	713733	98.5988
fishstick N(soort,ev,basis,zijd,stan)	1	713734	98.5989
fisher N(soort,ev,basis,onz,stan)	1	713735	98.5991
fischer N(soort,ev,basis,zijd,stan)	1	713736	98.5992
fis N(soort,ev,dim,onz,stan)	1	713737	98.5993
fis ADJ(vrij,basis,zonder)	1	713738	98.5995
firmware N(soort,ev,basis,zijd,stan)	1	713739	98.5996
firewind WW(vd,vrij,zonder)	1	713740	98.5998
firewall SPEC(vreemd)	1	713741	98.5999
firenze WW(pv,verl,ev)	1	713742	98.6
firenze N(soort,ev,basis,zijd,stan)	1	713743	98.6002
firefox N(soort,ev,basis,onz,stan)	1	713744	98.6003
finnemin N(soort,ev,basis,onz,stan)	1	713745	98.6005
finneman N(soort,ev,basis,zijd,stan)	1	713746	98.6006
finland N(soort,ev,basis,onz,stan)	1	713747	98.6007
finito SPEC(vreemd)	1	713748	98.6009
finishing SPEC(vreemd)	1	713749	98.601
finishen WW(vd,vrij,zonder)	1	713750	98.6011
finishen WW(inf,vrij,zonder)	1	713751	98.6013
finishedn WW(vd,vrij,zonder)	1	713752	98.6014
finished ADJ(vrij,comp,zonder)	1	713753	98.6016
fini SPEC(deeleigen)	1	713754	98.6017
fingerpaint SPEC(vreemd)	1	713755	98.6018
fine N(soort,ev,dim,onz,stan)	1	713756	98.602
financiel ADJ(prenom,basis,met-e,stan)	1	713757	98.6021
financieen N(soort,mv,basis)	1	713758	98.6022
fin N(soort,mv,basis)	1	713759	98.6024
fin N(soort,ev,basis,onz,stan)	1	713760	98.6025
filosofisch ADJ(prenom,basis,met-e,stan)	1	713761	98.6027
filo SPEC(vreemd)	1	713762	98.6028
filmzaal N(soort,ev,basis,zijd,stan)	1	713763	98.6029
filmticket N(soort,mv,basis)	1	713764	98.6031
filmster N(soort,mv,basis)	1	713765	98.6032
filmsfeest N(soort,ev,dim,onz,stan)	1	713766	98.6034
filmp N(soort,ev,basis,zijd,stan)	1	713767	98.6035
filmmuziek N(soort,ev,basis,zijd,stan)	1	713768	98.6036
filmlp N(soort,ev,dim,onz,stan)	1	713769	98.6038
filmeren WW(pv,tgw,met-t)	1	713770	98.6039
filmen WW(pv,tgw,ev)	1	713771	98.604
filmen WW(inf,nom,zonder,zonder-n)	1	713772	98.6042
filmavond N(soort,ev,dim,onz,stan)	1	713773	98.6043
filmavond N(soort,ev,basis,zijd,stan)	1	713774	98.6045
fillierstent N(soort,ev,basis,zijd,stan)	1	713775	98.6046
filliers SPEC(vreemd)	1	713776	98.6047
fillier N(soort,mv,basis)	1	713777	98.6049
filippo N(soort,ev,basis,onz,stan)	1	713778	98.605
filip N(soort,ev,basis,zijd,stan)	1	713779	98.6051
filip N(soort,ev,basis,onz,stan)	1	713780	98.6053
filevorming N(soort,ev,basis,zijd,stan)	1	713781	98.6054
filesong N(soort,ev,basis,zijd,stan)	1	713782	98.6056
filerijden WW(vd,vrij,zonder)	1	713783	98.6057
filerijden WW(pv,verl,mv)	1	713784	98.6058
fil SPEC(vreemd)	1	713785	98.606
fiks ADJ(prenom,basis,met-e,stan)	1	713786	98.6061
fijnproever N(soort,mv,basis)	1	713787	98.6063
fijngevoel N(soort,ev,basis,onz,stan)	1	713788	98.6064
fijnfisjenie N(soort,ev,basis,zijd,stan)	1	713789	98.6065
fijndag N(soort,ev,basis,zijd,stan)	1	713790	98.6067
fijn N(soort,ev,basis,onz,stan)	1	713791	98.6068
fijn ADJ(prenom,comp,met-e,stan)	1	713792	98.6069
fijn ADJ(postnom,basis,met-s)	1	713793	98.6071
fijn ADJ(nom,sup,met-e,zonder-n,stan)	1	713794	98.6072
fihp N(soort,ev,basis,zijd,stan)	1	713795	98.6074
figure N(soort,ev,basis,zijd,stan)	1	713796	98.6075
fighters SPEC(vreemd)	1	713797	98.6076
fifteen N(soort,mv,basis)	1	713798	98.6078
fifaaaen WW(inf,vrij,zonder)	1	713799	98.6079
fifa-toernooi N(soort,ev,dim,onz,stan)	1	713800	98.608
fifa N(soort,mv,basis)	1	713801	98.6082
fieuw N(soort,ev,basis,onz,stan)	1	713802	98.6083
fiette WW(pv,verl,ev)	1	713803	98.6085
fietswinkel N(soort,ev,basis,zijd,stan)	1	713804	98.6086
fietsweer N(soort,ev,basis,onz,stan)	1	713805	98.6087
fietsvriendelijk ADJ(prenom,basis,met-e,stan)	1	713806	98.6089
fietsvork N(soort,ev,basis,zijd,stan)	1	713807	98.609
fietsvergoeding N(soort,ev,basis,zijd,stan)	1	713808	98.6092
fietstunnel N(soort,ev,basis,zijd,stan)	1	713809	98.6093
fietsslot N(soort,ev,basis,onz,stan)	1	713810	98.6094
fietssleutel N(soort,ev,basis,zijd,stan)	1	713811	98.6096
fietsroute N(soort,mv,basis)	1	713812	98.6097
fietsrek N(soort,ev,basis,onz,stan)	1	713813	98.6098
fietsprobleem N(soort,mv,basis)	1	713814	98.61
fietsplezier N(soort,ev,basis,zijd,stan)	1	713815	98.6101
fietslicht N(soort,mv,basis)	1	713816	98.6103
fietsgps N(soort,ev,basis,onz,stan)	1	713817	98.6104
fietsenspeciaalzaak N(soort,ev,basis,zijd,stan)	1	713818	98.6105
fietsenmaker N(soort,ev,dim,onz,stan)	1	713819	98.6107
fietsenkelder N(soort,ev,basis,zijd,stan)	1	713820	98.6108
fietsen WW(vd,prenom,zonder)	1	713821	98.6109
fietsen WW(pv,tgw,mv)	1	713822	98.6111
fietsen WW(od,vrij,zonder)	1	713823	98.6112
fietse N(soort,ev,basis,zijd,stan)	1	713824	98.6114
fietsbel N(soort,ev,basis,zijd,stan)	1	713825	98.6115
fietsband N(soort,mv,basis)	1	713826	98.6116
fiets N(soort,ev,dim,onz,stan)	1	713827	98.6118
fietel N(soort,ev,basis,zijd,stan)	1	713828	98.6119
fiete WW(pv,verl,ev)	1	713829	98.6121
fieta N(soort,ev,basis,zijd,stan)	1	713830	98.6122
fiet ADJ(prenom,basis,met-e,stan)	1	713831	98.6123
fieste WW(vd,prenom,met-e)	1	713832	98.6125
fieste WW(pv,verl,ev)	1	713833	98.6126
fieste N(soort,ev,basis,zijd,stan)	1	713834	98.6127
fiesta N(soort,ev,basis,zijd,stan)	1	713835	98.6129
fiesenmaker N(soort,ev,basis,zijd,stan)	1	713836	98.613
fier N(soort,ev,basis,onz,stan)	1	713837	98.6132
fien ADJ(vrij,basis,zonder)	1	713838	98.6133
fields SPEC(vreemd)	1	713839	98.6134
fie N(soort,mv,basis)	1	713840	98.6136
fictie N(soort,ev,basis,zijd,stan)	1	713841	98.6137
fiche N(soort,ev,basis,genus,stan)	1	713842	98.6139
fiat N(soort,ev,basis,zijd,stan)	1	713843	98.614
fiasco N(soort,ev,basis,onz,stan)	1	713844	98.6141
fgw N(soort,ev,basis,zijd,stan)	1	713845	98.6143
ffrom WW(pv,tgw,ev)	1	713846	98.6144
ffe N(soort,ev,basis,zijd,stan)	1	713847	98.6145
ff VG(neven)	1	713848	98.6147
ff ADJ(prenom,basis,zonder)	1	713849	98.6148
feyenoord N(soort,ev,basis,zijd,stan)	1	713850	98.615
fey SPEC(vreemd)	1	713851	98.6151
feut N(soort,ev,basis,zijd,stan)	1	713852	98.6152
feture N(soort,ev,basis,zijd,stan)	1	713853	98.6154
fetch SPEC(vreemd)	1	713854	98.6155
feta SPEC(vreemd)	1	713855	98.6156
fet N(soort,ev,basis,onz,stan)	1	713856	98.6158
festiviteit N(soort,mv,basis)	1	713857	98.6159
festivalweekend N(soort,ev,basis,onz,stan)	1	713858	98.6161
festivaltime N(soort,ev,basis,zijd,stan)	1	713859	98.6162
festivalterrein N(soort,ev,basis,onz,stan)	1	713860	98.6163
festivalconcert N(soort,ev,basis,zijd,stan)	1	713861	98.6165
festivalcafÃ© N(soort,ev,dim,onz,stan)	1	713862	98.6166
festivalbezoek ADJ(vrij,basis,zonder)	1	713863	98.6168
festijn N(soort,ev,basis,onz,stan)	1	713864	98.6169
ferreira N(soort,ev,basis,zijd,stan)	1	713865	98.617
ferre N(soort,ev,basis,zijd,stan)	1	713866	98.6172
ferrari N(soort,ev,basis,zijd,stan)	1	713867	98.6173
ferm ADJ(prenom,basis,zonder)	1	713868	98.6174
fenpruver N(soort,mv,basis)	1	713869	98.6176
fenomenaal ADJ(vrij,basis,zonder)	1	713870	98.6177
fenomenaal ADJ(prenom,basis,met-e,stan)	1	713871	98.6179
fenomeen N(soort,ev,basis,onz,stan)	1	713872	98.618
fenna N(soort,ev,basis,onz,stan)	1	713873	98.6181
femke VNW(pr,pron,obl,nadr,1,ev)	1	713874	98.6183
femke ADJ(prenom,basis,met-e,stan)	1	713875	98.6184
feminine SPEC(vreemd)	1	713876	98.6185
feminemaal N(soort,ev,basis,zijd,stan)	1	713877	98.6187
female SPEC(vreemd)	1	713878	98.6188
felrood ADJ(prenom,basis,met-e,stan)	1	713879	98.619
fell N(soort,ev,basis,onz,stan)	1	713880	98.6191
felixiteren WW(vd,vrij,zonder)	1	713881	98.6192
felix SPEC(vreemd)	1	713882	98.6194
felicteren WW(vd,vrij,zonder)	1	713883	98.6195
feliciteerd TW(hoofd,prenom,stan)	1	713884	98.6197
feliciteeeren WW(vd,vrij,zonder)	1	713885	98.6198
felicitatie N(soort,ev,basis,zijd,stan)	1	713886	98.6199
felicitaciones N(soort,mv,basis)	1	713887	98.6201
feleliciteren WW(vd,vrij,zonder)	1	713888	98.6202
felefoon N(soort,ev,basis,zijd,stan)	1	713889	98.6203
fel-turquise N(soort,ev,basis,zijd,stan)	1	713890	98.6205
fel ADJ(prenom,basis,met-e,stan)	1	713891	98.6206
feit N(soort,mv,basis)	1	713892	98.6208
feit N(soort,ev,dim,onz,stan)	1	713893	98.6209
fefeliciteerd N(soort,ev,basis,zijd,stan)	1	713894	98.621
feet SPEC(vreemd)	1	713895	98.6212
feestze ADJ(vrij,basis,zonder)	1	713896	98.6213
feestweek N(soort,ev,basis,zijd,stan)	1	713897	98.6214
feestvereniging N(soort,ev,basis,zijd,stan)	1	713898	98.6216
feestuh ADJ(vrij,basis,zonder)	1	713899	98.6217
feeststemming N(soort,ev,basis,zijd,stan)	1	713900	98.6219
feestpagina N(soort,ev,basis,zijd,stan)	1	713901	98.622
feestnummer N(soort,ev,basis,onz,stan)	1	713902	98.6221
feestmuziek N(soort,ev,basis,zijd,stan)	1	713903	98.6223
feestjuh SPEC(vreemd)	1	713904	98.6224
feestimago N(soort,ev,basis,zijd,stan)	1	713905	98.6226
feestgedoe N(soort,ev,basis,zijd,stan)	1	713906	98.6227
feestfestijn N(soort,ev,basis,zijd,stan)	1	713907	98.6228
feesteuh ADJ(vrij,basis,zonder)	1	713908	98.623
feesten WW(inf,vrij,zonder)	1	713909	98.6231
feestelijkheid N(soort,mv,basis)	1	713910	98.6232
feestelijk ADJ(vrij,basis,zonder)	1	713911	98.6234
feestelijk ADJ(prenom,basis,met-e,stan)	1	713912	98.6235
feesteeeuuuuh ADJ(vrij,basis,zonder)	1	713913	98.6237
feestding N(soort,ev,basis,zijd,stan)	1	713914	98.6238
feestcommissie N(soort,ev,basis,zijd,stan)	1	713915	98.6239
feestbeest N(soort,ev,basis,zijd,stan)	1	713916	98.6241
feesie N(soort,ev,basis,zijd,stan)	1	713917	98.6242
fees ADJ(nom,sup,met-e,zonder-n,stan)	1	713918	98.6244
feels SPEC(vreemd)	1	713919	98.6245
feedbacken WW(inf,nom,zonder,zonder-n)	1	713920	98.6246
feedbacken N(soort,mv,basis)	1	713921	98.6248
feed SPEC(vreemd)	1	713922	98.6249
fee N(soort,ev,dim,onz,stan)	1	713923	98.625
federer N(soort,ev,basis,zijd,stan)	1	713924	98.6252
feden WW(pv,verl,ev)	1	713925	98.6253
fed SPEC(vreemd)	1	713926	98.6255
february SPEC(vreemd)	1	713927	98.6256
februarirevolutie N(soort,ev,basis,zijd,stan)	1	713928	98.6257
febr N(soort,ev,basis,zijd,stan)	1	713929	98.6259
feb. SPEC(afk)	1	713930	98.626
feautuil N(soort,mv,basis)	1	713931	98.6261
fear N(soort,ev,basis,zijd,stan)	1	713932	98.6263
fdtoets N(soort,mv,basis)	1	713933	98.6264
fdat VG(onder)	1	713934	98.6266
fck N(soort,ev,basis,zijd,stan)	1	713935	98.6267
fc N(soort,ev,basis,zijd,stan)	1	713936	98.6268
fb WW(pv,verl,ev)	1	713937	98.627
fb WW(pv,tgw,met-t)	1	713938	98.6271
fb ADJ(prenom,basis,zonder)	1	713939	98.6273
fazeken N(soort,mv,basis)	1	713940	98.6274
faxen WW(inf,vrij,zonder)	1	713941	98.6275
favorite SPEC(vreemd)	1	713942	98.6277
favoriet N(soort,mv,basis)	1	713943	98.6278
favoriet N(soort,ev,basis,zijd,stan)	1	713944	98.6279
fauwie N(soort,ev,basis,zijd,stan)	1	713945	98.6281
fauteuil N(soort,ev,basis,zijd,stan)	1	713946	98.6282
father SPEC(vreemd)	1	713947	98.6284
fataal ADJ(vrij,basis,zonder)	1	713948	98.6285
fataal ADJ(prenom,basis,met-e,stan)	1	713949	98.6286
fat SPEC(vreemd)	1	713950	98.6288
fasor N(soort,ev,basis,zijd,stan)	1	713951	98.6289
fashionisto N(soort,ev,basis,zijd,stan)	1	713952	98.629
fashionably SPEC(vreemd)	1	713953	98.6292
fashion N(soort,ev,basis,zijd,stan)	1	713954	98.6293
fase N(soort,mv,basis)	1	713955	98.6295
fascade N(soort,ev,basis,zijd,stan)	1	713956	98.6296
farmville SPEC(vreemd)	1	713957	98.6297
farmer N(soort,mv,basis)	1	713958	98.6299
fapfapfap N(soort,ev,basis,zijd,stan)	1	713959	98.63
fantasialand N(soort,ev,basis,zijd,stan)	1	713960	98.6302
fantaseren WW(pv,verl,ev)	1	713961	98.6303
fanta N(soort,ev,basis,zijd,stan)	1	713962	98.6304
fansite N(soort,ev,basis,zijd,stan)	1	713963	98.6306
fanny N(soort,ev,basis,zijd,stan)	1	713964	98.6307
fang SPEC(vreemd)	1	713965	98.6308
fan N(soort,mv,basis)	1	713966	98.631
famous SPEC(vreemd)	1	713967	98.6311
familieweekend N(soort,ev,basis,onz,stan)	1	713968	98.6313
familiewapen N(soort,mv,basis)	1	713969	98.6314
familieverplichting N(soort,mv,basis)	1	713970	98.6315
familieshizzle N(soort,ev,basis,zijd,stan)	1	713971	98.6317
familienaam N(soort,ev,basis,zijd,stan)	1	713972	98.6318
familiefeest N(soort,mv,basis)	1	713973	98.6319
familieding N(soort,ev,dim,onz,stan)	1	713974	98.6321
familieding N(soort,ev,basis,zijd,stan)	1	713975	98.6322
familie N(soort,mv,basis)	1	713976	98.6324
familiaal ADJ(prenom,basis,met-e,stan)	1	713977	98.6325
famiglia N(soort,mv,basis)	1	713978	98.6326
fame N(soort,ev,basis,onz,stan)	1	713979	98.6328
famdag N(soort,ev,basis,zijd,stan)	1	713980	98.6329
famdag ADJ(vrij,basis,zonder)	1	713981	98.6331
fam WW(pv,verl,ev)	1	713982	98.6332
fam VZ(init)	1	713983	98.6333
fam SPEC(vreemd)	1	713984	98.6335
fals N(soort,mv,basis)	1	713985	98.6336
fallen WW(inf,vrij,zonder)	1	713986	98.6337
fallen SPEC(vreemd)	1	713987	98.6339
fall SPEC(vreemd)	1	713988	98.634
falica N(soort,ev,basis,zijd,stan)	1	713989	98.6342
faler N(soort,ev,basis,onz,stan)	1	713990	98.6343
falen WW(pv,tgw,met-t)	1	713991	98.6344
falen WW(pv,tgw,ev)	1	713992	98.6346
falconrock N(soort,ev,basis,zijd,stan)	1	713993	98.6347
falcksvej N(soort,ev,basis,zijd,stan)	1	713994	98.6348
falafel N(soort,ev,basis,zijd,stan)	1	713995	98.635
fakking N(soort,ev,basis,zijd,stan)	1	713996	98.6351
fakir N(soort,ev,basis,zijd,stan)	1	713997	98.6353
fake ADJ(prenom,basis,met-e,stan)	1	713998	98.6354
fak N(soort,ev,basis,zijd,stan)	1	713999	98.6355
fak N(soort,ev,basis,onz,stan)	1	714000	98.6357
faithless SPEC(vreemd)	1	714001	98.6358
fair SPEC(vreemd)	1	714002	98.636
fail SPEC(vreemd)	1	714003	98.6361
fail N(soort,ev,basis,onz,stan)	1	714004	98.6362
fail ADJ(vrij,basis,zonder)	1	714005	98.6364
factuurbedrag N(soort,ev,basis,onz,stan)	1	714006	98.6365
factor N(soort,ev,basis,zijd,stan)	1	714007	98.6366
fack N(soort,ev,basis,zijd,stan)	1	714008	98.6368
facing SPEC(vreemd)	1	714009	98.6369
faciliteit N(soort,mv,basis)	1	714010	98.6371
fache ADJ(prenom,basis,met-e,stan)	1	714011	98.6372
facet SPEC(vreemd)	1	714012	98.6373
facebookvriend N(soort,ev,basis,zijd,stan)	1	714013	98.6375
facebookupdate N(soort,mv,basis)	1	714014	98.6376
facebookintegratie N(soort,ev,basis,zijd,stan)	1	714015	98.6378
facebooken N(soort,mv,basis)	1	714016	98.6379
facebookchat SPEC(deeleigen)	1	714017	98.638
facebookbericht WW(vd,vrij,zonder)	1	714018	98.6382
facebookbericht N(soort,mv,basis)	1	714019	98.6383
facebookbericht N(soort,ev,dim,onz,stan)	1	714020	98.6384
facebook VG(onder)	1	714021	98.6386
facebook SPEC(vreemd)	1	714022	98.6387
facebook ADJ(prenom,basis,zonder)	1	714023	98.6389
facavond ADJ(vrij,basis,zonder)	1	714024	98.639
fabriek N(soort,ev,dim,onz,stan)	1	714025	98.6391
faboor N(soort,ev,basis,zijd,stan)	1	714026	98.6393
fabeltastishe ADJ(prenom,basis,met-e,stan)	1	714027	98.6394
faalhond WW(pv,verl,ev)	1	714028	98.6395
faalbokaalpunt N(soort,ev,dim,onz,stan)	1	714029	98.6397
fa N(soort,ev,basis,onz,stan)	1	714030	98.6398
f. SPEC(afk)	1	714031	98.64
eÃ©n TW(hoofd,prenom,stan)	1	714032	98.6401
eyeliner N(soort,ev,basis,zijd,stan)	1	714033	98.6402
eyck N(soort,ev,basis,zijd,stan)	1	714034	98.6404
ey N(soort,mv,basis)	1	714035	98.6405
exvriend N(soort,ev,dim,onz,stan)	1	714036	98.6407
exuse N(soort,mv,basis)	1	714037	98.6408
extreem ADJ(prenom,basis,zonder)	1	714038	98.6409
extras-devel N(soort,ev,basis,onz,stan)	1	714039	98.6411
extras SPEC(vreemd)	1	714040	98.6412
extragratis N(soort,ev,basis,zijd,stan)	1	714041	98.6413
extract N(soort,ev,basis,onz,stan)	1	714042	98.6415
extra-mega-jacht N(soort,ev,basis,onz,stan)	1	714043	98.6416
extra ADJ(nom,basis,zonder,zonder-n)	1	714044	98.6418
extern ADJ(vrij,basis,zonder)	1	714045	98.6419
extern ADJ(nom,basis,met-e,zonder-n,stan)	1	714046	98.642
extensie N(soort,ev,basis,zijd,stan)	1	714047	98.6422
extended SPEC(vreemd)	1	714048	98.6423
ext WW(pv,tgw,met-t)	1	714049	98.6424
exras-devel N(soort,ev,basis,zijd,stan)	1	714050	98.6426
exqibhebben WW(pv,tgw,ev)	1	714051	98.6427
exqi N(soort,ev,basis,zijd,stan)	1	714052	98.6429
exqi N(soort,ev,basis,onz,stan)	1	714053	98.643
express SPEC(vreemd)	1	714054	98.6431
exposition SPEC(vreemd)	1	714055	98.6433
exporteren WW(inf,vrij,zonder)	1	714056	98.6434
export N(soort,mv,dim)	1	714057	98.6436
export N(soort,ev,basis,zijd,stan)	1	714058	98.6437
exploration SPEC(vreemd)	1	714059	98.6438
expliquer N(soort,ev,basis,zijd,stan)	1	714060	98.644
explanation SPEC(vreemd)	1	714061	98.6441
explaining SPEC(vreemd)	1	714062	98.6442
explained SPEC(vreemd)	1	714063	98.6444
explain SPEC(deeleigen)	1	714064	98.6445
expertxd N(soort,ev,basis,zijd,stan)	1	714065	98.6447
expert N(soort,ev,basis,zijd,stan)	1	714066	98.6448
experimenteren WW(inf,vrij,zonder)	1	714067	98.6449
experimenteren WW(inf,nom,zonder,zonder-n)	1	714068	98.6451
experimenteel BW()	1	714069	98.6452
experimenteel ADJ(prenom,basis,met-e,stan)	1	714070	98.6453
experience SPEC(vreemd)	1	714071	98.6455
expendable N(soort,mv,basis)	1	714072	98.6456
expected WW(pv,verl,ev)	1	714073	98.6458
expected SPEC(vreemd)	1	714074	98.6459
expect WW(pv,tgw,met-t)	1	714075	98.646
expect SPEC(vreemd)	1	714076	98.6462
expat N(soort,mv,basis)	1	714077	98.6463
expat N(soort,ev,basis,zijd,stan)	1	714078	98.6465
expanding SPEC(vreemd)	1	714079	98.6466
expand SPEC(vreemd)	1	714080	98.6467
exotisch ADJ(vrij,basis,zonder)	1	714081	98.6469
exotisch ADJ(prenom,basis,met-e,stan)	1	714082	98.647
exodus SPEC(deeleigen)	1	714083	98.6471
existentiel ADJ(prenom,basis,met-e,stan)	1	714084	98.6473
exercises SPEC(vreemd)	1	714085	98.6474
exept SPEC(vreemd)	1	714086	98.6476
exemplaar N(soort,mv,basis)	1	714087	98.6477
excuseren WW(pv,tgw,met-t)	1	714088	98.6478
excus N(soort,mv,basis)	1	714089	98.648
excu N(soort,ev,basis,onz,stan)	1	714090	98.6481
exclusief ADJ(vrij,comp,zonder)	1	714091	98.6482
exclusief ADJ(vrij,basis,zonder)	1	714092	98.6484
excl N(soort,ev,basis,zijd,stan)	1	714093	98.6485
excited N(soort,ev,basis,onz,stan)	1	714094	98.6487
except WW(pv,tgw,met-t)	1	714095	98.6488
excelplezier ADJ(vrij,comp,zonder)	1	714096	98.6489
excelfiles N(soort,ev,basis,zijd,stan)	1	714097	98.6491
excel ADJ(prenom,basis,zonder)	1	714098	98.6492
exceeding SPEC(vreemd)	1	714099	98.6494
exbestuursgenoot N(soort,mv,dim)	1	714100	98.6495
examenklas N(soort,mv,basis)	1	714101	98.6496
examencommissie N(soort,ev,basis,zijd,stan)	1	714102	98.6498
exam WW(pv,verl,ev)	1	714103	98.6499
exam SPEC(deeleigen)	1	714104	98.65
exactly SPEC(vreemd)	1	714105	98.6502
exactement SPEC(vreemd)	1	714106	98.6503
exact ADJ(prenom,basis,zonder)	1	714107	98.6505
ex. SPEC(afk)	1	714108	98.6506
ex-roomie N(soort,mv,basis)	1	714109	98.6507
ex-half-neef SPEC(vreemd)	1	714110	98.6509
ex-collega N(soort,ev,basis,zijd,stan)	1	714111	98.651
ex-buurman N(soort,ev,basis,zijd,stan)	1	714112	98.6512
ex-buurjongen N(soort,mv,basis)	1	714113	98.6513
ex-buur N(soort,mv,basis)	1	714114	98.6514
ex-buur N(soort,ev,basis,zijd,stan)	1	714115	98.6516
ex-barman N(soort,ev,basis,zijd,stan)	1	714116	98.6517
ex-baas N(soort,ev,basis,zijd,stan)	1	714117	98.6518
ex N(soort,mv,basis)	1	714118	98.652
ex ADJ(prenom,basis,zonder)	1	714119	98.6521
ewout N(soort,ev,basis,zijd,stan)	1	714120	98.6523
ewn N(soort,mv,basis)	1	714121	98.6524
ewn N(soort,ev,basis,zijd,stan)	1	714122	98.6525
ewelja SPEC(vreemd)	1	714123	98.6527
ewel ADJ(vrij,basis,zonder)	1	714124	98.6528
ewa N(soort,ev,basis,zijd,stan)	1	714125	98.6529
evy WW(pv,tgw,ev)	1	714126	98.6531
evy SPEC(vreemd)	1	714127	98.6532
evy SPEC(deeleigen)	1	714128	98.6534
evy N(soort,mv,basis)	1	714129	98.6535
evy N(soort,ev,basis,onz,stan)	1	714130	98.6536
evt ADJ(vrij,sup,zonder)	1	714131	98.6538
evio SPEC(deeleigen)	1	714132	98.6539
evidence SPEC(vreemd)	1	714133	98.6541
everytzing SPEC(vreemd)	1	714134	98.6542
everest WW(vd,vrij,zonder)	1	714135	98.6543
evenveel TW(hoofd,vrij)	1	714136	98.6545
eventue N(soort,ev,basis,zijd,stan)	1	714137	98.6546
eventually N(soort,ev,basis,zijd,stan)	1	714138	98.6547
evenmin BW()	1	714139	98.6549
evengoed BW()	1	714140	98.655
eveneens BW()	1	714141	98.6552
even.to SPEC(symb)	1	714142	98.6553
even ADJ(nom,basis,zonder,zonder-n)	1	714143	98.6554
evelientje N(soort,ev,dim,onz,stan)	1	714144	98.6556
evelienies N(soort,mv,basis)	1	714145	98.6557
eve WW(pv,verl,ev)	1	714146	98.6558
eve BW()	1	714147	98.656
evangelisch ADJ(vrij,basis,zonder)	1	714148	98.6561
evalueren WW(vd,vrij,zonder)	1	714149	98.6563
evaluatievergadering N(soort,ev,basis,zijd,stan)	1	714150	98.6564
evacuatie N(soort,ev,basis,zijd,stan)	1	714151	98.6565
eva SPEC(symb)	1	714152	98.6567
eva N(soort,ev,basis,onz,stan)	1	714153	98.6568
ev SPEC(afk)	1	714154	98.657
eurostarding SPEC(vreemd)	1	714155	98.6571
euros N(soort,ev,basis,zijd,stan)	1	714156	98.6572
europetrip N(soort,ev,basis,onz,stan)	1	714157	98.6574
europees ADJ(prenom,basis,met-e,stan)	1	714158	98.6575
europees ADJ(postnom,basis,zonder)	1	714159	98.6576
europees ADJ(nom,basis,zonder,zonder-n)	1	714160	98.6578
europeans SPEC(vreemd)	1	714161	98.6579
europ N(soort,ev,basis,zijd,stan)	1	714162	98.6581
euromossel N(soort,ev,basis,zijd,stan)	1	714163	98.6582
euromillions N(soort,mv,basis)	1	714164	98.6583
euromast N(soort,ev,basis,zijd,stan)	1	714165	98.6585
euri SPEC(vreemd)	1	714166	98.6586
euri SPEC(deeleigen)	1	714167	98.6587
euri N(soort,ev,basis,zijd,stan)	1	714168	98.6589
eur ADJ(prenom,basis,zonder)	1	714169	98.659
eupen-westerlo N(soort,ev,basis,zijd,stan)	1	714170	98.6592
eulo SPEC(vreemd)	1	714171	98.6593
euj N(soort,ev,basis,zijd,stan)	1	714172	98.6594
euhmmmm N(soort,ev,basis,onz,stan)	1	714173	98.6596
euhmm N(soort,ev,basis,zijd,stan)	1	714174	98.6597
euh ADJ(prenom,basis,zonder)	1	714175	98.6599
eu-standpunt N(soort,ev,basis,zijd,stan)	1	714176	98.66
eu ADJ(vrij,basis,zonder)	1	714177	98.6601
etudie N(soort,ev,basis,zijd,stan)	1	714178	98.6603
etter N(soort,mv,dim)	1	714179	98.6604
etter N(soort,ev,dim,onz,stan)	1	714180	98.6605
etter N(soort,ev,basis,zijd,stan)	1	714181	98.6607
etten-leurs ADJ(prenom,basis,zonder)	1	714182	98.6608
etten-leurs ADJ(prenom,basis,met-e,stan)	1	714183	98.661
ets N(soort,ev,basis,onz,stan)	1	714184	98.6611
etn N(soort,ev,basis,zijd,stan)	1	714185	98.6612
ethisch ADJ(prenom,basis,met-e,stan)	1	714186	98.6614
etes SPEC(vreemd)	1	714187	98.6615
eter N(soort,ev,basis,zijd,stan)	1	714188	98.6616
etenxd ADJ(prenom,basis,zonder)	1	714189	98.6618
etenje N(soort,ev,dim,onz,stan)	1	714190	98.6619
eten-argument N(soort,ev,basis,onz,stan)	1	714191	98.6621
eten+ WW(od,prenom,zonder)	1	714192	98.6622
etelijk ADJ(vrij,basis,zonder)	1	714193	98.6623
etcxd N(soort,ev,basis,zijd,stan)	1	714194	98.6625
esthetisch ADJ(prenom,basis,zonder)	1	714195	98.6626
esther N(soort,ev,basis,zijd,stan)	1	714196	98.6628
ester N(soort,ev,basis,zijd,stan)	1	714197	98.6629
estelle SPEC(vreemd)	1	714198	98.663
esta-aanvraag N(soort,ev,basis,zijd,stan)	1	714199	98.6632
esta SPEC(vreemd)	1	714200	98.6633
est-il SPEC(vreemd)	1	714201	98.6634
est-ce SPEC(vreemd)	1	714202	98.6636
essuie-glace SPEC(vreemd)	1	714203	98.6637
essay SPEC(vreemd)	1	714204	98.6639
espressoautomaat WW(pv,tgw,met-t)	1	714205	98.664
espresso SPEC(vreemd)	1	714206	98.6641
esplanadeplein N(soort,ev,basis,onz,stan)	1	714207	98.6643
esplanade N(soort,ev,basis,zijd,stan)	1	714208	98.6644
espla N(soort,mv,basis)	1	714209	98.6646
espere ADJ(prenom,basis,met-e,stan)	1	714210	98.6647
especially SPEC(vreemd)	1	714211	98.6648
esmee N(soort,ev,basis,onz,stan)	1	714212	98.665
esmee ADJ(prenom,basis,met-e,stan)	1	714213	98.6651
escortservice N(soort,ev,basis,zijd,stan)	1	714214	98.6652
escortmeisje N(soort,ev,dim,onz,stan)	1	714215	98.6654
escorteren WW(inf,vrij,zonder)	1	714216	98.6655
escaleren WW(vd,vrij,zonder)	1	714217	98.6657
esc N(soort,ev,basis,zijd,stan)	1	714218	98.6658
es SPEC(afk)	1	714219	98.6659
erwt N(soort,mv,basis)	1	714220	98.6661
erwin N(soort,ev,basis,zijd,stan)	1	714221	98.6662
ervaar N(soort,ev,basis,zijd,stan)	1	714222	98.6663
ertegenaan BW()	1	714223	98.6665
ertegen BW()	1	714224	98.6666
errug ADJ(vrij,basis,zonder)	1	714225	98.6668
errrr N(soort,ev,basis,zijd,stan)	1	714226	98.6669
errrg ADJ(vrij,basis,zonder)	1	714227	98.667
errr N(soort,ev,basis,zijd,stan)	1	714228	98.6672
errors SPEC(vreemd)	1	714229	98.6673
error N(soort,mv,basis)	1	714230	98.6675
errond BW()	1	714231	98.6676
erreichst SPEC(vreemd)	1	714232	98.6677
erpel N(soort,ev,basis,zijd,stan)	1	714233	98.6679
eroverheen BW()	1	714234	98.668
erotomanie N(soort,ev,basis,zijd,stan)	1	714235	98.6681
eromheen BW()	1	714236	98.6683
ernstig ADJ(prenom,basis,zonder)	1	714237	98.6684
ernst N(soort,ev,basis,zijd,stan)	1	714238	98.6686
ernesto N(soort,ev,basis,zijd,stan)	1	714239	98.6687
ernaat ADJ(vrij,basis,zonder)	1	714240	98.6688
ernaartoe BW()	1	714241	98.669
erna VZ(fin)	1	714242	98.6691
ern N(soort,mv,basis)	1	714243	98.6692
ermelo N(soort,ev,basis,zijd,stan)	1	714244	98.6694
erme N(soort,ev,basis,onz,stan)	1	714245	98.6695
erkennen WW(vd,prenom,met-e)	1	714246	98.6697
erkennen WW(inf,vrij,zonder)	1	714247	98.6698
erika SPEC(deeleigen)	1	714248	98.6699
erik WW(pv,verl,ev)	1	714249	98.6701
erik N(soort,ev,basis,zijd,stan)	1	714250	98.6702
erik N(soort,ev,basis,onz,stan)	1	714251	98.6704
erik BW()	1	714252	98.6705
eric SPEC(vreemd)	1	714253	98.6706
ergeren WW(vd,vrij,zonder)	1	714254	98.6708
ergeren WW(pv,tgw,met-t)	1	714255	98.6709
ergeren WW(pv,tgw,ev)	1	714256	98.671
ergeren WW(inf,vrij,zonder)	1	714257	98.6712
erg.wat ADJ(vrij,basis,zonder)	1	714258	98.6713
erg ADJ(prenom,sup,met-e,stan)	1	714259	98.6715
erg ADJ(prenom,basis,zonder)	1	714260	98.6716
erg ADJ(postnom,comp,met-s)	1	714261	98.6717
erg ADJ(nom,basis,met-e,zonder-n,stan)	1	714262	98.6719
erf N(soort,ev,basis,onz,stan)	1	714263	98.672
erelid N(soort,mv,basis)	1	714264	98.6721
erelid N(soort,ev,basis,zijd,stan)	1	714265	98.6723
erelid N(soort,ev,basis,onz,stan)	1	714266	98.6724
eregarde N(soort,ev,basis,zijd,stan)	1	714267	98.6726
eredoctoraat N(soort,ev,basis,onz,stan)	1	714268	98.6727
eredivisie N(soort,ev,basis,zijd,stan)	1	714269	98.6728
erectus N(soort,ev,basis,zijd,stan)	1	714270	98.673
erby SPEC(vreemd)	1	714271	98.6731
erbovenop BW()	1	714272	98.6733
erbij VZ(fin)	1	714273	98.6734
erbarmelijk ADJ(prenom,basis,met-e,stan)	1	714274	98.6735
erasmus N(soort,ev,basis,zijd,stan)	1	714275	98.6737
erachterrijden WW(inf,vrij,zonder)	1	714276	98.6738
eraan N(soort,ev,basis,onz,stan)	1	714277	98.6739
er N(soort,ev,basis,onz,stan)	1	714278	98.6741
epo SPEC(vreemd)	1	714279	98.6742
episode N(soort,mv,basis)	1	714280	98.6744
episode N(soort,ev,basis,zijd,stan)	1	714281	98.6745
epic N(soort,ev,basis,onz,stan)	1	714282	98.6746
ep N(soort,mv,basis)	1	714283	98.6748
ep N(soort,ev,basis,zijd,stan)	1	714284	98.6749
eos N(soort,ev,basis,zijd,stan)	1	714285	98.675
enzovoort BW()	1	714286	98.6752
environmental N(soort,ev,basis,zijd,stan)	1	714287	98.6753
envie N(soort,ev,basis,zijd,stan)	1	714288	98.6755
enveloppe N(soort,mv,basis)	1	714289	98.6756
entrepreneurial SPEC(vreemd)	1	714290	98.6757
entrance N(soort,ev,basis,zijd,stan)	1	714291	98.6759
entirely SPEC(vreemd)	1	714292	98.676
enthusiasm N(soort,ev,basis,zijd,stan)	1	714293	98.6762
enthausiast ADJ(vrij,basis,zonder)	1	714294	98.6763
enterprice N(soort,ev,basis,zijd,stan)	1	714295	98.6764
entering SPEC(vreemd)	1	714296	98.6766
enten WW(vd,vrij,zonder)	1	714297	98.6767
ent N(soort,ev,basis,onz,stan)	1	714298	98.6768
ensemble N(soort,ev,basis,onz,stan)	1	714299	98.677
enschot N(soort,ev,basis,zijd,stan)	1	714300	98.6771
enschedese N(soort,ev,basis,zijd,stan)	1	714301	98.6773
enschedees ADJ(nom,basis,met-e,zonder-n,stan)	1	714302	98.6774
enschede ADJ(prenom,basis,met-e,stan)	1	714303	98.6775
enquÃªte N(soort,mv,basis)	1	714304	98.6777
enqueteverslag N(soort,mv,basis)	1	714305	98.6778
enom N(soort,ev,basis,onz,stan)	1	714306	98.678
ennuh N(soort,ev,basis,onz,stan)	1	714307	98.6781
ennn N(soort,ev,basis,onz,stan)	1	714308	98.6782
enneuuh TSW()	1	714309	98.6784
enneh N(soort,ev,basis,zijd,stan)	1	714310	98.6785
enneh N(soort,ev,basis,onz,stan)	1	714311	98.6786
enmarije N(soort,ev,dim,onz,stan)	1	714312	98.6788
enkelband N(soort,mv,basis)	1	714313	98.6789
enkelband N(soort,ev,basis,zijd,stan)	1	714314	98.6791
enjoying SPEC(vreemd)	1	714315	98.6792
enjoyable SPEC(vreemd)	1	714316	98.6793
enjoy SPEC(deeleigen)	1	714317	98.6795
enjah SPEC(vreemd)	1	714318	98.6796
enja N(soort,ev,basis,zijd,stan)	1	714319	98.6797
enigst ADJ(dial)	1	714320	98.6799
enige N(soort,ev,basis,zijd,stan)	1	714321	98.68
enig VNW(onbep,det,stan,nom,met-e,mv-n)	1	714322	98.6802
enig ADJ(prenom,basis,met-e,stan)	1	714323	98.6803
english SPEC(deeleigen)	1	714324	98.6804
english N(soort,ev,basis,zijd,stan)	1	714325	98.6806
engineer SPEC(vreemd)	1	714326	98.6807
engineer N(soort,mv,basis)	1	714327	98.6809
engine SPEC(vreemd)	1	714328	98.681
engerd N(soort,ev,basis,zijd,stan)	1	714329	98.6811
engelsman SPEC(deeleigen)	1	714330	98.6813
engelsman N(soort,ev,basis,zijd,stan)	1	714331	98.6814
engelsen N(soort,mv,basis)	1	714332	98.6815
engels ADJ(prenom,basis,zonder)	1	714333	98.6817
engelaar ADJ(prenom,basis,zonder)	1	714334	98.6818
engefilmenfeest N(soort,ev,dim,onz,stan)	1	714335	98.682
eng ADJ(postnom,basis,met-s)	1	714336	98.6821
eneuh ADJ(vrij,basis,zonder)	1	714337	98.6822
enerveren WW(od,prenom,met-e)	1	714338	98.6824
energy SPEC(vreemd)	1	714339	98.6825
energieverkoper N(soort,ev,basis,zijd,stan)	1	714340	98.6826
energiek ADJ(vrij,basis,zonder)	1	714341	98.6828
energiedrank N(soort,ev,dim,onz,stan)	1	714342	98.6829
eneen N(soort,mv,basis)	1	714343	98.6831
endurance N(soort,ev,basis,zijd,stan)	1	714344	98.6832
endomondo N(soort,ev,basis,zijd,stan)	1	714345	98.6833
ended SPEC(vreemd)	1	714346	98.6835
encyclopedia SPEC(vreemd)	1	714347	98.6836
encounter N(soort,ev,basis,onz,stan)	1	714348	98.6838
encore SPEC(vreemd)	1	714349	98.6839
encore N(soort,ev,basis,zijd,stan)	1	714350	98.684
encoderen WW(inf,nom,zonder,zonder-n)	1	714351	98.6842
enben WW(vd,vrij,zonder)	1	714352	98.6843
enamoured SPEC(vreemd)	1	714353	98.6844
enalaatste TW(rang,prenom,stan)	1	714354	98.6846
enal WW(pv,verl,ev)	1	714355	98.6847
enal N(soort,ev,basis,zijd,stan)	1	714356	98.6849
en.nu SPEC(symb)	1	714357	98.685
en.ik SPEC(symb)	1	714358	98.6851
en.gij N(soort,ev,basis,zijd,stan)	1	714359	98.6853
empfohlene SPEC(deeleigen)	1	714360	98.6854
emotioneel ADJ(vrij,basis,zonder)	1	714361	98.6855
emotioneel ADJ(prenom,basis,met-e,stan)	1	714362	98.6857
emotie N(soort,mv,basis)	1	714363	98.6858
emo N(soort,ev,basis,onz,stan)	1	714364	98.686
emmer ADJ(prenom,basis,zonder)	1	714365	98.6861
emmenemmememmem N(soort,ev,basis,onz,stan)	1	714366	98.6862
emmen WW(pv,tgw,mv)	1	714367	98.6864
emmely SPEC(vreemd)	1	714368	98.6865
emme N(soort,ev,basis,onz,stan)	1	714369	98.6867
emigreren WW(inf,vrij,zonder)	1	714370	98.6868
emiel N(soort,ev,basis,zijd,stan)	1	714371	98.6869
embarrassing SPEC(vreemd)	1	714372	98.6871
emailed SPEC(deeleigen)	1	714373	98.6872
emailadres N(soort,ev,basis,zijd,stan)	1	714374	98.6873
email N(soort,mv,basis)	1	714375	98.6875
em VZ(init)	1	714376	98.6876
em N(soort,ev,basis,zijd,stan)	1	714377	98.6878
elza SPEC(deeleigen)	1	714378	98.6879
eltjo SPEC(vreemd)	1	714379	98.688
elsy N(soort,ev,basis,zijd,stan)	1	714380	98.6882
elsje N(soort,ev,basis,zijd,stan)	1	714381	98.6883
else's SPEC(vreemd)	1	714382	98.6884
els SPEC(vreemd)	1	714383	98.6886
elmosong N(soort,ev,basis,zijd,stan)	1	714384	98.6887
elmo SPEC(deeleigen)	1	714385	98.6889
ellow N(soort,ev,basis,zijd,stan)	1	714386	98.689
ello N(soort,mv,basis)	1	714387	98.6891
ello N(soort,ev,basis,zijd,stan)	1	714388	98.6893
ellis N(soort,ev,basis,onz,stan)	1	714389	98.6894
elliptisch ADJ(vrij,basis,zonder)	1	714390	98.6896
elles N(soort,mv,basis)	1	714391	98.6897
ellen N(soort,ev,dim,onz,stan)	1	714392	98.6898
elleboog N(soort,mv,basis)	1	714393	98.69
elkxal N(soort,ev,basis,onz,stan)	1	714394	98.6901
elkar N(soort,ev,basis,zijd,stan)	1	714395	98.6902
elizabeth SPEC(deeleigen)	1	714396	98.6904
elizabeth ADJ(prenom,basis,zonder)	1	714397	98.6905
eliza N(soort,ev,basis,zijd,stan)	1	714398	98.6907
elite-kroket ADJ(vrij,basis,zonder)	1	714399	98.6908
elisabethlaan N(soort,ev,basis,zijd,stan)	1	714400	98.6909
elisabeth SPEC(deeleigen)	1	714401	98.6911
elisa N(soort,mv,basis)	1	714402	98.6912
elis N(soort,ev,dim,onz,stan)	1	714403	98.6914
elimineren WW(inf,vrij,zonder)	1	714404	98.6915
elias SPEC(vreemd)	1	714405	98.6916
elfdeliniestraat ADJ(vrij,basis,zonder)	1	714406	98.6918
elf TW(rang,nom,zonder-n)	1	714407	98.6919
elf TW(hoofd,nom,mv-n,basis)	1	714408	98.692
elevtrisch ADJ(prenom,basis,met-e,stan)	1	714409	98.6922
eletriekkabel N(soort,ev,basis,onz,stan)	1	714410	98.6923
elephant WW(pv,tgw,met-t)	1	714411	98.6925
elena N(soort,ev,basis,zijd,stan)	1	714412	98.6926
elements SPEC(vreemd)	1	714413	98.6927
element N(soort,mv,basis)	1	714414	98.6929
elemen N(soort,mv,basis)	1	714415	98.693
elektrolyseren WW(inf,vrij,zonder)	1	714416	98.6931
elektriek N(soort,ev,basis,zijd,stan)	1	714417	98.6933
elektriciteit N(soort,ev,basis,zijd,stan)	1	714418	98.6934
elek N(soort,ev,basis,zijd,stan)	1	714419	98.6936
eleden WW(pv,verl,mv)	1	714420	98.6937
electro N(soort,mv,basis)	1	714421	98.6938
electricity SPEC(vreemd)	1	714422	98.694
electriciteit N(soort,ev,basis,zijd,stan)	1	714423	98.6941
eldi N(soort,ev,basis,zijd,stan)	1	714424	98.6943
elbo N(soort,ev,basis,zijd,stan)	1	714425	98.6944
elating N(soort,ev,basis,zijd,stan)	1	714426	98.6945
elastisch ADJ(prenom,basis,met-e,stan)	1	714427	98.6947
elas N(soort,ev,basis,zijd,stan)	1	714428	98.6948
eland N(soort,ev,basis,zijd,stan)	1	714429	98.6949
ekstra N(soort,mv,basis)	1	714430	98.6951
ekaar N(soort,ev,basis,zijd,stan)	1	714431	98.6952
ejr N(soort,mv,basis)	1	714432	98.6954
ej-vlucht N(soort,ev,basis,onz,stan)	1	714433	98.6955
eitruc N(soort,ev,basis,zijd,stan)	1	714434	98.6956
either ADJ(vrij,comp,zonder)	1	714435	98.6958
eiseter N(soort,ev,basis,zijd,stan)	1	714436	98.6959
eisen WW(pv,tgw,ev)	1	714437	98.696
eis N(soort,ev,basis,zijd,stan)	1	714438	98.6962
eip SPEC(vreemd)	1	714439	98.6963
einwandfrei N(soort,ev,basis,onz,stan)	1	714440	98.6965
einer SPEC(vreemd)	1	714441	98.6966
eindwerk N(soort,ev,basis,zijd,stan)	1	714442	98.6967
eindstation N(soort,ev,basis,onz,stan)	1	714443	98.6969
eindsprint N(soort,ev,basis,zijd,stan)	1	714444	98.697
eindresultaat N(soort,ev,basis,onz,stan)	1	714445	98.6972
eindpresentatie N(soort,ev,basis,zijd,stan)	1	714446	98.6973
eindnaar ADJ(prenom,basis,zonder)	1	714447	98.6974
eindmontage ADJ(prenom,basis,met-e,stan)	1	714448	98.6976
eindigen WW(inf,vrij,zonder)	1	714449	98.6977
eindig ADJ(prenom,basis,met-e,stan)	1	714450	98.6978
eindhoven-roermond N(soort,ev,basis,zijd,stan)	1	714451	98.698
eindfeest N(soort,ev,basis,zijd,stan)	1	714452	98.6981
eindelyk WW(pv,tgw,met-t)	1	714453	98.6983
eindejaarsbonus N(soort,ev,basis,zijd,stan)	1	714454	98.6984
einddossier N(soort,ev,basis,zijd,stan)	1	714455	98.6985
einddatum N(soort,ev,basis,zijd,stan)	1	714456	98.6987
eilaaa N(soort,ev,basis,zijd,stan)	1	714457	98.6988
eiken N(soort,ev,basis,onz,stan)	1	714458	98.6989
eikel N(soort,mv,basis)	1	714459	98.6991
eij N(soort,ev,basis,zijd,stan)	1	714460	98.6992
eigwnlijk ADJ(vrij,basis,zonder)	1	714461	98.6994
eignlk N(soort,ev,basis,zijd,stan)	1	714462	98.6995
eigl WW(vd,vrij,zonder)	1	714463	98.6996
eighty SPEC(vreemd)	1	714464	98.6998
eigentlijk ADJ(vrij,basis,zonder)	1	714465	98.6999
eigenschap N(soort,ev,basis,zijd,stan)	1	714466	98.7001
eigenlyk N(soort,ev,basis,onz,stan)	1	714467	98.7002
eigenlyk ADJ(vrij,basis,zonder)	1	714468	98.7003
eigenlijk ADJ(prenom,basis,zonder)	1	714469	98.7005
eigen ADJ(vrij,basis,zonder)	1	714470	98.7006
eigelyk N(soort,ev,basis,onz,stan)	1	714471	98.7007
eigelijk ADJ(vrij,basis,zonder)	1	714472	98.7009
eige ADJ(prenom,basis,met-e,stan)	1	714473	98.701
eig. SPEC(afk)	1	714474	98.7012
eig N(soort,ev,basis,onz,stan)	1	714475	98.7013
eiffeltorentickets N(soort,ev,basis,zijd,stan)	1	714476	98.7014
eierkoker N(soort,ev,basis,zijd,stan)	1	714477	98.7016
eierkoek N(soort,ev,basis,onz,stan)	1	714478	98.7017
eia N(soort,mv,basis)	1	714479	98.7018
ehm WW(pv,tgw,ev)	1	714480	98.702
ehm N(soort,ev,basis,onz,stan)	1	714481	98.7021
ehm ADJ(vrij,basis,zonder)	1	714482	98.7023
ehen SPEC(vreemd)	1	714483	98.7024
ehelft WW(vd,vrij,zonder)	1	714484	98.7025
ehbo-pakket N(soort,ev,dim,onz,stan)	1	714485	98.7027
ehbo-gerief N(soort,ev,basis,onz,stan)	1	714486	98.7028
ehbo N(soort,ev,basis,zijd,stan)	1	714487	98.703
ehbo ADJ(vrij,basis,zonder)	1	714488	98.7031
ehat WW(vd,vrij,zonder)	1	714489	98.7032
ehandswinkel WW(pv,verl,ev)	1	714490	98.7034
ehandswinkel N(soort,ev,basis,zijd,stan)	1	714491	98.7035
eh SPEC(deeleigen)	1	714492	98.7036
egyptian N(soort,ev,basis,zijd,stan)	1	714493	98.7038
ego SPEC(vreemd)	1	714494	98.7039
ego N(soort,ev,basis,onz,stan)	1	714495	98.7041
egel N(soort,ev,dim,onz,stan)	1	714496	98.7042
eg N(soort,ev,basis,zijd,stan)	1	714497	98.7043
efficiÃ«ntie N(soort,ev,basis,zijd,stan)	1	714498	98.7045
efficiÃ«nt ADJ(vrij,comp,zonder)	1	714499	98.7046
efficiÃ«nt ADJ(vrij,basis,zonder)	1	714500	98.7048
effenaar N(soort,ev,basis,zijd,stan)	1	714501	98.7049
eff WW(pv,tgw,met-t)	1	714502	98.705
ef ADJ(prenom,basis,met-e,stan)	1	714503	98.7052
eeuwigheid N(soort,ev,basis,zijd,stan)	1	714504	98.7053
eeuwige ADJ(vrij,basis,zonder)	1	714505	98.7054
eetze N(soort,ev,basis,zijd,stan)	1	714506	98.7056
eetwensen WW(inf,vrij,zonder)	1	714507	98.7057
eettent N(soort,ev,basis,zijd,stan)	1	714508	98.7059
eettafel N(soort,ev,basis,zijd,stan)	1	714509	98.706
eetsmakelijk ADJ(vrij,basis,zonder)	1	714510	98.7061
eetplan N(soort,ev,basis,zijd,stan)	1	714511	98.7063
eetlust N(soort,ev,basis,zijd,stan)	1	714512	98.7064
eetlepel N(soort,mv,basis)	1	714513	98.7065
eetkamerstoel N(soort,mv,basis)	1	714514	98.7067
eetkamer N(soort,ev,basis,zijd,stan)	1	714515	98.7068
eeteuh N(soort,ev,basis,onz,stan)	1	714516	98.707
eetdate ADJ(prenom,basis,met-e,stan)	1	714517	98.7071
eetcafe N(soort,ev,basis,zijd,stan)	1	714518	98.7072
eetcafe BW()	1	714519	98.7074
eetbaar ADJ(postnom,basis,met-s)	1	714520	98.7075
eetafspraak N(soort,ev,basis,zijd,stan)	1	714521	98.7077
eet-plan N(soort,ev,basis,onz,stan)	1	714522	98.7078
eet-date N(soort,mv,basis)	1	714523	98.7079
eet-date N(soort,ev,basis,zijd,stan)	1	714524	98.7081
eet-bezoek N(soort,ev,basis,zijd,stan)	1	714525	98.7082
eet-afspraak N(soort,ev,basis,zijd,stan)	1	714526	98.7083
eet BW()	1	714527	98.7085
eerstvolgend ADJ(prenom,basis,met-e,stan)	1	714528	98.7086
eerstejaarscommissie N(soort,ev,basis,zijd,stan)	1	714529	98.7088
eerste(n) N(soort,mv,basis)	1	714530	98.7089
eerste(n) N(soort,ev,basis,genus,stan)	1	714531	98.709
eersie N(soort,ev,basis,zijd,stan)	1	714532	98.7092
eerlijk ADJ(prenom,basis,met-e,stan)	1	714533	98.7093
eerbetoon N(soort,ev,basis,onz,stan)	1	714534	98.7094
eer VG(onder)	1	714535	98.7096
eer N(soort,ev,basis,dat)	1	714536	98.7097
eenzit N(soort,ev,basis,zijd,stan)	1	714537	98.7099
eenzijdig ADJ(prenom,basis,met-e,stan)	1	714538	98.71
eenvoudig ADJ(vrij,basis,zonder)	1	714539	98.7101
eenvoudig ADJ(prenom,basis,met-e,stan)	1	714540	98.7103
eentalig ADJ(vrij,basis,zonder)	1	714541	98.7104
eensgezindheid N(soort,ev,basis,zijd,stan)	1	714542	98.7106
eensch ADJ(vrij,basis,zonder)	1	714543	98.7107
eensaf ADJ(vrij,basis,zonder)	1	714544	98.7108
eennamooiste TW(rang,prenom,stan)	1	714545	98.711
eenmalig ADJ(prenom,basis,met-e,stan)	1	714546	98.7111
eenfeest ADJ(vrij,basis,zonder)	1	714547	98.7112
eenentwintig TW(hoofd,prenom,stan)	1	714548	98.7114
eeneiig ADJ(prenom,basis,met-e,stan)	1	714549	98.7115
eendenbrok N(soort,mv,dim)	1	714550	98.7117
eendenbek N(soort,ev,basis,onz,stan)	1	714551	98.7118
eend N(soort,mv,dim)	1	714552	98.7119
eend N(soort,mv,basis)	1	714553	98.7121
eend N(soort,ev,dim,onz,stan)	1	714554	98.7122
een_maand N(soort,ev,basis,zijd,stan)	1	714555	98.7123
een-na-achterste TW(rang,prenom,stan)	1	714556	98.7125
een VNW(onbep,det,stan,nom,zonder,zonder-n)	1	714557	98.7126
een VNW(onbep,det,stan,nom,met-e,zonder-n)	1	714558	98.7128
eekhoorn N(soort,ev,basis,zijd,stan)	1	714559	98.7129
eej WW(pv,verl,ev)	1	714560	98.713
eej WW(pv,tgw,ev)	1	714561	98.7132
eei N(soort,ev,basis,zijd,stan)	1	714562	98.7133
eeft N(soort,ev,basis,onz,stan)	1	714563	98.7135
eef BW()	1	714564	98.7136
eeeeven WW(pv,verl,mv)	1	714565	98.7137
eeeek N(soort,ev,basis,zijd,stan)	1	714566	98.7139
eeeeerg ADJ(vrij,basis,zonder)	1	714567	98.714
eeeeeecht ADJ(vrij,basis,zonder)	1	714568	98.7141
eee SPEC(deeleigen)	1	714569	98.7143
eee ADJ(prenom,comp,met-e,stan)	1	714570	98.7144
eebsc N(soort,ev,basis,zijd,stan)	1	714571	98.7146
eeb ADJ(vrij,comp,zonder)	1	714572	98.7147
edwindewit.versvooru.nl SPEC(symb)	1	714573	98.7148
edward SPEC(vreemd)	1	714574	98.715
edward ADJ(vrij,basis,zonder)	1	714575	98.7151
educatief ADJ(prenom,basis,met-e,stan)	1	714576	98.7152
edoch N(soort,ev,basis,zijd,stan)	1	714577	98.7154
edn ADJ(vrij,basis,zonder)	1	714578	98.7155
edjs N(soort,ev,basis,onz,stan)	1	714579	98.7157
editie N(soort,mv,basis)	1	714580	98.7158
editie N(soort,ev,basis,zijd,stan)	1	714581	98.7159
edith SPEC(deeleigen)	1	714582	98.7161
edinburgh SPEC(vreemd)	1	714583	98.7162
edge SPEC(vreemd)	1	714584	98.7164
ede-wageningen WW(vd,vrij,zonder)	1	714585	98.7165
eddy SPEC(vreemd)	1	714586	98.7166
eddy SPEC(deeleigen)	1	714587	98.7168
eddie N(soort,ev,basis,zijd,stan)	1	714588	98.7169
eddet N(soort,ev,basis,zijd,stan)	1	714589	98.717
eddet N(soort,ev,basis,onz,stan)	1	714590	98.7172
ed SPEC(deeleigen)	1	714591	98.7173
ecologisch ADJ(vrij,comp,zonder)	1	714592	98.7175
ecologisch ADJ(prenom,basis,met-e,stan)	1	714593	98.7176
ecoduellen WW(inf,vrij,zonder)	1	714594	98.7177
ecoduel N(soort,mv,basis)	1	714595	98.7179
eco-brick N(soort,ev,basis,zijd,stan)	1	714596	98.718
eclipse N(soort,ev,basis,onz,stan)	1	714597	98.7182
eck SPEC(vreemd)	1	714598	98.7183
echtpaar N(soort,mv,basis)	1	714599	98.7184
echtgenoot N(soort,ev,basis,zijd,stan)	1	714600	98.7186
echt N(soort,ev,basis,zijd,stan)	1	714601	98.7187
echoÃ«n WW(pv,tgw,met-t)	1	714602	98.7188
echelpoel N(soort,ev,basis,onz,stan)	1	714603	98.719
ech ADJ(vrij,dim,zonder)	1	714604	98.7191
ec SPEC(vreemd)	1	714605	98.7193
ec SPEC(afk)	1	714606	98.7194
ebook N(soort,mv,basis)	1	714607	98.7195
ebn ADJ(vrij,basis,zonder)	1	714608	98.7197
ebk N(soort,ev,basis,zijd,stan)	1	714609	98.7198
ebib N(soort,ev,basis,zijd,stan)	1	714610	98.7199
ebde N(soort,ev,basis,zijd,stan)	1	714611	98.7201
ebbn VZ(init)	1	714612	98.7202
ebbn N(soort,ev,basis,onz,stan)	1	714613	98.7204
ebben WW(pv,tgw,mv)	1	714614	98.7205
ebay N(soort,ev,basis,onz,stan)	1	714615	98.7206
eazt N(soort,ev,basis,zijd,stan)	1	714616	98.7208
eating SPEC(vreemd)	1	714617	98.7209
eating N(soort,ev,basis,zijd,stan)	1	714618	98.7211
eaten SPEC(vreemd)	1	714619	98.7212
eat-meating N(soort,ev,basis,zijd,stan)	1	714620	98.7213
eastern SPEC(vreemd)	1	714621	98.7215
east SPEC(vreemd)	1	714622	98.7216
easily SPEC(vreemd)	1	714623	98.7217
eas N(soort,mv,basis)	1	714624	98.7219
earth SPEC(vreemd)	1	714625	98.722
ears SPEC(vreemd)	1	714626	98.7222
earlier N(soort,ev,basis,zijd,stan)	1	714627	98.7223
earlier N(soort,ev,basis,onz,stan)	1	714628	98.7224
eargasm N(soort,ev,basis,zijd,stan)	1	714629	98.7226
eargasm N(soort,ev,basis,onz,stan)	1	714630	98.7227
ear-nose-throat SPEC(vreemd)	1	714631	98.7228
eah N(soort,ev,basis,onz,stan)	1	714632	98.723
eagle SPEC(vreemd)	1	714633	98.7231
eagle N(soort,ev,basis,zijd,stan)	1	714634	98.7233
eaat N(soort,mv,basis)	1	714635	98.7234
e.t.a N(soort,ev,basis,zijd,stan)	1	714636	98.7235
e.a. SPEC(afk)	1	714637	98.7237
e. WW(od,vrij,zonder)	1	714638	98.7238
e-reader N(soort,ev,basis,zijd,stan)	1	714639	98.724
e-nor-me ADJ(prenom,basis,met-e,stan)	1	714640	98.7241
e-mailadres N(soort,mv,basis)	1	714641	98.7242
e-l ADJ(vrij,basis,zonder)	1	714642	98.7244
e-e N(soort,ev,basis,zijd,stan)	1	714643	98.7245
e-card N(soort,ev,basis,onz,stan)	1	714644	98.7246
dÃ¼sseldorf N(soort,ev,basis,onz,stan)	1	714645	98.7248
dÃ³lblij ADJ(vrij,basis,zonder)	1	714646	98.7249
dÃ³e WW(pv,verl,ev)	1	714647	98.7251
dÃ­k TSW()	1	714648	98.7252
dÃ©nk WW(pv,tgw,ev)	1	714649	98.7253
dÃ©lice N(soort,ev,basis,zijd,stan)	1	714650	98.7255
dÃ¨ VNW(aanw,pron,dial)	1	714651	98.7256
dÃ¡t VNW(aanw,pron,stan,vol,3o,ev)	1	714652	98.7257
dÃ Ã r VNW(aanw,adv-pron,obl,vol,3o,getal)	1	714653	98.7259
dÃ t VNW(aanw,pron,stan,vol,3o,ev)	1	714654	98.726
dÃ n WW(pv,tgw,ev)	1	714655	98.7262
dÃ n WW(inf,vrij,zonder)	1	714656	98.7263
dzjeeses N(soort,mv,basis)	1	714657	98.7264
dys N(soort,mv,basis)	1	714658	98.7266
dynamo N(soort,ev,basis,zijd,stan)	1	714659	98.7267
dynabite N(soort,ev,basis,zijd,stan)	1	714660	98.7269
dymoo WW(pv,tgw,ev)	1	714661	98.727
dymoo N(soort,ev,basis,zijd,stan)	1	714662	98.7271
dylan N(soort,ev,basis,onz,stan)	1	714663	98.7273
dyke SPEC(vreemd)	1	714664	98.7274
dwz SPEC(vreemd)	1	714665	98.7275
dwingen WW(vd,vrij,zonder)	1	714666	98.7277
dwingen WW(inf,vrij,zonder)	1	714667	98.7278
dwergplaneet N(soort,ev,basis,zijd,stan)	1	714668	98.728
dweil N(soort,ev,dim,onz,stan)	1	714669	98.7281
dwdd N(soort,ev,basis,onz,stan)	1	714670	98.7282
dwarslaesie N(soort,ev,basis,zijd,stan)	1	714671	98.7284
dwarsfluit N(soort,ev,basis,zijd,stan)	1	714672	98.7285
dwarsbomen WW(vd,vrij,zonder)	1	714673	98.7286
dwang N(soort,ev,basis,zijd,stan)	1	714674	98.7288
dwalen WW(pv,tgw,met-t)	1	714675	98.7289
dwaasheid N(soort,ev,basis,zijd,stan)	1	714676	98.7291
dwaas N(soort,mv,basis)	1	714677	98.7292
dwaas N(soort,ev,basis,zijd,stan)	1	714678	98.7293
dwaas ADJ(vrij,basis,zonder)	1	714679	98.7295
dw WW(od,prenom,met-e)	1	714680	98.7296
dw ADJ(prenom,basis,met-e,stan)	1	714681	98.7298
dvs-strandmiddag N(soort,ev,basis,zijd,stan)	1	714682	98.7299
dvs ADJ(vrij,basis,zonder)	1	714683	98.73
dven WW(pv,tgw,met-t)	1	714684	98.7302
dvdspeler N(soort,ev,basis,zijd,stan)	1	714685	98.7303
dvds N(soort,mv,basis)	1	714686	98.7304
dvdbox N(soort,ev,basis,zijd,stan)	1	714687	98.7306
dvd-speler N(soort,ev,basis,zijd,stan)	1	714688	98.7307
dvd N(soort,ev,dim,onz,stan)	1	714689	98.7309
duwo N(soort,ev,basis,zijd,stan)	1	714690	98.731
duwen WW(pv,tgw,met-t)	1	714691	98.7311
duwen WW(pv,tgw,ev)	1	714692	98.7313
duw N(soort,ev,basis,zijd,stan)	1	714693	98.7314
duvelschuur N(soort,ev,basis,zijd,stan)	1	714694	98.7316
duvelnacht N(soort,ev,basis,onz,stan)	1	714695	98.7317
duvelglas N(soort,ev,basis,onz,stan)	1	714696	98.7318
duvel N(soort,mv,basis)	1	714697	98.732
duurzaamheid N(soort,ev,basis,zijd,stan)	1	714698	98.7321
duurtyd N(soort,ev,basis,zijd,stan)	1	714699	98.7322
duurtlang N(soort,ev,basis,zijd,stan)	1	714700	98.7324
duuren WW(pv,verl,mv)	1	714701	98.7325
duur ADJ(prenom,sup,met-e,stan)	1	714702	98.7327
duur ADJ(prenom,comp,met-e,stan)	1	714703	98.7328
duur ADJ(nom,basis,met-e,zonder-n,stan)	1	714704	98.7329
duty SPEC(vreemd)	1	714705	98.7331
duts N(soort,mv,basis)	1	714706	98.7332
dusted SPEC(vreemd)	1	714707	98.7333
dusse N(soort,ev,basis,zijd,stan)	1	714708	98.7335
dusnik N(soort,ev,basis,onz,stan)	1	714709	98.7336
dusjah SPEC(vreemd)	1	714710	98.7338
dusjaa N(soort,ev,basis,zijd,stan)	1	714711	98.7339
dusja N(soort,ev,basis,onz,stan)	1	714712	98.734
dusj N(soort,ev,basis,zijd,stan)	1	714713	98.7342
dus.w ADJ(prenom,basis,met-e,stan)	1	714714	98.7343
durum N(soort,ev,basis,onz,stan)	1	714715	98.7345
during SPEC(vreemd)	1	714716	98.7346
during ADJ(vrij,basis,zonder)	1	714717	98.7347
durbuy N(soort,mv,basis)	1	714718	98.7349
dupuis N(soort,ev,basis,zijd,stan)	1	714719	98.735
duplo N(soort,ev,basis,zijd,stan)	1	714720	98.7351
duot N(soort,mv,dim)	1	714721	98.7353
duo N(soort,ev,basis,onz,stan)	1	714722	98.7354
dunno SPEC(vreemd)	1	714723	98.7356
dun ADJ(vrij,dim,zonder)	1	714724	98.7357
dumpert N(soort,ev,basis,onz,stan)	1	714725	98.7358
dull SPEC(vreemd)	1	714726	98.736
dukenburg N(soort,ev,basis,zijd,stan)	1	714727	98.7361
duizendmaal BW()	1	714728	98.7362
duizend TW(hoofd,nom,mv-n,basis)	1	714729	98.7364
duizeligheid N(soort,ev,basis,zijd,stan)	1	714730	98.7365
duizelig ADJ(vrij,basis,zonder)	1	714731	98.7367
duivin N(soort,ev,basis,zijd,stan)	1	714732	98.7368
duivin N(soort,ev,basis,onz,stan)	1	714733	98.7369
duivel N(soort,mv,basis)	1	714734	98.7371
duitser N(soort,ev,basis,zijd,stan)	1	714735	98.7372
duits SPEC(vreemd)	1	714736	98.7374
duits N(soort,ev,basis,zijd,stan)	1	714737	98.7375
duits ADJ(prenom,basis,zonder)	1	714738	98.7376
duis BW()	1	714739	98.7378
duimen WW(inf,vrij,zonder)	1	714740	98.7379
duimen WW(inf,nom,zonder,zonder-n)	1	714741	98.738
duim N(soort,ev,dim,onz,stan)	1	714742	98.7382
duiken WW(pv,tgw,met-t)	1	714743	98.7383
duik N(soort,ev,dim,onz,stan)	1	714744	98.7385
duik N(soort,ev,basis,onz,stan)	1	714745	98.7386
duifwinnaar ADJ(vrij,basis,zonder)	1	714746	98.7387
duif N(soort,mv,basis)	1	714747	98.7389
duif N(soort,ev,dim,onz,stan)	1	714748	98.739
duiden WW(pv,tgw,mv)	1	714749	98.7391
duidelyke ADJ(prenom,basis,met-e,stan)	1	714750	98.7393
duh ADJ(vrij,basis,zonder)	1	714751	98.7394
duer N(soort,ev,basis,zijd,stan)	1	714752	98.7396
due VG(neven)	1	714753	98.7397
due SPEC(vreemd)	1	714754	98.7398
due N(soort,ev,basis,zijd,stan)	1	714755	98.74
dude N(soort,mv,basis)	1	714756	98.7401
dude ADJ(prenom,basis,met-e,stan)	1	714757	98.7403
dubrovnic N(soort,ev,basis,zijd,stan)	1	714758	98.7404
dubieus ADJ(vrij,basis,zonder)	1	714759	98.7405
dtone N(soort,ev,basis,zijd,stan)	1	714760	98.7407
dtl ADJ(vrij,basis,zonder)	1	714761	98.7408
dtl ADJ(prenom,basis,met-e,stan)	1	714762	98.7409
dtje N(soort,ev,dim,onz,stan)	1	714763	98.7411
dt ADJ(prenom,basis,zonder)	1	714764	98.7412
ds. SPEC(afk)	1	714765	98.7414
ds N(soort,ev,basis,onz,stan)	1	714766	98.7415
druuuuk N(soort,ev,basis,zijd,stan)	1	714767	98.7416
druppel N(soort,mv,dim)	1	714768	98.7418
drunkâ SPEC(vreemd)	1	714769	98.7419
drunk N(soort,ev,basis,zijd,stan)	1	714770	98.742
drunen WW(inf,vrij,zonder)	1	714771	98.7422
drumt N(soort,ev,basis,zijd,stan)	1	714772	98.7423
drumstok N(soort,mv,basis)	1	714773	98.7425
drumstel N(soort,ev,basis,onz,stan)	1	714774	98.7426
drummen WW(inf,vrij,zonder)	1	714775	98.7427
drukwerk N(soort,ev,basis,onz,stan)	1	714776	98.7429
druktemaker N(soort,ev,basis,zijd,stan)	1	714777	98.743
drukkn WW(vd,vrij,zonder)	1	714778	98.7432
drukker N(soort,mv,basis)	1	714779	98.7433
drukker N(soort,ev,basis,zijd,stan)	1	714780	98.7434
drukken WW(pv,tgw,mv)	1	714781	98.7436
drukken WW(pv,tgw,met-t)	1	714782	98.7437
druk ADJ(nom,sup,met-e,zonder-n,stan)	1	714783	98.7438
druilerig ADJ(prenom,basis,zonder)	1	714784	98.744
druif N(soort,mv,basis)	1	714785	98.7441
drugstore ADJ(prenom,basis,met-e,stan)	1	714786	98.7443
druggebruik N(soort,ev,basis,onz,stan)	1	714787	98.7444
dru N(soort,ev,basis,zijd,stan)	1	714788	98.7445
drowsy SPEC(vreemd)	1	714789	98.7447
droppings SPEC(vreemd)	1	714790	98.7448
dropping SPEC(vreemd)	1	714791	98.745
dropklittenband BW()	1	714792	98.7451
dropje N(soort,ev,dim,onz,stan)	1	714793	98.7452
dropdoos N(soort,mv,basis)	1	714794	98.7454
drop N(soort,ev,basis,zijd,stan)	1	714795	98.7455
droomzacht WW(vd,vrij,zonder)	1	714796	98.7456
droomzacht WW(pv,verl,ev)	1	714797	98.7458
drooms ADJ(prenom,basis,met-e,stan)	1	714798	98.7459
droomdroomdroom N(soort,ev,basis,onz,stan)	1	714799	98.7461
droom N(soort,mv,dim)	1	714800	98.7462
droogstoppel N(soort,ev,dim,onz,stan)	1	714801	98.7463
droogstoppel N(soort,ev,basis,zijd,stan)	1	714802	98.7465
droogrek N(soort,ev,basis,onz,stan)	1	714803	98.7466
drooghouden WW(inf,vrij,zonder)	1	714804	98.7467
droof N(soort,ev,basis,zijd,stan)	1	714805	98.7469
dronkwedstrijd N(soort,mv,dim)	1	714806	98.747
dromo N(soort,ev,basis,zijd,stan)	1	714807	98.7472
dromo N(soort,ev,basis,onz,stan)	1	714808	98.7473
drommel N(soort,mv,basis)	1	714809	98.7474
dromeland N(soort,ev,basis,onz,stan)	1	714810	98.7476
drol N(soort,mv,basis)	1	714811	98.7477
drol N(soort,ev,dim,onz,stan)	1	714812	98.7479
drol N(soort,ev,basis,zijd,stan)	1	714813	98.748
droid SPEC(vreemd)	1	714814	98.7481
drogist N(soort,ev,basis,zijd,stan)	1	714815	98.7483
droevendaalsesteeg TSW(dial)	1	714816	98.7484
droep N(soort,ev,dim,onz,stan)	1	714817	98.7485
drnkn WW(inf,vrij,zonder)	1	714818	98.7487
drnkn N(soort,ev,basis,zijd,stan)	1	714819	98.7488
drnet WW(pv,tgw,ev)	1	714820	98.749
drna SPEC(deeleigen)	1	714821	98.7491
drmee SPEC(vreemd)	1	714822	98.7492
drm SPEC(vreemd)	1	714823	98.7494
drm ADJ(vrij,basis,zonder)	1	714824	98.7495
driving SPEC(vreemd)	1	714825	98.7496
driving N(soort,ev,basis,zijd,stan)	1	714826	98.7498
drives SPEC(vreemd)	1	714827	98.7499
driven SPEC(vreemd)	1	714828	98.7501
drive-in N(soort,ev,basis,zijd,stan)	1	714829	98.7502
drive N(soort,mv,basis)	1	714830	98.7503
drive N(soort,ev,basis,zijd,stan)	1	714831	98.7505
drinkun WW(inf,vrij,zonder)	1	714832	98.7506
drinkspel N(soort,ev,basis,onz,stan)	1	714833	98.7508
drinkplezier ADJ(vrij,comp,zonder)	1	714834	98.7509
drinkpartij N(soort,ev,basis,zijd,stan)	1	714835	98.751
drinkn ADJ(postnom,basis,met-s)	1	714836	98.7512
drinking N(soort,ev,basis,zijd,stan)	1	714837	98.7513
drinkgeld N(soort,ev,basis,onz,stan)	1	714838	98.7514
drinker N(soort,mv,basis)	1	714839	98.7516
drinker N(soort,ev,basis,zijd,stan)	1	714840	98.7517
drinken WW(pv,verl,mv)	1	714841	98.7519
drinken WW(od,vrij,zonder)	1	714842	98.752
drink N(soort,ev,dim,onz,stan)	1	714843	98.7521
drink N(soort,ev,basis,zijd,stan)	1	714844	98.7523
dringend N(soort,ev,basis,zijd,stan)	1	714845	98.7524
dringend ADJ(prenom,basis,zonder)	1	714846	98.7525
dringend ADJ(postnom,basis,met-s)	1	714847	98.7527
dringen WW(pv,verl,mv)	1	714848	98.7528
dring N(soort,ev,dim,onz,stan)	1	714849	98.753
drinfen WW(od,vrij,zonder)	1	714850	98.7531
drinch N(soort,mv,basis)	1	714851	98.7532
drijfnat N(soort,ev,basis,onz,stan)	1	714852	98.7534
driezie N(soort,ev,basis,zijd,stan)	1	714853	98.7535
driewerf N(soort,ev,basis,zijd,stan)	1	714854	98.7537
drievoudig ADJ(prenom,basis,met-e,stan)	1	714855	98.7538
dries N(soort,ev,dim,onz,stan)	1	714856	98.7539
driemaal BW()	1	714857	98.7541
drieling N(soort,ev,basis,zijd,stan)	1	714858	98.7542
driehonderd TW(hoofd,prenom,stan)	1	714859	98.7543
driegangenmenu N(soort,ev,basis,onz,stan)	1	714860	98.7545
drieen N(soort,mv,basis)	1	714861	98.7546
drieees N(soort,ev,basis,onz,stan)	1	714862	98.7548
driedubbel ADJ(prenom,basis,met-e,stan)	1	714863	98.7549
dreupelkot N(soort,ev,basis,zijd,stan)	1	714864	98.755
dreupelkot ADJ(vrij,basis,zonder)	1	714865	98.7552
dresscode WW(pv,verl,ev)	1	714866	98.7553
drenthe N(soort,ev,basis,zijd,stan)	1	714867	98.7554
drempel N(soort,ev,basis,zijd,stan)	1	714868	98.7556
drem N(soort,ev,basis,onz,stan)	1	714869	98.7557
dreigend ADJ(vrij,comp,zonder)	1	714870	98.7559
dreigen WW(pv,tgw,mv)	1	714871	98.756
dreigen WW(pv,tgw,ev)	1	714872	98.7561
dreigen WW(inf,vrij,zonder)	1	714873	98.7563
dree SPEC(deeleigen)	1	714874	98.7564
dree N(soort,ev,basis,zijd,stan)	1	714875	98.7566
dreambaby N(soort,ev,basis,zijd,stan)	1	714876	98.7567
dreads N(soort,mv,basis)	1	714877	98.7568
drawers SPEC(vreemd)	1	714878	98.757
draprien N(soort,mv,basis)	1	714879	98.7571
draped SPEC(vreemd)	1	714880	98.7572
drankje-doen-ze ADJ(vrij,basis,zonder)	1	714881	98.7574
drankie N(soort,ev,basis,zijd,stan)	1	714882	98.7575
drankbak N(soort,ev,basis,zijd,stan)	1	714883	98.7577
dramweaver N(soort,ev,basis,zijd,stan)	1	714884	98.7578
dramatiek N(soort,ev,basis,zijd,stan)	1	714885	98.7579
dramaqueen N(soort,mv,basis)	1	714886	98.7581
drama SPEC(vreemd)	1	714887	98.7582
dragen WW(pv,tgw,mv)	1	714888	98.7584
drag SPEC(vreemd)	1	714889	98.7585
drabzak N(soort,ev,basis,zijd,stan)	1	714890	98.7586
draaierig ADJ(vrij,basis,zonder)	1	714891	98.7588
draaien WW(vd,prenom,met-e)	1	714892	98.7589
draaideur N(soort,ev,basis,zijd,stan)	1	714893	98.759
draai N(soort,ev,basis,zijd,stan)	1	714894	98.7592
draagzak N(soort,ev,basis,zijd,stan)	1	714895	98.7593
draad N(soort,mv,dim)	1	714896	98.7595
dr N(soort,ev,basis,zijd,stan)	1	714897	98.7596
dp WW(pv,tgw,met-t)	1	714898	98.7597
downstairs SPEC(vreemd)	1	714899	98.7599
downloading SPEC(vreemd)	1	714900	98.76
downlaoden WW(inf,vrij,zonder)	1	714901	98.7601
down N(soort,mv,basis)	1	714902	98.7603
down ADJ(vrij,basis,zonder)	1	714903	98.7604
dow N(soort,ev,basis,zijd,stan)	1	714904	98.7606
douro N(soort,ev,basis,zijd,stan)	1	714905	98.7607
douchebag N(soort,ev,basis,zijd,stan)	1	714906	98.7608
douche ADJ(prenom,basis,met-e,stan)	1	714907	98.761
dos N(soort,ev,basis,zijd,stan)	1	714908	98.7611
dorstig ADJ(vrij,comp,zonder)	1	714909	98.7613
dorst N(soort,ev,basis,zijd,stan)	1	714910	98.7614
dorpskerk N(soort,ev,basis,zijd,stan)	1	714911	98.7615
dormicum N(soort,ev,basis,onz,stan)	1	714912	98.7617
dorito N(soort,mv,basis)	1	714913	98.7618
dorien N(soort,ev,basis,zijd,stan)	1	714914	98.7619
dorect N(soort,ev,basis,onz,stan)	1	714915	98.7621
dordrecht N(soort,ev,basis,zijd,stan)	1	714916	98.7622
dopen WW(vd,vrij,zonder)	1	714917	98.7624
dopen WW(inf,vrij,zonder)	1	714918	98.7625
dop N(soort,mv,dim)	1	714919	98.7626
dop N(soort,ev,dim,onz,stan)	1	714920	98.7628
dootgeven WW(inf,vrij,zonder)	1	714921	98.7629
doos WW(pv,tgw,ev)	1	714922	98.763
doorzoeken WW(vd,vrij,zonder)	1	714923	98.7632
doorzijn N(soort,ev,basis,zijd,stan)	1	714924	98.7633
doorzetten WW(vd,vrij,zonder)	1	714925	98.7635
doorwerken WW(pv,tgw,mv)	1	714926	98.7636
doorweekt ADJ(vrij,basis,zonder)	1	714927	98.7637
doorverwijzen WW(inf,vrij,zonder)	1	714928	98.7639
doorvertel ADJ(vrij,comp,zonder)	1	714929	98.764
doorverkopen WW(vd,vrij,zonder)	1	714930	98.7642
doorverkopen WW(inf,vrij,zonder)	1	714931	98.7643
doorsturen WW(pv,tgw,mv)	1	714932	98.7644
doorstuderen WW(inf,vrij,zonder)	1	714933	98.7646
doorsteken WW(inf,vrij,zonder)	1	714934	98.7647
doorstaan WW(vd,vrij,zonder)	1	714935	98.7648
doorstaan WW(inf,vrij,zonder)	1	714936	98.765
doorspreken WW(vd,vrij,zonder)	1	714937	98.7651
doorspreken WW(inf,vrij,zonder)	1	714938	98.7653
doorspoeling SPEC(vreemd)	1	714939	98.7654
doorspitten WW(vd,vrij,zonder)	1	714940	98.7655
doorsmsen N(soort,mv,basis)	1	714941	98.7657
doorslapen WW(pv,tgw,met-t)	1	714942	98.7658
doorslaapt WW(vd,vrij,zonder)	1	714943	98.7659
doorschaatsen WW(pv,tgw,met-t)	1	714944	98.7661
doors SPEC(vreemd)	1	714945	98.7662
doorrijden WW(pv,tgw,mv)	1	714946	98.7664
doorreizen WW(vd,vrij,zonder)	1	714947	98.7665
doorreis N(soort,ev,basis,zijd,stan)	1	714948	98.7666
doorn N(soort,ev,basis,zijd,stan)	1	714949	98.7668
doormeten WW(inf,vrij,zonder)	1	714950	98.7669
doormailej N(soort,ev,basis,zijd,stan)	1	714951	98.7671
doorlopen WW(pv,tgw,met-t)	1	714952	98.7672
doorlezen WW(inf,vrij,zonder)	1	714953	98.7673
doorkruisen WW(inf,vrij,zonder)	1	714954	98.7675
doorknippen WW(vd,vrij,zonder)	1	714955	98.7676
doorknallen WW(inf,vrij,zonder)	1	714956	98.7677
doorklikscherm N(soort,ev,basis,onz,stan)	1	714957	98.7679
doorkijken WW(inf,vrij,zonder)	1	714958	98.768
doorjagen WW(inf,nom,zonder,zonder-n)	1	714959	98.7682
doorheen VZ(init)	1	714960	98.7683
doorhalen WW(inf,vrij,zonder)	1	714961	98.7684
doorhakken WW(vd,vrij,zonder)	1	714962	98.7686
doorgeven WW(pv,tgw,mv)	1	714963	98.7687
doorgekropen WW(pv,verl,mv)	1	714964	98.7688
doorgekomen WW(pv,verl,mv)	1	714965	98.769
doorgekammen WW(pv,tgw,met-t)	1	714966	98.7691
doorgeefluik N(soort,ev,basis,onz,stan)	1	714967	98.7693
doorgang N(soort,ev,basis,zijd,stan)	1	714968	98.7694
doorgaans BW()	1	714969	98.7695
doorgaan WW(vd,prenom,zonder)	1	714970	98.7697
doorgaan WW(pv,verl,ev)	1	714971	98.7698
doorgaan WW(inf,nom,zonder,zonder-n)	1	714972	98.77
dooreen BW()	1	714973	98.7701
doordoen WW(vd,vrij,zonder)	1	714974	98.7702
doordenken WW(vd,prenom,met-e)	1	714975	98.7704
doordenken WW(inf,vrij,zonder)	1	714976	98.7705
doorbuffelen WW(inf,vrij,zonder)	1	714977	98.7706
doorbrengen WW(vd,vrij,zonder)	1	714978	98.7708
doorbrengen WW(pv,tgw,mv)	1	714979	98.7709
doorbrengen WW(pv,tgw,met-t)	1	714980	98.7711
doorbranden WW(vd,vrij,zonder)	1	714981	98.7712
doorboozen N(soort,mv,basis)	1	714982	98.7713
doorblokken WW(inf,vrij,zonder)	1	714983	98.7715
doorbetalen WW(vd,vrij,zonder)	1	714984	98.7716
door-knocking SPEC(vreemd)	1	714985	98.7718
doop N(soort,ev,basis,zijd,stan)	1	714986	98.7719
doooeeeiiii N(soort,ev,basis,zijd,stan)	1	714987	98.772
dooirkomen WW(pv,tgw,ev)	1	714988	98.7722
dooien WW(inf,vrij,zonder)	1	714989	98.7723
doof ADJ(vrij,basis,zonder)	1	714990	98.7724
doodziek ADJ(vrij,basis,zonder)	1	714991	98.7726
doodstil ADJ(vrij,basis,zonder)	1	714992	98.7727
doodstil ADJ(prenom,basis,met-e,stan)	1	714993	98.7729
doodsteek N(soort,ev,basis,zijd,stan)	1	714994	98.773
doodsaai ADJ(vrij,basis,zonder)	1	714995	98.7731
doodmoe SPEC(vreemd)	1	714996	98.7733
doodmaken WW(vd,vrij,zonder)	1	714997	98.7734
doodle N(soort,ev,basis,zijd,stan)	1	714998	98.7735
doodkuffelen WW(inf,vrij,zonder)	1	714999	98.7737
doodirritant N(soort,ev,basis,zijd,stan)	1	715000	98.7738
doodgaan WW(vd,vrij,zonder)	1	715001	98.774
doodgaan WW(inf,vrij,zonder)	1	715002	98.7741
doodachtig ADJ(vrij,basis,zonder)	1	715003	98.7742
dood N(soort,ev,basis,gen)	1	715004	98.7744
dons N(soort,ev,basis,onz,stan)	1	715005	98.7745
donne SPEC(vreemd)	1	715006	98.7747
donkey SPEC(vreemd)	1	715007	98.7748
donkergrijs ADJ(vrij,basis,zonder)	1	715008	98.7749
donkerbruin ADJ(prenom,basis,zonder)	1	715009	98.7751
donkerblauw ADJ(prenom,basis,zonder)	1	715010	98.7752
donker N(soort,ev,basis,onz,stan)	1	715011	98.7753
donk N(soort,ev,basis,onz,stan)	1	715012	98.7755
dongestraat N(soort,ev,basis,zijd,stan)	1	715013	98.7756
dongen N(soort,mv,basis)	1	715014	98.7758
doneren WW(vd,vrij,zonder)	1	715015	98.7759
doneren WW(pv,tgw,ev)	1	715016	98.776
dondersteen N(soort,ev,basis,zijd,stan)	1	715017	98.7762
donderstag N(soort,ev,basis,zijd,stan)	1	715018	98.7763
donderen WW(pv,tgw,met-t)	1	715019	98.7764
donderdgek N(soort,ev,basis,onz,stan)	1	715020	98.7766
donderden WW(vd,vrij,zonder)	1	715021	98.7767
donderdagvoormiddag N(soort,ev,basis,zijd,stan)	1	715022	98.7769
donderdagochtend ADJ(vrij,basis,zonder)	1	715023	98.777
donderdagnamiddag N(soort,ev,basis,zijd,stan)	1	715024	98.7771
donderdagmiddagborrel N(soort,ev,dim,onz,stan)	1	715025	98.7773
donderdaggevoel N(soort,ev,basis,onz,stan)	1	715026	98.7774
donderdag BW()	1	715027	98.7776
dondag N(soort,ev,basis,zijd,stan)	1	715028	98.7777
dond WW(pv,verl,ev)	1	715029	98.7778
dond N(soort,ev,basis,onz,stan)	1	715030	98.778
donatie N(soort,ev,basis,zijd,stan)	1	715031	98.7781
don-vrij ADJ(prenom,basis,zonder)	1	715032	98.7782
dommerik N(soort,mv,basis)	1	715033	98.7784
dominoen N(soort,mv,basis)	1	715034	98.7785
dominique SPEC(vreemd)	1	715035	98.7787
dominiek N(soort,ev,basis,zijd,stan)	1	715036	98.7788
dominantie N(soort,ev,basis,zijd,stan)	1	715037	98.7789
domheid N(soort,ev,basis,zijd,stan)	1	715038	98.7791
domen WW(od,vrij,zonder)	1	715039	98.7792
domeinnaam N(soort,ev,basis,zijd,stan)	1	715040	98.7793
domein N(soort,mv,basis)	1	715041	98.7795
domein N(soort,ev,basis,onz,stan)	1	715042	98.7796
domaine SPEC(vreemd)	1	715043	98.7798
domage N(soort,ev,basis,zijd,stan)	1	715044	98.7799
dom ADJ(prenom,basis,zonder)	1	715045	98.78
dom ADJ(postnom,basis,met-s)	1	715046	98.7802
dolores BW()	1	715047	98.7803
dollen WW(inf,vrij,zonder)	1	715048	98.7805
dolgelukkig ADJ(vrij,basis,zonder)	1	715049	98.7806
dolfijn N(soort,ev,basis,zijd,stan)	1	715050	98.7807
dolfijn ADJ(prenom,basis,met-e,stan)	1	715051	98.7809
dolce SPEC(vreemd)	1	715052	98.781
dolblij BW()	1	715053	98.7811
dol N(soort,mv,dim)	1	715054	98.7813
dol N(soort,ev,dim,onz,stan)	1	715055	98.7814
dol ADJ(prenom,basis,zonder)	1	715056	98.7816
dokumentem N(soort,ev,basis,zijd,stan)	1	715057	98.7817
doktoor N(soort,ev,basis,zijd,stan)	1	715058	98.7818
doktert N(soort,ev,basis,zijd,stan)	1	715059	98.782
doktersroman N(soort,ev,basis,zijd,stan)	1	715060	98.7821
doktersbezoek N(soort,ev,basis,onz,stan)	1	715061	98.7822
dokterandus BW()	1	715062	98.7824
dokter N(soort,ev,dim,onz,stan)	1	715063	98.7825
dok N(soort,ev,basis,zijd,stan)	1	715064	98.7827
doin WW(pv,tgw,ev)	1	715065	98.7828
doin SPEC(vreemd)	1	715066	98.7829
doh N(soort,ev,basis,onz,stan)	1	715067	98.7831
doggie SPEC(vreemd)	1	715068	98.7832
doey N(soort,ev,basis,zijd,stan)	1	715069	98.7834
doesnt N(soort,ev,basis,zijd,stan)	1	715070	98.7835
doesn't N(soort,ev,basis,onz,stan)	1	715071	98.7836
doesburg N(soort,ev,basis,zijd,stan)	1	715072	98.7838
doerak N(soort,ev,basis,zijd,stan)	1	715073	98.7839
doening N(soort,mv,basis)	1	715074	98.784
doening N(soort,ev,basis,zijd,stan)	1	715075	98.7842
doen WW(dial)	1	715076	98.7843
doembeeld N(soort,mv,basis)	1	715077	98.7845
doelpunt N(soort,mv,basis)	1	715078	98.7846
doelloos ADJ(vrij,basis,zonder)	1	715079	98.7847
doelgroep N(soort,ev,basis,zijd,stan)	1	715080	98.7849
doelen WW(pv,tgw,ev)	1	715081	98.785
doele N(soort,ev,basis,dat)	1	715082	98.7852
doelden N(soort,mv,basis)	1	715083	98.7853
doek N(soort,mv,basis)	1	715084	98.7854
doei SPEC(vreemd)	1	715085	98.7856
doehetzelf N(soort,ev,basis,onz,stan)	1	715086	98.7857
doegut N(soort,ev,basis,zijd,stan)	1	715087	98.7858
doeg WW(pv,verl,ev)	1	715088	98.786
doedelen WW(pv,tgw,met-t)	1	715089	98.7861
doedel N(soort,ev,basis,onz,stan)	1	715090	98.7863
doede WW(pv,verl,ev)	1	715091	98.7864
doedanoggoe N(soort,ev,basis,zijd,stan)	1	715092	98.7865
doe SPEC(vreemd)	1	715093	98.7867
dodgy N(soort,ev,basis,onz,stan)	1	715094	98.7868
dodge ADJ(prenom,basis,met-e,stan)	1	715095	98.7869
doderdag SPEC(vreemd)	1	715096	98.7871
dodentocht N(soort,ev,basis,zijd,stan)	1	715097	98.7872
dode N(soort,mv,basis)	1	715098	98.7874
dode N(soort,ev,basis,dat)	1	715099	98.7875
dodag N(soort,ev,basis,zijd,stan)	1	715100	98.7876
dod N(soort,ev,basis,zijd,stan)	1	715101	98.7878
docx N(soort,ev,basis,zijd,stan)	1	715102	98.7879
documents SPEC(vreemd)	1	715103	98.7881
documentnummer N(soort,ev,basis,zijd,stan)	1	715104	98.7882
documentnr N(soort,ev,basis,zijd,stan)	1	715105	98.7883
document N(soort,mv,dim)	1	715106	98.7885
docu N(soort,mv,basis)	1	715107	98.7886
doctorandus N(soort,ev,basis,zijd,stan)	1	715108	98.7887
doctoral SPEC(vreemd)	1	715109	98.7889
doctor SPEC(vreemd)	1	715110	98.789
doctor N(soort,ev,basis,zijd,stan)	1	715111	98.7892
docteur N(soort,ev,basis,zijd,stan)	1	715112	98.7893
docs SPEC(vreemd)	1	715113	98.7894
dochter N(soort,mv,basis)	1	715114	98.7896
dochter N(soort,ev,dim,onz,stan)	1	715115	98.7897
docentfunctie N(soort,mv,basis)	1	715116	98.7898
docentenkamer N(soort,ev,basis,zijd,stan)	1	715117	98.79
dobbie N(soort,ev,basis,zijd,stan)	1	715118	98.7901
dobbelsteen N(soort,ev,basis,zijd,stan)	1	715119	98.7903
do.fi SPEC(symb)	1	715120	98.7904
do-dag N(soort,ev,basis,zijd,stan)	1	715121	98.7905
do-avond N(soort,ev,basis,zijd,stan)	1	715122	98.7907
do-avond ADJ(vrij,basis,zonder)	1	715123	98.7908
dne N(soort,mv,basis)	1	715124	98.791
dnaprofielen SPEC(vreemd)	1	715125	98.7911
dna N(soort,mv,basis)	1	715126	98.7912
dna N(soort,ev,basis,onz,stan)	1	715127	98.7914
dmv N(soort,mv,basis)	1	715128	98.7915
dju SPEC(vreemd)	1	715129	98.7916
dju N(soort,ev,basis,onz,stan)	1	715130	98.7918
djakken WW(inf,vrij,zonder)	1	715131	98.7919
djakke N(soort,mv,basis)	1	715132	98.7921
dj's N(soort,mv,basis)	1	715133	98.7922
dj N(soort,ev,basis,zijd,stan)	1	715134	98.7923
dizkartes N(soort,mv,dim)	1	715135	98.7925
diz N(soort,mv,basis)	1	715136	98.7926
dixie N(soort,ev,basis,zijd,stan)	1	715137	98.7927
diwaterstofmonooxide WW(pv,verl,ev)	1	715138	98.7929
dit VNW(aanw,pron,stan,nadr,3o,ev)	1	715139	98.793
district N(soort,ev,basis,onz,stan)	1	715140	98.7932
dissapoint SPEC(vreemd)	1	715141	98.7933
dispuutsweekend WW(od,vrij,zonder)	1	715142	98.7934
dispuutsweekend N(soort,ev,basis,zijd,stan)	1	715143	98.7936
dispuutsgenoot WW(vd,vrij,zonder)	1	715144	98.7937
dispuutsgenoot WW(pv,verl,ev)	1	715145	98.7939
dispuutcafedinges N(soort,mv,dim)	1	715146	98.794
dispuut N(soort,mv,basis)	1	715147	98.7941
display N(soort,ev,basis,zijd,stan)	1	715148	98.7943
disneyland N(soort,ev,basis,onz,stan)	1	715149	98.7944
disk SPEC(vreemd)	1	715150	98.7945
dishes SPEC(vreemd)	1	715151	98.7947
discussievraag N(soort,ev,basis,zijd,stan)	1	715152	98.7948
discuss SPEC(vreemd)	1	715153	98.795
discuss SPEC(deeleigen)	1	715154	98.7951
discovery N(soort,ev,basis,zijd,stan)	1	715155	98.7952
discovered SPEC(vreemd)	1	715156	98.7954
discography N(soort,ev,basis,zijd,stan)	1	715157	98.7955
discofielen WW(inf,vrij,zonder)	1	715158	98.7957
discobowlen WW(inf,vrij,zonder)	1	715159	98.7958
discobowlen WW(inf,nom,zonder,zonder-n)	1	715160	98.7959
discobol N(soort,ev,basis,zijd,stan)	1	715161	98.7961
discobal N(soort,ev,basis,zijd,stan)	1	715162	98.7962
disco N(soort,ev,basis,zijd,stan)	1	715163	98.7963
discipline N(soort,ev,basis,zijd,stan)	1	715164	98.7965
dis SPEC(vreemd)	1	715165	98.7966
dirty SPEC(vreemd)	1	715166	98.7968
dirrrrrrk N(soort,ev,basis,onz,stan)	1	715167	98.7969
dirkie N(soort,ev,dim,onz,stan)	1	715168	98.797
dirk SPEC(vreemd)	1	715169	98.7972
dirk N(soort,ev,basis,zijd,stan)	1	715170	98.7973
directly SPEC(vreemd)	1	715171	98.7974
direct ADJ(vrij,comp,zonder)	1	715172	98.7976
direct ADJ(prenom,basis,zonder)	1	715173	98.7977
diplomacratie N(soort,ev,basis,zijd,stan)	1	715174	98.7979
dio N(soort,ev,basis,zijd,stan)	1	715175	98.798
dinsdagvriendinavond N(soort,ev,basis,zijd,stan)	1	715176	98.7981
dinsdagvoormiddag N(soort,ev,basis,zijd,stan)	1	715177	98.7983
dinsdagnamiddag N(soort,ev,basis,zijd,stan)	1	715178	98.7984
dinsdagmorgen N(soort,ev,basis,zijd,stan)	1	715179	98.7986
dinsdagmiddag N(soort,ev,basis,zijd,stan)	1	715180	98.7987
dinsdagmiddag BW()	1	715181	98.7988
dinsdagavn WW(od,vrij,zonder)	1	715182	98.799
dinsdag BW()	1	715183	98.7991
dinosaurus N(soort,ev,basis,zijd,stan)	1	715184	98.7992
dinnerparty SPEC(vreemd)	1	715185	98.7994
dinnerdate WW(pv,verl,ev)	1	715186	98.7995
dink N(soort,ev,basis,onz,stan)	1	715187	98.7997
dingo SPEC(vreemd)	1	715188	98.7998
dingk SPEC(vreemd)	1	715189	98.7999
dingetj N(soort,ev,basis,zijd,stan)	1	715190	98.8001
dineren WW(pv,tgw,mv)	1	715191	98.8002
dineren WW(inf,vrij,zonder)	1	715192	98.8003
din BW()	1	715193	98.8005
dimphy N(soort,ev,basis,zijd,stan)	1	715194	98.8006
dimf SPEC(vreemd)	1	715195	98.8008
dimf SPEC(symb)	1	715196	98.8009
dimensions SPEC(vreemd)	1	715197	98.801
dimension WW(vd,vrij,zonder)	1	715198	98.8012
dikzak N(soort,ev,basis,zijd,stan)	1	715199	98.8013
diktaat N(soort,ev,basis,zijd,stan)	1	715200	98.8015
diksap SPEC(vreemd)	1	715201	98.8016
dikkkkkkkkkkee BW()	1	715202	98.8017
dikkie SPEC(vreemd)	1	715203	98.8019
dikke WW(pv,verl,ev)	1	715204	98.802
dikheid N(soort,ev,basis,zijd,stan)	1	715205	98.8021
dik ADJ(nom,sup,met-e,zonder-n,stan)	1	715206	98.8023
diik ADJ(prenom,basis,met-e,stan)	1	715207	98.8024
digitenne N(soort,ev,basis,zijd,stan)	1	715208	98.8026
digitaal ADJ(prenom,basis,met-e,stan)	1	715209	98.8027
digiknuf SPEC(vreemd)	1	715210	98.8028
dig ADJ(vrij,basis,zonder)	1	715211	98.803
dificulties SPEC(vreemd)	1	715212	98.8031
different SPEC(vreemd)	1	715213	98.8032
difference SPEC(vreemd)	1	715214	98.8034
dieÃ¼berpas N(soort,ev,basis,onz,stan)	1	715215	98.8035
diezelfde ADJ(prenom,basis,zonder)	1	715216	98.8037
diewe ADJ(prenom,basis,met-e,stan)	1	715217	98.8038
dievoor N(soort,ev,basis,zijd,stan)	1	715218	98.8039
dietse ADJ(prenom,basis,met-e,stan)	1	715219	98.8041
diets ADJ(vrij,basis,zonder)	1	715220	98.8042
diets ADJ(prenom,basis,zonder)	1	715221	98.8044
dietersong N(soort,ev,basis,zijd,stan)	1	715222	98.8045
dieterlach N(soort,ev,basis,zijd,stan)	1	715223	98.8046
dieter-fanclub N(soort,ev,basis,zijd,stan)	1	715224	98.8048
dieter N(soort,mv,basis)	1	715225	98.8049
dieter N(soort,ev,basis,onz,stan)	1	715226	98.805
diesel N(soort,ev,basis,onz,stan)	1	715227	98.8052
dies VNW(aanw,pron,stan,vol,3,getal)	1	715228	98.8053
dierenarts SPEC(vreemd)	1	715229	98.8055
dierenambulance N(soort,ev,basis,zijd,stan)	1	715230	98.8056
diepzinnig ADJ(vrij,basis,zonder)	1	715231	98.8057
diepvriesvest N(soort,ev,basis,zijd,stan)	1	715232	98.8059
diepvriespizzas N(soort,ev,basis,zijd,stan)	1	715233	98.806
diepvriespizza N(soort,ev,basis,zijd,stan)	1	715234	98.8061
diepvriesfriet N(soort,mv,basis)	1	715235	98.8063
dieptepunt N(soort,ev,basis,onz,stan)	1	715236	98.8064
dienstverlening N(soort,ev,basis,zijd,stan)	1	715237	98.8066
dienstverlenend ADJ(prenom,basis,met-e,stan)	1	715238	98.8067
dienstencheques N(soort,mv,basis)	1	715239	98.8068
dienst N(soort,ev,basis,dat)	1	715240	98.807
dienen WW(pv,tgw,met-t)	1	715241	98.8071
dienen WW(inf,vrij,zonder)	1	715242	98.8073
diefstal N(soort,ev,basis,zijd,stan)	1	715243	98.8074
diefilm N(soort,ev,basis,zijd,stan)	1	715244	98.8075
dief N(soort,mv,basis)	1	715245	98.8077
dieetmotivatie N(soort,ev,basis,zijd,stan)	1	715246	98.8078
dieetkunde WW(pv,verl,ev)	1	715247	98.8079
dieeten WW(inf,nom,zonder,zonder-n)	1	715248	98.8081
diederik WW(pv,tgw,ev)	1	715249	98.8082
die VNW(aanw,pron,gen,vol,3o,ev)	1	715250	98.8084
die VNW(aanw,pron,gen,vol,3m,ev)	1	715251	98.8085
didnt N(soort,ev,basis,zijd,stan)	1	715252	98.8086
did N(soort,ev,basis,zijd,stan)	1	715253	98.8088
dictated SPEC(vreemd)	1	715254	98.8089
dictaat N(soort,ev,basis,onz,stan)	1	715255	98.8091
dickassholefuckshitface SPEC(symb)	1	715256	98.8092
dichtstbijzijnd ADJ(prenom,basis,met-e,stan)	1	715257	98.8093
dichtslaan WW(inf,vrij,zonder)	1	715258	98.8095
dichts SPEC(vreemd)	1	715259	98.8096
dichtplannen WW(vd,vrij,zonder)	1	715260	98.8097
dichtheid N(soort,ev,basis,zijd,stan)	1	715261	98.8099
dichtgroeien WW(vd,vrij,zonder)	1	715262	98.81
dichtgetikte ADJ(prenom,basis,met-e,stan)	1	715263	98.8102
dichtgetikt WW(pv,tgw,met-t)	1	715264	98.8103
dichtdraaien WW(vd,vrij,zonder)	1	715265	98.8104
dichtdoen WW(pv,tgw,mv)	1	715266	98.8106
dichtdoen WW(inf,vrij,zonder)	1	715267	98.8107
dichtbij VZ(init)	1	715268	98.8108
dicht SPEC(vreemd)	1	715269	98.811
dicht ADJ(vrij,sup,zonder)	1	715270	98.8111
dicht ADJ(prenom,sup,met-e,stan)	1	715271	98.8113
dicht ADJ(nom,sup,zonder,zonder-n)	1	715272	98.8114
diane N(soort,ev,basis,zijd,stan)	1	715273	98.8115
diamond SPEC(vreemd)	1	715274	98.8117
diamant N(soort,ev,basis,zijd,stan)	1	715275	98.8118
dialect N(soort,mv,basis)	1	715276	98.812
dial N(soort,ev,basis,zijd,stan)	1	715277	98.8121
dial N(soort,ev,basis,onz,stan)	1	715278	98.8122
diagonally N(soort,ev,basis,zijd,stan)	1	715279	98.8124
diagnostisch ADJ(prenom,basis,met-e,stan)	1	715280	98.8125
diablo SPEC(deeleigen)	1	715281	98.8126
diablo N(soort,ev,basis,zijd,stan)	1	715282	98.8128
dia N(soort,mv,basis)	1	715283	98.8129
di-rect ADJ(vrij,basis,zonder)	1	715284	98.8131
di SPEC(deeleigen)	1	715285	98.8132
dhr N(soort,ev,basis,zijd,stan)	1	715286	98.8133
dhiver N(soort,ev,basis,onz,stan)	1	715287	98.8135
dhembrewadi SPEC(vreemd)	1	715288	98.8136
dgse N(soort,ev,basis,zijd,stan)	1	715289	98.8137
dgn WW(vd,nom,met-e,mv-n)	1	715290	98.8139
dgn N(soort,mv,basis)	1	715291	98.814
df VNW(pers,pron,stan,red,3,ev,onz)	1	715292	98.8142
dexamethason N(soort,ev,basis,zijd,stan)	1	715293	98.8143
dewolf TW(hoofd,vrij)	1	715294	98.8144
device SPEC(vreemd)	1	715295	98.8146
deventer ADJ(vrij,comp,zonder)	1	715296	98.8147
developer N(soort,ev,basis,zijd,stan)	1	715297	98.8149
developer ADJ(vrij,comp,zonder)	1	715298	98.815
deveaux SPEC(deeleigen)	1	715299	98.8151
deutsch ADJ(vrij,basis,zonder)	1	715300	98.8153
deurposter ADJ(vrij,comp,zonder)	1	715301	98.8154
deurmat N(soort,ev,basis,zijd,stan)	1	715302	98.8155
deur N(soort,mv,basis)	1	715303	98.8157
deur N(soort,ev,dim,onz,stan)	1	715304	98.8158
determinisme N(soort,ev,basis,onz,stan)	1	715305	98.816
destroyed SPEC(vreemd)	1	715306	98.8161
dessertplanner N(soort,ev,basis,zijd,stan)	1	715307	98.8162
despite WW(pv,verl,ev)	1	715308	98.8164
desperados ADJ(vrij,basis,zonder)	1	715309	98.8165
desmet WW(pv,tgw,ev)	1	715310	98.8166
desktop N(soort,ev,basis,zijd,stan)	1	715311	98.8168
desire SPEC(vreemd)	1	715312	98.8169
desire SPEC(deeleigen)	1	715313	98.8171
designerskleding N(soort,ev,basis,zijd,stan)	1	715314	98.8172
designermarkt WW(vd,vrij,zonder)	1	715315	98.8173
designed WW(vd,vrij,zonder)	1	715316	98.8175
deserve SPEC(vreemd)	1	715317	98.8176
deserted SPEC(vreemd)	1	715318	98.8178
deseo SPEC(deeleigen)	1	715319	98.8179
descernible SPEC(vreemd)	1	715320	98.818
desalniettemin BW()	1	715321	98.8182
derwaeltje N(soort,ev,dim,onz,stan)	1	715322	98.8183
dervoor ADJ(vrij,basis,zonder)	1	715323	98.8184
deruit WW(pv,tgw,met-t)	1	715324	98.8186
dertig TW(rang,prenom,stan)	1	715325	98.8187
derriedouche N(soort,ev,basis,zijd,stan)	1	715326	98.8189
derr N(soort,ev,basis,zijd,stan)	1	715327	98.819
derover ADJ(vrij,comp,zonder)	1	715328	98.8191
derop N(soort,ev,basis,zijd,stan)	1	715329	98.8193
derna SPEC(deeleigen)	1	715330	98.8194
derna N(soort,ev,basis,zijd,stan)	1	715331	98.8195
dermee ADJ(prenom,basis,met-e,stan)	1	715332	98.8197
dermatologie N(soort,ev,basis,zijd,stan)	1	715333	98.8198
derksen N(soort,mv,basis)	1	715334	98.82
derjust WW(vd,vrij,zonder)	1	715335	98.8201
dergelijk ADJ(nom,basis,met-e,zonder-n,stan)	1	715336	98.8202
derek N(soort,ev,basis,zijd,stan)	1	715337	98.8204
derderangsbv N(soort,mv,basis)	1	715338	98.8205
derdejaar N(soort,mv,basis)	1	715339	98.8207
derbyresultaat N(soort,mv,basis)	1	715340	98.8208
derbij N(soort,ev,basis,zijd,stan)	1	715341	98.8209
depuis SPEC(vreemd)	1	715342	98.8211
deprivation SPEC(vreemd)	1	715343	98.8212
deprimeren WW(od,vrij,zonder)	1	715344	98.8213
depressief N(soort,ev,basis,zijd,stan)	1	715345	98.8215
depressed SPEC(vreemd)	1	715346	98.8216
depot N(soort,ev,basis,onz,stan)	1	715347	98.8218
deployed WW(pv,verl,ev)	1	715348	98.8219
depickere N(soort,ev,basis,zijd,stan)	1	715349	98.822
dependent N(soort,ev,basis,zijd,stan)	1	715350	98.8222
departure SPEC(vreemd)	1	715351	98.8223
departure N(soort,ev,basis,zijd,stan)	1	715352	98.8225
depa N(soort,ev,basis,onz,stan)	1	715353	98.8226
deodorant N(soort,ev,basis,zijd,stan)	1	715354	98.8227
deo N(soort,ev,basis,zijd,stan)	1	715355	98.8229
denniiiiiiii N(soort,ev,basis,onz,stan)	1	715356	98.823
denkut N(soort,ev,basis,zijd,stan)	1	715357	98.8231
denkn WW(pv,verl,mv)	1	715358	98.8233
denkik N(soort,ev,basis,zijd,stan)	1	715359	98.8234
denkik ADJ(vrij,basis,zonder)	1	715360	98.8236
denkfout N(soort,ev,basis,zijd,stan)	1	715361	98.8237
denket WW(pv,tgw,ev)	1	715362	98.8238
denkek ADJ(vrij,basis,zonder)	1	715363	98.824
denke WW(pv,tgw,ev)	1	715364	98.8241
denkaanjouliefste WW(pv,verl,ev)	1	715365	98.8242
denkaanje N(soort,ev,dim,onz,stan)	1	715366	98.8244
denekamp N(soort,ev,basis,onz,stan)	1	715367	98.8245
dendermonde WW(od,prenom,met-e)	1	715368	98.8247
dendermonde ADJ(prenom,basis,met-e,stan)	1	715369	98.8248
dender ADJ(vrij,comp,zonder)	1	715370	98.8249
den SPEC(vreemd)	1	715371	98.8251
den SPEC(deeleigen)	1	715372	98.8252
demonteren WW(vd,vrij,zonder)	1	715373	98.8254
demonisch ADJ(prenom,basis,met-e,stan)	1	715374	98.8255
demoling N(soort,ev,dim,onz,stan)	1	715375	98.8256
demin N(soort,ev,basis,zijd,stan)	1	715376	98.8258
demi SPEC(vreemd)	1	715377	98.8259
dement ADJ(prenom,basis,met-e,stan)	1	715378	98.826
dembele TW(hoofd,vrij)	1	715379	98.8262
demander SPEC(vreemd)	1	715380	98.8263
demain SPEC(vreemd)	1	715381	98.8265
dem SPEC(vreemd)	1	715382	98.8266
delven WW(pv,verl,ev)	1	715383	98.8267
delphine N(soort,ev,basis,zijd,stan)	1	715384	98.8269
dell SPEC(deeleigen)	1	715385	98.827
delivery SPEC(vreemd)	1	715386	98.8271
delilah ADJ(vrij,basis,zonder)	1	715387	98.8273
deliberatie N(soort,mv,basis)	1	715388	98.8274
delfts ADJ(prenom,basis,zonder)	1	715389	98.8276
delfts ADJ(prenom,basis,met-e,stan)	1	715390	98.8277
deleten WW(pv,tgw,ev)	1	715391	98.8278
delenxd N(soort,ev,basis,onz,stan)	1	715392	98.828
delen WW(vd,prenom,met-e)	1	715393	98.8281
delen WW(pv,verl,ev)	1	715394	98.8283
delen WW(pv,tgw,ev)	1	715395	98.8284
delay SPEC(vreemd)	1	715396	98.8285
del SPEC(deeleigen)	1	715397	98.8287
del N(soort,mv,basis)	1	715398	98.8288
deksel N(soort,mv,basis)	1	715399	98.8289
dekmatras SPEC(vreemd)	1	715400	98.8291
dekmatras N(soort,ev,basis,onz,stan)	1	715401	98.8292
dekking N(soort,ev,basis,zijd,stan)	1	715402	98.8294
dekken WW(inf,vrij,zonder)	1	715403	98.8295
deken N(soort,ev,dim,onz,stan)	1	715404	98.8296
deken N(soort,ev,basis,zijd,stan)	1	715405	98.8298
deike N(soort,ev,basis,zijd,stan)	1	715406	98.8299
degrÃ© N(soort,mv,basis)	1	715407	98.83
degraderen WW(inf,vrij,zonder)	1	715408	98.8302
degelijk ADJ(prenom,basis,zonder)	1	715409	98.8303
defvoor N(soort,ev,basis,zijd,stan)	1	715410	98.8305
deftig ADJ(prenom,basis,zonder)	1	715411	98.8306
deftig ADJ(prenom,basis,met-e,stan)	1	715412	98.8307
definition SPEC(vreemd)	1	715413	98.8309
definitie N(soort,ev,basis,zijd,stan)	1	715414	98.831
definitely SPEC(vreemd)	1	715415	98.8312
defensiebeleid N(soort,ev,basis,onz,stan)	1	715416	98.8313
defense SPEC(vreemd)	1	715417	98.8314
defect ADJ(vrij,basis,zonder)	1	715418	98.8316
defauw N(soort,ev,basis,zijd,stan)	1	715419	98.8317
def SPEC(vreemd)	1	715420	98.8318
def LID(bep,stan,rest)	1	715421	98.832
def ADJ(vrij,comp,zonder)	1	715422	98.8321
dees VNW(aanw,pron,dial)	1	715423	98.8323
dees VNW(aanw,det,dial)	1	715424	98.8324
deen N(soort,mv,basis)	1	715425	98.8325
deeltijds ADJ(prenom,basis,zonder)	1	715426	98.8327
deelnemer N(soort,mv,basis)	1	715427	98.8328
deelnemer N(soort,ev,basis,zijd,stan)	1	715428	98.8329
deelnemen WW(inf,vrij,zonder)	1	715429	98.8331
deeg N(soort,ev,basis,onz,stan)	1	715430	98.8332
deedie N(soort,ev,basis,zijd,stan)	1	715431	98.8334
dee LID(bep,stan,rest)	1	715432	98.8335
deduce SPEC(vreemd)	1	715433	98.8336
deddie N(soort,ev,basis,zijd,stan)	1	715434	98.8338
decrock N(soort,ev,basis,zijd,stan)	1	715435	98.8339
decoreren WW(inf,vrij,zonder)	1	715436	98.8341
decoratie N(soort,ev,basis,zijd,stan)	1	715437	98.8342
decorated SPEC(vreemd)	1	715438	98.8343
decolte N(soort,ev,basis,zijd,stan)	1	715439	98.8345
declareren WW(inf,vrij,zonder)	1	715440	98.8346
decision SPEC(vreemd)	1	715441	98.8347
decimaal N(soort,mv,basis)	1	715442	98.8349
deciding SPEC(vreemd)	1	715443	98.835
decibel N(soort,mv,basis)	1	715444	98.8352
decennium N(soort,mv,basis)	1	715445	98.8353
decauto N(soort,ev,basis,zijd,stan)	1	715446	98.8354
decatlon N(soort,ev,basis,zijd,stan)	1	715447	98.8356
decadance N(soort,ev,basis,zijd,stan)	1	715448	98.8357
decaan N(soort,ev,basis,zijd,stan)	1	715449	98.8359
dec. SPEC(afk)	1	715450	98.836
dec WW(pv,tgw,ev)	1	715451	98.8361
dec N(soort,ev,basis,onz,stan)	1	715452	98.8363
dec ADJ(vrij,basis,zonder)	1	715453	98.8364
debuut N(soort,ev,basis,onz,stan)	1	715454	98.8365
debroodje N(soort,mv,dim)	1	715455	98.8367
debielenclub N(soort,ev,basis,zijd,stan)	1	715456	98.8368
debiel ADJ(prenom,basis,met-e,stan)	1	715457	98.837
debbie N(soort,ev,basis,zijd,stan)	1	715458	98.8371
debatteren WW(inf,vrij,zonder)	1	715459	98.8372
debatteren WW(inf,nom,zonder,zonder-n)	1	715460	98.8374
debat N(soort,mv,basis)	1	715461	98.8375
debat N(soort,ev,basis,onz,stan)	1	715462	98.8376
death SPEC(vreemd)	1	715463	98.8378
dealer N(soort,ev,basis,zijd,stan)	1	715464	98.8379
deak N(soort,ev,basis,zijd,stan)	1	715465	98.8381
ddl N(soort,ev,basis,zijd,stan)	1	715466	98.8382
ddi SPEC(deeleigen)	1	715467	98.8383
dd SPEC(afk)	1	715468	98.8385
dc SPEC(deeleigen)	1	715469	98.8386
dc BW()	1	715470	98.8388
dbus N(soort,ev,basis,zijd,stan)	1	715471	98.8389
db WW(pv,verl,ev)	1	715472	98.839
db BW()	1	715473	98.8392
dazze SPEC(vreemd)	1	715474	98.8393
dazze BW()	1	715475	98.8394
dazos ADJ(prenom,basis,met-e,stan)	1	715476	98.8396
daze SPEC(vreemd)	1	715477	98.8397
daywise N(soort,ev,basis,zijd,stan)	1	715478	98.8399
dayfly N(soort,ev,basis,zijd,stan)	1	715479	98.84
dawwe WW(pv,verl,ev)	1	715480	98.8401
dawe N(soort,ev,basis,zijd,stan)	1	715481	98.8403
davy SPEC(vreemd)	1	715482	98.8404
davidsster N(soort,ev,basis,zijd,stan)	1	715483	98.8405
david N(soort,ev,basis,onz,stan)	1	715484	98.8407
daveren WW(pv,tgw,ev)	1	715485	98.8408
daveren WW(od,prenom,zonder)	1	715486	98.841
dauer N(soort,ev,basis,zijd,stan)	1	715487	98.8411
dattet WW(vd,vrij,zonder)	1	715488	98.8412
datter SPEC(vreemd)	1	715489	98.8414
dattem WW(pv,tgw,ev)	1	715490	98.8415
datte N(soort,mv,basis)	1	715491	98.8417
datklaar ADJ(vrij,basis,zonder)	1	715492	98.8418
datk N(soort,ev,basis,zijd,stan)	1	715493	98.8419
datje N(soort,ev,dim,onz,stan)	1	715494	98.8421
datgene VNW(aanw,det,stan,nom,met-e,zonder-n)	1	715495	98.8422
dataverz N(soort,ev,basis,zijd,stan)	1	715496	98.8423
datapin N(soort,mv,basis)	1	715497	98.8425
datacomponent N(soort,mv,basis)	1	715498	98.8426
data-analyse N(soort,ev,basis,zijd,stan)	1	715499	98.8428
dat.ik SPEC(symb)	1	715500	98.8429
dat-ie N(soort,ev,basis,zijd,stan)	1	715501	98.843
daswaar N(soort,ev,basis,onz,stan)	1	715502	98.8432
das VNW(aanw,pron,stan,vol,3o,ev)	1	715503	98.8433
darumprikker N(soort,ev,basis,zijd,stan)	1	715504	98.8434
darten WW(inf,nom,zonder,zonder-n)	1	715505	98.8436
darn N(soort,ev,basis,zijd,stan)	1	715506	98.8437
darminf N(soort,ev,basis,onz,stan)	1	715507	98.8439
darm N(soort,mv,dim)	1	715508	98.844
darm N(soort,mv,basis)	1	715509	98.8441
darling SPEC(vreemd)	1	715510	98.8443
darkroom N(soort,ev,basis,zijd,stan)	1	715511	98.8444
darkred SPEC(vreemd)	1	715512	98.8446
dapper ADJ(prenom,basis,zonder)	1	715513	98.8447
danzijn N(soort,ev,basis,zijd,stan)	1	715514	98.8448
danwel VG(neven)	1	715515	98.845
dansvloer N(soort,ev,basis,zijd,stan)	1	715516	98.8451
dansschool N(soort,ev,basis,zijd,stan)	1	715517	98.8452
dansschoen N(soort,mv,basis)	1	715518	98.8454
dansmoves N(soort,mv,dim)	1	715519	98.8455
dansen WW(pv,tgw,ev)	1	715520	98.8457
dansen WW(od,prenom,met-e)	1	715521	98.8458
dansen WW(inf,nom,zonder,zonder-n)	1	715522	98.8459
dansdemo N(soort,mv,basis)	1	715523	98.8461
danscursus N(soort,ev,basis,zijd,stan)	1	715524	98.8462
dans SPEC(deeleigen)	1	715525	98.8463
dans N(soort,mv,dim)	1	715526	98.8465
danne N(soort,ev,basis,zijd,stan)	1	715527	98.8466
dankuwel VG(neven)	1	715528	98.8468
dankuwel SPEC(symb)	1	715529	98.8469
dankuwel ADJ(prenom,basis,zonder)	1	715530	98.847
dankuuu ADJ(vrij,basis,zonder)	1	715531	98.8472
danku N(soort,ev,basis,onz,stan)	1	715532	98.8473
dankoe BW()	1	715533	98.8475
dankjewel WW(pv,verl,ev)	1	715534	98.8476
dankjewel WW(pv,tgw,ev)	1	715535	98.8477
dankjewel ADJ(vrij,basis,zonder)	1	715536	98.8479
dankjel N(soort,ev,basis,zijd,stan)	1	715537	98.848
dankjee SPEC(deeleigen)	1	715538	98.8481
dankjee N(soort,ev,basis,zijd,stan)	1	715539	98.8483
dankdag BW()	1	715540	98.8484
dankbetuiging N(soort,ev,basis,zijd,stan)	1	715541	98.8486
dankbaar ADJ(prenom,basis,zonder)	1	715542	98.8487
dankaxb WW(pv,verl,ev)	1	715543	98.8488
dank SPEC(vreemd)	1	715544	98.849
danielle N(soort,ev,basis,zijd,stan)	1	715545	98.8491
dan.kan N(soort,ev,basis,zijd,stan)	1	715546	98.8493
dan.een N(soort,mv,basis)	1	715547	98.8494
damwedstrijd N(soort,ev,basis,zijd,stan)	1	715548	98.8495
dampoort N(soort,ev,basis,onz,stan)	1	715549	98.8497
damnyouautocorrect N(soort,ev,basis,onz,stan)	1	715550	98.8498
damned SPEC(vreemd)	1	715551	98.8499
dammen WW(inf,nom,zonder,zonder-n)	1	715552	98.8501
damesteam N(soort,mv,basis)	1	715553	98.8502
dame N(soort,mv,dim)	1	715554	98.8504
damaris N(soort,ev,basis,zijd,stan)	1	715555	98.8505
daluur N(soort,mv,basis)	1	715556	98.8506
dalfsen N(soort,mv,basis)	1	715557	98.8508
dalen WW(pv,tgw,met-t)	1	715558	98.8509
dalen WW(od,prenom,met-e)	1	715559	98.851
dalen WW(inf,vrij,zonder)	1	715560	98.8512
dal N(soort,ev,basis,onz,stan)	1	715561	98.8513
dakterras N(soort,ev,basis,onz,stan)	1	715562	98.8515
dakpan N(soort,mv,basis)	1	715563	98.8516
dakket N(soort,ev,basis,zijd,stan)	1	715564	98.8517
dakik ADJ(vrij,basis,zonder)	1	715565	98.8519
dak WW(pv,tgw,ev)	1	715566	98.852
dak SPEC(vreemd)	1	715567	98.8522
dak N(soort,ev,dim,onz,stan)	1	715568	98.8523
dajjet N(soort,ev,basis,onz,stan)	1	715569	98.8524
daje SPEC(vreemd)	1	715570	98.8526
daje ADJ(prenom,basis,met-e,stan)	1	715571	98.8527
daj VNW(aanw,pron,stan,vol,3o,ev)	1	715572	98.8528
daily N(soort,ev,basis,zijd,stan)	1	715573	98.853
dai SPEC(deeleigen)	1	715574	98.8531
dahbi SPEC(vreemd)	1	715575	98.8533
dahaag N(soort,ev,basis,zijd,stan)	1	715576	98.8534
daguur N(soort,mv,basis)	1	715577	98.8535
dagtocht WW(vd,vrij,zonder)	1	715578	98.8537
dagtocht N(soort,ev,basis,zijd,stan)	1	715579	98.8538
dagkaart N(soort,ev,basis,zijd,stan)	1	715580	98.8539
daggetwit N(soort,ev,basis,zijd,stan)	1	715581	98.8541
dagge ADJ(prenom,basis,met-e,stan)	1	715582	98.8542
dagenlang ADJ(vrij,basis,zonder)	1	715583	98.8544
dagen WW(inf,vrij,zonder)	1	715584	98.8545
dagelijks ADJ(prenom,basis,met-e,stan)	1	715585	98.8546
dagding N(soort,mv,basis)	1	715586	98.8548
dagdienst N(soort,ev,basis,zijd,stan)	1	715587	98.8549
dagboekbericht N(soort,ev,basis,zijd,stan)	1	715588	98.8551
dagboek N(soort,ev,basis,onz,stan)	1	715589	98.8552
dag-nacht-ritme N(soort,ev,basis,onz,stan)	1	715590	98.8553
dafdaf WW(pv,verl,ev)	1	715591	98.8555
dafalgans N(soort,mv,basis)	1	715592	98.8556
dafalgan BW()	1	715593	98.8557
daf BW()	1	715594	98.8559
dae N(soort,ev,basis,zijd,stan)	1	715595	98.856
dader N(soort,ev,basis,zijd,stan)	1	715596	98.8562
daddy SPEC(vreemd)	1	715597	98.8563
dadde VNW(aanw,pron,dial)	1	715598	98.8564
dadar SPEC(vreemd)	1	715599	98.8566
dadaaa N(soort,ev,basis,zijd,stan)	1	715600	98.8567
dada N(soort,ev,basis,genus,stan)	1	715601	98.8568
dad ADJ(vrij,basis,zonder)	1	715602	98.857
dachtek WW(pv,tgw,met-t)	1	715603	98.8571
dabei WW(pv,tgw,ev)	1	715604	98.8573
dabei N(soort,ev,basis,zijd,stan)	1	715605	98.8574
dabal N(soort,ev,basis,onz,stan)	1	715606	98.8575
daaronder BW()	1	715607	98.8577
daarnetbom ADJ(vrij,basis,zonder)	1	715608	98.8578
daan N(soort,ev,basis,zijd,stan)	1	715609	98.858
daalseweg N(soort,ev,basis,zijd,stan)	1	715610	98.8581
daag N(soort,mv,dim)	1	715611	98.8582
daadkrachtig ADJ(vrij,comp,zonder)	1	715612	98.8584
daad N(soort,mv,basis)	1	715613	98.8585
daad N(soort,ev,basis,zijd,stan)	1	715614	98.8586
daaar ADJ(vrij,basis,zonder)	1	715615	98.8588
daaaaag N(soort,ev,basis,zijd,stan)	1	715616	98.8589
daa N(soort,ev,basis,zijd,stan)	1	715617	98.8591
da.Xx SPEC(symb)	1	715618	98.8592
d-toets N(soort,ev,basis,zijd,stan)	1	715619	98.8593
cÃ¶kxpon SPEC(vreemd)	1	715620	98.8595
cÃ´te SPEC(vreemd)	1	715621	98.8596
cz VG(neven)	1	715622	98.8597
cyprus N(soort,ev,basis,zijd,stan)	1	715623	98.8599
cynisch ADJ(prenom,basis,zonder)	1	715624	98.86
cynisch ADJ(prenom,basis,met-e,stan)	1	715625	98.8602
cyfer N(soort,mv,dim)	1	715626	98.8603
cx N(soort,mv,basis)	1	715627	98.8604
cv N(soort,mv,basis)	1	715628	98.8606
cuz SPEC(vreemd)	1	715629	98.8607
cute SPEC(vreemd)	1	715630	98.8609
custodix N(soort,ev,basis,zijd,stan)	1	715631	98.861
cusoon N(soort,ev,basis,zijd,stan)	1	715632	98.8611
cursusleider N(soort,ev,basis,zijd,stan)	1	715633	98.8613
cursus ADJ(prenom,basis,met-e,stan)	1	715634	98.8614
currysaus N(soort,ev,basis,zijd,stan)	1	715635	98.8615
curryketchup N(soort,ev,basis,zijd,stan)	1	715636	98.8617
curry SPEC(vreemd)	1	715637	98.8618
curiosity SPEC(vreemd)	1	715638	98.862
curieus ADJ(vrij,basis,zonder)	1	715639	98.8621
cupcakes N(soort,mv,dim)	1	715640	98.8622
cupcake N(soort,ev,dim,onz,stan)	1	715641	98.8624
cup N(soort,mv,basis)	1	715642	98.8625
cums-hot N(soort,ev,basis,zijd,stan)	1	715643	98.8627
cumel N(soort,ev,basis,onz,stan)	1	715644	98.8628
cultuursector N(soort,ev,basis,zijd,stan)	1	715645	98.8629
cultuurcheque N(soort,mv,basis)	1	715646	98.8631
cultureel ADJ(prenom,basis,met-e,stan)	1	715647	98.8632
culture SPEC(vreemd)	1	715648	98.8633
culture N(soort,ev,basis,zijd,stan)	1	715649	98.8635
cult N(soort,ev,basis,zijd,stan)	1	715650	98.8636
cullum SPEC(deeleigen)	1	715651	98.8638
culinarium N(soort,mv,basis)	1	715652	98.8639
culinaria-kaart N(soort,mv,basis)	1	715653	98.864
culinair ADJ(prenom,basis,zonder)	1	715654	98.8642
culinair ADJ(prenom,basis,met-e,stan)	1	715655	98.8643
culemborg N(soort,ev,basis,zijd,stan)	1	715656	98.8644
cuisine SPEC(vreemd)	1	715657	98.8646
cuijk N(soort,ev,basis,zijd,stan)	1	715658	98.8647
cuba SPEC(vreemd)	1	715659	98.8649
cu WW(pv,tgw,ev)	1	715660	98.865
ctive SPEC(vreemd)	1	715661	98.8651
cst SPEC(vreemd)	1	715662	98.8653
cs N(soort,ev,basis,zijd,stan)	1	715663	98.8654
cs ADJ(vrij,basis,zonder)	1	715664	98.8656
crying SPEC(vreemd)	1	715665	98.8657
cruzen WW(inf,vrij,zonder)	1	715666	98.8658
crush SPEC(vreemd)	1	715667	98.866
cruiser N(soort,ev,basis,zijd,stan)	1	715668	98.8661
cruisen N(soort,mv,basis)	1	715669	98.8662
cruisecontrol N(soort,ev,basis,zijd,stan)	1	715670	98.8664
cruise SPEC(vreemd)	1	715671	98.8665
crucify SPEC(vreemd)	1	715672	98.8667
cruciaal ADJ(vrij,basis,zonder)	1	715673	98.8668
cru ADJ(vrij,basis,zonder)	1	715674	98.8669
croupier N(soort,ev,basis,zijd,stan)	1	715675	98.8671
crosstrainen WW(inf,vrij,zonder)	1	715676	98.8672
crossroad SPEC(vreemd)	1	715677	98.8673
crossing SPEC(vreemd)	1	715678	98.8675
crossen WW(inf,vrij,zonder)	1	715679	98.8676
crossed WW(pv,verl,ev)	1	715680	98.8678
crossed SPEC(vreemd)	1	715681	98.8679
crosby N(soort,ev,basis,zijd,stan)	1	715682	98.868
croques N(soort,mv,dim)	1	715683	98.8682
crisp N(soort,ev,basis,zijd,stan)	1	715684	98.8683
crisismarketing N(soort,ev,basis,zijd,stan)	1	715685	98.8685
crisis N(soort,mv,basis)	1	715686	98.8686
cris N(soort,ev,basis,zijd,stan)	1	715687	98.8687
criminologie N(soort,ev,basis,zijd,stan)	1	715688	98.8689
crimineel N(soort,ev,basis,zijd,stan)	1	715689	98.869
criminals N(soort,mv,basis)	1	715690	98.8691
criminaliteit N(soort,ev,basis,zijd,stan)	1	715691	98.8693
crieren WW(inf,vrij,zonder)	1	715692	98.8694
cricketfestijn N(soort,ev,basis,onz,stan)	1	715693	98.8696
cricket-club N(soort,ev,basis,zijd,stan)	1	715694	98.8697
crevit N(soort,mv,basis)	1	715695	98.8698
creuset SPEC(vreemd)	1	715696	98.87
creme-brulÃ©e ADJ(prenom,basis,met-e,stan)	1	715697	98.8701
crefi N(soort,ev,basis,zijd,stan)	1	715698	98.8702
creeren N(soort,mv,basis)	1	715699	98.8704
creep SPEC(vreemd)	1	715700	98.8705
cred SPEC(vreemd)	1	715701	98.8707
creationary SPEC(vreemd)	1	715702	98.8708
creatie N(soort,ev,basis,zijd,stan)	1	715703	98.8709
cream SPEC(vreemd)	1	715704	98.8711
craziness SPEC(vreemd)	1	715705	98.8712
crashen WW(pv,verl,ev)	1	715706	98.8714
crappy SPEC(vreemd)	1	715707	98.8715
cranberrysap N(soort,ev,basis,onz,stan)	1	715708	98.8716
cranberry-vlierbes SPEC(vreemd)	1	715709	98.8718
cranberry SPEC(vreemd)	1	715710	98.8719
craag N(soort,mv,basis)	1	715711	98.872
cq VG(neven)	1	715712	98.8722
coÃ¶rdineren WW(pv,tgw,mv)	1	715713	98.8723
coÃ¶rdineren WW(pv,tgw,ev)	1	715714	98.8725
coÃ¶rdinator N(soort,mv,basis)	1	715715	98.8726
coz BW()	1	715716	98.8727
cowbow N(soort,mv,basis)	1	715717	98.8729
cow N(soort,ev,basis,zijd,stan)	1	715718	98.873
coverplaat N(soort,ev,basis,onz,stan)	1	715719	98.8731
coverage ADJ(prenom,basis,met-e,stan)	1	715720	98.8733
cousy SPEC(vreemd)	1	715721	98.8734
couscoussalade N(soort,ev,basis,zijd,stan)	1	715722	98.8736
cours SPEC(vreemd)	1	715723	98.8737
courier N(soort,ev,basis,zijd,stan)	1	715724	98.8738
courgettesoep N(soort,ev,basis,zijd,stan)	1	715725	98.874
courgette N(soort,mv,basis)	1	715726	98.8741
coureur N(soort,ev,dim,onz,stan)	1	715727	98.8743
coupÃ© N(soort,ev,basis,zijd,stan)	1	715728	98.8744
coupons SPEC(vreemd)	1	715729	98.8745
coup N(soort,ev,dim,onz,stan)	1	715730	98.8747
coup N(soort,ev,basis,zijd,stan)	1	715731	98.8748
counter N(soort,ev,basis,zijd,stan)	1	715732	98.8749
couleur SPEC(vreemd)	1	715733	98.8751
couldnt SPEC(vreemd)	1	715734	98.8752
couldn't SPEC(vreemd)	1	715735	98.8754
couldf ADJ(prenom,basis,met-e,stan)	1	715736	98.8755
couch N(soort,ev,basis,onz,stan)	1	715737	98.8756
costume SPEC(vreemd)	1	715738	98.8758
costas SPEC(vreemd)	1	715739	98.8759
cosmetisch ADJ(prenom,basis,zonder)	1	715740	98.8761
coschap N(soort,mv,basis)	1	715741	98.8762
corvinteto SPEC(vreemd)	1	715742	98.8763
corveesysteem N(soort,ev,basis,onz,stan)	1	715743	98.8765
corrupt ADJ(vrij,basis,zonder)	1	715744	98.8766
corrections SPEC(vreemd)	1	715745	98.8767
correction SPEC(vreemd)	1	715746	98.8769
correcting SPEC(vreemd)	1	715747	98.877
correctiewerk N(soort,ev,basis,onz,stan)	1	715748	98.8772
correctie N(soort,mv,basis)	1	715749	98.8773
correct ADJ(prenom,basis,zonder)	1	715750	98.8774
corps N(soort,ev,basis,onz,stan)	1	715751	98.8776
coronas N(soort,ev,basis,zijd,stan)	1	715752	98.8777
corona N(soort,ev,basis,zijd,stan)	1	715753	98.8778
cornflake N(soort,mv,basis)	1	715754	98.878
corinne N(soort,ev,basis,zijd,stan)	1	715755	98.8781
corenmaet N(soort,ev,basis,zijd,stan)	1	715756	98.8783
coref N(soort,ev,basis,zijd,stan)	1	715757	98.8784
core N(soort,mv,basis)	1	715758	98.8785
cordobas N(soort,mv,basis)	1	715759	98.8787
cord SPEC(vreemd)	1	715760	98.8788
cora SPEC(vreemd)	1	715761	98.879
cor SPEC(vreemd)	1	715762	98.8791
copyshop N(soort,ev,basis,zijd,stan)	1	715763	98.8792
copyright-boodschap N(soort,mv,basis)	1	715764	98.8794
copyright N(soort,ev,basis,onz,stan)	1	715765	98.8795
copycenter N(soort,ev,basis,onz,stan)	1	715766	98.8796
copycent ADJ(vrij,comp,zonder)	1	715767	98.8798
coping SPEC(vreemd)	1	715768	98.8799
copain SPEC(vreemd)	1	715769	98.8801
cop SPEC(vreemd)	1	715770	98.8802
coorevit N(soort,mv,basis)	1	715771	98.8803
coordinator N(soort,ev,basis,zijd,stan)	1	715772	98.8805
coordinatiedienst N(soort,ev,basis,zijd,stan)	1	715773	98.8806
coordinaat N(soort,mv,basis)	1	715774	98.8807
coor N(soort,ev,basis,zijd,stan)	1	715775	98.8809
coop WW(pv,verl,ev)	1	715776	98.881
coop N(soort,ev,basis,zijd,stan)	1	715777	98.8812
coolste WW(pv,verl,ev)	1	715778	98.8813
cools ADJ(nom,sup,met-e,zonder-n,stan)	1	715779	98.8814
cooling SPEC(vreemd)	1	715780	98.8816
coolen ADJ(dial)	1	715781	98.8817
cookin SPEC(vreemd)	1	715782	98.8819
coogan N(soort,ev,basis,zijd,stan)	1	715783	98.882
converteren WW(vd,prenom,met-e)	1	715784	98.8821
conversation SPEC(vreemd)	1	715785	98.8823
conventeren N(soort,mv,basis)	1	715786	98.8824
controller SPEC(vreemd)	1	715787	98.8825
controleren WW(pv,tgw,met-t)	1	715788	98.8827
controlere ADJ(prenom,basis,met-e,stan)	1	715789	98.8828
controlefreak N(soort,ev,basis,zijd,stan)	1	715790	98.883
controle N(soort,mv,basis)	1	715791	98.8831
control SPEC(vreemd)	1	715792	98.8832
contributie WW(pv,tgw,ev)	1	715793	98.8834
contributie N(soort,ev,basis,zijd,stan)	1	715794	98.8835
contrastvloeistof N(soort,ev,basis,zijd,stan)	1	715795	98.8836
contrast N(soort,mv,basis)	1	715796	98.8838
contrast N(soort,ev,basis,onz,stan)	1	715797	98.8839
contradiction SPEC(vreemd)	1	715798	98.8841
contractverlenging N(soort,ev,basis,zijd,stan)	1	715799	98.8842
contract N(soort,mv,basis)	1	715800	98.8843
continuwd SPEC(vreemd)	1	715801	98.8845
continued SPEC(vreemd)	1	715802	98.8846
content ADJ(prenom,basis,zonder)	1	715803	98.8848
containerparkkaart N(soort,ev,basis,zijd,stan)	1	715804	98.8849
contactvraag N(soort,ev,basis,zijd,stan)	1	715805	98.885
contactgegeven N(soort,mv,basis)	1	715806	98.8852
consultatie N(soort,ev,basis,zijd,stan)	1	715807	98.8853
consulent N(soort,ev,basis,zijd,stan)	1	715808	98.8854
constructie N(soort,ev,basis,zijd,stan)	1	715809	98.8856
constitutieborrel N(soort,ev,basis,zijd,stan)	1	715810	98.8857
consternatie N(soort,ev,basis,zijd,stan)	1	715811	98.8859
constateren WW(pv,verl,ev)	1	715812	98.886
constateren WW(pv,tgw,ev)	1	715813	98.8861
considering SPEC(vreemd)	1	715814	98.8863
consensus N(soort,ev,basis,zijd,stan)	1	715815	98.8864
conrad N(soort,ev,basis,zijd,stan)	1	715816	98.8865
connemara SPEC(vreemd)	1	715817	98.8867
connector N(soort,ev,basis,zijd,stan)	1	715818	98.8868
connections N(soort,mv,basis)	1	715819	98.887
connection SPEC(vreemd)	1	715820	98.8871
connaisseur N(soort,ev,basis,zijd,stan)	1	715821	98.8872
conifeer N(soort,ev,basis,zijd,stan)	1	715822	98.8874
congÃ© N(soort,ev,basis,zijd,stan)	1	715823	98.8875
congÃ© N(soort,ev,basis,genus,stan)	1	715824	98.8877
congresmeisje N(soort,ev,dim,onz,stan)	1	715825	98.8878
congresmanager ADJ(vrij,comp,zonder)	1	715826	98.8879
congresbureau N(soort,ev,basis,onz,stan)	1	715827	98.8881
congrats N(soort,ev,basis,zijd,stan)	1	715828	98.8882
conge SPEC(vreemd)	1	715829	98.8883
conge N(soort,ev,basis,dat)	1	715830	98.8885
conge ADJ(nom,basis,met-e,zonder-n,stan)	1	715831	98.8886
cong ADJ(prenom,basis,zonder)	1	715832	98.8888
confusion SPEC(vreemd)	1	715833	98.8889
confused N(soort,ev,basis,onz,stan)	1	715834	98.889
conflict N(soort,mv,basis)	1	715835	98.8892
confiuurpot N(soort,ev,basis,zijd,stan)	1	715836	98.8893
confisceren WW(vd,vrij,zonder)	1	715837	98.8895
confirmation SPEC(vreemd)	1	715838	98.8896
confirm N(soort,ev,basis,zijd,stan)	1	715839	98.8897
conferentiegebouw N(soort,ev,basis,zijd,stan)	1	715840	98.8899
conf N(soort,ev,basis,zijd,stan)	1	715841	98.89
conductrice N(soort,ev,basis,zijd,stan)	1	715842	98.8901
conditietraining N(soort,ev,basis,zijd,stan)	1	715843	98.8903
condensed SPEC(vreemd)	1	715844	98.8904
concurrentie N(soort,ev,basis,zijd,stan)	1	715845	98.8906
concurrent N(soort,mv,basis)	1	715846	98.8907
concreet ADJ(vrij,comp,zonder)	1	715847	98.8908
concreet ADJ(prenom,basis,zonder)	1	715848	98.891
concluderen WW(inf,vrij,zonder)	1	715849	98.8911
concertzaal N(soort,ev,basis,zijd,stan)	1	715850	98.8912
concert N(soort,mv,basis)	1	715851	98.8914
concern N(soort,ev,basis,onz,stan)	1	715852	98.8915
conceptvakantie N(soort,ev,basis,zijd,stan)	1	715853	98.8917
conceptueel ADJ(prenom,basis,zonder)	1	715854	98.8918
conact ADJ(vrij,basis,zonder)	1	715855	98.8919
comuterlokaal N(soort,ev,basis,zijd,stan)	1	715856	98.8921
comthank N(soort,mv,basis)	1	715857	98.8922
computerzaal N(soort,ev,basis,zijd,stan)	1	715858	98.8924
computerweg N(soort,ev,basis,zijd,stan)	1	715859	98.8925
computerte N(soort,ev,basis,zijd,stan)	1	715860	98.8926
computertaalkunde N(soort,ev,basis,zijd,stan)	1	715861	98.8928
computerspel N(soort,ev,dim,onz,stan)	1	715862	98.8929
computernerd N(soort,mv,basis)	1	715863	98.893
computerhok N(soort,ev,basis,onz,stan)	1	715864	98.8932
computerarchitect N(soort,ev,basis,onz,stan)	1	715865	98.8933
computer SPEC(vreemd)	1	715866	98.8935
computational N(soort,ev,basis,zijd,stan)	1	715867	98.8936
compus N(soort,mv,basis)	1	715868	98.8937
compromis N(soort,ev,basis,onz,stan)	1	715869	98.8939
component N(soort,mv,basis)	1	715870	98.894
complÃ¨tement N(soort,ev,basis,zijd,stan)	1	715871	98.8941
complot N(soort,ev,basis,onz,stan)	1	715872	98.8943
compliments N(soort,ev,basis,zijd,stan)	1	715873	98.8944
complicated SPEC(vreemd)	1	715874	98.8946
complexbeheerder N(soort,ev,basis,zijd,stan)	1	715875	98.8947
complex ADJ(vrij,comp,zonder)	1	715876	98.8948
complex ADJ(prenom,basis,met-e,stan)	1	715877	98.895
compleet ADJ(vrij,comp,zonder)	1	715878	98.8951
compleet ADJ(prenom,basis,zonder)	1	715879	98.8953
compleaÃ±os SPEC(deeleigen)	1	715880	98.8954
complaints SPEC(vreemd)	1	715881	98.8955
complaints N(soort,ev,basis,zijd,stan)	1	715882	98.8957
complaining SPEC(vreemd)	1	715883	98.8958
compileren WW(inf,vrij,zonder)	1	715884	98.8959
competietie N(soort,ev,basis,zijd,stan)	1	715885	98.8961
competentie N(soort,ev,basis,zijd,stan)	1	715886	98.8962
competely SPEC(vreemd)	1	715887	98.8964
compenseren WW(pv,tgw,met-t)	1	715888	98.8965
compensator N(soort,ev,basis,zijd,stan)	1	715889	98.8966
compensate SPEC(vreemd)	1	715890	98.8968
compendium SPEC(vreemd)	1	715891	98.8969
compact ADJ(vrij,basis,zonder)	1	715892	98.897
comp SPEC(vreemd)	1	715893	98.8972
comp N(soort,ev,basis,zijd,stan)	1	715894	98.8973
communities SPEC(vreemd)	1	715895	98.8975
communiceren WW(inf,vrij,zonder)	1	715896	98.8976
communiceer N(soort,ev,basis,zijd,stan)	1	715897	98.8977
communice N(soort,mv,basis)	1	715898	98.8979
communicatief ADJ(prenom,basis,zonder)	1	715899	98.898
communicatie SPEC(vreemd)	1	715900	98.8982
commotie N(soort,ev,basis,zijd,stan)	1	715901	98.8983
committee SPEC(vreemd)	1	715902	98.8984
committed SPEC(vreemd)	1	715903	98.8986
commits N(soort,ev,basis,zijd,stan)	1	715904	98.8987
commissiegenoot N(soort,mv,basis)	1	715905	98.8988
commissiegenoot N(soort,ev,basis,onz,stan)	1	715906	98.899
commissiefoto N(soort,mv,basis)	1	715907	98.8991
commissaris N(soort,ev,basis,zijd,stan)	1	715908	98.8993
commercie N(soort,ev,basis,zijd,stan)	1	715909	98.8994
comments SPEC(vreemd)	1	715910	98.8995
commentaar N(soort,ev,basis,zijd,stan)	1	715911	98.8997
comment N(soort,mv,basis)	1	715912	98.8998
commandant N(soort,ev,basis,zijd,stan)	1	715913	98.8999
comitÃ© N(soort,ev,basis,onz,stan)	1	715914	98.9001
comissie N(soort,mv,basis)	1	715915	98.9002
combo N(soort,ev,basis,onz,stan)	1	715916	98.9004
combineren WW(pv,tgw,ev)	1	715917	98.9005
combineren WW(inf,nom,zonder,zonder-n)	1	715918	98.9006
combine SPEC(vreemd)	1	715919	98.9008
combinatie N(soort,mv,basis)	1	715920	98.9009
combi-grill N(soort,ev,basis,zijd,stan)	1	715921	98.9011
comatized ADJ(vrij,basis,zonder)	1	715922	98.9012
column N(soort,mv,basis)	1	715923	98.9013
colt N(soort,ev,basis,zijd,stan)	1	715924	98.9015
colruyt WW(vd,vrij,zonder)	1	715925	98.9016
colruyt N(soort,ev,basis,onz,stan)	1	715926	98.9017
colours SPEC(vreemd)	1	715927	98.9019
color SPEC(vreemd)	1	715928	98.902
colonist N(soort,mv,basis)	1	715929	98.9022
colmar N(soort,ev,basis,zijd,stan)	1	715930	98.9023
colloquium N(soort,ev,basis,onz,stan)	1	715931	98.9024
collegekaart N(soort,ev,basis,zijd,stan)	1	715932	98.9026
collegedag N(soort,mv,basis)	1	715933	98.9027
collegedag N(soort,ev,basis,zijd,stan)	1	715934	98.9029
collegas N(soort,mv,basis)	1	715935	98.903
collegas N(soort,ev,basis,onz,stan)	1	715936	98.9031
collegas ADJ(vrij,basis,zonder)	1	715937	98.9033
collega SPEC(vreemd)	1	715938	98.9034
collectors SPEC(vreemd)	1	715939	98.9035
collectief N(soort,ev,basis,onz,stan)	1	715940	98.9037
collecteren WW(pv,tgw,mv)	1	715941	98.9038
collage N(soort,mv,basis)	1	715942	98.904
collaert N(soort,ev,basis,zijd,stan)	1	715943	98.9041
colen WW(inf,vrij,zonder)	1	715944	98.9042
coleagues SPEC(vreemd)	1	715945	98.9044
coldrex SPEC(vreemd)	1	715946	98.9045
coldplay ADJ(vrij,basis,zonder)	1	715947	98.9046
coldpack N(soort,ev,basis,zijd,stan)	1	715948	98.9048
cold SPEC(vreemd)	1	715949	98.9049
colbert N(soort,ev,dim,onz,stan)	1	715950	98.9051
colafles N(soort,mv,basis)	1	715951	98.9052
colaba N(soort,ev,basis,zijd,stan)	1	715952	98.9053
col N(soort,mv,basis)	1	715953	98.9055
coimbra N(soort,ev,basis,zijd,stan)	1	715954	98.9056
coiffeur N(soort,ev,basis,zijd,stan)	1	715955	98.9058
cohen N(soort,mv,basis)	1	715956	98.9059
cogpsy N(soort,ev,basis,zijd,stan)	1	715957	98.906
cognitief ADJ(prenom,basis,zonder)	1	715958	98.9062
coffeeshopshock SPEC(vreemd)	1	715959	98.9063
coffeeshop N(soort,ev,basis,zijd,stan)	1	715960	98.9064
coffees SPEC(vreemd)	1	715961	98.9066
codima SPEC(vreemd)	1	715962	98.9067
codima N(soort,ev,basis,zijd,stan)	1	715963	98.9069
codecomissie N(soort,ev,basis,zijd,stan)	1	715964	98.907
codeboek N(soort,mv,basis)	1	715965	98.9071
code N(soort,mv,basis)	1	715966	98.9073
cod N(soort,ev,basis,onz,stan)	1	715967	98.9074
cod ADJ(vrij,basis,zonder)	1	715968	98.9075
cocktailstand N(soort,ev,basis,zijd,stan)	1	715969	98.9077
cochem N(soort,ev,basis,zijd,stan)	1	715970	98.9078
coating N(soort,ev,basis,zijd,stan)	1	715971	98.908
coast WW(pv,tgw,met-t)	1	715972	98.9081
coast N(soort,ev,basis,zijd,stan)	1	715973	98.9082
coalitie N(soort,ev,basis,zijd,stan)	1	715974	98.9084
coaching SPEC(vreemd)	1	715975	98.9085
coachen WW(inf,vrij,zonder)	1	715976	98.9087
clueless SPEC(vreemd)	1	715977	98.9088
clubweekend WW(od,vrij,zonder)	1	715978	98.9089
clubweekend WW(od,prenom,zonder)	1	715979	98.9091
clubweekend N(soort,ev,basis,zijd,stan)	1	715980	98.9092
clubken N(soort,mv,basis)	1	715981	98.9093
clubkaart N(soort,ev,basis,zijd,stan)	1	715982	98.9095
clubavond WW(od,vrij,zonder)	1	715983	98.9096
club VG(onder)	1	715984	98.9098
clrecup N(soort,ev,basis,zijd,stan)	1	715985	98.9099
clozer SPEC(vreemd)	1	715986	98.91
clownsmaat N(soort,ev,basis,onz,stan)	1	715987	98.9102
clothing SPEC(vreemd)	1	715988	98.9103
closely SPEC(vreemd)	1	715989	98.9104
clorane N(soort,ev,basis,zijd,stan)	1	715990	98.9106
cloisy SPEC(vreemd)	1	715991	98.9107
cliÃ«nteel N(soort,ev,basis,onz,stan)	1	715992	98.9109
clip N(soort,mv,basis)	1	715993	98.911
clip N(soort,ev,basis,zijd,stan)	1	715994	98.9111
clio N(soort,ev,basis,zijd,stan)	1	715995	98.9113
clinic SPEC(vreemd)	1	715996	98.9114
climax N(soort,ev,basis,zijd,stan)	1	715997	98.9116
cliffhanger N(soort,ev,basis,zijd,stan)	1	715998	98.9117
client SPEC(vreemd)	1	715999	98.9118
clichÃ© ADJ(prenom,basis,zonder)	1	716000	98.912
clerkie N(soort,ev,basis,zijd,stan)	1	716001	98.9121
clerck N(soort,ev,basis,zijd,stan)	1	716002	98.9122
clearly SPEC(vreemd)	1	716003	98.9124
cleaning SPEC(vreemd)	1	716004	98.9125
cleaned SPEC(vreemd)	1	716005	98.9127
claxoneren WW(inf,vrij,zonder)	1	716006	98.9128
claudine SPEC(vreemd)	1	716007	98.9129
classy SPEC(vreemd)	1	716008	98.9131
classics SPEC(vreemd)	1	716009	98.9132
clash N(soort,mv,basis)	1	716010	98.9133
clancy's N(soort,mv,basis)	1	716011	98.9135
claimed SPEC(vreemd)	1	716012	98.9136
claim N(soort,ev,basis,zijd,stan)	1	716013	98.9138
civo SPEC(deeleigen)	1	716014	98.9139
civitas-dame N(soort,ev,basis,onz,stan)	1	716015	98.914
civ SPEC(vreemd)	1	716016	98.9142
civ N(soort,ev,basis,zijd,stan)	1	716017	98.9143
citÃ©ke N(soort,ev,dim,onz,stan)	1	716018	98.9145
city-move WW(pv,verl,ev)	1	716019	98.9146
citruspers N(soort,mv,basis)	1	716020	98.9147
citroensap N(soort,ev,basis,onz,stan)	1	716021	98.9149
citicard WW(vd,vrij,zonder)	1	716022	98.915
citeren WW(inf,vrij,zonder)	1	716023	98.9151
citadelpark N(soort,ev,basis,onz,stan)	1	716024	98.9153
ciska SPEC(vreemd)	1	716025	98.9154
cirkelredenering N(soort,ev,basis,zijd,stan)	1	716026	98.9156
circus N(soort,ev,basis,onz,stan)	1	716027	98.9157
circumstances SPEC(vreemd)	1	716028	98.9158
circuleren WW(inf,vrij,zonder)	1	716029	98.916
circuit N(soort,ev,basis,onz,stan)	1	716030	98.9161
circles SPEC(vreemd)	1	716031	98.9163
circle SPEC(vreemd)	1	716032	98.9164
circle ADJ(prenom,basis,met-e,stan)	1	716033	98.9165
circa BW()	1	716034	98.9167
cipier N(soort,ev,basis,zijd,stan)	1	716035	98.9168
cio-paper N(soort,ev,basis,zijd,stan)	1	716036	98.9169
cinÃ©ma SPEC(vreemd)	1	716037	98.9171
cinquieme SPEC(vreemd)	1	716038	98.9172
cinq SPEC(deeleigen)	1	716039	98.9174
cinfused SPEC(vreemd)	1	716040	98.9175
cinemazaal N(soort,ev,basis,zijd,stan)	1	716041	98.9176
cinemat N(soort,ev,dim,onz,stan)	1	716042	98.9178
cindy N(soort,ev,basis,zijd,stan)	1	716043	98.9179
cilly SPEC(deeleigen)	1	716044	98.918
cijfer N(soort,mv,dim)	1	716045	98.9182
cigs SPEC(vreemd)	1	716046	98.9183
cigarettes SPEC(vreemd)	1	716047	98.9185
cig ADJ(vrij,basis,zonder)	1	716048	98.9186
cie N(soort,ev,basis,zijd,stan)	1	716049	98.9187
cider N(soort,ev,basis,zijd,stan)	1	716050	98.9189
ciaoooo N(soort,ev,basis,zijd,stan)	1	716051	98.919
ciaokes N(soort,mv,basis)	1	716052	98.9192
ci N(soort,ev,basis,zijd,stan)	1	716053	98.9193
chunky SPEC(vreemd)	1	716054	98.9194
chunkie N(soort,ev,dim,onz,stan)	1	716055	98.9196
chunk N(soort,ev,dim,onz,stan)	1	716056	98.9197
chroma-voeding N(soort,ev,basis,zijd,stan)	1	716057	98.9198
christophe SPEC(vreemd)	1	716058	98.92
christophe N(soort,ev,basis,zijd,stan)	1	716059	98.9201
christine WW(pv,tgw,ev)	1	716060	98.9203
christiaan N(soort,ev,basis,onz,stan)	1	716061	98.9204
chris N(soort,ev,basis,zijd,stan)	1	716062	98.9205
chowk N(soort,ev,basis,zijd,stan)	1	716063	98.9207
chouffe SPEC(vreemd)	1	716064	98.9208
chorizzo N(soort,ev,basis,zijd,stan)	1	716065	98.9209
cholesteroltest N(soort,mv,basis)	1	716066	98.9211
choice SPEC(vreemd)	1	716067	98.9212
choenske N(soort,ev,dim,onz,stan)	1	716068	98.9214
chocopoeder N(soort,ev,basis,zijd,stan)	1	716069	98.9215
chocomousse N(soort,ev,basis,zijd,stan)	1	716070	98.9216
chocomelk N(soort,ev,basis,zijd,stan)	1	716071	98.9218
chocolate SPEC(vreemd)	1	716072	98.9219
chocolat N(soort,ev,basis,zijd,stan)	1	716073	98.9221
chocolademelk N(soort,ev,basis,zijd,stan)	1	716074	98.9222
chocoladebroodje N(soort,ev,dim,onz,stan)	1	716075	98.9223
chococake N(soort,ev,basis,zijd,stan)	1	716076	98.9225
choco-dag N(soort,ev,basis,zijd,stan)	1	716077	98.9226
choco N(soort,ev,basis,zijd,stan)	1	716078	98.9227
choc N(soort,ev,basis,zijd,stan)	1	716079	98.9229
chiuawa N(soort,ev,basis,zijd,stan)	1	716080	98.923
chirurgijn N(soort,ev,basis,zijd,stan)	1	716081	98.9232
chiromuziek N(soort,ev,basis,zijd,stan)	1	716082	98.9233
chiro SPEC(deeleigen)	1	716083	98.9234
chippie N(soort,mv,basis)	1	716084	98.9236
chippen WW(inf,vrij,zonder)	1	716085	98.9237
chipotle N(soort,ev,basis,zijd,stan)	1	716086	98.9238
chip SPEC(vreemd)	1	716087	98.924
chinezen WW(inf,vrij,zonder)	1	716088	98.9241
chinees ADJ(prenom,basis,met-e,stan)	1	716089	98.9243
chinees ADJ(nom,basis,zonder,zonder-n)	1	716090	98.9244
chilltime ADJ(vrij,basis,zonder)	1	716091	98.9245
chillmoment N(soort,ev,dim,onz,stan)	1	716092	98.9247
chillma N(soort,ev,basis,onz,stan)	1	716093	98.9248
chillingstime N(soort,ev,basis,zijd,stan)	1	716094	98.925
chillings SPEC(vreemd)	1	716095	98.9251
chilling N(soort,mv,basis)	1	716096	98.9252
chilling N(soort,ev,basis,zijd,stan)	1	716097	98.9254
chiller ADJ(vrij,comp,zonder)	1	716098	98.9255
chillen WW(vd,vrij,zonder)	1	716099	98.9256
chillen WW(inf,nom,zonder,zonder-n)	1	716100	98.9258
chille ADJ(prenom,basis,met-e,stan)	1	716101	98.9259
chill-deluxe N(soort,ev,basis,zijd,stan)	1	716102	98.9261
chilin WW(pv,verl,mv)	1	716103	98.9262
childishly SPEC(vreemd)	1	716104	98.9263
child SPEC(vreemd)	1	716105	98.9265
chil N(soort,ev,basis,onz,stan)	1	716106	98.9266
chien WW(inf,vrij,zonder)	1	716107	98.9267
chickie N(soort,ev,basis,zijd,stan)	1	716108	98.9269
chickflick N(soort,ev,basis,zijd,stan)	1	716109	98.927
chicken SPEC(vreemd)	1	716110	98.9272
chicken N(soort,mv,basis)	1	716111	98.9273
chic ADJ(prenom,basis,zonder)	1	716112	98.9274
chic ADJ(prenom,basis,met-e,stan)	1	716113	98.9276
chia N(soort,ev,basis,zijd,stan)	1	716114	98.9277
chez N(soort,ev,basis,zijd,stan)	1	716115	98.9279
cheuk-him N(soort,ev,basis,onz,stan)	1	716116	98.928
chesscafe N(soort,ev,dim,onz,stan)	1	716117	98.9281
cheque N(soort,ev,basis,zijd,stan)	1	716118	98.9283
chen N(soort,mv,basis)	1	716119	98.9284
chemotherapie N(soort,ev,basis,zijd,stan)	1	716120	98.9285
chemin SPEC(vreemd)	1	716121	98.9287
chemie N(soort,ev,basis,zijd,stan)	1	716122	98.9288
chemicus N(soort,ev,basis,zijd,stan)	1	716123	98.929
chelsea-eigenaar N(soort,ev,basis,zijd,stan)	1	716124	98.9291
chelsea N(soort,ev,basis,zijd,stan)	1	716125	98.9292
chelly N(soort,ev,basis,zijd,stan)	1	716126	98.9294
chel N(soort,ev,basis,zijd,stan)	1	716127	98.9295
chef N(soort,ev,basis,zijd,stan)	1	716128	98.9297
cheetah N(soort,ev,basis,zijd,stan)	1	716129	98.9298
cheeta N(soort,ev,basis,zijd,stan)	1	716130	98.9299
cheeseburger N(soort,ev,basis,zijd,stan)	1	716131	98.9301
checkten WW(pv,tgw,mv)	1	716132	98.9302
checklist N(soort,ev,basis,zijd,stan)	1	716133	98.9303
checkin SPEC(vreemd)	1	716134	98.9305
checked SPEC(vreemd)	1	716135	98.9306
checke N(soort,ev,dim,onz,stan)	1	716136	98.9308
check-in SPEC(deeleigen)	1	716137	98.9309
check-in ADJ(vrij,basis,zonder)	1	716138	98.931
check SPEC(vreemd)	1	716139	98.9312
cheating SPEC(vreemd)	1	716140	98.9313
cheaper N(soort,ev,basis,zijd,stan)	1	716141	98.9314
cheapass N(soort,ev,basis,zijd,stan)	1	716142	98.9316
chauffeuren WW(inf,vrij,zonder)	1	716143	98.9317
chauffeur WW(pv,tgw,ev)	1	716144	98.9319
chauffeur SPEC(vreemd)	1	716145	98.932
chauffeur N(soort,mv,basis)	1	716146	98.9321
chateau N(soort,ev,basis,onz,stan)	1	716147	98.9323
chassepiereb N(soort,ev,basis,zijd,stan)	1	716148	98.9324
chasse SPEC(vreemd)	1	716149	98.9326
charteren WW(vd,vrij,zonder)	1	716150	98.9327
charming N(soort,ev,basis,zijd,stan)	1	716151	98.9328
charmeren WW(od,vrij,zonder)	1	716152	98.933
charmer N(soort,ev,basis,zijd,stan)	1	716153	98.9331
charlotte WW(vd,prenom,met-e)	1	716154	98.9332
charging N(soort,ev,basis,zijd,stan)	1	716155	98.9334
chargen WW(vd,vrij,zonder)	1	716156	98.9335
charge N(soort,ev,basis,zijd,stan)	1	716157	98.9337
chapter SPEC(vreemd)	1	716158	98.9338
channel SPEC(vreemd)	1	716159	98.9339
channel ADJ(vrij,basis,zonder)	1	716160	98.9341
changes SPEC(vreemd)	1	716161	98.9342
changed SPEC(vreemd)	1	716162	98.9343
chanel N(soort,ev,basis,zijd,stan)	1	716163	98.9345
chanceke N(soort,ev,dim,onz,stan)	1	716164	98.9346
champix N(soort,ev,basis,zijd,stan)	1	716165	98.9348
champions SPEC(vreemd)	1	716166	98.9349
champions ADJ(prenom,basis,zonder)	1	716167	98.935
champignonloos ADJ(prenom,basis,met-e,stan)	1	716168	98.9352
champignon N(soort,mv,basis)	1	716169	98.9353
champignon N(soort,ev,basis,zijd,stan)	1	716170	98.9355
champagnebar N(soort,ev,basis,zijd,stan)	1	716171	98.9356
champagnebar N(soort,ev,basis,onz,stan)	1	716172	98.9357
champagnebar ADJ(prenom,basis,zonder)	1	716173	98.9359
chamilo N(soort,ev,basis,zijd,stan)	1	716174	98.936
chalerio N(soort,mv,basis)	1	716175	98.9361
chagrijnig ADJ(prenom,basis,met-e,stan)	1	716176	98.9363
chaggerijnen WW(inf,vrij,zonder)	1	716177	98.9364
chagerijnig ADJ(vrij,basis,zonder)	1	716178	98.9366
chag N(soort,ev,basis,zijd,stan)	1	716179	98.9367
ch N(soort,ev,basis,zijd,stan)	1	716180	98.9368
cg SPEC(vreemd)	1	716181	98.937
cest N(soort,ev,basis,onz,stan)	1	716182	98.9371
ces SPEC(deeleigen)	1	716183	98.9372
cervezas N(soort,ev,dim,onz,stan)	1	716184	98.9374
certificaat N(soort,ev,basis,onz,stan)	1	716185	98.9375
cept SPEC(vreemd)	1	716186	98.9377
ceo N(soort,ev,basis,zijd,stan)	1	716187	98.9378
centrumkant N(soort,ev,basis,zijd,stan)	1	716188	98.9379
centrumkant ADJ(vrij,basis,zonder)	1	716189	98.9381
centre SPEC(vreemd)	1	716190	98.9382
central WW(pv,tgw,ev)	1	716191	98.9384
central N(soort,ev,basis,zijd,stan)	1	716192	98.9385
centraal ADJ(prenom,basis,met-e,stan)	1	716193	98.9386
centimeter N(soort,ev,basis,zijd,stan)	1	716194	98.9388
centerparks ADJ(vrij,basis,zonder)	1	716195	98.9389
centerparcs N(soort,mv,basis)	1	716196	98.939
centenbak N(soort,ev,basis,zijd,stan)	1	716197	98.9392
censuur N(soort,ev,basis,zijd,stan)	1	716198	98.9393
celluloid N(soort,ev,basis,zijd,stan)	1	716199	98.9395
cellphone SPEC(vreemd)	1	716200	98.9396
cellospeelze N(soort,ev,basis,zijd,stan)	1	716201	98.9397
cellar SPEC(vreemd)	1	716202	98.9399
cell N(soort,ev,basis,zijd,stan)	1	716203	98.94
cecemel N(soort,ev,basis,zijd,stan)	1	716204	98.9401
ceasar N(soort,ev,basis,zijd,stan)	1	716205	98.9403
cdspeler N(soort,ev,basis,zijd,stan)	1	716206	98.9404
cds N(soort,ev,basis,zijd,stan)	1	716207	98.9406
cd-collectie N(soort,ev,basis,zijd,stan)	1	716208	98.9407
cd N(soort,ev,dim,onz,stan)	1	716209	98.9408
ccd N(soort,ev,basis,zijd,stan)	1	716210	98.941
cc-gegeven N(soort,mv,basis)	1	716211	98.9411
cb N(soort,ev,basis,zijd,stan)	1	716212	98.9413
cavaat SPEC(deeleigen)	1	716213	98.9414
cavaaaat N(soort,ev,basis,onz,stan)	1	716214	98.9415
cava SPEC(vreemd)	1	716215	98.9417
cava SPEC(deeleigen)	1	716216	98.9418
cav N(soort,mv,dim)	1	716217	98.9419
caux N(soort,ev,basis,zijd,stan)	1	716218	98.9421
cause N(soort,ev,basis,zijd,stan)	1	716219	98.9422
catwalk N(soort,ev,basis,zijd,stan)	1	716220	98.9424
catterpillars SPEC(vreemd)	1	716221	98.9425
cats SPEC(vreemd)	1	716222	98.9426
cats N(soort,ev,basis,gen)	1	716223	98.9428
catholics SPEC(vreemd)	1	716224	98.9429
catechisatie N(soort,ev,basis,zijd,stan)	1	716225	98.9431
catcher N(soort,ev,basis,zijd,stan)	1	716226	98.9432
catastrofe N(soort,ev,basis,zijd,stan)	1	716227	98.9433
catan SPEC(vreemd)	1	716228	98.9435
catan N(soort,ev,basis,zijd,stan)	1	716229	98.9436
cat. SPEC(afk)	1	716230	98.9437
cat N(soort,ev,basis,zijd,stan)	1	716231	98.9439
casually SPEC(vreemd)	1	716232	98.944
casual SPEC(vreemd)	1	716233	98.9442
castricum N(soort,ev,basis,onz,stan)	1	716234	98.9443
castle SPEC(vreemd)	1	716235	98.9444
castilielaan N(soort,ev,basis,zijd,stan)	1	716236	98.9446
cassino N(soort,ev,basis,onz,stan)	1	716237	98.9447
casquil SPEC(vreemd)	1	716238	98.9448
casper N(soort,ev,basis,onz,stan)	1	716239	98.945
casinos N(soort,ev,basis,zijd,stan)	1	716240	98.9451
casiljas N(soort,ev,basis,zijd,stan)	1	716241	98.9453
case N(soort,mv,basis)	1	716242	98.9454
cartouche N(soort,ev,basis,zijd,stan)	1	716243	98.9455
cartoon N(soort,mv,basis)	1	716244	98.9457
carte SPEC(vreemd)	1	716245	98.9458
carrying SPEC(vreemd)	1	716246	98.946
carry SPEC(vreemd)	1	716247	98.9461
carras N(soort,ev,basis,onz,stan)	1	716248	98.9462
carpoolparking N(soort,ev,basis,zijd,stan)	1	716249	98.9464
carpool N(soort,ev,basis,zijd,stan)	1	716250	98.9465
carpaccio N(soort,ev,basis,zijd,stan)	1	716251	98.9466
carotte N(soort,ev,basis,zijd,stan)	1	716252	98.9468
caroline N(soort,ev,basis,zijd,stan)	1	716253	98.9469
carolien N(soort,mv,basis)	1	716254	98.9471
carnivoor N(soort,ev,basis,zijd,stan)	1	716255	98.9472
carnevalsvakantie N(soort,ev,basis,zijd,stan)	1	716256	98.9473
carnavlen WW(vd,vrij,zonder)	1	716257	98.9475
carnavalswinkel N(soort,ev,basis,zijd,stan)	1	716258	98.9476
carnavalskleren WW(inf,vrij,zonder)	1	716259	98.9477
carnavals ADJ(prenom,basis,zonder)	1	716260	98.9479
carnavallen WW(od,prenom,met-e)	1	716261	98.948
carnavallen WW(inf,nom,zonder,zonder-n)	1	716262	98.9482
carnavalidioot N(soort,mv,basis)	1	716263	98.9483
carm N(soort,mv,basis)	1	716264	98.9484
carkit N(soort,ev,basis,zijd,stan)	1	716265	98.9486
caribbean SPEC(vreemd)	1	716266	98.9487
carglas N(soort,ev,basis,zijd,stan)	1	716267	98.9489
careltje N(soort,ev,dim,onz,stan)	1	716268	98.949
careerevent N(soort,ev,basis,zijd,stan)	1	716269	98.9491
careerevent N(soort,ev,basis,onz,stan)	1	716270	98.9493
cards SPEC(vreemd)	1	716271	98.9494
carcasonne N(soort,ev,basis,zijd,stan)	1	716272	98.9495
carcason N(soort,mv,basis)	1	716273	98.9497
carburateur N(soort,ev,basis,zijd,stan)	1	716274	98.9498
caraÃ¯bisch ADJ(prenom,basis,met-e,stan)	1	716275	98.95
caraÃ¯ben N(soort,mv,basis)	1	716276	98.9501
caramelshake N(soort,ev,dim,onz,stan)	1	716277	98.9502
capu N(soort,ev,basis,onz,stan)	1	716278	98.9504
captain SPEC(vreemd)	1	716279	98.9505
capsule N(soort,mv,basis)	1	716280	98.9506
cappuccinomelk N(soort,ev,basis,onz,stan)	1	716281	98.9508
cappuccino N(soort,ev,basis,zijd,stan)	1	716282	98.9509
capitole N(soort,ev,basis,zijd,stan)	1	716283	98.9511
capaciteit N(soort,ev,basis,zijd,stan)	1	716284	98.9512
cap N(soort,mv,basis)	1	716285	98.9513
cao N(soort,ev,basis,zijd,stan)	1	716286	98.9515
canyon SPEC(vreemd)	1	716287	98.9516
cany SPEC(vreemd)	1	716288	98.9518
canvas N(soort,ev,dim,onz,stan)	1	716289	98.9519
cantuszaal N(soort,ev,basis,zijd,stan)	1	716290	98.952
cantussen WW(inf,vrij,zonder)	1	716291	98.9522
cantuservaring N(soort,ev,basis,zijd,stan)	1	716292	98.9523
canonica N(soort,ev,basis,zijd,stan)	1	716293	98.9524
cannot SPEC(vreemd)	1	716294	98.9526
cancer N(soort,ev,basis,zijd,stan)	1	716295	98.9527
cancellara SPEC(deeleigen)	1	716296	98.9529
cancelen WW(vd,vrij,zonder)	1	716297	98.953
canavn WW(od,vrij,zonder)	1	716298	98.9531
canasta N(soort,ev,basis,zijd,stan)	1	716299	98.9533
canaria N(soort,mv,basis)	1	716300	98.9534
canadian WW(vd,vrij,zonder)	1	716301	98.9536
canadese N(soort,ev,basis,zijd,stan)	1	716302	98.9537
canadees N(soort,mv,basis)	1	716303	98.9538
canada SPEC(deeleigen)	1	716304	98.954
can-opener SPEC(vreemd)	1	716305	98.9541
campusshop N(soort,ev,basis,zijd,stan)	1	716306	98.9542
campingtechnisch ADJ(vrij,basis,zonder)	1	716307	98.9544
campingkleding N(soort,ev,basis,zijd,stan)	1	716308	98.9545
camping-style N(soort,ev,basis,zijd,stan)	1	716309	98.9547
camperen N(soort,mv,basis)	1	716310	98.9548
camper N(soort,ev,basis,zijd,stan)	1	716311	98.9549
campen WW(inf,vrij,zonder)	1	716312	98.9551
cammionette N(soort,ev,basis,zijd,stan)	1	716313	98.9552
camille WW(pv,verl,ev)	1	716314	98.9553
cameras N(soort,ev,basis,onz,stan)	1	716315	98.9555
cameraprobleem N(soort,ev,basis,onz,stan)	1	716316	98.9556
camera SPEC(vreemd)	1	716317	98.9558
cambio SPEC(vreemd)	1	716318	98.9559
cambio N(soort,ev,basis,zijd,stan)	1	716319	98.956
cambio N(soort,ev,basis,onz,stan)	1	716320	98.9562
cam WW(pv,tgw,ev)	1	716321	98.9563
calvados N(soort,ev,basis,zijd,stan)	1	716322	98.9565
calson N(soort,ev,basis,zijd,stan)	1	716323	98.9566
calorieen N(soort,mv,basis)	1	716324	98.9567
callung SPEC(vreemd)	1	716325	98.9569
callkone N(soort,ev,basis,zijd,stan)	1	716326	98.957
calling N(soort,ev,basis,zijd,stan)	1	716327	98.9571
calkone N(soort,ev,basis,zijd,stan)	1	716328	98.9573
calientes N(soort,mv,basis)	1	716329	98.9574
caliente SPEC(vreemd)	1	716330	98.9576
cake N(soort,mv,dim)	1	716331	98.9577
caiperinhas N(soort,ev,basis,zijd,stan)	1	716332	98.9578
caiperinhas N(soort,ev,basis,onz,stan)	1	716333	98.958
caiperinha N(soort,ev,basis,zijd,stan)	1	716334	98.9581
cagnotte WW(pv,verl,ev)	1	716335	98.9582
cage SPEC(vreemd)	1	716336	98.9584
cafÃ©-cocktailprikker N(soort,ev,dim,onz,stan)	1	716337	98.9585
cafÃ© N(soort,mv,dim)	1	716338	98.9587
cafw SPEC(vreemd)	1	716339	98.9588
cafu N(soort,ev,basis,onz,stan)	1	716340	98.9589
caffeine SPEC(vreemd)	1	716341	98.9591
cafeÃ¯ne N(soort,ev,basis,zijd,stan)	1	716342	98.9592
cafetaria N(soort,ev,basis,zijd,stan)	1	716343	98.9594
cafee N(soort,ev,basis,zijd,stan)	1	716344	98.9595
caesarion N(soort,ev,basis,zijd,stan)	1	716345	98.9596
cadzand N(soort,ev,basis,onz,stan)	1	716346	98.9598
cadeux N(soort,ev,dim,onz,stan)	1	716347	98.9599
cadeautip N(soort,ev,basis,zijd,stan)	1	716348	98.96
cadeau-idee N(soort,mv,basis)	1	716349	98.9602
cadeau-idee N(soort,ev,basis,zijd,stan)	1	716350	98.9603
caddy N(soort,mv,basis)	1	716351	98.9605
cactusmoment N(soort,ev,basis,onz,stan)	1	716352	98.9606
cachet N(soort,ev,basis,onz,stan)	1	716353	98.9607
cabine N(soort,ev,basis,zijd,stan)	1	716354	98.9609
cabaretiÃ¨re N(soort,ev,basis,zijd,stan)	1	716355	98.961
cabaretiere BW()	1	716356	98.9611
caaavaaaaa N(soort,ev,basis,zijd,stan)	1	716357	98.9613
ca SPEC(afk)	1	716358	98.9614
ca N(soort,ev,basis,onz,stan)	1	716359	98.9616
c. SPEC(afk)	1	716360	98.9617
c-taste ADJ(nom,sup,met-e,zonder-n,stan)	1	716361	98.9618
bÃ¨n N(soort,mv,basis)	1	716362	98.962
bzl N(soort,ev,basis,onz,stan)	1	716363	98.9621
byttablet N(soort,mv,basis)	1	716364	98.9623
byna SPEC(vreemd)	1	716365	98.9624
byna SPEC(deeleigen)	1	716366	98.9625
byna N(soort,mv,basis)	1	716367	98.9627
byle N(soort,mv,basis)	1	716368	98.9628
byebye ADJ(prenom,basis,met-e,stan)	1	716369	98.9629
bye SPEC(vreemd)	1	716370	98.9631
bx ADJ(vrij,basis,zonder)	1	716371	98.9632
bwÃ©rk SPEC(symb)	1	716372	98.9634
bweuk N(soort,ev,basis,zijd,stan)	1	716373	98.9635
bwah ADJ(vrij,basis,zonder)	1	716374	98.9636
bw-feest N(soort,ev,basis,onz,stan)	1	716375	98.9638
bw N(soort,ev,basis,zijd,stan)	1	716376	98.9639
bvd WW(vd,vrij,zonder)	1	716377	98.964
bvb ADJ(vrij,basis,zonder)	1	716378	98.9642
bva N(soort,mv,basis)	1	716379	98.9643
bv-foto N(soort,ev,basis,zijd,stan)	1	716380	98.9645
bv SPEC(afk)	1	716381	98.9646
buzzy SPEC(vreemd)	1	716382	98.9647
buzz N(soort,ev,basis,zijd,stan)	1	716383	98.9649
buza SPEC(symb)	1	716384	98.965
buyten N(soort,mv,basis)	1	716385	98.9652
buysse N(soort,ev,basis,zijd,stan)	1	716386	98.9653
buutengewoon ADJ(vrij,basis,zonder)	1	716387	98.9654
buurtonderzoek N(soort,ev,basis,onz,stan)	1	716388	98.9656
buurthuis N(soort,ev,basis,onz,stan)	1	716389	98.9657
buurtagent N(soort,ev,basis,zijd,stan)	1	716390	98.9658
buurmeisje N(soort,mv,dim)	1	716391	98.966
buurjongen N(soort,ev,dim,onz,stan)	1	716392	98.9661
buur N(soort,mv,dim)	1	716393	98.9663
buur N(soort,ev,dim,onz,stan)	1	716394	98.9664
button N(soort,ev,basis,zijd,stan)	1	716395	98.9665
butthead N(soort,ev,basis,zijd,stan)	1	716396	98.9667
butt SPEC(vreemd)	1	716397	98.9668
butler N(soort,ev,basis,zijd,stan)	1	716398	98.967
butcomputer N(soort,ev,basis,zijd,stan)	1	716399	98.9671
but N(soort,ev,dim,onz,stan)	1	716400	98.9672
busy N(soort,ev,basis,zijd,stan)	1	716401	98.9674
busvervoer N(soort,ev,basis,onz,stan)	1	716402	98.9675
bust WW(pv,tgw,met-t)	1	716403	98.9676
busreis N(soort,ev,basis,zijd,stan)	1	716404	98.9678
buslijn N(soort,ev,basis,zijd,stan)	1	716405	98.9679
businesslounge N(soort,ev,basis,zijd,stan)	1	716406	98.9681
bushokje N(soort,mv,dim)	1	716407	98.9682
bushbush N(soort,ev,basis,zijd,stan)	1	716408	98.9683
bush SPEC(vreemd)	1	716409	98.9685
bush SPEC(deeleigen)	1	716410	98.9686
bus.was N(soort,ev,basis,zijd,stan)	1	716411	98.9687
bus-kant N(soort,ev,basis,zijd,stan)	1	716412	98.9689
burritos N(soort,mv,basis)	1	716413	98.969
burrito N(soort,ev,basis,zijd,stan)	1	716414	98.9692
burrel N(soort,ev,basis,zijd,stan)	1	716415	98.9693
burrel N(soort,ev,basis,onz,stan)	1	716416	98.9694
burola N(soort,ev,basis,zijd,stan)	1	716417	98.9696
burnt SPEC(deeleigen)	1	716418	98.9697
burn SPEC(vreemd)	1	716419	98.9699
burley ADJ(vrij,basis,zonder)	1	716420	98.97
burgstraat ADJ(prenom,basis,zonder)	1	716421	98.9701
burgies N(soort,mv,basis)	1	716422	98.9703
burgerwolven N(soort,mv,basis)	1	716423	98.9704
burgerwolf N(soort,ev,dim,onz,stan)	1	716424	98.9705
burgerwolf N(soort,ev,basis,onz,stan)	1	716425	98.9707
burgermeester N(soort,ev,basis,zijd,stan)	1	716426	98.9708
burgerbestaan N(soort,ev,basis,onz,stan)	1	716427	98.971
burger-opstatijd N(soort,ev,basis,zijd,stan)	1	716428	98.9711
burg N(soort,ev,basis,zijd,stan)	1	716429	98.9712
burchtstraat N(soort,ev,basis,zijd,stan)	1	716430	98.9714
bungalow N(soort,ev,basis,zijd,stan)	1	716431	98.9715
bundchen N(soort,mv,basis)	1	716432	98.9716
bunch SPEC(vreemd)	1	716433	98.9718
bunch ADJ(vrij,basis,zonder)	1	716434	98.9719
bult N(soort,ev,basis,zijd,stan)	1	716435	98.9721
bullets SPEC(vreemd)	1	716436	98.9722
bullet N(soort,ev,basis,zijd,stan)	1	716437	98.9723
bulderen WW(inf,vrij,zonder)	1	716438	98.9725
buk N(soort,ev,basis,zijd,stan)	1	716439	98.9726
buitenwereld N(soort,ev,basis,zijd,stan)	1	716440	98.9728
buitentoog N(soort,ev,basis,zijd,stan)	1	716441	98.9729
buitenstaander N(soort,ev,basis,zijd,stan)	1	716442	98.973
buitenst ADJ(prenom,sup,met-e,stan)	1	716443	98.9732
buitensporig ADJ(vrij,basis,zonder)	1	716444	98.9733
buitenspel N(soort,ev,basis,onz,stan)	1	716445	98.9734
buitensluiten WW(vd,vrij,zonder)	1	716446	98.9736
buitenschoppen N(soort,mv,basis)	1	716447	98.9737
buitenscherm N(soort,ev,basis,onz,stan)	1	716448	98.9739
buitenmuur N(soort,ev,basis,zijd,stan)	1	716449	98.974
buitenlands ADJ(prenom,basis,zonder)	1	716450	98.9741
buitenlands ADJ(prenom,basis,met-e,stan)	1	716451	98.9743
buitenkomen WW(pv,tgw,ev)	1	716452	98.9744
buitenkant N(soort,ev,basis,zijd,stan)	1	716453	98.9745
buitenhof WW(pv,tgw,met-t)	1	716454	98.9747
buitendeur N(soort,ev,basis,zijd,stan)	1	716455	98.9748
buitenboord ADJ(vrij,basis,zonder)	1	716456	98.975
buitenbar N(soort,ev,basis,zijd,stan)	1	716457	98.9751
buiten N(soort,ev,basis,zijd,stan)	1	716458	98.9752
buiten BW()	1	716459	98.9754
buis N(soort,mv,dim)	1	716460	98.9755
buirt N(soort,ev,basis,zijd,stan)	1	716461	98.9757
build-impl WW(pv,tgw,met-t)	1	716462	98.9758
buikpijn N(soort,mv,dim)	1	716463	98.9759
buikkramp N(soort,ev,basis,onz,stan)	1	716464	98.9761
buik N(soort,mv,basis)	1	716465	98.9762
buigen WW(inf,vrij,zonder)	1	716466	98.9763
buideldier N(soort,ev,basis,zijd,stan)	1	716467	98.9765
buh N(soort,ev,basis,zijd,stan)	1	716468	98.9766
buh BW()	1	716469	98.9768
buggies N(soort,mv,basis)	1	716470	98.9769
bug N(soort,ev,basis,zijd,stan)	1	716471	98.977
buffelen WW(inf,vrij,zonder)	1	716472	98.9772
buf N(soort,mv,dim)	1	716473	98.9773
budgettv N(soort,mv,basis)	1	716474	98.9774
bude WW(vd,prenom,met-e)	1	716475	98.9776
buddie N(soort,mv,basis)	1	716476	98.9777
bucht N(soort,ev,basis,zijd,stan)	1	716477	98.9779
bublÃ© N(soort,ev,basis,onz,stan)	1	716478	98.978
bubbelbad N(soort,mv,basis)	1	716479	98.9781
btw SPEC(vreemd)	1	716480	98.9783
btj N(soort,ev,basis,zijd,stan)	1	716481	98.9784
bsv N(soort,ev,basis,zijd,stan)	1	716482	98.9786
bst N(soort,ev,basis,zijd,stan)	1	716483	98.9787
bso N(soort,ev,basis,zijd,stan)	1	716484	98.9788
bsn N(soort,ev,basis,zijd,stan)	1	716485	98.979
bruxelles N(soort,ev,basis,zijd,stan)	1	716486	98.9791
bruut ADJ(prenom,basis,met-e,stan)	1	716487	98.9792
bruu SPEC(deeleigen)	1	716488	98.9794
brutus N(soort,ev,basis,zijd,stan)	1	716489	98.9795
brutaaltje N(soort,ev,dim,onz,stan)	1	716490	98.9797
brussrl SPEC(vreemd)	1	716491	98.9798
brusselsesteenweg N(soort,ev,basis,zijd,stan)	1	716492	98.9799
brusselse SPEC(vreemd)	1	716493	98.9801
brusselse N(soort,ev,basis,zijd,stan)	1	716494	98.9802
brussel WW(pv,verl,ev)	1	716495	98.9804
brussel WW(pv,tgw,ev)	1	716496	98.9805
brussel ADJ(vrij,basis,zonder)	1	716497	98.9806
brunninkhuis N(soort,mv,basis)	1	716498	98.9808
brunninkhuis BW()	1	716499	98.9809
brunch SPEC(vreemd)	1	716500	98.981
bruna N(soort,ev,basis,zijd,stan)	1	716501	98.9812
brun N(soort,ev,basis,zijd,stan)	1	716502	98.9813
brulÃ©e SPEC(vreemd)	1	716503	98.9815
brullen WW(inf,vrij,zonder)	1	716504	98.9816
bruksel N(soort,ev,basis,onz,stan)	1	716505	98.9817
bruispaar N(soort,ev,basis,zijd,stan)	1	716506	98.9819
bruisen WW(od,vrij,zonder)	1	716507	98.982
bruinverhouding N(soort,mv,basis)	1	716508	98.9821
bruinswijs N(soort,ev,basis,onz,stan)	1	716509	98.9823
bruinen WW(inf,vrij,zonder)	1	716510	98.9824
bruin ADJ(nom,basis,met-e,mv-n)	1	716511	98.9826
bruiloft N(soort,mv,basis)	1	716512	98.9827
bruidspaar N(soort,ev,basis,onz,stan)	1	716513	98.9828
bruidspaar ADJ(vrij,basis,zonder)	1	716514	98.983
bruidsfotografie N(soort,ev,basis,zijd,stan)	1	716515	98.9831
bruidegom N(soort,ev,basis,zijd,stan)	1	716516	98.9833
bruid N(soort,ev,basis,zijd,stan)	1	716517	98.9834
brui N(soort,ev,basis,zijd,stan)	1	716518	98.9835
brugstraat N(soort,ev,basis,zijd,stan)	1	716519	98.9837
brugge WW(pv,verl,ev)	1	716520	98.9838
brugfe N(soort,ev,basis,zijd,stan)	1	716521	98.9839
brugdag N(soort,ev,basis,zijd,stan)	1	716522	98.9841
bruf SPEC(deeleigen)	1	716523	98.9842
bru SPEC(vreemd)	1	716524	98.9844
brst N(soort,ev,basis,zijd,stan)	1	716525	98.9845
brrrrrr ADJ(vrij,comp,zonder)	1	716526	98.9846
brrr ADJ(vrij,comp,zonder)	1	716527	98.9848
browsen N(soort,mv,basis)	1	716528	98.9849
brownie-kruim ADJ(vrij,basis,zonder)	1	716529	98.985
brownie N(soort,mv,basis)	1	716530	98.9852
brouwerybezoek N(soort,ev,basis,onz,stan)	1	716531	98.9853
brouwerij N(soort,ev,basis,zijd,stan)	1	716532	98.9855
brouwer N(soort,mv,basis)	1	716533	98.9856
brouwen WW(vd,vrij,zonder)	1	716534	98.9857
brouwen WW(inf,nom,zonder,zonder-n)	1	716535	98.9859
brouwdag N(soort,ev,basis,zijd,stan)	1	716536	98.986
brotherhood SPEC(vreemd)	1	716537	98.9862
brooklyn N(soort,mv,basis)	1	716538	98.9863
broodtrommel N(soort,ev,dim,onz,stan)	1	716539	98.9864
broodpudding N(soort,ev,basis,zijd,stan)	1	716540	98.9866
broodnodig ADJ(prenom,basis,met-e,stan)	1	716541	98.9867
broodmand N(soort,ev,dim,onz,stan)	1	716542	98.9868
broodjeszaak N(soort,ev,basis,zijd,stan)	1	716543	98.987
broodfabriek N(soort,ev,basis,zijd,stan)	1	716544	98.9871
brood N(soort,mv,basis)	1	716545	98.9873
brontestr N(soort,ev,basis,zijd,stan)	1	716546	98.9874
bronstig ADJ(prenom,basis,met-e,stan)	1	716547	98.9875
bronchitis N(soort,ev,basis,zijd,stan)	1	716548	98.9877
bron N(soort,ev,basis,zijd,stan)	1	716549	98.9878
brommerreis N(soort,ev,basis,zijd,stan)	1	716550	98.9879
brommeren WW(inf,vrij,zonder)	1	716551	98.9881
brommercruise N(soort,ev,basis,zijd,stan)	1	716552	98.9882
brololol N(soort,ev,basis,zijd,stan)	1	716553	98.9884
brol N(soort,ev,basis,zijd,stan)	1	716554	98.9885
broken SPEC(vreemd)	1	716555	98.9886
broken N(soort,mv,basis)	1	716556	98.9888
broke SPEC(vreemd)	1	716557	98.9889
broerio SPEC(deeleigen)	1	716558	98.9891
broerie SPEC(vreemd)	1	716559	98.9892
broer(tje) N(soort,mv,dim)	1	716560	98.9893
broem N(soort,ev,basis,zijd,stan)	1	716561	98.9895
broekzak N(soort,ev,basis,zijd,stan)	1	716562	98.9896
broekmaker N(soort,ev,basis,zijd,stan)	1	716563	98.9897
broekhovenseweg N(soort,ev,basis,zijd,stan)	1	716564	98.9899
broek N(soort,mv,dim)	1	716565	98.99
broek N(soort,mv,basis)	1	716566	98.9902
broek N(soort,ev,dim,onz,stan)	1	716567	98.9903
broebelen WW(pv,tgw,met-t)	1	716568	98.9904
broder N(soort,ev,basis,zijd,stan)	1	716569	98.9906
brocollli SPEC(symb)	1	716570	98.9907
brochure N(soort,mv,basis)	1	716571	98.9908
broadband WW(vd,vrij,zonder)	1	716572	98.991
broad SPEC(vreemd)	1	716573	98.9911
bro SPEC(symb)	1	716574	98.9913
bro N(soort,mv,basis)	1	716575	98.9914
briquets SPEC(vreemd)	1	716576	98.9915
briljant ADJ(prenom,basis,zonder)	1	716577	98.9917
bril N(soort,mv,basis)	1	716578	98.9918
bril N(soort,ev,dim,onz,stan)	1	716579	98.992
brikverpakking N(soort,mv,basis)	1	716580	98.9921
bright SPEC(vreemd)	1	716581	98.9922
bries N(soort,ev,dim,onz,stan)	1	716582	98.9924
briel N(soort,ev,basis,zijd,stan)	1	716583	98.9925
briefing N(soort,ev,basis,zijd,stan)	1	716584	98.9926
briefen WW(vd,vrij,zonder)	1	716585	98.9928
briefen WW(inf,vrij,zonder)	1	716586	98.9929
briefed SPEC(vreemd)	1	716587	98.9931
brico N(soort,ev,basis,zijd,stan)	1	716588	98.9932
breuknieuws SPEC(vreemd)	1	716589	98.9933
breuk N(soort,mv,basis)	1	716590	98.9935
breuk N(soort,ev,basis,zijd,stan)	1	716591	98.9936
breudreuster N(soort,ev,basis,zijd,stan)	1	716592	98.9938
brest N(soort,ev,basis,zijd,stan)	1	716593	98.9939
bres N(soort,mv,dim)	1	716594	98.994
brent N(soort,ev,basis,onz,stan)	1	716595	98.9942
brengen WW(inf,nom,zonder,zonder-n)	1	716596	98.9943
brenda SPEC(deeleigen)	1	716597	98.9944
brenda N(soort,mv,basis)	1	716598	98.9946
breken WW(vd,prenom,zonder)	1	716599	98.9947
breken WW(pv,tgw,met-t)	1	716600	98.9949
breinaald N(soort,ev,basis,onz,stan)	1	716601	98.995
breien WW(od,prenom,met-e)	1	716602	98.9951
breien WW(inf,vrij,zonder)	1	716603	98.9953
breiden WW(pv,verl,ev)	1	716604	98.9954
brefel N(soort,ev,basis,zijd,stan)	1	716605	98.9955
breekpustel N(soort,ev,basis,zijd,stan)	1	716606	98.9957
breedte N(soort,ev,basis,zijd,stan)	1	716607	98.9958
breed ADJ(vrij,comp,zonder)	1	716608	98.996
breed ADJ(prenom,basis,zonder)	1	716609	98.9961
breed ADJ(prenom,basis,met-e,stan)	1	716610	98.9962
bredrijfskunde WW(od,prenom,met-e)	1	716611	98.9964
bredaseweg WW(pv,verl,ev)	1	716612	98.9965
bredaseweg N(soort,ev,basis,zijd,stan)	1	716613	98.9967
breda-update N(soort,ev,basis,zijd,stan)	1	716614	98.9968
breda SPEC(symb)	1	716615	98.9969
brectie N(soort,ev,basis,zijd,stan)	1	716616	98.9971
brechtie N(soort,ev,basis,zijd,stan)	1	716617	98.9972
brecht WW(vd,vrij,zonder)	1	716618	98.9973
brecht N(soort,ev,basis,onz,stan)	1	716619	98.9975
brecht ADJ(vrij,basis,zonder)	1	716620	98.9976
breath SPEC(vreemd)	1	716621	98.9978
breaking N(soort,ev,basis,zijd,stan)	1	716622	98.9979
break N(soort,ev,basis,zijd,stan)	1	716623	98.998
bre SPEC(vreemd)	1	716624	98.9982
brb WW(pv,verl,ev)	1	716625	98.9983
braziliaan WW(vd,vrij,zonder)	1	716626	98.9984
brazil N(soort,ev,basis,onz,stan)	1	716627	98.9986
brauche SPEC(vreemd)	1	716628	98.9987
brandy N(soort,ev,basis,zijd,stan)	1	716629	98.9989
brandweerwagen N(soort,mv,basis)	1	716630	98.999
brandveiligheid N(soort,ev,basis,zijd,stan)	1	716631	98.9991
brandstapel N(soort,ev,basis,zijd,stan)	1	716632	98.9993
brandschoon ADJ(prenom,basis,met-e,stan)	1	716633	98.9994
brandpunt N(soort,ev,basis,onz,stan)	1	716634	98.9996
brandmerk N(soort,ev,basis,onz,stan)	1	716635	98.9997
brandmelding N(soort,ev,basis,zijd,stan)	1	716636	98.9998
branden WW(vd,vrij,zonder)	1	716637	99
branden WW(pv,tgw,mv)	1	716638	99.0001
brandblusser N(soort,ev,basis,zijd,stan)	1	716639	99.0002
brandalarmen N(soort,ev,basis,onz,stan)	1	716640	99.0004
brandalarm N(soort,ev,basis,onz,stan)	1	716641	99.0005
brand N(soort,mv,dim)	1	716642	99.0007
brand N(soort,mv,basis)	1	716643	99.0008
brand N(soort,ev,dim,onz,stan)	1	716644	99.0009
brammie N(soort,ev,basis,zijd,stan)	1	716645	99.0011
brakpak N(soort,ev,basis,onz,stan)	1	716646	99.0012
brakkening N(soort,ev,basis,zijd,stan)	1	716647	99.0013
brakheid WW(od,vrij,zonder)	1	716648	99.0015
braken WW(inf,vrij,zonder)	1	716649	99.0016
brakel N(soort,ev,basis,zijd,stan)	1	716650	99.0018
brak ADJ(vrij,dim,zonder)	1	716651	99.0019
brainstorm N(soort,ev,basis,zijd,stan)	1	716652	99.002
brainburner N(soort,ev,basis,zijd,stan)	1	716653	99.0022
braga N(soort,ev,basis,zijd,stan)	1	716654	99.0023
braden WW(vd,vrij,zonder)	1	716655	99.0025
brabantse N(soort,ev,basis,zijd,stan)	1	716656	99.0026
brabants WW(vd,vrij,zonder)	1	716657	99.0027
brabant N(soort,ev,basis,onz,stan)	1	716658	99.0029
brabanste ADJ(prenom,sup,met-e,stan)	1	716659	99.003
braam N(soort,mv,basis)	1	716660	99.0031
braak ADJ(vrij,basis,zonder)	1	716661	99.0033
braaf ADJ(nom,basis,met-e,mv-n)	1	716662	99.0034
br. SPEC(afk)	1	716663	99.0036
br N(soort,ev,basis,zijd,stan)	1	716664	99.0037
boystoys N(soort,mv,basis)	1	716665	99.0038
boysnite N(soort,ev,basis,zijd,stan)	1	716666	99.004
boyle N(soort,ev,basis,zijd,stan)	1	716667	99.0041
boyke SPEC(vreemd)	1	716668	99.0042
boycotten WW(pv,tgw,ev)	1	716669	99.0044
boycotten WW(inf,nom,zonder,zonder-n)	1	716670	99.0045
boyalis SPEC(deeleigen)	1	716671	99.0047
boxtel WW(pv,tgw,ev)	1	716672	99.0048
boxtel N(soort,ev,basis,onz,stan)	1	716673	99.0049
boxmeer WW(pv,tgw,ev)	1	716674	99.0051
boxer N(soort,mv,basis)	1	716675	99.0052
boxah SPEC(vreemd)	1	716676	99.0054
box N(soort,mv,dim)	1	716677	99.0055
bowser N(soort,ev,basis,zijd,stan)	1	716678	99.0056
bowlingbaan N(soort,ev,basis,zijd,stan)	1	716679	99.0058
bowling SPEC(deeleigen)	1	716680	99.0059
bowlen WW(inf,vrij,zonder)	1	716681	99.006
bowie N(soort,ev,basis,zijd,stan)	1	716682	99.0062
bovn SPEC(vreemd)	1	716683	99.0063
bovenop VZ(init)	1	716684	99.0065
bovenlichaam N(soort,ev,basis,onz,stan)	1	716685	99.0066
bovenkaak N(soort,ev,basis,zijd,stan)	1	716686	99.0067
bovenhoek N(soort,ev,basis,zijd,stan)	1	716687	99.0069
bovenhalen WW(inf,vrij,zonder)	1	716688	99.007
bovenbuur N(soort,mv,basis)	1	716689	99.0072
boven.za SPEC(symb)	1	716690	99.0073
bouwwerk N(soort,mv,basis)	1	716691	99.0074
bouwterrein N(soort,ev,basis,onz,stan)	1	716692	99.0076
bouwstof N(soort,mv,basis)	1	716693	99.0077
bouwer N(soort,ev,basis,zijd,stan)	1	716694	99.0078
bouwen WW(vd,vrij,zonder)	1	716695	99.008
bout N(soort,ev,basis,zijd,stan)	1	716696	99.0081
boussouf N(soort,ev,basis,zijd,stan)	1	716697	99.0083
bourtange ADJ(prenom,basis,met-e,stan)	1	716698	99.0084
boursin N(soort,ev,basis,onz,stan)	1	716699	99.0085
bourgoyen N(soort,mv,basis)	1	716700	99.0087
bourgonje N(soort,ev,dim,onz,stan)	1	716701	99.0088
bourdon N(soort,ev,basis,zijd,stan)	1	716702	99.0089
boulevard N(soort,ev,basis,zijd,stan)	1	716703	99.0091
boulet-special N(soort,ev,basis,onz,stan)	1	716704	99.0092
boulet N(soort,ev,basis,zijd,stan)	1	716705	99.0094
bouillon N(soort,ev,basis,zijd,stan)	1	716706	99.0095
bought SPEC(vreemd)	1	716707	99.0096
bougeren WW(inf,vrij,zonder)	1	716708	99.0098
bottlenek N(soort,ev,basis,zijd,stan)	1	716709	99.0099
botter WW(pv,tgw,ev)	1	716710	99.0101
bottelaar N(soort,ev,basis,zijd,stan)	1	716711	99.0102
botkwetsuur N(soort,mv,basis)	1	716712	99.0103
boterwaag N(soort,ev,basis,zijd,stan)	1	716713	99.0105
botero SPEC(vreemd)	1	716714	99.0106
botermelkbaan N(soort,ev,basis,zijd,stan)	1	716715	99.0107
boterkoekje N(soort,ev,dim,onz,stan)	1	716716	99.0109
boterhammenplanning N(soort,ev,basis,zijd,stan)	1	716717	99.011
boterham N(soort,ev,dim,onz,stan)	1	716718	99.0112
boteham N(soort,mv,basis)	1	716719	99.0113
bot N(soort,mv,basis)	1	716720	99.0114
bot N(soort,ev,basis,zijd,stan)	1	716721	99.0116
bot ADJ(vrij,basis,zonder)	1	716722	99.0117
bosuil N(soort,mv,basis)	1	716723	99.0118
bosu N(soort,ev,basis,zijd,stan)	1	716724	99.012
boss N(soort,mv,basis)	1	716725	99.0121
bosrijk N(soort,ev,basis,onz,stan)	1	716726	99.0123
bospoeper N(soort,mv,basis)	1	716727	99.0124
bosloper N(soort,ev,dim,onz,stan)	1	716728	99.0125
bosdrijven WW(pv,verl,ev)	1	716729	99.0127
bosdienst N(soort,ev,basis,zijd,stan)	1	716730	99.0128
boschstraat N(soort,ev,basis,zijd,stan)	1	716731	99.013
bosch.be SPEC(symb)	1	716732	99.0131
bosch ADJ(prenom,basis,zonder)	1	716733	99.0132
bosbrand N(soort,mv,basis)	1	716734	99.0134
bosadres N(soort,ev,basis,onz,stan)	1	716735	99.0135
bos N(soort,mv,dim)	1	716736	99.0136
bos N(soort,ev,basis,zijd,stan)	1	716737	99.0138
borsten-vergelyken N(soort,mv,basis)	1	716738	99.0139
borstel N(soort,ev,basis,zijd,stan)	1	716739	99.0141
borst N(soort,mv,dim)	1	716740	99.0142
borrie N(soort,ev,basis,zijd,stan)	1	716741	99.0143
borrellen WW(inf,vrij,zonder)	1	716742	99.0145
borrelglas N(soort,mv,basis)	1	716743	99.0146
borrelen WW(vd,vrij,zonder)	1	716744	99.0147
borrelavond N(soort,ev,dim,onz,stan)	1	716745	99.0149
borre VNW(refl,pron,dial)	1	716746	99.015
boromir N(soort,ev,basis,zijd,stan)	1	716747	99.0152
boris WW(pv,tgw,ev)	1	716748	99.0153
borg-onderbroek N(soort,ev,basis,zijd,stan)	1	716749	99.0154
boren WW(inf,vrij,zonder)	1	716750	99.0156
bore N(soort,ev,basis,zijd,stan)	1	716751	99.0157
bordspel N(soort,ev,basis,zijd,stan)	1	716752	99.0159
bordeaux ADJ(prenom,basis,zonder)	1	716753	99.016
bordeaux ADJ(nom,basis,zonder,zonder-n)	1	716754	99.0161
bord N(soort,mv,dim)	1	716755	99.0163
bopper SPEC(vreemd)	1	716756	99.0164
boozing SPEC(vreemd)	1	716757	99.0165
booyah ADJ(vrij,basis,zonder)	1	716758	99.0167
booty SPEC(vreemd)	1	716759	99.0168
bootjesparade N(soort,ev,basis,zijd,stan)	1	716760	99.017
bootie N(soort,ev,basis,zijd,stan)	1	716761	99.0171
booth SPEC(vreemd)	1	716762	99.0172
bootcampen WW(inf,vrij,zonder)	1	716763	99.0174
booster N(soort,ev,basis,zijd,stan)	1	716764	99.0175
boos ADJ(prenom,basis,zonder)	1	716765	99.0176
booooring N(soort,ev,basis,zijd,stan)	1	716766	99.0178
boooeeee N(soort,ev,basis,zijd,stan)	1	716767	99.0179
boooeee SPEC(symb)	1	716768	99.0181
boooeee N(soort,ev,basis,zijd,stan)	1	716769	99.0182
boomstam N(soort,ev,basis,zijd,stan)	1	716770	99.0183
boombalfestival N(soort,ev,basis,onz,stan)	1	716771	99.0185
boombal ADJ(vrij,basis,zonder)	1	716772	99.0186
books SPEC(vreemd)	1	716773	99.0188
bookingssite N(soort,ev,basis,zijd,stan)	1	716774	99.0189
bookies N(soort,mv,basis)	1	716775	99.019
boogschutter N(soort,ev,basis,zijd,stan)	1	716776	99.0192
boogie N(soort,ev,basis,zijd,stan)	1	716777	99.0193
boodschapprn N(soort,mv,basis)	1	716778	99.0194
boobies N(soort,mv,basis)	1	716779	99.0196
boo-yah ADJ(vrij,basis,zonder)	1	716780	99.0197
bonuspunt N(soort,mv,basis)	1	716781	99.0199
bontkraag N(soort,ev,dim,onz,stan)	1	716782	99.02
bons N(soort,ev,basis,zijd,stan)	1	716783	99.0201
bonne SPEC(vreemd)	1	716784	99.0203
bonenmaler N(soort,ev,basis,zijd,stan)	1	716785	99.0204
bondstraat N(soort,ev,basis,onz,stan)	1	716786	99.0206
bondstr N(soort,ev,basis,zijd,stan)	1	716787	99.0207
bondskaart N(soort,ev,basis,zijd,stan)	1	716788	99.0208
bondscoach N(soort,ev,basis,zijd,stan)	1	716789	99.021
bondcoach N(soort,ev,basis,zijd,stan)	1	716790	99.0211
bond N(soort,ev,basis,zijd,stan)	1	716791	99.0212
bonbons SPEC(deeleigen)	1	716792	99.0214
bonbon N(soort,mv,dim)	1	716793	99.0215
bonanzaaah N(soort,ev,basis,onz,stan)	1	716794	99.0217
bon N(soort,mv,basis)	1	716795	99.0218
bon N(soort,ev,dim,onz,stan)	1	716796	99.0219
bomvol ADJ(vrij,basis,zonder)	1	716797	99.0221
bommen WW(inf,vrij,zonder)	1	716798	99.0222
bombarderen WW(vd,prenom,met-e)	1	716799	99.0223
bomb SPEC(vreemd)	1	716800	99.0225
bolzano N(soort,ev,basis,zijd,stan)	1	716801	99.0226
bolwerk N(soort,mv,basis)	1	716802	99.0228
bols N(soort,ev,basis,zijd,stan)	1	716803	99.0229
bolognese N(soort,ev,basis,zijd,stan)	1	716804	99.023
bollen WW(pv,tgw,met-t)	1	716805	99.0232
bollaert WW(pv,tgw,met-t)	1	716806	99.0233
bolfoto N(soort,ev,basis,zijd,stan)	1	716807	99.0235
bold SPEC(vreemd)	1	716808	99.0236
bol ADJ(nom,basis,met-e,zonder-n,stan)	1	716809	99.0237
boksbal N(soort,ev,basis,zijd,stan)	1	716810	99.0239
bokkal N(soort,ev,basis,zijd,stan)	1	716811	99.024
bokbierdag N(soort,ev,basis,zijd,stan)	1	716812	99.0241
bokbier N(soort,ev,basis,zijd,stan)	1	716813	99.0243
bokaalpunt N(soort,mv,basis)	1	716814	99.0244
bokaal-glas N(soort,mv,basis)	1	716815	99.0246
bokaal N(soort,ev,basis,zijd,stan)	1	716816	99.0247
bojfrent N(soort,ev,basis,onz,stan)	1	716817	99.0248
boir N(soort,ev,basis,onz,stan)	1	716818	99.025
bohuzel N(soort,ev,basis,zijd,stan)	1	716819	99.0251
bofferd N(soort,mv,basis)	1	716820	99.0252
bof N(soort,ev,basis,zijd,stan)	1	716821	99.0254
boetseren WW(inf,vrij,zonder)	1	716822	99.0255
boete N(soort,mv,basis)	1	716823	99.0257
boerderij N(soort,ev,basis,zijd,stan)	1	716824	99.0258
boer N(soort,mv,dim)	1	716825	99.0259
boenwas N(soort,ev,basis,zijd,stan)	1	716826	99.0261
boenmachine N(soort,ev,basis,zijd,stan)	1	716827	99.0262
boem N(soort,ev,basis,zijd,stan)	1	716828	99.0264
boels N(soort,mv,basis)	1	716829	99.0265
boeking N(soort,ev,basis,zijd,stan)	1	716830	99.0266
boekhoudkundig ADJ(prenom,basis,met-e,stan)	1	716831	99.0268
boeket N(soort,ev,basis,onz,stan)	1	716832	99.0269
boekenweekgeschenk N(soort,ev,basis,onz,stan)	1	716833	99.027
boekenweek N(soort,ev,basis,zijd,stan)	1	716834	99.0272
boekentas N(soort,ev,basis,zijd,stan)	1	716835	99.0273
boekenmarkt N(soort,ev,basis,zijd,stan)	1	716836	99.0275
boekenlezer N(soort,mv,basis)	1	716837	99.0276
boekenfestijn N(soort,ev,basis,zijd,stan)	1	716838	99.0277
boekenbon N(soort,ev,basis,onz,stan)	1	716839	99.0279
boeken WW(pv,tgw,met-t)	1	716840	99.028
boekbespreking N(soort,ev,basis,zijd,stan)	1	716841	99.0281
boeka N(soort,ev,basis,zijd,stan)	1	716842	99.0283
boek-deadline N(soort,ev,basis,zijd,stan)	1	716843	99.0284
boeiendu N(soort,ev,basis,onz,stan)	1	716844	99.0286
boeien WW(pv,verl,ev)	1	716845	99.0287
boeien WW(od,prenom,met-e)	1	716846	99.0288
boeien WW(inf,vrij,zonder)	1	716847	99.029
boehoehoe N(soort,ev,basis,zijd,stan)	1	716848	99.0291
boeh ADJ(vrij,basis,zonder)	1	716849	99.0293
boef N(soort,ev,basis,zijd,stan)	1	716850	99.0294
boedapest WW(pv,verl,ev)	1	716851	99.0295
boedapest N(soort,ev,basis,zijd,stan)	1	716852	99.0297
bodyworkout N(soort,ev,basis,zijd,stan)	1	716853	99.0298
bodycombat N(soort,ev,basis,onz,stan)	1	716854	99.0299
body N(soort,mv,dim)	1	716855	99.0301
body N(soort,ev,basis,zijd,stan)	1	716856	99.0302
bodemplaat N(soort,mv,basis)	1	716857	99.0304
bockereyder N(soort,ev,basis,zijd,stan)	1	716858	99.0305
bockenreyder N(soort,ev,basis,zijd,stan)	1	716859	99.0306
bochtenroute N(soort,ev,basis,zijd,stan)	1	716860	99.0308
bobonne N(soort,ev,basis,zijd,stan)	1	716861	99.0309
bobo N(soort,mv,basis)	1	716862	99.031
bobbel N(soort,ev,basis,zijd,stan)	1	716863	99.0312
bob SPEC(vreemd)	1	716864	99.0313
boat WW(pv,tgw,met-t)	1	716865	99.0315
boarden WW(inf,nom,zonder,zonder-n)	1	716866	99.0316
bniet WW(pv,tgw,met-t)	1	716867	99.0317
bn VZ(init)	1	716868	99.0319
bn SPEC(vreemd)	1	716869	99.032
bn N(soort,mv,basis)	1	716870	99.0322
bme SPEC(vreemd)	1	716871	99.0323
bm N(soort,ev,basis,zijd,stan)	1	716872	99.0324
blÃ¶dsinn N(soort,ev,basis,zijd,stan)	1	716873	99.0326
blÃ­jf N(soort,ev,basis,onz,stan)	1	716874	99.0327
blÃ¨ren WW(inf,vrij,zonder)	1	716875	99.0328
blyven SPEC(vreemd)	1	716876	99.033
blyren N(soort,mv,basis)	1	716877	99.0331
blykt WW(pv,tgw,ev)	1	716878	99.0333
blykbr N(soort,ev,basis,zijd,stan)	1	716879	99.0334
blykbaar N(soort,ev,basis,zijd,stan)	1	716880	99.0335
blykbaar N(soort,ev,basis,onz,stan)	1	716881	99.0337
blyft WW(pv,tgw,met-t)	1	716882	99.0338
blyft N(soort,ev,basis,onz,stan)	1	716883	99.034
blyfen WW(pv,tgw,ev)	1	716884	99.0341
bly N(soort,ev,basis,zijd,stan)	1	716885	99.0342
blutte ADJ(prenom,basis,met-e,stan)	1	716886	99.0344
blut ADJ(vrij,basis,zonder)	1	716887	99.0345
blussen WW(vd,vrij,zonder)	1	716888	99.0346
blush N(soort,ev,basis,zijd,stan)	1	716889	99.0348
bluray N(soort,ev,basis,zijd,stan)	1	716890	99.0349
blur N(soort,ev,basis,zijd,stan)	1	716891	99.0351
blumenthal N(soort,ev,basis,onz,stan)	1	716892	99.0352
bluh ADJ(vrij,basis,zonder)	1	716893	99.0353
blufspel N(soort,ev,basis,zijd,stan)	1	716894	99.0355
bluffen WW(inf,vrij,zonder)	1	716895	99.0356
bluetooth ADJ(prenom,basis,zonder)	1	716896	99.0357
bluesgroep N(soort,ev,dim,onz,stan)	1	716897	99.0359
bluesette WW(pv,verl,ev)	1	716898	99.036
bluesconcert N(soort,ev,dim,onz,stan)	1	716899	99.0362
blubberen N(soort,mv,basis)	1	716900	99.0363
blub N(soort,ev,basis,zijd,stan)	1	716901	99.0364
blowen WW(inf,vrij,zonder)	1	716902	99.0366
blow N(soort,ev,dim,onz,stan)	1	716903	99.0367
blow N(soort,ev,basis,zijd,stan)	1	716904	99.0369
blous N(soort,ev,dim,onz,stan)	1	716905	99.037
blotevoetentocht WW(vd,vrij,zonder)	1	716906	99.0371
blootstellen WW(vd,vrij,zonder)	1	716907	99.0373
bloot ADJ(vrij,basis,zonder)	1	716908	99.0374
bloos ADJ(vrij,basis,zonder)	1	716909	99.0375
blondine N(soort,mv,basis)	1	716910	99.0377
blondine N(soort,ev,basis,zijd,stan)	1	716911	99.0378
blonde N(soort,mv,dim)	1	716912	99.038
blond ADJ(prenom,basis,met-e,stan)	1	716913	99.0381
blond ADJ(nom,basis,met-e,zonder-n,stan)	1	716914	99.0382
blokkeren WW(pv,tgw,met-t)	1	716915	99.0384
blokken WW(vd,vrij,zonder)	1	716916	99.0385
blokhut N(soort,ev,basis,zijd,stan)	1	716917	99.0386
blokbeest N(soort,ev,basis,onz,stan)	1	716918	99.0388
blok N(soort,mv,dim)	1	716919	99.0389
blok N(soort,ev,basis,zijd,stan)	1	716920	99.0391
blog ADJ(vrij,basis,zonder)	1	716921	99.0392
bloemwnstal N(soort,ev,basis,zijd,stan)	1	716922	99.0393
bloemw N(soort,mv,dim)	1	716923	99.0395
bloemerstraat N(soort,ev,basis,zijd,stan)	1	716924	99.0396
bloemenwinkel N(soort,ev,dim,onz,stan)	1	716925	99.0398
bloemenwinkel N(soort,ev,basis,zijd,stan)	1	716926	99.0399
bloemenpers N(soort,mv,basis)	1	716927	99.04
bloemenpers N(soort,ev,basis,zijd,stan)	1	716928	99.0402
bloembollenwinkel N(soort,ev,basis,zijd,stan)	1	716929	99.0403
bloembol N(soort,mv,basis)	1	716930	99.0404
bloembak N(soort,mv,basis)	1	716931	99.0406
bloem N(soort,ev,dim,onz,stan)	1	716932	99.0407
bloedworst N(soort,ev,basis,zijd,stan)	1	716933	99.0409
bloedverlies N(soort,ev,basis,onz,stan)	1	716934	99.041
bloeduitstorting N(soort,ev,basis,zijd,stan)	1	716935	99.0411
bloedprikken N(soort,mv,basis)	1	716936	99.0413
bloedprik N(soort,ev,basis,zijd,stan)	1	716937	99.0414
bloedklonter N(soort,ev,basis,zijd,stan)	1	716938	99.0415
bloeding N(soort,ev,basis,zijd,stan)	1	716939	99.0417
bloedheet ADJ(vrij,basis,zonder)	1	716940	99.0418
bloedgift N(soort,ev,basis,onz,stan)	1	716941	99.042
bloedgeven WW(inf,vrij,zonder)	1	716942	99.0421
bloedgeven N(soort,mv,basis)	1	716943	99.0422
bloeddruk N(soort,ev,basis,zijd,stan)	1	716944	99.0424
bloedcel N(soort,mv,basis)	1	716945	99.0425
bloedbad N(soort,ev,basis,zijd,stan)	1	716946	99.0427
bloedafgifte WW(pv,verl,ev)	1	716947	99.0428
blinkie N(soort,ev,basis,zijd,stan)	1	716948	99.0429
blinken WW(pv,tgw,ev)	1	716949	99.0431
blinken WW(od,vrij,zonder)	1	716950	99.0432
blind-spot N(soort,ev,basis,onz,stan)	1	716951	99.0433
blind ADJ(nom,basis,met-e,mv-n)	1	716952	99.0435
bliksemen WW(pv,tgw,met-t)	1	716953	99.0436
bliksem N(soort,ev,basis,zijd,stan)	1	716954	99.0438
blik N(soort,ev,basis,onz,stan)	1	716955	99.0439
blijvn WW(inf,vrij,zonder)	1	716956	99.044
blijven.be SPEC(symb)	1	716957	99.0442
blijven WW(od,vrij,zonder)	1	716958	99.0443
blijven WW(od,prenom,zonder)	1	716959	99.0444
blijken WW(inf,vrij,zonder)	1	716960	99.0446
blijkbaar BW()	1	716961	99.0447
blijfde N(soort,ev,basis,zijd,stan)	1	716962	99.0449
blijbaar N(soort,ev,basis,zijd,stan)	1	716963	99.045
blijbaar ADJ(vrij,basis,zonder)	1	716964	99.0451
blij-zie N(soort,ev,basis,zijd,stan)	1	716965	99.0453
blij ADJ(prenom,basis,met-e,stan)	1	716966	99.0454
bliefde N(soort,ev,basis,zijd,stan)	1	716967	99.0456
blessurevrij N(soort,ev,basis,zijd,stan)	1	716968	99.0457
bles N(soort,ev,basis,zijd,stan)	1	716969	99.0458
bleiten WW(inf,vrij,zonder)	1	716970	99.046
blein N(soort,mv,basis)	1	716971	99.0461
bleik N(soort,ev,basis,onz,stan)	1	716972	99.0462
bleh N(soort,ev,basis,zijd,stan)	1	716973	99.0464
blegh SPEC(vreemd)	1	716974	99.0465
blegh SPEC(deeleigen)	1	716975	99.0467
bleg WW(pv,tgw,ev)	1	716976	99.0468
bleek ADJ(prenom,basis,met-e,stan)	1	716977	99.0469
bleaubar N(soort,ev,basis,zijd,stan)	1	716978	99.0471
bleau N(soort,ev,basis,zijd,stan)	1	716979	99.0472
blazen WW(vd,vrij,zonder)	1	716980	99.0474
blauwvoet N(soort,ev,basis,zijd,stan)	1	716981	99.0475
blauwtje N(soort,ev,dim,onz,stan)	1	716982	99.0476
blauw ADJ(nom,basis,zonder,zonder-n)	1	716983	99.0478
blauw ADJ(nom,basis,met-e,zonder-n,stan)	1	716984	99.0479
blast SPEC(vreemd)	1	716985	99.048
blaren WW(inf,vrij,zonder)	1	716986	99.0482
blanket SPEC(vreemd)	1	716987	99.0483
blanket N(soort,ev,basis,onz,stan)	1	716988	99.0485
blankenb ADJ(prenom,basis,zonder)	1	716989	99.0486
blank ADJ(vrij,basis,zonder)	1	716990	99.0487
blanche SPEC(vreemd)	1	716991	99.0489
blame SPEC(vreemd)	1	716992	99.049
blaha SPEC(vreemd)	1	716993	99.0491
bladzijde N(soort,mv,basis)	1	716994	99.0493
bladblazer N(soort,mv,basis)	1	716995	99.0494
blad N(soort,ev,dim,onz,stan)	1	716996	99.0496
blackouts SPEC(vreemd)	1	716997	99.0497
blackout N(soort,ev,basis,zijd,stan)	1	716998	99.0498
blackbox N(soort,ev,basis,zijd,stan)	1	716999	99.05
blackboard TW(hoofd,prenom,stan)	1	717000	99.0501
blackberry N(soort,ev,basis,zijd,stan)	1	717001	99.0503
blaasprobleem N(soort,ev,basis,onz,stan)	1	717002	99.0504
blaas-en N(soort,mv,basis)	1	717003	99.0505
blaas N(soort,ev,basis,zijd,stan)	1	717004	99.0507
blaarneers N(soort,mv,basis)	1	717005	99.0508
blaarmeerske ADJ(prenom,basis,met-e,stan)	1	717006	99.0509
bla SPEC(vreemd)	1	717007	99.0511
bla N(soort,ev,basis,zijd,stan)	1	717008	99.0512
bkkc N(soort,ev,basis,onz,stan)	1	717009	99.0514
bkc SPEC(deeleigen)	1	717010	99.0515
bkc N(soort,ev,basis,zijd,stan)	1	717011	99.0516
bkauwgrijs N(soort,ev,basis,zijd,stan)	1	717012	99.0518
bk ADJ(prenom,basis,zonder)	1	717013	99.0519
bjoetifoel SPEC(vreemd)	1	717014	99.052
bjoej WW(pv,verl,ev)	1	717015	99.0522
bizarre ADJ(prenom,comp,met-e,stan)	1	717016	99.0523
bivakeren WW(pv,tgw,ev)	1	717017	99.0525
bitten WW(pv,verl,ev)	1	717018	99.0526
bitte N(soort,ev,basis,zijd,stan)	1	717019	99.0527
bite SPEC(vreemd)	1	717020	99.0529
bitchy SPEC(vreemd)	1	717021	99.053
bitches SPEC(vreemd)	1	717022	99.0532
bitcheboy N(soort,mv,basis)	1	717023	99.0533
bitchas N(soort,ev,basis,onz,stan)	1	717024	99.0534
bis SPEC(deeleigen)	1	717025	99.0536
bis N(soort,ev,basis,onz,stan)	1	717026	99.0537
birthdaykisses N(soort,mv,basis)	1	717027	99.0538
birthdaygirl WW(pv,verl,ev)	1	717028	99.054
birthdaaay SPEC(vreemd)	1	717029	99.0541
birte WW(pv,verl,ev)	1	717030	99.0543
birgit N(soort,ev,basis,zijd,stan)	1	717031	99.0544
birdy SPEC(vreemd)	1	717032	99.0545
birds SPEC(vreemd)	1	717033	99.0547
bips N(soort,mv,basis)	1	717034	99.0548
biowinkelen N(soort,mv,basis)	1	717035	99.0549
biowinkel N(soort,ev,basis,zijd,stan)	1	717036	99.0551
biotopstudie N(soort,ev,basis,zijd,stan)	1	717037	99.0552
biotoopstudie N(soort,ev,basis,zijd,stan)	1	717038	99.0554
biotech N(soort,ev,basis,zijd,stan)	1	717039	99.0555
biostabiel ADJ(vrij,basis,zonder)	1	717040	99.0556
biosdate N(soort,ev,basis,zijd,stan)	1	717041	99.0558
bioscoopdate WW(pv,verl,ev)	1	717042	99.0559
bioscoopbroek WW(pv,tgw,ev)	1	717043	99.0561
bioscoopbon N(soort,mv,basis)	1	717044	99.0562
bioscoop N(soort,ev,dim,onz,stan)	1	717045	99.0563
bios N(soort,mv,basis)	1	717046	99.0565
bios N(soort,ev,dim,onz,stan)	1	717047	99.0566
biomoleculen WW(inf,vrij,zonder)	1	717048	99.0567
bioloog N(soort,mv,basis)	1	717049	99.0569
bioloog N(soort,ev,basis,zijd,stan)	1	717050	99.057
biologieleraar N(soort,ev,basis,zijd,stan)	1	717051	99.0572
binnenwjiha ADJ(vrij,basis,zonder)	1	717052	99.0573
binnenwippen WW(inf,vrij,zonder)	1	717053	99.0574
binnenvallen WW(inf,vrij,zonder)	1	717054	99.0576
binnenuit BW()	1	717055	99.0577
binnentoog N(soort,ev,basis,zijd,stan)	1	717056	99.0578
binnentikken WW(inf,vrij,zonder)	1	717057	99.058
binnenstroomden N(soort,mv,basis)	1	717058	99.0581
binnensteken WW(vd,vrij,zonder)	1	717059	99.0583
binnenspring N(soort,ev,basis,zijd,stan)	1	717060	99.0584
binnenspeeltuin N(soort,ev,basis,zijd,stan)	1	717061	99.0585
binnensmojten WW(pv,verl,mv)	1	717062	99.0587
binnensmijten WW(inf,vrij,zonder)	1	717063	99.0588
binnenslepen WW(vd,vrij,zonder)	1	717064	99.059
binnenplein N(soort,ev,dim,onz,stan)	1	717065	99.0591
binnenlopen WW(pv,tgw,met-t)	1	717066	99.0592
binnenlaten WW(vd,vrij,zonder)	1	717067	99.0594
binnenlaten WW(inf,vrij,zonder)	1	717068	99.0595
binnenkrijgen WW(vd,vrij,zonder)	1	717069	99.0596
binnenkrijgen WW(pv,tgw,ev)	1	717070	99.0598
binnenkomst N(soort,ev,basis,zijd,stan)	1	717071	99.0599
binnenkappen WW(pv,tgw,mv)	1	717072	99.0601
binnenkant N(soort,ev,basis,zijd,stan)	1	717073	99.0602
binnenk N(soort,ev,basis,zijd,stan)	1	717074	99.0603
binnenhouden WW(inf,vrij,zonder)	1	717075	99.0605
binnenhalen WW(inf,vrij,zonder)	1	717076	99.0606
binnendoen WW(inf,vrij,zonder)	1	717077	99.0608
binnenblijft N(soort,ev,basis,onz,stan)	1	717078	99.0609
binnenband N(soort,ev,basis,zijd,stan)	1	717079	99.061
binnem VZ(fin)	1	717080	99.0612
binnekort N(soort,ev,basis,zijd,stan)	1	717081	99.0613
binne WW(pv,verl,ev)	1	717082	99.0614
binn WW(inf,vrij,zonder)	1	717083	99.0616
binn SPEC(vreemd)	1	717084	99.0617
binn N(soort,ev,basis,zijd,stan)	1	717085	99.0619
binn ADJ(vrij,basis,zonder)	1	717086	99.062
binge SPEC(vreemd)	1	717087	99.0621
bindingsangst WW(pv,tgw,met-t)	1	717088	99.0623
bin SPEC(vreemd)	1	717089	99.0624
bimne N(soort,mv,basis)	1	717090	99.0625
bimbo SPEC(vreemd)	1	717091	99.0627
bimbo N(soort,mv,basis)	1	717092	99.0628
billenknijpen WW(inf,vrij,zonder)	1	717093	99.063
bill N(soort,ev,basis,onz,stan)	1	717094	99.0631
biljarten WW(inf,vrij,zonder)	1	717095	99.0632
bikkelhard ADJ(vrij,basis,zonder)	1	717096	99.0634
bikkelen WW(pv,tgw,ev)	1	717097	99.0635
bikkel N(soort,ev,dim,onz,stan)	1	717098	99.0637
bikkel N(soort,ev,basis,zijd,stan)	1	717099	99.0638
bikkel N(soort,ev,basis,onz,stan)	1	717100	99.0639
bikini N(soort,mv,basis)	1	717101	99.0641
biker N(soort,ev,basis,zijd,stan)	1	717102	99.0642
bike SPEC(vreemd)	1	717103	99.0643
bijzonder ADJ(prenom,basis,zonder)	1	717104	99.0645
bijzitten WW(pv,tgw,ev)	1	717105	99.0646
bijzijn WW(vd,vrij,zonder)	1	717106	99.0648
bijzetten WW(vd,vrij,zonder)	1	717107	99.0649
bijzettafel N(soort,ev,dim,onz,stan)	1	717108	99.065
bijzaak N(soort,ev,basis,zijd,stan)	1	717109	99.0652
bijwerking N(soort,mv,basis)	1	717110	99.0653
bijwerken WW(vd,vrij,zonder)	1	717111	99.0654
bijwerken WW(inf,vrij,zonder)	1	717112	99.0656
bijvullen WW(inf,vrij,zonder)	1	717113	99.0657
bijvraag WW(pv,tgw,ev)	1	717114	99.0659
bijvijlen WW(inf,vrij,zonder)	1	717115	99.066
bijverzonnen N(soort,mv,basis)	1	717116	99.0661
bijverdienste N(soort,ev,basis,zijd,stan)	1	717117	99.0663
bijv. SPEC(afk)	1	717118	99.0664
bijtrekken WW(pv,tgw,met-t)	1	717119	99.0666
bijtijds ADJ(vrij,basis,zonder)	1	717120	99.0667
bijten WW(inf,vrij,zonder)	1	717121	99.0668
bijten WW(inf,nom,zonder,zonder-n)	1	717122	99.067
bijtellen WW(vd,vrij,zonder)	1	717123	99.0671
bijstaan WW(vd,vrij,zonder)	1	717124	99.0672
bijsluiter N(soort,ev,basis,zijd,stan)	1	717125	99.0674
bijou SPEC(vreemd)	1	717126	99.0675
bijnemen WW(vd,vrij,zonder)	1	717127	99.0677
bijnemen WW(inf,vrij,zonder)	1	717128	99.0678
bijnde WW(od,prenom,met-e)	1	717129	99.0679
bijna-laatst ADJ(prenom,basis,met-e,stan)	1	717130	99.0681
bijna-kwart-eeuw N(soort,ev,basis,zijd,stan)	1	717131	99.0682
bijna-eind-twintiger N(soort,mv,basis)	1	717132	99.0683
bijloke N(soort,ev,dim,onz,stan)	1	717133	99.0685
bijloke N(soort,ev,basis,zijd,stan)	1	717134	99.0686
bijloke ADJ(prenom,basis,met-e,stan)	1	717135	99.0688
bijlmer N(soort,ev,basis,zijd,stan)	1	717136	99.0689
bijleggn N(soort,mv,basis)	1	717137	99.069
bijlage N(soort,mv,basis)	1	717138	99.0692
bijl N(soort,ev,basis,zijd,stan)	1	717139	99.0693
bijkopen WW(vd,vrij,zonder)	1	717140	99.0695
bijkomen WW(pv,tgw,mv)	1	717141	99.0696
bijkomen WW(inf,nom,zonder,zonder-n)	1	717142	99.0697
bijknippe N(soort,ev,basis,onz,stan)	1	717143	99.0699
bijkletsen WW(vd,vrij,zonder)	1	717144	99.07
bijkletsen N(soort,mv,basis)	1	717145	99.0701
bijhouden WW(vd,vrij,zonder)	1	717146	99.0703
bijhouden WW(pv,tgw,met-t)	1	717147	99.0704
bijhalen WW(inf,vrij,zonder)	1	717148	99.0706
bijgelezen SPEC(deeleigen)	1	717149	99.0707
bijgekomen N(soort,mv,basis)	1	717150	99.0708
bijf N(soort,mv,basis)	1	717151	99.071
bijerland WW(vd,vrij,zonder)	1	717152	99.0711
bijenhof N(soort,ev,basis,onz,stan)	1	717153	99.0712
bijeensprokkelen WW(pv,verl,mv)	1	717154	99.0714
bijeenkomen WW(pv,tgw,met-t)	1	717155	99.0715
bijeenkomen WW(inf,vrij,zonder)	1	717156	99.0717
bijeen BW()	1	717157	99.0718
bijdragen WW(pv,tgw,mv)	1	717158	99.0719
bijdrage N(soort,mv,basis)	1	717159	99.0721
bijdehand ADJ(vrij,basis,zonder)	1	717160	99.0722
bijdehand ADJ(prenom,basis,met-e,stan)	1	717161	99.0724
bijbruinen N(soort,mv,basis)	1	717162	99.0725
bijbestellen WW(inf,vrij,zonder)	1	717163	99.0726
bijbelstudie N(soort,mv,basis)	1	717164	99.0728
bijbelkring N(soort,ev,basis,zijd,stan)	1	717165	99.0729
bijbelboek N(soort,ev,basis,onz,stan)	1	717166	99.073
bijbehorend ADJ(prenom,basis,met-e,stan)	1	717167	99.0732
bijbe N(soort,ev,basis,zijd,stan)	1	717168	99.0733
bijbaan N(soort,ev,dim,onz,stan)	1	717169	99.0735
bij-na N(soort,ev,basis,zijd,stan)	1	717170	99.0736
bigtime SPEC(vreemd)	1	717171	99.0737
bigtime N(soort,ev,basis,zijd,stan)	1	717172	99.0739
biggy N(soort,ev,basis,zijd,stan)	1	717173	99.074
bigben N(soort,mv,basis)	1	717174	99.0742
big N(soort,ev,dim,onz,stan)	1	717175	99.0743
biervat ADJ(vrij,basis,zonder)	1	717176	99.0744
biertent N(soort,ev,basis,zijd,stan)	1	717177	99.0746
bierrrr ADJ(vrij,comp,zonder)	1	717178	99.0747
bierproeverij N(soort,ev,basis,zijd,stan)	1	717179	99.0748
bierplezier ADJ(vrij,comp,zonder)	1	717180	99.075
bierpakket N(soort,mv,basis)	1	717181	99.0751
bierologie N(soort,ev,basis,zijd,stan)	1	717182	99.0753
biermoet-club N(soort,ev,basis,zijd,stan)	1	717183	99.0754
bierles SPEC(vreemd)	1	717184	99.0755
bierles N(soort,mv,basis)	1	717185	99.0757
bierhalle SPEC(vreemd)	1	717186	99.0758
bierges N(soort,mv,basis)	1	717187	99.0759
bierdrinker N(soort,ev,basis,zijd,stan)	1	717188	99.0761
bierdaagse N(soort,ev,basis,zijd,stan)	1	717189	99.0762
biercantus N(soort,ev,basis,zijd,stan)	1	717190	99.0764
bierbuik N(soort,ev,basis,zijd,stan)	1	717191	99.0765
bierbonnen WW(inf,vrij,zonder)	1	717192	99.0766
bierblikken N(soort,mv,basis)	1	717193	99.0768
bieravond N(soort,mv,basis)	1	717194	99.0769
bieravond N(soort,ev,basis,zijd,stan)	1	717195	99.0771
bier N(soort,mv,basis)	1	717196	99.0772
bier N(soort,ev,basis,genus,stan)	1	717197	99.0773
biemer N(soort,ev,basis,zijd,stan)	1	717198	99.0775
biekorf N(soort,ev,basis,zijd,stan)	1	717199	99.0776
biefstuk-frietavond N(soort,ev,basis,zijd,stan)	1	717200	99.0777
biefstuk N(soort,ev,dim,onz,stan)	1	717201	99.0779
bieding N(soort,mv,basis)	1	717202	99.078
bieden WW(pv,verl,ev)	1	717203	99.0782
bieden WW(pv,tgw,mv)	1	717204	99.0783
bieben N(soort,ev,dim,onz,stan)	1	717205	99.0784
biddinghuizen N(soort,mv,basis)	1	717206	99.0786
bidden WW(pv,verl,ev)	1	717207	99.0787
bicky SPEC(vreemd)	1	717208	99.0788
bicky N(soort,ev,basis,zijd,stan)	1	717209	99.079
bibberskoud N(soort,ev,basis,onz,stan)	1	717210	99.0791
bibberen WW(pv,tgw,ev)	1	717211	99.0793
bibberen WW(inf,vrij,zonder)	1	717212	99.0794
biatch ADJ(vrij,basis,zonder)	1	717213	99.0795
bianca N(soort,ev,basis,zijd,stan)	1	717214	99.0797
bhnne N(soort,ev,basis,zijd,stan)	1	717215	99.0798
bhk N(soort,ev,basis,zijd,stan)	1	717216	99.08
bhj N(soort,ev,basis,zijd,stan)	1	717217	99.0801
bhalerao N(soort,ev,basis,zijd,stan)	1	717218	99.0802
bh's N(soort,mv,basis)	1	717219	99.0804
bh ADJ(vrij,basis,zonder)	1	717220	99.0805
bfmv SPEC(deeleigen)	1	717221	99.0806
bff SPEC(vreemd)	1	717222	99.0808
bf SPEC(vreemd)	1	717223	99.0809
bf N(soort,ev,basis,zijd,stan)	1	717224	99.0811
beÃ¯nvloeden WW(vd,vrij,zonder)	1	717225	99.0812
bezwaarlijk ADJ(vrij,basis,zonder)	1	717226	99.0813
bezuiniging N(soort,mv,basis)	1	717227	99.0815
bezorger N(soort,ev,basis,zijd,stan)	1	717228	99.0816
bezorgen WW(pv,tgw,mv)	1	717229	99.0817
bezorgen WW(pv,tgw,ev)	1	717230	99.0819
bezorgdheid N(soort,ev,basis,zijd,stan)	1	717231	99.082
bezorgd WW(vd,vrij,zonder)	1	717232	99.0822
bezoensberg N(soort,ev,basis,onz,stan)	1	717233	99.0823
bezoek N(soort,mv,basis)	1	717234	99.0824
bezitten WW(vd,nom,met-e,zonder-n)	1	717235	99.0826
bezit N(soort,ev,basis,onz,stan)	1	717236	99.0827
bezinken WW(inf,vrij,zonder)	1	717237	99.0829
bezighouden WW(vd,vrij,zonder)	1	717238	99.083
bezigheden WW(vd,vrij,zonder)	1	717239	99.0831
bezigen WW(inf,vrij,zonder)	1	717240	99.0833
bezienswaardigheid N(soort,mv,basis)	1	717241	99.0834
bezielen WW(pv,tgw,met-t)	1	717242	99.0835
bezichtiging N(soort,mv,basis)	1	717243	99.0837
bezichtigen WW(pv,verl,mv)	1	717244	99.0838
bezib ADJ(vrij,basis,zonder)	1	717245	99.084
bezetten WW(pv,verl,ev)	1	717246	99.0841
bezet ADJ(vrij,basis,zonder)	1	717247	99.0842
bezen N(soort,mv,basis)	1	717248	99.0844
bezem N(soort,ev,basis,zijd,stan)	1	717249	99.0845
beyond SPEC(vreemd)	1	717250	99.0846
bewust ADJ(prenom,basis,zonder)	1	717251	99.0848
bewstig ADJ(vrij,basis,zonder)	1	717252	99.0849
bewoond ADJ(prenom,basis,zonder)	1	717253	99.0851
bewonersraad N(soort,mv,basis)	1	717254	99.0852
bewonerskaart N(soort,ev,basis,zijd,stan)	1	717255	99.0853
bewoner N(soort,ev,basis,zijd,stan)	1	717256	99.0855
bewonderen WW(pv,tgw,ev)	1	717257	99.0856
bewolking N(soort,ev,basis,zijd,stan)	1	717258	99.0858
bewijsmateriaal N(soort,ev,basis,onz,stan)	1	717259	99.0859
bewijsmateriaal ADJ(vrij,basis,zonder)	1	717260	99.086
bewerking N(soort,mv,basis)	1	717261	99.0862
bewerken WW(vd,vrij,zonder)	1	717262	99.0863
bewerken WW(inf,vrij,zonder)	1	717263	99.0864
beweren WW(vd,vrij,zonder)	1	717264	99.0866
beweren WW(inf,vrij,zonder)	1	717265	99.0867
bewegen WW(pv,tgw,ev)	1	717266	99.0869
bewaren WW(pv,verl,ev)	1	717267	99.087
bewaren WW(pv,tgw,mv)	1	717268	99.0871
bewaren WW(inf,nom,zonder,zonder-n)	1	717269	99.0873
bewaken WW(pv,tgw,ev)	1	717270	99.0874
bew N(soort,ev,dim,onz,stan)	1	717271	99.0876
bevruchten WW(vd,vrij,zonder)	1	717272	99.0877
bevroeden WW(inf,vrij,zonder)	1	717273	99.0878
bevrijdingsfestival N(soort,ev,basis,onz,stan)	1	717274	99.088
bevriezen WW(vd,vrij,zonder)	1	717275	99.0881
bevriezen WW(pv,tgw,mv)	1	717276	99.0882
bevriezen WW(pv,tgw,met-t)	1	717277	99.0884
bevriezen WW(inf,vrij,zonder)	1	717278	99.0885
bevriezen N(soort,ev,basis,onz,stan)	1	717279	99.0887
bevredigend ADJ(vrij,basis,zonder)	1	717280	99.0888
bevestiging WW(pv,tgw,ev)	1	717281	99.0889
bevestigen WW(pv,verl,ev)	1	717282	99.0891
bevestigen WW(pv,tgw,ev)	1	717283	99.0892
bevestig ADJ(prenom,basis,met-e,stan)	1	717284	99.0893
beverly N(soort,ev,basis,zijd,stan)	1	717285	99.0895
beverage ADJ(prenom,basis,met-e,stan)	1	717286	99.0896
bever N(soort,ev,basis,zijd,stan)	1	717287	99.0898
bevatten WW(pv,tgw,mv)	1	717288	99.0899
bevatten WW(pv,tgw,ev)	1	717289	99.09
bevallen WW(inf,vrij,zonder)	1	717290	99.0902
beurskoers N(soort,mv,basis)	1	717291	99.0903
beursgedoe BW()	1	717292	99.0905
beurs N(soort,mv,basis)	1	717293	99.0906
beurre SPEC(vreemd)	1	717294	99.0907
beuken ADJ(vrij,basis,zonder)	1	717295	99.0909
beugelbar N(soort,ev,basis,zijd,stan)	1	717296	99.091
bets N(soort,ev,basis,zijd,stan)	1	717297	99.0911
betrouwbaar ADJ(vrij,basis,zonder)	1	717298	99.0913
betrekken WW(pv,tgw,met-t)	1	717299	99.0914
betrekkelijk ADJ(vrij,basis,zonder)	1	717300	99.0916
betreffende VZ(init)	1	717301	99.0917
betreffen WW(pv,verl,ev)	1	717302	99.0918
betrappen WW(vd,vrij,zonder)	1	717303	99.092
betrappen WW(pv,tgw,met-t)	1	717304	99.0921
betrappen WW(inf,vrij,zonder)	1	717305	99.0922
betr N(soort,ev,basis,zijd,stan)	1	717306	99.0924
beton N(soort,ev,basis,onz,stan)	1	717307	99.0925
beterschapskus N(soort,ev,dim,onz,stan)	1	717308	99.0927
beterschapskus N(soort,ev,basis,zijd,stan)	1	717309	99.0928
beterschapkus N(soort,ev,dim,onz,stan)	1	717310	99.0929
beterschap WW(pv,tgw,ev)	1	717311	99.0931
beterrrrr ADJ(vrij,comp,zonder)	1	717312	99.0932
beteros N(soort,ev,basis,zijd,stan)	1	717313	99.0934
beteren WW(pv,tgw,met-t)	1	717314	99.0935
betellen WW(inf,vrij,zonder)	1	717315	99.0936
betekenen WW(pv,verl,ev)	1	717316	99.0938
betaoldlen WW(vd,vrij,zonder)	1	717317	99.0939
betalingsprocedures N(soort,ev,basis,zijd,stan)	1	717318	99.094
betaling N(soort,mv,basis)	1	717319	99.0942
betaler N(soort,ev,basis,zijd,stan)	1	717320	99.0943
betalen WW(vd,prenom,zonder)	1	717321	99.0945
betalen WW(vd,prenom,met-e)	1	717322	99.0946
betalen WW(od,vrij,zonder)	1	717323	99.0947
betalen WW(od,prenom,met-e)	1	717324	99.0949
betaallijst N(soort,ev,basis,zijd,stan)	1	717325	99.095
betaalkaart N(soort,ev,basis,zijd,stan)	1	717326	99.0951
beta N(soort,ev,basis,zijd,stan)	1	717327	99.0953
bestuurspauper N(soort,ev,basis,zijd,stan)	1	717328	99.0954
bestuurskamer N(soort,ev,basis,zijd,stan)	1	717329	99.0956
bestuurshok N(soort,ev,basis,zijd,stan)	1	717330	99.0957
bestuurshok N(soort,ev,basis,onz,stan)	1	717331	99.0958
bestuurlijk ADJ(prenom,basis,met-e,stan)	1	717332	99.096
bestuur@vdz-arnhem.nl SPEC(symb)	1	717333	99.0961
besturen WW(inf,vrij,zonder)	1	717334	99.0963
bestuderen WW(inf,vrij,zonder)	1	717335	99.0964
bestuah TSW()	1	717336	99.0965
bestuah ADJ(vrij,basis,zonder)	1	717337	99.0967
bestraling N(soort,ev,basis,zijd,stan)	1	717338	99.0968
bestivaltickets N(soort,ev,basis,zijd,stan)	1	717339	99.0969
bestijgen WW(pv,verl,mv)	1	717340	99.0971
bestijgen WW(pv,tgw,mv)	1	717341	99.0972
bestemming N(soort,mv,basis)	1	717342	99.0974
bestelling N(soort,mv,basis)	1	717343	99.0975
bestellen WW(pv,tgw,met-t)	1	717344	99.0976
bestelen WW(vd,vrij,zonder)	1	717345	99.0978
bestelbon N(soort,ev,basis,zijd,stan)	1	717346	99.0979
besteden WW(vd,vrij,zonder)	1	717347	99.098
besteden WW(pv,tgw,mv)	1	717348	99.0982
besteden WW(pv,tgw,ev)	1	717349	99.0983
bestandwn N(soort,mv,basis)	1	717350	99.0985
bestaansreden N(soort,ev,basis,zijd,stan)	1	717351	99.0986
bestaansrecht N(soort,ev,basis,onz,stan)	1	717352	99.0987
bestaan WW(pv,verl,ev)	1	717353	99.0989
bestaan WW(od,vrij,zonder)	1	717354	99.099
best N(soort,ev,basis,zijd,stan)	1	717355	99.0992
best N(soort,ev,basis,onz,stan)	1	717356	99.0993
bessie SPEC(vreemd)	1	717357	99.0994
bessie N(soort,ev,dim,onz,stan)	1	717358	99.0996
bespreking SPEC(vreemd)	1	717359	99.0997
bespreking N(soort,mv,basis)	1	717360	99.0998
bespr N(soort,ev,dim,onz,stan)	1	717361	99.1
bespottelijk ADJ(vrij,basis,zonder)	1	717362	99.1001
bespieden WW(inf,vrij,zonder)	1	717363	99.1003
besparen WW(vd,vrij,zonder)	1	717364	99.1004
besparen WW(pv,tgw,met-t)	1	717365	99.1005
besparen WW(pv,tgw,ev)	1	717366	99.1007
besos N(soort,ev,basis,zijd,stan)	1	717367	99.1008
besneeuwd ADJ(prenom,basis,zonder)	1	717368	99.101
besluitvormingsproces N(soort,ev,basis,onz,stan)	1	717369	99.1011
besluiten WW(pv,tgw,ev)	1	717370	99.1012
besluit N(soort,mv,basis)	1	717371	99.1014
beslotn N(soort,ev,basis,zijd,stan)	1	717372	99.1015
beslist ADJ(vrij,basis,zonder)	1	717373	99.1016
beslissingenn N(soort,ev,basis,zijd,stan)	1	717374	99.1018
beslissen WW(pv,tgw,mv)	1	717375	99.1019
beslissen WW(pv,tgw,ev)	1	717376	99.1021
beslaan WW(pv,verl,ev)	1	717377	99.1022
beseffen WW(pv,verl,ev)	1	717378	99.1023
beschut ADJ(vrij,basis,zonder)	1	717379	99.1025
beschuldiging N(soort,ev,basis,zijd,stan)	1	717380	99.1026
beschrijving N(soort,mv,basis)	1	717381	99.1027
beschrijving N(soort,ev,basis,zijd,stan)	1	717382	99.1029
beschrijven WW(pv,tgw,met-t)	1	717383	99.103
beschrijven WW(inf,vrij,zonder)	1	717384	99.1032
beschrijf N(soort,ev,basis,onz,stan)	1	717385	99.1033
beschouwen WW(inf,vrij,zonder)	1	717386	99.1034
beschimmelen WW(vd,vrij,zonder)	1	717387	99.1036
beschikken WW(pv,tgw,ev)	1	717388	99.1037
beschikbaarheid N(soort,ev,basis,zijd,stan)	1	717389	99.1039
bescheten N(soort,mv,basis)	1	717390	99.104
bescherming N(soort,ev,basis,zijd,stan)	1	717391	99.1041
beschermen WW(vd,vrij,zonder)	1	717392	99.1043
beschermen WW(inf,vrij,zonder)	1	717393	99.1044
bescheren WW(vd,vrij,zonder)	1	717394	99.1045
bescheidenheid N(soort,ev,basis,zijd,stan)	1	717395	99.1047
bescheiden ADJ(prenom,basis,zonder)	1	717396	99.1048
beschaafd ADJ(prenom,basis,met-e,stan)	1	717397	99.105
besant N(soort,ev,basis,zijd,stan)	1	717398	99.1051
besant ADJ(vrij,basis,zonder)	1	717399	99.1052
berucht ADJ(prenom,basis,zonder)	1	717400	99.1054
berucht ADJ(prenom,basis,met-e,stan)	1	717401	99.1055
bertrokkn WW(vd,vrij,zonder)	1	717402	99.1056
bertie N(soort,ev,basis,zijd,stan)	1	717403	99.1058
bertens N(soort,ev,basis,onz,stan)	1	717404	99.1059
bert N(soort,ev,basis,onz,stan)	1	717405	99.1061
beroep N(soort,ev,basis,onz,stan)	1	717406	99.1062
bernestraat N(soort,ev,basis,zijd,stan)	1	717407	99.1063
bernd ADJ(vrij,basis,zonder)	1	717408	99.1065
bernard WW(vd,vrij,zonder)	1	717409	99.1066
berna N(soort,ev,basis,zijd,stan)	1	717410	99.1068
berlijns ADJ(prenom,basis,met-e,stan)	1	717411	99.1069
berkmans SPEC(vreemd)	1	717412	99.107
berkelse ADJ(prenom,basis,met-e,stan)	1	717413	99.1072
berkel N(soort,ev,basis,zijd,stan)	1	717414	99.1073
berijkbaar ADJ(vrij,basis,zonder)	1	717415	99.1074
berichtgeving N(soort,ev,basis,zijd,stan)	1	717416	99.1076
berichtenwisseling N(soort,ev,basis,zijd,stan)	1	717417	99.1077
berichtenuitwisseling N(soort,ev,basis,zijd,stan)	1	717418	99.1079
berichten WW(pv,tgw,ev)	1	717419	99.108
berichten WW(inf,vrij,zonder)	1	717420	99.1081
bericht WW(inf,vrij,zonder)	1	717421	99.1083
bericht SPEC(vreemd)	1	717422	99.1084
berichr WW(vd,vrij,zonder)	1	717423	99.1085
bergwandelding N(soort,ev,basis,zijd,stan)	1	717424	99.1087
bergstraat N(soort,ev,basis,zijd,stan)	1	717425	99.1088
bergingsslot N(soort,ev,basis,onz,stan)	1	717426	99.109
bergingsdeur N(soort,ev,basis,zijd,stan)	1	717427	99.1091
berging N(soort,mv,basis)	1	717428	99.1092
bergen WW(pv,tgw,mv)	1	717429	99.1094
bergen WW(inf,vrij,zonder)	1	717430	99.1095
bergdorp N(soort,ev,dim,onz,stan)	1	717431	99.1097
bereveel ADJ(vrij,basis,zonder)	1	717432	99.1098
berendsen N(soort,mv,basis)	1	717433	99.1099
berendonk N(soort,ev,basis,zijd,stan)	1	717434	99.1101
berenboek N(soort,ev,basis,onz,stan)	1	717435	99.1102
berekenen WW(vd,vrij,zonder)	1	717436	99.1103
berekenen WW(od,vrij,zonder)	1	717437	99.1105
bereiken WW(pv,tgw,mv)	1	717438	99.1106
bereiken WW(pv,tgw,met-t)	1	717439	99.1108
bereiken WW(inf,nom,zonder,zonder-n)	1	717440	99.1109
bereike N(soort,ev,basis,dat)	1	717441	99.111
bereik N(soort,ev,basis,zijd,stan)	1	717442	99.1112
bereiden WW(pv,tgw,ev)	1	717443	99.1113
beregoe N(soort,ev,basis,zijd,stan)	1	717444	99.1115
bere ADJ(prenom,comp,met-e,stan)	1	717445	99.1116
berdine N(soort,ev,dim,onz,stan)	1	717446	99.1117
berdine N(soort,ev,basis,zijd,stan)	1	717447	99.1119
berdiekie N(soort,ev,basis,zijd,stan)	1	717448	99.112
beramen WW(pv,tgw,mv)	1	717449	99.1121
beraad N(soort,ev,basis,onz,stan)	1	717450	99.1123
ber N(soort,ev,basis,onz,stan)	1	717451	99.1124
ber ADJ(prenom,basis,met-e,stan)	1	717452	99.1126
beproeving N(soort,ev,basis,zijd,stan)	1	717453	99.1127
beproefd ADJ(prenom,basis,met-e,stan)	1	717454	99.1128
bepotelen WW(vd,vrij,zonder)	1	717455	99.113
beperken WW(vd,vrij,zonder)	1	717456	99.1131
beperken WW(vd,prenom,zonder)	1	717457	99.1132
beperken WW(vd,prenom,met-e)	1	717458	99.1134
bepampelen N(soort,mv,basis)	1	717459	99.1135
bepalen WW(vd,vrij,zonder)	1	717460	99.1137
bep N(soort,ev,basis,zijd,stan)	1	717461	99.1138
beoordelingsgesprek N(soort,ev,basis,onz,stan)	1	717462	99.1139
beoordeling N(soort,ev,basis,zijd,stan)	1	717463	99.1141
beoordelen WW(vd,vrij,zonder)	1	717464	99.1142
beogen WW(vd,prenom,met-e)	1	717465	99.1144
beogen WW(pv,tgw,ev)	1	717466	99.1145
beoefenen WW(inf,vrij,zonder)	1	717467	99.1146
beode WW(pv,verl,ev)	1	717468	99.1148
benutten WW(inf,vrij,zonder)	1	717469	99.1149
bent.to SPEC(symb)	1	717470	99.115
bent.be SPEC(symb)	1	717471	99.1152
benoemen WW(inf,vrij,zonder)	1	717472	99.1153
benny N(soort,ev,basis,zijd,stan)	1	717473	99.1155
bennu N(soort,ev,basis,onz,stan)	1	717474	99.1156
bennu ADJ(vrij,basis,zonder)	1	717475	99.1157
benniknougek N(soort,ev,basis,zijd,stan)	1	717476	99.1159
bennekom N(soort,ev,basis,onz,stan)	1	717477	99.116
bennek VNW(onbep,grad,stan,prenom,zonder,agr,basis)	1	717478	99.1161
bennek SPEC(deeleigen)	1	717479	99.1163
bennek ADJ(vrij,basis,zonder)	1	717480	99.1164
benk N(soort,ev,basis,onz,stan)	1	717481	99.1166
benjij N(soort,ev,basis,zijd,stan)	1	717482	99.1167
beniewden WW(vd,vrij,zonder)	1	717483	99.1168
bener N(soort,ev,basis,zijd,stan)	1	717484	99.117
benenwerk N(soort,ev,basis,onz,stan)	1	717485	99.1171
benelux N(soort,mv,basis)	1	717486	99.1173
benefit SPEC(vreemd)	1	717487	99.1174
benefietavond ADJ(vrij,basis,zonder)	1	717488	99.1175
benefiet N(soort,ev,basis,onz,stan)	1	717489	99.1177
bendelid N(soort,ev,basis,zijd,stan)	1	717490	99.1178
bendeleider N(soort,ev,basis,zijd,stan)	1	717491	99.1179
benchmarking SPEC(vreemd)	1	717492	99.1181
bench ADJ(vrij,basis,zonder)	1	717493	99.1182
benauwen WW(vd,vrij,zonder)	1	717494	99.1184
benauwd ADJ(vrij,comp,zonder)	1	717495	99.1185
benadrukken WW(pv,tgw,met-t)	1	717496	99.1186
benaderen WW(inf,vrij,zonder)	1	717497	99.1188
ben.to SPEC(symb)	1	717498	99.1189
ben.er WW(pv,tgw,ev)	1	717499	99.119
bemoeienis N(soort,mv,basis)	1	717500	99.1192
bemoeien WW(pv,tgw,met-t)	1	717501	99.1193
bemoeien WW(inf,vrij,zonder)	1	717502	99.1195
bemoedigen WW(od,prenom,met-e)	1	717503	99.1196
bemiddelen WW(inf,vrij,zonder)	1	717504	99.1197
bemachtigen WW(inf,vrij,zonder)	1	717505	99.1199
bem WW(pv,tgw,ev)	1	717506	99.12
beltoon N(soort,ev,basis,onz,stan)	1	717507	99.1202
belsaldo N(soort,ev,basis,zijd,stan)	1	717508	99.1203
belovn ADJ(postnom,basis,met-s)	1	717509	99.1204
beloven WW(pv,verl,mv)	1	717510	99.1206
beloven WW(pv,tgw,mv)	1	717511	99.1207
belofte N(soort,ev,basis,zijd,stan)	1	717512	99.1208
belmonte WW(pv,verl,ev)	1	717513	99.121
belln SPEC(vreemd)	1	717514	99.1211
belln N(soort,ev,basis,zijd,stan)	1	717515	99.1213
belln BW()	1	717516	99.1214
bellennnn WW(pv,verl,mv)	1	717517	99.1215
bellen WW(od,prenom,met-e)	1	717518	99.1217
belknop N(soort,ev,basis,zijd,stan)	1	717519	99.1218
belisol N(soort,ev,basis,zijd,stan)	1	717520	99.1219
believing N(soort,ev,basis,zijd,stan)	1	717521	99.1221
believer SPEC(vreemd)	1	717522	99.1222
believe N(soort,ev,basis,zijd,stan)	1	717523	99.1224
believe BW()	1	717524	99.1225
belgiÃ« SPEC(vreemd)	1	717525	99.1226
belgium N(soort,ev,basis,onz,stan)	1	717526	99.1228
belgisch N(soort,ev,basis,zijd,stan)	1	717527	99.1229
belge SPEC(vreemd)	1	717528	99.1231
belgacom N(soort,ev,basis,onz,stan)	1	717529	99.1232
belfortstraat N(soort,ev,basis,zijd,stan)	1	717530	99.1233
belfort N(soort,ev,basis,onz,stan)	1	717531	99.1235
beleven WW(pv,tgw,ev)	1	717532	99.1236
beleve ADJ(prenom,basis,met-e,stan)	1	717533	99.1237
beletten WW(pv,tgw,ev)	1	717534	99.1239
belenden WW(od,prenom,met-e)	1	717535	99.124
beleggen WW(vd,vrij,zonder)	1	717536	99.1242
beleggen WW(inf,vrij,zonder)	1	717537	99.1243
beledigen WW(vd,vrij,zonder)	1	717538	99.1244
beledigen WW(od,vrij,zonder)	1	717539	99.1246
belbaar N(soort,ev,basis,onz,stan)	1	717540	99.1247
belastingdienstrapport N(soort,ev,basis,onz,stan)	1	717541	99.1249
belastingaangifte N(soort,ev,basis,zijd,stan)	1	717542	99.125
belasten WW(vd,vrij,zonder)	1	717543	99.1251
belasten WW(od,prenom,met-e)	1	717544	99.1253
belangstellend ADJ(nom,basis,met-e,zonder-n,stan)	1	717545	99.1254
belangstellen WW(od,nom,met-e,zonder-n)	1	717546	99.1255
belangryker N(soort,ev,basis,zijd,stan)	1	717547	99.1257
belangryk N(soort,ev,basis,zijd,stan)	1	717548	99.1258
belangryk N(soort,ev,basis,onz,stan)	1	717549	99.126
belangryk ADJ(nom,sup,zonder,zonder-n)	1	717550	99.1261
belangrijk ADJ(nom,sup,zonder,zonder-n)	1	717551	99.1262
belang N(soort,mv,basis)	1	717552	99.1264
bel-air ADJ(vrij,basis,zonder)	1	717553	99.1265
bel N(soort,mv,dim)	1	717554	99.1266
bekronen WW(vd,vrij,zonder)	1	717555	99.1268
bekronen WW(vd,prenom,met-e)	1	717556	99.1269
bekronen WW(pv,verl,ev)	1	717557	99.1271
bekritieseren WW(inf,vrij,zonder)	1	717558	99.1272
bekomst N(soort,ev,basis,zijd,stan)	1	717559	99.1273
bekommeren WW(vd,vrij,zonder)	1	717560	99.1275
beknopt ADJ(vrij,basis,zonder)	1	717561	99.1276
beklimmen WW(vd,vrij,zonder)	1	717562	99.1278
beklimmen WW(inf,vrij,zonder)	1	717563	99.1279
bekleding N(soort,ev,basis,zijd,stan)	1	717564	99.128
bekkie N(soort,ev,basis,onz,stan)	1	717565	99.1282
bekker BW()	1	717566	99.1283
bekisting N(soort,ev,basis,zijd,stan)	1	717567	99.1284
bekiken WW(pv,verl,mv)	1	717568	99.1286
bekijkn WW(inf,vrij,zonder)	1	717569	99.1287
bekijken WW(inf,nom,zonder,zonder-n)	1	717570	99.1289
bekerke N(soort,ev,dim,onz,stan)	1	717571	99.129
bekerfinale N(soort,ev,basis,zijd,stan)	1	717572	99.1291
beker N(soort,mv,dim)	1	717573	99.1293
bekend ADJ(nom,basis,met-e,zonder-n,stan)	1	717574	99.1294
bekakt ADJ(vrij,basis,zonder)	1	717575	99.1295
bekabeling N(soort,ev,basis,zijd,stan)	1	717576	99.1297
bejaarde N(soort,mv,basis)	1	717577	99.1298
bejaard ADJ(prenom,basis,zonder)	1	717578	99.13
bejaard ADJ(nom,basis,met-e,zonder-n,stan)	1	717579	99.1301
beits N(soort,mv,basis)	1	717580	99.1302
beire N(soort,ev,basis,zijd,stan)	1	717581	99.1304
beim N(soort,ev,basis,onz,stan)	1	717582	99.1305
beijon N(soort,mv,basis)	1	717583	99.1307
beidn N(soort,ev,basis,zijd,stan)	1	717584	99.1308
beide VNW(onbep,grad,stan,nom,met-e,zonder-n,basis)	1	717585	99.1309
bei SPEC(vreemd)	1	717586	99.1311
behun SPEC(vreemd)	1	717587	99.1312
behulpzaam ADJ(vrij,basis,zonder)	1	717588	99.1313
behulp N(soort,ev,basis,onz,stan)	1	717589	99.1315
behuizing N(soort,ev,basis,zijd,stan)	1	717590	99.1316
behoudens VZ(init)	1	717591	99.1318
behouden WW(inf,vrij,zonder)	1	717592	99.1319
behoud N(soort,ev,basis,onz,stan)	1	717593	99.132
behoren N(soort,ev,basis,onz,stan)	1	717594	99.1322
behoorlyk N(soort,ev,basis,zijd,stan)	1	717595	99.1323
behoorlijk ADJ(prenom,basis,zonder)	1	717596	99.1324
behoorlijk ADJ(prenom,basis,met-e,stan)	1	717597	99.1326
behoefte N(soort,mv,basis)	1	717598	99.1327
behelpen WW(inf,vrij,zonder)	1	717599	99.1329
beheersen WW(vd,prenom,met-e)	1	717600	99.133
beheersen WW(inf,vrij,zonder)	1	717601	99.1331
beheerlogingegeven N(soort,mv,basis)	1	717602	99.1333
beheerder N(soort,ev,basis,zijd,stan)	1	717603	99.1334
beharing N(soort,ev,basis,zijd,stan)	1	717604	99.1336
behang N(soort,ev,basis,zijd,stan)	1	717605	99.1337
behandelen WW(inf,vrij,zonder)	1	717606	99.1338
behalen WW(inf,vrij,zonder)	1	717607	99.134
beh N(soort,ev,basis,zijd,stan)	1	717608	99.1341
begyn SPEC(vreemd)	1	717609	99.1342
begun WW(vd,vrij,zonder)	1	717610	99.1344
begrypen WW(pv,tgw,ev)	1	717611	99.1345
begroting N(soort,ev,basis,zijd,stan)	1	717612	99.1347
begroeten WW(pv,tgw,ev)	1	717613	99.1348
begrijpen WW(inf,vrij,zonder)	1	717614	99.1349
begrijpelijk ADJ(prenom,basis,met-e,stan)	1	717615	99.1351
begrijpe WW(pv,conj,ev)	1	717616	99.1352
begrijp N(soort,ev,basis,zijd,stan)	1	717617	99.1353
begraafplaats N(soort,ev,basis,zijd,stan)	1	717618	99.1355
begot N(soort,mv,basis)	1	717619	99.1356
begone WW(vd,nom,met-e,zonder-n)	1	717620	99.1358
beginplaats N(soort,ev,basis,zijd,stan)	1	717621	99.1359
beginning SPEC(vreemd)	1	717622	99.136
beginnah ADJ(vrij,basis,zonder)	1	717623	99.1362
beginef ADJ(vrij,basis,zonder)	1	717624	99.1363
begibben WW(pv,tgw,met-t)	1	717625	99.1365
begeven WW(inf,vrij,zonder)	1	717626	99.1366
begeleidster N(soort,mv,basis)	1	717627	99.1367
begeleidn WW(inf,vrij,zonder)	1	717628	99.1369
begb N(soort,ev,basis,zijd,stan)	1	717629	99.137
begaan ADJ(prenom,basis,met-e,stan)	1	717630	99.1371
befufeld SPEC(vreemd)	1	717631	99.1373
befehl SPEC(vreemd)	1	717632	99.1374
befaamd ADJ(prenom,basis,met-e,stan)	1	717633	99.1376
beetroots SPEC(vreemd)	1	717634	99.1377
beetje N(soort,mv,dim)	1	717635	99.1378
beet N(soort,ev,basis,zijd,stan)	1	717636	99.138
beestachtig ADJ(vrij,basis,zonder)	1	717637	99.1381
beerse WW(pv,verl,ev)	1	717638	99.1383
beerse N(soort,ev,basis,zijd,stan)	1	717639	99.1384
beerput N(soort,ev,basis,zijd,stan)	1	717640	99.1385
beer N(soort,ev,dim,onz,stan)	1	717641	99.1387
beenhesp N(soort,ev,basis,onz,stan)	1	717642	99.1388
beeldscherm N(soort,ev,basis,onz,stan)	1	717643	99.1389
beeldhouwer N(soort,ev,basis,zijd,stan)	1	717644	99.1391
beelden WW(pv,tgw,met-t)	1	717645	99.1392
beeinflÃ¼ssung N(soort,ev,basis,zijd,stan)	1	717646	99.1394
beeindiging N(soort,ev,basis,zijd,stan)	1	717647	99.1395
beef SPEC(vreemd)	1	717648	99.1396
beeberd WW(vd,vrij,zonder)	1	717649	99.1398
beeb SPEC(vreemd)	1	717650	99.1399
beeb N(soort,ev,basis,zijd,stan)	1	717651	99.14
bee N(soort,mv,basis)	1	717652	99.1402
bedwingen WW(inf,vrij,zonder)	1	717653	99.1403
bedwang N(soort,ev,basis,onz,stan)	1	717654	99.1405
beduidend ADJ(vrij,basis,zonder)	1	717655	99.1406
beduiden WW(od,vrij,zonder)	1	717656	99.1407
bedstee N(soort,ev,basis,zijd,stan)	1	717657	99.1409
bedryf N(soort,ev,basis,onz,stan)	1	717658	99.141
bedroom N(soort,mv,basis)	1	717659	99.1412
bedrijskunde WW(od,prenom,met-e)	1	717660	99.1413
bedrijfswagen N(soort,ev,basis,zijd,stan)	1	717661	99.1414
bedrijfskundig ADJ(prenom,basis,met-e,stan)	1	717662	99.1416
bedrijfsjurist N(soort,ev,basis,zijd,stan)	1	717663	99.1417
bedrijf N(soort,ev,dim,onz,stan)	1	717664	99.1418
bedreigen WW(inf,vrij,zonder)	1	717665	99.142
bedradingsschema N(soort,ev,basis,onz,stan)	1	717666	99.1421
bedoeÃ¯n(envrouw) SPEC(symb)	1	717667	99.1423
bedoeling N(soort,mv,basis)	1	717668	99.1424
bedoelen WW(vd,nom,met-e,zonder-n)	1	717669	99.1425
bedoelen WW(pv,tgw,mv)	1	717670	99.1427
bedoelen WW(inf,vrij,zonder)	1	717671	99.1428
bedienen WW(vd,vrij,zonder)	1	717672	99.1429
bedien N(soort,mv,basis)	1	717673	99.1431
bedevaartstocht N(soort,ev,basis,zijd,stan)	1	717674	99.1432
bederven WW(inf,vrij,zonder)	1	717675	99.1434
bedenkn N(soort,ev,basis,onz,stan)	1	717676	99.1435
bedenken WW(pv,tgw,mv)	1	717677	99.1436
bedelven WW(vd,vrij,zonder)	1	717678	99.1438
bedelven WW(inf,vrij,zonder)	1	717679	99.1439
bedelen WW(pv,tgw,met-t)	1	717680	99.1441
bedekken WW(vd,vrij,zonder)	1	717681	99.1442
beddengoed N(soort,ev,basis,onz,stan)	1	717682	99.1443
bedbugs SPEC(vreemd)	1	717683	99.1445
bedanktvoor VZ(init)	1	717684	99.1446
bedanktuwel SPEC(symb)	1	717685	99.1447
bedankje N(soort,ev,dim,onz,stan)	1	717686	99.1449
bedanking N(soort,ev,basis,zijd,stan)	1	717687	99.145
bedanked WW(pv,tgw,ev)	1	717688	99.1452
bedaanken WW(pv,tgw,met-t)	1	717689	99.1453
bed.X SPEC(deeleigen)	1	717690	99.1454
bed N(soort,mv,dim)	1	717691	99.1456
bed N(soort,mv,basis)	1	717692	99.1457
become SPEC(vreemd)	1	717693	99.1458
becherovka N(soort,ev,basis,zijd,stan)	1	717694	99.146
because ADJ(prenom,basis,met-e,stan)	1	717695	99.1461
became SPEC(vreemd)	1	717696	99.1463
bebouwd ADJ(prenom,basis,met-e,stan)	1	717697	99.1464
bebbel SPEC(vreemd)	1	717698	99.1465
bebbel N(soort,ev,dim,onz,stan)	1	717699	99.1467
beavis N(soort,ev,basis,zijd,stan)	1	717700	99.1468
beauty-dinges N(soort,ev,basis,zijd,stan)	1	717701	99.147
beaufort N(soort,ev,basis,onz,stan)	1	717702	99.1471
beaucoup SPEC(vreemd)	1	717703	99.1472
beau SPEC(vreemd)	1	717704	99.1474
beats SPEC(vreemd)	1	717705	99.1475
beatles-lied N(soort,mv,dim)	1	717706	99.1476
beateker N(soort,ev,basis,zijd,stan)	1	717707	99.1478
beast SPEC(vreemd)	1	717708	99.1479
beantwoorden WW(pv,verl,ev)	1	717709	99.1481
beantwoord N(soort,ev,basis,onz,stan)	1	717710	99.1482
beamen WW(pv,tgw,mv)	1	717711	99.1483
beamen WW(pv,tgw,met-t)	1	717712	99.1485
beachze N(soort,ev,basis,zijd,stan)	1	717713	99.1486
beachvolleyballen WW(vd,vrij,zonder)	1	717714	99.1487
beachvolley N(soort,ev,basis,onz,stan)	1	717715	99.1489
beachveld N(soort,mv,basis)	1	717716	99.149
beachtoernooi N(soort,ev,basis,zijd,stan)	1	717717	99.1492
beachhandbal N(soort,ev,basis,zijd,stan)	1	717718	99.1493
beachen N(soort,mv,basis)	1	717719	99.1494
bds ADJ(prenom,basis,zonder)	1	717720	99.1496
bdienster N(soort,mv,basis)	1	717721	99.1497
bdays N(soort,mv,basis)	1	717722	99.1499
bd N(soort,ev,basis,onz,stan)	1	717723	99.15
bcck N(soort,ev,basis,zijd,stan)	1	717724	99.1501
bbt N(soort,ev,basis,onz,stan)	1	717725	99.1503
bbqen WW(inf,nom,zonder,zonder-n)	1	717726	99.1504
bbq-en WW(inf,vrij,zonder)	1	717727	99.1505
bbq-en N(soort,ev,basis,onz,stan)	1	717728	99.1507
bbbrrrrrrrroooooeeeeemmmm N(soort,ev,basis,onz,stan)	1	717729	99.1508
bbbb N(soort,ev,basis,zijd,stan)	1	717730	99.151
bbb N(soort,ev,basis,zijd,stan)	1	717731	99.1511
bbb N(soort,ev,basis,onz,stan)	1	717732	99.1512
bbb ADJ(vrij,basis,zonder)	1	717733	99.1514
bbar N(soort,ev,basis,zijd,stan)	1	717734	99.1515
bb WW(pv,tgw,met-t)	1	717735	99.1517
bb SPEC(vreemd)	1	717736	99.1518
bb N(soort,ev,basis,zijd,stan)	1	717737	99.1519
bb ADJ(vrij,basis,zonder)	1	717738	99.1521
baywatch SPEC(vreemd)	1	717739	99.1522
bayblade WW(pv,verl,ev)	1	717740	99.1523
bay VZ(init)	1	717741	99.1525
bauwens N(soort,mv,basis)	1	717742	99.1526
baukemeister N(soort,ev,basis,zijd,stan)	1	717743	99.1528
bauer's N(soort,mv,basis)	1	717744	99.1529
baudelo.ko SPEC(symb)	1	717745	99.153
baudelo-st SPEC(vreemd)	1	717746	99.1532
baudelo SPEC(vreemd)	1	717747	99.1533
baudelo SPEC(deeleigen)	1	717748	99.1534
baudelo N(soort,ev,basis,onz,stan)	1	717749	99.1536
battlefield N(soort,ev,basis,onz,stan)	1	717750	99.1537
battery SPEC(vreemd)	1	717751	99.1539
batterin N(soort,ev,basis,zijd,stan)	1	717752	99.154
batterijtijd N(soort,ev,basis,zijd,stan)	1	717753	99.1541
batterij N(soort,ev,dim,onz,stan)	1	717754	99.1543
batt WW(pv,tgw,met-t)	1	717755	99.1544
batt N(soort,ev,basis,zijd,stan)	1	717756	99.1546
bathroom WW(pv,verl,ev)	1	717757	99.1547
bathroom SPEC(vreemd)	1	717758	99.1548
batery N(soort,ev,basis,zijd,stan)	1	717759	99.155
batches SPEC(vreemd)	1	717760	99.1551
batch SPEC(vreemd)	1	717761	99.1552
batch N(soort,ev,basis,zijd,stan)	1	717762	99.1554
batavierenrace SPEC(vreemd)	1	717763	99.1555
batavierenrace N(soort,ev,basis,zijd,stan)	1	717764	99.1557
batakamp N(soort,ev,basis,zijd,stan)	1	717765	99.1558
bataclan N(soort,ev,basis,zijd,stan)	1	717766	99.1559
bata N(soort,ev,basis,zijd,stan)	1	717767	99.1561
bat VNW(aanw,pron,stan,vol,3o,ev)	1	717768	99.1562
bat N(soort,ev,dim,onz,stan)	1	717769	99.1563
basversterker N(soort,ev,basis,zijd,stan)	1	717770	99.1565
bastijn N(soort,ev,basis,zijd,stan)	1	717771	99.1566
basterd N(soort,ev,basis,zijd,stan)	1	717772	99.1568
bastards N(soort,ev,basis,zijd,stan)	1	717773	99.1569
bastards ADJ(vrij,basis,zonder)	1	717774	99.157
bastard N(soort,mv,basis)	1	717775	99.1572
bast N(soort,ev,basis,zijd,stan)	1	717776	99.1573
basssssssssss N(soort,mv,basis)	1	717777	99.1575
bassist N(soort,ev,basis,zijd,stan)	1	717778	99.1576
basisschool-pilaar N(soort,mv,basis)	1	717779	99.1577
basiliwue N(soort,ev,basis,zijd,stan)	1	717780	99.1579
basgitaarboek N(soort,ev,basis,zijd,stan)	1	717781	99.158
based SPEC(vreemd)	1	717782	99.1581
bas N(soort,ev,dim,onz,stan)	1	717783	99.1583
bartroll N(soort,ev,basis,zijd,stan)	1	717784	99.1584
bartender N(soort,mv,basis)	1	717785	99.1586
bartel N(soort,ev,basis,zijd,stan)	1	717786	99.1587
bart N(soort,mv,basis)	1	717787	99.1588
barsten WW(pv,tgw,mv)	1	717788	99.159
barst N(soort,ev,basis,zijd,stan)	1	717789	99.1591
barshi SPEC(vreemd)	1	717790	99.1592
bars ADJ(vrij,basis,zonder)	1	717791	99.1594
barry N(soort,ev,basis,zijd,stan)	1	717792	99.1595
barrier N(soort,mv,basis)	1	717793	99.1597
barrie N(soort,ev,basis,zijd,stan)	1	717794	99.1598
barrel N(soort,ev,basis,onz,stan)	1	717795	99.1599
barrage N(soort,ev,basis,zijd,stan)	1	717796	99.1601
baron N(soort,mv,dim)	1	717797	99.1602
barney SPEC(vreemd)	1	717798	99.1604
barneveld N(soort,ev,basis,onz,stan)	1	717799	99.1605
barmeisje N(soort,ev,dim,onz,stan)	1	717800	99.1606
barman N(soort,ev,basis,zijd,stan)	1	717801	99.1608
barlow N(soort,ev,basis,onz,stan)	1	717802	99.1609
barkruk N(soort,mv,basis)	1	717803	99.161
barkast N(soort,ev,basis,zijd,stan)	1	717804	99.1612
barhangen WW(inf,vrij,zonder)	1	717805	99.1613
bargainung SPEC(vreemd)	1	717806	99.1615
barely SPEC(vreemd)	1	717807	99.1616
bardienst N(soort,ev,basis,zijd,stan)	1	717808	99.1617
barbie-type N(soort,mv,basis)	1	717809	99.1619
barbie N(soort,ev,basis,zijd,stan)	1	717810	99.162
barber SPEC(vreemd)	1	717811	99.1621
barbecook N(soort,ev,basis,zijd,stan)	1	717812	99.1623
barbaars ADJ(prenom,basis,met-e,stan)	1	717813	99.1624
barabas N(soort,ev,basis,zijd,stan)	1	717814	99.1626
banquet N(soort,ev,basis,onz,stan)	1	717815	99.1627
banner N(soort,mv,basis)	1	717816	99.1628
bankzaak N(soort,mv,basis)	1	717817	99.163
bankterm N(soort,ev,basis,onz,stan)	1	717818	99.1631
bankruppen WW(pv,verl,ev)	1	717819	99.1633
banknummer SPEC(vreemd)	1	717820	99.1634
bankkaart N(soort,ev,basis,zijd,stan)	1	717821	99.1635
bankieren WW(inf,vrij,zonder)	1	717822	99.1637
bankhangend ADJ(vrij,basis,zonder)	1	717823	99.1638
bankhang N(soort,mv,basis)	1	717824	99.1639
bankencrisis N(soort,ev,basis,zijd,stan)	1	717825	99.1641
bangs SPEC(vreemd)	1	717826	99.1642
bangelijk ADJ(nom,basis,met-e,zonder-n,stan)	1	717827	99.1644
bang ADJ(vrij,comp,zonder)	1	717828	99.1645
bang ADJ(prenom,basis,met-e,stan)	1	717829	99.1646
banduren WW(inf,vrij,zonder)	1	717830	99.1648
bandra SPEC(deeleigen)	1	717831	99.1649
bandipur N(soort,ev,basis,zijd,stan)	1	717832	99.1651
bandetta SPEC(vreemd)	1	717833	99.1652
bandenprikker N(soort,ev,basis,zijd,stan)	1	717834	99.1653
bandencentrale N(soort,mv,basis)	1	717835	99.1655
bandenbus N(soort,ev,basis,zijd,stan)	1	717836	99.1656
banda N(soort,ev,basis,zijd,stan)	1	717837	99.1657
bancontact N(soort,ev,basis,onz,stan)	1	717838	99.1659
bananer N(soort,ev,basis,zijd,stan)	1	717839	99.166
bananenteamen WW(pv,verl,mv)	1	717840	99.1662
bananenschil WW(pv,tgw,ev)	1	717841	99.1663
banana SPEC(vreemd)	1	717842	99.1664
banaan N(soort,mv,dim)	1	717843	99.1666
ban N(soort,ev,basis,zijd,stan)	1	717844	99.1667
bammer N(soort,mv,basis)	1	717845	99.1668
bammer N(soort,ev,basis,zijd,stan)	1	717846	99.167
bamischijf N(soort,mv,basis)	1	717847	99.1671
bamischijf ADJ(prenom,basis,zonder)	1	717848	99.1673
bambi N(soort,mv,basis)	1	717849	99.1674
bamba N(soort,ev,basis,zijd,stan)	1	717850	99.1675
bamacodex N(soort,ev,basis,zijd,stan)	1	717851	99.1677
bam N(soort,ev,basis,zijd,stan)	1	717852	99.1678
balpomp N(soort,ev,basis,zijd,stan)	1	717853	99.168
balls SPEC(vreemd)	1	717854	99.1681
ballonvaart N(soort,ev,basis,zijd,stan)	1	717855	99.1682
ballet N(soort,ev,basis,onz,stan)	1	717856	99.1684
ballentent N(soort,ev,basis,zijd,stan)	1	717857	99.1685
ballen WW(vd,vrij,zonder)	1	717858	99.1686
ballen WW(pv,tgw,met-t)	1	717859	99.1688
ball SPEC(vreemd)	1	717860	99.1689
balkon N(soort,ev,basis,zijd,stan)	1	717861	99.1691
balkan N(soort,ev,basis,zijd,stan)	1	717862	99.1692
balk N(soort,mv,basis)	1	717863	99.1693
baler N(soort,mv,basis)	1	717864	99.1695
balen WW(pv,verl,ev)	1	717865	99.1696
balen WW(pv,tgw,mv)	1	717866	99.1697
baldr N(soort,ev,basis,zijd,stan)	1	717867	99.1699
balanceren WW(inf,vrij,zonder)	1	717868	99.17
bal N(soort,ev,basis,onz,stan)	1	717869	99.1702
bakweer N(soort,ev,basis,onz,stan)	1	717870	99.1703
bakwagensleutel N(soort,mv,basis)	1	717871	99.1704
bakwagen N(soort,ev,basis,zijd,stan)	1	717872	99.1706
bakt WW(vd,vrij,zonder)	1	717873	99.1707
bakschieting N(soort,ev,basis,zijd,stan)	1	717874	99.1709
bakpapier N(soort,ev,basis,zijd,stan)	1	717875	99.171
bakpao N(soort,ev,basis,zijd,stan)	1	717876	99.1711
bakmeester N(soort,ev,basis,zijd,stan)	1	717877	99.1713
bakmanschap N(soort,ev,basis,zijd,stan)	1	717878	99.1714
bakmans N(soort,mv,basis)	1	717879	99.1715
bakkietime N(soort,ev,basis,zijd,stan)	1	717880	99.1717
bakkietijd N(soort,ev,basis,zijd,stan)	1	717881	99.1718
bakkie-gereedschap N(soort,ev,basis,zijd,stan)	1	717882	99.172
bakkes N(soort,ev,basis,onz,stan)	1	717883	99.1721
bakkerij N(soort,ev,basis,zijd,stan)	1	717884	99.1722
bakkerbart N(soort,ev,basis,zijd,stan)	1	717885	99.1724
bakfiets N(soort,ev,basis,zijd,stan)	1	717886	99.1725
bakery SPEC(vreemd)	1	717887	99.1726
bak-tent N(soort,ev,basis,zijd,stan)	1	717888	99.1728
bain SPEC(vreemd)	1	717889	99.1729
bahut WW(pv,tgw,met-t)	1	717890	99.1731
bags SPEC(vreemd)	1	717891	99.1732
bagger N(soort,ev,basis,zijd,stan)	1	717892	99.1733
bagageband N(soort,ev,basis,zijd,stan)	1	717893	99.1735
baf N(soort,ev,dim,onz,stan)	1	717894	99.1736
baesch ADJ(vrij,basis,zonder)	1	717895	99.1738
badure N(soort,ev,basis,zijd,stan)	1	717896	99.1739
badspeelgoed N(soort,ev,basis,zijd,stan)	1	717897	99.174
badmuts N(soort,ev,basis,zijd,stan)	1	717898	99.1742
badmintontraining N(soort,ev,basis,zijd,stan)	1	717899	99.1743
badmintonnen WW(pv,tgw,ev)	1	717900	99.1744
badmintonnen WW(inf,nom,zonder,zonder-n)	1	717901	99.1746
badmeester N(soort,ev,basis,zijd,stan)	1	717902	99.1747
badkamer N(soort,mv,basis)	1	717903	99.1749
badhuis N(soort,ev,dim,onz,stan)	1	717904	99.175
badhanddoek N(soort,mv,basis)	1	717905	99.1751
badhairday N(soort,ev,basis,zijd,stan)	1	717906	99.1753
badesi N(soort,ev,basis,zijd,stan)	1	717907	99.1754
baddi-matchken N(soort,mv,basis)	1	717908	99.1755
baco N(soort,ev,basis,zijd,stan)	1	717909	99.1757
backupplan N(soort,ev,basis,zijd,stan)	1	717910	99.1758
backuppen WW(vd,vrij,zonder)	1	717911	99.176
backuppen WW(inf,vrij,zonder)	1	717912	99.1761
backsteet SPEC(vreemd)	1	717913	99.1762
backstage SPEC(vreemd)	1	717914	99.1764
backpacks SPEC(vreemd)	1	717915	99.1765
backpacken WW(inf,vrij,zonder)	1	717916	99.1767
backing SPEC(vreemd)	1	717917	99.1768
backed SPEC(vreemd)	1	717918	99.1769
backdoor N(soort,ev,basis,zijd,stan)	1	717919	99.1771
back-up N(soort,ev,basis,zijd,stan)	1	717920	99.1772
back-end WW(vd,vrij,zonder)	1	717921	99.1773
bachelorwerkstuk N(soort,ev,basis,onz,stan)	1	717922	99.1775
bachelorscriptie N(soort,ev,basis,zijd,stan)	1	717923	99.1776
bachelor N(soort,ev,basis,zijd,stan)	1	717924	99.1778
bach ADJ(vrij,basis,zonder)	1	717925	99.1779
bacchus N(soort,ev,basis,onz,stan)	1	717926	99.178
bacardi N(soort,ev,basis,zijd,stan)	1	717927	99.1782
babywan N(soort,mv,dim)	1	717928	99.1783
babytie N(soort,ev,basis,zijd,stan)	1	717929	99.1785
babysitpost N(soort,ev,basis,zijd,stan)	1	717930	99.1786
babysiten WW(inf,vrij,zonder)	1	717931	99.1787
babyeend N(soort,mv,dim)	1	717932	99.1789
babycarrier N(soort,ev,basis,zijd,stan)	1	717933	99.179
babycarrier N(soort,ev,basis,onz,stan)	1	717934	99.1791
babybezoek ADJ(prenom,basis,zonder)	1	717935	99.1793
baby-hotel N(soort,ev,basis,zijd,stan)	1	717936	99.1794
baby-bekijkdag N(soort,ev,basis,zijd,stan)	1	717937	99.1796
baby N(soort,ev,dim,onz,stan)	1	717938	99.1797
babken WW(inf,vrij,zonder)	1	717939	99.1798
babbus ADJ(vrij,basis,zonder)	1	717940	99.18
babbelen WW(pv,tgw,met-t)	1	717941	99.1801
babbelen WW(inf,nom,zonder,zonder-n)	1	717942	99.1802
babbel N(soort,mv,dim)	1	717943	99.1804
baat N(soort,ev,basis,zijd,stan)	1	717944	99.1805
baaspunt N(soort,mv,basis)	1	717945	99.1807
baas N(soort,mv,basis)	1	717946	99.1808
baart N(soort,ev,basis,zijd,stan)	1	717947	99.1809
baars N(soort,ev,basis,zijd,stan)	1	717948	99.1811
baarmoeder N(soort,ev,basis,zijd,stan)	1	717949	99.1812
baarle ADJ(prenom,basis,met-e,stan)	1	717950	99.1814
baarddag WW(pv,verl,ev)	1	717951	99.1815
baarddag BW()	1	717952	99.1816
baardaap N(soort,ev,basis,zijd,stan)	1	717953	99.1818
baard N(soort,ev,dim,onz,stan)	1	717954	99.1819
baan-zoek-gebied N(soort,ev,basis,onz,stan)	1	717955	99.182
baal N(soort,mv,basis)	1	717956	99.1822
baaaaaaaaan N(soort,ev,basis,zijd,stan)	1	717957	99.1823
ba TSW()	1	717958	99.1825
b-noord N(soort,ev,basis,zijd,stan)	1	717959	99.1826
b-gebouw N(soort,ev,basis,zijd,stan)	1	717960	99.1827
b-day N(soort,ev,basis,zijd,stan)	1	717961	99.1829
azzuri SPEC(deeleigen)	1	717962	99.183
azzuri N(soort,ev,basis,zijd,stan)	1	717963	99.1831
azijnstel N(soort,ev,basis,zijd,stan)	1	717964	99.1833
azc N(soort,ev,basis,zijd,stan)	1	717965	99.1834
aytocorrect SPEC(vreemd)	1	717966	99.1836
axeswar N(soort,ev,basis,zijd,stan)	1	717967	99.1837
axa N(soort,ev,basis,zijd,stan)	1	717968	99.1838
aww WW(pv,tgw,met-t)	1	717969	99.184
aww N(soort,ev,basis,zijd,stan)	1	717970	99.1841
awrl N(soort,ev,basis,onz,stan)	1	717971	99.1843
awkward WW(vd,vrij,zonder)	1	717972	99.1844
awkward ADJ(vrij,basis,zonder)	1	717973	99.1845
awhile N(soort,ev,basis,zijd,stan)	1	717974	99.1847
awesomesauce N(soort,ev,basis,zijd,stan)	1	717975	99.1848
awel ADJ(prenom,basis,zonder)	1	717976	99.1849
awake N(soort,ev,dim,onz,stan)	1	717977	99.1851
awake N(soort,ev,basis,zijd,stan)	1	717978	99.1852
avondzon N(soort,ev,basis,zijd,stan)	1	717979	99.1854
avondwandeling N(soort,ev,basis,zijd,stan)	1	717980	99.1855
avondvullend ADJ(prenom,basis,zonder)	1	717981	99.1856
avondvoortelling N(soort,ev,basis,zijd,stan)	1	717982	99.1858
avonduur N(soort,mv,basis)	1	717983	99.1859
avondsfeer N(soort,ev,basis,zijd,stan)	1	717984	99.186
avondmaaltijd N(soort,ev,basis,zijd,stan)	1	717985	99.1862
avondkassa N(soort,ev,basis,zijd,stan)	1	717986	99.1863
avondfeest N(soort,ev,basis,onz,stan)	1	717987	99.1865
avondconcert N(soort,ev,basis,zijd,stan)	1	717988	99.1866
avondbezetzung N(soort,ev,basis,onz,stan)	1	717989	99.1867
avondbezetting N(soort,ev,basis,zijd,stan)	1	717990	99.1869
avondactiviteit N(soort,ev,basis,zijd,stan)	1	717991	99.187
avond(en) N(soort,mv,basis)	1	717992	99.1872
avond WW(pv,tgw,met-t)	1	717993	99.1873
avoid SPEC(vreemd)	1	717994	99.1874
avocado N(soort,mv,basis)	1	717995	99.1876
avnd N(soort,ev,basis,zijd,stan)	1	717996	99.1877
avi N(soort,ev,basis,zijd,stan)	1	717997	99.1878
avg N(soort,ev,basis,zijd,stan)	1	717998	99.188
aveve WW(pv,verl,ev)	1	717999	99.1881
aveve SPEC(vreemd)	1	718000	99.1883
aveve BW()	1	718001	99.1884
aveve ADJ(prenom,basis,met-e,stan)	1	718002	99.1885
avec SPEC(vreemd)	1	718003	99.1887
avance N(soort,ev,basis,zijd,stan)	1	718004	99.1888
av-ontvanger N(soort,ev,basis,zijd,stan)	1	718005	99.1889
autostoel N(soort,ev,basis,onz,stan)	1	718006	99.1891
autosport N(soort,ev,basis,zijd,stan)	1	718007	99.1892
autos BW()	1	718008	99.1894
autoryden N(soort,mv,basis)	1	718009	99.1895
autorijden WW(inf,nom,zonder,zonder-n)	1	718010	99.1896
autoreis N(soort,ev,basis,zijd,stan)	1	718011	99.1898
autoradio N(soort,mv,basis)	1	718012	99.1899
autoradio N(soort,ev,basis,zijd,stan)	1	718013	99.1901
autopapieren N(soort,mv,basis)	1	718014	99.1902
autopap N(soort,ev,basis,zijd,stan)	1	718015	99.1903
autonomie N(soort,ev,basis,zijd,stan)	1	718016	99.1905
automatisering N(soort,ev,basis,zijd,stan)	1	718017	99.1906
automate N(soort,ev,basis,zijd,stan)	1	718018	99.1907
automaat SPEC(vreemd)	1	718019	99.1909
automaat N(soort,mv,basis)	1	718020	99.191
autolader N(soort,ev,basis,zijd,stan)	1	718021	99.1912
autohandel N(soort,ev,basis,zijd,stan)	1	718022	99.1913
autodidact N(soort,ev,basis,onz,stan)	1	718023	99.1914
autodestruct SPEC(vreemd)	1	718024	99.1916
autodealer N(soort,ev,basis,zijd,stan)	1	718025	99.1917
autocross SPEC(vreemd)	1	718026	99.1919
autocorrectiecode N(soort,ev,basis,zijd,stan)	1	718027	99.192
autocorrect SPEC(vreemd)	1	718028	99.1921
autobrand N(soort,ev,basis,onz,stan)	1	718029	99.1923
autobatterij N(soort,ev,basis,zijd,stan)	1	718030	99.1924
auto-mysterie N(soort,ev,basis,onz,stan)	1	718031	99.1925
auto-aanvul SPEC(vreemd)	1	718032	99.1927
auto N(soort,mv,dim)	1	718033	99.1928
auteur N(soort,ev,basis,zijd,stan)	1	718034	99.193
austrian SPEC(vreemd)	1	718035	99.1931
australisch ADJ(prenom,basis,zonder)	1	718036	99.1932
australian N(soort,ev,basis,zijd,stan)	1	718037	99.1934
aussie N(soort,ev,basis,zijd,stan)	1	718038	99.1935
aussi SPEC(vreemd)	1	718039	99.1936
aura N(soort,ev,basis,zijd,stan)	1	718040	99.1938
aur N(soort,ev,basis,zijd,stan)	1	718041	99.1939
auping N(soort,ev,basis,zijd,stan)	1	718042	99.1941
aulas N(soort,ev,basis,onz,stan)	1	718043	99.1942
aujourd SPEC(vreemd)	1	718044	99.1943
august N(soort,ev,basis,zijd,stan)	1	718045	99.1945
auditorium N(soort,mv,basis)	1	718046	99.1946
auditief ADJ(prenom,basis,met-e,stan)	1	718047	99.1948
audioloog N(soort,ev,basis,zijd,stan)	1	718048	99.1949
audiokabel N(soort,ev,basis,zijd,stan)	1	718049	99.195
aud N(soort,ev,basis,onz,stan)	1	718050	99.1952
aub N(soort,ev,basis,zijd,stan)	1	718051	99.1953
au N(soort,ev,basis,zijd,stan)	1	718052	99.1954
atwt N(soort,ev,basis,onz,stan)	1	718053	99.1956
atwen WW(pv,tgw,met-t)	1	718054	99.1957
atvthe SPEC(vreemd)	1	718055	99.1959
attitude N(soort,mv,basis)	1	718056	99.196
attitude N(soort,ev,basis,zijd,stan)	1	718057	99.1961
attest N(soort,ev,basis,onz,stan)	1	718058	99.1963
attends ADJ(vrij,basis,zonder)	1	718059	99.1964
attending SPEC(vreemd)	1	718060	99.1965
atrribuut N(soort,mv,basis)	1	718061	99.1967
atmosfeer N(soort,ev,basis,zijd,stan)	1	718062	99.1968
atletiek N(soort,ev,basis,zijd,stan)	1	718063	99.197
athene N(soort,ev,basis,zijd,stan)	1	718064	99.1971
athena SPEC(deeleigen)	1	718065	99.1972
atelier N(soort,ev,basis,onz,stan)	1	718066	99.1974
ate WW(vd,prenom,met-e)	1	718067	99.1975
ate ADJ(prenom,basis,met-e,stan)	1	718068	99.1977
at N(soort,ev,basis,onz,stan)	1	718069	99.1978
astublieft WW(pv,tgw,met-t)	1	718070	99.1979
astridlaan N(soort,ev,basis,zijd,stan)	1	718071	99.1981
aston N(soort,ev,basis,zijd,stan)	1	718072	99.1982
asterix N(soort,mv,basis)	1	718073	99.1983
astakraam WW(pv,verl,ev)	1	718074	99.1985
ast ADJ(prenom,basis,zonder)	1	718075	99.1986
assisteren WW(inf,vrij,zonder)	1	718076	99.1988
assistente N(soort,ev,basis,zijd,stan)	1	718077	99.1989
assistance N(soort,ev,basis,zijd,stan)	1	718078	99.199
assignments SPEC(vreemd)	1	718079	99.1992
assignment SPEC(vreemd)	1	718080	99.1993
assignment N(soort,ev,basis,onz,stan)	1	718081	99.1994
assez SPEC(vreemd)	1	718082	99.1996
assertief ADJ(vrij,basis,zonder)	1	718083	99.1997
asseren WW(inf,vrij,zonder)	1	718084	99.1999
assen WW(inf,vrij,zonder)	1	718085	99.2
assen WW(inf,nom,zonder,zonder-n)	1	718086	99.2001
assembly SPEC(vreemd)	1	718087	99.2003
assecoire N(soort,mv,basis)	1	718088	99.2004
assebroek N(soort,ev,basis,zijd,stan)	1	718089	99.2006
assament N(soort,ev,basis,zijd,stan)	1	718090	99.2007
asren WW(vd,vrij,zonder)	1	718091	99.2008
aspirine N(soort,ev,basis,zijd,stan)	1	718092	99.201
aspergesoep N(soort,ev,dim,onz,stan)	1	718093	99.2011
asperge SPEC(vreemd)	1	718094	99.2012
aspects SPEC(vreemd)	1	718095	99.2014
asostad N(soort,ev,basis,zijd,stan)	1	718096	99.2015
asn N(soort,ev,basis,zijd,stan)	1	718097	99.2017
asks SPEC(vreemd)	1	718098	99.2018
ask WW(pv,tgw,met-t)	1	718099	99.2019
ask N(soort,ev,basis,onz,stan)	1	718100	99.2021
ask ADJ(vrij,basis,zonder)	1	718101	99.2022
asian SPEC(vreemd)	1	718102	99.2023
asia SPEC(vreemd)	1	718103	99.2025
ashley N(soort,ev,basis,onz,stan)	1	718104	99.2026
asgerd SPEC(vreemd)	1	718105	99.2028
asbestsaneringsbedrijf N(soort,ev,basis,onz,stan)	1	718106	99.2029
asap WW(pv,verl,ev)	1	718107	99.203
asap SPEC(vreemd)	1	718108	99.2032
as N(soort,ev,dim,onz,stan)	1	718109	99.2033
arwen ADJ(nom,basis,met-e,mv-n)	1	718110	99.2035
arts N(soort,mv,basis)	1	718111	99.2036
artisjokkenhart N(soort,mv,dim)	1	718112	99.2037
artise ADJ(prenom,basis,met-e,stan)	1	718113	99.2039
artikelvorm N(soort,ev,basis,zijd,stan)	1	718114	99.204
artikelstress SPEC(vreemd)	1	718115	99.2041
artikel N(soort,mv,dim)	1	718116	99.2043
artese-dag N(soort,ev,basis,zijd,stan)	1	718117	99.2044
arsenaal N(soort,ev,basis,onz,stan)	1	718118	99.2046
arsed SPEC(vreemd)	1	718119	99.2047
arrr ADJ(vrij,comp,zonder)	1	718120	99.2048
arrivÃ©e SPEC(deeleigen)	1	718121	99.205
arrives SPEC(vreemd)	1	718122	99.2051
arriverons SPEC(vreemd)	1	718123	99.2053
arriveren WW(pv,verl,ev)	1	718124	99.2054
arriveren WW(pv,tgw,mv)	1	718125	99.2055
arriver SPEC(vreemd)	1	718126	99.2057
arriveerde N(soort,ev,basis,zijd,stan)	1	718127	99.2058
arrivederci N(soort,mv,basis)	1	718128	99.2059
arranging SPEC(vreemd)	1	718129	99.2061
arrangements SPEC(vreemd)	1	718130	99.2062
arno ADJ(vrij,basis,zonder)	1	718131	99.2064
arne ADJ(prenom,basis,met-e,stan)	1	718132	99.2065
arnaud WW(vd,vrij,zonder)	1	718133	99.2066
armmassage N(soort,ev,basis,zijd,stan)	1	718134	99.2068
armiez N(soort,ev,basis,zijd,stan)	1	718135	99.2069
armband N(soort,mv,basis)	1	718136	99.207
armband N(soort,ev,dim,onz,stan)	1	718137	99.2072
armband N(soort,ev,basis,zijd,stan)	1	718138	99.2073
arm N(soort,mv,dim)	1	718139	99.2075
arlien SPEC(vreemd)	1	718140	99.2076
aristide N(soort,ev,basis,zijd,stan)	1	718141	99.2077
arharr N(soort,ev,basis,zijd,stan)	1	718142	99.2079
argument N(soort,mv,basis)	1	718143	99.208
arghh SPEC(vreemd)	1	718144	99.2082
arggg N(soort,ev,basis,zijd,stan)	1	718145	99.2083
argentina N(soort,ev,basis,zijd,stan)	1	718146	99.2084
argenta N(soort,ev,basis,zijd,stan)	1	718147	99.2086
arentien WW(inf,nom,zonder,zonder-n)	1	718148	99.2087
arent N(soort,ev,basis,onz,stan)	1	718149	99.2088
arend N(soort,ev,basis,zijd,stan)	1	718150	99.209
arena SPEC(vreemd)	1	718151	99.2091
arena N(soort,mv,basis)	1	718152	99.2093
aren't WW(pv,tgw,met-t)	1	718153	99.2094
aren't SPEC(vreemd)	1	718154	99.2095
arelaxt N(soort,ev,basis,zijd,stan)	1	718155	99.2097
arelaxt ADJ(vrij,basis,zonder)	1	718156	99.2098
ardennen WW(inf,vrij,zonder)	1	718157	99.2099
arctic N(soort,ev,basis,zijd,stan)	1	718158	99.2101
architecture SPEC(vreemd)	1	718159	99.2102
architect N(soort,ev,basis,zijd,stan)	1	718160	99.2104
archief N(soort,ev,basis,onz,stan)	1	718161	99.2105
archeologisch ADJ(prenom,basis,met-e,stan)	1	718162	99.2106
arcelor-pot N(soort,ev,basis,zijd,stan)	1	718163	99.2108
arcelor N(soort,ev,basis,zijd,stan)	1	718164	99.2109
arboretum N(soort,ev,basis,onz,stan)	1	718165	99.2111
arbeiten WW(inf,vrij,zonder)	1	718166	99.2112
arbeidstraat N(soort,ev,basis,zijd,stan)	1	718167	99.2113
arbeidsrechten WW(inf,vrij,zonder)	1	718168	99.2115
arbeidsrecht N(soort,ev,basis,onz,stan)	1	718169	99.2116
arbeidsovereenkomst N(soort,ev,basis,zijd,stan)	1	718170	99.2117
arbeider N(soort,ev,basis,zijd,stan)	1	718171	99.2119
arachideolie N(soort,ev,basis,zijd,stan)	1	718172	99.212
ara N(soort,ev,basis,zijd,stan)	1	718173	99.2122
aquilaan N(soort,ev,basis,zijd,stan)	1	718174	99.2123
aquarium N(soort,ev,basis,onz,stan)	1	718175	99.2124
aqa N(soort,ev,basis,zijd,stan)	1	718176	99.2126
aptroot N(soort,ev,basis,zijd,stan)	1	718177	99.2127
apt WW(vd,vrij,zonder)	1	718178	99.2128
apt SPEC(vreemd)	1	718179	99.213
aprilgrap N(soort,ev,basis,zijd,stan)	1	718180	99.2131
apricot SPEC(vreemd)	1	718181	99.2133
apres N(soort,mv,basis)	1	718182	99.2134
appt WW(vd,vrij,zonder)	1	718183	99.2135
appt SPEC(vreemd)	1	718184	99.2137
apps N(soort,mv,basis)	1	718185	99.2138
apps N(soort,ev,basis,onz,stan)	1	718186	99.214
approved WW(pv,verl,ev)	1	718187	99.2141
approved SPEC(vreemd)	1	718188	99.2142
appropriate WW(vd,prenom,met-e)	1	718189	99.2144
appreciate SPEC(vreemd)	1	718190	99.2145
apporter SPEC(vreemd)	1	718191	99.2146
appointment SPEC(vreemd)	1	718192	99.2148
appmanager N(soort,ev,basis,zijd,stan)	1	718193	99.2149
applestore N(soort,ev,basis,zijd,stan)	1	718194	99.2151
apple SPEC(vreemd)	1	718195	99.2152
apple ADJ(prenom,basis,met-e,stan)	1	718196	99.2153
appeltart WW(pv,tgw,met-t)	1	718197	99.2155
appeltaar N(soort,ev,dim,onz,stan)	1	718198	99.2156
appelmans N(soort,mv,basis)	1	718199	99.2157
appelmans N(soort,ev,basis,zijd,stan)	1	718200	99.2159
appelflap N(soort,mv,basis)	1	718201	99.216
appel N(soort,mv,dim)	1	718202	99.2162
appejsap N(soort,ev,dim,onz,stan)	1	718203	99.2163
apparently SPEC(deeleigen)	1	718204	99.2164
apparament N(soort,ev,basis,onz,stan)	1	718205	99.2166
apparaat N(soort,ev,dim,onz,stan)	1	718206	99.2167
app-jacht N(soort,ev,basis,zijd,stan)	1	718207	99.2169
apotheker N(soort,mv,basis)	1	718208	99.217
apologies N(soort,mv,basis)	1	718209	99.2171
apk N(soort,ev,basis,zijd,stan)	1	718210	99.2173
apfelkorn N(soort,ev,basis,zijd,stan)	1	718211	99.2174
apetrots ADJ(vrij,basis,zonder)	1	718212	99.2175
aperetieven WW(pv,verl,mv)	1	718213	99.2177
apenstaart N(soort,ev,dim,onz,stan)	1	718214	99.2178
apeldoorn N(soort,ev,basis,zijd,stan)	1	718215	99.218
aparters ADJ(postnom,basis,met-s)	1	718216	99.2181
apartement WW(pv,tgw,met-t)	1	718217	99.2182
apart ADJ(postnom,basis,met-s)	1	718218	99.2184
ap VZ(fin)	1	718219	99.2185
aoristusvorm N(soort,mv,basis)	1	718220	99.2187
aoon SPEC(vreemd)	1	718221	99.2188
anÃ©lie N(soort,ev,basis,zijd,stan)	1	718222	99.2189
anytime N(soort,ev,basis,zijd,stan)	1	718223	99.2191
anytime N(soort,ev,basis,onz,stan)	1	718224	99.2192
anything N(soort,ev,basis,zijd,stan)	1	718225	99.2193
anymore ADJ(prenom,basis,met-e,stan)	1	718226	99.2195
anxiously SPEC(vreemd)	1	718227	99.2196
anvers N(soort,mv,basis)	1	718228	99.2198
antwrdn WW(inf,vrij,zonder)	1	718229	99.2199
antworden N(soort,mv,basis)	1	718230	99.22
antwoordsleutel N(soort,ev,basis,zijd,stan)	1	718231	99.2202
antwoord ADJ(vrij,basis,zonder)	1	718232	99.2203
antwerpser N(soort,ev,basis,zijd,stan)	1	718233	99.2204
antwerpse N(soort,ev,basis,zijd,stan)	1	718234	99.2206
antwerps ADJ(prenom,basis,met-e,stan)	1	718235	99.2207
antwerpn N(soort,mv,basis)	1	718236	99.2209
antwerper ADJ(vrij,comp,zonder)	1	718237	99.221
antwerpen-berchem N(soort,ev,basis,onz,stan)	1	718238	99.2211
antwerp N(soort,ev,basis,onz,stan)	1	718239	99.2213
antw N(soort,ev,basis,zijd,stan)	1	718240	99.2214
antw N(soort,ev,basis,onz,stan)	1	718241	99.2216
antropologie N(soort,ev,basis,zijd,stan)	1	718242	99.2217
antracietgrijs ADJ(nom,basis,zonder,zonder-n)	1	718243	99.2218
antivirus N(soort,ev,basis,zijd,stan)	1	718244	99.222
antimaartjebeleid N(soort,ev,basis,zijd,stan)	1	718245	99.2221
antiliaans ADJ(prenom,basis,met-e,stan)	1	718246	99.2222
antihaarbalpasta N(soort,ev,basis,zijd,stan)	1	718247	99.2224
antiek N(soort,ev,basis,onz,stan)	1	718248	99.2225
antibioticum N(soort,ev,basis,onz,stan)	1	718249	99.2227
antibioticakuur N(soort,ev,basis,zijd,stan)	1	718250	99.2228
antibes N(soort,mv,basis)	1	718251	99.2229
antibeleid N(soort,ev,basis,onz,stan)	1	718252	99.2231
anti-antibeleid WW(od,vrij,zonder)	1	718253	99.2232
antenneprobleem N(soort,ev,basis,onz,stan)	1	718254	99.2233
ant VG(neven)	1	718255	99.2235
ant N(soort,mv,dim)	1	718256	99.2236
answers SPEC(vreemd)	1	718257	99.2238
answer ADJ(vrij,comp,zonder)	1	718258	99.2239
anso N(soort,ev,basis,zijd,stan)	1	718259	99.224
anruften WW(vd,vrij,zonder)	1	718260	99.2242
anrufen N(soort,mv,basis)	1	718261	99.2243
anr's N(soort,mv,basis)	1	718262	99.2245
anr N(soort,mv,basis)	1	718263	99.2246
anoniem ADJ(vrij,basis,zonder)	1	718264	99.2247
anoes N(soort,mv,basis)	1	718265	99.2249
anoek N(soort,ev,basis,onz,stan)	1	718266	99.225
annuleringsverzekering N(soort,ev,basis,zijd,stan)	1	718267	99.2251
annulatieverzekering N(soort,ev,basis,zijd,stan)	1	718268	99.2253
annulatie N(soort,mv,basis)	1	718269	99.2254
annual SPEC(vreemd)	1	718270	99.2256
annotatie N(soort,mv,basis)	1	718271	99.2257
annika SPEC(vreemd)	1	718272	99.2258
anniemk N(soort,ev,basis,onz,stan)	1	718273	99.226
anniek SPEC(vreemd)	1	718274	99.2261
annie SPEC(vreemd)	1	718275	99.2262
anni SPEC(vreemd)	1	718276	99.2264
anni SPEC(deeleigen)	1	718277	99.2265
annesimone N(soort,ev,basis,zijd,stan)	1	718278	99.2267
anneriek ADJ(prenom,basis,met-e,stan)	1	718279	99.2268
anneme N(soort,ev,basis,onz,stan)	1	718280	99.2269
annelot N(soort,ev,basis,zijd,stan)	1	718281	99.2271
annelore ADJ(prenom,basis,met-e,stan)	1	718282	99.2272
anneloes N(soort,mv,basis)	1	718283	99.2274
annelies ADJ(vrij,basis,zonder)	1	718284	99.2275
annelien SPEC(vreemd)	1	718285	99.2276
anneleentong N(soort,ev,basis,zijd,stan)	1	718286	99.2278
anneleen WW(vd,nom,met-e,mv-n)	1	718287	99.2279
anneleen WW(pv,verl,ev)	1	718288	99.228
anneleen BW()	1	718289	99.2282
anne ADJ(nom,basis,met-e,zonder-n,stan)	1	718290	99.2283
annche SPEC(vreemd)	1	718291	99.2285
annche ADJ(prenom,basis,met-e,stan)	1	718292	99.2286
annastraat WW(pv,tgw,met-t)	1	718293	99.2287
annastraat SPEC(vreemd)	1	718294	99.2289
anna N(soort,mv,basis)	1	718295	99.229
ann SPEC(vreemd)	1	718296	99.2291
ann N(soort,ev,basis,zijd,stan)	1	718297	99.2293
ann ADJ(vrij,basis,zonder)	1	718298	99.2294
ankygirl N(soort,ev,basis,zijd,stan)	1	718299	99.2296
anke N(soort,ev,basis,zijd,stan)	1	718300	99.2297
anjes N(soort,mv,dim)	1	718301	99.2298
anjer N(soort,mv,basis)	1	718302	99.23
anishs SPEC(vreemd)	1	718303	99.2301
animation SPEC(vreemd)	1	718304	99.2303
animatie N(soort,ev,basis,zijd,stan)	1	718305	99.2304
animal SPEC(vreemd)	1	718306	99.2305
angry SPEC(vreemd)	1	718307	99.2307
angora N(soort,ev,basis,zijd,stan)	1	718308	99.2308
anglia N(soort,ev,basis,zijd,stan)	1	718309	99.2309
angie SPEC(vreemd)	1	718310	99.2311
angeven WW(inf,vrij,zonder)	1	718311	99.2312
angel N(soort,ev,basis,zijd,stan)	1	718312	99.2314
angehalten SPEC(vreemd)	1	718313	99.2315
anestesist N(soort,ev,basis,zijd,stan)	1	718314	99.2316
anel N(soort,ev,basis,zijd,stan)	1	718315	99.2318
aneesh SPEC(vreemd)	1	718316	99.2319
ane N(soort,ev,basis,zijd,stan)	1	718317	99.2321
andy SPEC(deeleigen)	1	718318	99.2322
andrs SPEC(vreemd)	1	718319	99.2323
android WW(vd,vrij,zonder)	1	718320	99.2325
android N(soort,ev,basis,zijd,stan)	1	718321	99.2326
andrewing N(soort,ev,basis,zijd,stan)	1	718322	99.2327
andre ADJ(prenom,comp,met-e,stan)	1	718323	99.2329
andijvie N(soort,ev,basis,zijd,stan)	1	718324	99.233
andheri SPEC(vreemd)	1	718325	99.2332
andheri N(soort,ev,basis,zijd,stan)	1	718326	99.2333
anderzijds BW()	1	718327	99.2334
andersnaar ADJ(vrij,basis,zonder)	1	718328	99.2336
andermans VNW(onbep,pron,gen,vol,3p,ev)	1	718329	99.2337
andermans ADJ(prenom,basis,zonder)	1	718330	99.2338
andalusisch ADJ(prenom,basis,met-e,stan)	1	718331	99.234
anbieding N(soort,ev,basis,zijd,stan)	1	718332	99.2341
anbetant ADJ(vrij,basis,zonder)	1	718333	99.2343
anatomisch ADJ(prenom,basis,met-e,stan)	1	718334	99.2344
anatomie N(soort,ev,basis,zijd,stan)	1	718335	99.2345
analytics SPEC(deeleigen)	1	718336	99.2347
analysis SPEC(vreemd)	1	718337	99.2348
analyseren WW(inf,nom,zonder,zonder-n)	1	718338	99.235
analoog ADJ(prenom,basis,met-e,stan)	1	718339	99.2351
anais N(soort,ev,basis,zijd,stan)	1	718340	99.2352
anais N(soort,ev,basis,onz,stan)	1	718341	99.2354
anais ADJ(vrij,basis,zonder)	1	718342	99.2355
an VZ(init)	1	718343	99.2356
amy SPEC(vreemd)	1	718344	99.2358
amy N(soort,ev,basis,zijd,stan)	1	718345	99.2359
amusÃ©e SPEC(vreemd)	1	718346	99.2361
amusirendsten N(soort,mv,basis)	1	718347	99.2362
amusent WW(pv,tgw,met-t)	1	718348	99.2363
amuse-toi N(soort,ev,basis,zijd,stan)	1	718349	99.2365
amuse ADJ(prenom,basis,met-e,stan)	1	718350	99.2366
amusant ADJ(nom,sup,met-e,zonder-n,stan)	1	718351	99.2367
amusant ADJ(nom,basis,met-e,zonder-n,stan)	1	718352	99.2369
amt N(soort,ev,basis,zijd,stan)	1	718353	99.237
amsterdam WW(inf,vrij,zonder)	1	718354	99.2372
amsterdam SPEC(vreemd)	1	718355	99.2373
amstelveen N(soort,mv,basis)	1	718356	99.2374
amstelveen ADJ(prenom,basis,zonder)	1	718357	99.2376
amputeren WW(pv,verl,ev)	1	718358	99.2377
amoxicilline N(soort,ev,basis,zijd,stan)	1	718359	99.2379
amol ADJ(vrij,basis,zonder)	1	718360	99.238
amok N(soort,ev,basis,onz,stan)	1	718361	99.2381
ammelen WW(pv,tgw,ev)	1	718362	99.2383
amis SPEC(deeleigen)	1	718363	99.2384
amie N(soort,ev,basis,zijd,stan)	1	718364	99.2385
amici N(soort,ev,basis,zijd,stan)	1	718365	99.2387
amersfoort WW(pv,tgw,met-t)	1	718366	99.2388
amersfoort N(soort,ev,basis,onz,stan)	1	718367	99.239
amersfiort N(soort,ev,basis,zijd,stan)	1	718368	99.2391
amerikaans ADJ(prenom,basis,zonder)	1	718369	99.2392
amerikaaa N(soort,ev,basis,zijd,stan)	1	718370	99.2394
amerika SPEC(vreemd)	1	718371	99.2395
amerika SPEC(deeleigen)	1	718372	99.2396
americqn SPEC(vreemd)	1	718373	99.2398
americas SPEC(vreemd)	1	718374	99.2399
amdmen WW(vd,vrij,zonder)	1	718375	99.2401
amderen WW(inf,vrij,zonder)	1	718376	99.2402
amdere N(soort,dial)	1	718377	99.2403
ambtenarenbende N(soort,ev,basis,zijd,stan)	1	718378	99.2405
ambt N(soort,ev,basis,onz,stan)	1	718379	99.2406
ambitieuzen ADJ(dial)	1	718380	99.2408
ambitieus ADJ(vrij,basis,zonder)	1	718381	99.2409
ambigu ADJ(vrij,basis,zonder)	1	718382	99.241
ambetant ADJ(prenom,basis,met-e,stan)	1	718383	99.2412
ambetant ADJ(nom,sup,zonder,zonder-n)	1	718384	99.2413
ambedkar N(soort,ev,basis,zijd,stan)	1	718385	99.2414
ambachtenmarkt N(soort,ev,basis,zijd,stan)	1	718386	99.2416
amba-rond N(soort,ev,dim,onz,stan)	1	718387	99.2417
amazing SPEC(vreemd)	1	718388	99.2419
amaury N(soort,ev,basis,zijd,stan)	1	718389	99.242
amateur N(soort,ev,basis,zijd,stan)	1	718390	99.2421
amaretto N(soort,ev,basis,onz,stan)	1	718391	99.2423
amandstraat WW(pv,tgw,met-t)	1	718392	99.2424
amandsplein ADJ(vrij,basis,zonder)	1	718393	99.2425
amandsberg SPEC(symb)	1	718394	99.2427
amaai N(soort,ev,basis,zijd,stan)	1	718395	99.2428
amaaai N(soort,ev,basis,zijd,stan)	1	718396	99.243
ama N(soort,ev,basis,zijd,stan)	1	718397	99.2431
am N(soort,ev,basis,zijd,stan)	1	718398	99.2432
alÃ©Ã©n N(soort,mv,basis)	1	718399	99.2434
alzen WW(pv,verl,ev)	1	718400	99.2435
alzek WW(pv,tgw,met-t)	1	718401	99.2437
alzek N(soort,ev,basis,zijd,stan)	1	718402	99.2438
alwin N(soort,ev,basis,zijd,stan)	1	718403	99.2439
alv SPEC(vreemd)	1	718404	99.2441
aluminium N(soort,ev,basis,onz,stan)	1	718405	99.2442
altÃ­jd WW(vd,vrij,zonder)	1	718406	99.2443
altyd WW(od,prenom,zonder)	1	718407	99.2445
altyd SPEC(vreemd)	1	718408	99.2446
altij WW(pv,tgw,ev)	1	718409	99.2448
alternatiefkomen N(soort,ev,basis,zijd,stan)	1	718410	99.2449
alternatief ADJ(prenom,basis,zonder)	1	718411	99.245
alternatief ADJ(prenom,basis,met-e,stan)	1	718412	99.2452
altermatief ADJ(prenom,basis,met-e,stan)	1	718413	99.2453
alter SPEC(vreemd)	1	718414	99.2455
alsvast N(soort,ev,basis,zijd,stan)	1	718415	99.2456
alstublieft WW(pv,tgw,met-t)	1	718416	99.2457
alstublieft TSW()	1	718417	99.2459
alstjeblieft WW(pv,tgw,met-t)	1	718418	99.246
alst WW(pv,tgw,met-t)	1	718419	99.2461
alst N(soort,ev,basis,zijd,stan)	1	718420	99.2463
alsook VG(neven)	1	718421	99.2464
alsk SPEC(vreemd)	1	718422	99.2466
alsk N(soort,ev,basis,onz,stan)	1	718423	99.2467
alsjij N(soort,ev,basis,zijd,stan)	1	718424	99.2468
alsjeblieft TSW()	1	718425	99.247
alsge SPEC(vreemd)	1	718426	99.2471
alsg ADJ(prenom,basis,met-e,stan)	1	718427	99.2472
alsek N(soort,mv,basis)	1	718428	99.2474
alsek N(soort,ev,basis,onz,stan)	1	718429	99.2475
alsdorf N(soort,ev,basis,onz,stan)	1	718430	99.2477
als. N(soort,ev,dim,onz,stan)	1	718431	99.2478
alright WW(vd,vrij,zonder)	1	718432	99.2479
alright WW(pv,tgw,met-t)	1	718433	99.2481
alright SPEC(vreemd)	1	718434	99.2482
alreeds N(soort,ev,basis,zijd,stan)	1	718435	99.2484
alp N(soort,mv,basis)	1	718436	99.2485
aloud ADJ(prenom,basis,met-e,stan)	1	718437	99.2486
alors N(soort,mv,basis)	1	718438	99.2488
alone SPEC(vreemd)	1	718439	99.2489
almost ADJ(vrij,sup,zonder)	1	718440	99.249
almdudler N(soort,ev,basis,zijd,stan)	1	718441	99.2492
almanakvergadering N(soort,ev,basis,zijd,stan)	1	718442	99.2493
almanakmail N(soort,ev,basis,zijd,stan)	1	718443	99.2495
almanakcom SPEC(vreemd)	1	718444	99.2496
alm N(soort,mv,basis)	1	718445	99.2497
allÃ© SPEC(vreemd)	1	718446	99.2499
alltech ADJ(vrij,basis,zonder)	1	718447	99.25
allstars N(soort,mv,basis)	1	718448	99.2501
allrighdy N(soort,ev,basis,zijd,stan)	1	718449	99.2503
allrigdie N(soort,ev,basis,zijd,stan)	1	718450	99.2504
allr N(soort,mv,basis)	1	718451	99.2506
allom N(soort,ev,basis,zijd,stan)	1	718452	99.2507
alln WW(inf,vrij,zonder)	1	718453	99.2508
allll N(soort,ev,basis,zijd,stan)	1	718454	99.251
alliteratie N(soort,ev,basis,zijd,stan)	1	718455	99.2511
alli N(soort,mv,basis)	1	718456	99.2513
allez-vous SPEC(vreemd)	1	718457	99.2514
allevier N(soort,ev,basis,zijd,stan)	1	718458	99.2515
allesvsnel ADJ(vrij,basis,zonder)	1	718459	99.2517
allesvoorhetteam N(soort,ev,basis,onz,stan)	1	718460	99.2518
allesaan WW(inf,vrij,zonder)	1	718461	99.2519
alles N(soort,ev,dim,onz,stan)	1	718462	99.2521
allerschattig ADJ(prenom,sup,met-e,stan)	1	718463	99.2522
allerminst ADJ(vrij,sup,zonder)	1	718464	99.2524
allerlaatst ADJ(nom,sup,met-e,zonder-n,stan)	1	718465	99.2525
allergologie N(soort,ev,basis,zijd,stan)	1	718466	99.2526
allergisch ADJ(vrij,basis,zonder)	1	718467	99.2528
allergisch ADJ(prenom,basis,met-e,stan)	1	718468	99.2529
allereerst ADJ(prenom,sup,met-e,stan)	1	718469	99.253
allerbelangrijkst ADJ(nom,sup,met-e,zonder-n,stan)	1	718470	99.2532
allerallerlaatst ADJ(nom,sup,met-e,zonder-n,stan)	1	718471	99.2533
alleraardigst ADJ(prenom,sup,zonder)	1	718472	99.2535
allemaal.goed.ko SPEC(symb)	1	718473	99.2536
allegria N(soort,mv,basis)	1	718474	99.2537
alleeg N(soort,ev,basis,zijd,stan)	1	718475	99.2539
alleeen N(soort,mv,basis)	1	718476	99.254
alleee ADJ(prenom,comp,met-e,stan)	1	718477	99.2542
allang ADJ(vrij,basis,zonder)	1	718478	99.2543
all-time-hero N(soort,ev,basis,zijd,stan)	1	718479	99.2544
all N(soort,mv,basis)	1	718480	99.2546
alike SPEC(vreemd)	1	718481	99.2547
alijd N(soort,ev,basis,zijd,stan)	1	718482	99.2548
aliens SPEC(vreemd)	1	718483	99.255
alien SPEC(vreemd)	1	718484	99.2551
alien N(soort,mv,basis)	1	718485	99.2553
alice N(soort,ev,basis,zijd,stan)	1	718486	99.2554
alicante WW(pv,verl,ev)	1	718487	99.2555
alibaugh SPEC(vreemd)	1	718488	99.2557
alibag SPEC(vreemd)	1	718489	99.2558
alias N(soort,ev,basis,zijd,stan)	1	718490	99.2559
alhier BW()	1	718491	99.2561
alginds N(soort,mv,basis)	1	718492	99.2562
alghero N(soort,ev,basis,zijd,stan)	1	718493	99.2564
alg N(soort,ev,basis,zijd,stan)	1	718494	99.2565
alfie N(soort,mv,basis)	1	718495	99.2566
alfie N(soort,ev,basis,zijd,stan)	1	718496	99.2568
alfafaculteit N(soort,ev,basis,zijd,stan)	1	718497	99.2569
alfabet N(soort,ev,basis,onz,stan)	1	718498	99.2571
alfa ADJ(postnom,basis,zonder)	1	718499	99.2572
alex SPEC(vreemd)	1	718500	99.2573
alegria N(soort,ev,basis,zijd,stan)	1	718501	99.2575
aleerliefst ADJ(prenom,sup,met-e,stan)	1	718502	99.2576
alee N(soort,ev,basis,zijd,stan)	1	718503	99.2577
alcostift N(soort,ev,basis,onz,stan)	1	718504	99.2579
alcool N(soort,ev,basis,zijd,stan)	1	718505	99.258
alcoholist N(soort,ev,basis,zijd,stan)	1	718506	99.2582
alcoholism N(soort,ev,basis,zijd,stan)	1	718507	99.2583
alcoholcontrole N(soort,ev,basis,zijd,stan)	1	718508	99.2584
alcohol SPEC(vreemd)	1	718509	99.2586
album N(soort,mv,basis)	1	718510	99.2587
albino N(soort,ev,basis,zijd,stan)	1	718511	99.2589
albertlaan N(soort,ev,basis,zijd,stan)	1	718512	99.259
alaska N(soort,ev,basis,zijd,stan)	1	718513	99.2591
alamo VNW(aanw,adv-pron,obl,vol,3o,getal)	1	718514	99.2593
alain N(soort,ev,basis,zijd,stan)	1	718515	99.2594
aladin N(soort,ev,basis,zijd,stan)	1	718516	99.2595
aladdin N(soort,ev,basis,zijd,stan)	1	718517	99.2597
alachterkruiper N(soort,ev,basis,zijd,stan)	1	718518	99.2598
ala SPEC(deeleigen)	1	718519	99.26
al't N(soort,ev,basis,zijd,stan)	1	718520	99.2601
aktiesport N(soort,ev,basis,zijd,stan)	1	718521	99.2602
akoestiek N(soort,ev,basis,zijd,stan)	1	718522	99.2604
akkoord N(soort,ev,dim,onz,stan)	1	718523	99.2605
akkooord N(soort,ev,basis,onz,stan)	1	718524	99.2606
akacfa SPEC(vreemd)	1	718525	99.2608
aka SPEC(vreemd)	1	718526	99.2609
aka SPEC(deeleigen)	1	718527	99.2611
ak WW(pv,verl,ev)	1	718528	99.2612
ak SPEC(vreemd)	1	718529	99.2613
ak N(soort,ev,basis,onz,stan)	1	718530	99.2615
ajuuuuuus N(soort,ev,basis,zijd,stan)	1	718531	99.2616
ajuinlei N(soort,ev,basis,onz,stan)	1	718532	99.2618
aje ADJ(prenom,basis,met-e,stan)	1	718533	99.2619
ajder N(soort,mv,basis)	1	718534	99.262
ajb BW()	1	718535	99.2622
ajax-doelpunt N(soort,ev,basis,zijd,stan)	1	718536	99.2623
ajax SPEC(vreemd)	1	718537	99.2624
ajacied N(soort,ev,basis,onz,stan)	1	718538	99.2626
aja N(soort,ev,basis,onz,stan)	1	718539	99.2627
aj N(soort,ev,basis,zijd,stan)	1	718540	99.2629
airway SPEC(vreemd)	1	718541	99.263
airstop N(soort,ev,basis,zijd,stan)	1	718542	99.2631
airconditioning N(soort,ev,basis,zijd,stan)	1	718543	99.2633
air SPEC(vreemd)	1	718544	99.2634
air ADJ(prenom,basis,met-e,stan)	1	718545	99.2635
ain't WW(pv,tgw,met-t)	1	718546	99.2637
ain't SPEC(vreemd)	1	718547	99.2638
aime N(soort,ev,basis,onz,stan)	1	718548	99.264
ailoli N(soort,ev,basis,zijd,stan)	1	718549	99.2641
aiki N(soort,ev,basis,zijd,stan)	1	718550	99.2642
aight N(soort,ev,basis,zijd,stan)	1	718551	99.2644
aideen N(soort,mv,basis)	1	718552	99.2645
aideen N(soort,ev,basis,onz,stan)	1	718553	99.2647
aid N(soort,ev,basis,zijd,stan)	1	718554	99.2648
aiaiai WW(pv,tgw,ev)	1	718555	99.2649
aiaiai ADJ(vrij,basis,zonder)	1	718556	99.2651
aiai SPEC(vreemd)	1	718557	99.2652
aiai ADJ(vrij,basis,zonder)	1	718558	99.2653
ahzu WW(pv,tgw,ev)	1	718559	99.2655
ahum SPEC(symb)	1	718560	99.2656
ahoj N(soort,ev,basis,zijd,stan)	1	718561	99.2658
ahoi N(soort,ev,basis,zijd,stan)	1	718562	99.2659
ahnanatsiesienamooo N(soort,ev,basis,zijd,stan)	1	718563	99.266
ahn WW(inf,vrij,zonder)	1	718564	99.2662
ahh BW()	1	718565	99.2663
ahead SPEC(vreemd)	1	718566	99.2664
ahdat N(soort,ev,basis,zijd,stan)	1	718567	99.2666
ahaaaaaaaa SPEC(deeleigen)	1	718568	99.2667
ah.nl SPEC(symb)	1	718569	99.2669
ah-bord N(soort,ev,basis,onz,stan)	1	718570	99.267
agressief ADJ(vrij,basis,zonder)	1	718571	99.2671
agree SPEC(vreemd)	1	718572	99.2673
agowe N(soort,ev,basis,zijd,stan)	1	718573	99.2674
aggressive SPEC(vreemd)	1	718574	99.2676
agge SPEC(vreemd)	1	718575	99.2677
agge ADJ(prenom,basis,met-e,stan)	1	718576	99.2678
agendaplanning N(soort,ev,basis,zijd,stan)	1	718577	99.268
agence SPEC(vreemd)	1	718578	99.2681
aged SPEC(vreemd)	1	718579	99.2682
afzonderlijk ADJ(vrij,basis,zonder)	1	718580	99.2684
afzijdig ADJ(vrij,basis,zonder)	1	718581	99.2685
afzien WW(pv,tgw,mv)	1	718582	99.2687
afzien WW(inf,vrij,zonder)	1	718583	99.2688
afzien WW(inf,nom,zonder,zonder-n)	1	718584	99.2689
afzetten WW(pv,verl,ev)	1	718585	99.2691
afzet N(soort,ev,basis,zijd,stan)	1	718586	99.2692
afzender N(soort,ev,basis,zijd,stan)	1	718587	99.2693
afzeggen WW(pv,verl,ev)	1	718588	99.2695
afzeggen WW(pv,tgw,met-t)	1	718589	99.2696
afzegd N(soort,ev,basis,onz,stan)	1	718590	99.2698
afwisselen WW(vd,vrij,zonder)	1	718591	99.2699
afwikkeling N(soort,ev,basis,zijd,stan)	1	718592	99.27
afwijzen WW(vd,vrij,zonder)	1	718593	99.2702
afwijsachtig N(soort,ev,basis,zijd,stan)	1	718594	99.2703
afwerken WW(inf,nom,zonder,zonder-n)	1	718595	99.2705
afwenden WW(vd,vrij,zonder)	1	718596	99.2706
afweging N(soort,ev,basis,zijd,stan)	1	718597	99.2707
afwegen WW(inf,vrij,zonder)	1	718598	99.2709
afwasservice N(soort,ev,basis,zijd,stan)	1	718599	99.271
afwassen WW(inf,nom,zonder,zonder-n)	1	718600	99.2711
afwasmachine N(soort,ev,basis,zijd,stan)	1	718601	99.2713
afwasborstel N(soort,ev,basis,zijd,stan)	1	718602	99.2714
afwas N(soort,ev,basis,onz,stan)	1	718603	99.2716
afw WW(vd,vrij,zonder)	1	718604	99.2717
afvoeren WW(vd,vrij,zonder)	1	718605	99.2718
afvoer N(soort,ev,basis,zijd,stan)	1	718606	99.272
afvallen WW(vd,vrij,zonder)	1	718607	99.2721
afvallen WW(pv,tgw,met-t)	1	718608	99.2723
afvallen WW(inf,nom,zonder,zonder-n)	1	718609	99.2724
afval N(soort,ev,basis,onz,stan)	1	718610	99.2725
aftrekken WW(inf,vrij,zonder)	1	718611	99.2727
aftrekke N(soort,ev,dim,onz,stan)	1	718612	99.2728
aftrek N(soort,ev,basis,zijd,stan)	1	718613	99.2729
aftrap N(soort,ev,basis,zijd,stan)	1	718614	99.2731
afterwork N(soort,ev,dim,onz,stan)	1	718615	99.2732
afterwork N(soort,ev,basis,zijd,stan)	1	718616	99.2734
afterwards N(soort,ev,basis,zijd,stan)	1	718617	99.2735
aftersun ADJ(vrij,basis,zonder)	1	718618	99.2736
afterbreakfastdip N(soort,ev,dim,onz,stan)	1	718619	99.2738
aftekenen WW(vd,vrij,zonder)	1	718620	99.2739
aftekenen WW(inf,vrij,zonder)	1	718621	99.274
aftakelen WW(inf,nom,zonder,zonder-n)	1	718622	99.2742
aftaaien WW(vd,vrij,zonder)	1	718623	99.2743
afsturen WW(vd,vrij,zonder)	1	718624	99.2745
afstuderen WW(vd,prenom,met-e)	1	718625	99.2746
afstuderen WW(pv,verl,ev)	1	718626	99.2747
afstraal ADJ(vrij,basis,zonder)	1	718627	99.2749
afstotelijk ADJ(vrij,comp,zonder)	1	718628	99.275
afstempelen WW(inf,vrij,zonder)	1	718629	99.2752
afstemmen WW(vd,vrij,zonder)	1	718630	99.2753
afstappen WW(vd,vrij,zonder)	1	718631	99.2754
afstandsbediening N(soort,ev,basis,zijd,stan)	1	718632	99.2756
afstandsbedienibg N(soort,ev,basis,zijd,stan)	1	718633	99.2757
afstandelijkheid N(soort,ev,basis,zijd,stan)	1	718634	99.2758
afstandelijk ADJ(vrij,basis,zonder)	1	718635	99.276
afspreken WW(pv,verl,ev)	1	718636	99.2761
afspreken WW(inf,nom,zonder,zonder-n)	1	718637	99.2763
afsprechn WW(inf,vrij,zonder)	1	718638	99.2764
afspraakplaats N(soort,dial)	1	718639	99.2765
afspraak N(soort,ev,dim,onz,stan)	1	718640	99.2767
afspr WW(vd,vrij,zonder)	1	718641	99.2768
afspr WW(pv,tgw,met-t)	1	718642	99.2769
afspr N(soort,ev,basis,zijd,stan)	1	718643	99.2771
afspr ADJ(prenom,basis,zonder)	1	718644	99.2772
afspeuren WW(inf,nom,zonder,zonder-n)	1	718645	99.2774
afsnis N(soort,ev,basis,zijd,stan)	1	718646	99.2775
afsnijroute N(soort,ev,basis,zijd,stan)	1	718647	99.2776
afsluiter N(soort,ev,basis,zijd,stan)	1	718648	99.2778
afsluiten WW(vd,prenom,zonder)	1	718649	99.2779
afsluiten WW(od,prenom,zonder)	1	718650	99.2781
afsluiten WW(inf,nom,zonder,zonder-n)	1	718651	99.2782
afslaan WW(inf,vrij,zonder)	1	718652	99.2783
afsgesproken WW(inf,vrij,zonder)	1	718653	99.2785
afschrikk WW(pv,tgw,met-t)	1	718654	99.2786
afschrijving N(soort,ev,basis,zijd,stan)	1	718655	99.2787
afschrijven WW(vd,vrij,zonder)	1	718656	99.2789
afschijdsparty N(soort,ev,basis,zijd,stan)	1	718657	99.279
afschijdsfeest N(soort,ev,dim,onz,stan)	1	718658	99.2792
afscherm N(soort,ev,basis,onz,stan)	1	718659	99.2793
afscheidsfeest N(soort,ev,basis,onz,stan)	1	718660	99.2794
afscheidsdiner N(soort,ev,dim,onz,stan)	1	718661	99.2796
afscheidscappuccino N(soort,ev,basis,zijd,stan)	1	718662	99.2797
afscheidsborrel N(soort,ev,basis,zijd,stan)	1	718663	99.2798
afronden WW(vd,prenom,zonder)	1	718664	99.28
afrollen WW(pv,tgw,mv)	1	718665	99.2801
afroepen N(soort,ev,basis,onz,stan)	1	718666	99.2803
afrikalaan N(soort,ev,basis,zijd,stan)	1	718667	99.2804
afrikaans ADJ(prenom,basis,zonder)	1	718668	99.2805
afrika-ritme N(soort,ev,basis,zijd,stan)	1	718669	99.2807
afrika SPEC(deeleigen)	1	718670	99.2808
afrika N(soort,ev,basis,onz,stan)	1	718671	99.281
afrijden WW(vd,vrij,zonder)	1	718672	99.2811
afrijden WW(inf,vrij,zonder)	1	718673	99.2812
africhten WW(vd,vrij,zonder)	1	718674	99.2814
afrekening N(soort,ev,basis,zijd,stan)	1	718675	99.2815
afrekenen WW(vd,vrij,zonder)	1	718676	99.2816
afreageren WW(pv,tgw,mv)	1	718677	99.2818
afraid SPEC(vreemd)	1	718678	99.2819
afraffelen WW(vd,vrij,zonder)	1	718679	99.2821
afprinten WW(inf,vrij,zonder)	1	718680	99.2822
afprijsbak N(soort,mv,basis)	1	718681	99.2823
afplakken WW(vd,vrij,zonder)	1	718682	99.2825
afpakken WW(pv,verl,ev)	1	718683	99.2826
afnemen WW(inf,vrij,zonder)	1	718684	99.2828
afname N(soort,ev,basis,zijd,stan)	1	718685	99.2829
afmeten WW(inf,vrij,zonder)	1	718686	99.283
afmelding N(soort,mv,basis)	1	718687	99.2832
afmatten WW(vd,vrij,zonder)	1	718688	99.2833
afmaken WW(pv,tgw,met-t)	1	718689	99.2834
afmaken WW(inf,nom,zonder,zonder-n)	1	718690	99.2836
aflossen WW(vd,vrij,zonder)	1	718691	99.2837
aflossen WW(inf,vrij,zonder)	1	718692	99.2839
aflopen WW(inf,vrij,zonder)	1	718693	99.284
aflezen WW(inf,vrij,zonder)	1	718694	99.2841
aflevertijd N(soort,ev,basis,zijd,stan)	1	718695	99.2843
aflevering N(soort,ev,dim,onz,stan)	1	718696	99.2844
afleveren WW(inf,vrij,zonder)	1	718697	99.2845
afleiden WW(inf,vrij,zonder)	1	718698	99.2847
afleid WW(vd,vrij,zonder)	1	718699	99.2848
afleggen WW(vd,vrij,zonder)	1	718700	99.285
afl. SPEC(afk)	1	718701	99.2851
afl N(soort,ev,basis,zijd,stan)	1	718702	99.2852
afkrijgen WW(vd,vrij,zonder)	1	718703	99.2854
afkoppelen WW(vd,vrij,zonder)	1	718704	99.2855
afkomn WW(inf,vrij,zonder)	1	718705	99.2857
afkomn N(soort,mv,basis)	1	718706	99.2858
afkomen WW(vd,vrij,zonder)	1	718707	99.2859
afkoelen WW(vd,vrij,zonder)	1	718708	99.2861
afkoelen WW(inf,vrij,zonder)	1	718709	99.2862
afknapdag N(soort,ev,basis,zijd,stan)	1	718710	99.2863
afkleden WW(pv,tgw,met-t)	1	718711	99.2865
afkicken WW(inf,vrij,zonder)	1	718712	99.2866
afkicken WW(inf,nom,zonder,zonder-n)	1	718713	99.2868
afkeuren WW(vd,vrij,zonder)	1	718714	99.2869
afk N(soort,ev,basis,zijd,stan)	1	718715	99.287
afhouden WW(inf,vrij,zonder)	1	718716	99.2872
afhebben WW(inf,vrij,zonder)	1	718717	99.2873
afhandeling N(soort,ev,basis,zijd,stan)	1	718718	99.2874
afhandelen WW(inf,nom,zonder,zonder-n)	1	718719	99.2876
afhalen WW(vd,vrij,zonder)	1	718720	99.2877
afhalen WW(pv,tgw,met-t)	1	718721	99.2879
afhaken WW(vd,vrij,zonder)	1	718722	99.288
afhaken WW(pv,tgw,met-t)	1	718723	99.2881
afhaken WW(inf,vrij,zonder)	1	718724	99.2883
afhaalsinees N(soort,mv,basis)	1	718725	99.2884
afglijden WW(inf,vrij,zonder)	1	718726	99.2886
afgieten WW(inf,vrij,zonder)	1	718727	99.2887
afgetraind WW(od,vrij,zonder)	1	718728	99.2888
afgesprooen ADJ(prenom,basis,zonder)	1	718729	99.289
afgesprokn ADJ(vrij,basis,zonder)	1	718730	99.2891
afgaan WW(pv,tgw,mv)	1	718731	99.2892
afgaan WW(pv,tgw,ev)	1	718732	99.2894
afgaan WW(inf,vrij,zonder)	1	718733	99.2895
affiniteit N(soort,ev,basis,zijd,stan)	1	718734	99.2897
affiche N(soort,ev,basis,onz,stan)	1	718735	99.2898
affaire N(soort,ev,basis,zijd,stan)	1	718736	99.2899
afemhalen WW(pv,tgw,met-t)	1	718737	99.2901
afdwalen WW(vd,vrij,zonder)	1	718738	99.2902
afdruk N(soort,ev,basis,zijd,stan)	1	718739	99.2903
afdruipen WW(inf,vrij,zonder)	1	718740	99.2905
afdrogen WW(inf,vrij,zonder)	1	718741	99.2906
afdeling N(soort,mv,basis)	1	718742	99.2908
afdaling N(soort,ev,basis,zijd,stan)	1	718743	99.2909
afdalen WW(vd,vrij,zonder)	1	718744	99.291
afdak N(soort,ev,dim,onz,stan)	1	718745	99.2912
afbreken WW(pv,tgw,mv)	1	718746	99.2913
afbreken WW(od,prenom,met-e)	1	718747	99.2915
afbranden WW(vd,vrij,zonder)	1	718748	99.2916
afblazen WW(inf,vrij,zonder)	1	718749	99.2917
afbijten WW(vd,vrij,zonder)	1	718750	99.2919
afbijten WW(inf,vrij,zonder)	1	718751	99.292
afbetaling N(soort,ev,basis,zijd,stan)	1	718752	99.2921
afbestellen WW(vd,vrij,zonder)	1	718753	99.2923
afbeelden WW(vd,prenom,met-e)	1	718754	99.2924
af.hebben WW(pv,tgw,ev)	1	718755	99.2926
af VZ(init)	1	718756	99.2927
aero VNW(aanw,adv-pron,obl,vol,3o,getal)	1	718757	99.2928
aeldinges N(soort,mv,dim)	1	718758	99.293
aek N(soort,ev,basis,onz,stan)	1	718759	99.2931
aedeen N(soort,mv,basis)	1	718760	99.2932
advocaat N(soort,ev,dim,onz,stan)	1	718761	99.2934
adviseren WW(vd,vrij,zonder)	1	718762	99.2935
adviseren WW(pv,verl,ev)	1	718763	99.2937
advies N(soort,mv,basis)	1	718764	99.2938
advice N(soort,ev,basis,zijd,stan)	1	718765	99.2939
adverteren WW(inf,vrij,zonder)	1	718766	99.2941
adventure SPEC(vreemd)	1	718767	99.2942
adventskalender N(soort,mv,basis)	1	718768	99.2944
adventskalender N(soort,ev,basis,zijd,stan)	1	718769	99.2945
adv N(soort,ev,basis,zijd,stan)	1	718770	99.2946
adult N(soort,ev,basis,zijd,stan)	1	718771	99.2948
adrie N(soort,ev,basis,zijd,stan)	1	718772	99.2949
adreswijziging N(soort,mv,basis)	1	718773	99.295
adress SPEC(vreemd)	1	718774	99.2952
adres SPEC(vreemd)	1	718775	99.2953
adopteren WW(inf,vrij,zonder)	1	718776	99.2955
admiraal N(soort,ev,basis,zijd,stan)	1	718777	99.2956
admin-sessie N(soort,ev,basis,zijd,stan)	1	718778	99.2957
admin N(soort,ev,basis,zijd,stan)	1	718779	99.2959
adk WW(pv,tgw,met-t)	1	718780	99.296
adk ADJ(vrij,basis,zonder)	1	718781	99.2962
adjudant N(soort,ev,basis,zijd,stan)	1	718782	99.2963
adios SPEC(vreemd)	1	718783	99.2964
adios ADJ(vrij,basis,zonder)	1	718784	99.2966
adhd ADJ(vrij,basis,zonder)	1	718785	99.2967
aderpaar ADJ(vrij,basis,zonder)	1	718786	99.2968
ader N(soort,mv,basis)	1	718787	99.297
adept WW(pv,tgw,met-t)	1	718788	99.2971
ademruimte N(soort,ev,basis,zijd,stan)	1	718789	99.2973
ademhalingsmonitor N(soort,ev,basis,zijd,stan)	1	718790	99.2974
ademen WW(vd,vrij,zonder)	1	718791	99.2975
adecco N(soort,ev,basis,zijd,stan)	1	718792	99.2977
adder N(soort,ev,dim,onz,stan)	1	718793	99.2978
addek N(soort,ev,basis,zijd,stan)	1	718794	99.2979
adaptor N(soort,mv,basis)	1	718795	99.2981
adapter N(soort,ev,basis,onz,stan)	1	718796	99.2982
adams SPEC(vreemd)	1	718797	99.2984
adams ADJ(prenom,basis,met-e,stan)	1	718798	99.2985
adam ADJ(vrij,basis,zonder)	1	718799	99.2986
ad N(soort,ev,dim,onz,stan)	1	718800	99.2988
actueel ADJ(vrij,basis,zonder)	1	718801	99.2989
actually N(soort,ev,basis,zijd,stan)	1	718802	99.2991
actual SPEC(vreemd)	1	718803	99.2992
activities SPEC(vreemd)	1	718804	99.2993
activeren WW(pv,tgw,met-t)	1	718805	99.2995
action SPEC(vreemd)	1	718806	99.2996
actimellekes ADJ(vrij,dim,zonder)	1	718807	99.2997
actiefilm N(soort,ev,basis,zijd,stan)	1	718808	99.2999
actief-links ADJ(prenom,basis,met-e,stan)	1	718809	99.3
actief ADJ(prenom,basis,met-e,stan)	1	718810	99.3002
actief ADJ(postnom,basis,met-s)	1	718811	99.3003
actie N(soort,mv,basis)	1	718812	99.3004
acteur N(soort,mv,basis)	1	718813	99.3006
acteur N(soort,ev,basis,zijd,stan)	1	718814	99.3007
acteerles N(soort,ev,basis,zijd,stan)	1	718815	99.3008
acted SPEC(vreemd)	1	718816	99.301
acte SPEC(vreemd)	1	718817	99.3011
acquaintance N(soort,ev,basis,zijd,stan)	1	718818	99.3013
acosts SPEC(vreemd)	1	718819	99.3014
acne N(soort,ev,basis,zijd,stan)	1	718820	99.3015
acm N(soort,ev,basis,zijd,stan)	1	718821	99.3017
ack N(soort,ev,basis,zijd,stan)	1	718822	99.3018
achyer ADJ(prenom,sup,met-e,stan)	1	718823	99.302
achttien TW(hoofd,vrij)	1	718824	99.3021
achttien TW(hoofd,prenom,stan)	1	718825	99.3022
achtrnaam N(soort,ev,basis,onz,stan)	1	718826	99.3024
achting N(soort,ev,basis,zijd,stan)	1	718827	99.3025
achterwiel N(soort,ev,basis,onz,stan)	1	718828	99.3026
achterwege BW()	1	718829	99.3028
achtervolgen WW(pv,tgw,met-t)	1	718830	99.3029
achtertuin N(soort,ev,basis,zijd,stan)	1	718831	99.3031
achterstandswijk N(soort,mv,basis)	1	718832	99.3032
achterstaan WW(inf,nom,zonder,zonder-n)	1	718833	99.3033
achterst ADJ(nom,basis,met-e,zonder-n,stan)	1	718834	99.3035
achterruit N(soort,ev,basis,zijd,stan)	1	718835	99.3036
achterna BW()	1	718836	99.3037
achterlyke ADJ(prenom,basis,met-e,stan)	1	718837	99.3039
achterlopen WW(inf,vrij,zonder)	1	718838	99.304
achterlijle ADJ(prenom,basis,met-e,stan)	1	718839	99.3042
achterlijk ADJ(prenom,sup,met-e,stan)	1	718840	99.3043
achterlicht N(soort,ev,basis,onz,stan)	1	718841	99.3044
achterlate WW(pv,verl,ev)	1	718842	99.3046
achterlangs BW()	1	718843	99.3047
achterlangs ADJ(vrij,basis,zonder)	1	718844	99.3049
achterkomen WW(inf,vrij,zonder)	1	718845	99.305
achteringang N(soort,ev,basis,zijd,stan)	1	718846	99.3051
achterhouden WW(pv,tgw,met-t)	1	718847	99.3053
achterhalen WW(vd,vrij,zonder)	1	718848	99.3054
achtergrondmuziek N(soort,ev,basis,zijd,stan)	1	718849	99.3055
achtergronddecoratie N(soort,ev,basis,zijd,stan)	1	718850	99.3057
achtergrond N(soort,ev,basis,zijd,stan)	1	718851	99.3058
achtergevel N(soort,ev,basis,zijd,stan)	1	718852	99.306
achtereen BW()	1	718853	99.3061
achterdeur N(soort,mv,basis)	1	718854	99.3062
achterbuur N(soort,mv,basis)	1	718855	99.3064
achterbumper N(soort,ev,basis,zijd,stan)	1	718856	99.3065
achterblijven WW(vd,vrij,zonder)	1	718857	99.3066
achter ADJ(prenom,basis,met-e,stan)	1	718858	99.3068
achtendertig TW(hoofd,prenom,stan)	1	718859	99.3069
achten WW(pv,verl,ev)	1	718860	99.3071
acht TW(hoofd,nom,mv-n,basis)	1	718861	99.3072
acht N(soort,ev,basis,zijd,stan)	1	718862	99.3073
achjaaaa N(soort,ev,basis,zijd,stan)	1	718863	99.3075
acher ADJ(vrij,comp,zonder)	1	718864	99.3076
acer N(soort,ev,basis,zijd,stan)	1	718865	99.3078
ace N(soort,mv,basis)	1	718866	99.3079
accus N(soort,ev,basis,zijd,stan)	1	718867	99.308
accudent SPEC(vreemd)	1	718868	99.3082
accu-slurpen N(soort,mv,basis)	1	718869	99.3083
accountmanager N(soort,ev,basis,zijd,stan)	1	718870	99.3084
accounten WW(inf,vrij,zonder)	1	718871	99.3086
according N(soort,ev,basis,zijd,stan)	1	718872	99.3087
acco N(soort,ev,basis,zijd,stan)	1	718873	99.3089
acclimatiseren WW(inf,vrij,zonder)	1	718874	99.309
accijns N(soort,ev,basis,zijd,stan)	1	718875	99.3091
accident N(soort,ev,basis,onz,stan)	1	718876	99.3093
accesspoint N(soort,mv,basis)	1	718877	99.3094
acceptabel ADJ(prenom,basis,met-e,stan)	1	718878	99.3096
accept WW(vd,vrij,zonder)	1	718879	99.3097
academisch ADJ(prenom,basis,zonder)	1	718880	99.3098
academisch ADJ(prenom,basis,met-e,stan)	1	718881	99.31
academiki N(soort,ev,basis,zijd,stan)	1	718882	99.3101
academic SPEC(vreemd)	1	718883	99.3102
academic N(soort,ev,basis,zijd,stan)	1	718884	99.3104
ac N(soort,ev,basis,onz,stan)	1	718885	99.3105
abuis N(soort,ev,basis,onz,stan)	1	718886	99.3107
abuis ADJ(vrij,basis,zonder)	1	718887	99.3108
abu SPEC(vreemd)	1	718888	99.3109
absynthe N(soort,ev,basis,zijd,stan)	1	718889	99.3111
absurdisme N(soort,ev,basis,onz,stan)	1	718890	99.3112
abstract ADJ(vrij,basis,zonder)	1	718891	99.3113
abstract ADJ(prenom,basis,met-e,stan)	1	718892	99.3115
absoluut SPEC(vreemd)	1	718893	99.3116
absoluut ADJ(prenom,basis,zonder)	1	718894	99.3118
absoluut ADJ(prenom,basis,met-e,stan)	1	718895	99.3119
absiluut WW(pv,tgw,ev)	1	718896	99.312
abseilen WW(inf,nom,zonder,zonder-n)	1	718897	99.3122
abseilen N(soort,mv,basis)	1	718898	99.3123
abs SPEC(vreemd)	1	718899	99.3125
abrahamstatus N(soort,ev,basis,zijd,stan)	1	718900	99.3126
abraham N(soort,ev,basis,zijd,stan)	1	718901	99.3127
above SPEC(vreemd)	1	718902	99.3129
abortus N(soort,ev,basis,zijd,stan)	1	718903	99.313
abon N(soort,ev,basis,onz,stan)	1	718904	99.3131
abnormaal ADJ(vrij,basis,zonder)	1	718905	99.3133
abn N(soort,ev,basis,zijd,stan)	1	718906	99.3134
abhijit SPEC(vreemd)	1	718907	99.3136
aber SPEC(vreemd)	1	718908	99.3137
aber N(soort,ev,basis,zijd,stan)	1	718909	99.3138
aber N(soort,ev,basis,onz,stan)	1	718910	99.314
abenraa N(soort,mv,basis)	1	718911	99.3141
abder N(soort,mv,basis)	1	718912	99.3142
abbonement N(soort,ev,basis,onz,stan)	1	718913	99.3144
abajour N(soort,ev,basis,zijd,stan)	1	718914	99.3145
ababnerd N(soort,ev,basis,zijd,stan)	1	718915	99.3147
aba N(soort,ev,basis,zijd,stan)	1	718916	99.3148
aartwolk N(soort,ev,basis,zijd,stan)	1	718917	99.3149
aarsworm N(soort,ev,basis,zijd,stan)	1	718918	99.3151
aards ADJ(prenom,basis,zonder)	1	718919	99.3152
aardr WW(pv,tgw,met-t)	1	718920	99.3154
aardig ADJ(prenom,basis,zonder)	1	718921	99.3155
aardbol N(soort,ev,basis,zijd,stan)	1	718922	99.3156
aardbeiijs N(soort,ev,basis,onz,stan)	1	718923	99.3158
aardbeibak N(soort,ev,basis,zijd,stan)	1	718924	99.3159
aardappeltoef N(soort,mv,dim)	1	718925	99.316
aar N(soort,mv,basis)	1	718926	99.3162
aanzoek N(soort,ev,basis,onz,stan)	1	718927	99.3163
aanzitten WW(vd,vrij,zonder)	1	718928	99.3165
aanziet WW(pv,tgw,ev)	1	718929	99.3166
aanzicht N(soort,ev,basis,onz,stan)	1	718930	99.3167
aanzetten WW(pv,tgw,mv)	1	718931	99.3169
aanwzh TSW()	1	718932	99.317
aanwijsbaar ADJ(prenom,basis,met-e,stan)	1	718933	99.3171
aanwezigheid N(soort,mv,basis)	1	718934	99.3173
aanwezig ADJ(nom,basis,met-e,mv-n)	1	718935	99.3174
aanwezg ADJ(vrij,basis,zonder)	1	718936	99.3176
aanwerven WW(inf,vrij,zonder)	1	718937	99.3177
aanwenden WW(pv,tgw,met-t)	1	718938	99.3178
aanvulling N(soort,mv,basis)	1	718939	99.318
aanvullen WW(od,prenom,met-e)	1	718940	99.3181
aanvreten WW(vd,vrij,zonder)	1	718941	99.3183
aanvoerder N(soort,ev,basis,zijd,stan)	1	718942	99.3184
aanvoelen WW(pv,tgw,met-t)	1	718943	99.3185
aanvoelen WW(inf,vrij,zonder)	1	718944	99.3187
aanverwant ADJ(prenom,basis,met-e,stan)	1	718945	99.3188
aanvangen WW(inf,vrij,zonder)	1	718946	99.3189
aanvallen WW(vd,vrij,zonder)	1	718947	99.3191
aanvallen WW(pv,tgw,mv)	1	718948	99.3192
aanval N(soort,ev,basis,zijd,stan)	1	718949	99.3194
aanvaarden WW(inf,vrij,zonder)	1	718950	99.3195
aantrekken WW(vd,vrij,zonder)	1	718951	99.3196
aantrekkelyk N(soort,ev,basis,onz,stan)	1	718952	99.3198
aantikken WW(vd,vrij,zonder)	1	718953	99.3199
aantasten WW(pv,tgw,met-t)	1	718954	99.32
aant.in SPEC(symb)	1	718955	99.3202
aant WW(vd,vrij,zonder)	1	718956	99.3203
aansturing N(soort,ev,basis,zijd,stan)	1	718957	99.3205
aanstelling N(soort,ev,basis,zijd,stan)	1	718958	99.3206
aanstellen WW(vd,vrij,zonder)	1	718959	99.3207
aansteek N(soort,ev,basis,zijd,stan)	1	718960	99.3209
aanstalte N(soort,mv,basis)	1	718961	99.321
aanstaande ADJ(prenom,basis,zonder)	1	718962	99.3212
aanstaan WW(inf,vrij,zonder)	1	718963	99.3213
aanspreken N(soort,ev,basis,onz,stan)	1	718964	99.3214
aanspreekbaar ADJ(vrij,basis,zonder)	1	718965	99.3216
aansporen WW(pv,tgw,mv)	1	718966	99.3217
aansporen WW(pv,tgw,met-t)	1	718967	99.3218
aansluiting N(soort,mv,basis)	1	718968	99.322
aanslag N(soort,ev,basis,zijd,stan)	1	718969	99.3221
aanschuiven WW(pv,tgw,mv)	1	718970	99.3223
aanschaffen WW(inf,vrij,zonder)	1	718971	99.3224
aanschaf N(soort,ev,basis,zijd,stan)	1	718972	99.3225
aanrennen WW(inf,vrij,zonder)	1	718973	99.3227
aanrader N(soort,mv,basis)	1	718974	99.3228
aanraden WW(inf,nom,zonder,zonder-n)	1	718975	99.323
aanporren WW(inf,vrij,zonder)	1	718976	99.3231
aanpassn SPEC(vreemd)	1	718977	99.3232
aanpassen WW(pv,tgw,met-t)	1	718978	99.3234
aanpassen N(soort,mv,basis)	1	718979	99.3235
aanpakken WW(pv,tgw,met-t)	1	718980	99.3236
aanpak N(soort,ev,basis,zijd,stan)	1	718981	99.3238
aanmoest WW(vd,vrij,zonder)	1	718982	99.3239
aanmoediging N(soort,ev,basis,zijd,stan)	1	718983	99.3241
aanmij ADJ(vrij,basis,zonder)	1	718984	99.3242
aanmaken WW(vd,vrij,zonder)	1	718985	99.3243
aanmaken WW(pv,tgw,met-t)	1	718986	99.3245
aanmaken WW(inf,vrij,zonder)	1	718987	99.3246
aanmaaklimonade WW(pv,verl,ev)	1	718988	99.3247
aanlopen WW(inf,vrij,zonder)	1	718989	99.3249
aanlokkelijk ADJ(vrij,basis,zonder)	1	718990	99.325
aanlikkelijk ADJ(vrij,basis,zonder)	1	718991	99.3252
aanliggen WW(inf,vrij,zonder)	1	718992	99.3253
aanleggen WW(inf,vrij,zonder)	1	718993	99.3254
aanlaten WW(inf,vrij,zonder)	1	718994	99.3256
aankunnen WW(pv,verl,ev)	1	718995	99.3257
aankunnen WW(inf,vrij,zonder)	1	718996	99.3259
aankopen WW(pv,tgw,met-t)	1	718997	99.326
aankoopbedrag N(soort,ev,basis,onz,stan)	1	718998	99.3261
aankondigingsbord N(soort,mv,basis)	1	718999	99.3263
aankondiging N(soort,ev,basis,zijd,stan)	1	719000	99.3264
aankomen WW(vd,prenom,zonder)	1	719001	99.3265
aankomen WW(pv,verl,mv)	1	719002	99.3267
aankomen WW(pv,verl,ev)	1	719003	99.3268
aankloppen WW(pv,verl,mv)	1	719004	99.327
aankloppen WW(inf,vrij,zonder)	1	719005	99.3271
aankleden WW(vd,vrij,zonder)	1	719006	99.3272
aankleden WW(pv,tgw,mv)	1	719007	99.3274
aankijken WW(pv,tgw,mv)	1	719008	99.3275
aankijken WW(inf,vrij,zonder)	1	719009	99.3276
aank N(soort,ev,basis,zijd,stan)	1	719010	99.3278
aanhoren WW(inf,vrij,zonder)	1	719011	99.3279
aanhef N(soort,ev,basis,zijd,stan)	1	719012	99.3281
aanhebben WW(vd,vrij,zonder)	1	719013	99.3282
aanhankelijk ADJ(prenom,basis,zonder)	1	719014	99.3283
aanhaken WW(pv,tgw,met-t)	1	719015	99.3285
aangooien WW(inf,vrij,zonder)	1	719016	99.3286
aangeven WW(pv,tgw,met-t)	1	719017	99.3288
aangestaan WW(pv,tgw,mv)	1	719018	99.3289
aangeschoten ADJ(prenom,basis,zonder)	1	719019	99.329
aangenaam ADJ(prenom,basis,zonder)	1	719020	99.3292
aangenaam ADJ(prenom,basis,met-e,stan)	1	719021	99.3293
aangeland N(soort,ev,basis,zijd,stan)	1	719022	99.3294
aangekomn WW(vd,vrij,zonder)	1	719023	99.3296
aangeboren ADJ(prenom,basis,zonder)	1	719024	99.3297
aangaande VZ(init)	1	719025	99.3299
aangaan WW(pv,tgw,mv)	1	719026	99.33
aandurven WW(vd,vrij,zonder)	1	719027	99.3301
aandoenlijk ADJ(vrij,basis,zonder)	1	719028	99.3303
aandoen WW(pv,tgw,mv)	1	719029	99.3304
aandoen WW(pv,tgw,ev)	1	719030	99.3305
aandenken N(soort,ev,basis,onz,stan)	1	719031	99.3307
aandeel N(soort,ev,basis,onz,stan)	1	719032	99.3308
aandat VG(onder)	1	719033	99.331
aandampen WW(vd,vrij,zonder)	1	719034	99.3311
aandag N(soort,ev,basis,zijd,stan)	1	719035	99.3312
aandachtzoeker N(soort,mv,basis)	1	719036	99.3314
aanbrengen WW(inf,vrij,zonder)	1	719037	99.3315
aanbreken WW(inf,vrij,zonder)	1	719038	99.3317
aanbranden WW(vd,vrij,zonder)	1	719039	99.3318
aanbouw N(soort,ev,basis,zijd,stan)	1	719040	99.3319
aanbieden WW(pv,tgw,ev)	1	719041	99.3321
aanbevelingsbrief N(soort,ev,basis,onz,stan)	1	719042	99.3322
aanbeveling N(soort,ev,basis,zijd,stan)	1	719043	99.3323
aanbevelen WW(inf,vrij,zonder)	1	719044	99.3325
aanbellen WW(vd,vrij,zonder)	1	719045	99.3326
aanbelanden WW(vd,vrij,zonder)	1	719046	99.3328
aan.nu N(soort,ev,basis,onz,stan)	1	719047	99.3329
aan.Ik SPEC(symb)	1	719048	99.333
aan't SPEC(vreemd)	1	719049	99.3332
aamt WW(pv,tgw,met-t)	1	719050	99.3333
aamgesien N(soort,mv,basis)	1	719051	99.3334
aam ADJ(vrij,basis,zonder)	1	719052	99.3336
aalter N(soort,ev,basis,zijd,stan)	1	719053	99.3337
aalter N(soort,ev,basis,onz,stan)	1	719054	99.3339
aalbes N(soort,mv,basis)	1	719055	99.334
aal N(soort,ev,basis,zijd,stan)	1	719056	99.3341
aakomen WW(od,prenom,met-e)	1	719057	99.3343
aaien WW(vd,vrij,zonder)	1	719058	99.3344
aaien WW(inf,vrij,zonder)	1	719059	99.3346
aai N(soort,ev,dim,onz,stan)	1	719060	99.3347
aahnnja N(soort,ev,basis,zijd,stan)	1	719061	99.3348
aahn BW()	1	719062	99.335
aad N(soort,ev,basis,zijd,stan)	1	719063	99.3351
aacbben WW(pv,tgw,met-t)	1	719064	99.3352
aaaj N(soort,ev,basis,zijd,stan)	1	719065	99.3354
aaah N(soort,ev,basis,onz,stan)	1	719066	99.3355
aaaah TSW()	1	719067	99.3357
aaaaah ADJ(vrij,basis,zonder)	1	719068	99.3358
aaaaaaaah ADJ(prenom,basis,zonder)	1	719069	99.3359
aaaaaaaaaah ADJ(vrij,basis,zonder)	1	719070	99.3361
aa-meisje N(soort,mv,dim)	1	719071	99.3362
a.lunshof@gmail.com SPEC(symb)	1	719072	99.3364
a.k.a. SPEC(afk)	1	719073	99.3365
a. SPEC(afk)	1	719074	99.3366
a-m SPEC(symb)	1	719075	99.3368
a-holes N(soort,mv,basis)	1	719076	99.3369
a-building N(soort,ev,basis,zijd,stan)	1	719077	99.337
a's N(soort,mv,basis)	1	719078	99.3372
_ SPEC(symb)	1	719079	99.3373
^^ WW(vd,vrij,zonder)	1	719080	99.3375
^^ VNW(pers,pron,dial)	1	719081	99.3376
^^ SPEC(symb)	1	719082	99.3377
^^ SPEC(deeleigen)	1	719083	99.3379
^^ N(soort,ev,basis,zijd,stan)	1	719084	99.338
ZÃ¼rich SPEC(deeleigen)	1	719085	99.3381
Zzz SPEC(deeleigen)	1	719086	99.3383
ZzZzZzZzZzZzZz SPEC(deeleigen)	1	719087	99.3384
Zz SPEC(deeleigen)	1	719088	99.3386
Zweed SPEC(deeleigen)	1	719089	99.3387
Zwaait SPEC(vreemd)	1	719090	99.3388
Zum SPEC(vreemd)	1	719091	99.339
Zuidinga SPEC(deeleigen)	1	719092	99.3391
Zuiden SPEC(deeleigen)	1	719093	99.3393
Zuid-Afrika SPEC(deeleigen)	1	719094	99.3394
Zottin SPEC(deeleigen)	1	719095	99.3395
Zorgmail SPEC(deeleigen)	1	719096	99.3397
Zoom-Delft SPEC(deeleigen)	1	719097	99.3398
Zonnetje SPEC(deeleigen)	1	719098	99.3399
Zonnebrandcreme SPEC(deeleigen)	1	719099	99.3401
Zomibo SPEC(deeleigen)	1	719100	99.3402
Zomerfeesten SPEC(deeleigen)	1	719101	99.3404
Zombie SPEC(vreemd)	1	719102	99.3405
Zittert SPEC(deeleigen)	1	719103	99.3406
Zita SPEC(deeleigen)	1	719104	99.3408
Zingt SPEC(deeleigen)	1	719105	99.3409
Zimmermann SPEC(deeleigen)	1	719106	99.341
Zimbabwe SPEC(deeleigen)	1	719107	99.3412
Ziekenhuis SPEC(deeleigen)	1	719108	99.3413
Zichy SPEC(deeleigen)	1	719109	99.3415
Zgn SPEC(deeleigen)	1	719110	99.3416
Zevenheuvelen SPEC(deeleigen)	1	719111	99.3417
Zevenbergen SPEC(deeleigen)	1	719112	99.3419
Zeus SPEC(deeleigen)	1	719113	99.342
Zernike SPEC(deeleigen)	1	719114	99.3422
Zenith SPEC(deeleigen)	1	719115	99.3423
Zen SPEC(deeleigen)	1	719116	99.3424
Zeist SPEC(deeleigen)	1	719117	99.3426
Zeeman SPEC(deeleigen)	1	719118	99.3427
Zebbie SPEC(vreemd)	1	719119	99.3428
Zarzuela SPEC(deeleigen)	1	719120	99.343
Zap SPEC(deeleigen)	1	719121	99.3431
Zaagmans SPEC(deeleigen)	1	719122	99.3433
Za SPEC(vreemd)	1	719123	99.3434
ZZZZZZ SPEC(deeleigen)	1	719124	99.3435
ZW-rsca SPEC(deeleigen)	1	719125	99.3437
ZIN SPEC(deeleigen)	1	719126	99.3438
ZEC SPEC(deeleigen)	1	719127	99.3439
Z. SPEC(afk)	1	719128	99.3441
Yvette SPEC(deeleigen)	1	719129	99.3442
Yuri SPEC(deeleigen)	1	719130	99.3444
Yup SPEC(deeleigen)	1	719131	99.3445
Yowsa SPEC(vreemd)	1	719132	99.3446
Youth SPEC(deeleigen)	1	719133	99.3448
Yours SPEC(deeleigen)	1	719134	99.3449
Youp SPEC(deeleigen)	1	719135	99.3451
Yohoo SPEC(deeleigen)	1	719136	99.3452
Yogi SPEC(deeleigen)	1	719137	99.3453
Yoga-en SPEC(deeleigen)	1	719138	99.3455
Yilmas SPEC(deeleigen)	1	719139	99.3456
Yichen SPEC(deeleigen)	1	719140	99.3457
Yessss SPEC(vreemd)	1	719141	99.3459
Yessss SPEC(deeleigen)	1	719142	99.346
Yesss SPEC(deeleigen)	1	719143	99.3462
Yess SPEC(vreemd)	1	719144	99.3463
Yellow SPEC(vreemd)	1	719145	99.3464
Yeey SPEC(deeleigen)	1	719146	99.3466
Yeesssssss SPEC(vreemd)	1	719147	99.3467
Yeeesssss SPEC(vreemd)	1	719148	99.3468
Yeeeesssssss SPEC(vreemd)	1	719149	99.347
Yeay SPEC(vreemd)	1	719150	99.3471
Yeahhh SPEC(deeleigen)	1	719151	99.3473
Yasmin SPEC(deeleigen)	1	719152	99.3474
Yasmien SPEC(deeleigen)	1	719153	99.3475
Yard SPEC(deeleigen)	1	719154	99.3477
Yan SPEC(deeleigen)	1	719155	99.3478
Yaaaaaaay SPEC(deeleigen)	1	719156	99.348
Ya SPEC(deeleigen)	1	719157	99.3481
YT SPEC(deeleigen)	1	719158	99.3482
YESSS SPEC(deeleigen)	1	719159	99.3484
YEEEESSSS SPEC(deeleigen)	1	719160	99.3485
YA SPEC(deeleigen)	1	719161	99.3486
Y SPEC(symb)	1	719162	99.3488
Xz SPEC(deeleigen)	1	719163	99.3489
Xxxxxxxxxxxxxxxxxxxxxxxx SPEC(vreemd)	1	719164	99.3491
Xxxxxxxxxxxxxxxxxxxxxxxx SPEC(deeleigen)	1	719165	99.3492
XxxxXxXXXXXXXXXXX SPEC(deeleigen)	1	719166	99.3493
Xxk SPEC(deeleigen)	1	719167	99.3495
XxXxXxX SPEC(deeleigen)	1	719168	99.3496
XxXxX SPEC(vreemd)	1	719169	99.3498
XxX SPEC(vreemd)	1	719170	99.3499
Xx+ SPEC(deeleigen)	1	719171	99.35
Xtace SPEC(deeleigen)	1	719172	99.3502
Xperia SPEC(deeleigen)	1	719173	99.3503
Xoorhand SPEC(deeleigen)	1	719174	99.3504
Xmas SPEC(deeleigen)	1	719175	99.3506
Xlau SPEC(deeleigen)	1	719176	99.3507
Xjea SPEC(deeleigen)	1	719177	99.3509
Xjah SPEC(deeleigen)	1	719178	99.351
Xe SPEC(vreemd)	1	719179	99.3511
Xd SPEC(deeleigen)	1	719180	99.3513
Xanten SPEC(deeleigen)	1	719181	99.3514
XXxxxXXXXXXXXXXXXXX SPEC(deeleigen)	1	719182	99.3515
XXxXXXXXXXXXXXXXXXCC SPEC(deeleigen)	1	719183	99.3517
XXxXX SPEC(deeleigen)	1	719184	99.3518
XXXXXXXXXXXXXXXXXXXXXXXXXXXXXXXX SPEC(deeleigen)	1	719185	99.352
XXXXXXXXXXXXXXXXXXXXXXXXX SPEC(deeleigen)	1	719186	99.3521
XXXXXXXXXXXXXXX SPEC(deeleigen)	1	719187	99.3522
XXXXXXXXXX SPEC(deeleigen)	1	719188	99.3524
XXXX SPEC(deeleigen)	1	719189	99.3525
XTREME SPEC(deeleigen)	1	719190	99.3527
XTC SPEC(deeleigen)	1	719191	99.3528
XIII SPEC(symb)	1	719192	99.3529
XDenise SPEC(deeleigen)	1	719193	99.3531
XD SPEC(vreemd)	1	719194	99.3532
WÃ£o SPEC(deeleigen)	1	719195	99.3533
Wwwwaaaaaaaaahhhh SPEC(deeleigen)	1	719196	99.3535
Www.debestebinnenstad.nl SPEC(symb)	1	719197	99.3536
Wut SPEC(vreemd)	1	719198	99.3538
Wunderbar SPEC(vreemd)	1	719199	99.3539
Wull SPEC(vreemd)	1	719200	99.354
Wtf SPEC(vreemd)	1	719201	99.3542
Wst SPEC(deeleigen)	1	719202	99.3543
Wowie SPEC(deeleigen)	1	719203	99.3544
Wow SPEC(vreemd)	1	719204	99.3546
Wouter.de SPEC(symb)	1	719205	99.3547
Wout SPEC(deeleigen)	1	719206	99.3549
Woushi SPEC(deeleigen)	1	719207	99.355
Wouldnt SPEC(vreemd)	1	719208	99.3551
Wouldn't SPEC(vreemd)	1	719209	99.3553
Wormux SPEC(deeleigen)	1	719210	99.3554
World SPEC(vreemd)	1	719211	99.3556
Working SPEC(vreemd)	1	719212	99.3557
Wordpress SPEC(deeleigen)	1	719213	99.3558
Word SPEC(deeleigen)	1	719214	99.356
Wop SPEC(deeleigen)	1	719215	99.3561
Woops SPEC(vreemd)	1	719216	99.3562
Wooooh SPEC(deeleigen)	1	719217	99.3564
Woonia SPEC(deeleigen)	1	719218	99.3565
Woon SPEC(deeleigen)	1	719219	99.3567
Wooh SPEC(deeleigen)	1	719220	99.3568
Woods SPEC(deeleigen)	1	719221	99.3569
Wont SPEC(vreemd)	1	719222	99.3571
Wonder SPEC(deeleigen)	1	719223	99.3572
Women SPEC(deeleigen)	1	719224	99.3573
Wolverine SPEC(deeleigen)	1	719225	99.3575
Wolters SPEC(deeleigen)	1	719226	99.3576
Wolfram SPEC(deeleigen)	1	719227	99.3578
Wolf's SPEC(deeleigen)	1	719228	99.3579
Wok SPEC(vreemd)	1	719229	99.358
Woet SPEC(deeleigen)	1	719230	99.3582
Woerden SPEC(deeleigen)	1	719231	99.3583
Woehoew SPEC(deeleigen)	1	719232	99.3585
Woehaa SPEC(deeleigen)	1	719233	99.3586
Wizzair SPEC(deeleigen)	1	719234	99.3587
Witz SPEC(deeleigen)	1	719235	99.3589
Witteveen SPEC(deeleigen)	1	719236	99.359
With SPEC(vreemd)	1	719237	99.3591
Winter SPEC(deeleigen)	1	719238	99.3593
Winner SPEC(deeleigen)	1	719239	99.3594
Winfred SPEC(deeleigen)	1	719240	99.3596
Windeke SPEC(deeleigen)	1	719241	99.3597
Wind SPEC(deeleigen)	1	719242	99.3598
Win SPEC(deeleigen)	1	719243	99.36
Wimmel SPEC(deeleigen)	1	719244	99.3601
Willie SPEC(deeleigen)	1	719245	99.3602
William SPEC(deeleigen)	1	719246	99.3604
Willemijn SPEC(deeleigen)	1	719247	99.3605
Will.be SPEC(symb)	1	719248	99.3607
Wilhart SPEC(deeleigen)	1	719249	99.3608
Wilfred SPEC(deeleigen)	1	719250	99.3609
Wilders SPEC(deeleigen)	1	719251	99.3611
Wilco SPEC(deeleigen)	1	719252	99.3612
Wijgerde SPEC(deeleigen)	1	719253	99.3614
Wife SPEC(vreemd)	1	719254	99.3615
Wiewatbewaardheeftwat SPEC(deeleigen)	1	719255	99.3616
Wieringa SPEC(deeleigen)	1	719256	99.3618
Wienerhaus SPEC(deeleigen)	1	719257	99.3619
Wien SPEC(deeleigen)	1	719258	99.362
Wielewaal SPEC(deeleigen)	1	719259	99.3622
Widerik SPEC(deeleigen)	1	719260	99.3623
Wicked SPEC(deeleigen)	1	719261	99.3625
Wibra SPEC(deeleigen)	1	719262	99.3626
WiFi SPEC(vreemd)	1	719263	99.3627
Whoa SPEC(deeleigen)	1	719264	99.3629
White SPEC(deeleigen)	1	719265	99.363
Whistler SPEC(vreemd)	1	719266	99.3632
Whiii SPEC(deeleigen)	1	719267	99.3633
Wheres SPEC(vreemd)	1	719268	99.3634
Whenever SPEC(vreemd)	1	719269	99.3636
Wheels SPEC(deeleigen)	1	719270	99.3637
Whatsapp SPEC(vreemd)	1	719271	99.3638
WhatsAppen SPEC(deeleigen)	1	719272	99.364
Whatever SPEC(vreemd)	1	719273	99.3641
Whaaa SPEC(deeleigen)	1	719274	99.3643
Wet SPEC(symb)	1	719275	99.3644
Westmalle SPEC(deeleigen)	1	719276	99.3645
Westerman SPEC(deeleigen)	1	719277	99.3647
West-afspraak SPEC(deeleigen)	1	719278	99.3648
West-Vlamingen SPEC(deeleigen)	1	719279	99.3649
West-Vlaanderen SPEC(deeleigen)	1	719280	99.3651
West SPEC(vreemd)	1	719281	99.3652
Weski SPEC(deeleigen)	1	719282	99.3654
Wes SPEC(deeleigen)	1	719283	99.3655
Werkweek SPEC(deeleigen)	1	719284	99.3656
Werf SPEC(deeleigen)	1	719285	99.3658
Weren't SPEC(vreemd)	1	719286	99.3659
Went SPEC(vreemd)	1	719287	99.3661
Wendel SPEC(deeleigen)	1	719288	99.3662
Welt SPEC(deeleigen)	1	719289	99.3663
Welderenstr SPEC(deeleigen)	1	719290	99.3665
Weja SPEC(deeleigen)	1	719291	99.3666
Weis SPEC(deeleigen)	1	719292	99.3667
Weird SPEC(deeleigen)	1	719293	99.3669
Weil SPEC(deeleigen)	1	719294	99.367
Weight SPEC(vreemd)	1	719295	99.3672
Weight SPEC(deeleigen)	1	719296	99.3673
Weerwolven SPEC(deeleigen)	1	719297	99.3674
Week SPEC(deeleigen)	1	719298	99.3676
Wednesday SPEC(deeleigen)	1	719299	99.3677
Weather SPEC(vreemd)	1	719300	99.3678
Weather SPEC(deeleigen)	1	719301	99.368
Wearing SPEC(vreemd)	1	719302	99.3681
Waynehead SPEC(deeleigen)	1	719303	99.3683
Way SPEC(deeleigen)	1	719304	99.3684
Waw SPEC(vreemd)	1	719305	99.3685
Wauw SPEC(deeleigen)	1	719306	99.3687
Watched SPEC(vreemd)	1	719307	99.3688
Watcha SPEC(vreemd)	1	719308	99.369
Watch SPEC(vreemd)	1	719309	99.3691
Wanne SPEC(deeleigen)	1	719310	99.3692
Wandelze SPEC(deeleigen)	1	719311	99.3694
Walle-Dunn SPEC(deeleigen)	1	719312	99.3695
Walking SPEC(deeleigen)	1	719313	99.3696
Walked SPEC(vreemd)	1	719314	99.3698
Walibi SPEC(deeleigen)	1	719315	99.3699
Wales SPEC(deeleigen)	1	719316	99.3701
Wakker SPEC(deeleigen)	1	719317	99.3702
Waitress SPEC(vreemd)	1	719318	99.3703
Wai SPEC(deeleigen)	1	719319	99.3705
Wah SPEC(deeleigen)	1	719320	99.3706
Waddinxveen SPEC(deeleigen)	1	719321	99.3707
Wadden SPEC(deeleigen)	1	719322	99.3709
Wadan SPEC(deeleigen)	1	719323	99.371
Wad SPEC(deeleigen)	1	719324	99.3712
Waal SPEC(deeleigen)	1	719325	99.3713
Waakwijk SPEC(deeleigen)	1	719326	99.3714
Waaat SPEC(deeleigen)	1	719327	99.3716
Waaaarggh SPEC(deeleigen)	1	719328	99.3717
Waaaaaat SPEC(deeleigen)	1	719329	99.3719
WaLe SPEC(deeleigen)	1	719330	99.372
WWW.brasserieappelmans.be SPEC(symb)	1	719331	99.3721
WWW SPEC(deeleigen)	1	719332	99.3723
WSC SPEC(deeleigen)	1	719333	99.3724
WOOHOO SPEC(deeleigen)	1	719334	99.3725
WO SPEC(deeleigen)	1	719335	99.3727
WK SPEC(deeleigen)	1	719336	99.3728
WJNMK SPEC(deeleigen)	1	719337	99.373
WILL SPEC(deeleigen)	1	719338	99.3731
WHORE SPEC(vreemd)	1	719339	99.3732
WEST SPEC(deeleigen)	1	719340	99.3734
WC-rolhouder SPEC(deeleigen)	1	719341	99.3735
WB SPEC(deeleigen)	1	719342	99.3736
WALKED SPEC(vreemd)	1	719343	99.3738
WAARSCHUWING SPEC(deeleigen)	1	719344	99.3739
WAAROM SPEC(deeleigen)	1	719345	99.3741
WAAAAUW SPEC(deeleigen)	1	719346	99.3742
WA SPEC(deeleigen)	1	719347	99.3743
VÃ¤ttern-meer SPEC(deeleigen)	1	719348	99.3745
VÃ¤rmland SPEC(deeleigen)	1	719349	99.3746
VvH SPEC(deeleigen)	1	719350	99.3748
Vuurspuwen SPEC(vreemd)	1	719351	99.3749
Vultures SPEC(deeleigen)	1	719352	99.375
Vughterstraat SPEC(deeleigen)	1	719353	99.3752
Vriezen SPEC(deeleigen)	1	719354	99.3753
VriendJE SPEC(deeleigen)	1	719355	99.3754
Vreedeplein SPEC(deeleigen)	1	719356	99.3756
Vredeplein SPEC(deeleigen)	1	719357	99.3757
Vr. SPEC(afk)	1	719358	99.3759
Voyage SPEC(vreemd)	1	719359	99.376
Vossenveld SPEC(deeleigen)	1	719360	99.3761
Vosje SPEC(deeleigen)	1	719361	99.3763
Voort SPEC(deeleigen)	1	719362	99.3764
Volterra SPEC(deeleigen)	1	719363	99.3766
Volkswagen SPEC(deeleigen)	1	719364	99.3767
Volkel SPEC(deeleigen)	1	719365	99.3768
Voicecontrol SPEC(deeleigen)	1	719366	99.377
Voetgolf SPEC(vreemd)	1	719367	99.3771
Voetbalkrant.com SPEC(symb)	1	719368	99.3772
Vo SPEC(deeleigen)	1	719369	99.3774
Vnv SPEC(vreemd)	1	719370	99.3775
Vnj SPEC(deeleigen)	1	719371	99.3777
Vlucht SPEC(deeleigen)	1	719372	99.3778
Vliet SPEC(deeleigen)	1	719373	99.3779
Vlasmarkt SPEC(deeleigen)	1	719374	99.3781
Vlaamse SPEC(deeleigen)	1	719375	99.3782
Vlaamsche SPEC(deeleigen)	1	719376	99.3783
Vivian SPEC(deeleigen)	1	719377	99.3785
Vitula SPEC(deeleigen)	1	719378	99.3786
Visum SPEC(deeleigen)	1	719379	99.3788
Visual SPEC(deeleigen)	1	719380	99.3789
Visscher SPEC(deeleigen)	1	719381	99.379
Vishandel SPEC(deeleigen)	1	719382	99.3792
Visa SPEC(deeleigen)	1	719383	99.3793
Virguine SPEC(deeleigen)	1	719384	99.3795
Violin SPEC(deeleigen)	1	719385	99.3796
Vinci SPEC(deeleigen)	1	719386	99.3797
Vince SPEC(deeleigen)	1	719387	99.3799
Vinayak SPEC(vreemd)	1	719388	99.38
Vin SPEC(deeleigen)	1	719389	99.3801
Village SPEC(deeleigen)	1	719390	99.3803
Viki SPEC(vreemd)	1	719391	99.3804
View SPEC(deeleigen)	1	719392	99.3806
Vierdaagse SPEC(deeleigen)	1	719393	99.3807
Vier SPEC(deeleigen)	1	719394	99.3808
Vienna SPEC(vreemd)	1	719395	99.381
Vida SPEC(deeleigen)	1	719396	99.3811
Victoire SPEC(vreemd)	1	719397	99.3812
Vico SPEC(deeleigen)	1	719398	99.3814
Vici-microfoon SPEC(deeleigen)	1	719399	99.3815
Vic SPEC(deeleigen)	1	719400	99.3817
Viavia SPEC(deeleigen)	1	719401	99.3818
Vianen SPEC(deeleigen)	1	719402	99.3819
Vezelay SPEC(deeleigen)	1	719403	99.3821
Veys SPEC(deeleigen)	1	719404	99.3822
Veul SPEC(vreemd)	1	719405	99.3824
Vettel SPEC(deeleigen)	1	719406	99.3825
Veto SPEC(deeleigen)	1	719407	99.3826
Vest SPEC(deeleigen)	1	719408	99.3828
Vesper SPEC(vreemd)	1	719409	99.3829
Verstand SPEC(deeleigen)	1	719410	99.383
Verre SPEC(deeleigen)	1	719411	99.3832
Veroniques SPEC(deeleigen)	1	719412	99.3833
Veronique SPEC(deeleigen)	1	719413	99.3835
Veronika SPEC(deeleigen)	1	719414	99.3836
Veronica SPEC(deeleigen)	1	719415	99.3837
Vernimmen SPEC(deeleigen)	1	719416	99.3839
Vermeersch SPEC(deeleigen)	1	719417	99.384
Verlinken SPEC(deeleigen)	1	719418	99.3841
Verjaardagskus SPEC(deeleigen)	1	719419	99.3843
Verjaardagskado SPEC(deeleigen)	1	719420	99.3844
Verboven SPEC(deeleigen)	1	719421	99.3846
Verbiest SPEC(deeleigen)	1	719422	99.3847
Veni SPEC(deeleigen)	1	719423	99.3848
VenetiÃ« SPEC(deeleigen)	1	719424	99.385
Veluwe SPEC(deeleigen)	1	719425	99.3851
Velserbroek SPEC(deeleigen)	1	719426	99.3853
Veldstraat SPEC(deeleigen)	1	719427	99.3854
Veldhoven SPEC(deeleigen)	1	719428	99.3855
Veghel SPEC(deeleigen)	1	719429	99.3857
VeT SPEC(deeleigen)	1	719430	99.3858
Vdab SPEC(deeleigen)	1	719431	99.3859
Vatos SPEC(deeleigen)	1	719432	99.3861
Varsha SPEC(vreemd)	1	719433	99.3862
Vanja SPEC(deeleigen)	1	719434	99.3864
Vanilla SPEC(deeleigen)	1	719435	99.3865
Vandepitte SPEC(deeleigen)	1	719436	99.3866
VandeWouw SPEC(deeleigen)	1	719437	99.3868
Vanav SPEC(deeleigen)	1	719438	99.3869
Vanaaf SPEC(vreemd)	1	719439	99.387
Vampire SPEC(vreemd)	1	719440	99.3872
Valentine's SPEC(deeleigen)	1	719441	99.3873
Valentine SPEC(deeleigen)	1	719442	99.3875
Valcea SPEC(vreemd)	1	719443	99.3876
Vaderdag SPEC(deeleigen)	1	719444	99.3877
VVH-Beach SPEC(deeleigen)	1	719445	99.3879
VVD SPEC(deeleigen)	1	719446	99.388
VSC SPEC(deeleigen)	1	719447	99.3882
VOF SPEC(deeleigen)	1	719448	99.3883
VIPruimte SPEC(deeleigen)	1	719449	99.3884
VI SPEC(deeleigen)	1	719450	99.3886
VED SPEC(deeleigen)	1	719451	99.3887
VARs SPEC(deeleigen)	1	719452	99.3888
Uyttenhove SPEC(deeleigen)	1	719453	99.389
Uxio SPEC(deeleigen)	1	719454	99.3891
UvT-medewerker SPEC(deeleigen)	1	719455	99.3893
Utreg SPEC(deeleigen)	1	719456	99.3894
Ut SPEC(deeleigen)	1	719457	99.3895
Urgh SPEC(deeleigen)	1	719458	99.3897
Upload SPEC(vreemd)	1	719459	99.3898
Update SPEC(deeleigen)	1	719460	99.39
Untill SPEC(deeleigen)	1	719461	99.3901
Unreal SPEC(deeleigen)	1	719462	99.3902
Uni SPEC(deeleigen)	1	719463	99.3904
Ungenau SPEC(deeleigen)	1	719464	99.3905
Unexpected SPEC(vreemd)	1	719465	99.3906
Unda SPEC(deeleigen)	1	719466	99.3908
Umleitung SPEC(deeleigen)	1	719467	99.3909
Umi SPEC(deeleigen)	1	719468	99.3911
Um SPEC(vreemd)	1	719469	99.3912
Ull SPEC(vreemd)	1	719470	99.3913
Uitzendburo SPEC(deeleigen)	1	719471	99.3915
Uil SPEC(deeleigen)	1	719472	99.3916
Uhuh SPEC(deeleigen)	1	719473	99.3917
Uhhu SPEC(deeleigen)	1	719474	99.3919
UTP SPEC(deeleigen)	1	719475	99.392
USBstick SPEC(deeleigen)	1	719476	99.3922
USA SPEC(deeleigen)	1	719477	99.3923
URL SPEC(deeleigen)	1	719478	99.3924
UNITED SPEC(deeleigen)	1	719479	99.3926
UK SPEC(vreemd)	1	719480	99.3927
U-town SPEC(deeleigen)	1	719481	99.3929
U-bahn SPEC(vreemd)	1	719482	99.393
Tzey SPEC(deeleigen)	1	719483	99.3931
Tze SPEC(deeleigen)	1	719484	99.3933
Tzal SPEC(vreemd)	1	719485	99.3934
Typical SPEC(vreemd)	1	719486	99.3935
Tyler SPEC(deeleigen)	1	719487	99.3937
Tycho SPEC(vreemd)	1	719488	99.3938
Tycho SPEC(deeleigen)	1	719489	99.394
Two SPEC(vreemd)	1	719490	99.3941
Tweer SPEC(deeleigen)	1	719491	99.3942
Tweemolentjeskade SPEC(deeleigen)	1	719492	99.3944
Twee SPEC(deeleigen)	1	719493	99.3945
Twas SPEC(deeleigen)	1	719494	99.3946
Twan SPEC(deeleigen)	1	719495	99.3948
Tvalt SPEC(deeleigen)	1	719496	99.3949
TvA SPEC(deeleigen)	1	719497	99.3951
Tuurlyk SPEC(vreemd)	1	719498	99.3952
Tuur SPEC(deeleigen)	1	719499	99.3953
Turtles SPEC(vreemd)	1	719500	99.3955
Turnhout SPEC(deeleigen)	1	719501	99.3956
Turks SPEC(deeleigen)	1	719502	99.3958
Turkije SPEC(deeleigen)	1	719503	99.3959
Turk SPEC(deeleigen)	1	719504	99.396
Tuk SPEC(deeleigen)	1	719505	99.3962
Tty SPEC(deeleigen)	1	719506	99.3963
Tsssssss SPEC(deeleigen)	1	719507	99.3964
Tssssss SPEC(vreemd)	1	719508	99.3966
Tssss SPEC(vreemd)	1	719509	99.3967
Tsss SPEC(deeleigen)	1	719510	99.3969
TsjechiÃ« SPEC(deeleigen)	1	719511	99.397
TrÃ¤ume SPEC(deeleigen)	1	719512	99.3971
Trws SPEC(deeleigen)	1	719513	99.3973
Trui SPEC(deeleigen)	1	719514	99.3974
Trudy SPEC(deeleigen)	1	719515	99.3975
Trojan SPEC(deeleigen)	1	719516	99.3977
Troelstra SPEC(deeleigen)	1	719517	99.3978
Trivial SPEC(vreemd)	1	719518	99.398
Trivial SPEC(deeleigen)	1	719519	99.3981
Triple SPEC(deeleigen)	1	719520	99.3982
Trinkgut SPEC(deeleigen)	1	719521	99.3984
Trein SPEC(deeleigen)	1	719522	99.3985
Traveler's SPEC(vreemd)	1	719523	99.3987
Travel SPEC(deeleigen)	1	719524	99.3988
Trash SPEC(deeleigen)	1	719525	99.3989
Transporten SPEC(deeleigen)	1	719526	99.3991
Trains SPEC(vreemd)	1	719527	99.3992
Train SPEC(deeleigen)	1	719528	99.3993
Traffic SPEC(vreemd)	1	719529	99.3995
Track SPEC(deeleigen)	1	719530	99.3996
Toy SPEC(vreemd)	1	719531	99.3998
Toy SPEC(deeleigen)	1	719532	99.3999
Towers SPEC(deeleigen)	1	719533	99.4
Tower SPEC(vreemd)	1	719534	99.4002
Tout SPEC(vreemd)	1	719535	99.4003
Tous SPEC(vreemd)	1	719536	99.4004
Tours SPEC(deeleigen)	1	719537	99.4006
Touring SPEC(deeleigen)	1	719538	99.4007
Tour SPEC(vreemd)	1	719539	99.4009
Totally SPEC(vreemd)	1	719540	99.401
Tot.woe.dan SPEC(deeleigen)	1	719541	99.4011
Tot SPEC(vreemd)	1	719542	99.4013
Torre SPEC(deeleigen)	1	719543	99.4014
Torhout SPEC(deeleigen)	1	719544	99.4016
Tooty SPEC(deeleigen)	1	719545	99.4017
Toodeloo SPEC(deeleigen)	1	719546	99.4018
Tony SPEC(deeleigen)	1	719547	99.402
Ton SPEC(deeleigen)	1	719548	99.4021
Tomo SPEC(deeleigen)	1	719549	99.4022
Tofu SPEC(deeleigen)	1	719550	99.4024
Toer SPEC(deeleigen)	1	719551	99.4025
Toelaat SPEC(deeleigen)	1	719552	99.4027
Today SPEC(deeleigen)	1	719553	99.4028
To SPEC(deeleigen)	1	719554	99.4029
Tleek SPEC(deeleigen)	1	719555	99.4031
Tjoc SPEC(deeleigen)	1	719556	99.4032
Tjits SPEC(deeleigen)	1	719557	99.4034
Tjalle SPEC(deeleigen)	1	719558	99.4035
Tjakaa SPEC(deeleigen)	1	719559	99.4036
Tiwaz SPEC(deeleigen)	1	719560	99.4038
Tit SPEC(deeleigen)	1	719561	99.4039
Tirol SPEC(deeleigen)	1	719562	99.404
Tiring SPEC(vreemd)	1	719563	99.4042
Tink SPEC(deeleigen)	1	719564	99.4043
Timo SPEC(vreemd)	1	719565	99.4045
Timmooooooooooooooooooooooooooooooos SPEC(deeleigen)	1	719566	99.4046
Time's SPEC(vreemd)	1	719567	99.4047
Timbl SPEC(deeleigen)	1	719568	99.4049
TimPa SPEC(deeleigen)	1	719569	99.405
Tillybilly SPEC(deeleigen)	1	719570	99.4051
Tilburgians SPEC(vreemd)	1	719571	99.4053
Tilburgers SPEC(deeleigen)	1	719572	99.4054
Tilburger SPEC(deeleigen)	1	719573	99.4056
Tilbo-zender SPEC(deeleigen)	1	719574	99.4057
Til SPEC(deeleigen)	1	719575	99.4058
Tijd SPEC(deeleigen)	1	719576	99.406
Tiger SPEC(deeleigen)	1	719577	99.4061
Tiff SPEC(deeleigen)	1	719578	99.4063
Ties SPEC(deeleigen)	1	719579	99.4064
Tiens SPEC(vreemd)	1	719580	99.4065
Tiemen SPEC(deeleigen)	1	719581	99.4067
Tielt SPEC(deeleigen)	1	719582	99.4068
Tia SPEC(deeleigen)	1	719583	99.4069
Thuuh SPEC(deeleigen)	1	719584	99.4071
Thunderbolt SPEC(vreemd)	1	719585	99.4072
Thunderbird SPEC(deeleigen)	1	719586	99.4074
Thoughts SPEC(vreemd)	1	719587	99.4075
Thiers SPEC(deeleigen)	1	719588	99.4076
Thi SPEC(deeleigen)	1	719589	99.4078
Thesis SPEC(deeleigen)	1	719590	99.4079
Thermodynamica SPEC(vreemd)	1	719591	99.408
Thermodynamica SPEC(deeleigen)	1	719592	99.4082
Theres SPEC(vreemd)	1	719593	99.4083
Theory SPEC(deeleigen)	1	719594	99.4085
Thekla SPEC(vreemd)	1	719595	99.4086
Thekla SPEC(deeleigen)	1	719596	99.4087
Thea's SPEC(deeleigen)	1	719597	99.4089
Thea SPEC(deeleigen)	1	719598	99.409
TheBeautyAndTheNerd SPEC(vreemd)	1	719599	99.4092
Thankz SPEC(deeleigen)	1	719600	99.4093
Thamel SPEC(deeleigen)	1	719601	99.4094
Thakkar SPEC(deeleigen)	1	719602	99.4096
Thaha SPEC(deeleigen)	1	719603	99.4097
Tging SPEC(deeleigen)	1	719604	99.4098
Text SPEC(deeleigen)	1	719605	99.41
Texel SPEC(deeleigen)	1	719606	99.4101
Tetris SPEC(deeleigen)	1	719607	99.4103
Tessa's SPEC(deeleigen)	1	719608	99.4104
Tervuursestraat SPEC(deeleigen)	1	719609	99.4105
Terminal SPEC(deeleigen)	1	719610	99.4107
Tenk SPEC(deeleigen)	1	719611	99.4108
Tenacious SPEC(deeleigen)	1	719612	99.4109
Ten-ish SPEC(vreemd)	1	719613	99.4111
Tempo SPEC(deeleigen)	1	719614	99.4112
Tempelier SPEC(deeleigen)	1	719615	99.4114
Telegraaf SPEC(deeleigen)	1	719616	99.4115
Teas SPEC(deeleigen)	1	719617	99.4116
Team SPEC(vreemd)	1	719618	99.4118
Tchaikovsky SPEC(deeleigen)	1	719619	99.4119
Tburg SPEC(deeleigen)	1	719620	99.4121
Tau SPEC(deeleigen)	1	719621	99.4122
Tatanus SPEC(deeleigen)	1	719622	99.4123
Taste SPEC(vreemd)	1	719623	99.4125
Tanthof SPEC(deeleigen)	1	719624	99.4126
Tango SPEC(deeleigen)	1	719625	99.4127
Tamme SPEC(deeleigen)	1	719626	99.4129
Tamara SPEC(deeleigen)	1	719627	99.413
Talented SPEC(vreemd)	1	719628	99.4132
Tak SPEC(deeleigen)	1	719629	99.4133
Tag SPEC(vreemd)	1	719630	99.4134
Tack SPEC(deeleigen)	1	719631	99.4136
TYP SPEC(deeleigen)	1	719632	99.4137
TX SPEC(symb)	1	719633	99.4138
TWBA SPEC(deeleigen)	1	719634	99.414
TVproductie SPEC(deeleigen)	1	719635	99.4141
TU-wijk SPEC(deeleigen)	1	719636	99.4143
TT SPEC(symb)	1	719637	99.4144
TT SPEC(deeleigen)	1	719638	99.4145
TS SPEC(deeleigen)	1	719639	99.4147
TPC's SPEC(deeleigen)	1	719640	99.4148
TODO's SPEC(deeleigen)	1	719641	99.415
TNT SPEC(deeleigen)	1	719642	99.4151
TNO-terrein SPEC(deeleigen)	1	719643	99.4152
TMobile SPEC(deeleigen)	1	719644	99.4154
TIS SPEC(deeleigen)	1	719645	99.4155
THEUSUALSUSPECTS SPEC(deeleigen)	1	719646	99.4156
THE SPEC(vreemd)	1	719647	99.4158
TC SPEC(deeleigen)	1	719648	99.4159
TB SPEC(deeleigen)	1	719649	99.4161
T.C. SPEC(symb)	1	719650	99.4162
T-zuid SPEC(deeleigen)	1	719651	99.4163
T-mobile SPEC(deeleigen)	1	719652	99.4165
SÃ¼sse SPEC(deeleigen)	1	719653	99.4166
SÃ¼den SPEC(vreemd)	1	719654	99.4168
Szimpla SPEC(vreemd)	1	719655	99.4169
Szimpla SPEC(deeleigen)	1	719656	99.417
Szilagyi SPEC(deeleigen)	1	719657	99.4172
Sziget SPEC(deeleigen)	1	719658	99.4173
System SPEC(vreemd)	1	719659	99.4174
Symbian SPEC(deeleigen)	1	719660	99.4176
Sylvia SPEC(deeleigen)	1	719661	99.4177
Sybo's SPEC(deeleigen)	1	719662	99.4179
Syb SPEC(deeleigen)	1	719663	99.418
Swoon SPEC(deeleigen)	1	719664	99.4181
Swissair SPEC(deeleigen)	1	719665	99.4183
Swing SPEC(deeleigen)	1	719666	99.4184
Swift SPEC(deeleigen)	1	719667	99.4185
Sweden SPEC(deeleigen)	1	719668	99.4187
Sweat SPEC(deeleigen)	1	719669	99.4188
Swank SPEC(deeleigen)	1	719670	99.419
Suusj SPEC(deeleigen)	1	719671	99.4191
Surprise SPEC(vreemd)	1	719672	99.4192
Suriname SPEC(deeleigen)	1	719673	99.4194
Supertux SPEC(deeleigen)	1	719674	99.4195
Superdry SPEC(vreemd)	1	719675	99.4197
Superdikke SPEC(deeleigen)	1	719676	99.4198
Superartikel SPEC(deeleigen)	1	719677	99.4199
SuperTux SPEC(deeleigen)	1	719678	99.4201
Super SPEC(vreemd)	1	719679	99.4202
Sunset SPEC(vreemd)	1	719680	99.4203
Summeren SPEC(deeleigen)	1	719681	99.4205
Sultan SPEC(deeleigen)	1	719682	99.4206
Sugar SPEC(deeleigen)	1	719683	99.4208
Succeskus SPEC(deeleigen)	1	719684	99.4209
Su SPEC(deeleigen)	1	719685	99.421
Stuttgart SPEC(deeleigen)	1	719686	99.4212
Stufkens SPEC(deeleigen)	1	719687	99.4213
Studentenov SPEC(deeleigen)	1	719688	99.4214
Student SPEC(vreemd)	1	719689	99.4216
Stu SPEC(deeleigen)	1	719690	99.4217
Struin SPEC(deeleigen)	1	719691	99.4219
StructuurCie SPEC(deeleigen)	1	719692	99.422
Structure SPEC(vreemd)	1	719693	99.4221
Stressssss SPEC(deeleigen)	1	719694	99.4223
Streetview SPEC(deeleigen)	1	719695	99.4224
Streets SPEC(vreemd)	1	719696	99.4226
Streel SPEC(deeleigen)	1	719697	99.4227
Story SPEC(deeleigen)	1	719698	99.4228
Storme SPEC(deeleigen)	1	719699	99.423
Stoptrein SPEC(deeleigen)	1	719700	99.4231
Stoploss SPEC(vreemd)	1	719701	99.4232
Stones SPEC(deeleigen)	1	719702	99.4234
Stoepa SPEC(deeleigen)	1	719703	99.4235
Sting SPEC(deeleigen)	1	719704	99.4237
Stille SPEC(deeleigen)	1	719705	99.4238
Stig's SPEC(deeleigen)	1	719706	99.4239
Stier SPEC(deeleigen)	1	719707	99.4241
Stientje SPEC(deeleigen)	1	719708	99.4242
Stienstra SPEC(deeleigen)	1	719709	99.4243
Steyaert SPEC(deeleigen)	1	719710	99.4245
Stevenzandsestraat SPEC(deeleigen)	1	719711	99.4246
Steunkous SPEC(deeleigen)	1	719712	99.4248
Stephen SPEC(deeleigen)	1	719713	99.4249
Stelebos SPEC(deeleigen)	1	719714	99.425
Stekkie SPEC(deeleigen)	1	719715	99.4252
Stein SPEC(deeleigen)	1	719716	99.4253
Steffi SPEC(deeleigen)	1	719717	99.4255
Steen SPEC(deeleigen)	1	719718	99.4256
Stayokay SPEC(deeleigen)	1	719719	99.4257
Stau SPEC(vreemd)	1	719720	99.4259
Station SPEC(deeleigen)	1	719721	99.426
Starting SPEC(vreemd)	1	719722	99.4261
Startbbq SPEC(deeleigen)	1	719723	99.4263
Stapel SPEC(deeleigen)	1	719724	99.4264
Stanford SPEC(deeleigen)	1	719725	99.4266
Stan SPEC(deeleigen)	1	719726	99.4267
Stalles SPEC(deeleigen)	1	719727	99.4268
Stadspark SPEC(deeleigen)	1	719728	99.427
Stadsk SPEC(deeleigen)	1	719729	99.4271
Staats SPEC(deeleigen)	1	719730	99.4272
St-Pere SPEC(deeleigen)	1	719731	99.4274
Sry SPEC(vreemd)	1	719732	99.4275
Sry SPEC(deeleigen)	1	719733	99.4277
Srry SPEC(vreemd)	1	719734	99.4278
Srry SPEC(deeleigen)	1	719735	99.4279
Spyker SPEC(deeleigen)	1	719736	99.4281
Springsteen SPEC(deeleigen)	1	719737	99.4282
Springbreak SPEC(vreemd)	1	719738	99.4284
Springbreak SPEC(deeleigen)	1	719739	99.4285
Spring SPEC(deeleigen)	1	719740	99.4286
Spotify.com SPEC(symb)	1	719741	99.4288
Sporza SPEC(deeleigen)	1	719742	99.4289
Sportiom SPEC(deeleigen)	1	719743	99.429
Sport SPEC(deeleigen)	1	719744	99.4292
Spoor SPEC(deeleigen)	1	719745	99.4293
Spongebob SPEC(vreemd)	1	719746	99.4295
Spinaci SPEC(deeleigen)	1	719747	99.4296
Spijkers SPEC(deeleigen)	1	719748	99.4297
Spijker SPEC(deeleigen)	1	719749	99.4299
Spijkenisse SPEC(deeleigen)	1	719750	99.43
Spijk SPEC(deeleigen)	1	719751	99.4302
Spielburg SPEC(vreemd)	1	719752	99.4303
Spielberg SPEC(deeleigen)	1	719753	99.4304
Spelen SPEC(deeleigen)	1	719754	99.4306
Speedo SPEC(deeleigen)	1	719755	99.4307
Speed SPEC(vreemd)	1	719756	99.4308
Speeches SPEC(deeleigen)	1	719757	99.431
Speech SPEC(vreemd)	1	719758	99.4311
Speaks SPEC(vreemd)	1	719759	99.4313
Speakers SPEC(deeleigen)	1	719760	99.4314
Spass SPEC(vreemd)	1	719761	99.4315
Sparks SPEC(deeleigen)	1	719762	99.4317
Spanned SPEC(vreemd)	1	719763	99.4318
Spaarkas SPEC(deeleigen)	1	719764	99.4319
Spa SPEC(deeleigen)	1	719765	99.4321
Soziales SPEC(vreemd)	1	719766	99.4322
Sow SPEC(vreemd)	1	719767	99.4324
Southampton SPEC(deeleigen)	1	719768	99.4325
South SPEC(deeleigen)	1	719769	99.4326
Source SPEC(vreemd)	1	719770	99.4328
Souplounge SPEC(deeleigen)	1	719771	99.4329
Soundsystem SPEC(deeleigen)	1	719772	99.4331
Soundos SPEC(deeleigen)	1	719773	99.4332
Sound SPEC(vreemd)	1	719774	99.4333
Sound SPEC(deeleigen)	1	719775	99.4335
Sory SPEC(deeleigen)	1	719776	99.4336
Sort SPEC(vreemd)	1	719777	99.4337
Sorrysorry SPEC(deeleigen)	1	719778	99.4339
Sorrx SPEC(deeleigen)	1	719779	99.434
Sorpigal SPEC(deeleigen)	1	719780	99.4342
Sophie's SPEC(deeleigen)	1	719781	99.4343
Sonsbeek SPEC(deeleigen)	1	719782	99.4344
Songfestival SPEC(deeleigen)	1	719783	99.4346
Son SPEC(deeleigen)	1	719784	99.4347
Sometime SPEC(vreemd)	1	719785	99.4348
Somers SPEC(deeleigen)	1	719786	99.435
Somebody SPEC(vreemd)	1	719787	99.4351
Sombrero SPEC(deeleigen)	1	719788	99.4353
Sombero SPEC(deeleigen)	1	719789	99.4354
Somashekara SPEC(vreemd)	1	719790	99.4355
Soldaat SPEC(deeleigen)	1	719791	99.4357
Solar SPEC(vreemd)	1	719792	99.4358
Solapur SPEC(deeleigen)	1	719793	99.436
Soit SPEC(vreemd)	1	719794	99.4361
Sogeti SPEC(deeleigen)	1	719795	99.4362
Software SPEC(vreemd)	1	719796	99.4364
Softballijnen SPEC(deeleigen)	1	719797	99.4365
Sofia SPEC(deeleigen)	1	719798	99.4366
Soerijadi SPEC(deeleigen)	1	719799	99.4368
Soeriadie SPEC(deeleigen)	1	719800	99.4369
SoNaR SPEC(deeleigen)	1	719801	99.4371
So SPEC(deeleigen)	1	719802	99.4372
Snuggle-snuggle SPEC(deeleigen)	1	719803	99.4373
Snookie SPEC(deeleigen)	1	719804	99.4375
Snol SPEC(deeleigen)	1	719805	99.4376
Snix SPEC(deeleigen)	1	719806	99.4377
Sneaky SPEC(vreemd)	1	719807	99.4379
Snakes SPEC(vreemd)	1	719808	99.438
Smyt SPEC(deeleigen)	1	719809	99.4382
Smoke SPEC(vreemd)	1	719810	99.4383
Smakkkk SPEC(deeleigen)	1	719811	99.4384
Sluutjes.to SPEC(symb)	1	719812	99.4386
Slu SPEC(deeleigen)	1	719813	99.4387
Slowakije SPEC(deeleigen)	1	719814	99.4389
Slovenie SPEC(deeleigen)	1	719815	99.439
Sloef SPEC(deeleigen)	1	719816	99.4391
Slobbe SPEC(deeleigen)	1	719817	99.4393
Sliep SPEC(deeleigen)	1	719818	99.4394
Sleep SPEC(deeleigen)	1	719819	99.4395
Slavenkoor SPEC(deeleigen)	1	719820	99.4397
Slappen SPEC(deeleigen)	1	719821	99.4398
Slagerij SPEC(deeleigen)	1	719822	99.44
Slaapwelkus SPEC(deeleigen)	1	719823	99.4401
Slaapmuts SPEC(vreemd)	1	719824	99.4402
Skyrim SPEC(deeleigen)	1	719825	99.4404
Skypie SPEC(deeleigen)	1	719826	99.4405
Skypen SPEC(deeleigen)	1	719827	99.4407
Skype SPEC(vreemd)	1	719828	99.4408
Skippy SPEC(deeleigen)	1	719829	99.4409
Skattie SPEC(vreemd)	1	719830	99.4411
SkarsgÃ¥rds SPEC(deeleigen)	1	719831	99.4412
Skaajp SPEC(deeleigen)	1	719832	99.4413
Sjttt SPEC(deeleigen)	1	719833	99.4415
Sjrlt SPEC(deeleigen)	1	719834	99.4416
Sjorlot SPEC(deeleigen)	1	719835	99.4418
Sjite SPEC(deeleigen)	1	719836	99.4419
Sjef SPEC(deeleigen)	1	719837	99.442
Sjeeeiiiiitttt SPEC(deeleigen)	1	719838	99.4422
Sja SPEC(deeleigen)	1	719839	99.4423
Six SPEC(deeleigen)	1	719840	99.4424
Sioux SPEC(deeleigen)	1	719841	99.4426
Sion SPEC(vreemd)	1	719842	99.4427
Sinterklaaspuzzel SPEC(deeleigen)	1	719843	99.4429
Sint-Baafsplein SPEC(deeleigen)	1	719844	99.443
Sinkel SPEC(deeleigen)	1	719845	99.4431
Singstarmadness SPEC(deeleigen)	1	719846	99.4433
Singstar SPEC(deeleigen)	1	719847	99.4434
Sincerely SPEC(vreemd)	1	719848	99.4436
Since SPEC(vreemd)	1	719849	99.4437
Sin SPEC(deeleigen)	1	719850	99.4438
Simpelveld SPEC(deeleigen)	1	719851	99.444
SimS SPEC(deeleigen)	1	719852	99.4441
Sim SPEC(deeleigen)	1	719853	99.4442
Silvio SPEC(deeleigen)	1	719854	99.4444
Silvia SPEC(deeleigen)	1	719855	99.4445
Silvasy SPEC(deeleigen)	1	719856	99.4447
Silly SPEC(deeleigen)	1	719857	99.4448
Silke SPEC(deeleigen)	1	719858	99.4449
Silent SPEC(vreemd)	1	719859	99.4451
Silence SPEC(vreemd)	1	719860	99.4452
Sil SPEC(deeleigen)	1	719861	99.4453
Sijssele SPEC(deeleigen)	1	719862	99.4455
Sights SPEC(deeleigen)	1	719863	99.4456
Sigh SPEC(deeleigen)	1	719864	99.4458
Sienna SPEC(deeleigen)	1	719865	99.4459
Siem SPEC(deeleigen)	1	719866	99.446
Siebe SPEC(deeleigen)	1	719867	99.4462
Sie SPEC(vreemd)	1	719868	99.4463
Side SPEC(vreemd)	1	719869	99.4465
Sid SPEC(deeleigen)	1	719870	99.4466
Sicko SPEC(deeleigen)	1	719871	99.4467
Shouwert SPEC(deeleigen)	1	719872	99.4469
Shouldnt SPEC(vreemd)	1	719873	99.447
Shot SPEC(vreemd)	1	719874	99.4471
Short SPEC(vreemd)	1	719875	99.4473
Shopke SPEC(deeleigen)	1	719876	99.4474
Shop SPEC(deeleigen)	1	719877	99.4476
Shooter SPEC(deeleigen)	1	719878	99.4477
Shocking SPEC(vreemd)	1	719879	99.4478
Shock SPEC(deeleigen)	1	719880	99.448
Shmoezel SPEC(deeleigen)	1	719881	99.4481
Shivaji SPEC(deeleigen)	1	719882	99.4482
Shittyness SPEC(vreemd)	1	719883	99.4484
Shirley SPEC(deeleigen)	1	719884	99.4485
Shipoopi SPEC(deeleigen)	1	719885	99.4487
Shiny SPEC(vreemd)	1	719886	99.4488
Shiny SPEC(deeleigen)	1	719887	99.4489
Sheldon SPEC(deeleigen)	1	719888	99.4491
Sharpe SPEC(deeleigen)	1	719889	99.4492
Share-mail SPEC(deeleigen)	1	719890	99.4494
Shame SPEC(vreemd)	1	719891	99.4495
Shall SPEC(vreemd)	1	719892	99.4496
Shaketime SPEC(vreemd)	1	719893	99.4498
Shakespeare SPEC(vreemd)	1	719894	99.4499
Sgoed SPEC(deeleigen)	1	719895	99.45
Sexy SPEC(vreemd)	1	719896	99.4502
Sex SPEC(vreemd)	1	719897	99.4503
Several SPEC(vreemd)	1	719898	99.4505
Sessions SPEC(vreemd)	1	719899	99.4506
ServiÃ« SPEC(deeleigen)	1	719900	99.4507
Services SPEC(vreemd)	1	719901	99.4509
Serra SPEC(deeleigen)	1	719902	99.451
Serj SPEC(deeleigen)	1	719903	99.4511
Serais SPEC(vreemd)	1	719904	99.4513
Sera SPEC(vreemd)	1	719905	99.4514
Sephardic SPEC(vreemd)	1	719906	99.4516
Sensis SPEC(deeleigen)	1	719907	99.4517
Sens SPEC(vreemd)	1	719908	99.4518
Seni SPEC(deeleigen)	1	719909	99.452
Senaatzaal SPEC(deeleigen)	1	719910	99.4521
Semi-snel SPEC(vreemd)	1	719911	99.4523
Sein SPEC(deeleigen)	1	719912	99.4524
Seg SPEC(deeleigen)	1	719913	99.4525
Seen SPEC(vreemd)	1	719914	99.4527
Seeing SPEC(vreemd)	1	719915	99.4528
Seeger SPEC(vreemd)	1	719916	99.4529
Seedorf SPEC(deeleigen)	1	719917	99.4531
Secret SPEC(vreemd)	1	719918	99.4532
Sebas SPEC(deeleigen)	1	719919	99.4534
Sea SPEC(vreemd)	1	719920	99.4535
Scriptieq SPEC(deeleigen)	1	719921	99.4536
Scrabble-woord SPEC(deeleigen)	1	719922	99.4538
Schwester SPEC(deeleigen)	1	719923	99.4539
Schumacher SPEC(deeleigen)	1	719924	99.4541
Schtudie SPEC(deeleigen)	1	719925	99.4542
Schroeder SPEC(deeleigen)	1	719926	99.4543
Schrijfwijzer SPEC(deeleigen)	1	719927	99.4545
Schreuder SPEC(deeleigen)	1	719928	99.4546
Schrandere SPEC(deeleigen)	1	719929	99.4547
Schotten SPEC(deeleigen)	1	719930	99.4549
Schotenees SPEC(deeleigen)	1	719931	99.455
Schoot SPEC(deeleigen)	1	719932	99.4552
Schoonenberg SPEC(deeleigen)	1	719933	99.4553
Schoonbro SPEC(deeleigen)	1	719934	99.4554
Schon SPEC(deeleigen)	1	719935	99.4556
Schollen SPEC(deeleigen)	1	719936	99.4557
Schmalholz SPEC(vreemd)	1	719937	99.4558
Schilde SPEC(deeleigen)	1	719938	99.456
Schijfstraat SPEC(deeleigen)	1	719939	99.4561
Schellekens SPEC(deeleigen)	1	719940	99.4563
Schate SPEC(vreemd)	1	719941	99.4564
Schapos SPEC(deeleigen)	1	719942	99.4565
Schapke SPEC(deeleigen)	1	719943	99.4567
Schaarsbergen SPEC(deeleigen)	1	719944	99.4568
Schaap SPEC(deeleigen)	1	719945	99.457
Saul SPEC(deeleigen)	1	719946	99.4571
Sas SPEC(deeleigen)	1	719947	99.4572
Sarie SPEC(deeleigen)	1	719948	99.4574
Sardinie SPEC(deeleigen)	1	719949	99.4575
Saraswat SPEC(deeleigen)	1	719950	99.4576
Saphire SPEC(vreemd)	1	719951	99.4578
SantÃ© SPEC(deeleigen)	1	719952	99.4579
Sanquin SPEC(deeleigen)	1	719953	99.4581
Sanex SPEC(deeleigen)	1	719954	99.4582
Sandrines SPEC(vreemd)	1	719955	99.4583
Sanders SPEC(deeleigen)	1	719956	99.4585
Sandeep SPEC(deeleigen)	1	719957	99.4586
Samurai SPEC(deeleigen)	1	719958	99.4587
Samos SPEC(deeleigen)	1	719959	99.4589
Sammy SPEC(deeleigen)	1	719960	99.459
Samedi SPEC(deeleigen)	1	719961	99.4592
Sambuca SPEC(deeleigen)	1	719962	99.4593
Salzburg SPEC(deeleigen)	1	719963	99.4594
Salut SPEC(vreemd)	1	719964	99.4596
Salix SPEC(vreemd)	1	719965	99.4597
Sale SPEC(deeleigen)	1	719966	99.4599
Sainte-Catherine SPEC(deeleigen)	1	719967	99.46
Saint-BarthÃ©lemy SPEC(deeleigen)	1	719968	99.4601
Saimah SPEC(deeleigen)	1	719969	99.4603
Safe SPEC(deeleigen)	1	719970	99.4604
Safari SPEC(deeleigen)	1	719971	99.4605
Saerkin SPEC(deeleigen)	1	719972	99.4607
Sacre SPEC(vreemd)	1	719973	99.4608
Saario SPEC(vreemd)	1	719974	99.461
Saab SPEC(deeleigen)	1	719975	99.4611
SW SPEC(deeleigen)	1	719976	99.4612
SV SPEC(deeleigen)	1	719977	99.4614
SUPERNICE SPEC(deeleigen)	1	719978	99.4615
SUPER SPEC(vreemd)	1	719979	99.4616
SUPER SPEC(deeleigen)	1	719980	99.4618
STORE SPEC(deeleigen)	1	719981	99.4619
STOND SPEC(deeleigen)	1	719982	99.4621
STEM SPEC(deeleigen)	1	719983	99.4622
START SPEC(deeleigen)	1	719984	99.4623
ST SPEC(deeleigen)	1	719985	99.4625
SS SPEC(deeleigen)	1	719986	99.4626
SPC SPEC(deeleigen)	1	719987	99.4628
SORRY SPEC(deeleigen)	1	719988	99.4629
SNS SPEC(deeleigen)	1	719989	99.463
SNL SPEC(deeleigen)	1	719990	99.4632
SNEEUWBALLENGEVECHT SPEC(deeleigen)	1	719991	99.4633
SMK SPEC(deeleigen)	1	719992	99.4634
SMAK SPEC(deeleigen)	1	719993	99.4636
SLs SPEC(vreemd)	1	719994	99.4637
SLO SPEC(deeleigen)	1	719995	99.4639
SL SPEC(deeleigen)	1	719996	99.464
SKI SPEC(vreemd)	1	719997	99.4641
SHOT SPEC(deeleigen)	1	719998	99.4643
SHINEN SPEC(deeleigen)	1	719999	99.4644
SGV SPEC(deeleigen)	1	720000	99.4645
SF SPEC(deeleigen)	1	720001	99.4647
SBM SPEC(deeleigen)	1	720002	99.4648
SATA SPEC(deeleigen)	1	720003	99.465
SAP SPEC(deeleigen)	1	720004	99.4651
SA SPEC(deeleigen)	1	720005	99.4652
RÃ»tgÄr SPEC(vreemd)	1	720006	99.4654
Rye SPEC(vreemd)	1	720007	99.4655
Ryckevelde SPEC(deeleigen)	1	720008	99.4657
Ryanair SPEC(deeleigen)	1	720009	99.4658
Rvc SPEC(deeleigen)	1	720010	99.4659
Rva SPEC(deeleigen)	1	720011	99.4661
RvC SPEC(deeleigen)	1	720012	99.4662
Ruyterweg SPEC(deeleigen)	1	720013	99.4663
Rutte SPEC(deeleigen)	1	720014	99.4665
Rutgers SPEC(deeleigen)	1	720015	99.4666
Rut SPEC(vreemd)	1	720016	99.4668
Russel SPEC(deeleigen)	1	720017	99.4669
Rus SPEC(deeleigen)	1	720018	99.467
Running SPEC(deeleigen)	1	720019	99.4672
Rummi SPEC(deeleigen)	1	720020	99.4673
Rum SPEC(deeleigen)	1	720021	99.4675
Ruiz SPEC(deeleigen)	1	720022	99.4676
Rue SPEC(deeleigen)	1	720023	99.4677
Rudiboy SPEC(deeleigen)	1	720024	99.4679
Rudebox SPEC(vreemd)	1	720025	99.468
Rubin SPEC(deeleigen)	1	720026	99.4681
Rubbie SPEC(deeleigen)	1	720027	99.4683
Ru SPEC(deeleigen)	1	720028	99.4684
Rs SPEC(deeleigen)	1	720029	99.4686
Rozier SPEC(deeleigen)	1	720030	99.4687
Rozenstraat SPEC(deeleigen)	1	720031	99.4688
Roze SPEC(deeleigen)	1	720032	99.469
Rouge SPEC(vreemd)	1	720033	99.4691
Rouck SPEC(deeleigen)	1	720034	99.4692
Rottnan SPEC(deeleigen)	1	720035	99.4694
Roti SPEC(deeleigen)	1	720036	99.4695
Roswitha SPEC(deeleigen)	1	720037	99.4697
Rosmalen SPEC(deeleigen)	1	720038	99.4698
Roskilde SPEC(deeleigen)	1	720039	99.4699
Rosebier(a) SPEC(deeleigen)	1	720040	99.4701
Rosanna SPEC(deeleigen)	1	720041	99.4702
Rooyen SPEC(deeleigen)	1	720042	99.4704
Rooty SPEC(deeleigen)	1	720043	99.4705
Roosmarijn SPEC(deeleigen)	1	720044	99.4706
Roose SPEC(deeleigen)	1	720045	99.4708
Ronse SPEC(deeleigen)	1	720046	99.4709
Romy SPEC(deeleigen)	1	720047	99.471
Romcom SPEC(deeleigen)	1	720048	99.4712
Rom SPEC(deeleigen)	1	720049	99.4713
Rolsbeef SPEC(deeleigen)	1	720050	99.4715
Roi SPEC(deeleigen)	1	720051	99.4716
Rogier SPEC(deeleigen)	1	720052	99.4717
Roffa SPEC(deeleigen)	1	720053	99.4719
Roer SPEC(deeleigen)	1	720054	99.472
Roemeense SPEC(deeleigen)	1	720055	99.4721
Roelvink SPEC(deeleigen)	1	720056	99.4723
Roelandje SPEC(deeleigen)	1	720057	99.4724
Roeland SPEC(deeleigen)	1	720058	99.4726
Rodrico SPEC(deeleigen)	1	720059	99.4727
Rodez SPEC(deeleigen)	1	720060	99.4728
Rocket SPEC(deeleigen)	1	720061	99.473
Robso SPEC(vreemd)	1	720062	99.4731
Robots SPEC(vreemd)	1	720063	99.4733
Robinson SPEC(deeleigen)	1	720064	99.4734
Robben SPEC(deeleigen)	1	720065	99.4735
Rob's SPEC(deeleigen)	1	720066	99.4737
Rlx SPEC(deeleigen)	1	720067	99.4738
Rkc-nec SPEC(deeleigen)	1	720068	99.4739
Riva SPEC(deeleigen)	1	720069	99.4741
Ritchy SPEC(vreemd)	1	720070	99.4742
Rita SPEC(deeleigen)	1	720071	99.4744
Ristorante SPEC(deeleigen)	1	720072	99.4745
Rishika SPEC(vreemd)	1	720073	99.4746
Rini SPEC(deeleigen)	1	720074	99.4748
Ringo SPEC(deeleigen)	1	720075	99.4749
Ring SPEC(deeleigen)	1	720076	99.475
Rikki SPEC(deeleigen)	1	720077	99.4752
Rijwielen SPEC(deeleigen)	1	720078	99.4753
Rijnmondnet SPEC(deeleigen)	1	720079	99.4755
Riiight SPEC(vreemd)	1	720080	99.4756
Right SPEC(deeleigen)	1	720081	99.4757
Riga SPEC(deeleigen)	1	720082	99.4759
Riezebos SPEC(deeleigen)	1	720083	99.476
Rider SPEC(deeleigen)	1	720084	99.4762
Ridder SPEC(deeleigen)	1	720085	99.4763
Richelieu SPEC(deeleigen)	1	720086	99.4764
Richards SPEC(deeleigen)	1	720087	99.4766
Rhymz SPEC(deeleigen)	1	720088	99.4767
Rhune SPEC(deeleigen)	1	720089	99.4768
Rhee SPEC(deeleigen)	1	720090	99.477
Reynier SPEC(deeleigen)	1	720091	99.4771
Reykjavik SPEC(deeleigen)	1	720092	99.4773
ReyBen SPEC(deeleigen)	1	720093	99.4774
Rex SPEC(deeleigen)	1	720094	99.4775
RevieElaba SPEC(deeleigen)	1	720095	99.4777
Retecool SPEC(vreemd)	1	720096	99.4778
Restrepo SPEC(deeleigen)	1	720097	99.4779
Resistance SPEC(vreemd)	1	720098	99.4781
Resident SPEC(deeleigen)	1	720099	99.4782
Renni SPEC(vreemd)	1	720100	99.4784
Renkema SPEC(deeleigen)	1	720101	99.4785
Renk SPEC(deeleigen)	1	720102	99.4786
Reni SPEC(vreemd)	1	720103	99.4788
Renesse SPEC(deeleigen)	1	720104	99.4789
Reneekeee SPEC(deeleigen)	1	720105	99.4791
Rene SPEC(deeleigen)	1	720106	99.4792
Renate SPEC(deeleigen)	1	720107	99.4793
Remmie SPEC(deeleigen)	1	720108	99.4795
Reita SPEC(vreemd)	1	720109	99.4796
Reintjan SPEC(deeleigen)	1	720110	99.4797
Reinout SPEC(deeleigen)	1	720111	99.4799
Reinaert SPEC(deeleigen)	1	720112	99.48
Refresh SPEC(vreemd)	1	720113	99.4802
Reflection SPEC(deeleigen)	1	720114	99.4803
Reeshof SPEC(deeleigen)	1	720115	99.4804
Red SPEC(vreemd)	1	720116	99.4806
Rectoraat SPEC(deeleigen)	1	720117	99.4807
Recognition SPEC(vreemd)	1	720118	99.4809
Rechtenkantine SPEC(deeleigen)	1	720119	99.481
Reborn SPEC(vreemd)	1	720120	99.4811
Rebecca SPEC(deeleigen)	1	720121	99.4813
Realy SPEC(vreemd)	1	720122	99.4814
Reading SPEC(deeleigen)	1	720123	99.4815
Rdam SPEC(deeleigen)	1	720124	99.4817
Rdaal SPEC(deeleigen)	1	720125	99.4818
Raving SPEC(deeleigen)	1	720126	99.482
Rattus SPEC(deeleigen)	1	720127	99.4821
Rat SPEC(vreemd)	1	720128	99.4822
Rashmi SPEC(vreemd)	1	720129	99.4824
Rash SPEC(vreemd)	1	720130	99.4825
RapidShare SPEC(deeleigen)	1	720131	99.4826
Raphael SPEC(deeleigen)	1	720132	99.4828
Ranjabaas SPEC(deeleigen)	1	720133	99.4829
Randstadrail SPEC(deeleigen)	1	720134	99.4831
Rampelberg SPEC(deeleigen)	1	720135	99.4832
Ramona SPEC(deeleigen)	1	720136	99.4833
Ramnicu SPEC(vreemd)	1	720137	99.4835
Rallycrash SPEC(deeleigen)	1	720138	99.4836
Rakoczi SPEC(deeleigen)	1	720139	99.4838
Rain SPEC(vreemd)	1	720140	99.4839
Raimondi SPEC(deeleigen)	1	720141	99.484
Radha SPEC(vreemd)	1	720142	99.4842
Rademaker SPEC(deeleigen)	1	720143	99.4843
Rachid SPEC(deeleigen)	1	720144	99.4844
Racebaan SPEC(deeleigen)	1	720145	99.4846
Race SPEC(deeleigen)	1	720146	99.4847
Rabobank SPEC(deeleigen)	1	720147	99.4849
Rabbits SPEC(deeleigen)	1	720148	99.485
Raba SPEC(deeleigen)	1	720149	99.4851
Raats SPEC(deeleigen)	1	720150	99.4853
Raarr SPEC(deeleigen)	1	720151	99.4854
Raad SPEC(deeleigen)	1	720152	99.4855
RVV SPEC(deeleigen)	1	720153	99.4857
RVS SPEC(deeleigen)	1	720154	99.4858
RTL SPEC(deeleigen)	1	720155	99.486
RT's SPEC(deeleigen)	1	720156	99.4861
RSI SPEC(deeleigen)	1	720157	99.4862
RSCA SPEC(deeleigen)	1	720158	99.4864
RLN SPEC(deeleigen)	1	720159	99.4865
RKC SPEC(deeleigen)	1	720160	99.4867
RIGHT SPEC(deeleigen)	1	720161	99.4868
RG-JL SPEC(deeleigen)	1	720162	99.4869
REN SPEC(deeleigen)	1	720163	99.4871
REM SPEC(deeleigen)	1	720164	99.4872
RELAX SPEC(deeleigen)	1	720165	99.4873
RAW SPEC(deeleigen)	1	720166	99.4875
R+S SPEC(deeleigen)	1	720167	99.4876
R SPEC(symb)	1	720168	99.4878
Quite SPEC(vreemd)	1	720169	99.4879
Quite SPEC(deeleigen)	1	720170	99.488
Quinten SPEC(deeleigen)	1	720171	99.4882
Quiet SPEC(vreemd)	1	720172	99.4883
Quick SPEC(vreemd)	1	720173	99.4884
Quick SPEC(deeleigen)	1	720174	99.4886
Questura SPEC(deeleigen)	1	720175	99.4887
Quest SPEC(vreemd)	1	720176	99.4889
Quand SPEC(deeleigen)	1	720177	99.489
Quaijtaal SPEC(deeleigen)	1	720178	99.4891
Quack SPEC(deeleigen)	1	720179	99.4893
Qu SPEC(deeleigen)	1	720180	99.4894
Qq SPEC(vreemd)	1	720181	99.4896
Qp SPEC(deeleigen)	1	720182	99.4897
Qatar SPEC(deeleigen)	1	720183	99.4898
QYFLXZ SPEC(deeleigen)	1	720184	99.49
PÃ³d SPEC(vreemd)	1	720185	99.4901
Python SPEC(deeleigen)	1	720186	99.4902
Pwnd SPEC(vreemd)	1	720187	99.4904
PvdA SPEC(deeleigen)	1	720188	99.4905
Pv SPEC(deeleigen)	1	720189	99.4907
Put SPEC(deeleigen)	1	720190	99.4908
Pussy SPEC(vreemd)	1	720191	99.4909
Push SPEC(vreemd)	1	720192	99.4911
Purple SPEC(vreemd)	1	720193	99.4912
Purely SPEC(vreemd)	1	720194	99.4913
Punt SPEC(deeleigen)	1	720195	99.4915
Pune SPEC(deeleigen)	1	720196	99.4916
Pukkelpopperen SPEC(deeleigen)	1	720197	99.4918
Pues SPEC(deeleigen)	1	720198	99.4919
Pubquiz SPEC(deeleigen)	1	720199	99.492
Pub SPEC(deeleigen)	1	720200	99.4922
Pt SPEC(afk)	1	720201	99.4923
Psydirect SPEC(deeleigen)	1	720202	99.4925
Psychology SPEC(vreemd)	1	720203	99.4926
Psy SPEC(deeleigen)	1	720204	99.4927
PrÃ¶pper SPEC(deeleigen)	1	720205	99.4929
Prutsbedrijf SPEC(deeleigen)	1	720206	99.493
ProxiClub SPEC(deeleigen)	1	720207	99.4931
Prospects SPEC(vreemd)	1	720208	99.4933
Props SPEC(deeleigen)	1	720209	99.4934
Pronk SPEC(deeleigen)	1	720210	99.4936
Programs SPEC(deeleigen)	1	720211	99.4937
Proficiat SPEC(vreemd)	1	720212	99.4938
Probably SPEC(deeleigen)	1	720213	99.494
Pro SPEC(vreemd)	1	720214	99.4941
Priscilla SPEC(deeleigen)	1	720215	99.4943
Prinsenhofke SPEC(deeleigen)	1	720216	99.4944
Prinsengracht SPEC(deeleigen)	1	720217	99.4945
Primperan SPEC(deeleigen)	1	720218	99.4947
Primark SPEC(deeleigen)	1	720219	99.4948
Primaat SPEC(deeleigen)	1	720220	99.4949
Prezi SPEC(deeleigen)	1	720221	99.4951
Pretty SPEC(vreemd)	1	720222	99.4952
Presque SPEC(deeleigen)	1	720223	99.4954
Predrink SPEC(deeleigen)	1	720224	99.4955
Pre SPEC(deeleigen)	1	720225	99.4956
Praxis SPEC(deeleigen)	1	720226	99.4958
Praeses SPEC(vreemd)	1	720227	99.4959
Ppm SPEC(vreemd)	1	720228	99.496
Powered SPEC(deeleigen)	1	720229	99.4962
Power SPEC(deeleigen)	1	720230	99.4963
Pover SPEC(deeleigen)	1	720231	99.4965
Poubelle SPEC(deeleigen)	1	720232	99.4966
Potkulcs SPEC(vreemd)	1	720233	99.4967
Potkulcs SPEC(deeleigen)	1	720234	99.4969
Pothead SPEC(deeleigen)	1	720235	99.497
Possibly SPEC(deeleigen)	1	720236	99.4972
Possible SPEC(deeleigen)	1	720237	99.4973
Portman SPEC(deeleigen)	1	720238	99.4974
Porthos SPEC(deeleigen)	1	720239	99.4976
Popular SPEC(deeleigen)	1	720240	99.4977
PoppÃ©l SPEC(deeleigen)	1	720241	99.4978
Popper's SPEC(deeleigen)	1	720242	99.498
Poppe SPEC(deeleigen)	1	720243	99.4981
Popov SPEC(deeleigen)	1	720244	99.4983
Popo SPEC(deeleigen)	1	720245	99.4984
Popcorn SPEC(deeleigen)	1	720246	99.4985
Pony SPEC(deeleigen)	1	720247	99.4987
Polisse SPEC(deeleigen)	1	720248	99.4988
Polish SPEC(vreemd)	1	720249	99.4989
Poerink SPEC(deeleigen)	1	720250	99.4991
Poendipoendipoendi SPEC(vreemd)	1	720251	99.4992
Poels SPEC(deeleigen)	1	720252	99.4994
Poe SPEC(deeleigen)	1	720253	99.4995
Podmaniczky SPEC(deeleigen)	1	720254	99.4996
Plysom SPEC(deeleigen)	1	720255	99.4998
Plooy SPEC(deeleigen)	1	720256	99.4999
Plex SPEC(deeleigen)	1	720257	99.5001
Pleun SPEC(deeleigen)	1	720258	99.5002
Plein SPEC(deeleigen)	1	720259	99.5003
Playing SPEC(vreemd)	1	720260	99.5005
Playa SPEC(deeleigen)	1	720261	99.5006
PlayStation SPEC(deeleigen)	1	720262	99.5007
Play SPEC(deeleigen)	1	720263	99.5009
Plasterk SPEC(deeleigen)	1	720264	99.501
Planchee SPEC(deeleigen)	1	720265	99.5012
Placebo SPEC(deeleigen)	1	720266	99.5013
Pizzeria SPEC(vreemd)	1	720267	99.5014
Piusplein SPEC(deeleigen)	1	720268	99.5016
Piushaven SPEC(deeleigen)	1	720269	99.5017
Pity SPEC(vreemd)	1	720270	99.5018
Pitty SPEC(deeleigen)	1	720271	99.502
Pitt SPEC(deeleigen)	1	720272	99.5021
Pirates SPEC(vreemd)	1	720273	99.5023
Pirate SPEC(deeleigen)	1	720274	99.5024
Pip SPEC(deeleigen)	1	720275	99.5025
Pink SPEC(deeleigen)	1	720276	99.5027
Pinar SPEC(deeleigen)	1	720277	99.5028
Pilsen SPEC(deeleigen)	1	720278	99.503
Pijpers SPEC(deeleigen)	1	720279	99.5031
Pietje SPEC(deeleigen)	1	720280	99.5032
Pieteke SPEC(deeleigen)	1	720281	99.5034
PierlÃ© SPEC(deeleigen)	1	720282	99.5035
Pierke SPEC(deeleigen)	1	720283	99.5036
Piek SPEC(deeleigen)	1	720284	99.5038
Piecken SPEC(deeleigen)	1	720285	99.5039
Pictures SPEC(deeleigen)	1	720286	99.5041
Picture SPEC(vreemd)	1	720287	99.5042
Pics SPEC(vreemd)	1	720288	99.5043
Pickpockey SPEC(vreemd)	1	720289	99.5045
Pick SPEC(vreemd)	1	720290	99.5046
Pick SPEC(deeleigen)	1	720291	99.5047
Picanol SPEC(deeleigen)	1	720292	99.5049
Picalilly SPEC(deeleigen)	1	720293	99.505
Pianist SPEC(vreemd)	1	720294	99.5052
PhotoShop SPEC(deeleigen)	1	720295	99.5053
Photo SPEC(deeleigen)	1	720296	99.5054
Phone SPEC(vreemd)	1	720297	99.5056
Phocas SPEC(deeleigen)	1	720298	99.5057
Philips SPEC(deeleigen)	1	720299	99.5059
Phantasialand SPEC(deeleigen)	1	720300	99.506
PhD SPEC(deeleigen)	1	720301	99.5061
Ph SPEC(deeleigen)	1	720302	99.5063
Pfffffffffffffffff SPEC(deeleigen)	1	720303	99.5064
Pffffffff SPEC(deeleigen)	1	720304	99.5065
Pfffffff SPEC(deeleigen)	1	720305	99.5067
Pfffff SPEC(deeleigen)	1	720306	99.5068
Pffffc SPEC(deeleigen)	1	720307	99.507
Pfeiffer SPEC(deeleigen)	1	720308	99.5071
Pf SPEC(deeleigen)	1	720309	99.5072
Petticoat SPEC(deeleigen)	1	720310	99.5074
Petten SPEC(deeleigen)	1	720311	99.5075
Petrov SPEC(deeleigen)	1	720312	99.5077
Petrosani SPEC(deeleigen)	1	720313	99.5078
Petofi SPEC(deeleigen)	1	720314	99.5079
Petit SPEC(deeleigen)	1	720315	99.5081
Peterman SPEC(vreemd)	1	720316	99.5082
Peruvian SPEC(vreemd)	1	720317	99.5083
Personal SPEC(vreemd)	1	720318	99.5085
Peperstraat SPEC(deeleigen)	1	720319	99.5086
Pepers SPEC(deeleigen)	1	720320	99.5088
Penguins SPEC(vreemd)	1	720321	99.5089
Pen SPEC(deeleigen)	1	720322	99.509
Pedro SPEC(deeleigen)	1	720323	99.5092
Pedicure SPEC(vreemd)	1	720324	99.5093
Pechtold SPEC(deeleigen)	1	720325	99.5094
Pe SPEC(deeleigen)	1	720326	99.5096
Pauze-update SPEC(deeleigen)	1	720327	99.5097
Pauwstraat SPEC(deeleigen)	1	720328	99.5099
Pauperstad SPEC(deeleigen)	1	720329	99.51
Pauline SPEC(deeleigen)	1	720330	99.5101
Paulando SPEC(deeleigen)	1	720331	99.5103
Paul's SPEC(deeleigen)	1	720332	99.5104
Pattihoeroe SPEC(deeleigen)	1	720333	99.5106
Patrol SPEC(deeleigen)	1	720334	99.5107
Patrieck SPEC(deeleigen)	1	720335	99.5108
Patrick-hints SPEC(deeleigen)	1	720336	99.511
Patersholfeestje SPEC(deeleigen)	1	720337	99.5111
Passel SPEC(deeleigen)	1	720338	99.5112
Pascalle SPEC(deeleigen)	1	720339	99.5114
Pas SPEC(vreemd)	1	720340	99.5115
Parys SPEC(deeleigen)	1	720341	99.5117
Parma SPEC(deeleigen)	1	720342	99.5118
Parker SPEC(deeleigen)	1	720343	99.5119
Parkeerplaats SPEC(vreemd)	1	720344	99.5121
Parc SPEC(deeleigen)	1	720345	99.5122
Papi SPEC(deeleigen)	1	720346	99.5123
Papers SPEC(deeleigen)	1	720347	99.5125
Pap's SPEC(deeleigen)	1	720348	99.5126
Pap SPEC(deeleigen)	1	720349	99.5128
Pantomiene SPEC(deeleigen)	1	720350	99.5129
Panta SPEC(deeleigen)	1	720351	99.513
Pannenkoek SPEC(deeleigen)	1	720352	99.5132
Panini's SPEC(deeleigen)	1	720353	99.5133
Pancratiusstraat SPEC(deeleigen)	1	720354	99.5135
Pamela SPEC(deeleigen)	1	720355	99.5136
Pam SPEC(deeleigen)	1	720356	99.5137
Palm SPEC(deeleigen)	1	720357	99.5139
Palinka SPEC(deeleigen)	1	720358	99.514
Palava SPEC(deeleigen)	1	720359	99.5141
Paki SPEC(deeleigen)	1	720360	99.5143
Pakhuis SPEC(deeleigen)	1	720361	99.5144
Painkiller SPEC(deeleigen)	1	720362	99.5146
Pahaaaa SPEC(deeleigen)	1	720363	99.5147
Paella SPEC(deeleigen)	1	720364	99.5148
Paddys SPEC(deeleigen)	1	720365	99.515
Paasdag SPEC(deeleigen)	1	720366	99.5151
PW SPEC(deeleigen)	1	720367	99.5152
PVV SPEC(deeleigen)	1	720368	99.5154
PV SPEC(deeleigen)	1	720369	99.5155
PUMA SPEC(deeleigen)	1	720370	99.5157
PTC's SPEC(deeleigen)	1	720371	99.5158
PSU SPEC(deeleigen)	1	720372	99.5159
PR SPEC(deeleigen)	1	720373	99.5161
POPronde SPEC(deeleigen)	1	720374	99.5162
PO SPEC(deeleigen)	1	720375	99.5164
PMD SPEC(deeleigen)	1	720376	99.5165
PHOTO SPEC(vreemd)	1	720377	99.5166
PGM SPEC(deeleigen)	1	720378	99.5168
PERS SPEC(deeleigen)	1	720379	99.5169
PD-onderzoek SPEC(deeleigen)	1	720380	99.517
PD SPEC(deeleigen)	1	720381	99.5172
PAK SPEC(deeleigen)	1	720382	99.5173
P.H SPEC(deeleigen)	1	720383	99.5175
P+M SPEC(deeleigen)	1	720384	99.5176
P SPEC(symb)	1	720385	99.5177
Ozzy SPEC(deeleigen)	1	720386	99.5179
Owww SPEC(deeleigen)	1	720387	99.518
Ovum SPEC(deeleigen)	1	720388	99.5181
Overpoort SPEC(deeleigen)	1	720389	99.5183
Ov SPEC(deeleigen)	1	720390	99.5184
Ouwehand SPEC(deeleigen)	1	720391	99.5186
Ouwe SPEC(deeleigen)	1	720392	99.5187
Outrijve SPEC(deeleigen)	1	720393	99.5188
Outlet SPEC(deeleigen)	1	720394	99.519
Out SPEC(vreemd)	1	720395	99.5191
Out SPEC(deeleigen)	1	720396	99.5193
Oudtshoorn SPEC(deeleigen)	1	720397	99.5194
Oudewater SPEC(deeleigen)	1	720398	99.5195
Oudenaarde SPEC(deeleigen)	1	720399	99.5197
Ou SPEC(vreemd)	1	720400	99.5198
Otto SPEC(deeleigen)	1	720401	99.5199
Otrivin SPEC(deeleigen)	1	720402	99.5201
Oticon SPEC(deeleigen)	1	720403	99.5202
Osama SPEC(deeleigen)	1	720404	99.5204
Orval SPEC(deeleigen)	1	720405	99.5205
Ortho SPEC(deeleigen)	1	720406	99.5206
Orsolya SPEC(vreemd)	1	720407	99.5208
Orsi SPEC(vreemd)	1	720408	99.5209
OrphÃ©e SPEC(vreemd)	1	720409	99.5211
Orionveien SPEC(vreemd)	1	720410	99.5212
Organising SPEC(vreemd)	1	720411	99.5213
Orfie SPEC(deeleigen)	1	720412	99.5215
Order SPEC(vreemd)	1	720413	99.5216
Orchid SPEC(vreemd)	1	720414	99.5217
Opwekking SPEC(deeleigen)	1	720415	99.5219
Oph SPEC(deeleigen)	1	720416	99.522
Openluchtmuseum SPEC(deeleigen)	1	720417	99.5222
OpenOffice SPEC(deeleigen)	1	720418	99.5223
Op SPEC(deeleigen)	1	720419	99.5224
Oow SPEC(vreemd)	1	720420	99.5226
Oosterburen SPEC(deeleigen)	1	720421	99.5227
Oostende SPEC(deeleigen)	1	720422	99.5228
Oor SPEC(deeleigen)	1	720423	99.523
Ooooooh SPEC(deeleigen)	1	720424	99.5231
Oooo SPEC(deeleigen)	1	720425	99.5233
Oooeehhhh SPEC(deeleigen)	1	720426	99.5234
Ooiooooo SPEC(vreemd)	1	720427	99.5235
Ooijpolder SPEC(deeleigen)	1	720428	99.5237
Ooij SPEC(deeleigen)	1	720429	99.5238
Oohja SPEC(deeleigen)	1	720430	99.524
Onnesstraat SPEC(deeleigen)	1	720431	99.5241
Onbekende SPEC(deeleigen)	1	720432	99.5242
On.way SPEC(vreemd)	1	720433	99.5244
On SPEC(deeleigen)	1	720434	99.5245
Omgwtfbbq SPEC(deeleigen)	1	720435	99.5246
Omg SPEC(deeleigen)	1	720436	99.5248
OlÃ© SPEC(vreemd)	1	720437	99.5249
Olympics SPEC(deeleigen)	1	720438	99.5251
Ollright SPEC(vreemd)	1	720439	99.5252
Olle SPEC(deeleigen)	1	720440	99.5253
Oksfurt SPEC(deeleigen)	1	720441	99.5255
Ojoo SPEC(deeleigen)	1	720442	99.5256
Ojee SPEC(deeleigen)	1	720443	99.5257
Ojaa SPEC(deeleigen)	1	720444	99.5259
Oink SPEC(deeleigen)	1	720445	99.526
Ohla SPEC(deeleigen)	1	720446	99.5262
Ohio SPEC(deeleigen)	1	720447	99.5263
Ohhhhh SPEC(deeleigen)	1	720448	99.5264
Ohhhh SPEC(vreemd)	1	720449	99.5266
Ohh SPEC(vreemd)	1	720450	99.5267
Ofzo SPEC(deeleigen)	1	720451	99.5269
Office SPEC(deeleigen)	1	720452	99.527
Off SPEC(vreemd)	1	720453	99.5271
Oeveel SPEC(vreemd)	1	720454	99.5273
Oesj SPEC(vreemd)	1	720455	99.5274
Oepsi SPEC(vreemd)	1	720456	99.5275
Oeps SPEC(deeleigen)	1	720457	99.5277
Oelala SPEC(deeleigen)	1	720458	99.5278
Oela SPEC(vreemd)	1	720459	99.528
Oekiepoekie SPEC(vreemd)	1	720460	99.5281
Oeja SPEC(deeleigen)	1	720461	99.5282
Oej SPEC(deeleigen)	1	720462	99.5284
Oeioei SPEC(deeleigen)	1	720463	99.5285
Oeie SPEC(deeleigen)	1	720464	99.5286
Oei SPEC(deeleigen)	1	720465	99.5288
Oehhhh SPEC(deeleigen)	1	720466	99.5289
Oehhh SPEC(deeleigen)	1	720467	99.5291
Oehh SPEC(deeleigen)	1	720468	99.5292
Oeda SPEC(deeleigen)	1	720469	99.5293
Oceaan SPEC(deeleigen)	1	720470	99.5295
Observangenhof SPEC(deeleigen)	1	720471	99.5296
Obi SPEC(deeleigen)	1	720472	99.5298
Obama SPEC(deeleigen)	1	720473	99.5299
OV-staking SPEC(deeleigen)	1	720474	99.53
OURS SPEC(deeleigen)	1	720475	99.5302
OS SPEC(deeleigen)	1	720476	99.5303
ORAS SPEC(deeleigen)	1	720477	99.5304
ONT SPEC(deeleigen)	1	720478	99.5306
ONJUIST SPEC(vreemd)	1	720479	99.5307
ONJUIST SPEC(deeleigen)	1	720480	99.5309
OMGWTFBBQ SPEC(deeleigen)	1	720481	99.531
OLC SPEC(deeleigen)	1	720482	99.5311
OL SPEC(deeleigen)	1	720483	99.5313
OHNEEEE SPEC(deeleigen)	1	720484	99.5314
OFZO SPEC(deeleigen)	1	720485	99.5315
OFWA SPEC(deeleigen)	1	720486	99.5317
ODS SPEC(deeleigen)	1	720487	99.5318
OCZ SPEC(deeleigen)	1	720488	99.532
O:-) SPEC(symb)	1	720489	99.5321
O.o SPEC(deeleigen)	1	720490	99.5322
O.K. SPEC(afk)	1	720491	99.5324
O-oh SPEC(deeleigen)	1	720492	99.5325
NÃ SPEC(deeleigen)	1	720493	99.5327
Nyu SPEC(deeleigen)	1	720494	99.5328
Nyc SPEC(deeleigen)	1	720495	99.5329
Nultweevier SPEC(deeleigen)	1	720496	99.5331
Nujah SPEC(deeleigen)	1	720497	99.5332
Nuja SPEC(deeleigen)	1	720498	99.5333
Nr SPEC(deeleigen)	1	720499	99.5335
Nov SPEC(deeleigen)	1	720500	99.5336
Nouuuu SPEC(deeleigen)	1	720501	99.5338
Nounou SPEC(deeleigen)	1	720502	99.5339
Noudan SPEC(deeleigen)	1	720503	99.534
Notre SPEC(deeleigen)	1	720504	99.5342
Notebook SPEC(vreemd)	1	720505	99.5343
Norton SPEC(deeleigen)	1	720506	99.5345
Norman SPEC(deeleigen)	1	720507	99.5346
Norden SPEC(deeleigen)	1	720508	99.5347
Norbert SPEC(deeleigen)	1	720509	99.5349
Noortje SPEC(deeleigen)	1	720510	99.535
Noorden SPEC(deeleigen)	1	720511	99.5351
Nonski SPEC(vreemd)	1	720512	99.5353
Nonski SPEC(deeleigen)	1	720513	99.5354
None SPEC(vreemd)	1	720514	99.5356
Non SPEC(vreemd)	1	720515	99.5357
Nokia-lader SPEC(deeleigen)	1	720516	99.5358
Nokia SPEC(deeleigen)	1	720517	99.536
Nogmaals SPEC(vreemd)	1	720518	99.5361
Noekel SPEC(deeleigen)	1	720519	99.5362
Nobody's SPEC(vreemd)	1	720520	99.5364
NoC-NSF SPEC(deeleigen)	1	720521	99.5365
Nmbs SPEC(deeleigen)	1	720522	99.5367
Nl SPEC(deeleigen)	1	720523	99.5368
Njah SPEC(deeleigen)	1	720524	99.5369
Nite SPEC(vreemd)	1	720525	99.5371
Nistelrooy SPEC(deeleigen)	1	720526	99.5372
Nissan SPEC(deeleigen)	1	720527	99.5374
Nina SPEC(deeleigen)	1	720528	99.5375
Nimwegen SPEC(deeleigen)	1	720529	99.5376
Nimwa SPEC(deeleigen)	1	720530	99.5378
Nijmegencity SPEC(deeleigen)	1	720531	99.5379
Nights SPEC(vreemd)	1	720532	99.538
Nieuwenhuis SPEC(deeleigen)	1	720533	99.5382
Nieuwe SPEC(deeleigen)	1	720534	99.5383
Nien SPEC(deeleigen)	1	720535	99.5385
Niehe SPEC(deeleigen)	1	720536	99.5386
Nicolas SPEC(deeleigen)	1	720537	99.5387
Nicolaas SPEC(deeleigen)	1	720538	99.5389
Nicky SPEC(deeleigen)	1	720539	99.539
Niceness SPEC(vreemd)	1	720540	99.5391
Ng SPEC(vreemd)	1	720541	99.5393
Newtonstraat SPEC(deeleigen)	1	720542	99.5394
Nevr SPEC(vreemd)	1	720543	99.5396
Nevermind SPEC(deeleigen)	1	720544	99.5397
Neuken SPEC(deeleigen)	1	720545	99.5398
Neude SPEC(deeleigen)	1	720546	99.54
Network SPEC(vreemd)	1	720547	99.5401
Netwerken SPEC(deeleigen)	1	720548	99.5403
Netherlands SPEC(vreemd)	1	720549	99.5404
Neo SPEC(deeleigen)	1	720550	99.5405
Nein SPEC(vreemd)	1	720551	99.5407
Neil SPEC(deeleigen)	1	720552	99.5408
Negerrobots SPEC(vreemd)	1	720553	99.5409
Neger SPEC(vreemd)	1	720554	99.5411
Nederlanden SPEC(deeleigen)	1	720555	99.5412
Ned-Cuba SPEC(deeleigen)	1	720556	99.5414
Near SPEC(deeleigen)	1	720557	99.5415
Naturalis SPEC(deeleigen)	1	720558	99.5416
Nationale SPEC(deeleigen)	1	720559	99.5418
Natasha-sessions SPEC(deeleigen)	1	720560	99.5419
Natascha SPEC(deeleigen)	1	720561	99.542
Natalie SPEC(deeleigen)	1	720562	99.5422
Natalia SPEC(deeleigen)	1	720563	99.5423
Nat.Geo SPEC(deeleigen)	1	720564	99.5425
Naline SPEC(deeleigen)	1	720565	99.5426
Naja SPEC(vreemd)	1	720566	99.5427
Nairobi SPEC(deeleigen)	1	720567	99.5429
Nahi SPEC(deeleigen)	1	720568	99.543
Nagar SPEC(deeleigen)	1	720569	99.5432
Naah SPEC(deeleigen)	1	720570	99.5433
NYE SPEC(deeleigen)	1	720571	99.5434
NYCJIT SPEC(deeleigen)	1	720572	99.5436
NXP-logo SPEC(deeleigen)	1	720573	99.5437
NT SPEC(deeleigen)	1	720574	99.5438
NSG SPEC(deeleigen)	1	720575	99.544
NS-site SPEC(deeleigen)	1	720576	99.5441
NS-app SPEC(deeleigen)	1	720577	99.5443
NOOOOOO SPEC(deeleigen)	1	720578	99.5444
NOCNSF SPEC(deeleigen)	1	720579	99.5445
NLs SPEC(deeleigen)	1	720580	99.5447
NLP SPEC(deeleigen)	1	720581	99.5448
NK SPEC(deeleigen)	1	720582	99.5449
NIKS SPEC(deeleigen)	1	720583	99.5451
NIJMEGEN SPEC(deeleigen)	1	720584	99.5452
NIEMAND SPEC(deeleigen)	1	720585	99.5454
NICE SPEC(deeleigen)	1	720586	99.5455
NH SPEC(symb)	1	720587	99.5456
NEWSFLASH SPEC(deeleigen)	1	720588	99.5458
NEEJ SPEC(deeleigen)	1	720589	99.5459
NEC SPEC(deeleigen)	1	720590	99.5461
NDJ SPEC(deeleigen)	1	720591	99.5462
NBC SPEC(deeleigen)	1	720592	99.5463
NB SPEC(afk)	1	720593	99.5465
NAC-Willem SPEC(deeleigen)	1	720594	99.5466
NAC-NEC SPEC(deeleigen)	1	720595	99.5467
N. SPEC(afk)	1	720596	99.5469
MÃ¤dchen SPEC(vreemd)	1	720597	99.547
Mythbuster SPEC(deeleigen)	1	720598	99.5472
Mystery SPEC(deeleigen)	1	720599	99.5473
Myrthe SPEC(deeleigen)	1	720600	99.5474
Myne SPEC(deeleigen)	1	720601	99.5476
Myleneparty SPEC(deeleigen)	1	720602	99.5477
MyZen SPEC(deeleigen)	1	720603	99.5479
Mwahh SPEC(deeleigen)	1	720604	99.548
Mwaaaah SPEC(deeleigen)	1	720605	99.5481
Mwaaaa SPEC(deeleigen)	1	720606	99.5483
Muzenconcert SPEC(deeleigen)	1	720607	99.5484
Mutti SPEC(deeleigen)	1	720608	99.5485
Muts SPEC(deeleigen)	1	720609	99.5487
Must SPEC(vreemd)	1	720610	99.5488
Musica SPEC(deeleigen)	1	720611	99.549
Murphy's SPEC(deeleigen)	1	720612	99.5491
Murakami SPEC(vreemd)	1	720613	99.5492
Munte SPEC(deeleigen)	1	720614	99.5494
Munster SPEC(deeleigen)	1	720615	99.5495
Mumford SPEC(deeleigen)	1	720616	99.5496
Mucos SPEC(vreemd)	1	720617	99.5498
Muchos SPEC(vreemd)	1	720618	99.5499
Mucho SPEC(deeleigen)	1	720619	99.5501
Muchi SPEC(deeleigen)	1	720620	99.5502
Mt SPEC(vreemd)	1	720621	99.5503
Mrg SPEC(deeleigen)	1	720622	99.5505
Moving SPEC(vreemd)	1	720623	99.5506
Moved SPEC(vreemd)	1	720624	99.5508
MountainBockereyder SPEC(deeleigen)	1	720625	99.5509
Mountain SPEC(deeleigen)	1	720626	99.551
Moulin SPEC(vreemd)	1	720627	99.5512
Motivational SPEC(deeleigen)	1	720628	99.5513
Most SPEC(deeleigen)	1	720629	99.5514
Mosselaarstraat SPEC(deeleigen)	1	720630	99.5516
Mosquito SPEC(deeleigen)	1	720631	99.5517
Moskee SPEC(deeleigen)	1	720632	99.5519
Morrissey SPEC(deeleigen)	1	720633	99.552
Morris SPEC(deeleigen)	1	720634	99.5521
Mornin SPEC(deeleigen)	1	720635	99.5523
Morgenstond SPEC(deeleigen)	1	720636	99.5524
Month SPEC(vreemd)	1	720637	99.5525
Monster's SPEC(vreemd)	1	720638	99.5527
Monkeys SPEC(deeleigen)	1	720639	99.5528
Monk SPEC(deeleigen)	1	720640	99.553
Monique's SPEC(deeleigen)	1	720641	99.5531
Monique SPEC(deeleigen)	1	720642	99.5532
Monic SPEC(vreemd)	1	720643	99.5534
Money SPEC(vreemd)	1	720644	99.5535
Mon SPEC(deeleigen)	1	720645	99.5537
Moly SPEC(deeleigen)	1	720646	99.5538
Molly SPEC(deeleigen)	1	720647	99.5539
Molenstraat SPEC(deeleigen)	1	720648	99.5541
Moiiiii SPEC(deeleigen)	1	720649	99.5542
Moiii SPEC(deeleigen)	1	720650	99.5543
Mohgij SPEC(enof)	1	720651	99.5545
Moenen SPEC(deeleigen)	1	720652	99.5546
Moek SPEC(deeleigen)	1	720653	99.5548
Moehahahahaa SPEC(deeleigen)	1	720654	99.5549
Moederdag SPEC(deeleigen)	1	720655	99.555
Modern SPEC(vreemd)	1	720656	99.5552
Modena SPEC(deeleigen)	1	720657	99.5553
Modelling SPEC(deeleigen)	1	720658	99.5554
Moaske SPEC(deeleigen)	1	720659	99.5556
Mo SPEC(deeleigen)	1	720660	99.5557
Mmmwah SPEC(deeleigen)	1	720661	99.5559
Mloes SPEC(deeleigen)	1	720662	99.556
Mizzi SPEC(vreemd)	1	720663	99.5561
Mix SPEC(deeleigen)	1	720664	99.5563
Missed SPEC(vreemd)	1	720665	99.5564
Mischien SPEC(deeleigen)	1	720666	99.5566
Miro SPEC(deeleigen)	1	720667	99.5567
Mireille SPEC(deeleigen)	1	720668	99.5568
Miracoli SPEC(vreemd)	1	720669	99.557
Minsk SPEC(deeleigen)	1	720670	99.5571
Minor SPEC(deeleigen)	1	720671	99.5572
Minerva SPEC(deeleigen)	1	720672	99.5574
Mimosa SPEC(deeleigen)	1	720673	99.5575
Milo SPEC(deeleigen)	1	720674	99.5577
Milk SPEC(vreemd)	1	720675	99.5578
Mijnes SPEC(vreemd)	1	720676	99.5579
Miguel SPEC(deeleigen)	1	720677	99.5581
Mignon SPEC(vreemd)	1	720678	99.5582
Miekske SPEC(deeleigen)	1	720679	99.5583
Miek SPEC(deeleigen)	1	720680	99.5585
Middelburg SPEC(deeleigen)	1	720681	99.5586
Microfoontoernooi SPEC(deeleigen)	1	720682	99.5588
MichaÃ«l SPEC(deeleigen)	1	720683	99.5589
Michalak SPEC(vreemd)	1	720684	99.559
Michaela SPEC(deeleigen)	1	720685	99.5592
Mia SPEC(deeleigen)	1	720686	99.5593
Mhhh SPEC(deeleigen)	1	720687	99.5595
Mhh SPEC(deeleigen)	1	720688	99.5596
Mexicaantje SPEC(deeleigen)	1	720689	99.5597
Mexicaan SPEC(deeleigen)	1	720690	99.5599
Meulesteedsesteenweg SPEC(deeleigen)	1	720691	99.56
Meuleste SPEC(deeleigen)	1	720692	99.5601
Metro's SPEC(deeleigen)	1	720693	99.5603
Metro SPEC(deeleigen)	1	720694	99.5604
Metal SPEC(vreemd)	1	720695	99.5606
Metaalorganisch SPEC(deeleigen)	1	720696	99.5607
Message SPEC(vreemd)	1	720697	99.5608
Merwijk SPEC(deeleigen)	1	720698	99.561
Mertens SPEC(deeleigen)	1	720699	99.5611
Merry SPEC(vreemd)	1	720700	99.5613
Merry SPEC(deeleigen)	1	720701	99.5614
Merlyn SPEC(deeleigen)	1	720702	99.5615
Merlina SPEC(deeleigen)	1	720703	99.5617
Merlin SPEC(deeleigen)	1	720704	99.5618
Merijn SPEC(deeleigen)	1	720705	99.5619
Merel SPEC(deeleigen)	1	720706	99.5621
Merde SPEC(vreemd)	1	720707	99.5622
Mercii SPEC(deeleigen)	1	720708	99.5624
Mer SPEC(deeleigen)	1	720709	99.5625
Meppel SPEC(deeleigen)	1	720710	99.5626
Memories SPEC(vreemd)	1	720711	99.5628
Melly SPEC(deeleigen)	1	720712	99.5629
Melkert SPEC(deeleigen)	1	720713	99.563
Melissa SPEC(deeleigen)	1	720714	99.5632
Melchiot SPEC(deeleigen)	1	720715	99.5633
Mel SPEC(deeleigen)	1	720716	99.5635
Mekelparkdemo SPEC(deeleigen)	1	720717	99.5636
Mekelpark SPEC(deeleigen)	1	720718	99.5637
Mehd SPEC(vreemd)	1	720719	99.5639
Meh SPEC(vreemd)	1	720720	99.564
Meeuw SPEC(deeleigen)	1	720721	99.5642
Meersen SPEC(deeleigen)	1	720722	99.5643
Meerijden SPEC(deeleigen)	1	720723	99.5644
Meer SPEC(deeleigen)	1	720724	99.5646
Medisoc-medica SPEC(deeleigen)	1	720725	99.5647
Medicijnen SPEC(deeleigen)	1	720726	99.5648
Media SPEC(deeleigen)	1	720727	99.565
Meat SPEC(vreemd)	1	720728	99.5651
Mean SPEC(vreemd)	1	720729	99.5653
Meals SPEC(deeleigen)	1	720730	99.5654
MeP SPEC(deeleigen)	1	720731	99.5655
Mdma SPEC(deeleigen)	1	720732	99.5657
Mcdonald's SPEC(deeleigen)	1	720733	99.5658
McTell SPEC(deeleigen)	1	720734	99.5659
McQueen SPEC(deeleigen)	1	720735	99.5661
McQuarrie SPEC(deeleigen)	1	720736	99.5662
McPaul SPEC(deeleigen)	1	720737	99.5664
McG SPEC(deeleigen)	1	720738	99.5665
McDonalds SPEC(deeleigen)	1	720739	99.5666
McD SPEC(deeleigen)	1	720740	99.5668
Mc SPEC(deeleigen)	1	720741	99.5669
Maywegge SPEC(deeleigen)	1	720742	99.5671
Mayor SPEC(deeleigen)	1	720743	99.5672
Mayka SPEC(deeleigen)	1	720744	99.5673
May SPEC(vreemd)	1	720745	99.5675
Maxim SPEC(deeleigen)	1	720746	99.5676
Max SPEC(deeleigen)	1	720747	99.5677
Maurik SPEC(deeleigen)	1	720748	99.5679
Maud SPEC(deeleigen)	1	720749	99.568
Matthieu SPEC(deeleigen)	1	720750	99.5682
Matthias SPEC(deeleigen)	1	720751	99.5683
Matthew SPEC(deeleigen)	1	720752	99.5684
Matrixx SPEC(deeleigen)	1	720753	99.5686
Matras SPEC(deeleigen)	1	720754	99.5687
Matlab SPEC(deeleigen)	1	720755	99.5688
MateriaalMeester SPEC(deeleigen)	1	720756	99.569
Mat SPEC(deeleigen)	1	720757	99.5691
Master SPEC(vreemd)	1	720758	99.5693
Master SPEC(deeleigen)	1	720759	99.5694
Massive SPEC(deeleigen)	1	720760	99.5695
Massinkhal SPEC(deeleigen)	1	720761	99.5697
Massa SPEC(deeleigen)	1	720762	99.5698
Maspalomas SPEC(deeleigen)	1	720763	99.57
Masereelstraat SPEC(deeleigen)	1	720764	99.5701
Masdar SPEC(deeleigen)	1	720765	99.5702
Mas SPEC(deeleigen)	1	720766	99.5704
MarÃ©chal SPEC(deeleigen)	1	720767	99.5705
Marty SPEC(deeleigen)	1	720768	99.5706
Martini SPEC(deeleigen)	1	720769	99.5708
Martinez SPEC(deeleigen)	1	720770	99.5709
Martine SPEC(deeleigen)	1	720771	99.5711
Martens SPEC(deeleigen)	1	720772	99.5712
Martain SPEC(deeleigen)	1	720773	99.5713
Marokko SPEC(deeleigen)	1	720774	99.5715
Marokkanen SPEC(deeleigen)	1	720775	99.5716
Marokkaan SPEC(deeleigen)	1	720776	99.5717
Marluus SPEC(deeleigen)	1	720777	99.5719
Marloesmob SPEC(deeleigen)	1	720778	99.572
Market SPEC(deeleigen)	1	720779	99.5722
Mark SPEC(vreemd)	1	720780	99.5723
Marjoleintje SPEC(deeleigen)	1	720781	99.5724
Marjolein SPEC(deeleigen)	1	720782	99.5726
Marjo SPEC(deeleigen)	1	720783	99.5727
Marino SPEC(deeleigen)	1	720784	99.5729
Marillynn SPEC(deeleigen)	1	720785	99.573
Marike SPEC(vreemd)	1	720786	99.5731
Marijtje SPEC(deeleigen)	1	720787	99.5733
Marijn SPEC(deeleigen)	1	720788	99.5734
Marijkestraat SPEC(deeleigen)	1	720789	99.5735
Maria-Hendrika SPEC(vreemd)	1	720790	99.5737
Margit SPEC(vreemd)	1	720791	99.5738
Margit SPEC(deeleigen)	1	720792	99.574
Margaux SPEC(vreemd)	1	720793	99.5741
Margaux SPEC(deeleigen)	1	720794	99.5742
Marg SPEC(deeleigen)	1	720795	99.5744
Marco's SPEC(deeleigen)	1	720796	99.5745
Marcella's SPEC(deeleigen)	1	720797	99.5747
Marald SPEC(vreemd)	1	720798	99.5748
MarCo SPEC(deeleigen)	1	720799	99.5749
Maps SPEC(deeleigen)	1	720800	99.5751
Mansion SPEC(deeleigen)	1	720801	99.5752
Manou SPEC(deeleigen)	1	720802	99.5753
Manolev SPEC(deeleigen)	1	720803	99.5755
Mann SPEC(deeleigen)	1	720804	99.5756
Manmanman SPEC(deeleigen)	1	720805	99.5758
Manman SPEC(deeleigen)	1	720806	99.5759
Manfred SPEC(deeleigen)	1	720807	99.576
Mandygate SPEC(deeleigen)	1	720808	99.5762
Mandiehie SPEC(deeleigen)	1	720809	99.5763
Mandemakers SPEC(deeleigen)	1	720810	99.5764
Mandala SPEC(deeleigen)	1	720811	99.5766
Management SPEC(deeleigen)	1	720812	99.5767
Mamoush SPEC(vreemd)	1	720813	99.5769
Mallorca SPEC(deeleigen)	1	720814	99.577
Malloot SPEC(deeleigen)	1	720815	99.5771
Malle SPEC(deeleigen)	1	720816	99.5773
Malikha SPEC(deeleigen)	1	720817	99.5774
Malika SPEC(deeleigen)	1	720818	99.5776
Malfunction SPEC(deeleigen)	1	720819	99.5777
Male SPEC(deeleigen)	1	720820	99.5778
Majaa SPEC(deeleigen)	1	720821	99.578
Maitland SPEC(deeleigen)	1	720822	99.5781
Mais SPEC(vreemd)	1	720823	99.5782
Main SPEC(vreemd)	1	720824	99.5784
Mahalaxmi SPEC(deeleigen)	1	720825	99.5785
Mahaha SPEC(deeleigen)	1	720826	99.5787
Mags SPEC(deeleigen)	1	720827	99.5788
Magnus SPEC(deeleigen)	1	720828	99.5789
Maggie SPEC(deeleigen)	1	720829	99.5791
Magazijnstraat SPEC(deeleigen)	1	720830	99.5792
Maemo SPEC(deeleigen)	1	720831	99.5793
Made SPEC(vreemd)	1	720832	99.5795
Made SPEC(deeleigen)	1	720833	99.5796
Maddie SPEC(deeleigen)	1	720834	99.5798
Madagaskar SPEC(deeleigen)	1	720835	99.5799
Machine SPEC(deeleigen)	1	720836	99.58
Macca SPEC(deeleigen)	1	720837	99.5802
Macbook SPEC(vreemd)	1	720838	99.5803
Macauly SPEC(deeleigen)	1	720839	99.5805
Maaske SPEC(vreemd)	1	720840	99.5806
Maashi SPEC(deeleigen)	1	720841	99.5807
Maartens SPEC(deeleigen)	1	720842	99.5809
Maalox SPEC(deeleigen)	1	720843	99.581
Maaikie SPEC(deeleigen)	1	720844	99.5811
MUGGEN SPEC(deeleigen)	1	720845	99.5813
MTN SPEC(deeleigen)	1	720846	99.5814
MT SPEC(deeleigen)	1	720847	99.5816
MSN SPEC(deeleigen)	1	720848	99.5817
MRVEJA SPEC(deeleigen)	1	720849	99.5818
MOI SPEC(deeleigen)	1	720850	99.582
MNM SPEC(deeleigen)	1	720851	99.5821
MMQ SPEC(deeleigen)	1	720852	99.5822
MHF SPEC(deeleigen)	1	720853	99.5824
MG SPEC(deeleigen)	1	720854	99.5825
MEGAZOT SPEC(deeleigen)	1	720855	99.5827
MEEN SPEC(deeleigen)	1	720856	99.5828
MEE SPEC(deeleigen)	1	720857	99.5829
MAROKKAANSE SPEC(deeleigen)	1	720858	99.5831
MA SPEC(deeleigen)	1	720859	99.5832
M.v.H SPEC(deeleigen)	1	720860	99.5834
M.n. SPEC(deeleigen)	1	720861	99.5835
M-R SPEC(deeleigen)	1	720862	99.5836
LÃ¶wenthal SPEC(deeleigen)	1	720863	99.5838
LÃ©on SPEC(deeleigen)	1	720864	99.5839
Lyn SPEC(deeleigen)	1	720865	99.584
Ly SPEC(deeleigen)	1	720866	99.5842
Luzern SPEC(deeleigen)	1	720867	99.5843
Luz SPEC(deeleigen)	1	720868	99.5845
Luv SPEC(vreemd)	1	720869	99.5846
Lutte SPEC(deeleigen)	1	720870	99.5847
Lungo SPEC(deeleigen)	1	720871	99.5849
Lujza SPEC(deeleigen)	1	720872	99.585
Luik SPEC(deeleigen)	1	720873	99.5851
Luigi SPEC(deeleigen)	1	720874	99.5853
Luiaard SPEC(deeleigen)	1	720875	99.5854
Luf SPEC(vreemd)	1	720876	99.5856
Ludwig SPEC(deeleigen)	1	720877	99.5857
Lucky SPEC(vreemd)	1	720878	99.5858
Lucky SPEC(deeleigen)	1	720879	99.586
Luckily SPEC(deeleigen)	1	720880	99.5861
Lucca SPEC(deeleigen)	1	720881	99.5863
Lt SPEC(afk)	1	720882	99.5864
LowLands SPEC(deeleigen)	1	720883	99.5865
Lovr SPEC(vreemd)	1	720884	99.5867
Lovjoe SPEC(deeleigen)	1	720885	99.5868
Loverdose SPEC(deeleigen)	1	720886	99.5869
Lovely SPEC(vreemd)	1	720887	99.5871
Lovely SPEC(deeleigen)	1	720888	99.5872
Lovejoe SPEC(deeleigen)	1	720889	99.5874
Louisiana SPEC(deeleigen)	1	720890	99.5875
Lots SPEC(vreemd)	1	720891	99.5876
Lots SPEC(deeleigen)	1	720892	99.5878
Lotje SPEC(deeleigen)	1	720893	99.5879
Lorsque SPEC(vreemd)	1	720894	99.5881
Lormes SPEC(deeleigen)	1	720895	99.5882
Lorenzo SPEC(deeleigen)	1	720896	99.5883
Lord SPEC(vreemd)	1	720897	99.5885
Loqutus SPEC(deeleigen)	1	720898	99.5886
Loosduinseweg SPEC(deeleigen)	1	720899	99.5887
Loon SPEC(deeleigen)	1	720900	99.5889
Lonne SPEC(deeleigen)	1	720901	99.589
Loman SPEC(deeleigen)	1	720902	99.5892
LolXD SPEC(deeleigen)	1	720903	99.5893
Loki SPEC(deeleigen)	1	720904	99.5894
Logos SPEC(vreemd)	1	720905	99.5896
Loft SPEC(deeleigen)	1	720906	99.5897
Loeloe SPEC(deeleigen)	1	720907	99.5898
Loeke SPEC(deeleigen)	1	720908	99.59
Lochten SPEC(deeleigen)	1	720909	99.5901
Location SPEC(vreemd)	1	720910	99.5903
Loc SPEC(deeleigen)	1	720911	99.5904
Loaf SPEC(vreemd)	1	720912	99.5905
Lo SPEC(deeleigen)	1	720913	99.5907
Ljubljana SPEC(deeleigen)	1	720914	99.5908
Ljouwert SPEC(deeleigen)	1	720915	99.591
Lize SPEC(deeleigen)	1	720916	99.5911
Liza SPEC(deeleigen)	1	720917	99.5912
Livia SPEC(deeleigen)	1	720918	99.5914
Liverpool SPEC(deeleigen)	1	720919	99.5915
Live SPEC(vreemd)	1	720920	99.5916
Little SPEC(vreemd)	1	720921	99.5918
Litmanen SPEC(deeleigen)	1	720922	99.5919
Liters SPEC(deeleigen)	1	720923	99.5921
Lissabon SPEC(deeleigen)	1	720924	99.5922
Lisanne SPEC(deeleigen)	1	720925	99.5923
Lisa's SPEC(deeleigen)	1	720926	99.5925
Lion SPEC(vreemd)	1	720927	99.5926
Lion SPEC(deeleigen)	1	720928	99.5927
Links SPEC(deeleigen)	1	720929	99.5929
Linking SPEC(vreemd)	1	720930	99.593
Linkin SPEC(deeleigen)	1	720931	99.5932
Link SPEC(vreemd)	1	720932	99.5933
Lineus SPEC(deeleigen)	1	720933	99.5934
Lineaire SPEC(deeleigen)	1	720934	99.5936
Limburgers SPEC(deeleigen)	1	720935	99.5937
Lilly SPEC(deeleigen)	1	720936	99.5939
Lillikerd SPEC(deeleigen)	1	720937	99.594
Lilian SPEC(deeleigen)	1	720938	99.5941
Lijsters SPEC(deeleigen)	1	720939	99.5943
Life SPEC(vreemd)	1	720940	99.5944
Liev SPEC(deeleigen)	1	720941	99.5945
Liesje SPEC(deeleigen)	1	720942	99.5947
Liefsss SPEC(deeleigen)	1	720943	99.5948
LiefsM SPEC(deeleigen)	1	720944	99.595
Liefke SPEC(deeleigen)	1	720945	99.5951
Lieffff SPEC(deeleigen)	1	720946	99.5952
Lieb SPEC(deeleigen)	1	720947	99.5954
Lie SPEC(deeleigen)	1	720948	99.5955
Lidl SPEC(deeleigen)	1	720949	99.5956
Lichtenvoorde SPEC(deeleigen)	1	720950	99.5958
LibiÃ« SPEC(deeleigen)	1	720951	99.5959
Li SPEC(deeleigen)	1	720952	99.5961
Leven SPEC(deeleigen)	1	720953	99.5962
Leuverinks SPEC(deeleigen)	1	720954	99.5963
Leuverinken SPEC(deeleigen)	1	720955	99.5965
Leuveria SPEC(deeleigen)	1	720956	99.5966
Leusinkjes SPEC(deeleigen)	1	720957	99.5968
Leukemia SPEC(deeleigen)	1	720958	99.5969
Lesley-Ann SPEC(deeleigen)	1	720959	99.597
Leopold SPEC(deeleigen)	1	720960	99.5972
Leonidas SPEC(deeleigen)	1	720961	99.5973
Lenz SPEC(deeleigen)	1	720962	99.5974
Lentekriebel SPEC(deeleigen)	1	720963	99.5976
Lente SPEC(deeleigen)	1	720964	99.5977
Lele SPEC(deeleigen)	1	720965	99.5979
Lekker SPEC(deeleigen)	1	720966	99.598
Lekkah SPEC(deeleigen)	1	720967	99.5981
Lekka SPEC(deeleigen)	1	720968	99.5983
Lei SPEC(deeleigen)	1	720969	99.5984
Legermuseum SPEC(deeleigen)	1	720970	99.5986
Lefty SPEC(vreemd)	1	720971	99.5987
Left SPEC(vreemd)	1	720972	99.5988
Leeuwarden SPEC(deeleigen)	1	720973	99.599
Leeuw SPEC(deeleigen)	1	720974	99.5991
Lee SPEC(deeleigen)	1	720975	99.5992
Ledig SPEC(deeleigen)	1	720976	99.5994
Led SPEC(deeleigen)	1	720977	99.5995
Leclerc SPEC(deeleigen)	1	720978	99.5997
Leave SPEC(vreemd)	1	720979	99.5998
League SPEC(deeleigen)	1	720980	99.5999
Leader SPEC(deeleigen)	1	720981	99.6001
LeMage SPEC(deeleigen)	1	720982	99.6002
Le SPEC(vreemd)	1	720983	99.6003
Le SPEC(deeleigen)	1	720984	99.6005
Laurens SPEC(deeleigen)	1	720985	99.6006
Laurence SPEC(deeleigen)	1	720986	99.6008
Laureen SPEC(vreemd)	1	720987	99.6009
Lauraine SPEC(deeleigen)	1	720988	99.601
Laufer SPEC(vreemd)	1	720989	99.6012
Latule SPEC(deeleigen)	1	720990	99.6013
Latitude SPEC(deeleigen)	1	720991	99.6015
Latijns SPEC(deeleigen)	1	720992	99.6016
Laters SPEC(deeleigen)	1	720993	99.6017
Lariam SPEC(deeleigen)	1	720994	99.6019
Lardth SPEC(deeleigen)	1	720995	99.602
Lappe SPEC(deeleigen)	1	720996	99.6021
Laplace SPEC(deeleigen)	1	720997	99.6023
Lange SPEC(deeleigen)	1	720998	99.6024
Lane SPEC(deeleigen)	1	720999	99.6026
Lancelot SPEC(deeleigen)	1	721000	99.6027
Lama SPEC(deeleigen)	1	721001	99.6028
Lalaland SPEC(deeleigen)	1	721002	99.603
Lalalalalalalalala SPEC(deeleigen)	1	721003	99.6031
Lalala SPEC(deeleigen)	1	721004	99.6032
Laert SPEC(deeleigen)	1	721005	99.6034
Lady SPEC(vreemd)	1	721006	99.6035
Ladies SPEC(vreemd)	1	721007	99.6037
Laden SPEC(deeleigen)	1	721008	99.6038
Lada SPEC(deeleigen)	1	721009	99.6039
Lacs SPEC(vreemd)	1	721010	99.6041
Lachai SPEC(deeleigen)	1	721011	99.6042
Lacanau-OcÃ©an SPEC(deeleigen)	1	721012	99.6044
Labour SPEC(vreemd)	1	721013	99.6045
Laak SPEC(deeleigen)	1	721014	99.6046
Laaf SPEC(deeleigen)	1	721015	99.6048
LaPasta SPEC(deeleigen)	1	721016	99.6049
LWE SPEC(deeleigen)	1	721017	99.605
LSA's SPEC(deeleigen)	1	721018	99.6052
LS SPEC(symb)	1	721019	99.6053
LOOS SPEC(deeleigen)	1	721020	99.6055
LOLXD SPEC(deeleigen)	1	721021	99.6056
LMAO SPEC(deeleigen)	1	721022	99.6057
LLR SPEC(deeleigen)	1	721023	99.6059
LIEKE SPEC(deeleigen)	1	721024	99.606
LI SPEC(deeleigen)	1	721025	99.6061
LEERen SPEC(deeleigen)	1	721026	99.6063
LC SPEC(vreemd)	1	721027	99.6064
LC SPEC(deeleigen)	1	721028	99.6066
LANG SPEC(deeleigen)	1	721029	99.6067
LAN-party SPEC(deeleigen)	1	721030	99.6068
LAMB-edt SPEC(deeleigen)	1	721031	99.607
KÃ¼sjes SPEC(deeleigen)	1	721032	99.6071
KÃ¶hl's SPEC(deeleigen)	1	721033	99.6073
KÃ¶hl SPEC(deeleigen)	1	721034	99.6074
Kzit SPEC(vreemd)	1	721035	99.6075
Kwn SPEC(vreemd)	1	721036	99.6077
Kwn SPEC(deeleigen)	1	721037	99.6078
Kweetetni SPEC(deeleigen)	1	721038	99.6079
Kway SPEC(vreemd)	1	721039	99.6081
Kwantum SPEC(deeleigen)	1	721040	99.6082
Kwalbert SPEC(deeleigen)	1	721041	99.6084
Kvrees SPEC(deeleigen)	1	721042	99.6085
Kvond SPEC(deeleigen)	1	721043	99.6086
Kvind SPEC(vreemd)	1	721044	99.6088
KvL SPEC(deeleigen)	1	721045	99.6089
Kv SPEC(deeleigen)	1	721046	99.609
Kuteind SPEC(deeleigen)	1	721047	99.6092
Kust SPEC(deeleigen)	1	721048	99.6093
Kusssss SPEC(deeleigen)	1	721049	99.6095
Kusss SPEC(vreemd)	1	721050	99.6096
Kussie SPEC(deeleigen)	1	721051	99.6097
Kussi SPEC(vreemd)	1	721052	99.6099
Kuss SPEC(deeleigen)	1	721053	99.61
Kusknuf SPEC(deeleigen)	1	721054	99.6102
Kuskess SPEC(vreemd)	1	721055	99.6103
Kusjeh SPEC(vreemd)	1	721056	99.6104
Kusjeee SPEC(deeleigen)	1	721057	99.6106
Kusjaaaaah SPEC(deeleigen)	1	721058	99.6107
Kurla SPEC(deeleigen)	1	721059	99.6108
Kuplung SPEC(deeleigen)	1	721060	99.611
Kunn SPEC(deeleigen)	1	721061	99.6111
Kungfu SPEC(deeleigen)	1	721062	99.6113
Kunde SPEC(deeleigen)	1	721063	99.6114
Kunal SPEC(vreemd)	1	721064	99.6115
Kulcs SPEC(vreemd)	1	721065	99.6117
Kuipers SPEC(deeleigen)	1	721066	99.6118
Ku SPEC(deeleigen)	1	721067	99.612
Ksta SPEC(vreemd)	1	721068	99.6121
Ksanten SPEC(deeleigen)	1	721069	99.6122
KrÃºdy SPEC(deeleigen)	1	721070	99.6124
Krul SPEC(deeleigen)	1	721071	99.6125
Kruidvatpotje SPEC(deeleigen)	1	721072	99.6126
Krol SPEC(deeleigen)	1	721073	99.6128
KroatiÃ« SPEC(deeleigen)	1	721074	99.6129
Kristof SPEC(deeleigen)	1	721075	99.6131
Kristel SPEC(deeleigen)	1	721076	99.6132
Krish SPEC(deeleigen)	1	721077	99.6133
Kreij SPEC(deeleigen)	1	721078	99.6135
Kramer SPEC(deeleigen)	1	721079	99.6136
Krakau SPEC(deeleigen)	1	721080	99.6137
Kprobeer SPEC(vreemd)	1	721081	99.6139
Kowlier SPEC(deeleigen)	1	721082	99.614
Kouter SPEC(deeleigen)	1	721083	99.6142
Koszonom SPEC(deeleigen)	1	721084	99.6143
Kos SPEC(deeleigen)	1	721085	99.6144
Korut SPEC(deeleigen)	1	721086	99.6146
Kortryk SPEC(deeleigen)	1	721087	99.6147
Korte SPEC(deeleigen)	1	721088	99.6149
Koppel SPEC(deeleigen)	1	721089	99.615
Kopenhagen SPEC(deeleigen)	1	721090	99.6151
Koos SPEC(deeleigen)	1	721091	99.6153
Koopiklaani SPEC(deeleigen)	1	721092	99.6154
Kook-Clinic SPEC(deeleigen)	1	721093	99.6155
Kontje SPEC(deeleigen)	1	721094	99.6157
Koningsplein SPEC(deeleigen)	1	721095	99.6158
Koninginnenach SPEC(deeleigen)	1	721096	99.616
Kone SPEC(deeleigen)	1	721097	99.6161
Kollie SPEC(vreemd)	1	721098	99.6162
Kollie SPEC(deeleigen)	1	721099	99.6164
Koldeweetjes SPEC(deeleigen)	1	721100	99.6165
Koldewee SPEC(vreemd)	1	721101	99.6166
Koksijde SPEC(deeleigen)	1	721102	99.6168
Kohl SPEC(deeleigen)	1	721103	99.6169
Koggel SPEC(deeleigen)	1	721104	99.6171
Koffiebaas SPEC(deeleigen)	1	721105	99.6172
Koets SPEC(deeleigen)	1	721106	99.6173
Koerier SPEC(deeleigen)	1	721107	99.6175
Koenyn SPEC(deeleigen)	1	721108	99.6176
Koekert SPEC(deeleigen)	1	721109	99.6178
Kobe SPEC(deeleigen)	1	721110	99.6179
KnÃ¶lleke SPEC(deeleigen)	1	721111	99.618
Knysna SPEC(deeleigen)	1	721112	99.6182
Knorr SPEC(deeleigen)	1	721113	99.6183
Kn SPEC(deeleigen)	1	721114	99.6184
Kmag SPEC(vreemd)	1	721115	99.6186
KlÃ¶pping SPEC(deeleigen)	1	721116	99.6187
Klotemasker SPEC(deeleigen)	1	721117	99.6189
Kliko SPEC(deeleigen)	1	721118	99.619
Kleve SPEC(deeleigen)	1	721119	99.6191
Kleinen SPEC(deeleigen)	1	721120	99.6193
Klaverstraat SPEC(deeleigen)	1	721121	99.6194
Klant SPEC(deeleigen)	1	721122	99.6195
Klaassen SPEC(deeleigen)	1	721123	99.6197
Klaartje SPEC(deeleigen)	1	721124	99.6198
Kkon SPEC(deeleigen)	1	721125	99.62
Kit SPEC(deeleigen)	1	721126	99.6201
Kissykiss SPEC(deeleigen)	1	721127	99.6202
Kissy SPEC(deeleigen)	1	721128	99.6204
Kisss SPEC(deeleigen)	1	721129	99.6205
Kisskiss SPEC(deeleigen)	1	721130	99.6207
Kissie SPEC(deeleigen)	1	721131	99.6208
Kirsten SPEC(deeleigen)	1	721132	99.6209
Kinki SPEC(deeleigen)	1	721133	99.6211
Kinkfm.com SPEC(symb)	1	721134	99.6212
King's SPEC(vreemd)	1	721135	99.6213
King SPEC(vreemd)	1	721136	99.6215
Kinepolis SPEC(deeleigen)	1	721137	99.6216
Kinda SPEC(vreemd)	1	721138	99.6218
Kill SPEC(deeleigen)	1	721139	99.6219
Kids SPEC(vreemd)	1	721140	99.622
Kick SPEC(deeleigen)	1	721141	99.6222
Kheb SPEC(vreemd)	1	721142	99.6223
Kging SPEC(vreemd)	1	721143	99.6224
Keys SPEC(vreemd)	1	721144	99.6226
Ket SPEC(deeleigen)	1	721145	99.6227
Kesteloot SPEC(deeleigen)	1	721146	99.6229
Kertesz SPEC(deeleigen)	1	721147	99.623
Kerst SPEC(deeleigen)	1	721148	99.6231
Kers SPEC(deeleigen)	1	721149	99.6233
Kermisfm.nl SPEC(symb)	1	721150	99.6234
Kerkstraat SPEC(deeleigen)	1	721151	99.6236
Kerk SPEC(deeleigen)	1	721152	99.6237
Kenzo SPEC(deeleigen)	1	721153	99.6238
Kenya SPEC(deeleigen)	1	721154	99.624
Kennis SPEC(deeleigen)	1	721155	99.6241
Kenneth SPEC(deeleigen)	1	721156	99.6242
Kempinsky SPEC(deeleigen)	1	721157	99.6244
Kemelstraat SPEC(deeleigen)	1	721158	99.6245
Kelty SPEC(deeleigen)	1	721159	99.6247
Kelly's SPEC(deeleigen)	1	721160	99.6248
Keleti SPEC(vreemd)	1	721161	99.6249
Keldby SPEC(deeleigen)	1	721162	99.6251
Keizerpark SPEC(deeleigen)	1	721163	99.6252
Keizer SPEC(deeleigen)	1	721164	99.6254
Keershuys SPEC(deeleigen)	1	721165	99.6255
Keer SPEC(deeleigen)	1	721166	99.6256
Keen SPEC(deeleigen)	1	721167	99.6258
Kee SPEC(deeleigen)	1	721168	99.6259
Kedeng-kedeng SPEC(deeleigen)	1	721169	99.626
Ke SPEC(deeleigen)	1	721170	99.6262
Kbel SPEC(deeleigen)	1	721171	99.6263
Kaz SPEC(deeleigen)	1	721172	99.6265
Kaushal SPEC(vreemd)	1	721173	99.6266
Katz SPEC(deeleigen)	1	721174	99.6267
Katrientje SPEC(deeleigen)	1	721175	99.6269
Karsten SPEC(deeleigen)	1	721176	99.627
Kars SPEC(deeleigen)	1	721177	99.6271
Karpendonkse SPEC(deeleigen)	1	721178	99.6273
Karolien SPEC(deeleigen)	1	721179	99.6274
Karnsberg SPEC(deeleigen)	1	721180	99.6276
Karlsruhe SPEC(deeleigen)	1	721181	99.6277
Karlijns SPEC(deeleigen)	1	721182	99.6278
Karine SPEC(deeleigen)	1	721183	99.628
Karaoke SPEC(deeleigen)	1	721184	99.6281
Kaptein SPEC(deeleigen)	1	721185	99.6283
Kapper SPEC(deeleigen)	1	721186	99.6284
Kappelhofsweg SPEC(deeleigen)	1	721187	99.6285
Kantekleerstraat SPEC(deeleigen)	1	721188	99.6287
Kannek SPEC(deeleigen)	1	721189	99.6288
Kandimsky SPEC(deeleigen)	1	721190	99.6289
Kanaarke SPEC(deeleigen)	1	721191	99.6291
Kamra SPEC(deeleigen)	1	721192	99.6292
Kampusch SPEC(deeleigen)	1	721193	99.6294
Kampen SPEC(deeleigen)	1	721194	99.6295
Kamp SPEC(deeleigen)	1	721195	99.6296
Kamerlingh SPEC(deeleigen)	1	721196	99.6298
Kamer SPEC(deeleigen)	1	721197	99.6299
Kalyan SPEC(vreemd)	1	721198	99.63
Kalvin SPEC(vreemd)	1	721199	99.6302
Kaketoe SPEC(deeleigen)	1	721200	99.6303
Kaka SPEC(deeleigen)	1	721201	99.6305
Kaisers SPEC(deeleigen)	1	721202	99.6306
Kabouter SPEC(deeleigen)	1	721203	99.6307
Kaatsheuvel-city SPEC(deeleigen)	1	721204	99.6309
Kaai SPEC(deeleigen)	1	721205	99.631
KUT SPEC(deeleigen)	1	721206	99.6312
KUSJES SPEC(deeleigen)	1	721207	99.6313
KSE-klasgenote SPEC(deeleigen)	1	721208	99.6314
KPN SPEC(deeleigen)	1	721209	99.6316
KNVB SPEC(deeleigen)	1	721210	99.6317
KNUFFEL SPEC(deeleigen)	1	721211	99.6318
KNOL SPEC(deeleigen)	1	721212	99.632
KNMI SPEC(deeleigen)	1	721213	99.6321
KLM SPEC(deeleigen)	1	721214	99.6323
KISS SPEC(vreemd)	1	721215	99.6324
KISS SPEC(deeleigen)	1	721216	99.6325
KINGDOM SPEC(deeleigen)	1	721217	99.6327
KFC SPEC(deeleigen)	1	721218	99.6328
KE SPEC(deeleigen)	1	721219	99.6329
KARAOKE SPEC(deeleigen)	1	721220	99.6331
KAN SPEC(deeleigen)	1	721221	99.6332
K-weg SPEC(deeleigen)	1	721222	99.6334
JÃ¶nkÃ¶ping SPEC(deeleigen)	1	721223	99.6335
JÃ³nsi SPEC(deeleigen)	1	721224	99.6336
Juul SPEC(deeleigen)	1	721225	99.6338
Juu SPEC(deeleigen)	1	721226	99.6339
Jut SPEC(deeleigen)	1	721227	99.6341
Justine SPEC(deeleigen)	1	721228	99.6342
Justin SPEC(deeleigen)	1	721229	99.6343
Jurre SPEC(deeleigen)	1	721230	99.6345
Jurjen SPEC(deeleigen)	1	721231	99.6346
JuppÃ© SPEC(deeleigen)	1	721232	99.6347
Jumbo SPEC(deeleigen)	1	721233	99.6349
Julio SPEC(deeleigen)	1	721234	99.635
Juliet SPEC(deeleigen)	1	721235	99.6352
Julien SPEC(deeleigen)	1	721236	99.6353
Julie SPEC(deeleigen)	1	721237	99.6354
Julianadorp SPEC(deeleigen)	1	721238	99.6356
Juli SPEC(deeleigen)	1	721239	99.6357
Jule SPEC(vreemd)	1	721240	99.6358
Jule SPEC(deeleigen)	1	721241	99.636
Jul SPEC(deeleigen)	1	721242	99.6361
Jude SPEC(deeleigen)	1	721243	99.6363
Jtje SPEC(deeleigen)	1	721244	99.6364
Js SPEC(deeleigen)	1	721245	99.6365
Jr. SPEC(afk)	1	721246	99.6367
JoÃ³ SPEC(deeleigen)	1	721247	99.6368
Jozias SPEC(deeleigen)	1	721248	99.637
Joyjoy SPEC(deeleigen)	1	721249	99.6371
Jovi SPEC(deeleigen)	1	721250	99.6372
Jouwes SPEC(deeleigen)	1	721251	99.6374
Josse SPEC(deeleigen)	1	721252	99.6375
Joseph SPEC(deeleigen)	1	721253	99.6376
Jorika SPEC(deeleigen)	1	721254	99.6378
Jordi SPEC(deeleigen)	1	721255	99.6379
Joran SPEC(deeleigen)	1	721256	99.6381
Joppe SPEC(deeleigen)	1	721257	99.6382
Jopla SPEC(deeleigen)	1	721258	99.6383
Joowh SPEC(deeleigen)	1	721259	99.6385
Joost-datingshow-update SPEC(deeleigen)	1	721260	99.6386
Joost's SPEC(deeleigen)	1	721261	99.6388
Joopie SPEC(deeleigen)	1	721262	99.6389
Joop SPEC(deeleigen)	1	721263	99.639
Jonsi SPEC(vreemd)	1	721264	99.6392
Jonkerbos SPEC(deeleigen)	1	721265	99.6393
Jones SPEC(deeleigen)	1	721266	99.6394
Jolyn SPEC(deeleigen)	1	721267	99.6396
Jolijn SPEC(deeleigen)	1	721268	99.6397
Jolanda SPEC(deeleigen)	1	721269	99.6399
Jokkmokk SPEC(deeleigen)	1	721270	99.64
Jokio SPEC(vreemd)	1	721271	99.6401
Joki SPEC(deeleigen)	1	721272	99.6403
Joker SPEC(deeleigen)	1	721273	99.6404
Jokai SPEC(vreemd)	1	721274	99.6405
Jojo SPEC(deeleigen)	1	721275	99.6407
Jojanneke SPEC(deeleigen)	1	721276	99.6408
Johova SPEC(deeleigen)	1	721277	99.641
Johnson SPEC(deeleigen)	1	721278	99.6411
Johnnie SPEC(deeleigen)	1	721279	99.6412
Johans SPEC(deeleigen)	1	721280	99.6414
Joey SPEC(deeleigen)	1	721281	99.6415
Joerie SPEC(deeleigen)	1	721282	99.6417
Joepi SPEC(deeleigen)	1	721283	99.6418
Jody SPEC(deeleigen)	1	721284	99.6419
Jochems SPEC(deeleigen)	1	721285	99.6421
Joaquin SPEC(deeleigen)	1	721286	99.6422
Joanne SPEC(deeleigen)	1	721287	99.6423
JmhH SPEC(deeleigen)	1	721288	99.6425
Jip SPEC(deeleigen)	1	721289	99.6426
Jin SPEC(deeleigen)	1	721290	99.6428
Jil SPEC(vreemd)	1	721291	99.6429
Jikke SPEC(deeleigen)	1	721292	99.643
Jews SPEC(vreemd)	1	721293	99.6432
Jesus SPEC(vreemd)	1	721294	99.6433
Jessy SPEC(deeleigen)	1	721295	99.6434
Jerre SPEC(deeleigen)	1	721296	99.6436
Jerome SPEC(deeleigen)	1	721297	99.6437
Jeno SPEC(deeleigen)	1	721298	99.6439
Jenga SPEC(deeleigen)	1	721299	99.644
Jelte SPEC(deeleigen)	1	721300	99.6441
Jellyfish SPEC(deeleigen)	1	721301	99.6443
Jelger SPEC(deeleigen)	1	721302	99.6444
Jelen SPEC(vreemd)	1	721303	99.6446
Jeffry SPEC(deeleigen)	1	721304	99.6447
Jeej SPEC(vreemd)	1	721305	99.6448
Jeeej SPEC(deeleigen)	1	721306	99.645
Jeeeeetje SPEC(deeleigen)	1	721307	99.6451
Jeanne SPEC(deeleigen)	1	721308	99.6452
Jealous SPEC(deeleigen)	1	721309	99.6454
Jazzclub SPEC(deeleigen)	1	721310	99.6455
Jazz SPEC(vreemd)	1	721311	99.6457
Jazai SPEC(deeleigen)	1	721312	99.6458
Jawohl SPEC(vreemd)	1	721313	99.6459
Java-ontwikkelaars SPEC(deeleigen)	1	721314	99.6461
Jaszai SPEC(deeleigen)	1	721315	99.6462
Jaqueline SPEC(deeleigen)	1	721316	99.6463
Japanese SPEC(deeleigen)	1	721317	99.6465
Japan SPEC(deeleigen)	1	721318	99.6466
Jap SPEC(vreemd)	1	721319	99.6468
Januari SPEC(deeleigen)	1	721320	99.6469
Jantje SPEC(deeleigen)	1	721321	99.647
Jantiet SPEC(deeleigen)	1	721322	99.6472
Janta SPEC(deeleigen)	1	721323	99.6473
Janske SPEC(deeleigen)	1	721324	99.6475
Jans SPEC(deeleigen)	1	721325	99.6476
Jannie SPEC(deeleigen)	1	721326	99.6477
Jamie SPEC(deeleigen)	1	721327	99.6479
Jamesken SPEC(deeleigen)	1	721328	99.648
Jamajaa SPEC(deeleigen)	1	721329	99.6481
Jaja SPEC(vreemd)	1	721330	99.6483
Jager SPEC(deeleigen)	1	721331	99.6484
Jag SPEC(deeleigen)	1	721332	99.6486
Jadeena SPEC(deeleigen)	1	721333	99.6487
Jade SPEC(vreemd)	1	721334	99.6488
Jade SPEC(deeleigen)	1	721335	99.649
Jacomijn SPEC(deeleigen)	1	721336	99.6491
Jacobs-Experience SPEC(deeleigen)	1	721337	99.6492
Jacobien SPEC(deeleigen)	1	721338	99.6494
Jacob SPEC(deeleigen)	1	721339	99.6495
Jackie SPEC(deeleigen)	1	721340	99.6497
Jacket SPEC(vreemd)	1	721341	99.6498
Jackass SPEC(vreemd)	1	721342	99.6499
Jacht SPEC(deeleigen)	1	721343	99.6501
Jaah SPEC(deeleigen)	1	721344	99.6502
Jaaaaaahh SPEC(deeleigen)	1	721345	99.6504
Jaaaaaa SPEC(deeleigen)	1	721346	99.6505
Jaaa SPEC(vreemd)	1	721347	99.6506
Jaaa SPEC(deeleigen)	1	721348	99.6508
JaaAaaaaaah SPEC(deeleigen)	1	721349	99.6509
JT SPEC(deeleigen)	1	721350	99.651
JOEPIEEE SPEC(vreemd)	1	721351	99.6512
JJP SPEC(deeleigen)	1	721352	99.6513
JIJ SPEC(deeleigen)	1	721353	99.6515
JEEEEEEEEEEEJ SPEC(deeleigen)	1	721354	99.6516
JC SPEC(deeleigen)	1	721355	99.6517
JAMMER SPEC(deeleigen)	1	721356	99.6519
JALOERS SPEC(deeleigen)	1	721357	99.652
JADANKUWELJA SPEC(deeleigen)	1	721358	99.6522
J.A. SPEC(symb)	1	721359	99.6523
Izabella SPEC(deeleigen)	1	721360	99.6524
Iz SPEC(deeleigen)	1	721361	99.6526
Iwan SPEC(deeleigen)	1	721362	99.6527
Ivm SPEC(deeleigen)	1	721363	99.6528
Iva SPEC(deeleigen)	1	721364	99.653
Itunes SPEC(deeleigen)	1	721365	99.6531
Itgwo SPEC(deeleigen)	1	721366	99.6533
Italy SPEC(vreemd)	1	721367	99.6534
Iszabella SPEC(deeleigen)	1	721368	99.6535
Istanboel SPEC(deeleigen)	1	721369	99.6537
Isda SPEC(deeleigen)	1	721370	99.6538
Isabelle SPEC(deeleigen)	1	721371	99.6539
Irritaal SPEC(deeleigen)	1	721372	99.6541
Ironman SPEC(deeleigen)	1	721373	99.6542
Iron SPEC(deeleigen)	1	721374	99.6544
Irish SPEC(deeleigen)	1	721375	99.6545
Irenetunnel SPEC(deeleigen)	1	721376	99.6546
Ipv SPEC(deeleigen)	1	721377	99.6548
Inzell SPEC(deeleigen)	1	721378	99.6549
Into SPEC(deeleigen)	1	721379	99.6551
International SPEC(vreemd)	1	721380	99.6552
Intermezzo SPEC(deeleigen)	1	721381	99.6553
Inter SPEC(deeleigen)	1	721382	99.6555
Inspector SPEC(deeleigen)	1	721383	99.6556
Inside SPEC(vreemd)	1	721384	99.6557
Inne SPEC(deeleigen)	1	721385	99.6559
Ingrids SPEC(deeleigen)	1	721386	99.656
Inglorious SPEC(deeleigen)	1	721387	99.6562
Informed SPEC(deeleigen)	1	721388	99.6563
Info SPEC(deeleigen)	1	721389	99.6564
Inez SPEC(deeleigen)	1	721390	99.6566
Ine SPEC(deeleigen)	1	721391	99.6567
Indy SPEC(deeleigen)	1	721392	99.6568
Indra SPEC(deeleigen)	1	721393	99.657
IndiÃ«r SPEC(deeleigen)	1	721394	99.6571
Indian SPEC(vreemd)	1	721395	99.6573
Independent SPEC(deeleigen)	1	721396	99.6574
Inception SPEC(vreemd)	1	721397	99.6575
Inception SPEC(deeleigen)	1	721398	99.6577
Inc. SPEC(afk)	1	721399	99.6578
Inc SPEC(deeleigen)	1	721400	99.658
InDesign SPEC(vreemd)	1	721401	99.6581
Immanuelkerk SPEC(deeleigen)	1	721402	99.6582
Imke SPEC(deeleigen)	1	721403	99.6584
Imca SPEC(deeleigen)	1	721404	99.6585
Images SPEC(deeleigen)	1	721405	99.6586
Im SPEC(deeleigen)	1	721406	99.6588
Ilyana's SPEC(deeleigen)	1	721407	99.6589
Ilyaantje SPEC(deeleigen)	1	721408	99.6591
Ilses SPEC(deeleigen)	1	721409	99.6592
Ils SPEC(deeleigen)	1	721410	99.6593
Ill SPEC(deeleigen)	1	721411	99.6595
Il SPEC(vreemd)	1	721412	99.6596
Il SPEC(deeleigen)	1	721413	99.6597
Ikea-records SPEC(deeleigen)	1	721414	99.6599
Ik SPEC(deeleigen)	1	721415	99.66
Ijsmeester SPEC(deeleigen)	1	721416	99.6602
Ijsland SPEC(deeleigen)	1	721417	99.6603
Ijpelaars SPEC(deeleigen)	1	721418	99.6604
Ijpelaar SPEC(deeleigen)	1	721419	99.6606
Iiiiiih SPEC(deeleigen)	1	721420	99.6607
Igor SPEC(deeleigen)	1	721421	99.6609
Ids SPEC(deeleigen)	1	721422	99.661
Idi SPEC(deeleigen)	1	721423	99.6611
Idestrup SPEC(deeleigen)	1	721424	99.6613
Ideas SPEC(deeleigen)	1	721425	99.6614
Ideal SPEC(vreemd)	1	721426	99.6615
Idea SPEC(vreemd)	1	721427	99.6617
Idd SPEC(vreemd)	1	721428	99.6618
Idan SPEC(vreemd)	1	721429	99.662
Ida SPEC(deeleigen)	1	721430	99.6621
Id SPEC(vreemd)	1	721431	99.6622
Ice SPEC(vreemd)	1	721432	99.6624
Ic SPEC(deeleigen)	1	721433	99.6625
Ibuprofen SPEC(deeleigen)	1	721434	99.6626
IZU SPEC(deeleigen)	1	721435	99.6628
ITster SPEC(deeleigen)	1	721436	99.6629
IRI SPEC(deeleigen)	1	721437	99.6631
IQ SPEC(deeleigen)	1	721438	99.6632
IJssel SPEC(deeleigen)	1	721439	99.6633
IJsland SPEC(deeleigen)	1	721440	99.6635
II+ SPEC(symb)	1	721441	99.6636
IET SPEC(vreemd)	1	721442	99.6638
ICC SPEC(deeleigen)	1	721443	99.6639
IBK SPEC(deeleigen)	1	721444	99.664
IB-groep SPEC(deeleigen)	1	721445	99.6642
I.v.m. SPEC(deeleigen)	1	721446	99.6643
I.t.t. SPEC(afk)	1	721447	99.6644
HÃ¨ze SPEC(deeleigen)	1	721448	99.6646
HÃ¨b SPEC(deeleigen)	1	721449	99.6647
Hvjxkxkx SPEC(deeleigen)	1	721450	99.6649
Hvj SPEC(vreemd)	1	721451	99.665
Huub SPEC(deeleigen)	1	721452	99.6651
Husnu SPEC(deeleigen)	1	721453	99.6653
Hurkmans SPEC(deeleigen)	1	721454	99.6654
Hupla SPEC(deeleigen)	1	721455	99.6656
Hungarians SPEC(vreemd)	1	721456	99.6657
Hungarian SPEC(vreemd)	1	721457	99.6658
Hungarian SPEC(deeleigen)	1	721458	99.666
Humphrey's SPEC(deeleigen)	1	721459	99.6661
Human SPEC(vreemd)	1	721460	99.6662
Huizen SPEC(deeleigen)	1	721461	99.6664
Huijgenweg SPEC(deeleigen)	1	721462	99.6665
Huijgens SPEC(deeleigen)	1	721463	99.6667
Huijbers SPEC(deeleigen)	1	721464	99.6668
Huh SPEC(deeleigen)	1	721465	99.6669
Hug SPEC(vreemd)	1	721466	99.6671
Hu SPEC(deeleigen)	1	721467	99.6672
Https://mailhost.vzwkompas.be/owa SPEC(symb)	1	721468	99.6673
Htc SPEC(vreemd)	1	721469	99.6675
Ht SPEC(afk)	1	721470	99.6676
Howdy SPEC(vreemd)	1	721471	99.6678
How SPEC(deeleigen)	1	721472	99.6679
Hoving SPEC(deeleigen)	1	721473	99.668
Hot SPEC(vreemd)	1	721474	99.6682
Hosts SPEC(deeleigen)	1	721475	99.6683
Horsforth SPEC(vreemd)	1	721476	99.6685
Horneymann SPEC(deeleigen)	1	721477	99.6686
Hopi SPEC(deeleigen)	1	721478	99.6687
Hoow SPEC(vreemd)	1	721479	99.6689
Hoornaar SPEC(deeleigen)	1	721480	99.669
Hoorn SPEC(deeleigen)	1	721481	99.6691
Hoor SPEC(vreemd)	1	721482	99.6693
Hooper SPEC(deeleigen)	1	721483	99.6694
Hoogstr SPEC(deeleigen)	1	721484	99.6696
Hooglede SPEC(deeleigen)	1	721485	99.6697
Hood SPEC(deeleigen)	1	721486	99.6698
Hongkong SPEC(deeleigen)	1	721487	99.67
Hongaars SPEC(deeleigen)	1	721488	99.6701
Homer SPEC(deeleigen)	1	721489	99.6702
Hollandia SPEC(deeleigen)	1	721490	99.6704
Holding SPEC(deeleigen)	1	721491	99.6705
Hoja SPEC(deeleigen)	1	721492	99.6707
Hoi.fi SPEC(symb)	1	721493	99.6708
Hogent SPEC(deeleigen)	1	721494	99.6709
Hoff SPEC(deeleigen)	1	721495	99.6711
Hoevenaars SPEC(deeleigen)	1	721496	99.6712
Hoerreeeeeuuuuuun SPEC(vreemd)	1	721497	99.6714
Hoer(a) SPEC(deeleigen)	1	721498	99.6715
Hoelaat SPEC(vreemd)	1	721499	99.6716
Hoegaarden SPEC(deeleigen)	1	721500	99.6718
Hoe's SPEC(deeleigen)	1	721501	99.6719
Hockeyfederatie SPEC(deeleigen)	1	721502	99.672
HoGent SPEC(deeleigen)	1	721503	99.6722
Hmmmpf SPEC(deeleigen)	1	721504	99.6723
Hmm SPEC(deeleigen)	1	721505	99.6725
Hits SPEC(vreemd)	1	721506	99.6726
Hitler SPEC(deeleigen)	1	721507	99.6727
Hippy SPEC(deeleigen)	1	721508	99.6729
Hindu SPEC(deeleigen)	1	721509	99.673
Himmel SPEC(deeleigen)	1	721510	99.6731
Hilversum SPEC(deeleigen)	1	721511	99.6733
Hillie SPEC(deeleigen)	1	721512	99.6734
Hille SPEC(deeleigen)	1	721513	99.6736
Hillary SPEC(deeleigen)	1	721514	99.6737
Hill SPEC(vreemd)	1	721515	99.6738
Hill SPEC(deeleigen)	1	721516	99.674
Hilke SPEC(vreemd)	1	721517	99.6741
Hilke SPEC(deeleigen)	1	721518	99.6743
Hil SPEC(deeleigen)	1	721519	99.6744
Hik SPEC(deeleigen)	1	721520	99.6745
Hihihhi SPEC(deeleigen)	1	721521	99.6747
Highlands SPEC(deeleigen)	1	721522	99.6748
Highland SPEC(deeleigen)	1	721523	99.6749
High SPEC(vreemd)	1	721524	99.6751
Hifidelity SPEC(deeleigen)	1	721525	99.6752
Hierwonen.nl SPEC(symb)	1	721526	99.6754
Hiedis SPEC(deeleigen)	1	721527	99.6755
Hidde SPEC(deeleigen)	1	721528	99.6756
HiTiME SPEC(deeleigen)	1	721529	99.6758
Hi.nl SPEC(symb)	1	721530	99.6759
Hi-stand SPEC(deeleigen)	1	721531	99.676
Hhhja SPEC(deeleigen)	1	721532	99.6762
Hfml SPEC(deeleigen)	1	721533	99.6763
Heze SPEC(deeleigen)	1	721534	99.6765
Heyo SPEC(deeleigen)	1	721535	99.6766
Heyendaalweekend SPEC(deeleigen)	1	721536	99.6767
Heyendaalerts SPEC(deeleigen)	1	721537	99.6769
Heyendaal SPEC(deeleigen)	1	721538	99.677
Heyden SPEC(deeleigen)	1	721539	99.6772
Heuz SPEC(deeleigen)	1	721540	99.6773
Heuy SPEC(deeleigen)	1	721541	99.6774
Heuvelstraat SPEC(deeleigen)	1	721542	99.6776
Het SPEC(deeleigen)	1	721543	99.6777
Hessels SPEC(deeleigen)	1	721544	99.6778
Hessel's SPEC(deeleigen)	1	721545	99.678
Hess SPEC(deeleigen)	1	721546	99.6781
Hesp SPEC(deeleigen)	1	721547	99.6783
Hermen SPEC(deeleigen)	1	721548	99.6784
Heren SPEC(deeleigen)	1	721549	99.6785
Hepatitis SPEC(deeleigen)	1	721550	99.6787
Henri SPEC(deeleigen)	1	721551	99.6788
Henny SPEC(deeleigen)	1	721552	99.679
Hennie SPEC(deeleigen)	1	721553	99.6791
Hendriettestraat SPEC(deeleigen)	1	721554	99.6792
Henderina SPEC(vreemd)	1	721555	99.6794
Henderina SPEC(deeleigen)	1	721556	99.6795
Hempenius SPEC(deeleigen)	1	721557	99.6796
Hemelvaart SPEC(deeleigen)	1	721558	99.6798
Hemant SPEC(vreemd)	1	721559	99.6799
Hemant SPEC(deeleigen)	1	721560	99.6801
Hellevoetsluis SPEC(deeleigen)	1	721561	99.6802
Heli SPEC(deeleigen)	1	721562	99.6803
Helga SPEC(deeleigen)	1	721563	99.6805
Helena SPEC(deeleigen)	1	721564	99.6806
Helder SPEC(deeleigen)	1	721565	99.6807
Helaholahallo SPEC(deeleigen)	1	721566	99.6809
Helaba SPEC(deeleigen)	1	721567	99.681
Heks SPEC(deeleigen)	1	721568	99.6812
Hejhej SPEC(deeleigen)	1	721569	99.6813
Heja SPEC(deeleigen)	1	721570	99.6814
Heino SPEC(deeleigen)	1	721571	99.6816
Heineken SPEC(deeleigen)	1	721572	99.6817
Hein SPEC(deeleigen)	1	721573	99.6819
Hehe SPEC(vreemd)	1	721574	99.682
Hehe SPEC(deeleigen)	1	721575	99.6821
Heeze SPEC(deeleigen)	1	721576	99.6823
Heeswijkstraat SPEC(deeleigen)	1	721577	99.6824
Heerdink SPEC(deeleigen)	1	721578	99.6825
Heemstedelaan SPEC(deeleigen)	1	721579	99.6827
Heeeeeeeeey SPEC(deeleigen)	1	721580	99.6828
Hector SPEC(deeleigen)	1	721581	99.683
Hebde SPEC(deeleigen)	1	721582	99.6831
Heathrow SPEC(deeleigen)	1	721583	99.6832
Heard SPEC(vreemd)	1	721584	99.6834
Health SPEC(vreemd)	1	721585	99.6835
Heading SPEC(vreemd)	1	721586	99.6836
Head's SPEC(vreemd)	1	721587	99.6838
He's SPEC(vreemd)	1	721588	99.6839
Hbf SPEC(deeleigen)	1	721589	99.6841
Hazes SPEC(deeleigen)	1	721590	99.6842
Hazard SPEC(deeleigen)	1	721591	99.6843
Havent SPEC(deeleigen)	1	721592	99.6845
Hau SPEC(vreemd)	1	721593	99.6846
Hatsjiekiedee SPEC(deeleigen)	1	721594	99.6848
Hasst SPEC(vreemd)	1	721595	99.6849
Has SPEC(vreemd)	1	721596	99.685
Hartman SPEC(deeleigen)	1	721597	99.6852
Hartenberg SPEC(deeleigen)	1	721598	99.6853
Harriet SPEC(deeleigen)	1	721599	99.6854
Harrie SPEC(deeleigen)	1	721600	99.6856
Harold SPEC(deeleigen)	1	721601	99.6857
Haris SPEC(vreemd)	1	721602	99.6859
Haren SPEC(deeleigen)	1	721603	99.686
Harelbeke SPEC(deeleigen)	1	721604	99.6861
Hardly SPEC(vreemd)	1	721605	99.6863
Harderwijk SPEC(deeleigen)	1	721606	99.6864
Harde SPEC(deeleigen)	1	721607	99.6865
Hans[status] SPEC(deeleigen)	1	721608	99.6867
Hannie SPEC(deeleigen)	1	721609	99.6868
Hanna SPEC(deeleigen)	1	721610	99.687
Hanja SPEC(deeleigen)	1	721611	99.6871
Hangover SPEC(vreemd)	1	721612	99.6872
Hancock SPEC(deeleigen)	1	721613	99.6874
Hamme SPEC(deeleigen)	1	721614	99.6875
Hamerlaan SPEC(deeleigen)	1	721615	99.6877
Hamel SPEC(deeleigen)	1	721616	99.6878
Hamar SPEC(deeleigen)	1	721617	99.6879
Halverson SPEC(deeleigen)	1	721618	99.6881
Hals SPEC(deeleigen)	1	721619	99.6882
Halloweenparty SPEC(deeleigen)	1	721620	99.6883
Halfbloedbaby SPEC(deeleigen)	1	721621	99.6885
Hajparsiti SPEC(deeleigen)	1	721622	99.6886
Haii SPEC(deeleigen)	1	721623	99.6888
Hahahahaha SPEC(deeleigen)	1	721624	99.6889
Hahahaa SPEC(deeleigen)	1	721625	99.689
Hahah SPEC(vreemd)	1	721626	99.6892
Hahaa SPEC(deeleigen)	1	721627	99.6893
HahaXD SPEC(deeleigen)	1	721628	99.6894
Hague SPEC(vreemd)	1	721629	99.6896
Hadiepa SPEC(deeleigen)	1	721630	99.6897
Hade SPEC(deeleigen)	1	721631	99.6899
Hada SPEC(deeleigen)	1	721632	99.69
Haci SPEC(deeleigen)	1	721633	99.6901
Haast SPEC(deeleigen)	1	721634	99.6903
Haarlemmerstraat SPEC(deeleigen)	1	721635	99.6904
HW SPEC(deeleigen)	1	721636	99.6906
HV SPEC(deeleigen)	1	721637	99.6907
HU SPEC(deeleigen)	1	721638	99.6908
HTM SPEC(deeleigen)	1	721639	99.691
HRO SPEC(deeleigen)	1	721640	99.6911
HP SPEC(deeleigen)	1	721641	99.6912
HONGER SPEC(deeleigen)	1	721642	99.6914
HOLLAND SPEC(deeleigen)	1	721643	99.6915
HMH SPEC(deeleigen)	1	721644	99.6917
HK SPEC(symb)	1	721645	99.6918
HJ's SPEC(deeleigen)	1	721646	99.6919
HIMYM SPEC(deeleigen)	1	721647	99.6921
HGL SPEC(deeleigen)	1	721648	99.6922
HETE SPEC(deeleigen)	1	721649	99.6924
HELP SPEC(deeleigen)	1	721650	99.6925
HELAAS SPEC(deeleigen)	1	721651	99.6926
HEERLYK SPEC(deeleigen)	1	721652	99.6928
HEB SPEC(deeleigen)	1	721653	99.6929
HDX SPEC(deeleigen)	1	721654	99.693
HDMI SPEC(deeleigen)	1	721655	99.6932
HC SPEC(deeleigen)	1	721656	99.6933
HAVO SPEC(deeleigen)	1	721657	99.6935
HATELIJK SPEC(deeleigen)	1	721658	99.6936
HAPPY SPEC(deeleigen)	1	721659	99.6937
HALT SPEC(deeleigen)	1	721660	99.6939
HALLO SPEC(deeleigen)	1	721661	99.694
HAAT SPEC(deeleigen)	1	721662	99.6941
HA SPEC(symb)	1	721663	99.6943
GÃ¼terfahrzeuge SPEC(deeleigen)	1	721664	99.6944
GÃ¶dÃ¶r SPEC(vreemd)	1	721665	99.6946
GÃ©rard SPEC(deeleigen)	1	721666	99.6947
Gy SPEC(deeleigen)	1	721667	99.6948
Gwn SPEC(vreemd)	1	721668	99.695
Gwen SPEC(deeleigen)	1	721669	99.6951
Guy SPEC(deeleigen)	1	721670	99.6953
Guustje SPEC(deeleigen)	1	721671	99.6954
Guurtje SPEC(deeleigen)	1	721672	99.6955
Gutenberg SPEC(vreemd)	1	721673	99.6957
Gus SPEC(deeleigen)	1	721674	99.6958
Guarda SPEC(vreemd)	1	721675	99.6959
Grz SPEC(deeleigen)	1	721676	99.6961
Grtn SPEC(deeleigen)	1	721677	99.6962
Groundhog SPEC(deeleigen)	1	721678	99.6964
Grotelaan SPEC(deeleigen)	1	721679	99.6965
Grootfeest SPEC(deeleigen)	1	721680	99.6966
Groninger SPEC(deeleigen)	1	721681	99.6968
Groetjed SPEC(vreemd)	1	721682	99.6969
Groetenn SPEC(deeleigen)	1	721683	99.697
Groetee SPEC(deeleigen)	1	721684	99.6972
Groessen SPEC(deeleigen)	1	721685	99.6973
Groente SPEC(deeleigen)	1	721686	99.6975
Groene SPEC(deeleigen)	1	721687	99.6976
Grmpf SPEC(deeleigen)	1	721688	99.6977
Grin SPEC(deeleigen)	1	721689	99.6979
Grillplaat SPEC(deeleigen)	1	721690	99.698
Grieken SPEC(deeleigen)	1	721691	99.6982
Grens SPEC(deeleigen)	1	721692	99.6983
Grenouille SPEC(vreemd)	1	721693	99.6984
Grenada SPEC(deeleigen)	1	721694	99.6986
Greet SPEC(deeleigen)	1	721695	99.6987
Green SPEC(deeleigen)	1	721696	99.6988
Gred SPEC(deeleigen)	1	721697	99.699
Great SPEC(vreemd)	1	721698	99.6991
Gratis SPEC(deeleigen)	1	721699	99.6993
Grand SPEC(vreemd)	1	721700	99.6994
Gracias SPEC(vreemd)	1	721701	99.6995
Graanbeurs SPEC(deeleigen)	1	721702	99.6997
Govers SPEC(deeleigen)	1	721703	99.6998
Gotthard-Pass SPEC(vreemd)	1	721704	99.6999
Gotta SPEC(vreemd)	1	721705	99.7001
Goteborg SPEC(deeleigen)	1	721706	99.7002
Gossip SPEC(vreemd)	1	721707	99.7004
Gorillaz SPEC(deeleigen)	1	721708	99.7005
Goregao SPEC(deeleigen)	1	721709	99.7006
Goor SPEC(deeleigen)	1	721710	99.7008
Gooooooo SPEC(deeleigen)	1	721711	99.7009
Gooodmornin SPEC(deeleigen)	1	721712	99.7011
Good SPEC(deeleigen)	1	721713	99.7012
Gontrode SPEC(deeleigen)	1	721714	99.7013
Gonna SPEC(deeleigen)	1	721715	99.7015
Gogogo SPEC(vreemd)	1	721716	99.7016
Gogo SPEC(vreemd)	1	721717	99.7017
Gogh SPEC(deeleigen)	1	721718	99.7019
Goffertboerderij SPEC(deeleigen)	1	721719	99.702
Goey SPEC(deeleigen)	1	721720	99.7022
Goedzo SPEC(deeleigen)	1	721721	99.7023
Goedhart SPEC(deeleigen)	1	721722	99.7024
Godzijdank SPEC(deeleigen)	1	721723	99.7026
Godverdoeme SPEC(deeleigen)	1	721724	99.7027
Godor SPEC(deeleigen)	1	721725	99.7028
Goddamnit SPEC(deeleigen)	1	721726	99.703
Goa SPEC(deeleigen)	1	721727	99.7031
Glitschen SPEC(deeleigen)	1	721728	99.7033
Glaucio SPEC(deeleigen)	1	721729	99.7034
Givers SPEC(vreemd)	1	721730	99.7035
Girls-themed SPEC(deeleigen)	1	721731	99.7037
Girls SPEC(vreemd)	1	721732	99.7038
Girl SPEC(deeleigen)	1	721733	99.704
Gilze-Rijen SPEC(deeleigen)	1	721734	99.7041
Gilze SPEC(deeleigen)	1	721735	99.7042
Gijsbert SPEC(deeleigen)	1	721736	99.7044
Giggidy SPEC(deeleigen)	1	721737	99.7045
Giant SPEC(deeleigen)	1	721738	99.7046
Ghz SPEC(deeleigen)	1	721739	99.7048
Ghent SPEC(vreemd)	1	721740	99.7049
Ghehe SPEC(deeleigen)	1	721741	99.7051
Gggg SPEC(deeleigen)	1	721742	99.7052
Gfgg SPEC(deeleigen)	1	721743	99.7053
Geubels-tent SPEC(deeleigen)	1	721744	99.7055
Getz SPEC(vreemd)	1	721745	99.7056
Getty SPEC(deeleigen)	1	721746	99.7058
Gets SPEC(vreemd)	1	721747	99.7059
Gerwinde SPEC(deeleigen)	1	721748	99.706
Gerto SPEC(deeleigen)	1	721749	99.7062
Gertie SPEC(deeleigen)	1	721750	99.7063
Gert-Jan SPEC(deeleigen)	1	721751	99.7064
Gerloczy SPEC(deeleigen)	1	721752	99.7066
Gerecht SPEC(deeleigen)	1	721753	99.7067
Gerdien SPEC(vreemd)	1	721754	99.7069
Gerd SPEC(deeleigen)	1	721755	99.707
Geoffie SPEC(vreemd)	1	721756	99.7071
Geofdag SPEC(deeleigen)	1	721757	99.7073
GenÃ©e SPEC(deeleigen)	1	721758	99.7074
Gentstraat SPEC(deeleigen)	1	721759	99.7075
Gents-website SPEC(deeleigen)	1	721760	99.7077
Gentenaar SPEC(deeleigen)	1	721761	99.7078
Genietze SPEC(deeleigen)	1	721762	99.708
Genieten SPEC(deeleigen)	1	721763	99.7081
Genau SPEC(deeleigen)	1	721764	99.7082
Geluk SPEC(deeleigen)	1	721765	99.7084
Geliked SPEC(vreemd)	1	721766	99.7085
Geldrop SPEC(deeleigen)	1	721767	99.7087
Gelderland SPEC(deeleigen)	1	721768	99.7088
Geland SPEC(deeleigen)	1	721769	99.7089
Gegroet SPEC(deeleigen)	1	721770	99.7091
Geesink SPEC(deeleigen)	1	721771	99.7092
Geertrui SPEC(deeleigen)	1	721772	99.7093
Geef SPEC(vreemd)	1	721773	99.7095
Gebouw SPEC(deeleigen)	1	721774	99.7096
Gd SPEC(vreemd)	1	721775	99.7098
Gay SPEC(vreemd)	1	721776	99.7099
Gay SPEC(deeleigen)	1	721777	99.71
Gaux SPEC(vreemd)	1	721778	99.7102
Gaux SPEC(deeleigen)	1	721779	99.7103
Gauloises SPEC(deeleigen)	1	721780	99.7104
Gatwick SPEC(deeleigen)	1	721781	99.7106
Gaslab SPEC(deeleigen)	1	721782	99.7107
Gangway SPEC(deeleigen)	1	721783	99.7109
Ganges SPEC(deeleigen)	1	721784	99.711
Gan SPEC(deeleigen)	1	721785	99.7111
Games SPEC(deeleigen)	1	721786	99.7113
Galuwah SPEC(deeleigen)	1	721787	99.7114
Gaje SPEC(vreemd)	1	721788	99.7116
Gaga SPEC(deeleigen)	1	721789	99.7117
Gadget SPEC(deeleigen)	1	721790	99.7118
Gabby SPEC(deeleigen)	1	721791	99.712
Gaanderen SPEC(deeleigen)	1	721792	99.7121
Gaafseweg SPEC(deeleigen)	1	721793	99.7122
GaaF SPEC(deeleigen)	1	721794	99.7124
GY SPEC(deeleigen)	1	721795	99.7125
GVV SPEC(deeleigen)	1	721796	99.7127
GVB SPEC(deeleigen)	1	721797	99.7128
GV SPEC(vreemd)	1	721798	99.7129
GUUS SPEC(deeleigen)	1	721799	99.7131
GSR SPEC(deeleigen)	1	721800	99.7132
GSA SPEC(deeleigen)	1	721801	99.7133
GRIEP SPEC(deeleigen)	1	721802	99.7135
GP SPEC(deeleigen)	1	721803	99.7136
GOEIEMORGEN SPEC(deeleigen)	1	721804	99.7138
GOEIE SPEC(deeleigen)	1	721805	99.7139
GNorken SPEC(deeleigen)	1	721806	99.714
GHz SPEC(afk)	1	721807	99.7142
GH SPEC(symb)	1	721808	99.7143
GEWONNUUUH SPEC(deeleigen)	1	721809	99.7145
GEWONNUH SPEC(deeleigen)	1	721810	99.7146
GENIAAL SPEC(deeleigen)	1	721811	99.7147
GELUKKIG SPEC(deeleigen)	1	721812	99.7149
GEFELICITEEEEERD SPEC(deeleigen)	1	721813	99.715
GEFELICIFLAPSTAART SPEC(deeleigen)	1	721814	99.7151
G. SPEC(deeleigen)	1	721815	99.7153
G-Force SPEC(deeleigen)	1	721816	99.7154
G SPEC(afk)	1	721817	99.7156
FÃRGRIK SPEC(deeleigen)	1	721818	99.7157
Fz SPEC(deeleigen)	1	721819	99.7158
Fysio SPEC(deeleigen)	1	721820	99.716
Fyn SPEC(deeleigen)	1	721821	99.7161
Fyi SPEC(deeleigen)	1	721822	99.7162
Fuuuu SPEC(deeleigen)	1	721823	99.7164
Fun SPEC(deeleigen)	1	721824	99.7165
Fullham SPEC(deeleigen)	1	721825	99.7167
Fukushima SPEC(deeleigen)	1	721826	99.7168
Fuji SPEC(deeleigen)	1	721827	99.7169
Fuerteventura SPEC(deeleigen)	1	721828	99.7171
Fu SPEC(deeleigen)	1	721829	99.7172
FrÃ© SPEC(deeleigen)	1	721830	99.7174
FryslÃ¢n SPEC(deeleigen)	1	721831	99.7175
From SPEC(deeleigen)	1	721832	99.7176
Fritz SPEC(deeleigen)	1	721833	99.7178
Frim SPEC(deeleigen)	1	721834	99.7179
Frietje SPEC(deeleigen)	1	721835	99.718
Frido SPEC(deeleigen)	1	721836	99.7182
Fridays SPEC(vreemd)	1	721837	99.7183
Freya's SPEC(deeleigen)	1	721838	99.7185
Frenchies SPEC(vreemd)	1	721839	99.7186
Free SPEC(vreemd)	1	721840	99.7187
Frauke SPEC(vreemd)	1	721841	99.7189
FranÃ§ais SPEC(vreemd)	1	721842	99.719
Fransje SPEC(deeleigen)	1	721843	99.7192
Fransen SPEC(deeleigen)	1	721844	99.7193
Frankfurt SPEC(deeleigen)	1	721845	99.7194
Frankel SPEC(deeleigen)	1	721846	99.7196
Frank SPEC(vreemd)	1	721847	99.7197
Frangi SPEC(vreemd)	1	721848	99.7198
Francois SPEC(deeleigen)	1	721849	99.72
Francisco SPEC(deeleigen)	1	721850	99.7201
Francis SPEC(deeleigen)	1	721851	99.7203
Francien SPEC(deeleigen)	1	721852	99.7204
Fr SPEC(deeleigen)	1	721853	99.7205
Fox SPEC(deeleigen)	1	721854	99.7207
Fotocursus SPEC(deeleigen)	1	721855	99.7208
Fortissio SPEC(vreemd)	1	721856	99.7209
Fortissio SPEC(deeleigen)	1	721857	99.7211
Fortis SPEC(deeleigen)	1	721858	99.7212
Formule SPEC(deeleigen)	1	721859	99.7214
Former SPEC(vreemd)	1	721860	99.7215
ForZe-logo SPEC(deeleigen)	1	721861	99.7216
ForZe SPEC(deeleigen)	1	721862	99.7218
Food SPEC(deeleigen)	1	721863	99.7219
Fontys SPEC(deeleigen)	1	721864	99.7221
Fogashaz SPEC(vreemd)	1	721865	99.7222
Fogas SPEC(deeleigen)	1	721866	99.7223
Focus SPEC(deeleigen)	1	721867	99.7225
Fly SPEC(vreemd)	1	721868	99.7226
Flubber SPEC(deeleigen)	1	721869	99.7227
Flow SPEC(deeleigen)	1	721870	99.7229
Flotje SPEC(vreemd)	1	721871	99.723
Floortje SPEC(deeleigen)	1	721872	99.7232
Flogging SPEC(deeleigen)	1	721873	99.7233
Flight SPEC(vreemd)	1	721874	99.7234
Fliefje SPEC(deeleigen)	1	721875	99.7236
Flexa SPEC(deeleigen)	1	721876	99.7237
Flevoland SPEC(deeleigen)	1	721877	99.7238
Fleminglaan SPEC(deeleigen)	1	721878	99.724
Flatout SPEC(deeleigen)	1	721879	99.7241
Flanders SPEC(deeleigen)	1	721880	99.7243
Flac SPEC(deeleigen)	1	721881	99.7244
Fixed SPEC(deeleigen)	1	721882	99.7245
Fisher SPEC(deeleigen)	1	721883	99.7247
Fischer SPEC(deeleigen)	1	721884	99.7248
Firangi SPEC(vreemd)	1	721885	99.725
Finneminn SPEC(deeleigen)	1	721886	99.7251
Finland SPEC(deeleigen)	1	721887	99.7252
Finkers SPEC(deeleigen)	1	721888	99.7254
Fingers SPEC(deeleigen)	1	721889	99.7255
Fin SPEC(deeleigen)	1	721890	99.7256
Fils SPEC(vreemd)	1	721891	99.7258
Filmpke SPEC(deeleigen)	1	721892	99.7259
Fijna SPEC(deeleigen)	1	721893	99.7261
Fightz SPEC(deeleigen)	1	721894	99.7262
Fifth SPEC(deeleigen)	1	721895	99.7263
Fifi SPEC(deeleigen)	1	721896	99.7265
Fifa SPEC(deeleigen)	1	721897	99.7266
Fietstas SPEC(deeleigen)	1	721898	99.7267
Fietert SPEC(deeleigen)	1	721899	99.7269
Fiesta SPEC(deeleigen)	1	721900	99.727
Fier SPEC(deeleigen)	1	721901	99.7272
Fien SPEC(deeleigen)	1	721902	99.7273
Fff SPEC(deeleigen)	1	721903	99.7274
Feut SPEC(deeleigen)	1	721904	99.7276
Festina SPEC(deeleigen)	1	721905	99.7277
Fernando SPEC(deeleigen)	1	721906	99.7279
Ferguson SPEC(deeleigen)	1	721907	99.728
Ferenc SPEC(deeleigen)	1	721908	99.7281
Fenomenal SPEC(deeleigen)	1	721909	99.7283
Feliz SPEC(deeleigen)	1	721910	99.7284
Fehervari SPEC(deeleigen)	1	721911	99.7285
Feeding SPEC(vreemd)	1	721912	99.7287
Fe SPEC(deeleigen)	1	721913	99.7288
Fb SPEC(deeleigen)	1	721914	99.729
Fatboy SPEC(deeleigen)	1	721915	99.7291
Fast SPEC(vreemd)	1	721916	99.7292
Fashion SPEC(deeleigen)	1	721917	99.7294
Farah SPEC(deeleigen)	1	721918	99.7295
Fanny's SPEC(deeleigen)	1	721919	99.7296
Fanclub SPEC(deeleigen)	1	721920	99.7298
Famkes SPEC(deeleigen)	1	721921	99.7299
Familiehulp SPEC(deeleigen)	1	721922	99.7301
Fame SPEC(vreemd)	1	721923	99.7302
Fame SPEC(deeleigen)	1	721924	99.7303
Fall SPEC(vreemd)	1	721925	99.7305
Falkmann SPEC(deeleigen)	1	721926	99.7306
Faldera SPEC(deeleigen)	1	721927	99.7308
Faithless SPEC(deeleigen)	1	721928	99.7309
Facebookgroepen SPEC(deeleigen)	1	721929	99.731
Facebook-pagina SPEC(deeleigen)	1	721930	99.7312
Face SPEC(vreemd)	1	721931	99.7313
Fabory SPEC(deeleigen)	1	721932	99.7314
Faber SPEC(deeleigen)	1	721933	99.7316
FV SPEC(deeleigen)	1	721934	99.7317
FTW SPEC(deeleigen)	1	721935	99.7319
FS-auto SPEC(deeleigen)	1	721936	99.732
FOR SPEC(vreemd)	1	721937	99.7321
FOL SPEC(deeleigen)	1	721938	99.7323
FOGSOR SPEC(deeleigen)	1	721939	99.7324
FM SPEC(symb)	1	721940	99.7326
FFW SPEC(deeleigen)	1	721941	99.7327
FF SPEC(deeleigen)	1	721942	99.7328
FDT SPEC(deeleigen)	1	721943	99.733
FCC SPEC(deeleigen)	1	721944	99.7331
FB SPEC(vreemd)	1	721945	99.7332
FACEBOOKTE SPEC(deeleigen)	1	721946	99.7334
FA SPEC(deeleigen)	1	721947	99.7335
F. SPEC(afk)	1	721948	99.7337
F SPEC(deeleigen)	1	721949	99.7338
Extrema SPEC(deeleigen)	1	721950	99.7339
Express SPEC(deeleigen)	1	721951	99.7341
Expendables SPEC(deeleigen)	1	721952	99.7342
Expeditie SPEC(deeleigen)	1	721953	99.7343
Exit SPEC(deeleigen)	1	721954	99.7345
Excuse SPEC(vreemd)	1	721955	99.7346
Excelsior SPEC(deeleigen)	1	721956	99.7348
Excel SPEC(deeleigen)	1	721957	99.7349
Ex-collega SPEC(deeleigen)	1	721958	99.735
Ewel SPEC(vreemd)	1	721959	99.7352
Ewel SPEC(deeleigen)	1	721960	99.7353
Ewa SPEC(vreemd)	1	721961	99.7355
Ewa SPEC(deeleigen)	1	721962	99.7356
Evil SPEC(deeleigen)	1	721963	99.7357
Every SPEC(vreemd)	1	721964	99.7359
Evening SPEC(deeleigen)	1	721965	99.736
Eve SPEC(deeleigen)	1	721966	99.7361
Eva's SPEC(deeleigen)	1	721967	99.7363
Euroscoop SPEC(deeleigen)	1	721968	99.7364
Eurolines SPEC(deeleigen)	1	721969	99.7366
Eurlings SPEC(deeleigen)	1	721970	99.7367
Euhh SPEC(deeleigen)	1	721971	99.7368
Ete SPEC(vreemd)	1	721972	99.737
Esters SPEC(deeleigen)	1	721973	99.7371
Estelle SPEC(deeleigen)	1	721974	99.7372
Este SPEC(deeleigen)	1	721975	99.7374
Essen SPEC(deeleigen)	1	721976	99.7375
Espinho SPEC(deeleigen)	1	721977	99.7377
Especially SPEC(vreemd)	1	721978	99.7378
Espania SPEC(deeleigen)	1	721979	99.7379
Erzsebet SPEC(deeleigen)	1	721980	99.7381
Erven-Dorens SPEC(deeleigen)	1	721981	99.7382
Erst SPEC(vreemd)	1	721982	99.7384
Eros SPEC(deeleigen)	1	721983	99.7385
Ernstjans SPEC(deeleigen)	1	721984	99.7386
Ernest SPEC(deeleigen)	1	721985	99.7388
Erna SPEC(deeleigen)	1	721986	99.7389
Ermelo SPEC(deeleigen)	1	721987	99.739
Erin SPEC(deeleigen)	1	721988	99.7392
Erika SPEC(deeleigen)	1	721989	99.7393
Erik's SPEC(deeleigen)	1	721990	99.7395
Erfurt SPEC(deeleigen)	1	721991	99.7396
Erembodegem SPEC(deeleigen)	1	721992	99.7397
Eredivisie SPEC(deeleigen)	1	721993	99.7399
Erdinger SPEC(deeleigen)	1	721994	99.74
Erasmusplein SPEC(deeleigen)	1	721995	99.7401
Erasmuses SPEC(vreemd)	1	721996	99.7403
Equinox SPEC(vreemd)	1	721997	99.7404
Eondhoven SPEC(deeleigen)	1	721998	99.7406
Enzo SPEC(deeleigen)	1	721999	99.7407
Entry SPEC(vreemd)	1	722000	99.7408
Entrance SPEC(vreemd)	1	722001	99.741
Enspijk SPEC(deeleigen)	1	722002	99.7411
Enniewee SPEC(deeleigen)	1	722003	99.7413
Enn SPEC(deeleigen)	1	722004	99.7414
English SPEC(vreemd)	1	722005	99.7415
Engelwortelstraat SPEC(deeleigen)	1	722006	99.7417
Engelmann SPEC(deeleigen)	1	722007	99.7418
Engelaar SPEC(deeleigen)	1	722008	99.7419
Energy SPEC(deeleigen)	1	722009	99.7421
Eneco SPEC(deeleigen)	1	722010	99.7422
Ended SPEC(vreemd)	1	722011	99.7424
En SPEC(deeleigen)	1	722012	99.7425
Emiel SPEC(deeleigen)	1	722013	99.7426
Email(Other) SPEC(deeleigen)	1	722014	99.7428
Elwin SPEC(deeleigen)	1	722015	99.7429
Elvis SPEC(deeleigen)	1	722016	99.743
Elvano SPEC(deeleigen)	1	722017	99.7432
Elsloo SPEC(deeleigen)	1	722018	99.7433
Elsevier SPEC(deeleigen)	1	722019	99.7435
Ello SPEC(deeleigen)	1	722020	99.7436
Ellie SPEC(deeleigen)	1	722021	99.7437
Elings SPEC(vreemd)	1	722022	99.7439
Eliane SPEC(deeleigen)	1	722023	99.744
Elden SPEC(deeleigen)	1	722024	99.7442
Ela SPEC(vreemd)	1	722025	99.7443
Eksterstraat SPEC(deeleigen)	1	722026	99.7444
Ekko SPEC(deeleigen)	1	722027	99.7446
Einstein SPEC(deeleigen)	1	722028	99.7447
Eindstand SPEC(deeleigen)	1	722029	99.7448
Eindhvn SPEC(deeleigen)	1	722030	99.745
EindhovÃ»Ã»Ã»h SPEC(deeleigen)	1	722031	99.7451
Eindhoven SPEC(vreemd)	1	722032	99.7453
Ein SPEC(vreemd)	1	722033	99.7454
Ein SPEC(deeleigen)	1	722034	99.7455
Eilanden SPEC(deeleigen)	1	722035	99.7457
Eibrb SPEC(deeleigen)	1	722036	99.7458
Eia SPEC(deeleigen)	1	722037	99.746
Ehh SPEC(deeleigen)	1	722038	99.7461
Egyptian SPEC(vreemd)	1	722039	99.7462
Egberts SPEC(deeleigen)	1	722040	99.7464
Eftelinghotel SPEC(deeleigen)	1	722041	99.7465
Eftelingbus SPEC(deeleigen)	1	722042	99.7466
Eey SPEC(deeleigen)	1	722043	99.7468
Eetsmakelijk SPEC(deeleigen)	1	722044	99.7469
Eetkaffee SPEC(deeleigen)	1	722045	99.7471
Eelde SPEC(deeleigen)	1	722046	99.7472
Eefie SPEC(vreemd)	1	722047	99.7473
Educational SPEC(deeleigen)	1	722048	99.7475
Education SPEC(deeleigen)	1	722049	99.7476
Edit SPEC(deeleigen)	1	722050	99.7477
Edisonlaan SPEC(deeleigen)	1	722051	99.7479
Edinburgh SPEC(vreemd)	1	722052	99.748
Edgar SPEC(deeleigen)	1	722053	99.7482
Eddie SPEC(deeleigen)	1	722054	99.7483
Edde SPEC(vreemd)	1	722055	99.7484
Eberhard(t) SPEC(deeleigen)	1	722056	99.7486
Ebben SPEC(deeleigen)	1	722057	99.7487
Ebbe SPEC(deeleigen)	1	722058	99.7489
Eating SPEC(vreemd)	1	722059	99.749
Easyfield SPEC(deeleigen)	1	722060	99.7491
East SPEC(vreemd)	1	722061	99.7493
East SPEC(deeleigen)	1	722062	99.7494
Earth SPEC(deeleigen)	1	722063	99.7495
Eagle SPEC(vreemd)	1	722064	99.7497
EXCEL SPEC(deeleigen)	1	722065	99.7498
EVER SPEC(deeleigen)	1	722066	99.75
EUhof SPEC(deeleigen)	1	722067	99.7501
ETR SPEC(vreemd)	1	722068	99.7502
ENORM SPEC(deeleigen)	1	722069	99.7504
ENJOY SPEC(deeleigen)	1	722070	99.7505
EHBO SPEC(deeleigen)	1	722071	99.7506
EA SPEC(symb)	1	722072	99.7508
E-L SPEC(deeleigen)	1	722073	99.7509
E SPEC(symb)	1	722074	99.7511
E SPEC(deeleigen)	1	722075	99.7512
Dz SPEC(deeleigen)	1	722076	99.7513
Dx SPEC(deeleigen)	1	722077	99.7515
Dvzlvzxgf SPEC(vreemd)	1	722078	99.7516
Dvd SPEC(deeleigen)	1	722079	99.7518
Duvel SPEC(deeleigen)	1	722080	99.7519
Dutchman SPEC(vreemd)	1	722081	99.752
Dusseh SPEC(vreemd)	1	722082	99.7522
Dusja SPEC(deeleigen)	1	722083	99.7523
Durum SPEC(deeleigen)	1	722084	99.7524
Duren SPEC(deeleigen)	1	722085	99.7526
Dunne SPEC(deeleigen)	1	722086	99.7527
Dunja SPEC(vreemd)	1	722087	99.7529
Dungeon SPEC(deeleigen)	1	722088	99.753
Dumas SPEC(deeleigen)	1	722089	99.7531
Dul SPEC(vreemd)	1	722090	99.7533
Dukenburg SPEC(deeleigen)	1	722091	99.7534
Duizendmaal SPEC(vreemd)	1	722092	99.7535
Duitsers SPEC(deeleigen)	1	722093	99.7537
Dufoor SPEC(deeleigen)	1	722094	99.7538
Dude SPEC(deeleigen)	1	722095	99.754
Dubstep SPEC(deeleigen)	1	722096	99.7541
Dua SPEC(deeleigen)	1	722097	99.7542
DuWo SPEC(deeleigen)	1	722098	99.7544
Ds SPEC(deeleigen)	1	722099	99.7545
Dry SPEC(vreemd)	1	722100	99.7547
Drs. SPEC(afk)	1	722101	99.7548
Dropbox SPEC(deeleigen)	1	722102	99.7549
Driver SPEC(vreemd)	1	722103	99.7551
Drinks SPEC(deeleigen)	1	722104	99.7552
Drinkkkuuuhh SPEC(deeleigen)	1	722105	99.7553
Drinking SPEC(vreemd)	1	722106	99.7555
Driel SPEC(deeleigen)	1	722107	99.7556
Dreumel SPEC(deeleigen)	1	722108	99.7558
Dress SPEC(vreemd)	1	722109	99.7559
Dreft SPEC(deeleigen)	1	722110	99.756
Dream SPEC(vreemd)	1	722111	99.7562
Dranouter SPEC(deeleigen)	1	722112	99.7563
Drag SPEC(deeleigen)	1	722113	99.7564
Downloaded SPEC(vreemd)	1	722114	99.7566
Down-Town SPEC(deeleigen)	1	722115	99.7567
Dow SPEC(deeleigen)	1	722116	99.7569
Dover SPEC(deeleigen)	1	722117	99.757
Douwe SPEC(deeleigen)	1	722118	99.7571
Doutzen SPEC(deeleigen)	1	722119	99.7573
Doug SPEC(deeleigen)	1	722120	99.7574
Dos SPEC(deeleigen)	1	722121	99.7576
Dordt SPEC(deeleigen)	1	722122	99.7577
Dopio SPEC(vreemd)	1	722123	99.7578
Dopio SPEC(deeleigen)	1	722124	99.758
Doorniklaan SPEC(deeleigen)	1	722125	99.7581
Doorbell SPEC(vreemd)	1	722126	99.7582
Dont SPEC(deeleigen)	1	722127	99.7584
Donk SPEC(deeleigen)	1	722128	99.7585
Donique SPEC(deeleigen)	1	722129	99.7587
Dongo SPEC(deeleigen)	1	722130	99.7588
Donderdagav SPEC(deeleigen)	1	722131	99.7589
Donc SPEC(deeleigen)	1	722132	99.7591
Donar SPEC(deeleigen)	1	722133	99.7592
Donald-glossy SPEC(deeleigen)	1	722134	99.7594
Domino SPEC(deeleigen)	1	722135	99.7595
Dominique SPEC(deeleigen)	1	722136	99.7596
Domibo SPEC(deeleigen)	1	722137	99.7598
Domela SPEC(deeleigen)	1	722138	99.7599
Domburg SPEC(deeleigen)	1	722139	99.76
Dom SPEC(deeleigen)	1	722140	99.7602
Dolman SPEC(deeleigen)	1	722141	99.7603
Dokter SPEC(deeleigen)	1	722142	99.7605
Doin SPEC(vreemd)	1	722143	99.7606
Dog SPEC(vreemd)	1	722144	99.7607
Doetinchem SPEC(deeleigen)	1	722145	99.7609
Doelen SPEC(deeleigen)	1	722146	99.761
Doe SPEC(vreemd)	1	722147	99.7611
Do_O SPEC(deeleigen)	1	722148	99.7613
Do. SPEC(afk)	1	722149	99.7614
DnD SPEC(deeleigen)	1	722150	99.7616
Dma SPEC(deeleigen)	1	722151	99.7617
Dj SPEC(vreemd)	1	722152	99.7618
Diz SPEC(deeleigen)	1	722153	99.762
Division-tribute SPEC(vreemd)	1	722154	99.7621
Ditzhuizen SPEC(deeleigen)	1	722155	99.7623
Ditto SPEC(vreemd)	1	722156	99.7624
Ditto SPEC(deeleigen)	1	722157	99.7625
Disney SPEC(deeleigen)	1	722158	99.7627
Dirven SPEC(deeleigen)	1	722159	99.7628
Dirkje SPEC(deeleigen)	1	722160	99.7629
Dirkjan SPEC(vreemd)	1	722161	99.7631
Dirkjan SPEC(deeleigen)	1	722162	99.7632
Dirkie SPEC(vreemd)	1	722163	99.7634
Dirkie SPEC(deeleigen)	1	722164	99.7635
Directions SPEC(vreemd)	1	722165	99.7636
Direction SPEC(vreemd)	1	722166	99.7638
Dire SPEC(deeleigen)	1	722167	99.7639
Dio SPEC(deeleigen)	1	722168	99.764
Dingoes SPEC(deeleigen)	1	722169	99.7642
Dim SPEC(deeleigen)	1	722170	99.7643
Dili SPEC(deeleigen)	1	722171	99.7645
Dilbeek SPEC(deeleigen)	1	722172	99.7646
Diksmuide SPEC(deeleigen)	1	722173	99.7647
Dikkenberg SPEC(deeleigen)	1	722174	99.7649
Dijk SPEC(deeleigen)	1	722175	99.765
Diest SPEC(deeleigen)	1	722176	99.7652
Dies SPEC(vreemd)	1	722177	99.7653
Diemen SPEC(deeleigen)	1	722178	99.7654
Dielis SPEC(deeleigen)	1	722179	99.7656
Die SPEC(deeleigen)	1	722180	99.7657
Diane SPEC(deeleigen)	1	722181	99.7658
Dial SPEC(deeleigen)	1	722182	99.766
DiElaba SPEC(deeleigen)	1	722183	99.7661
DiEla SPEC(deeleigen)	1	722184	99.7663
Dga SPEC(deeleigen)	1	722185	99.7664
Deveaux SPEC(deeleigen)	1	722186	99.7665
Deutsche SPEC(deeleigen)	1	722187	99.7667
Deut SPEC(vreemd)	1	722188	99.7668
Det SPEC(deeleigen)	1	722189	99.7669
Desk SPEC(deeleigen)	1	722190	99.7671
Desire SPEC(deeleigen)	1	722191	99.7672
Des SPEC(deeleigen)	1	722192	99.7674
Derya SPEC(deeleigen)	1	722193	99.7675
Derwael SPEC(vreemd)	1	722194	99.7676
Derek SPEC(deeleigen)	1	722195	99.7678
Depth SPEC(vreemd)	1	722196	99.7679
Dependance SPEC(deeleigen)	1	722197	99.7681
Depauw SPEC(deeleigen)	1	722198	99.7682
Denny SPEC(deeleigen)	1	722199	99.7683
Denn SPEC(vreemd)	1	722200	99.7685
Denemarken SPEC(deeleigen)	1	722201	99.7686
Demo SPEC(deeleigen)	1	722202	99.7687
Demain SPEC(deeleigen)	1	722203	99.7689
Deltares SPEC(deeleigen)	1	722204	99.769
Deloitte SPEC(deeleigen)	1	722205	99.7692
Delistraat SPEC(deeleigen)	1	722206	99.7693
Delilah SPEC(vreemd)	1	722207	99.7694
Deliana SPEC(deeleigen)	1	722208	99.7696
Deli SPEC(deeleigen)	1	722209	99.7697
Delfland SPEC(deeleigen)	1	722210	99.7699
Deja SPEC(vreemd)	1	722211	99.77
Deira SPEC(deeleigen)	1	722212	99.7701
Deinze SPEC(deeleigen)	1	722213	99.7703
Deftones SPEC(deeleigen)	1	722214	99.7704
Definitely SPEC(vreemd)	1	722215	99.7705
Def SPEC(deeleigen)	1	722216	99.7707
Declaration SPEC(vreemd)	1	722217	99.7708
Debrecen SPEC(deeleigen)	1	722218	99.771
Debbie SPEC(deeleigen)	1	722219	99.7711
Deal SPEC(vreemd)	1	722220	99.7712
Deak SPEC(deeleigen)	1	722221	99.7714
Dead SPEC(deeleigen)	1	722222	99.7715
Dberg SPEC(deeleigen)	1	722223	99.7716
Days SPEC(vreemd)	1	722224	99.7718
Dawn SPEC(vreemd)	1	722225	99.7719
Davy's SPEC(deeleigen)	1	722226	99.7721
David SPEC(vreemd)	1	722227	99.7722
Dave SPEC(deeleigen)	1	722228	99.7723
Daro SPEC(deeleigen)	1	722229	99.7725
Dardennen SPEC(deeleigen)	1	722230	99.7726
DaniÃ«lle SPEC(deeleigen)	1	722231	99.7728
Daniela SPEC(deeleigen)	1	722232	99.7729
Damned SPEC(vreemd)	1	722233	99.773
Dame SPEC(deeleigen)	1	722234	99.7732
Daisy SPEC(deeleigen)	1	722235	99.7733
DaeÃ±k SPEC(deeleigen)	1	722236	99.7734
Daemen SPEC(deeleigen)	1	722237	99.7736
Dadar SPEC(vreemd)	1	722238	99.7737
Dada SPEC(deeleigen)	1	722239	99.7739
Daco SPEC(deeleigen)	1	722240	99.774
DZR SPEC(deeleigen)	1	722241	99.7741
DUBBEL SPEC(deeleigen)	1	722242	99.7743
DSM SPEC(afk)	1	722243	99.7744
DONDERS SPEC(deeleigen)	1	722244	99.7745
DOM SPEC(deeleigen)	1	722245	99.7747
DND SPEC(deeleigen)	1	722246	99.7748
DNA SPEC(deeleigen)	1	722247	99.775
DJC SPEC(deeleigen)	1	722248	99.7751
DIO SPEC(deeleigen)	1	722249	99.7752
DIEJE SPEC(deeleigen)	1	722250	99.7754
DICT SPEC(deeleigen)	1	722251	99.7755
DF SPEC(deeleigen)	1	722252	99.7757
DENNIS SPEC(deeleigen)	1	722253	99.7758
DELA SPEC(deeleigen)	1	722254	99.7759
DDL SPEC(deeleigen)	1	722255	99.7761
DBosch SPEC(deeleigen)	1	722256	99.7762
DAN SPEC(deeleigen)	1	722257	99.7763
DAMN SPEC(deeleigen)	1	722258	99.7765
DAGPASK SPEC(deeleigen)	1	722259	99.7766
DAGPAS SPEC(deeleigen)	1	722260	99.7768
DAFDAF SPEC(deeleigen)	1	722261	99.7769
DA SPEC(deeleigen)	1	722262	99.777
D'n SPEC(deeleigen)	1	722263	99.7772
Cyprus SPEC(deeleigen)	1	722264	99.7773
Cynthia SPEC(deeleigen)	1	722265	99.7774
Cyneth SPEC(deeleigen)	1	722266	99.7776
Cycle SPEC(deeleigen)	1	722267	99.7777
Customer SPEC(vreemd)	1	722268	99.7779
Currently SPEC(deeleigen)	1	722269	99.778
Curious SPEC(vreemd)	1	722270	99.7781
Cure SPEC(deeleigen)	1	722271	99.7783
Curacao SPEC(deeleigen)	1	722272	99.7784
CultuurcafÃ© SPEC(deeleigen)	1	722273	99.7786
Culture SPEC(deeleigen)	1	722274	99.7787
Culkin SPEC(deeleigen)	1	722275	99.7788
Culinaria SPEC(deeleigen)	1	722276	99.779
Cu SPEC(deeleigen)	1	722277	99.7791
Csengery SPEC(deeleigen)	1	722278	99.7792
Cruyt SPEC(deeleigen)	1	722279	99.7794
Cross SPEC(deeleigen)	1	722280	99.7795
Croonen SPEC(deeleigen)	1	722281	99.7797
Crooced SPEC(deeleigen)	1	722282	99.7798
Crohn SPEC(deeleigen)	1	722283	99.7799
Crefizomer SPEC(deeleigen)	1	722284	99.7801
Credits SPEC(vreemd)	1	722285	99.7802
Crazy SPEC(vreemd)	1	722286	99.7803
Couse SPEC(vreemd)	1	722287	99.7805
Court SPEC(deeleigen)	1	722288	99.7806
Count SPEC(vreemd)	1	722289	99.7808
Couleur SPEC(deeleigen)	1	722290	99.7809
Costas SPEC(deeleigen)	1	722291	99.781
Corsica SPEC(deeleigen)	1	722292	99.7812
Corries SPEC(deeleigen)	1	722293	99.7813
Corona SPEC(deeleigen)	1	722294	99.7815
Cordy SPEC(deeleigen)	1	722295	99.7816
Cordoba SPEC(deeleigen)	1	722296	99.7817
Coop SPEC(deeleigen)	1	722297	99.7819
Cool-Best SPEC(deeleigen)	1	722298	99.782
Contour SPEC(deeleigen)	1	722299	99.7821
Content-paraplu SPEC(deeleigen)	1	722300	99.7823
Consider SPEC(vreemd)	1	722301	99.7824
Conference SPEC(vreemd)	1	722302	99.7826
Concert SPEC(vreemd)	1	722303	99.7827
Compris SPEC(deeleigen)	1	722304	99.7828
Como SPEC(deeleigen)	1	722305	99.783
Collin SPEC(deeleigen)	1	722306	99.7831
Colleagues SPEC(vreemd)	1	722307	99.7833
Coimbra SPEC(deeleigen)	1	722308	99.7834
Cohlberg SPEC(deeleigen)	1	722309	99.7835
Cohen SPEC(deeleigen)	1	722310	99.7837
Cognizant SPEC(deeleigen)	1	722311	99.7838
Cognitive SPEC(deeleigen)	1	722312	99.7839
Coffyn SPEC(deeleigen)	1	722313	99.7841
Code SPEC(vreemd)	1	722314	99.7842
CoA SPEC(deeleigen)	1	722315	99.7844
Co. SPEC(afk)	1	722316	99.7845
Co SPEC(deeleigen)	1	722317	99.7846
Club SPEC(vreemd)	1	722318	99.7848
Closure SPEC(vreemd)	1	722319	99.7849
Cloos SPEC(vreemd)	1	722320	99.785
Cloos SPEC(deeleigen)	1	722321	99.7852
Clitoris SPEC(deeleigen)	1	722322	99.7853
Clermonts SPEC(deeleigen)	1	722323	99.7855
Cleaver SPEC(deeleigen)	1	722324	99.7856
Claudine SPEC(deeleigen)	1	722325	99.7857
Clare SPEC(deeleigen)	1	722326	99.7859
Claire SPEC(deeleigen)	1	722327	99.786
Civ SPEC(deeleigen)	1	722328	99.7862
City SPEC(vreemd)	1	722329	99.7863
Cito SPEC(deeleigen)	1	722330	99.7864
Cio SPEC(deeleigen)	1	722331	99.7866
Cindy SPEC(deeleigen)	1	722332	99.7867
Churchillweg SPEC(deeleigen)	1	722333	99.7868
Churchgate SPEC(vreemd)	1	722334	99.787
Churchgate SPEC(deeleigen)	1	722335	99.7871
Chunkychunkychunky SPEC(deeleigen)	1	722336	99.7873
Chunky SPEC(deeleigen)	1	722337	99.7874
Christobal SPEC(deeleigen)	1	722338	99.7875
Christin SPEC(deeleigen)	1	722339	99.7877
Chouffje SPEC(deeleigen)	1	722340	99.7878
Chouffeje SPEC(deeleigen)	1	722341	99.7879
Chomsky SPEC(deeleigen)	1	722342	99.7881
Chiro SPEC(deeleigen)	1	722343	99.7882
Chimay SPEC(deeleigen)	1	722344	99.7884
Chillburg SPEC(deeleigen)	1	722345	99.7885
Chileens SPEC(deeleigen)	1	722346	99.7886
Chiel SPEC(deeleigen)	1	722347	99.7888
Chiascuro SPEC(deeleigen)	1	722348	99.7889
Chetanas SPEC(deeleigen)	1	722349	99.7891
Chetana SPEC(deeleigen)	1	722350	99.7892
Cherso SPEC(deeleigen)	1	722351	99.7893
Cher SPEC(deeleigen)	1	722352	99.7895
Chemistry SPEC(deeleigen)	1	722353	99.7896
Chemicus SPEC(deeleigen)	1	722354	99.7897
Cheff SPEC(deeleigen)	1	722355	99.7899
Charlie SPEC(deeleigen)	1	722356	99.79
Chaque SPEC(deeleigen)	1	722357	99.7902
Chapeau SPEC(vreemd)	1	722358	99.7903
Chantal SPEC(deeleigen)	1	722359	99.7904
Channel SPEC(deeleigen)	1	722360	99.7906
Change SPEC(deeleigen)	1	722361	99.7907
Chang SPEC(deeleigen)	1	722362	99.7908
Chancechancechance SPEC(vreemd)	1	722363	99.791
Championship SPEC(deeleigen)	1	722364	99.7911
Champions SPEC(deeleigen)	1	722365	99.7913
Challenge SPEC(vreemd)	1	722366	99.7914
Chalet SPEC(deeleigen)	1	722367	99.7915
Chaam SPEC(deeleigen)	1	722368	99.7917
Ceta SPEC(deeleigen)	1	722369	99.7918
Certipost SPEC(deeleigen)	1	722370	99.792
Cerro SPEC(deeleigen)	1	722371	99.7921
Centrale SPEC(deeleigen)	1	722372	99.7922
Centerparks SPEC(deeleigen)	1	722373	99.7924
Centerparcs SPEC(deeleigen)	1	722374	99.7925
Cell SPEC(deeleigen)	1	722375	99.7926
Cees SPEC(deeleigen)	1	722376	99.7928
Cecil SPEC(deeleigen)	1	722377	99.7929
Ce SPEC(vreemd)	1	722378	99.7931
Cava SPEC(deeleigen)	1	722379	99.7932
Cause SPEC(vreemd)	1	722380	99.7933
Catherine SPEC(deeleigen)	1	722381	99.7935
Catcher SPEC(vreemd)	1	722382	99.7936
Castle SPEC(deeleigen)	1	722383	99.7937
Cassius SPEC(deeleigen)	1	722384	99.7939
Casino SPEC(deeleigen)	1	722385	99.794
Case SPEC(vreemd)	1	722386	99.7942
Casanova SPEC(deeleigen)	1	722387	99.7943
Casa SPEC(deeleigen)	1	722388	99.7944
Cartoon SPEC(vreemd)	1	722389	99.7946
Caro SPEC(deeleigen)	1	722390	99.7947
Carlo SPEC(deeleigen)	1	722391	99.7949
Carien SPEC(deeleigen)	1	722392	99.795
Cariama SPEC(deeleigen)	1	722393	99.7951
Capuccino SPEC(vreemd)	1	722394	99.7953
Cantor SPEC(deeleigen)	1	722395	99.7954
Cannonball SPEC(deeleigen)	1	722396	99.7955
Cancellara SPEC(deeleigen)	1	722397	99.7957
Canarische SPEC(deeleigen)	1	722398	99.7958
Can't SPEC(vreemd)	1	722399	99.796
Camione SPEC(deeleigen)	1	722400	99.7961
Cambio SPEC(vreemd)	1	722401	99.7962
Calypso SPEC(deeleigen)	1	722402	99.7964
Calais SPEC(deeleigen)	1	722403	99.7965
Cairo SPEC(deeleigen)	1	722404	99.7967
Cae SPEC(deeleigen)	1	722405	99.7968
Ca SPEC(deeleigen)	1	722406	99.7969
CVM SPEC(deeleigen)	1	722407	99.7971
CRT SPEC(deeleigen)	1	722408	99.7972
COG SPEC(deeleigen)	1	722409	99.7973
COBOL SPEC(deeleigen)	1	722410	99.7975
CMB SPEC(deeleigen)	1	722411	99.7976
CK SPEC(deeleigen)	1	722412	99.7978
CHL SPEC(deeleigen)	1	722413	99.7979
CHB SPEC(deeleigen)	1	722414	99.798
CDROMs SPEC(deeleigen)	1	722415	99.7982
CC SPEC(deeleigen)	1	722416	99.7983
CBA SPEC(vreemd)	1	722417	99.7984
CB SPEC(deeleigen)	1	722418	99.7986
CAN SPEC(deeleigen)	1	722419	99.7987
CA SPEC(deeleigen)	1	722420	99.7989
C=X SPEC(deeleigen)	1	722421	99.799
C.S.R. SPEC(deeleigen)	1	722422	99.7991
C.S.R SPEC(deeleigen)	1	722423	99.7993
C. SPEC(symb)	1	722424	99.7994
C. SPEC(deeleigen)	1	722425	99.7996
Byron SPEC(deeleigen)	1	722426	99.7997
Bye SPEC(vreemd)	1	722427	99.7998
Bwino SPEC(vreemd)	1	722428	99.8
Bwahja SPEC(deeleigen)	1	722429	99.8001
Buynsters SPEC(deeleigen)	1	722430	99.8002
Buydens SPEC(deeleigen)	1	722431	99.8004
Buwh SPEC(deeleigen)	1	722432	99.8005
Buurvrouw SPEC(deeleigen)	1	722433	99.8007
Buuren SPEC(deeleigen)	1	722434	99.8008
Button SPEC(deeleigen)	1	722435	99.8009
Businessclub SPEC(deeleigen)	1	722436	99.8011
Business SPEC(vreemd)	1	722437	99.8012
Burst SPEC(deeleigen)	1	722438	99.8013
Burnt SPEC(vreemd)	1	722439	99.8015
Burj SPEC(deeleigen)	1	722440	99.8016
Burgtstraat SPEC(deeleigen)	1	722441	99.8018
Burgerwolf SPEC(deeleigen)	1	722442	99.8019
Burgers SPEC(deeleigen)	1	722443	99.802
Burger SPEC(deeleigen)	1	722444	99.8022
Burg. SPEC(afk)	1	722445	99.8023
Burcht SPEC(deeleigen)	1	722446	99.8025
Bulls SPEC(deeleigen)	1	722447	99.8026
Bull SPEC(deeleigen)	1	722448	99.8027
Bukkake SPEC(deeleigen)	1	722449	99.8029
Buitenhofdreef SPEC(deeleigen)	1	722450	99.803
Building SPEC(vreemd)	1	722451	99.8031
Buienradar SPEC(deeleigen)	1	722452	99.8033
Buffy SPEC(deeleigen)	1	722453	99.8034
Buenos SPEC(deeleigen)	1	722454	99.8036
Buena SPEC(deeleigen)	1	722455	99.8037
Buddha SPEC(deeleigen)	1	722456	99.8038
Buck SPEC(deeleigen)	1	722457	99.804
Bubble SPEC(deeleigen)	1	722458	99.8041
BrÃ¼no SPEC(deeleigen)	1	722459	99.8042
Bryson SPEC(deeleigen)	1	722460	99.8044
Bryn SPEC(deeleigen)	1	722461	99.8045
Bruxless SPEC(deeleigen)	1	722462	99.8047
Brusselsesteenweg SPEC(deeleigen)	1	722463	99.8048
Brunello SPEC(deeleigen)	1	722464	99.8049
Brune SPEC(deeleigen)	1	722465	99.8051
Brugstraat SPEC(deeleigen)	1	722466	99.8052
Brugs SPEC(deeleigen)	1	722467	99.8054
Brugman SPEC(deeleigen)	1	722468	99.8055
Bruges SPEC(deeleigen)	1	722469	99.8056
Bruce SPEC(deeleigen)	1	722470	99.8058
Brownberrie SPEC(deeleigen)	1	722471	99.8059
Bros SPEC(deeleigen)	1	722472	99.806
Broekverbranding SPEC(deeleigen)	1	722473	99.8062
Broek SPEC(deeleigen)	1	722474	99.8063
Broederfiguur SPEC(deeleigen)	1	722475	99.8065
Bro's SPEC(vreemd)	1	722476	99.8066
Brittany SPEC(deeleigen)	1	722477	99.8067
Brit SPEC(deeleigen)	1	722478	99.8069
Bringing SPEC(vreemd)	1	722479	99.807
Brigit SPEC(deeleigen)	1	722480	99.8071
Bright's SPEC(deeleigen)	1	722481	99.8073
Bridget SPEC(deeleigen)	1	722482	99.8074
Bretagne SPEC(deeleigen)	1	722483	99.8076
Brera SPEC(deeleigen)	1	722484	99.8077
Bremen SPEC(deeleigen)	1	722485	99.8078
Breivik SPEC(vreemd)	1	722486	99.808
Breeze SPEC(deeleigen)	1	722487	99.8081
Breaulink SPEC(deeleigen)	1	722488	99.8083
Breaking SPEC(vreemd)	1	722489	99.8084
Breakfast SPEC(vreemd)	1	722490	99.8085
Break SPEC(vreemd)	1	722491	99.8087
Bravo SPEC(vreemd)	1	722492	99.8088
Braun SPEC(deeleigen)	1	722493	99.8089
Bratsislava SPEC(deeleigen)	1	722494	99.8091
Bratislava SPEC(deeleigen)	1	722495	99.8092
Brands SPEC(deeleigen)	1	722496	99.8094
Brandpunt SPEC(deeleigen)	1	722497	99.8095
Branco SPEC(deeleigen)	1	722498	99.8096
Brananders SPEC(deeleigen)	1	722499	99.8098
Brammie SPEC(vreemd)	1	722500	99.8099
Brakke SPEC(deeleigen)	1	722501	99.8101
Brainssss SPEC(deeleigen)	1	722502	99.8102
Brabanthallen SPEC(deeleigen)	1	722503	99.8103
Boyz SPEC(vreemd)	1	722504	99.8105
Boys SPEC(vreemd)	1	722505	99.8106
Boys SPEC(deeleigen)	1	722506	99.8107
Boyan SPEC(deeleigen)	1	722507	99.8109
Boxer SPEC(deeleigen)	1	722508	99.811
Bovee SPEC(deeleigen)	1	722509	99.8112
Bourgonje SPEC(deeleigen)	1	722510	99.8113
Bourbon SPEC(deeleigen)	1	722511	99.8114
Boulanger SPEC(deeleigen)	1	722512	99.8116
Botero SPEC(deeleigen)	1	722513	99.8117
Boston SPEC(deeleigen)	1	722514	99.8118
Bossuyt SPEC(deeleigen)	1	722515	99.812
Bosstraat SPEC(deeleigen)	1	722516	99.8121
BosniÃ« SPEC(deeleigen)	1	722517	99.8123
Bosco SPEC(deeleigen)	1	722518	99.8124
Bosch-Tilburg SPEC(deeleigen)	1	722519	99.8125
Bosbeheer SPEC(deeleigen)	1	722520	99.8127
Bosbeek SPEC(deeleigen)	1	722521	99.8128
Bos SPEC(deeleigen)	1	722522	99.813
Borrel SPEC(deeleigen)	1	722523	99.8131
Bored SPEC(vreemd)	1	722524	99.8132
Bore SPEC(deeleigen)	1	722525	99.8134
Bordeauxlaan SPEC(deeleigen)	1	722526	99.8135
Bootleggers SPEC(deeleigen)	1	722527	99.8136
Boot SPEC(deeleigen)	1	722528	99.8138
Boontje SPEC(deeleigen)	1	722529	99.8139
Boojah SPEC(deeleigen)	1	722530	99.8141
Bonusz SPEC(deeleigen)	1	722531	99.8142
Bonny SPEC(deeleigen)	1	722532	99.8143
Bonn SPEC(deeleigen)	1	722533	99.8145
Bonjour SPEC(deeleigen)	1	722534	99.8146
Bonheiden SPEC(deeleigen)	1	722535	99.8147
Bongerd SPEC(deeleigen)	1	722536	99.8149
Bondstraat SPEC(deeleigen)	1	722537	99.815
Bondcoatch SPEC(deeleigen)	1	722538	99.8152
Bond-shirt SPEC(deeleigen)	1	722539	99.8153
Bond SPEC(deeleigen)	1	722540	99.8154
Bon SPEC(deeleigen)	1	722541	99.8156
Bommeke SPEC(deeleigen)	1	722542	99.8157
Bols SPEC(deeleigen)	1	722543	99.8159
Bologna SPEC(deeleigen)	1	722544	99.816
Bokkenrijder SPEC(deeleigen)	1	722545	99.8161
Bokkelul SPEC(deeleigen)	1	722546	99.8163
Boink SPEC(deeleigen)	1	722547	99.8164
Boijmans SPEC(deeleigen)	1	722548	99.8165
Boghout SPEC(deeleigen)	1	722549	99.8167
Bogaardenstraat SPEC(deeleigen)	1	722550	99.8168
Bof SPEC(deeleigen)	1	722551	99.817
Boere SPEC(deeleigen)	1	722552	99.8171
BoerBV SPEC(deeleigen)	1	722553	99.8172
Boekhold SPEC(deeleigen)	1	722554	99.8174
Boekelo SPEC(deeleigen)	1	722555	99.8175
Boekel SPEC(deeleigen)	1	722556	99.8176
Boehoehoe SPEC(vreemd)	1	722557	99.8178
Bodybalance SPEC(deeleigen)	1	722558	99.8179
Bockenreyder SPEC(deeleigen)	1	722559	99.8181
Bock SPEC(deeleigen)	1	722560	99.8182
Bobrizio SPEC(deeleigen)	1	722561	99.8183
Bobmeister SPEC(deeleigen)	1	722562	99.8185
Boblingen SPEC(deeleigen)	1	722563	99.8186
Bobbel SPEC(deeleigen)	1	722564	99.8188
Blyf SPEC(deeleigen)	1	722565	99.8189
Blush SPEC(deeleigen)	1	722566	99.819
Bluesette SPEC(vreemd)	1	722567	99.8192
Blue SPEC(vreemd)	1	722568	99.8193
Blue SPEC(deeleigen)	1	722569	99.8194
Blood SPEC(vreemd)	1	722570	99.8196
Blood SPEC(deeleigen)	1	722571	99.8197
Blomme SPEC(deeleigen)	1	722572	99.8199
Blokker SPEC(deeleigen)	1	722573	99.82
Bloem SPEC(deeleigen)	1	722574	99.8201
Blink SPEC(deeleigen)	1	722575	99.8203
Blijker SPEC(deeleigen)	1	722576	99.8204
Bliep SPEC(deeleigen)	1	722577	99.8205
Bleu SPEC(vreemd)	1	722578	99.8207
Bleegh SPEC(deeleigen)	1	722579	99.8208
Blast SPEC(vreemd)	1	722580	99.821
Blankenbergestr SPEC(deeleigen)	1	722581	99.8211
Blanca SPEC(vreemd)	1	722582	99.8212
Blame SPEC(vreemd)	1	722583	99.8214
Blaha SPEC(vreemd)	1	722584	99.8215
Bl SPEC(deeleigen)	1	722585	99.8217
BjÃ¶rk SPEC(deeleigen)	1	722586	99.8218
Bjorn SPEC(deeleigen)	1	722587	99.8219
Bitchy SPEC(deeleigen)	1	722588	99.8221
BitBit SPEC(vreemd)	1	722589	99.8222
Bissegem SPEC(deeleigen)	1	722590	99.8223
Bisou SPEC(deeleigen)	1	722591	99.8225
Bis SPEC(vreemd)	1	722592	99.8226
Birthday SPEC(deeleigen)	1	722593	99.8228
Bios SPEC(deeleigen)	1	722594	99.8229
Biomedische SPEC(deeleigen)	1	722595	99.823
Binnen SPEC(deeleigen)	1	722596	99.8232
Binne SPEC(deeleigen)	1	722597	99.8233
Bin SPEC(vreemd)	1	722598	99.8235
Bin SPEC(deeleigen)	1	722599	99.8236
Bill SPEC(deeleigen)	1	722600	99.8237
Bikkeltopic SPEC(deeleigen)	1	722601	99.8239
Bijleveldsingel SPEC(deeleigen)	1	722602	99.824
Bijjjna SPEC(deeleigen)	1	722603	99.8241
Bijenkorf SPEC(deeleigen)	1	722604	99.8243
Bieber SPEC(deeleigen)	1	722605	99.8244
Bicky SPEC(vreemd)	1	722606	99.8246
Bible SPEC(vreemd)	1	722607	99.8247
Bibiweekend SPEC(deeleigen)	1	722608	99.8248
Bialetti SPEC(deeleigen)	1	722609	99.825
Bhimji SPEC(deeleigen)	1	722610	99.8251
Bffl SPEC(deeleigen)	1	722611	99.8252
Bezoensberg SPEC(deeleigen)	1	722612	99.8254
Beyerd SPEC(deeleigen)	1	722613	99.8255
Beverly SPEC(deeleigen)	1	722614	99.8257
Bever SPEC(deeleigen)	1	722615	99.8258
Beukenlaan SPEC(deeleigen)	1	722616	99.8259
Bettie SPEC(deeleigen)	1	722617	99.8261
Better SPEC(vreemd)	1	722618	99.8262
Betafac SPEC(deeleigen)	1	722619	99.8264
Bestemming SPEC(deeleigen)	1	722620	99.8265
Best SPEC(deeleigen)	1	722621	99.8266
Beso SPEC(vreemd)	1	722622	99.8268
Besma SPEC(deeleigen)	1	722623	99.8269
Bertje SPEC(deeleigen)	1	722624	99.827
Bertine's SPEC(deeleigen)	1	722625	99.8272
Bertens SPEC(deeleigen)	1	722626	99.8273
Bert-Jan SPEC(deeleigen)	1	722627	99.8275
Bernestraat SPEC(deeleigen)	1	722628	99.8276
Bernardus SPEC(deeleigen)	1	722629	99.8277
Bernabeu SPEC(deeleigen)	1	722630	99.8279
Berkel SPEC(deeleigen)	1	722631	99.828
Bergen-Op-Zoom SPEC(deeleigen)	1	722632	99.8281
Berg SPEC(deeleigen)	1	722633	99.8283
Berdine SPEC(deeleigen)	1	722634	99.8284
Berchem SPEC(deeleigen)	1	722635	99.8286
Ber SPEC(deeleigen)	1	722636	99.8287
Beppie SPEC(vreemd)	1	722637	99.8288
BenÃ®t SPEC(deeleigen)	1	722638	99.829
Benq SPEC(deeleigen)	1	722639	99.8291
Bennekom SPEC(deeleigen)	1	722640	99.8293
Benjamin SPEC(deeleigen)	1	722641	99.8294
Benff SPEC(deeleigen)	1	722642	99.8295
Bence SPEC(vreemd)	1	722643	99.8297
Bels SPEC(deeleigen)	1	722644	99.8298
Belleghemstraat SPEC(deeleigen)	1	722645	99.8299
Bellavista SPEC(deeleigen)	1	722646	99.8301
Bella SPEC(vreemd)	1	722647	99.8302
Belgium SPEC(vreemd)	1	722648	99.8304
Belgium SPEC(deeleigen)	1	722649	99.8305
Belgenland SPEC(deeleigen)	1	722650	99.8306
Belga SPEC(deeleigen)	1	722651	99.8308
Belg SPEC(deeleigen)	1	722652	99.8309
Belbus SPEC(deeleigen)	1	722653	99.831
Being SPEC(vreemd)	1	722654	99.8312
Behhh SPEC(deeleigen)	1	722655	99.8313
Before SPEC(vreemd)	1	722656	99.8315
Befl SPEC(deeleigen)	1	722657	99.8316
Beethoven SPEC(deeleigen)	1	722658	99.8317
Beesd SPEC(deeleigen)	1	722659	99.8319
Beertje SPEC(deeleigen)	1	722660	99.832
Beersel SPEC(deeleigen)	1	722661	99.8322
Beense SPEC(deeleigen)	1	722662	99.8323
Been SPEC(vreemd)	1	722663	99.8324
Beekerheide SPEC(deeleigen)	1	722664	99.8326
Beek SPEC(deeleigen)	1	722665	99.8327
Beeb SPEC(deeleigen)	1	722666	99.8328
Becks SPEC(deeleigen)	1	722667	99.833
Bebo SPEC(vreemd)	1	722668	99.8331
Beautyplan SPEC(deeleigen)	1	722669	99.8333
Beauty SPEC(vreemd)	1	722670	99.8334
Beats SPEC(deeleigen)	1	722671	99.8335
Bdp SPEC(deeleigen)	1	722672	99.8337
Bbb SPEC(deeleigen)	1	722673	99.8338
Bb SPEC(deeleigen)	1	722674	99.8339
Bayram SPEC(deeleigen)	1	722675	99.8341
Bauwa SPEC(deeleigen)	1	722676	99.8342
Baustelle SPEC(deeleigen)	1	722677	99.8344
Baudelo SPEC(deeleigen)	1	722678	99.8345
Battle SPEC(vreemd)	1	722679	99.8346
Batthjany SPEC(deeleigen)	1	722680	99.8348
Batt SPEC(deeleigen)	1	722681	99.8349
Bates SPEC(deeleigen)	1	722682	99.8351
Bata SPEC(deeleigen)	1	722683	99.8352
Bastijn SPEC(deeleigen)	1	722684	99.8353
Bastards SPEC(deeleigen)	1	722685	99.8355
Basically SPEC(vreemd)	1	722686	99.8356
Basel SPEC(deeleigen)	1	722687	99.8357
Bascafe SPEC(deeleigen)	1	722688	99.8359
Bas=na SPEC(deeleigen)	1	722689	99.836
BarÃ§a SPEC(deeleigen)	1	722690	99.8362
Barts SPEC(deeleigen)	1	722691	99.8363
Barrietime SPEC(deeleigen)	1	722692	99.8364
Barnard SPEC(deeleigen)	1	722693	99.8366
Bardiensten.nl SPEC(symb)	1	722694	99.8367
Barbra SPEC(deeleigen)	1	722695	99.8369
Barberino SPEC(deeleigen)	1	722696	99.837
Bar SPEC(vreemd)	1	722697	99.8371
Bangkok SPEC(deeleigen)	1	722698	99.8373
Band SPEC(vreemd)	1	722699	99.8374
Band SPEC(deeleigen)	1	722700	99.8375
Ball SPEC(vreemd)	1	722701	99.8377
Balk SPEC(deeleigen)	1	722702	99.8378
Bali SPEC(deeleigen)	1	722703	99.838
Baldr SPEC(deeleigen)	1	722704	99.8381
Balatonmeer SPEC(deeleigen)	1	722705	99.8382
Bakker SPEC(deeleigen)	1	722706	99.8384
Bak SPEC(deeleigen)	1	722707	99.8385
Bajaat SPEC(deeleigen)	1	722708	99.8386
Baha SPEC(deeleigen)	1	722709	99.8388
Badnol SPEC(deeleigen)	1	722710	99.8389
Baddie SPEC(deeleigen)	1	722711	99.8391
Backstage SPEC(vreemd)	1	722712	99.8392
Bachelorproef SPEC(deeleigen)	1	722713	99.8393
Bachelorkring SPEC(deeleigen)	1	722714	99.8395
Bachelor SPEC(deeleigen)	1	722715	99.8396
Baby SPEC(vreemd)	1	722716	99.8398
Baby SPEC(deeleigen)	1	722717	99.8399
Baars SPEC(deeleigen)	1	722718	99.84
Baarn SPEC(deeleigen)	1	722719	99.8402
Baalde SPEC(deeleigen)	1	722720	99.8403
BZV SPEC(deeleigen)	1	722721	99.8404
BZT-show SPEC(deeleigen)	1	722722	99.8406
BYOB SPEC(deeleigen)	1	722723	99.8407
BSc SPEC(deeleigen)	1	722724	99.8409
BROTHAA SPEC(deeleigen)	1	722725	99.841
BROERIE SPEC(deeleigen)	1	722726	99.8411
BP SPEC(deeleigen)	1	722727	99.8413
BOZ SPEC(deeleigen)	1	722728	99.8414
BOY SPEC(vreemd)	1	722729	99.8415
BORNE SPEC(deeleigen)	1	722730	99.8417
BOECKSTAETEHOF SPEC(deeleigen)	1	722731	99.8418
BOB SPEC(deeleigen)	1	722732	99.842
BO SPEC(deeleigen)	1	722733	99.8421
BNN SPEC(deeleigen)	1	722734	99.8422
BMC SPEC(deeleigen)	1	722735	99.8424
BM SPEC(deeleigen)	1	722736	99.8425
BIRTHDAY SPEC(vreemd)	1	722737	99.8427
BIRTHDAY SPEC(deeleigen)	1	722738	99.8428
BI SPEC(symb)	1	722739	99.8429
BFF SPEC(deeleigen)	1	722740	99.8431
BESTUUR SPEC(deeleigen)	1	722741	99.8432
BEST SPEC(deeleigen)	1	722742	99.8433
BERGKAMP SPEC(deeleigen)	1	722743	99.8435
BEP SPEC(deeleigen)	1	722744	99.8436
BEERBUDDY SPEC(deeleigen)	1	722745	99.8438
BD SPEC(deeleigen)	1	722746	99.8439
BC SPEC(deeleigen)	1	722747	99.844
BBq SPEC(deeleigen)	1	722748	99.8442
BBT SPEC(deeleigen)	1	722749	99.8443
BBB-time SPEC(vreemd)	1	722750	99.8444
BAT SPEC(deeleigen)	1	722751	99.8446
BAM SPEC(afk)	1	722752	99.8447
BAKKES SPEC(deeleigen)	1	722753	99.8449
B.E.D. SPEC(deeleigen)	1	722754	99.845
Azzuri SPEC(deeleigen)	1	722755	99.8451
Aziaten SPEC(deeleigen)	1	722756	99.8453
Ay SPEC(deeleigen)	1	722757	99.8454
Axe SPEC(deeleigen)	1	722758	99.8456
Awwh SPEC(deeleigen)	1	722759	99.8457
Awkward SPEC(deeleigen)	1	722760	99.8458
Awesomenousity SPEC(deeleigen)	1	722761	99.846
Avro SPEC(afk)	1	722762	99.8461
Avondspits SPEC(vreemd)	1	722763	99.8462
Avondje SPEC(deeleigen)	1	722764	99.8464
Avignon SPEC(deeleigen)	1	722765	99.8465
Aveve SPEC(deeleigen)	1	722766	99.8467
Avenue SPEC(deeleigen)	1	722767	99.8468
Avenhorn SPEC(deeleigen)	1	722768	99.8469
Avec SPEC(deeleigen)	1	722769	99.8471
Avalon SPEC(deeleigen)	1	722770	99.8472
Av SPEC(deeleigen)	1	722771	99.8473
Australie SPEC(deeleigen)	1	722772	99.8475
Australian SPEC(vreemd)	1	722773	99.8476
Aurora SPEC(deeleigen)	1	722774	99.8478
Augustus SPEC(deeleigen)	1	722775	99.8479
Auf SPEC(vreemd)	1	722776	99.848
Au SPEC(deeleigen)	1	722777	99.8482
Atze SPEC(deeleigen)	1	722778	99.8483
Atom SPEC(deeleigen)	1	722779	99.8485
Atlanta SPEC(deeleigen)	1	722780	99.8486
Athos SPEC(deeleigen)	1	722781	99.8487
Ateam SPEC(vreemd)	1	722782	99.8489
Ate SPEC(deeleigen)	1	722783	99.849
At SPEC(deeleigen)	1	722784	99.8491
Aswins SPEC(deeleigen)	1	722785	99.8493
Astrid SPEC(deeleigen)	1	722786	99.8494
Ast SPEC(deeleigen)	1	722787	99.8496
Assen SPEC(deeleigen)	1	722788	99.8497
Assebroekenaar SPEC(deeleigen)	1	722789	99.8498
Aspo SPEC(deeleigen)	1	722790	99.85
Askeby SPEC(deeleigen)	1	722791	99.8501
Asgerd SPEC(vreemd)	1	722792	99.8503
Asgerd SPEC(deeleigen)	1	722793	99.8504
Arwenske SPEC(deeleigen)	1	722794	99.8505
Arwens SPEC(deeleigen)	1	722795	99.8507
Arwen SPEC(vreemd)	1	722796	99.8508
Arwen SPEC(deeleigen)	1	722797	99.8509
Artis SPEC(deeleigen)	1	722798	99.8511
Arthur SPEC(deeleigen)	1	722799	99.8512
Artem SPEC(deeleigen)	1	722800	99.8514
Artagnan SPEC(deeleigen)	1	722801	99.8515
Art SPEC(deeleigen)	1	722802	99.8516
ArrivÃ© SPEC(vreemd)	1	722803	99.8518
Arriving SPEC(vreemd)	1	722804	99.8519
Arriverderci SPEC(vreemd)	1	722805	99.852
Arrived SPEC(deeleigen)	1	722806	99.8522
Aroendel SPEC(deeleigen)	1	722807	99.8523
Aroena SPEC(vreemd)	1	722808	99.8525
Arnoud SPEC(deeleigen)	1	722809	99.8526
Arno's SPEC(deeleigen)	1	722810	99.8527
Arninkhof SPEC(deeleigen)	1	722811	99.8529
ArnhemSports SPEC(deeleigen)	1	722812	99.853
Armagnac SPEC(deeleigen)	1	722813	99.8532
Arial SPEC(deeleigen)	1	722814	99.8533
Ari SPEC(deeleigen)	1	722815	99.8534
Argg SPEC(vreemd)	1	722816	99.8536
ArgentiniÃ« SPEC(deeleigen)	1	722817	99.8537
Argentinie SPEC(deeleigen)	1	722818	99.8538
Arg SPEC(deeleigen)	1	722819	99.854
Arenal SPEC(vreemd)	1	722820	99.8541
ArenA SPEC(deeleigen)	1	722821	99.8543
Arctic SPEC(deeleigen)	1	722822	99.8544
Architecture SPEC(vreemd)	1	722823	99.8545
Arbeit SPEC(vreemd)	1	722824	99.8547
Aramis SPEC(deeleigen)	1	722825	99.8548
Aquino SPEC(deeleigen)	1	722826	99.8549
Appletown SPEC(deeleigen)	1	722827	99.8551
Apple SPEC(vreemd)	1	722828	99.8552
Appieshift SPEC(deeleigen)	1	722829	99.8554
Apoorv SPEC(vreemd)	1	722830	99.8555
Apologise SPEC(deeleigen)	1	722831	99.8556
Apocalyps SPEC(deeleigen)	1	722832	99.8558
Apk SPEC(deeleigen)	1	722833	99.8559
Apft SPEC(deeleigen)	1	722834	99.8561
Apenrots SPEC(deeleigen)	1	722835	99.8562
Apenheul SPEC(deeleigen)	1	722836	99.8563
Ap SPEC(deeleigen)	1	722837	99.8565
Anywho SPEC(deeleigen)	1	722838	99.8566
Anything SPEC(deeleigen)	1	722839	99.8567
Anyone SPEC(vreemd)	1	722840	99.8569
AntÃ³nia SPEC(deeleigen)	1	722841	99.857
Antwerperke SPEC(deeleigen)	1	722842	99.8572
Antwerpe SPEC(deeleigen)	1	722843	99.8573
Antw SPEC(deeleigen)	1	722844	99.8574
Antillen SPEC(deeleigen)	1	722845	99.8576
Antibes SPEC(deeleigen)	1	722846	99.8577
Antchen SPEC(vreemd)	1	722847	99.8578
Antals SPEC(deeleigen)	1	722848	99.858
Answer SPEC(vreemd)	1	722849	99.8581
Anr SPEC(deeleigen)	1	722850	99.8583
Anouks SPEC(deeleigen)	1	722851	99.8584
Another SPEC(deeleigen)	1	722852	99.8585
Anniek SPEC(deeleigen)	1	722853	99.8587
Anni's SPEC(deeleigen)	1	722854	99.8588
Annes SPEC(deeleigen)	1	722855	99.859
Anneke's SPEC(deeleigen)	1	722856	99.8591
Anne SPEC(vreemd)	1	722857	99.8592
Annchen SPEC(deeleigen)	1	722858	99.8594
Ann SPEC(deeleigen)	1	722859	99.8595
Ankes SPEC(vreemd)	1	722860	99.8596
Ankes SPEC(deeleigen)	1	722861	99.8598
Anker SPEC(deeleigen)	1	722862	99.8599
Animo SPEC(deeleigen)	1	722863	99.8601
Anh SPEC(deeleigen)	1	722864	99.8602
Angie SPEC(deeleigen)	1	722865	99.8603
Angenent SPEC(deeleigen)	1	722866	99.8605
Angeliques SPEC(deeleigen)	1	722867	99.8606
Angeliek SPEC(deeleigen)	1	722868	99.8607
Andries SPEC(deeleigen)	1	722869	99.8609
Andrej SPEC(deeleigen)	1	722870	99.861
Andre SPEC(deeleigen)	1	722871	99.8612
Andrassy SPEC(deeleigen)	1	722872	99.8613
Andes SPEC(deeleigen)	1	722873	99.8614
Andel SPEC(deeleigen)	1	722874	99.8616
And SPEC(deeleigen)	1	722875	99.8617
Anatomy SPEC(deeleigen)	1	722876	99.8619
Anastasia SPEC(deeleigen)	1	722877	99.862
An SPEC(vreemd)	1	722878	99.8621
Amuse-toi SPEC(vreemd)	1	722879	99.8623
Amsterdammers SPEC(deeleigen)	1	722880	99.8624
Amos SPEC(deeleigen)	1	722881	99.8625
Amoroso SPEC(deeleigen)	1	722882	99.8627
Amerikaan SPEC(deeleigen)	1	722883	99.8628
American SPEC(deeleigen)	1	722884	99.863
Ameide SPEC(deeleigen)	1	722885	99.8631
Amber SPEC(deeleigen)	1	722886	99.8632
Ambedkar SPEC(deeleigen)	1	722887	99.8634
Amazing SPEC(deeleigen)	1	722888	99.8635
Am. SPEC(afk)	1	722889	99.8637
AlÃ© SPEC(vreemd)	1	722890	99.8638
Alwina SPEC(deeleigen)	1	722891	99.8639
Alveringem SPEC(deeleigen)	1	722892	99.8641
Alton SPEC(deeleigen)	1	722893	99.8642
Although SPEC(deeleigen)	1	722894	99.8643
Alt SPEC(deeleigen)	1	722895	99.8645
AlpheN SPEC(deeleigen)	1	722896	99.8646
Alpen SPEC(deeleigen)	1	722897	99.8648
Alpe SPEC(deeleigen)	1	722898	99.8649
Alonso SPEC(deeleigen)	1	722899	99.865
Alone SPEC(vreemd)	1	722900	99.8652
Aloha SPEC(deeleigen)	1	722901	99.8653
Alma SPEC(deeleigen)	1	722902	99.8654
AllÃ© SPEC(deeleigen)	1	722903	99.8656
Allstars SPEC(deeleigen)	1	722904	99.8657
Allo SPEC(vreemd)	1	722905	99.8659
Alli SPEC(deeleigen)	1	722906	99.866
Allessandro SPEC(deeleigen)	1	722907	99.8661
Alladin SPEC(deeleigen)	1	722908	99.8663
Alies SPEC(deeleigen)	1	722909	99.8664
Alhambra SPEC(vreemd)	1	722910	99.8666
Alghero SPEC(deeleigen)	1	722911	99.8667
Algemene SPEC(deeleigen)	1	722912	99.8668
Algebra SPEC(deeleigen)	1	722913	99.867
Alexandre SPEC(deeleigen)	1	722914	99.8671
Aleja SPEC(vreemd)	1	722915	99.8672
Alegria SPEC(deeleigen)	1	722916	99.8674
Aldi SPEC(deeleigen)	1	722917	99.8675
Alchemy SPEC(vreemd)	1	722918	99.8677
Alamo SPEC(deeleigen)	1	722919	99.8678
Aken SPEC(deeleigen)	1	722920	99.8679
Akela SPEC(deeleigen)	1	722921	99.8681
Ajuu SPEC(deeleigen)	1	722922	99.8682
Ajax-fey SPEC(deeleigen)	1	722923	99.8683
Ajax-NAC SPEC(deeleigen)	1	722924	99.8685
Aja SPEC(vreemd)	1	722925	99.8686
Airotel SPEC(deeleigen)	1	722926	99.8688
Airolo SPEC(deeleigen)	1	722927	99.8689
Air SPEC(vreemd)	1	722928	99.869
Aiai SPEC(vreemd)	1	722929	99.8692
Ahhhh SPEC(deeleigen)	1	722930	99.8693
Agreed SPEC(vreemd)	1	722931	99.8695
Agnus SPEC(deeleigen)	1	722932	99.8696
Agnes SPEC(deeleigen)	1	722933	99.8697
Agility SPEC(deeleigen)	1	722934	99.8699
Afterwards SPEC(vreemd)	1	722935	99.87
Afscheuring SPEC(deeleigen)	1	722936	99.8701
Afrikanen SPEC(deeleigen)	1	722937	99.8703
Afrikaans SPEC(deeleigen)	1	722938	99.8704
AfrikaHoe SPEC(deeleigen)	1	722939	99.8706
Afhandel SPEC(deeleigen)	1	722940	99.8707
Afgh SPEC(deeleigen)	1	722941	99.8708
Aeth SPEC(deeleigen)	1	722942	99.871
Aeternum SPEC(deeleigen)	1	722943	99.8711
Aerosmith SPEC(deeleigen)	1	722944	99.8712
Aerh SPEC(deeleigen)	1	722945	99.8714
Adri SPEC(deeleigen)	1	722946	99.8715
Adress SPEC(vreemd)	1	722947	99.8717
Adobe SPEC(deeleigen)	1	722948	99.8718
Adios SPEC(vreemd)	1	722949	99.8719
Adi's SPEC(deeleigen)	1	722950	99.8721
Aden SPEC(deeleigen)	1	722951	99.8722
Adelien SPEC(vreemd)	1	722952	99.8724
Address SPEC(deeleigen)	1	722953	99.8725
Addie SPEC(deeleigen)	1	722954	99.8726
Action SPEC(deeleigen)	1	722955	99.8728
Achouffe SPEC(deeleigen)	1	722956	99.8729
Accu SPEC(deeleigen)	1	722957	99.873
Accounting SPEC(vreemd)	1	722958	99.8732
Access SPEC(deeleigen)	1	722959	99.8733
Abramovich SPEC(deeleigen)	1	722960	99.8735
Abrahams SPEC(deeleigen)	1	722961	99.8736
Above SPEC(vreemd)	1	722962	99.8737
Abir SPEC(deeleigen)	1	722963	99.8739
Abhijit SPEC(vreemd)	1	722964	99.874
Aber SPEC(vreemd)	1	722965	99.8741
Aart SPEC(deeleigen)	1	722966	99.8743
Aarschot SPEC(deeleigen)	1	722967	99.8744
Aargh SPEC(deeleigen)	1	722968	99.8746
Aardwortel SPEC(deeleigen)	1	722969	99.8747
Aarde SPEC(deeleigen)	1	722970	99.8748
Aard SPEC(deeleigen)	1	722971	99.875
Aar SPEC(deeleigen)	1	722972	99.8751
Aalsteneeske SPEC(deeleigen)	1	722973	99.8753
Aalst SPEC(vreemd)	1	722974	99.8754
Aahh SPEC(vreemd)	1	722975	99.8755
Aah SPEC(vreemd)	1	722976	99.8757
Aachen SPEC(deeleigen)	1	722977	99.8758
Aaahhh SPEC(deeleigen)	1	722978	99.8759
Aaaaargh SPEC(deeleigen)	1	722979	99.8761
Aaaaaargh SPEC(deeleigen)	1	722980	99.8762
Aaaaaaaaaaarggh SPEC(deeleigen)	1	722981	99.8764
Aaaa SPEC(deeleigen)	1	722982	99.8765
Aa SPEC(deeleigen)	1	722983	99.8766
AZM SPEC(deeleigen)	1	722984	99.8768
AUTO SPEC(deeleigen)	1	722985	99.8769
ASkars SPEC(deeleigen)	1	722986	99.8771
APP SPEC(deeleigen)	1	722987	99.8772
AP SPEC(deeleigen)	1	722988	99.8773
ANWB SPEC(deeleigen)	1	722989	99.8775
ANNE SPEC(deeleigen)	1	722990	99.8776
ANITA SPEC(deeleigen)	1	722991	99.8777
AND SPEC(deeleigen)	1	722992	99.8779
AN SPEC(deeleigen)	1	722993	99.878
AMS SPEC(deeleigen)	1	722994	99.8782
ALSJEBLIEFT SPEC(deeleigen)	1	722995	99.8783
ALL SPEC(deeleigen)	1	722996	99.8784
AKKOORD SPEC(deeleigen)	1	722997	99.8786
AD SPEC(deeleigen)	1	722998	99.8787
ACW SPEC(deeleigen)	1	722999	99.8788
ACT SPEC(deeleigen)	1	723000	99.879
ACB SPEC(deeleigen)	1	723001	99.8791
AC SPEC(deeleigen)	1	723002	99.8793
ABMA SPEC(deeleigen)	1	723003	99.8794
ABABBABAAB SPEC(deeleigen)	1	723004	99.8795
AAV SPEC(deeleigen)	1	723005	99.8797
AAARRG SPEC(afk)	1	723006	99.8798
AA SPEC(symb)	1	723007	99.88
A-team SPEC(vreemd)	1	723008	99.8801
A-team SPEC(deeleigen)	1	723009	99.8802
A-ha SPEC(deeleigen)	1	723010	99.8804
A-Z SPEC(deeleigen)	1	723011	99.8805
A-M SPEC(symb)	1	723012	99.8806
A-M SPEC(deeleigen)	1	723013	99.8808
@ LET()	1	723014	99.8809
???! LET()	1	723015	99.8811
??. SPEC(symb)	1	723016	99.8812
?... TW(hoofd,vrij)	1	723017	99.8813
?... SPEC(afk)	1	723018	99.8815
?!?! LET()	1	723019	99.8816
?!? LET()	1	723020	99.8817
>>> SPEC(symb)	1	723021	99.8819
>< LET()	1	723022	99.882
>< ADJ(prenom,basis,met-e,stan)	1	723023	99.8822
=verschwunen WW(pv,verl,mv)	1	723024	99.8823
=oja SPEC(vreemd)	1	723025	99.8824
=d WW(vd,vrij,zonder)	1	723026	99.8826
=> SPEC(symb)	1	723027	99.8827
== LET()	1	723028	99.8829
= TW(hoofd,prenom,stan)	1	723029	99.883
= BW()	1	723030	99.8831
<time> N(soort,mv,basis)	1	723031	99.8833
<adres> SPEC(symb)	1	723032	99.8834
<EMAIL> SPEC(vreemd)	1	723033	99.8835
<COMPANY> SPEC(symb)	1	723034	99.8837
;^) SPEC(symb)	1	723035	99.8838
;P SPEC(symb)	1	723036	99.884
;-P SPEC(symb)	1	723037	99.8841
:^D SPEC(symb)	1	723038	99.8842
:,( SPEC(symb)	1	723039	99.8844
:') SPEC(symb)	1	723040	99.8845
9e? N(soort,mv,basis)	1	723041	99.8846
9:58 SPEC(symb)	1	723042	99.8848
9:46 SPEC(symb)	1	723043	99.8849
9:45 TW(hoofd,prenom,stan)	1	723044	99.8851
9:30 TW(hoofd,vrij)	1	723045	99.8852
9:06 SPEC(symb)	1	723046	99.8853
999 SPEC(symb)	1	723047	99.8855
9923 TW(hoofd,vrij)	1	723048	99.8856
98 TW(hoofd,vrij)	1	723049	99.8858
98 TW(hoofd,prenom,stan)	1	723050	99.8859
97 SPEC(symb)	1	723051	99.886
96 TW(hoofd,vrij)	1	723052	99.8862
95 TW(hoofd,vrij)	1	723053	99.8863
945 TW(hoofd,prenom,stan)	1	723054	99.8864
930 TW(hoofd,prenom,stan)	1	723055	99.8866
93 TW(hoofd,vrij)	1	723056	99.8867
9292 TW(hoofd,vrij)	1	723057	99.8869
9268190 TW(hoofd,vrij)	1	723058	99.887
92 TW(hoofd,prenom,stan)	1	723059	99.8871
92 SPEC(symb)	1	723060	99.8873
91 TW(hoofd,prenom,stan)	1	723061	99.8874
9000 TW(hoofd,prenom,stan)	1	723062	99.8875
900 SPEC(deeleigen)	1	723063	99.8877
9.40 TW(hoofd,prenom,stan)	1	723064	99.8878
9.30 TW(hoofd,vrij)	1	723065	99.888
9.08 SPEC(symb)	1	723066	99.8881
9.0 TW(hoofd,vrij)	1	723067	99.8882
9,9 TW(hoofd,prenom,stan)	1	723068	99.8884
9,89 TW(hoofd,vrij)	1	723069	99.8885
9 SPEC(symb)	1	723070	99.8887
8ste? N(soort,mv,basis)	1	723071	99.8888
8ste TW(rang,prenom,stan)	1	723072	99.8889
8905 TW(hoofd,vrij)	1	723073	99.8891
8900 TW(hoofd,prenom,stan)	1	723074	99.8892
89 TW(hoofd,vrij)	1	723075	99.8893
89 TW(hoofd,prenom,stan)	1	723076	99.8895
882835 TW(hoofd,prenom,stan)	1	723077	99.8896
875 TW(hoofd,vrij)	1	723078	99.8898
8746 TW(hoofd,vrij)	1	723079	99.8899
85 TW(rang,prenom,stan)	1	723080	99.89
85 SPEC(symb)	1	723081	99.8902
840 TW(hoofd,prenom,stan)	1	723082	99.8903
83 TW(hoofd,prenom,stan)	1	723083	99.8905
82 SPEC(symb)	1	723084	99.8906
81 SPEC(symb)	1	723085	99.8907
80e TW(rang,prenom,stan)	1	723086	99.8909
8090 TW(hoofd,prenom,stan)	1	723087	99.891
800 TW(hoofd,vrij)	1	723088	99.8911
8.5 TW(hoofd,prenom,stan)	1	723089	99.8913
8.30 TW(hoofd,vrij)	1	723090	99.8914
8.3 TW(hoofd,prenom,stan)	1	723091	99.8916
8-4-1985 TW(hoofd,vrij)	1	723092	99.8917
8,8 TW(hoofd,prenom,stan)	1	723093	99.8918
8,5 TW(hoofd,vrij)	1	723094	99.892
8,2 TW(hoofd,vrij)	1	723095	99.8921
8) SPEC(symb)	1	723096	99.8922
8 SPEC(deeleigen)	1	723097	99.8924
7e! N(soort,mv,basis)	1	723098	99.8925
7de TW(rang,prenom,stan)	1	723099	99.8927
7:40 SPEC(symb)	1	723100	99.8928
7:30 TW(hoofd,vrij)	1	723101	99.8929
7:30 SPEC(symb)	1	723102	99.8931
7:25 TW(hoofd,vrij)	1	723103	99.8932
7:10 TW(hoofd,vrij)	1	723104	99.8934
7:05 SPEC(symb)	1	723105	99.8935
797.97 TW(hoofd,prenom,stan)	1	723106	99.8936
791 TW(hoofd,vrij)	1	723107	99.8938
79.9 SPEC(symb)	1	723108	99.8939
79 SPEC(symb)	1	723109	99.894
784,07 SPEC(symb)	1	723110	99.8942
7523 TW(hoofd,prenom,stan)	1	723111	99.8943
7500 TW(hoofd,prenom,stan)	1	723112	99.8945
750 TW(hoofd,prenom,stan)	1	723113	99.8946
740 TW(hoofd,vrij)	1	723114	99.8947
7374 TW(hoofd,prenom,stan)	1	723115	99.8949
730 TW(hoofd,prenom,stan)	1	723116	99.895
73 TW(hoofd,vrij)	1	723117	99.8951
73 TW(hoofd,prenom,stan)	1	723118	99.8953
720 SPEC(symb)	1	723119	99.8954
72 SPEC(symb)	1	723120	99.8956
72 SPEC(deeleigen)	1	723121	99.8957
716 TW(hoofd,vrij)	1	723122	99.8958
700 TW(hoofd,prenom,stan)	1	723123	99.896
7.8 SPEC(symb)	1	723124	99.8961
7.50 SPEC(symb)	1	723125	99.8963
7.5 SPEC(symb)	1	723126	99.8964
7.3 SPEC(symb)	1	723127	99.8965
7.00 TW(hoofd,prenom,stan)	1	723128	99.8967
7.0 TW(hoofd,vrij)	1	723129	99.8968
7,6 SPEC(symb)	1	723130	99.8969
7,50 TW(hoofd,vrij)	1	723131	99.8971
7,4 TW(hoofd,prenom,stan)	1	723132	99.8972
7 SPEC(vreemd)	1	723133	99.8974
7 SPEC(symb)	1	723134	99.8975
6e? N(soort,mv,basis)	1	723135	99.8976
6de, SPEC(symb)	1	723136	99.8978
6:15 SPEC(symb)	1	723137	99.8979
6969 SPEC(symb)	1	723138	99.898
69 TW(hoofd,prenom,stan)	1	723139	99.8982
685 TW(hoofd,vrij)	1	723140	99.8983
68 TW(hoofd,prenom,stan)	1	723141	99.8985
679,43 SPEC(symb)	1	723142	99.8986
67 SPEC(symb)	1	723143	99.8987
6654 TW(hoofd,vrij)	1	723144	99.8989
66 SPEC(symb)	1	723145	99.899
6543 SPEC(symb)	1	723146	99.8992
6511 TW(hoofd,vrij)	1	723147	99.8993
6511 TW(hoofd,prenom,stan)	1	723148	99.8994
65 SPEC(symb)	1	723149	99.8996
64 SPEC(symb)	1	723150	99.8997
6371 ADJ(prenom,basis,zonder)	1	723151	99.8998
631 TW(hoofd,prenom,stan)	1	723152	99.9
63 TW(hoofd,prenom,stan)	1	723153	99.9001
623 TW(hoofd,vrij)	1	723154	99.9003
62 TW(hoofd,vrij)	1	723155	99.9004
62 TW(hoofd,prenom,stan)	1	723156	99.9005
62 SPEC(symb)	1	723157	99.9007
613 SPEC(symb)	1	723158	99.9008
61 TW(hoofd,prenom,stan)	1	723159	99.9009
61 SPEC(symb)	1	723160	99.9011
608 TW(hoofd,vrij)	1	723161	99.9012
6000 TW(hoofd,prenom,stan)	1	723162	99.9014
600 TW(hoofd,prenom,stan)	1	723163	99.9015
6.47 TW(hoofd,vrij)	1	723164	99.9016
6.20 TW(hoofd,prenom,stan)	1	723165	99.9018
6.15 SPEC(symb)	1	723166	99.9019
6.14 TW(hoofd,vrij)	1	723167	99.9021
6-8-12 TW(hoofd,vrij)	1	723168	99.9022
6,7 TW(hoofd,prenom,stan)	1	723169	99.9023
6,5 SPEC(symb)	1	723170	99.9025
6,29 TW(hoofd,vrij)	1	723171	99.9026
6,2 TW(hoofd,prenom,stan)	1	723172	99.9027
6 TW(hoofd,nom,zonder-n,basis)	1	723173	99.9029
5:20 SPEC(symb)	1	723174	99.903
5:15 SPEC(symb)	1	723175	99.9032
5:00 TW(hoofd,prenom,stan)	1	723176	99.9033
599 SPEC(symb)	1	723177	99.9034
591 TW(hoofd,vrij)	1	723178	99.9036
59,99 TW(hoofd,vrij)	1	723179	99.9037
588 TW(hoofd,prenom,stan)	1	723180	99.9039
575 TW(hoofd,vrij)	1	723181	99.904
57 TW(hoofd,prenom,stan)	1	723182	99.9041
5664767 TW(hoofd,vrij)	1	723183	99.9043
565 TW(hoofd,prenom,stan)	1	723184	99.9044
5616 TW(hoofd,vrij)	1	723185	99.9045
5611 TW(hoofd,prenom,stan)	1	723186	99.9047
561 TW(hoofd,vrij)	1	723187	99.9048
560 TW(hoofd,vrij)	1	723188	99.905
556 TW(hoofd,vrij)	1	723189	99.9051
551804629 TW(hoofd,vrij)	1	723190	99.9052
550 TW(hoofd,prenom,stan)	1	723191	99.9054
546 SPEC(symb)	1	723192	99.9055
54 TW(hoofd,prenom,stan)	1	723193	99.9056
535 TW(hoofd,prenom,stan)	1	723194	99.9058
530 TW(hoofd,vrij)	1	723195	99.9059
53 TW(hoofd,prenom,stan)	1	723196	99.9061
52,5 TW(hoofd,prenom,stan)	1	723197	99.9062
52 SPEC(symb)	1	723198	99.9063
519 SPEC(symb)	1	723199	99.9065
515 TW(hoofd,prenom,stan)	1	723200	99.9066
512 TW(hoofd,vrij)	1	723201	99.9068
5109 TW(hoofd,vrij)	1	723202	99.9069
51 SPEC(symb)	1	723203	99.907
50e TW(rang,prenom,stan)	1	723204	99.9072
5041 SPEC(symb)	1	723205	99.9073
5014 SPEC(symb)	1	723206	99.9074
5000 TW(hoofd,prenom,stan)	1	723207	99.9076
5.723,90 TW(hoofd,vrij)	1	723208	99.9077
5.00 TW(hoofd,prenom,stan)	1	723209	99.9079
5,8 TW(hoofd,prenom,stan)	1	723210	99.908
5,25 TW(hoofd,prenom,stan)	1	723211	99.9081
5,1 TW(hoofd,prenom,stan)	1	723212	99.9083
5,0 TW(hoofd,prenom,stan)	1	723213	99.9084
5 TW(hoofd,nom,zonder-n,basis)	1	723214	99.9085
5 SPEC(vreemd)	1	723215	99.9087
5 SPEC(symb)	1	723216	99.9088
4:00 SPEC(symb)	1	723217	99.909
494852691 SPEC(symb)	1	723218	99.9091
4900 SPEC(symb)	1	723219	99.9092
49 TW(hoofd,vrij)	1	723220	99.9094
48 SPEC(symb)	1	723221	99.9095
47ste TW(rang,nom,zonder-n)	1	723222	99.9097
479309073 TW(hoofd,vrij)	1	723223	99.9098
474 SPEC(symb)	1	723224	99.9099
47 SPEC(symb)	1	723225	99.9101
465 TW(hoofd,prenom,stan)	1	723226	99.9102
462 TW(hoofd,vrij)	1	723227	99.9103
460 TW(hoofd,prenom,stan)	1	723228	99.9105
455872 TW(hoofd,vrij)	1	723229	99.9106
45 SPEC(symb)	1	723230	99.9108
4402 SPEC(symb)	1	723231	99.9109
44 TW(hoofd,prenom,stan)	1	723232	99.911
43ste TW(rang,prenom,stan)	1	723233	99.9112
436 SPEC(symb)	1	723234	99.9113
435 TW(hoofd,prenom,stan)	1	723235	99.9114
43 TW(hoofd,prenom,stan)	1	723236	99.9116
4285 TW(hoofd,prenom,stan)	1	723237	99.9117
4207 TW(hoofd,vrij)	1	723238	99.9119
417 TW(hoofd,prenom,stan)	1	723239	99.912
416 TW(hoofd,vrij)	1	723240	99.9121
412 TW(hoofd,vrij)	1	723241	99.9123
411 TW(hoofd,vrij)	1	723242	99.9124
41 SPEC(symb)	1	723243	99.9126
404 TW(hoofd,prenom,stan)	1	723244	99.9127
403 TW(hoofd,prenom,stan)	1	723245	99.9128
401 TW(hoofd,prenom,stan)	1	723246	99.913
400 TW(hoofd,vrij)	1	723247	99.9131
40 SPEC(symb)	1	723248	99.9132
4,90 TW(hoofd,vrij)	1	723249	99.9134
4,5 TW(hoofd,prenom,stan)	1	723250	99.9135
4,020 TW(hoofd,vrij)	1	723251	99.9137
4 TW(hoofd,nom,zonder-n,basis)	1	723252	99.9138
4 SPEC(deeleigen)	1	723253	99.9139
3fm.nl SPEC(symb)	1	723254	99.9141
3e, TW(hoofd,prenom,stan)	1	723255	99.9142
392 TW(hoofd,vrij)	1	723256	99.9143
39.11 TW(hoofd,vrij)	1	723257	99.9145
389 TW(hoofd,vrij)	1	723258	99.9146
384 TW(hoofd,vrij)	1	723259	99.9148
37ste TW(rang,nom,zonder-n)	1	723260	99.9149
375 TW(rang,prenom,stan)	1	723261	99.915
370496 SPEC(symb)	1	723262	99.9152
370 TW(hoofd,prenom,stan)	1	723263	99.9153
37,5 TW(hoofd,vrij)	1	723264	99.9155
37 TW(hoofd,prenom,stan)	1	723265	99.9156
37 SPEC(symb)	1	723266	99.9157
36ste TW(rang,nom,zonder-n)	1	723267	99.9159
3690 TW(hoofd,vrij)	1	723268	99.916
368 TW(hoofd,vrij)	1	723269	99.9161
364 SPEC(symb)	1	723270	99.9163
362 TW(hoofd,prenom,stan)	1	723271	99.9164
36 SPEC(symb)	1	723272	99.9166
359908 SPEC(symb)	1	723273	99.9167
358 TW(hoofd,vrij)	1	723274	99.9168
356 SPEC(symb)	1	723275	99.917
3523 TW(hoofd,vrij)	1	723276	99.9171
35,44 TW(hoofd,prenom,stan)	1	723277	99.9173
34223 TW(hoofd,vrij)	1	723278	99.9174
3412 TW(hoofd,prenom,stan)	1	723279	99.9175
34 SPEC(symb)	1	723280	99.9177
339 TW(hoofd,prenom,stan)	1	723281	99.9178
336 TW(hoofd,vrij)	1	723282	99.9179
3350 TW(hoofd,vrij)	1	723283	99.9181
33300 SPEC(symb)	1	723284	99.9182
328290 TW(hoofd,vrij)	1	723285	99.9184
32 TW(hoofd,vrij)	1	723286	99.9185
31684230893 TW(hoofd,prenom,stan)	1	723287	99.9186
31616355566 SPEC(symb)	1	723288	99.9188
316 TW(hoofd,prenom,stan)	1	723289	99.9189
314 TW(hoofd,vrij)	1	723290	99.919
310 TW(hoofd,vrij)	1	723291	99.9192
30e; SPEC(symb)	1	723292	99.9193
306 TW(hoofd,vrij)	1	723293	99.9195
300 SPEC(symb)	1	723294	99.9196
30 SPEC(symb)	1	723295	99.9197
30 SPEC(deeleigen)	1	723296	99.9199
3.5 SPEC(symb)	1	723297	99.92
3.30 TW(hoofd,vrij)	1	723298	99.9202
3.30 SPEC(symb)	1	723299	99.9203
3,95 TW(hoofd,vrij)	1	723300	99.9204
3,45 TW(hoofd,prenom,stan)	1	723301	99.9206
3,4 TW(hoofd,prenom,stan)	1	723302	99.9207
3,0 TW(hoofd,vrij)	1	723303	99.9208
3 SPEC(deeleigen)	1	723304	99.921
2e. SPEC(symb)	1	723305	99.9211
2e, N(soort,mv,basis)	1	723306	99.9213
2:30 SPEC(symb)	1	723307	99.9214
2:15 TW(hoofd,prenom,stan)	1	723308	99.9215
29ste TW(rang,prenom,stan)	1	723309	99.9217
299 SPEC(symb)	1	723310	99.9218
294 TW(hoofd,prenom,stan)	1	723311	99.9219
293 TW(hoofd,prenom,stan)	1	723312	99.9221
291 TW(hoofd,prenom,stan)	1	723313	99.9222
29 TW(rang,prenom,stan)	1	723314	99.9224
29 TW(hoofd,prenom,stan)	1	723315	99.9225
29 SPEC(symb)	1	723316	99.9226
2800 TW(hoofd,prenom,stan)	1	723317	99.9228
280 TW(hoofd,prenom,stan)	1	723318	99.9229
28,29 TW(hoofd,prenom,stan)	1	723319	99.9231
28 SPEC(symb)	1	723320	99.9232
27ste TW(rang,prenom,stan)	1	723321	99.9233
2700 SPEC(symb)	1	723322	99.9235
270 TW(hoofd,prenom,stan)	1	723323	99.9236
27.06.2016 TW(hoofd,vrij)	1	723324	99.9237
26ste TW(rang,nom,zonder-n)	1	723325	99.9239
269 TW(hoofd,vrij)	1	723326	99.924
267 TW(hoofd,prenom,stan)	1	723327	99.9242
2652 TW(hoofd,prenom,stan)	1	723328	99.9243
256 TW(hoofd,vrij)	1	723329	99.9244
2535 TW(hoofd,vrij)	1	723330	99.9246
2500 SPEC(symb)	1	723331	99.9247
25 SPEC(deeleigen)	1	723332	99.9248
24ste? SPEC(symb)	1	723333	99.925
24ste; SPEC(symb)	1	723334	99.9251
24ste, SPEC(symb)	1	723335	99.9253
24e+ SPEC(symb)	1	723336	99.9254
24e! SPEC(symb)	1	723337	99.9255
249 TW(hoofd,vrij)	1	723338	99.9257
2484 SPEC(symb)	1	723339	99.9258
2434 TW(hoofd,vrij)	1	723340	99.926
2434 SPEC(symb)	1	723341	99.9261
24,55 TW(hoofd,vrij)	1	723342	99.9262
24 SPEC(symb)	1	723343	99.9264
23e! N(soort,mv,basis)	1	723344	99.9265
23:57 TW(hoofd,vrij)	1	723345	99.9266
23:54 SPEC(symb)	1	723346	99.9268
23:40 TW(hoofd,vrij)	1	723347	99.9269
2303 TW(hoofd,prenom,stan)	1	723348	99.9271
230 TW(hoofd,prenom,stan)	1	723349	99.9272
23.15 TW(hoofd,prenom,stan)	1	723350	99.9273
22e? SPEC(symb)	1	723351	99.9275
22:40 TW(hoofd,prenom,stan)	1	723352	99.9276
22:30 SPEC(symb)	1	723353	99.9278
22:24 SPEC(symb)	1	723354	99.9279
22:10 TW(hoofd,vrij)	1	723355	99.928
22:00 SPEC(symb)	1	723356	99.9282
2280 SPEC(symb)	1	723357	99.9283
22522 TW(hoofd,prenom,stan)	1	723358	99.9284
224.97.54 SPEC(symb)	1	723359	99.9286
2230 TW(hoofd,vrij)	1	723360	99.9287
2222 SPEC(symb)	1	723361	99.9289
2218 SPEC(symb)	1	723362	99.929
220 TW(hoofd,prenom,stan)	1	723363	99.9291
220 SPEC(symb)	1	723364	99.9293
22.20 SPEC(symb)	1	723365	99.9294
22.00 SPEC(symb)	1	723366	99.9295
22,31 TW(hoofd,prenom,stan)	1	723367	99.9297
22,22 TW(hoofd,vrij)	1	723368	99.9298
21:50 SPEC(symb)	1	723369	99.93
21:40 TW(hoofd,vrij)	1	723370	99.9301
21:38 SPEC(symb)	1	723371	99.9302
21:20 TW(hoofd,vrij)	1	723372	99.9304
21:14 SPEC(symb)	1	723373	99.9305
21:06 SPEC(symb)	1	723374	99.9307
21:00 TW(hoofd,prenom,stan)	1	723375	99.9308
21:00 SPEC(symb)	1	723376	99.9309
219 TW(hoofd,vrij)	1	723377	99.9311
219 SPEC(symb)	1	723378	99.9312
216 TW(hoofd,prenom,stan)	1	723379	99.9313
2158 SPEC(symb)	1	723380	99.9315
2135 TW(hoofd,vrij)	1	723381	99.9316
2118 TW(hoofd,prenom,stan)	1	723382	99.9318
2115 TW(hoofd,vrij)	1	723383	99.9319
210 TW(hoofd,prenom,stan)	1	723384	99.932
21.45 TW(hoofd,vrij)	1	723385	99.9322
21.15 TW(hoofd,prenom,stan)	1	723386	99.9323
21.15 SPEC(symb)	1	723387	99.9324
21.10 TW(hoofd,vrij)	1	723388	99.9326
21.05 SPEC(symb)	1	723389	99.9327
21,15 TW(hoofd,vrij)	1	723390	99.9329
21 SPEC(vreemd)	1	723391	99.933
20ste TW(rang,prenom,stan)	1	723392	99.9331
20e! N(soort,ev,basis,zijd,stan)	1	723393	99.9333
20:58 SPEC(symb)	1	723394	99.9334
20:55 SPEC(symb)	1	723395	99.9336
20:50 TW(hoofd,vrij)	1	723396	99.9337
20:40 TW(hoofd,vrij)	1	723397	99.9338
20:30 TW(hoofd,vrij)	1	723398	99.934
20:30 SPEC(symb)	1	723399	99.9341
20:25 SPEC(symb)	1	723400	99.9342
20:15 TW(hoofd,vrij)	1	723401	99.9344
20:10 SPEC(symb)	1	723402	99.9345
20:06 SPEC(symb)	1	723403	99.9347
20:00 TW(hoofd,prenom,stan)	1	723404	99.9348
207 TW(hoofd,prenom,stan)	1	723405	99.9349
206 TW(hoofd,prenom,stan)	1	723406	99.9351
2058 TW(hoofd,vrij)	1	723407	99.9352
205 TW(hoofd,vrij)	1	723408	99.9353
2018 TW(hoofd,vrij)	1	723409	99.9355
201,2 TW(hoofd,prenom,stan)	1	723410	99.9356
2006er N(soort,ev,basis,zijd,stan)	1	723411	99.9358
2005 TW(hoofd,vrij)	1	723412	99.9359
2004 TW(hoofd,vrij)	1	723413	99.936
2003 TW(hoofd,vrij)	1	723414	99.9362
20.52 TW(hoofd,vrij)	1	723415	99.9363
20.51 TW(hoofd,vrij)	1	723416	99.9365
20.32 TW(hoofd,vrij)	1	723417	99.9366
20.30 TW(hoofd,vrij)	1	723418	99.9367
20.30 SPEC(symb)	1	723419	99.9369
20.25 TW(hoofd,vrij)	1	723420	99.937
20.21 TW(hoofd,vrij)	1	723421	99.9371
20.15 TW(hoofd,vrij)	1	723422	99.9373
20.02 SPEC(symb)	1	723423	99.9374
2,90 TW(hoofd,vrij)	1	723424	99.9376
2,75 TW(hoofd,prenom,stan)	1	723425	99.9377
2,45 TW(hoofd,vrij)	1	723426	99.9378
2,3 TW(hoofd,vrij)	1	723427	99.938
1:15 TW(hoofd,vrij)	1	723428	99.9381
19e, ADJ(prenom,basis,zonder)	1	723429	99.9382
19e! N(soort,mv,basis)	1	723430	99.9384
19de TW(rang,prenom,stan)	1	723431	99.9385
19:54 TW(hoofd,vrij)	1	723432	99.9387
19:48 SPEC(symb)	1	723433	99.9388
19:47 SPEC(symb)	1	723434	99.9389
19:45 SPEC(symb)	1	723435	99.9391
19:30 TW(hoofd,vrij)	1	723436	99.9392
19:30 TW(hoofd,prenom,stan)	1	723437	99.9394
19:25 SPEC(symb)	1	723438	99.9395
19:21 SPEC(symb)	1	723439	99.9396
19:20 TW(hoofd,prenom,stan)	1	723440	99.9398
19:20 SPEC(symb)	1	723441	99.9399
19:15 SPEC(symb)	1	723442	99.94
19:05 SPEC(symb)	1	723443	99.9402
19:00 TW(hoofd,vrij)	1	723444	99.9403
1999 TW(hoofd,vrij)	1	723445	99.9405
1995 TW(hoofd,vrij)	1	723446	99.9406
1991 TW(hoofd,vrij)	1	723447	99.9407
1990 TW(hoofd,vrij)	1	723448	99.9409
1988 TW(hoofd,vrij)	1	723449	99.941
198 SPEC(symb)	1	723450	99.9412
1978 TW(hoofd,vrij)	1	723451	99.9413
1970 TW(hoofd,vrij)	1	723452	99.9414
1961 TW(hoofd,vrij)	1	723453	99.9416
1938 TW(hoofd,vrij)	1	723454	99.9417
1920 TW(hoofd,vrij)	1	723455	99.9418
192.168.9.6 SPEC(symb)	1	723456	99.942
192.168.9.5 TW(hoofd,vrij)	1	723457	99.9421
1900 TW(hoofd,prenom,stan)	1	723458	99.9423
190 TW(hoofd,prenom,stan)	1	723459	99.9424
19.54 TW(hoofd,vrij)	1	723460	99.9425
19.51 TW(hoofd,prenom,stan)	1	723461	99.9427
19.25 TW(hoofd,prenom,stan)	1	723462	99.9428
19.20 TW(hoofd,vrij)	1	723463	99.9429
19.20 TW(hoofd,prenom,stan)	1	723464	99.9431
19.15 SPEC(symb)	1	723465	99.9432
19 TW(rang,prenom,stan)	1	723466	99.9434
18e, N(soort,mv,basis)	1	723467	99.9435
18de? SPEC(symb)	1	723468	99.9436
18de. SPEC(symb)	1	723469	99.9438
18de. SPEC(deeleigen)	1	723470	99.9439
18:50 TW(hoofd,vrij)	1	723471	99.9441
18:46 SPEC(symb)	1	723472	99.9442
18:40 TW(hoofd,vrij)	1	723473	99.9443
18:20 SPEC(symb)	1	723474	99.9445
18:15 TW(hoofd,vrij)	1	723475	99.9446
18:15 TW(hoofd,prenom,stan)	1	723476	99.9447
18:10 SPEC(symb)	1	723477	99.9449
18:00 TW(hoofd,prenom,stan)	1	723478	99.945
187 TW(hoofd,vrij)	1	723479	99.9452
186 TW(hoofd,vrij)	1	723480	99.9453
185 TW(hoofd,prenom,stan)	1	723481	99.9454
1848 TW(hoofd,vrij)	1	723482	99.9456
1840 TW(hoofd,vrij)	1	723483	99.9457
1824 TW(hoofd,vrij)	1	723484	99.9458
182 TW(hoofd,vrij)	1	723485	99.946
1815 TW(hoofd,vrij)	1	723486	99.9461
1815 TW(hoofd,prenom,stan)	1	723487	99.9463
1810 TW(hoofd,vrij)	1	723488	99.9464
1800 TW(hoofd,prenom,stan)	1	723489	99.9465
18.52 SPEC(symb)	1	723490	99.9467
18.48 TW(hoofd,vrij)	1	723491	99.9468
18.45 TW(hoofd,vrij)	1	723492	99.947
18.45 TW(hoofd,prenom,stan)	1	723493	99.9471
18.39 TW(hoofd,vrij)	1	723494	99.9472
18.24 TW(hoofd,vrij)	1	723495	99.9474
18.15 TW(hoofd,vrij)	1	723496	99.9475
18.15 SPEC(symb)	1	723497	99.9476
17e. SPEC(symb)	1	723498	99.9478
17e. N(soort,mv,basis)	1	723499	99.9479
17e! ADJ(prenom,basis,zonder)	1	723500	99.9481
17e ADJ(prenom,basis,met-e,stan)	1	723501	99.9482
17de. SPEC(symb)	1	723502	99.9483
17:48 SPEC(symb)	1	723503	99.9485
17:45 TW(hoofd,prenom,stan)	1	723504	99.9486
17:45 SPEC(symb)	1	723505	99.9487
17:30 TW(hoofd,vrij)	1	723506	99.9489
17:28 SPEC(symb)	1	723507	99.949
17:27 SPEC(symb)	1	723508	99.9492
17:10 SPEC(symb)	1	723509	99.9493
1755 TW(hoofd,vrij)	1	723510	99.9494
1755 TW(hoofd,prenom,stan)	1	723511	99.9496
175 TW(hoofd,vrij)	1	723512	99.9497
1740 TW(hoofd,vrij)	1	723513	99.9499
173 TW(hoofd,prenom,stan)	1	723514	99.95
1724 TW(hoofd,vrij)	1	723515	99.9501
172,32 TW(hoofd,prenom,stan)	1	723516	99.9503
1715 TW(hoofd,vrij)	1	723517	99.9504
1700 TW(hoofd,prenom,stan)	1	723518	99.9505
17.45 TW(hoofd,vrij)	1	723519	99.9507
17.35 SPEC(symb)	1	723520	99.9508
17.30 SPEC(symb)	1	723521	99.951
17.27 TW(hoofd,vrij)	1	723522	99.9511
17.18 TW(hoofd,vrij)	1	723523	99.9512
17.15 TW(hoofd,vrij)	1	723524	99.9514
17.15 SPEC(symb)	1	723525	99.9515
17.06.2011 TW(hoofd,vrij)	1	723526	99.9516
17.00 SPEC(symb)	1	723527	99.9518
17,3 TW(hoofd,prenom,stan)	1	723528	99.9519
16e? TW(hoofd,vrij)	1	723529	99.9521
16de TW(rang,prenom,stan)	1	723530	99.9522
16:49 SPEC(symb)	1	723531	99.9523
16:41 SPEC(symb)	1	723532	99.9525
16:35 SPEC(symb)	1	723533	99.9526
16:25 SPEC(symb)	1	723534	99.9528
16:20 TW(hoofd,prenom,stan)	1	723535	99.9529
16:15 SPEC(symb)	1	723536	99.953
16:13 SPEC(symb)	1	723537	99.9532
169 TW(hoofd,vrij)	1	723538	99.9533
1687 TW(hoofd,vrij)	1	723539	99.9534
1654 TW(hoofd,vrij)	1	723540	99.9536
1627 TW(hoofd,vrij)	1	723541	99.9537
1620 TW(hoofd,vrij)	1	723542	99.9539
1600 TW(hoofd,vrij)	1	723543	99.954
160 TW(hoofd,vrij)	1	723544	99.9541
16.53 TW(hoofd,vrij)	1	723545	99.9543
16.48 SPEC(symb)	1	723546	99.9544
16.47 TW(hoofd,prenom,stan)	1	723547	99.9546
16.41 TW(hoofd,vrij)	1	723548	99.9547
16.30 TW(hoofd,prenom,stan)	1	723549	99.9548
16.25 TW(hoofd,vrij)	1	723550	99.955
16.05 SPEC(symb)	1	723551	99.9551
16,45 TW(hoofd,vrij)	1	723552	99.9552
16,20 SPEC(symb)	1	723553	99.9554
16,2 TW(hoofd,prenom,stan)	1	723554	99.9555
15e. SPEC(symb)	1	723555	99.9557
15e) N(soort,mv,basis)	1	723556	99.9558
15:54 TW(hoofd,vrij)	1	723557	99.9559
15:50 TW(hoofd,vrij)	1	723558	99.9561
15:50 SPEC(symb)	1	723559	99.9562
15:47 SPEC(symb)	1	723560	99.9563
15:35 SPEC(symb)	1	723561	99.9565
15:34 TW(hoofd,prenom,stan)	1	723562	99.9566
15:15 TW(hoofd,prenom,stan)	1	723563	99.9568
15:15 SPEC(symb)	1	723564	99.9569
15:05 SPEC(symb)	1	723565	99.957
159 TW(hoofd,vrij)	1	723566	99.9572
158,61 TW(hoofd,vrij)	1	723567	99.9573
1574159 TW(hoofd,vrij)	1	723568	99.9575
155474 TW(hoofd,vrij)	1	723569	99.9576
1538 SPEC(symb)	1	723570	99.9577
1500 TW(hoofd,vrij)	1	723571	99.9579
15.33 TW(hoofd,prenom,stan)	1	723572	99.958
15.30 TW(hoofd,prenom,stan)	1	723573	99.9581
15.20 TW(hoofd,vrij)	1	723574	99.9583
15.15 SPEC(symb)	1	723575	99.9584
15.08 TW(hoofd,prenom,stan)	1	723576	99.9586
15.06.2011 SPEC(symb)	1	723577	99.9587
15 TW(rang,nom,zonder-n)	1	723578	99.9588
15 SPEC(vreemd)	1	723579	99.959
14de TW(rang,prenom,stan)	1	723580	99.9591
14:43 SPEC(symb)	1	723581	99.9592
14:40 TW(hoofd,vrij)	1	723582	99.9594
14:30 TW(hoofd,vrij)	1	723583	99.9595
14:12 SPEC(symb)	1	723584	99.9597
14:10 TW(hoofd,vrij)	1	723585	99.9598
14:00 TW(hoofd,prenom,stan)	1	723586	99.9599
14:00 SPEC(symb)	1	723587	99.9601
1445 TW(hoofd,vrij)	1	723588	99.9602
144 TW(hoofd,prenom,stan)	1	723589	99.9604
1424 TW(hoofd,vrij)	1	723590	99.9605
1400 TW(hoofd,vrij)	1	723591	99.9606
14.45 TW(hoofd,vrij)	1	723592	99.9608
14.45 TW(hoofd,prenom,stan)	1	723593	99.9609
14.38 TW(hoofd,prenom,stan)	1	723594	99.961
14.35 TW(hoofd,vrij)	1	723595	99.9612
14 TW(rang,prenom,stan)	1	723596	99.9613
14 TW(rang,nom,zonder-n)	1	723597	99.9615
13e? N(soort,mv,basis)	1	723598	99.9616
13de! SPEC(symb)	1	723599	99.9617
13de TW(rang,prenom,stan)	1	723600	99.9619
13:42 SPEC(symb)	1	723601	99.962
13:41 TW(hoofd,prenom,stan)	1	723602	99.9621
13:23 SPEC(symb)	1	723603	99.9623
13:15 TW(hoofd,vrij)	1	723604	99.9624
13:09 SPEC(symb)	1	723605	99.9626
139 TW(hoofd,vrij)	1	723606	99.9627
138 TW(hoofd,vrij)	1	723607	99.9628
136 TW(hoofd,prenom,stan)	1	723608	99.963
136 SPEC(symb)	1	723609	99.9631
135 TW(hoofd,prenom,stan)	1	723610	99.9633
1345 TW(hoofd,vrij)	1	723611	99.9634
134 TW(hoofd,vrij)	1	723612	99.9635
1308 N(soort,ev,basis,zijd,stan)	1	723613	99.9637
1301 TW(hoofd,vrij)	1	723614	99.9638
13.55 TW(hoofd,vrij)	1	723615	99.9639
13.51 TW(hoofd,prenom,stan)	1	723616	99.9641
13.50 TW(hoofd,prenom,stan)	1	723617	99.9642
13.38 TW(hoofd,prenom,stan)	1	723618	99.9644
13.15 SPEC(symb)	1	723619	99.9645
13.00 TW(hoofd,vrij)	1	723620	99.9646
13,50 TW(hoofd,vrij)	1	723621	99.9648
13,40 TW(hoofd,vrij)	1	723622	99.9649
13,14,15,16 TW(hoofd,vrij)	1	723623	99.965
13 TW(rang,prenom,stan)	1	723624	99.9652
12e? N(soort,mv,basis)	1	723625	99.9653
12de. SPEC(symb)	1	723626	99.9655
12de TW(rang,prenom,stan)	1	723627	99.9656
12:50 TW(hoofd,vrij)	1	723628	99.9657
12:45 SPEC(symb)	1	723629	99.9659
12:35 SPEC(symb)	1	723630	99.966
12:30 SPEC(symb)	1	723631	99.9662
12:10 TW(hoofd,vrij)	1	723632	99.9663
127.0.01 SPEC(symb)	1	723633	99.9664
126 TW(hoofd,vrij)	1	723634	99.9666
125 TW(hoofd,vrij)	1	723635	99.9667
1245 SPEC(symb)	1	723636	99.9668
1240 TW(hoofd,vrij)	1	723637	99.967
1234 TW(hoofd,vrij)	1	723638	99.9671
1230 TW(hoofd,prenom,stan)	1	723639	99.9673
122,70 TW(hoofd,prenom,stan)	1	723640	99.9674
122 TW(hoofd,vrij)	1	723641	99.9675
1215 TW(hoofd,vrij)	1	723642	99.9677
121 TW(hoofd,vrij)	1	723643	99.9678
12000 TW(hoofd,prenom,stan)	1	723644	99.968
12.54 TW(hoofd,vrij)	1	723645	99.9681
12.45 TW(hoofd,vrij)	1	723646	99.9682
12.11 TW(hoofd,vrij)	1	723647	99.9684
12.06 SPEC(symb)	1	723648	99.9685
12,50 TW(hoofd,vrij)	1	723649	99.9686
12 SPEC(symb)	1	723650	99.9688
11de. SPEC(symb)	1	723651	99.9689
11de TW(rang,nom,zonder-n)	1	723652	99.9691
11:50 SPEC(symb)	1	723653	99.9692
11:40 TW(hoofd,vrij)	1	723654	99.9693
11:00 TW(hoofd,vrij)	1	723655	99.9695
11:00 TW(hoofd,prenom,stan)	1	723656	99.9696
119 TW(hoofd,prenom,stan)	1	723657	99.9697
116,81 TW(hoofd,prenom,stan)	1	723658	99.9699
116 TW(hoofd,vrij)	1	723659	99.97
1145 SPEC(symb)	1	723660	99.9702
113000 TW(hoofd,prenom,stan)	1	723661	99.9703
11300 TW(hoofd,prenom,stan)	1	723662	99.9704
1130 TW(hoofd,vrij)	1	723663	99.9706
113 TW(hoofd,vrij)	1	723664	99.9707
1111 TW(hoofd,vrij)	1	723665	99.9709
111 TW(hoofd,vrij)	1	723666	99.971
111 SPEC(symb)	1	723667	99.9711
110e TW(rang,prenom,stan)	1	723668	99.9713
11.45 TW(hoofd,prenom,stan)	1	723669	99.9714
11.40 TW(hoofd,prenom,stan)	1	723670	99.9715
11.27 TW(hoofd,vrij)	1	723671	99.9717
11.15 SPEC(symb)	1	723672	99.9718
11.14 TW(hoofd,vrij)	1	723673	99.972
11.07 SPEC(symb)	1	723674	99.9721
11,85 TW(hoofd,prenom,stan)	1	723675	99.9722
10e. N(soort,mv,basis)	1	723676	99.9724
10de, SPEC(symb)	1	723677	99.9725
10:45 TW(hoofd,vrij)	1	723678	99.9726
109 TW(hoofd,prenom,stan)	1	723679	99.9728
107 TW(hoofd,vrij)	1	723680	99.9729
106 TW(hoofd,vrij)	1	723681	99.9731
106 SPEC(deeleigen)	1	723682	99.9732
1047,56 TW(hoofd,prenom,stan)	1	723683	99.9733
104 TW(hoofd,prenom,stan)	1	723684	99.9735
1030 TW(hoofd,vrij)	1	723685	99.9736
103 TW(hoofd,prenom,stan)	1	723686	99.9738
1024 TW(hoofd,vrij)	1	723687	99.9739
1015 TW(hoofd,prenom,stan)	1	723688	99.974
1000e TW(rang,nom,zonder-n)	1	723689	99.9742
10000 TW(hoofd,prenom,stan)	1	723690	99.9743
1000 TW(hoofd,vrij)	1	723691	99.9744
10.50 TW(hoofd,vrij)	1	723692	99.9746
10.40 TW(hoofd,prenom,stan)	1	723693	99.9747
10.30 TW(hoofd,prenom,stan)	1	723694	99.9749
10.25 TW(hoofd,vrij)	1	723695	99.975
10-3-2011 TW(hoofd,vrij)	1	723696	99.9751
10,30 TW(hoofd,prenom,stan)	1	723697	99.9753
1.5 TW(hoofd,prenom,stan)	1	723698	99.9754
1.41 TW(hoofd,vrij)	1	723699	99.9755
1.058 TW(hoofd,vrij)	1	723700	99.9757
1.00.06 TW(hoofd,vrij)	1	723701	99.9758
1,6 TW(hoofd,prenom,stan)	1	723702	99.976
1,38 TW(hoofd,vrij)	1	723703	99.9761
1,2,5,6,7,8 TW(hoofd,vrij)	1	723704	99.9762
1,2,3,7 TW(hoofd,vrij)	1	723705	99.9764
1,2 TW(hoofd,vrij)	1	723706	99.9765
1 TW(hoofd,nom,zonder-n,basis)	1	723707	99.9767
0:50 SPEC(symb)	1	723708	99.9768
09:44 TW(hoofd,vrij)	1	723709	99.9769
092251236 SPEC(symb)	1	723710	99.9771
09042401 TW(hoofd,vrij)	1	723711	99.9772
09 TW(hoofd,vrij)	1	723712	99.9773
09 TW(hoofd,prenom,stan)	1	723713	99.9775
08:55 SPEC(symb)	1	723714	99.9776
0800 SPEC(symb)	1	723715	99.9778
08 TW(hoofd,vrij)	1	723716	99.9779
0755 TW(hoofd,vrij)	1	723717	99.978
073 SPEC(symb)	1	723718	99.9782
070 SPEC(symb)	1	723719	99.9783
0655980897 SPEC(symb)	1	723720	99.9784
0650128221 SPEC(symb)	1	723721	99.9786
0649758995 SPEC(symb)	1	723722	99.9787
0648452273 SPEC(symb)	1	723723	99.9789
0636161263 SPEC(symb)	1	723724	99.979
0633831127 SPEC(symb)	1	723725	99.9791
0627582859 SPEC(symb)	1	723726	99.9793
0626916731 SPEC(symb)	1	723727	99.9794
0624876747 SPEC(symb)	1	723728	99.9796
0622 SPEC(symb)	1	723729	99.9797
0617682443 SPEC(symb)	1	723730	99.9798
0612884841 TW(hoofd,vrij)	1	723731	99.98
06.15 SPEC(symb)	1	723732	99.9801
0530 TW(hoofd,vrij)	1	723733	99.9802
0496 SPEC(symb)	1	723734	99.9804
0495 TW(hoofd,vrij)	1	723735	99.9805
0486 SPEC(symb)	1	723736	99.9807
0485849151 SPEC(symb)	1	723737	99.9808
0485189037 SPEC(symb)	1	723738	99.9809
0473 TW(hoofd,vrij)	1	723739	99.9811
0470 TW(hoofd,vrij)	1	723740	99.9812
0416 SPEC(symb)	1	723741	99.9814
04.30 SPEC(symb)	1	723742	99.9815
024 SPEC(symb)	1	723743	99.9816
0220 TW(hoofd,vrij)	1	723744	99.9818
0183 SPEC(symb)	1	723745	99.9819
017 N(soort,ev,basis,zijd,stan)	1	723746	99.982
015 SPEC(symb)	1	723747	99.9822
014 SPEC(symb)	1	723748	99.9823
0110 SPEC(symb)	1	723749	99.9825
01.30 SPEC(symb)	1	723750	99.9826
0032 TW(hoofd,vrij)	1	723751	99.9827
001965 SPEC(symb)	1	723752	99.9829
0015 TW(hoofd,vrij)	1	723753	99.983
0000 TW(hoofd,prenom,stan)	1	723754	99.9831
0.90 TW(hoofd,prenom,stan)	1	723755	99.9833
.7.4.374 SPEC(symb)	1	723756	99.9834
.65 SPEC(symb)	1	723757	99.9836
.45 SPEC(symb)	1	723758	99.9837
.393 SPEC(symb)	1	723759	99.9838
.33 SPEC(symb)	1	723760	99.984
.32 SPEC(symb)	1	723761	99.9841
.30 TW(hoofd,vrij)	1	723762	99.9843
.3 SPEC(symb)	1	723763	99.9844
.20 TW(hoofd,vrij)	1	723764	99.9845
.2,5 TW(hoofd,prenom,stan)	1	723765	99.9847
.2 SPEC(symb)	1	723766	99.9848
.11 TW(hoofd,prenom,stan)	1	723767	99.9849
.1000 TW(hoofd,prenom,stan)	1	723768	99.9851
.10 TW(hoofd,vrij)	1	723769	99.9852
.03 SPEC(symb)	1	723770	99.9854
..?! SPEC(symb)	1	723771	99.9855
..? SPEC(afk)	1	723772	99.9856
...?!? SPEC(symb)	1	723773	99.9858
...?! LET()	1	723774	99.9859
....? SPEC(symb)	1	723775	99.986
.....?? SPEC(symb)	1	723776	99.9862
....! SPEC(symb)	1	723777	99.9863
....! LET()	1	723778	99.9865
..! TW(hoofd,vrij)	1	723779	99.9866
.- LET()	1	723780	99.9867
-? N(soort,ev,basis,zijd,stan)	1	723781	99.9869
-943 TW(hoofd,vrij)	1	723782	99.987
-9 TW(hoofd,prenom,stan)	1	723783	99.9872
-7 SPEC(symb)	1	723784	99.9873
-69 TW(hoofd,vrij)	1	723785	99.9874
-6 TW(hoofd,prenom,stan)	1	723786	99.9876
-51560410 SPEC(symb)	1	723787	99.9877
-5 TW(hoofd,prenom,stan)	1	723788	99.9878
-43 TW(hoofd,vrij)	1	723789	99.988
-4 TW(hoofd,prenom,stan)	1	723790	99.9881
-3877893 SPEC(symb)	1	723791	99.9883
-3877599 SPEC(symb)	1	723792	99.9884
-3730199 TW(hoofd,vrij)	1	723793	99.9885
-350 TW(hoofd,prenom,stan)	1	723794	99.9887
-35 TW(hoofd,prenom,stan)	1	723795	99.9888
-300 SPEC(symb)	1	723796	99.9889
-30 TW(hoofd,prenom,stan)	1	723797	99.9891
-30 N(soort,ev,basis,zijd,stan)	1	723798	99.9892
-3,33 TW(hoofd,prenom,stan)	1	723799	99.9894
-3,33 SPEC(symb)	1	723800	99.9895
-29551416 SPEC(symb)	1	723801	99.9896
-2789880 SPEC(symb)	1	723802	99.9898
-275927 SPEC(symb)	1	723803	99.9899
-27255821 SPEC(symb)	1	723804	99.9901
-23 TW(hoofd,prenom,stan)	1	723805	99.9902
-2125 TW(hoofd,vrij)	1	723806	99.9903
-21 SPEC(symb)	1	723807	99.9905
-20 TW(hoofd,prenom,stan)	1	723808	99.9906
-2 SPEC(symb)	1	723809	99.9907
-18 SPEC(symb)	1	723810	99.9909
-17 TW(hoofd,vrij)	1	723811	99.991
-17 SPEC(symb)	1	723812	99.9912
-16 SPEC(symb)	1	723813	99.9913
-15 SPEC(symb)	1	723814	99.9914
-14.30 SPEC(symb)	1	723815	99.9916
-14 SPEC(symb)	1	723816	99.9917
-12034930 SPEC(symb)	1	723817	99.9918
-11484982 SPEC(symb)	1	723818	99.992
-10586023 SPEC(symb)	1	723819	99.9921
-10 TW(hoofd,prenom,stan)	1	723820	99.9923
-10 SPEC(symb)	1	723821	99.9924
-097 TW(hoofd,vrij)	1	723822	99.9925
-0 TW(hoofd,prenom,stan)	1	723823	99.9927
-. SPEC(symb)	1	723824	99.9928
-. SPEC(afk)	1	723825	99.993
-!-! N(soort,ev,basis,zijd,stan)	1	723826	99.9931
,89 TW(hoofd,prenom,stan)	1	723827	99.9932
,5 TW(hoofd,vrij)	1	723828	99.9934
,5 TW(hoofd,prenom,stan)	1	723829	99.9935
,5 SPEC(symb)	1	723830	99.9936
,4 TW(hoofd,vrij)	1	723831	99.9938
,2562 TW(hoofd,prenom,stan)	1	723832	99.9939
,2000 TW(hoofd,prenom,stan)	1	723833	99.9941
,1 TW(hoofd,prenom,stan)	1	723834	99.9942
,013 TW(hoofd,vrij)	1	723835	99.9943
);) SPEC(symb)	1	723836	99.9945
):) SPEC(symb)	1	723837	99.9946
):( SPEC(symb)	1	723838	99.9948
(zelf)studie N(soort,ev,basis,zijd,stan)	1	723839	99.9949
(zat)voeren ADJ(prenom,basis,zonder)	1	723840	99.995
(werk)week N(soort,ev,basis,zijd,stan)	1	723841	99.9952
(vergader)week N(soort,ev,basis,zijd,stan)	1	723842	99.9953
(van)avond N(soort,ev,basis,zijd,stan)	1	723843	99.9954
(uit)Eet SPEC(symb)	1	723844	99.9956
(t)een N(soort,mv,basis)	1	723845	99.9957
(super)vroeg WW(pv,tgw,ev)	1	723846	99.9959
(schoon)zus N(soort,ev,basis,zijd,stan)	1	723847	99.996
(schoon)ouder N(soort,mv,basis)	1	723848	99.9961
(pre)drinking SPEC(vreemd)	1	723849	99.9963
(over)morgen WW(inf,vrij,zonder)	1	723850	99.9964
(lucht)bed N(soort,ev,basis,onz,stan)	1	723851	99.9965
(knuffel)tijd N(soort,ev,basis,zijd,stan)	1	723852	99.9967
(in)drinken N(soort,mv,basis)	1	723853	99.9968
(ge-)sport WW(pv,tgw,met-t)	1	723854	99.997
(gast)broer N(soort,ev,basis,zijd,stan)	1	723855	99.9971
(en)teren WW(inf,vrij,zonder)	1	723856	99.9972
(bord)spel N(soort,ev,dim,onz,stan)	1	723857	99.9974
't SPEC(deeleigen)	1	723858	99.9975
't LET()	1	723859	99.9977
's N(soort,mv,basis)	1	723860	99.9978
'n WW(inf,vrij,zonder)	1	723861	99.9979
'n LET()	1	723862	99.9981
'S SPEC(vreemd)	1	723863	99.9982
'76 TW(hoofd,vrij)	1	723864	99.9983
'72 TW(hoofd,vrij)	1	723865	99.9985
'12 TW(hoofd,vrij)	1	723866	99.9986
'09 TW(hoofd,vrij)	1	723867	99.9988
!?? LET()	1	723868	99.9989
!!? LET()	1	723869	99.999
!!. LET()	1	723870	99.9992
!!!?!?!!? LET()	1	723871	99.9993
!!!? LET()	1	723872	99.9994
!!!!!!!!!!!!!!!!!!!!!?!?? LET()	1	723873	99.9996
!!!!!!!!!!!!!!!!! LET()	1	723874	99.9997
!!!!!!!!!! LET()	1	723875	99.9999
!!!!!!!!! LET()	1	723876	100
