.	28810	28810	3.97996
!	23820	52630	7.27058
,	23603	76233	10.5312
zijn	19465	95698	13.2202
ik	17850	113548	15.6861
?	16978	130526	18.0315
je	13483	144009	19.8942
de	11544	155553	21.4889
het	9976	165529	22.867
en	9024	174553	24.1137
hebben	8953	183506	25.3505
een	7802	191308	26.4283
in	7147	198455	27.4156
nog	6531	204986	28.3178
dat	6462	211448	29.2105
niet	6328	217776	30.0847
...	6249	224025	30.948
gaan	6140	230165	31.7962
van	5847	236012	32.6039
x	5463	241475	33.3586
maar	5383	246858	34.1022
wel	5187	252045	34.8188
op	4980	257025	35.5068
ook	4548	261573	36.1351
met	4419	265992	36.7455
te	4307	270299	37.3405
'	4296	274595	37.934
voor	4266	278861	38.5233
kunnen	4218	283079	39.106
goed	4104	287183	39.673
we	3918	291101	40.2142
er	3840	294941	40.7447
dan	3809	298750	41.2709
komen	3728	302478	41.7859
nu	3660	306138	42.2915
al	3545	309683	42.7812
kus	3361	313044	43.2455
naar	3250	316294	43.6945
veel	3181	319475	44.1339
om	3137	322612	44.5673
:)	2863	325475	44.9628
aan	2788	328263	45.348
bij	2757	331020	45.7288
:	2719	333739	46.1044
:-)	2681	336420	46.4748
zullen	2674	339094	46.8442
moeten	2660	341754	47.2117
doen	2632	344386	47.5753
ja	2547	346933	47.9271
als	2479	349412	48.2696
tot	2477	351889	48.6118
of	2440	354329	48.9489
morgen	2433	356762	49.285
zo	2356	359118	49.6104
mijn	2348	361466	49.9348
wat	2324	363790	50.2558
die	2321	366111	50.5765
hoe	2301	368412	50.8944
)	2295	370707	51.2114
dus	2226	372933	51.5189
jou	2168	375101	51.8184
weer	2149	377250	52.1153
jij	2108	379358	52.4065
..	2048	381406	52.6894
ze	2019	383425	52.9683
zitten	2000	385425	53.2446
u	1970	387395	53.5168
weten	1921	389316	53.7821
willen	1775	391091	54.0273
denken	1739	392830	54.2676
me	1716	394546	54.5046
vanavond	1657	396203	54.7335
eten	1655	397858	54.9622
lekker	1634	399492	55.1879
horen	1615	401107	55.411
even	1611	402718	55.6336
lief	1559	404277	55.8489
zien	1545	405822	56.0624
toch	1539	407361	56.275
thuis	1537	408898	56.4873
leuk	1516	410414	56.6967
laat	1510	411924	56.9053
geen	1488	413412	57.1109
jullie	1442	414854	57.3101
hier	1428	416282	57.5074
groet	1372	417654	57.6969
mij	1353	419007	57.8838
heel	1349	420356	58.0702
daar	1344	421700	58.2558
uur	1331	423031	58.4397
;)	1325	424356	58.6227
net	1319	425675	58.805
Hey	1294	426969	58.9837
ok	1286	428255	59.1614
vandaag	1274	429529	59.3374
iets	1250	430779	59.5101
over	1240	432019	59.6814
mee	1239	433258	59.8525
dag	1221	434479	60.0212
uit	1200	435679	60.187
"	1192	436871	60.3516
laten	1177	438048	60.5142
(	1161	439209	60.6746
slapen	1151	440360	60.8336
straks	1131	441491	60.9899
houden	1118	442609	61.1443
eens	1101	443710	61.2964
echt	1099	444809	61.4482
staan	1047	445856	61.5929
bellen	1039	446895	61.7364
worden	1012	447907	61.8762
kijken	1008	448915	62.0155
hij	988	449903	62.1519
xx	957	450860	62.2841
mooi	943	451803	62.4144
Haha	938	452741	62.544
week	928	453669	62.6722
;-)	924	454593	62.7998
nee	924	455517	62.9275
mogen	906	456423	63.0526
alles	902	457325	63.1773
vinden	877	458202	63.2984
maken	875	459077	63.4193
-	865	459942	63.5388
t	864	460806	63.6581
:p	862	461668	63.7772
waar	855	462523	63.8953
zin	854	463377	64.0133
zeggen	847	464224	64.1303
tijd	837	465061	64.2459
he	832	465893	64.3609
1	821	466714	64.4743
half	809	467523	64.5861
beet	780	468303	64.6938
trein	776	469079	64.801
da	775	469854	64.9081
dik	764	470618	65.0136
ff	763	471381	65.119
ons	731	472112	65.22
Hoi	724	472836	65.32
anders	723	473559	65.4199
werken	715	474274	65.5187
3	708	474982	65.6165
wij	703	475685	65.7136
<	697	476382	65.8099
2	695	477077	65.9059
huis	691	477768	66.0014
plezier	691	478459	66.0968
you	691	479150	66.1923
ma	688	479838	66.2873
succes	679	480517	66.3811
Xxx	659	481176	66.4722
persoon	642	481818	66.5608
liggen	640	482458	66.6493
terug	640	483098	66.7377
af	639	483737	66.8259
misschien	637	484374	66.9139
fijn	632	485006	67.0013
n	630	485636	67.0883
rond	630	486266	67.1753
gewoon	624	486890	67.2615
zeker	623	487513	67.3476
weekend	613	488126	67.4323
na	610	488736	67.5165
werk	607	489343	67.6004
keer	606	489949	67.6841
weg	605	490554	67.7677
!!	601	491155	67.8507
prima	596	491751	67.933
;	594	492345	68.0151
halen	582	492927	68.0955
pas	578	493505	68.1754
mn	572	494077	68.2544
alleen	567	494644	68.3327
erg	558	495202	68.4098
schat	555	495757	68.4865
krijgen	553	496310	68.5628
volgen	551	496861	68.639
/	546	497407	68.7144
door	546	497953	68.7898
:P	536	498489	68.8639
want	526	499015	68.9365
snel	524	499539	69.0089
hem	522	500061	69.081
ander	519	500580	69.1527
nieuw	513	501093	69.2236
hé	511	501604	69.2942
oh	505	502109	69.364
ver	499	502608	69.4329
gezellig	498	503106	69.5017
graag	497	503603	69.5703
the	496	504099	69.6389
tegen	495	504594	69.7072
wanneer	493	505087	69.7753
bedanken	492	505579	69.8433
:D	489	506068	69.9109
to	489	506557	69.9784
nemen	488	507045	70.0458
blijven	482	507527	70.1124
lang	480	508007	70.1787
dit	473	508480	70.2441
drinken	473	508953	70.3094
a	472	509425	70.3746
trouwens	462	509887	70.4384
deze	461	510348	70.5021
>	460	510808	70.5657
ni	460	511268	70.6292
sturen	459	511727	70.6926
bijna	452	512179	70.7551
sms	445	512624	70.8165
bed	443	513067	70.8777
ge	441	513508	70.9387
....	434	513942	70.9986
geven	434	514376	71.0586
lukken	426	514802	71.1174
#	425	515227	71.1761
klaar	424	515651	71.2347
missen	422	516073	71.293
vragen	421	516494	71.3512
He	417	516911	71.4088
avond	410	517321	71.4654
gelukkig	406	517727	71.5215
ha	400	518127	71.5768
haar	400	518527	71.632
10	396	518923	71.6867
genieten	396	519319	71.7414
gisteren	396	519715	71.7961
nr	387	520102	71.8496
Sorry	386	520488	71.9029
vergeten	380	520868	71.9554
verjaardag	380	521248	72.0079
:(	379	521627	72.0603
druk	379	522006	72.1126
beginnen	377	522383	72.1647
hee	375	522758	72.2165
binnen	370	523128	72.2676
hopen	370	523498	72.3187
wachten	365	523863	72.3692
5	362	524225	72.4192
tis	359	524584	72.4688
Gr	357	524941	72.5181
vertrekken	356	525297	72.5673
mail	353	525650	72.616
plan	352	526002	72.6647
vroeg	345	526347	72.7123
altijd	344	526691	72.7598
langs	344	527035	72.8074
feliciteren	343	527378	72.8547
auto	342	527720	72.902
vr	340	528060	72.949
eigenlijk	339	528399	72.9958
nou	338	528737	73.0425
8	334	529071	73.0886
helemaal	332	529403	73.1345
eerst	331	529734	73.1802
best	330	530064	73.2258
rijden	326	530390	73.2708
spreken	324	530714	73.3156
gezien	322	531036	73.3601
XxX	321	531357	73.4044
I	320	531677	73.4486
nie	320	531997	73.4928
6	319	532316	73.5369
zaterdag	318	532634	73.5808
feest	317	532951	73.6246
natuurlijk	317	533268	73.6684
kopen	316	533584	73.7121
vrijdag	316	533900	73.7557
sorry	313	534213	73.799
i	311	534524	73.8419
steeds	310	534834	73.8848
afspreken	308	535142	73.9273
7	307	535449	73.9697
bezig	305	535754	74.0118
4	304	536058	74.0538
ah	304	536362	74.0958
proberen	302	536664	74.1376
super	302	536966	74.1793
jammer	299	537265	74.2206
niks	299	537564	74.2619
ofzo	298	537862	74.3031
samen	298	538160	74.3442
twee	296	538456	74.3851
vanaf	294	538750	74.4257
<DECIMAL>	293	539043	74.4662
lopen	292	539335	74.5065
m	292	539627	74.5469
niets	289	539916	74.5868
ding	288	540204	74.6266
helaas	284	540488	74.6658
hopelijk	284	540772	74.7051
and	283	541055	74.7442
zondag	281	541336	74.783
daarna	280	541616	74.8217
zelf	280	541896	74.8603
nodig	276	542172	74.8985
idd	274	542446	74.9363
!?	273	542719	74.974
Jeroen	273	542992	75.0117
vast	273	543265	75.0495
allemaal	272	543537	75.087
lijken	272	543809	75.1246
min	271	544080	75.162
wakke	270	544350	75.1993
xxx	270	544620	75.2366
stad	264	544884	75.2731
vanmiddag	263	545147	75.3094
idee	262	545409	75.3456
volgens	262	545671	75.3818
vrij	261	545932	75.4179
9	258	546190	75.4535
hè	256	546446	75.4889
vakantie	256	546702	75.5243
probleem	253	546955	75.5592
&	251	547206	75.5939
aant	251	547457	75.6286
wie	251	547708	75.6632
jaar	250	547958	75.6978
bus	249	548207	75.7322
alweer	248	548455	75.7664
vallen	248	548703	75.8007
man	246	548949	75.8347
maandag	244	549193	75.8684
mama	239	549432	75.9014
bier	238	549670	75.9343
for	235	549905	75.9667
20	234	550139	75.9991
12	233	550372	76.0313
omdat	233	550605	76.0634
film	232	550837	76.0955
foto	231	551068	76.1274
pakken	231	551299	76.1593
minuut	230	551529	76.1911
klein	228	551757	76.2226
Ela	226	551983	76.2538
kaart	226	552209	76.285
knuffel	226	552435	76.3162
bericht	225	552660	76.3473
voelen	223	552883	76.3781
telefoon	222	553105	76.4088
!!!	220	553325	76.4392
e	218	553543	76.4693
reis	218	553761	76.4994
mens	217	553978	76.5294
station	217	554195	76.5594
inderdaad	216	554411	76.5892
ergens	213	554624	76.6186
30	212	554836	76.6479
blij	212	555048	76.6772
moe	212	555260	76.7065
wa	211	555471	76.7357
hmm	210	555681	76.7647
xje	210	555891	76.7937
lezen	209	556100	76.8225
nummer	209	556309	76.8514
donderdag	207	556516	76.88
rustig	207	556723	76.9086
das	206	556929	76.9371
meenemen	206	557135	76.9655
groot	205	557340	76.9938
meisje	204	557544	77.022
:-(	203	557747	77.0501
toe	203	557950	77.0781
mailen	201	558151	77.1059
welk	201	558352	77.1337
mss	200	558552	77.1613
zetten	199	558751	77.1888
achter	198	558949	77.2161
woensdag	197	559146	77.2433
kwart	196	559342	77.2704
helpen	195	559537	77.2974
Tilburg	194	559731	77.3242
onderweg	193	559924	77.3508
danken	192	560116	77.3773
paar	192	560308	77.4039
Me	191	560499	77.4303
iemand	191	560690	77.4566
zoeken	191	560881	77.483
be	190	561071	77.5093
buiten	190	561261	77.5355
mam	189	561450	77.5616
vriend	189	561639	77.5877
tussen	188	561827	77.6137
gij	187	562014	77.6395
tentamen	186	562200	77.6652
waarom	186	562386	77.6909
slecht	185	562571	77.7165
toevallig	185	562756	77.742
ouder	184	562940	77.7675
dinsdag	183	563123	77.7927
koffie	183	563306	77.818
*	182	563488	77.8432
precies	181	563669	77.8682
Anke	180	563849	77.893
d	180	564029	77.9179
genoeg	180	564209	77.9428
uni	180	564389	77.9676
on	179	564568	77.9924
toen	179	564747	78.0171
Oke	178	564925	78.0417
oei	178	565103	78.0663
k	177	565280	78.0907
les	175	565455	78.1149
lieveke	175	565630	78.1391
zonder	175	565805	78.1632
fiets	174	565979	78.1873
benieuwd	173	566152	78.2112
euro	173	566325	78.2351
ist	173	566498	78.259
oud	173	566671	78.2829
heej	172	566843	78.3066
papa	172	567015	78.3304
slaapwel	172	567187	78.3542
elkaar	171	567358	78.3778
middag	171	567529	78.4014
my	171	567700	78.425
geval	170	567870	78.4485
slaap	170	568040	78.472
p	169	568209	78.4954
heerlijk	167	568376	78.5184
rest	167	568543	78.5415
gevonden	166	568709	78.5644
via	166	568875	78.5874
Groeten	165	569040	78.6101
hoeven	165	569205	78.6329
11	164	569369	78.6556
elk	164	569533	78.6783
zo'n	164	569697	78.7009
Kga	163	569860	78.7234
iig	163	570023	78.7459
spelen	162	570185	78.7683
uw	162	570347	78.7907
open	161	570508	78.8129
kheb	160	570668	78.835
Wiel	159	570827	78.857
nooit	159	570986	78.879
15	158	571144	78.9008
brengen	158	571302	78.9226
passen	158	571460	78.9445
waarschijnlijk	157	571617	78.9661
leren	156	571773	78.9877
Jaro	155	571928	79.0091
alvast	155	572083	79.0305
juist	155	572238	79.0519
regelen	155	572393	79.0733
stuk	155	572548	79.0948
bedoelen	154	572702	79.116
vraag	154	572856	79.1373
iedereen	153	573009	79.1584
kennen	153	573162	79.1796
zelfs	153	573315	79.2007
Love	152	573467	79.2217
baas	152	573619	79.2427
klinken	151	573770	79.2636
kzal	151	573921	79.2844
ongeveer	151	574072	79.3053
Paul	148	574220	79.3257
checken	148	574368	79.3462
duren	148	574516	79.3666
gister	148	574664	79.3871
hart	148	574812	79.4075
it	148	574960	79.428
<TIME>	147	575107	79.4483
Hallo	147	575254	79.4686
Redczus	147	575401	79.4889
geld	146	575547	79.5091
verwachten	146	575693	79.5292
weinig	146	575839	79.5494
fietsen	144	575983	79.5693
koken	144	576127	79.5892
ophalen	144	576271	79.6091
zon	144	576415	79.629
Yes	143	576558	79.6487
drie	143	576701	79.6685
know	143	576844	79.6882
gent	142	576986	79.7079
sterkte	142	577128	79.7275
normaal	141	577269	79.7469
ziek	141	577410	79.7664
hard	139	577549	79.7856
moeilijk	139	577688	79.8048
18	138	577826	79.8239
aankomen	138	577964	79.843
leven	138	578102	79.862
vol	138	578240	79.8811
Das	137	578377	79.9
hoop	137	578514	79.9189
spannend	137	578651	79.9379
studeren	137	578788	79.9568
lieverd	136	578924	79.9756
boek	135	579059	79.9942
mis	135	579194	80.0129
nacht	135	579329	80.0315
school	135	579464	80.0502
eerder	134	579598	80.0687
direct	133	579731	80.0871
minder	133	579864	80.1054
zorgen	133	579997	80.1238
binnenkort	132	580129	80.142
gelukken	132	580261	80.1603
richting	132	580393	80.1785
vooral	132	580525	80.1967
blijkbaar	131	580656	80.2148
vertellen	131	580787	80.2329
vet	131	580918	80.251
sebiet	130	581048	80.269
vorig	130	581178	80.287
's	129	581307	80.3048
kamer	129	581436	80.3226
onder	129	581565	80.3404
sowieso	129	581694	80.3582
enzo	128	581822	80.3759
kant	128	581950	80.3936
liever	128	582078	80.4113
warm	128	582206	80.429
geloven	127	582333	80.4465
smakelijk	127	582460	80.4641
:-P	126	582586	80.4815
dak	126	582712	80.4989
geraken	126	582838	80.5163
liefs	126	582964	80.5337
ng	126	583090	80.5511
internet	125	583215	80.5684
enkel	124	583339	80.5855
s	124	583463	80.6026
Thanks	123	583586	80.6196
are	123	583709	80.6366
brood	123	583832	80.6536
deur	123	583955	80.6706
afspraak	122	584077	80.6874
dankje	122	584199	80.7043
r	122	584321	80.7211
dankjewel	121	584442	80.7379
haha	121	584563	80.7546
jep	121	584684	80.7713
handig	120	584804	80.7879
ll	120	584924	80.8044
per	120	585044	80.821
there	120	585164	80.8376
with	120	585284	80.8542
Jan	119	585403	80.8706
flink	119	585522	80.8871
that	119	585641	80.9035
vannacht	119	585760	80.9199
zich	119	585879	80.9364
+	118	585997	80.9527
gezegd	118	586115	80.969
going	118	586233	80.9853
kben	118	586351	81.0016
wensen	118	586469	81.0179
Maartje	117	586586	81.034
morgenavond	117	586703	81.0502
oké	117	586820	81.0664
raar	117	586937	81.0825
Merci	115	587052	81.0984
orde	115	587167	81.1143
veilig	115	587282	81.1302
naast	114	587396	81.1459
Hi	113	587509	81.1616
adres	113	587622	81.1772
college	113	587735	81.1928
welkom	113	587848	81.2084
btw	112	587960	81.2239
ervan	112	588072	81.2393
gek	112	588184	81.2548
have	112	588296	81.2703
mogelijk	112	588408	81.2857
no	112	588520	81.3012
stellen	112	588632	81.3167
tof	112	588744	81.3322
hvj	111	588855	81.3475
meteen	111	588966	81.3628
ontzettend	111	589077	81.3782
zoveel	111	589188	81.3935
kwartier	110	589298	81.4087
M	109	589407	81.4238
ben.	109	589516	81.4388
Jan.	108	589624	81.4537
boodschap	108	589732	81.4686
now	108	589840	81.4836
stoppen	108	589948	81.4985
17	107	590055	81.5133
bak	107	590162	81.5281
gebruiken	107	590269	81.5428
hangen	107	590376	81.5576
smsen	107	590483	81.5724
vervelen	107	590590	81.5872
Hihi	106	590696	81.6018
Nijmegen	106	590802	81.6165
geworden	106	590908	81.6311
gn	106	591014	81.6458
eind	105	591119	81.6603
jong	105	591224	81.6748
by	104	591328	81.6891
langskomen	104	591432	81.7035
vriendin	104	591536	81.7179
zyn	104	591640	81.7322
do	103	591743	81.7465
v	103	591846	81.7607
?!	102	591948	81.7748
geleden	102	592050	81.7889
heen	102	592152	81.803
kloppen	102	592254	81.8171
vertraging	102	592356	81.8311
examen	101	592457	81.8451
gelijk	101	592558	81.859
gsm	101	592659	81.873
hoeveel	101	592760	81.887
just	101	592861	81.9009
naam	101	592962	81.9149
zoals	101	593063	81.9288
zus	101	593164	81.9428
Maaike	100	593264	81.9566
kort	100	593364	81.9704
moment	100	593464	81.9842
xxk	100	593564	81.998
19	99	593663	82.0117
Hai	99	593762	82.0254
Niek	99	593861	82.0391
erbij	99	593960	82.0527
last	99	594059	82.0664
plaats	99	594158	82.0801
sleutel	99	594257	82.0938
hm	98	594355	82.1073
koen	98	594453	82.1208
lastig	98	594551	82.1344
twas	98	594649	82.1479
broer	97	594746	82.1613
14	96	594842	82.1746
aflopen	96	594938	82.1878
hahaha	96	595034	82.2011
ieder	96	595130	82.2144
eraan	95	595225	82.2275
leeg	95	595320	82.2406
vier	95	595415	82.2537
Xx	94	595509	82.2667
You	94	595603	82.2797
gesprek	94	595697	82.2927
kut	94	595791	82.3057
reactie	94	595885	82.3187
zeer	94	595979	82.3316
cadeau	93	596072	82.3445
extra	93	596165	82.3573
oma	93	596258	82.3702
studie	93	596351	82.383
your	93	596444	82.3959
eindelijk	92	596536	82.4086
kga	92	596628	82.4213
vergadering	92	596720	82.434
Bart	91	596811	82.4466
betalen	91	596902	82.4592
proficiat	91	596993	82.4717
vnvn	91	597084	82.4843
ermee	90	597174	82.4967
kussie	90	597264	82.5092
zij	90	597354	82.5216
Erik	89	597443	82.5339
Joost	89	597532	82.5462
dokter	89	597621	82.5585
redelijk	89	597710	82.5708
schrijven	89	597799	82.5831
??	88	597887	82.5952
Ben	88	597975	82.6074
Breda	88	598063	82.6195
Kben	88	598151	82.6317
go	88	598239	82.6439
inmiddels	88	598327	82.656
re	88	598415	82.6682
zoen	88	598503	82.6803
goedemorgen	87	598590	82.6923
love	87	598677	82.7044
not	87	598764	82.7164
voetbal	87	598851	82.7284
Ciao	86	598937	82.7403
at	86	599023	82.7522
leggen	86	599109	82.764
snappen	86	599195	82.7759
spel	86	599281	82.7878
stom	86	599367	82.7997
tv	86	599453	82.8116
bank	85	599538	82.8233
begin	85	599623	82.835
eh	85	599708	82.8468
goeiemorgen	85	599793	82.8585
kwijt	85	599878	82.8703
moeder	85	599963	82.882
mop	85	600048	82.8938
vieren	85	600133	82.9055
wolf	85	600218	82.9172
:o	84	600302	82.9288
al.	84	600386	82.9404
boven	84	600470	82.9521
terras	84	600554	82.9637
€	84	600638	82.9753
@	83	600721	82.9867
Eindhoven	83	600804	82.9982
dicht	83	600887	83.0097
mr	83	600970	83.0211
niemand	83	601053	83.0326
punt	83	601136	83.0441
time	83	601219	83.0555
too	83	601302	83.067
vanmorgen	83	601385	83.0785
zacht	83	601468	83.0899
:-D	82	601550	83.1012
Utrecht	82	601632	83.1126
bedenken	82	601714	83.1239
cool	82	601796	83.1352
hun	82	601878	83.1466
lunch	82	601960	83.1579
okee	82	602042	83.1692
pa	82	602124	83.1805
tuurlijk	82	602206	83.1919
vnv	82	602288	83.2032
wonen	82	602370	83.2145
xxxx	82	602452	83.2259
So	81	602533	83.237
beterschap	81	602614	83.2482
bieb	81	602695	83.2594
spul	81	602776	83.2706
pap	80	602856	83.2817
scriptie	80	602936	83.2927
trainen	80	603016	83.3038
up	80	603096	83.3148
25	79	603175	83.3257
P	79	603254	83.3366
douchen	79	603333	83.3476
is	79	603412	83.3585
lunchen	79	603491	83.3694
XXX	78	603569	83.3802
innen	78	603647	83.3909
wit	78	603725	83.4017
droom	77	603802	83.4124
enig	77	603879	83.423
kak	77	603956	83.4336
vrouw	77	604033	83.4443
wijn	77	604110	83.4549
13	76	604186	83.4654
baan	76	604262	83.4759
fun	76	604338	83.4864
nogal	76	604414	83.4969
plannen	76	604490	83.5074
redden	76	604566	83.5179
so	76	604642	83.5284
Finn	75	604717	83.5388
hoi	75	604792	83.5491
kind	75	604867	83.5595
koud	75	604942	83.5698
kweet	75	605017	83.5802
laptop	75	605092	83.5906
loop	75	605167	83.6009
plek	75	605242	83.6113
tonight	75	605317	83.6216
trots	75	605392	83.632
No	74	605466	83.6422
allebei	74	605540	83.6524
fout	74	605614	83.6627
ineens	74	605688	83.6729
kzit	74	605762	83.6831
lol	74	605836	83.6933
maand	74	605910	83.7036
o	74	605984	83.7138
teveel	74	606058	83.724
xp	74	606132	83.7342
40	73	606205	83.7443
antwoord	73	606278	83.7544
collega	73	606351	83.7645
drank	73	606424	83.7746
hand	73	606497	83.7847
bestellen	72	606569	83.7946
erop	72	606641	83.8045
party	72	606713	83.8145
saai	72	606785	83.8244
stage	72	606857	83.8344
stappen	72	606929	83.8443
tijdens	72	607001	83.8543
welterusten	72	607073	83.8642
22	71	607144	83.874
amuseren	71	607215	83.8838
brief	71	607286	83.8937
ochtend	71	607357	83.9035
trekken	71	607428	83.9133
uhm	71	607499	83.9231
16	70	607569	83.9327
Greetz	70	607639	83.9424
nice	70	607709	83.9521
ontvangen	70	607779	83.9618
perfect	70	607849	83.9714
regen	70	607919	83.9811
rust	70	607989	83.9908
smak	70	608059	84.0004
Koen	69	608128	84.01
The	69	608197	84.0195
home	69	608266	84.029
kot	69	608335	84.0386
shit	69	608404	84.0481
vaak	69	608473	84.0576
:s	68	608541	84.067
Nope	68	608609	84.0764
but	68	608677	84.0858
euh	68	608745	84.0952
geweldig	68	608813	84.1046
huh	68	608881	84.114
jazeker	68	608949	84.1234
morgenochtend	68	609017	84.1328
or	68	609085	84.1422
ow	68	609153	84.1516
reageren	68	609221	84.161
right	68	609289	84.1704
soms	68	609357	84.1797
stil	68	609425	84.1891
ticket	68	609493	84.1985
utrecht	68	609561	84.2079
when	68	609629	84.2173
zometeen	68	609697	84.2267
Anne	67	609764	84.236
Z	67	609831	84.2452
arm	67	609898	84.2545
gewinnen	67	609965	84.2637
gratis	67	610032	84.273
hoofd	67	610099	84.2823
kapot	67	610166	84.2915
tien	67	610233	84.3008
zes	67	610300	84.31
zwaar	67	610367	84.3193
Remko	66	610433	84.3284
See	66	610499	84.3375
as	66	610565	84.3466
bezoek	66	610631	84.3557
daarvoor	66	610697	84.3649
jame	66	610763	84.374
jarig	66	610829	84.3831
kerel	66	610895	84.3922
leuf	66	610961	84.4013
nt	66	611027	84.4105
reserveren	66	611093	84.4196
verhuizen	66	611159	84.4287
't	65	611224	84.4377
Just	65	611289	84.4466
acht	65	611354	84.4556
b	65	611419	84.4646
contact	65	611484	84.4736
id	65	611549	84.4826
ondertussen	65	611614	84.4915
tzal	65	611679	84.5005
vanochtend	65	611744	84.5095
vijf	65	611809	84.5185
bar	64	611873	84.5273
bbq	64	611937	84.5362
buurt	64	612001	84.545
c	64	612065	84.5538
et	64	612129	84.5627
oog	64	612193	84.5715
rij	64	612257	84.5804
sport	64	612321	84.5892
tomorrow	64	612385	84.5981
21	63	612448	84.6068
Jo	63	612511	84.6155
Will	63	612574	84.6242
Wouter	63	612637	84.6329
begrijpen	63	612700	84.6416
gauw	63	612763	84.6503
kado	63	612826	84.659
letten	63	612889	84.6677
men	63	612952	84.6764
relaxed	63	613015	84.6851
verhaal	63	613078	84.6938
verkeerd	63	613141	84.7025
Have	62	613203	84.7111
Joepie	62	613265	84.7196
doorsturen	62	613327	84.7282
gaaf	62	613389	84.7368
heten	62	613451	84.7453
kans	62	613513	84.7539
karlien	62	613575	84.7624
meeting	62	613637	84.771
nl	62	613699	84.7796
opzetten	62	613761	84.7881
praten	62	613823	84.7967
presentatie	62	613885	84.8053
regenen	62	613947	84.8138
vrezen	62	614009	84.8224
wassen	62	614071	84.831
zn	62	614133	84.8395
zodat	62	614195	84.8481
141	61	614256	84.8565
50	61	614317	84.8649
Gent	61	614378	84.8734
der	61	614439	84.8818
enorm	61	614500	84.8902
this	61	614561	84.8987
water	61	614622	84.9071
will	61	614683	84.9155
winkel	61	614744	84.9239
HJ	60	614804	84.9322
Lisette	60	614864	84.9405
euhm	60	614924	84.9488
good	60	614984	84.9571
ivm	60	615044	84.9654
mar	60	615104	84.9737
merci	60	615164	84.982
pauze	60	615224	84.9902
pizza	60	615284	84.9985
speciaal	60	615344	85.0068
vnvnd	60	615404	85.0151
Kheb	59	615463	85.0233
daarom	59	615522	85.0314
dood	59	615581	85.0396
from	59	615640	85.0477
moeite	59	615699	85.0559
vo	59	615758	85.064
website	59	615817	85.0722
Arno	58	615875	85.0802
agenda	58	615933	85.0882
baby	58	615991	85.0962
bekijken	58	616049	85.1042
hoog	58	616107	85.1122
hotel	58	616165	85.1202
if	58	616223	85.1283
kruipen	58	616281	85.1363
namiddag	58	616339	85.1443
schoen	58	616397	85.1523
verdienen	58	616455	85.1603
vreemd	58	616513	85.1683
way	58	616571	85.1763
Ruud	57	616628	85.1842
aangezien	57	616685	85.1921
dr	57	616742	85.2
droog	57	616799	85.2078
lenen	57	616856	85.2157
namelijk	57	616913	85.2236
rood	57	616970	85.2314
wouter	57	617027	85.2393
wss	57	617084	85.2472
zot	57	617141	85.2551
Am	56	617197	85.2628
Elaba	56	617253	85.2705
Nice	56	617309	85.2783
hetzelfde	56	617365	85.286
online	56	617421	85.2938
pc	56	617477	85.3015
pils	56	617533	85.3092
skype	56	617589	85.317
stap	56	617645	85.3247
top	56	617701	85.3324
vd	56	617757	85.3402
And	55	617812	85.3478
Mark	55	617867	85.3554
an	55	617922	85.363
duur	55	617977	85.3706
ipv	55	618032	85.3782
kussen	55	618087	85.3858
passeren	55	618142	85.3934
prachtig	55	618197	85.401
soort	55	618252	85.4086
sporten	55	618307	85.4161
tellen	55	618362	85.4237
voorbij	55	618417	85.4313
wedstrijd	55	618472	85.4389
Tom	54	618526	85.4464
aub	54	618580	85.4539
eindhoven	54	618634	85.4613
fles	54	618688	85.4688
knuffelen	54	618742	85.4762
muziek	54	618796	85.4837
rug	54	618850	85.4912
tent	54	618904	85.4986
%	53	618957	85.5059
:S	53	619010	85.5133
balen	53	619063	85.5206
bang	53	619116	85.5279
belangrijk	53	619169	85.5352
date	53	619222	85.5426
get	53	619275	85.5499
hoelaat	53	619328	85.5572
honger	53	619381	85.5645
kat	53	619434	85.5718
kiezen	53	619487	85.5792
kissie	53	619540	85.5865
lijst	53	619593	85.5938
oke	53	619646	85.6011
opnemen	53	619699	85.6084
overleven	53	619752	85.6158
straat	53	619805	85.6231
think	53	619858	85.6304
vader	53	619911	85.6377
zee	53	619964	85.6451
'n	52	620016	85.6522
about	52	620068	85.6594
ach	52	620120	85.6666
hap	52	620172	85.6738
lachen	52	620224	85.681
liev	52	620276	85.6882
makkelijk	52	620328	85.6953
merken	52	620380	85.7025
opruimen	52	620432	85.7097
then	52	620484	85.7169
though	52	620536	85.7241
All	51	620587	85.7311
Donderdag	51	620638	85.7382
Pff	51	620689	85.7452
What	51	620740	85.7523
Yo	51	620791	85.7593
amai	51	620842	85.7663
beneden	51	620893	85.7734
gr	51	620944	85.7804
grappig	51	620995	85.7875
recht	51	621046	85.7945
schieten	51	621097	85.8016
sterk	51	621148	85.8086
ws	51	621199	85.8157
xxxxxxxxxxxxxxxxxxxxxxxx	51	621250	85.8227
'm	50	621300	85.8296
Wa	50	621350	85.8365
dadelijk	50	621400	85.8434
engel	50	621450	85.8503
fantastisch	50	621500	85.8572
file	50	621550	85.8642
fris	50	621600	85.8711
meebrengen	50	621650	85.878
miss	50	621700	85.8849
opt	50	621750	85.8918
out	50	621800	85.8987
park	50	621850	85.9056
tilburg	50	621900	85.9125
tip	50	621950	85.9194
100	49	621999	85.9262
How	49	622048	85.9329
Jaja	49	622097	85.9397
aardig	49	622146	85.9465
all	49	622195	85.9533
bruin	49	622244	85.96
friet	49	622293	85.9668
gerust	49	622342	85.9736
hanne	49	622391	85.9803
hehe	49	622440	85.9871
kater	49	622489	85.9939
rechts	49	622538	86.0006
tas	49	622587	86.0074
24	48	622635	86.014
Zondag	48	622683	86.0207
dromen	48	622731	86.0273
here	48	622779	86.0339
klote	48	622827	86.0406
neen	48	622875	86.0472
negen	48	622923	86.0538
nijmegen	48	622971	86.0605
opnieuw	48	623019	86.0671
serieus	48	623067	86.0737
steken	48	623115	86.0804
vanaaf	48	623163	86.087
wow	48	623211	86.0936
45	47	623258	86.1001
borrel	47	623305	86.1066
duidelijk	47	623352	86.1131
gang	47	623399	86.1196
gebeuren	47	623446	86.1261
joh	47	623493	86.1326
kast	47	623540	86.1391
overleggen	47	623587	86.1456
schijnen	47	623634	86.152
sinds	47	623681	86.1585
snoes	47	623728	86.165
tja	47	623775	86.1715
versturen	47	623822	86.178
vertrek	47	623869	86.1845
zorg	47	623916	86.191
=	46	623962	86.1974
Delft	46	624008	86.2037
Dieter	46	624054	86.2101
draaien	46	624100	86.2164
groep	46	624146	86.2228
hoogte	46	624192	86.2291
jan	46	624238	86.2355
juli	46	624284	86.2418
kleed	46	624330	86.2482
km	46	624376	86.2546
kmoet	46	624422	86.2609
links	46	624468	86.2673
ooit	46	624514	86.2736
opdracht	46	624560	86.28
pak	46	624606	86.2863
schatten	46	624652	86.2927
tafel	46	624698	86.299
terwijl	46	624744	86.3054
training	46	624790	86.3117
tram	46	624836	86.3181
verkopen	46	624882	86.3245
23	45	624927	86.3307
Good	45	624972	86.3369
blijken	45	625017	86.3431
helft	45	625062	86.3493
jup	45	625107	86.3555
taart	45	625152	86.3618
uitkomen	45	625197	86.368
voorlopig	45	625242	86.3742
:'(	44	625286	86.3803
Geof	44	625330	86.3863
Marjan	44	625374	86.3924
Van	44	625418	86.3985
blauw	44	625462	86.4046
boos	44	625506	86.4107
can	44	625550	86.4167
gevoel	44	625594	86.4228
h	44	625638	86.4289
interessant	44	625682	86.435
meegaan	44	625726	86.441
meerijden	44	625770	86.4471
morgenvroeg	44	625814	86.4532
neeje	44	625858	86.4593
night	44	625902	86.4654
pfff	44	625946	86.4714
pijn	44	625990	86.4775
some	44	626034	86.4836
toppie	44	626078	86.4897
ur	44	626122	86.4958
vak	44	626166	86.5018
vlot	44	626210	86.5079
voet	44	626254	86.514
volledig	44	626298	86.5201
wennen	44	626342	86.5261
whatsapp	44	626386	86.5322
Den	43	626429	86.5382
Jaap	43	626472	86.5441
Vrijdag	43	626515	86.55
been	43	626558	86.556
computer	43	626601	86.5619
familie	43	626644	86.5679
grap	43	626687	86.5738
juni	43	626730	86.5797
kdenk	43	626773	86.5857
kies	43	626816	86.5916
liefde	43	626859	86.5976
like	43	626902	86.6035
marianne	43	626945	86.6094
markt	43	626988	86.6154
myn	43	627031	86.6213
ns	43	627074	86.6273
optreden	43	627117	86.6332
see	43	627160	86.6391
uitnodiging	43	627203	86.6451
vandaar	43	627246	86.651
verliezen	43	627289	86.657
wellicht	43	627332	86.6629
Aha	42	627374	86.6687
De	42	627416	86.6745
Kiss	42	627458	86.6803
Top	42	627500	86.6861
back	42	627542	86.6919
bah	42	627584	86.6977
band	42	627626	86.7035
bevallen	42	627668	86.7093
doorgeven	42	627710	86.7151
info	42	627752	86.7209
qua	42	627794	86.7267
slaan	42	627836	86.7325
strakjes	42	627878	86.7383
student	42	627920	86.7441
where	42	627962	86.7499
zalig	42	628004	86.7557
zeven	42	628046	86.7615
A	41	628087	86.7672
Heey	41	628128	86.7729
Okee	41	628169	86.7785
UvT	41	628210	86.7842
aantal	41	628251	86.7899
antwoorden	41	628292	86.7955
behalve	41	628333	86.8012
call	41	628374	86.8069
dienst	41	628415	86.8125
erik	41	628456	86.8182
eventueel	41	628497	86.8238
khebben	41	628538	86.8295
luisteren	41	628579	86.8352
mezelf	41	628620	86.8408
nergens	41	628661	86.8465
oeps	41	628702	86.8522
reden	41	628743	86.8578
rekening	41	628784	86.8635
schelen	41	628825	86.8692
something	41	628866	86.8748
totaal	41	628907	86.8805
uitnodigen	41	628948	86.8862
wekker	41	628989	86.8918
wereld	41	629030	86.8975
winnen	41	629071	86.9031
1e	40	629111	86.9087
D.	40	629151	86.9142
Tim	40	629191	86.9197
Zaterdag	40	629231	86.9252
bad	40	629271	86.9308
beloven	40	629311	86.9363
bijzonder	40	629351	86.9418
bon	40	629391	86.9474
duim	40	629431	86.9529
facebook	40	629471	86.9584
haast	40	629511	86.9639
huisgenoot	40	629551	86.9695
ijs	40	629591	86.975
jawel	40	629631	86.9805
kerk	40	629671	86.986
kop	40	629711	86.9916
kosten	40	629751	86.9971
kwas	40	629791	87.0026
los	40	629831	87.0081
meter	40	629871	87.0137
noemen	40	629911	87.0192
oe	40	629951	87.0247
opa	40	629991	87.0302
shoppen	40	630031	87.0358
site	40	630071	87.0413
stiekem	40	630111	87.0468
thank	40	630151	87.0523
vanwege	40	630191	87.0579
voorbereiden	40	630231	87.0634
wauw	40	630271	87.0689
Ai	39	630310	87.0743
Bosch	39	630349	87.0797
LOL	39	630388	87.0851
Marloes	39	630427	87.0905
On	39	630466	87.0959
Super	39	630505	87.1012
Xxxx	39	630544	87.1066
bekend	39	630583	87.112
bureau	39	630622	87.1174
coming	39	630661	87.1228
concert	39	630700	87.1282
eigen	39	630739	87.1336
excuus	39	630778	87.139
f	39	630817	87.1443
girl	39	630856	87.1497
hoofdpijn	39	630895	87.1551
j	39	630934	87.1605
jezelf	39	630973	87.1659
licht	39	631012	87.1713
momenteel	39	631051	87.1767
morgenmiddag	39	631090	87.1821
opstaan	39	631129	87.1874
place	39	631168	87.1928
sneeuw	39	631207	87.1982
zak	39	631246	87.2036
zoet	39	631285	87.209
zonde	39	631324	87.2144
!!!!	38	631362	87.2196
Marike	38	631400	87.2249
Peter	38	631438	87.2301
afkomen	38	631476	87.2354
beide	38	631514	87.2406
bereiken	38	631552	87.2459
centraal	38	631590	87.2511
da's	38	631628	87.2564
drukken	38	631666	87.2616
gast	38	631704	87.2669
gooien	38	631742	87.2721
hmmm	38	631780	87.2774
inschrijven	38	631818	87.2826
keuken	38	631856	87.2879
kgaan	38	631894	87.2931
parkeren	38	631932	87.2984
pint	38	631970	87.3036
post	38	632008	87.3089
prijs	38	632046	87.3141
really	38	632084	87.3194
spoor	38	632122	87.3246
uiteraard	38	632160	87.3299
work	38	632198	87.3351
Aja	37	632235	87.3402
Amsterdam	37	632272	87.3453
But	37	632309	87.3505
Haai	37	632346	87.3556
Im	37	632383	87.3607
Remke	37	632420	87.3658
ad	37	632457	87.3709
already	37	632494	87.376
bandra	37	632531	87.3811
bart	37	632568	87.3862
buik	37	632605	87.3913
cursus	37	632642	87.3965
day	37	632679	87.4016
deel	37	632716	87.4067
durven	37	632753	87.4118
geluk	37	632790	87.4169
hoesten	37	632827	87.422
jas	37	632864	87.4271
lift	37	632901	87.4322
meis	37	632938	87.4374
next	37	632975	87.4425
overal	37	633012	87.4476
prettig	37	633049	87.4527
strand	37	633086	87.4578
terecht	37	633123	87.4629
trw	37	633160	87.468
vermaken	37	633197	87.4731
werkdag	37	633234	87.4782
Fuck	36	633270	87.4832
Okay	36	633306	87.4882
Yeah	36	633342	87.4932
anen	36	633378	87.4981
bruiloft	36	633414	87.5031
centrum	36	633450	87.5081
dame	36	633486	87.5131
doorgaan	36	633522	87.518
drinkn	36	633558	87.523
goedkoop	36	633594	87.528
hulp	36	633630	87.5329
knap	36	633666	87.5379
nat	36	633702	87.5429
stem	36	633738	87.5479
stress	36	633774	87.5528
topper	36	633810	87.5578
uitslapen	36	633846	87.5628
voicemail	36	633882	87.5678
what	36	633918	87.5727
zetel	36	633954	87.5777
ziekenhuis	36	633990	87.5827
zoiets	36	634026	87.5877
35	35	634061	87.5925
Elke	35	634096	87.5973
Facebook	35	634131	87.6022
Hans	35	634166	87.607
When	35	634201	87.6118
\	35	634236	87.6167
brugge	35	634271	87.6215
buur	35	634306	87.6263
meten	35	634341	87.6312
ontbijt	35	634376	87.636
paper	35	634411	87.6408
plots	35	634446	87.6457
rsca	35	634481	87.6505
tekst	35	634516	87.6553
xxxxx	35	634551	87.6602
Monika	34	634585	87.6649
Mss	34	634619	87.6696
XX	34	634653	87.6743
aap	34	634687	87.679
bal	34	634721	87.6837
breken	34	634755	87.6884
daarnet	34	634789	87.6931
dam	34	634823	87.6978
ervoor	34	634857	87.7025
ingang	34	634891	87.7071
jy	34	634925	87.7118
khoop	34	634959	87.7165
la	34	634993	87.7212
lied	34	635027	87.7259
meedoen	34	635061	87.7306
more	34	635095	87.7353
much	34	635129	87.74
oktober	34	635163	87.7447
overdag	34	635197	87.7494
pikken	34	635231	87.7541
sla	34	635265	87.7588
test	34	635299	87.7635
testen	34	635333	87.7682
tim	34	635367	87.7729
tom	34	635401	87.7776
uiteindelijk	34	635435	87.7823
uitrusten	34	635469	87.787
vanavn	34	635503	87.7917
voorstellen	34	635537	87.7964
weggaan	34	635571	87.8011
xoxo	34	635605	87.8058
xxxxxxxxxxxxxxxxxxxx	34	635639	87.8105
zoek	34	635673	87.8152
2e	33	635706	87.8197
Bob	33	635739	87.8243
Emma	33	635772	87.8289
Frank	33	635805	87.8334
bestelling	33	635838	87.838
cijfer	33	635871	87.8425
come	33	635904	87.8471
dico	33	635937	87.8516
halfuur	33	635970	87.8562
ideaal	33	636003	87.8608
inleveren	33	636036	87.8653
jongen	33	636069	87.8699
kroeg	33	636102	87.8744
maat	33	636135	87.879
meestal	33	636168	87.8836
oplossen	33	636201	87.8881
schoon	33	636234	87.8927
slagen	33	636267	87.8972
tenminste	33	636300	87.9018
twijfelen	33	636333	87.9064
uitzoeken	33	636366	87.9109
vliegen	33	636399	87.9155
vlucht	33	636432	87.92
vrijdagavond	33	636465	87.9246
well	33	636498	87.9291
zaal	33	636531	87.9337
Mieke	32	636563	87.9381
Twente	32	636595	87.9425
Woensdag	32	636627	87.947
augustus	32	636659	87.9514
bis	32	636691	87.9558
café	32	636723	87.9602
datum	32	636755	87.9647
dieter	32	636787	87.9691
dom	32	636819	87.9735
drama	32	636851	87.9779
evt	32	636883	87.9823
floor	32	636915	87.9868
gisteravond	32	636947	87.9912
graad	32	636979	87.9956
hey	32	637011	88
jeuj	32	637043	88.0044
kaas	32	637075	88.0089
klas	32	637107	88.0133
oeie	32	637139	88.0177
off	32	637171	88.0221
rap	32	637203	88.0265
san	32	637235	88.031
slag	32	637267	88.0354
take	32	637299	88.0398
tenzij	32	637331	88.0442
today	32	637363	88.0486
tomo	32	637395	88.0531
va	32	637427	88.0575
vanavnd	32	637459	88.0619
verrassing	32	637491	88.0663
wandelen	32	637523	88.0707
was	32	637555	88.0752
would	32	637587	88.0796
zaterdagavond	32	637619	88.084
zelfde	32	637651	88.0884
zwart	32	637683	88.0929
Brugge	31	637714	88.0971
Dinsdag	31	637745	88.1014
Ist	31	637776	88.1057
Where	31	637807	88.11
Zoen	31	637838	88.1143
aanbod	31	637869	88.1185
again	31	637900	88.1228
am	31	637931	88.1271
bijkomen	31	637962	88.1314
heur	31	637993	88.1357
koorts	31	638024	88.14
kwil	31	638055	88.1442
lui	31	638086	88.1485
mark	31	638117	88.1528
meid	31	638148	88.1571
nadenken	31	638179	88.1614
officieel	31	638210	88.1657
ongeluk	31	638241	88.1699
ontbijten	31	638272	88.1742
pasta	31	638303	88.1785
sluiten	31	638334	88.1828
staat	31	638365	88.1871
stoel	31	638396	88.1913
truste	31	638427	88.1956
veranderen	31	638458	88.1999
voorzichtig	31	638489	88.2042
woord	31	638520	88.2085
xd	31	638551	88.2128
zwemmen	31	638582	88.217
28	30	638612	88.2212
31	30	638642	88.2253
Yep	30	638672	88.2295
camping	30	638702	88.2336
dezelfde	30	638732	88.2378
doei	30	638762	88.2419
gemak	30	638792	88.2461
gvd	30	638822	88.2502
hoezo	30	638852	88.2543
kep	30	638882	88.2585
krant	30	638912	88.2626
landen	30	638942	88.2668
partij	30	638972	88.2709
quiz	30	639002	88.2751
restaurant	30	639032	88.2792
rik	30	639062	88.2834
september	30	639092	88.2875
springen	30	639122	88.2916
tuin	30	639152	88.2958
wens	30	639182	88.2999
woehoew	30	639212	88.3041
xr	30	639242	88.3082
yo	30	639272	88.3124
:-*	29	639301	88.3164
Ilse	29	639330	88.3204
Not	29	639359	88.3244
Saar	29	639388	88.3284
afstuderen	29	639417	88.3324
appartement	29	639446	88.3364
bollie	29	639475	88.3404
em	29	639504	88.3444
email	29	639533	88.3484
eng	29	639562	88.3524
erna	29	639591	88.3564
g	29	639620	88.3604
hen	29	639649	88.3644
her	29	639678	88.3684
herinneren	29	639707	88.3725
how	29	639736	88.3765
kapper	29	639765	88.3805
kerst	29	639794	88.3845
keuze	29	639823	88.3885
kxal	29	639852	88.3925
l	29	639881	88.3965
ondanks	29	639910	88.4005
ong	29	639939	88.4045
overmaken	29	639968	88.4085
plat	29	639997	88.4125
ruim	29	640026	88.4165
sollicitatie	29	640055	88.4205
spijtig	29	640084	88.4245
still	29	640113	88.4285
update	29	640142	88.4325
zojuist	29	640171	88.4366
<EMAIL>	28	640199	88.4404
K.	28	640227	88.4443
Maandag	28	640255	88.4482
Nouja	28	640283	88.452
apart	28	640311	88.4559
betreffen	28	640339	88.4598
boeken	28	640367	88.4636
braaf	28	640395	88.4675
cantus	28	640423	88.4714
content	28	640451	88.4752
di	28	640479	88.4791
douche	28	640507	88.483
downloaden	28	640535	88.4868
efkes	28	640563	88.4907
eruit	28	640591	88.4946
groen	28	640619	88.4984
inpakken	28	640647	88.5023
james	28	640675	88.5062
job	28	640703	88.51
klus	28	640731	88.5139
morrie	28	640759	88.5178
nogmaals	28	640787	88.5217
oppikken	28	640815	88.5255
opzoeken	28	640843	88.5294
planning	28	640871	88.5333
podium	28	640899	88.5371
poep	28	640927	88.541
printen	28	640955	88.5449
rekenen	28	640983	88.5487
se	28	641011	88.5526
sm	28	641039	88.5565
st	28	641067	88.5603
thuiskomen	28	641095	88.5642
trip	28	641123	88.5681
trusten	28	641151	88.5719
verliefd	28	641179	88.5758
zaak	28	641207	88.5797
zekerheid	28	641235	88.5835
zodra	28	641263	88.5874
26	27	641290	88.5911
Heej	27	641317	88.5949
Laura	27	641344	88.5986
Miss	27	641371	88.6023
allerliefst	27	641398	88.6061
anke	27	641425	88.6098
artikel	27	641452	88.6135
besluiten	27	641479	88.6172
blok	27	641506	88.621
deal	27	641533	88.6247
els	27	641560	88.6284
erin	27	641587	88.6322
geof	27	641614	88.6359
gokken	27	641641	88.6396
got	27	641668	88.6434
gy	27	641695	88.6471
hoek	27	641722	88.6508
im	27	641749	88.6545
it's	27	641776	88.6583
jow	27	641803	88.662
kmoe	27	641830	88.6657
kzr	27	641857	88.6695
land	27	641884	88.6732
meeten	27	641911	88.6769
melden	27	641938	88.6807
mmm	27	641965	88.6844
mobiel	27	641992	88.6881
ontspannen	27	642019	88.6918
papier	27	642046	88.6956
should	27	642073	88.6993
spijten	27	642100	88.703
verzenden	27	642127	88.7068
vliegtuig	27	642154	88.7105
voorkeur	27	642181	88.7142
zielig	27	642208	88.718
:-p	26	642234	88.7215
B	26	642260	88.7251
Confide	26	642286	88.7287
Da's	26	642312	88.7323
Damn	26	642338	88.7359
Google	26	642364	88.7395
Oja	26	642390	88.7431
Sjon	26	642416	88.7467
Tante	26	642442	88.7503
Thomas	26	642468	88.7539
Tis	26	642494	88.7575
afmaken	26	642520	88.7611
afzeggen	26	642546	88.7647
alsof	26	642572	88.7682
anneleen	26	642598	88.7718
awel	26	642624	88.7754
bakken	26	642650	88.779
chillen	26	642676	88.7826
code	26	642702	88.7862
coffee	26	642728	88.7898
dubbel	26	642754	88.7934
elf	26	642780	88.797
gesmst	26	642806	88.8006
gevallen	26	642832	88.8042
goesting	26	642858	88.8078
guust	26	642884	88.8113
hiep	26	642910	88.8149
interesse	26	642936	88.8185
jes	26	642962	88.8221
kleur	26	642988	88.8257
locatie	26	643014	88.8293
meekomen	26	643040	88.8329
móet	26	643066	88.8365
oefenen	26	643092	88.8401
onthouden	26	643118	88.8437
overigens	26	643144	88.8473
overmorgen	26	643170	88.8509
poging	26	643196	88.8544
positief	26	643222	88.858
ps	26	643248	88.8616
roos	26	643274	88.8652
sgoe	26	643300	88.8688
smste	26	643326	88.8724
soep	26	643352	88.876
squashen	26	643378	88.8796
starten	26	643404	88.8832
toekomen	26	643430	88.8868
verlopen	26	643456	88.8904
verschijnen	26	643482	88.894
volk	26	643508	88.8975
vooraan	26	643534	88.9011
voordat	26	643560	88.9047
yet	26	643586	88.9083
47	25	643611	88.9118
H.	25	643636	88.9152
afhalen	25	643661	88.9187
alsnog	25	643686	88.9221
april	25	643711	88.9256
bereikbaar	25	643736	88.929
cafe	25	643761	88.9325
cava	25	643786	88.936
donker	25	643811	88.9394
doos	25	643836	88.9429
eerlijk	25	643861	88.9463
ier	25	643886	88.9498
jeej	25	643911	88.9532
juij	25	643936	88.9567
leveren	25	643961	88.9601
lijn	25	643986	88.9636
live	25	644011	88.967
make	25	644036	88.9705
midden	25	644061	88.9739
optie	25	644086	88.9774
overtuigen	25	644111	88.9808
peter	25	644136	88.9843
pot	25	644161	88.9878
shirt	25	644186	88.9912
soon	25	644211	88.9947
us	25	644236	88.9981
versie	25	644261	89.0016
vooruit	25	644286	89.005
werkse	25	644311	89.0085
zijde	25	644336	89.0119
zomer	25	644361	89.0154
;d	24	644385	89.0187
Bro	24	644409	89.022
Clercq	24	644433	89.0253
Danku	24	644457	89.0286
Dont	24	644481	89.032
Groningen	24	644505	89.0353
Hoera	24	644529	89.0386
Joke	24	644553	89.0419
KH	24	644577	89.0452
My	24	644601	89.0485
Rijn	24	644625	89.0519
bestaan	24	644649	89.0552
bib	24	644673	89.0585
brussel	24	644697	89.0618
compleet	24	644721	89.0651
don't	24	644745	89.0684
dronken	24	644769	89.0717
ehm	24	644793	89.0751
elmo	24	644817	89.0784
fb	24	644841	89.0817
fit	24	644865	89.085
gat	24	644889	89.0883
geluid	24	644913	89.0916
indien	24	644937	89.095
jip	24	644961	89.0983
kip	24	644985	89.1016
lik	24	645009	89.1049
maargoed	24	645033	89.1082
mei	24	645057	89.1115
minstens	24	645081	89.1148
mitchaux	24	645105	89.1182
nakijken	24	645129	89.1215
nieuwjaar	24	645153	89.1248
one	24	645177	89.1281
ooh	24	645201	89.1314
people	24	645225	89.1347
raken	24	645249	89.1381
set	24	645273	89.1414
stijn	24	645297	89.1447
taxi	24	645321	89.148
terugweg	24	645345	89.1513
tevoren	24	645369	89.1546
verstandig	24	645393	89.1579
vlak	24	645417	89.1613
wr	24	645441	89.1646
zolang	24	645465	89.1679
én	24	645489	89.1712
-0	23	645512	89.1744
2011	23	645535	89.1776
Hola	23	645558	89.1807
L	23	645581	89.1839
Margje	23	645604	89.1871
Martijn	23	645627	89.1903
NL	23	645650	89.1935
Oh	23	645673	89.1966
Plooier	23	645696	89.1998
Tralala	23	645719	89.203
aanpassen	23	645742	89.2062
afwachten	23	645765	89.2093
anne	23	645788	89.2125
batterij	23	645811	89.2157
bedoeling	23	645834	89.2189
beuren	23	645857	89.222
broek	23	645880	89.2252
carnaval	23	645903	89.2284
club	23	645926	89.2316
cm	23	645949	89.2348
daarmee	23	645972	89.2379
detail	23	645995	89.2411
etten	23	646018	89.2443
gebouw	23	646041	89.2475
gwn	23	646064	89.2506
haag	23	646087	89.2538
haasten	23	646110	89.257
hihi	23	646133	89.2602
invullen	23	646156	89.2634
kantoor	23	646179	89.2665
khad	23	646202	89.2697
kletsen	23	646225	89.2729
lusten	23	646248	89.2761
match	23	646271	89.2792
netwerk	23	646294	89.2824
new	23	646317	89.2856
oefening	23	646340	89.2888
oppassen	23	646363	89.292
pen	23	646386	89.2951
pocket	23	646409	89.2983
poes	23	646432	89.3015
prinses	23	646455	89.3047
probably	23	646478	89.3078
spaans	23	646501	89.311
tevreden	23	646524	89.3142
thee	23	646547	89.3174
timmos	23	646570	89.3205
vent	23	646593	89.3237
vertrouwen	23	646616	89.3269
voetballen	23	646639	89.3301
voorstel	23	646662	89.3333
waard	23	646685	89.3364
wezen	23	646708	89.3396
wim	23	646731	89.3428
yes	23	646754	89.346
‘	23	646777	89.3491
0	22	646799	89.3522
200	22	646821	89.3552
Anita	22	646843	89.3583
Are	22	646865	89.3613
Arnhem	22	646887	89.3643
Estee	22	646909	89.3674
Marieke	22	646931	89.3704
Meneer	22	646953	89.3735
P.	22	646975	89.3765
Still	22	646997	89.3795
VDZ	22	647019	89.3826
Wilde	22	647041	89.3856
aah	22	647063	89.3887
bel	22	647085	89.3917
bespreken	22	647107	89.3947
birthday	22	647129	89.3978
bol	22	647151	89.4008
bosch	22	647173	89.4038
boterham	22	647195	89.4069
controle	22	647217	89.4099
cv	22	647239	89.413
daj	22	647261	89.416
dansen	22	647283	89.419
denkek	22	647305	89.4221
did	22	647327	89.4251
dol	22	647349	89.4282
dringend	22	647371	89.4312
drukte	22	647393	89.4342
ei	22	647415	89.4373
friend	22	647437	89.4403
gemakkelijk	22	647459	89.4434
happy	22	647481	89.4464
has	22	647503	89.4494
him	22	647525	89.4525
hond	22	647547	89.4555
hostel	22	647569	89.4586
it.	22	647591	89.4616
jaaaa	22	647613	89.4646
join	22	647635	89.4677
kamp	22	647657	89.4707
klimmen	22	647679	89.4737
koek	22	647701	89.4768
kyken	22	647723	89.4798
lau	22	647745	89.4829
leo	22	647767	89.4859
lezing	22	647789	89.4889
max	22	647811	89.492
meet	22	647833	89.495
meevallen	22	647855	89.4981
melk	22	647877	89.5011
menen	22	647899	89.5041
moesjie	22	647921	89.5072
muur	22	647943	89.5102
namens	22	647965	89.5133
need	22	647987	89.5163
number	22	648009	89.5193
office	22	648031	89.5224
our	22	648053	89.5254
plant	22	648075	89.5285
project	22	648097	89.5315
rennen	22	648119	89.5345
sava	22	648141	89.5376
schrikken	22	648163	89.5406
seizoen	22	648185	89.5437
sjoekie	22	648207	89.5467
start	22	648229	89.5497
team	22	648251	89.5528
tegenkomen	22	648273	89.5558
tegenover	22	648295	89.5588
thesis	22	648317	89.5619
till	22	648339	89.5649
tukken	22	648361	89.568
uitslag	22	648383	89.571
verlof	22	648405	89.574
very	22	648427	89.5771
verzorgen	22	648449	89.5801
voormiddag	22	648471	89.5832
wann	22	648493	89.5862
zenne	22	648515	89.5892
...?	21	648536	89.5921
06	21	648557	89.595
Guust	21	648578	89.5979
Haag	21	648599	89.6008
If	21	648620	89.6037
It	21	648641	89.6066
Jasper	21	648662	89.6095
Leuven	21	648683	89.6124
M.	21	648704	89.6153
Maarten	21	648725	89.6182
Now	21	648746	89.6212
Philip	21	648767	89.6241
Zeun	21	648788	89.627
babbelen	21	648809	89.6299
brievenbus	21	648830	89.6328
ciao	21	648851	89.6357
deadline	21	648872	89.6386
donderdagavond	21	648893	89.6415
dont	21	648914	89.6444
down	21	648935	89.6473
evening	21	648956	89.6502
feel	21	648977	89.6531
flat	21	648998	89.656
friday	21	649019	89.6589
gedoe	21	649040	89.6618
groeten	21	649061	89.6647
guys	21	649082	89.6676
hoera	21	649103	89.6705
iphone	21	649124	89.6734
kost	21	649145	89.6763
laag	21	649166	89.6792
luck	21	649187	89.6821
maart	21	649208	89.685
michiel	21	649229	89.6879
msn	21	649250	89.6908
oor	21	649271	89.6937
programma	21	649292	89.6966
raam	21	649313	89.6995
raden	21	649334	89.7024
spaghetti	21	649355	89.7053
tekenen	21	649376	89.7082
tonen	21	649397	89.7111
trap	21	649418	89.714
typen	21	649439	89.7169
vers	21	649460	89.7198
vlees	21	649481	89.7227
w	21	649502	89.7256
wk	21	649523	89.7285
zover	21	649544	89.7314
zuid	21	649565	89.7343
80	20	649585	89.7371
Don't	20	649605	89.7398
Guus	20	649625	89.7426
Happy	20	649645	89.7453
Ledeberg	20	649665	89.7481
Lieve	20	649685	89.7509
Mart	20	649705	89.7536
Maybe	20	649725	89.7564
NS	20	649745	89.7592
Or	20	649765	89.7619
Pieter	20	649785	89.7647
UB	20	649805	89.7674
We	20	649825	89.7702
XXx	20	649845	89.773
after	20	649865	89.7757
afwas	20	649885	89.7785
afzetten	20	649905	89.7813
around	20	649925	89.784
bende	20	649945	89.7868
bereik	20	649965	89.7895
beschikbaar	20	649985	89.7923
betekenen	20	650005	89.7951
beurs	20	650025	89.7978
boeien	20	650045	89.8006
brand	20	650065	89.8034
cinema	20	650085	89.8061
ck	20	650105	89.8089
dank	20	650125	89.8117
december	20	650145	89.8144
dichtbij	20	650165	89.8172
exact	20	650185	89.8199
gedacht	20	650205	89.8227
gegeven	20	650225	89.8255
goal	20	650245	89.8282
godver	20	650265	89.831
héhé	20	650285	89.8338
jaaa	20	650305	89.8365
joow	20	650325	89.8393
kr	20	650345	89.842
logeren	20	650365	89.8448
lucht	20	650385	89.8476
ma.	20	650405	89.8503
maandagavond	20	650425	89.8531
maarte	20	650445	89.8559
manier	20	650465	89.8586
mat	20	650485	89.8614
mee-eten	20	650505	89.8641
meepakken	20	650525	89.8669
michel	20	650545	89.8697
neus	20	650565	89.8724
november	20	650585	89.8752
ofwel	20	650605	89.878
onderzoek	20	650625	89.8807
opslaan	20	650645	89.8835
oven	20	650665	89.8863
overleg	20	650685	89.889
pieter	20	650705	89.8918
rock	20	650725	89.8945
sociaal	20	650745	89.8973
sure	20	650765	89.9001
verbinding	20	650785	89.9028
vermoeden	20	650805	89.9056
vlakbij	20	650825	89.9084
voorbereiding	20	650845	89.9111
waarvoor	20	650865	89.9139
were	20	650885	89.9166
wijs	20	650905	89.9194
wo	20	650925	89.9222
workshop	20	650945	89.9249
za	20	650965	89.9277
zondagavond	20	650985	89.9305
zucht	20	651005	89.9332
1,5	19	651024	89.9358
;p	19	651043	89.9385
???	19	651062	89.9411
Buur	19	651081	89.9437
Hope	19	651100	89.9463
Jos	19	651119	89.949
Kelly	19	651138	89.9516
Lieke	19	651157	89.9542
Loe	19	651176	89.9568
Maureen	19	651195	89.9595
Nederland	19	651214	89.9621
Nyugati	19	651233	89.9647
Rob	19	651252	89.9673
Stijn	19	651271	89.97
X	19	651290	89.9726
aanzetten	19	651309	89.9752
activiteit	19	651328	89.9778
aflevering	19	651347	89.9805
aiaiai	19	651366	89.9831
anderhalf	19	651385	89.9857
beeld	19	651404	89.9883
behoorlijk	19	651423	89.991
bezetten	19	651442	89.9936
bord	19	651461	89.9962
ca	19	651480	89.9988
cocktail	19	651499	90.0015
could	19	651518	90.0041
course	19	651537	90.0067
du	19	651556	90.0093
ebben	19	651575	90.012
effe	19	651594	90.0146
elisa	19	651613	90.0172
evy	19	651632	90.0198
festival	19	651651	90.0225
gisterenavond	19	651670	90.0251
hans	19	651689	90.0277
hartelijk	19	651708	90.0303
heee	19	651727	90.033
hierheen	19	651746	90.0356
jelmer	19	651765	90.0382
kilo	19	651784	90.0408
klussen	19	651803	90.0435
lot	19	651822	90.0461
nicht	19	651841	90.0487
ontmoeten	19	651860	90.0513
opeen	19	651879	90.054
overstappen	19	651898	90.0566
plus	19	651917	90.0592
prins	19	651936	90.0618
problemo	19	651955	90.0645
relaxt	19	651974	90.0671
roken	19	651993	90.0697
ruilen	19	652012	90.0723
sauna	19	652031	90.075
schitterend	19	652050	90.0776
sgoed	19	652069	90.0802
simon	19	652088	90.0828
sleep	19	652107	90.0855
solliciteren	19	652126	90.0881
sparen	19	652145	90.0907
studio	19	652164	90.0933
stuff	19	652183	90.096
tegenwoordig	19	652202	90.0986
terugbellen	19	652221	90.1012
thx	19	652240	90.1038
uitleggen	19	652259	90.1065
ve	19	652278	90.1091
vergaderen	19	652297	90.1117
verrassen	19	652316	90.1143
verschil	19	652335	90.117
verslag	19	652354	90.1196
vnj	19	652373	90.1222
worries	19	652392	90.1248
xxxkk	19	652411	90.1275
zottegem	19	652430	90.1301
zwanger	19	652449	90.1327
écht	19	652468	90.1353
013	18	652486	90.1378
29	18	652504	90.1403
60	18	652522	90.1428
As	18	652540	90.1453
Bram	18	652558	90.1478
Enjoy	18	652576	90.1502
Ff	18	652594	90.1527
Got	18	652612	90.1552
Lennart	18	652630	90.1577
Linda	18	652648	90.1602
O	18	652666	90.1627
Oki	18	652684	90.1652
Persoon	18	652702	90.1677
That	18	652720	90.1701
Willem	18	652738	90.1726
Would	18	652756	90.1751
achteraan	18	652774	90.1776
achteraf	18	652792	90.1801
afsluiten	18	652810	90.1826
akkoord	18	652828	90.1851
allerlei	18	652846	90.1875
amsterdam	18	652864	90.19
app	18	652882	90.1925
balkon	18	652900	90.195
bewaren	18	652918	90.1975
bloem	18	652936	90.2
bos	18	652954	90.2025
breda	18	652972	90.205
didn't	18	652990	90.2074
dju	18	653008	90.2099
drinks	18	653026	90.2124
ela	18	653044	90.2149
ernaar	18	653062	90.2174
eur	18	653080	90.2199
gezelligheid	18	653098	90.2224
gezond	18	653116	90.2248
goe	18	653134	90.2273
héél	18	653152	90.2298
jee	18	653170	90.2323
joehoe	18	653188	90.2348
jurk	18	653206	90.2373
keb	18	653224	90.2398
kelder	18	653242	90.2423
koelkast	18	653260	90.2447
laatst	18	653278	90.2472
langzaam	18	653296	90.2497
lasagne	18	653314	90.2522
lid	18	653332	90.2547
long	18	653350	90.2572
motor	18	653368	90.2597
nú	18	653386	90.2621
okido	18	653404	90.2646
politie	18	653422	90.2671
rechtstreeks	18	653440	90.2696
reizen	18	653458	90.2721
roepen	18	653476	90.2746
roeselare	18	653494	90.2771
scherm	18	653512	90.2796
schijf	18	653530	90.282
schitteren	18	653548	90.2845
scoren	18	653566	90.287
sint	18	653584	90.2895
slim	18	653602	90.292
slot	18	653620	90.2945
statistiek	18	653638	90.297
storten	18	653656	90.2994
teken	18	653674	90.3019
text	18	653692	90.3044
traag	18	653710	90.3069
trug	18	653728	90.3094
tyd	18	653746	90.3119
uitstellen	18	653764	90.3144
verzetten	18	653782	90.3168
vree	18	653800	90.3193
vrolijk	18	653818	90.3218
vrydag	18	653836	90.3243
war	18	653854	90.3268
wc	18	653872	90.3293
wilde	18	653890	90.3318
zat	18	653908	90.3343
zoenen	18	653926	90.3367
zomaar	18	653944	90.3392
zu	18	653962	90.3417
zwaaien	18	653980	90.3442
...!	17	653997	90.3466
Aalst	17	654014	90.3489
Alexander	17	654031	90.3512
It's	17	654048	90.3536
Its	17	654065	90.3559
Marco	17	654082	90.3583
Marleen	17	654099	90.3606
Neenee	17	654116	90.363
New	17	654133	90.3653
aandoen	17	654150	90.3677
afhankelijk	17	654167	90.37
also	17	654184	90.3724
beest	17	654201	90.3747
before	17	654218	90.3771
beu	17	654235	90.3794
bloed	17	654252	90.3818
boel	17	654269	90.3841
chill	17	654286	90.3865
cola	17	654303	90.3888
dragen	17	654320	90.3912
ernstig	17	654337	90.3935
extreem	17	654354	90.3959
finale	17	654371	90.3982
fitness	17	654388	90.4006
gelegenheid	17	654405	90.4029
getting	17	654422	90.4053
hallo	17	654439	90.4076
hartstikke	17	654456	90.41
hour	17	654473	90.4123
huilen	17	654490	90.4147
ikea	17	654507	90.417
its	17	654524	90.4194
jaloers	17	654541	90.4217
joker	17	654558	90.4241
kampterrein	17	654575	90.4264
kdacht	17	654592	90.4287
keelpijn	17	654609	90.4311
kei	17	654626	90.4334
kennis	17	654643	90.4358
kik	17	654660	90.4381
knallen	17	654677	90.4405
kusjes	17	654694	90.4428
kzie	17	654711	90.4452
kzou	17	654728	90.4475
leen	17	654745	90.4499
lievio	17	654762	90.4522
little	17	654779	90.4546
maja	17	654796	90.4569
mozzarella	17	654813	90.4593
nadat	17	654830	90.4616
nl.	17	654847	90.464
nonkel	17	654864	90.4663
oiden	17	654881	90.4687
onverwacht	17	654898	90.471
openen	17	654915	90.4734
opeten	17	654932	90.4757
opgeven	17	654949	90.4781
oplader	17	654966	90.4804
oplossing	17	654983	90.4828
oproep	17	655000	90.4851
other	17	655017	90.4875
phone	17	655034	90.4898
problem	17	655051	90.4922
scheetie	17	655068	90.4945
schilderen	17	655085	90.4969
simpel	17	655102	90.4992
skypen	17	655119	90.5015
sommig	17	655136	90.5039
stel	17	655153	90.5062
stof	17	655170	90.5086
storen	17	655187	90.5109
strak	17	655204	90.5133
suf	17	655221	90.5156
tandarts	17	655238	90.518
teleurstellen	17	655255	90.5203
terugreis	17	655272	90.5227
thanks	17	655289	90.525
toevoegen	17	655306	90.5274
trakteren	17	655323	90.5297
tralala	17	655340	90.5321
trui	17	655357	90.5344
vaag	17	655374	90.5368
verlangen	17	655391	90.5391
vermoeiend	17	655408	90.5415
verplaatsen	17	655425	90.5438
verzinnen	17	655442	90.5462
vies	17	655459	90.5485
vis	17	655476	90.5509
vloer	17	655493	90.5532
wegens	17	655510	90.5556
wenen	17	655527	90.5579
west	17	655544	90.5603
wrschlk	17	655561	90.5626
xxxxxx	17	655578	90.565
yup	17	655595	90.5673
zeuren	17	655612	90.5697
zingen	17	655629	90.572
zuster	17	655646	90.5744
à	17	655663	90.5767
2010	16	655679	90.5789
32	16	655695	90.5811
:d	16	655711	90.5833
AH	16	655727	90.5855
Allez	16	655743	90.5878
Do	16	655759	90.59
Eric	16	655775	90.5922
J	16	655791	90.5944
James	16	655807	90.5966
Johan	16	655823	90.5988
K	16	655839	90.601
Mail	16	655855	90.6032
Rutger	16	655871	90.6054
Sure	16	655887	90.6076
VCARD	16	655903	90.6099
Wilke	16	655919	90.6121
YES	16	655935	90.6143
^^	16	655951	90.6165
aanbieding	16	655967	90.6187
aannemen	16	655983	90.6209
afdrukken	16	655999	90.6231
alst	16	656015	90.6253
anything	16	656031	90.6275
arno	16	656047	90.6297
arrived	16	656063	90.632
binne	16	656079	90.6342
bit	16	656095	90.6364
bowling	16	656111	90.6386
camera	16	656127	90.6408
casino	16	656143	90.643
cent	16	656159	90.6452
contract	16	656175	90.6474
dinner	16	656191	90.6496
diploma	16	656207	90.6519
discussie	16	656223	90.6541
done	16	656239	90.6563
dvd	16	656255	90.6585
etc	16	656271	90.6607
fysio	16	656287	90.6629
geniaal	16	656303	90.6651
gewennen	16	656319	90.6673
gezicht	16	656335	90.6695
griep	16	656351	90.6717
hardlopen	16	656367	90.674
hy	16	656383	90.6762
irritant	16	656399	90.6784
jeroen	16	656415	90.6806
jippie	16	656431	90.6828
klok	16	656447	90.685
koers	16	656463	90.6872
koffer	16	656479	90.6894
kuss	16	656495	90.6916
leave	16	656511	90.6938
leaving	16	656527	90.6961
left	16	656543	90.6983
lelijk	16	656559	90.7005
mailbox	16	656575	90.7027
menno	16	656591	90.7049
mind	16	656607	90.7071
morning	16	656623	90.7093
nederland	16	656639	90.7115
noor	16	656655	90.7137
oef	16	656671	90.716
oesje	16	656687	90.7182
omhoog	16	656703	90.7204
opschieten	16	656719	90.7226
opsturen	16	656735	90.7248
pff	16	656751	90.727
plaat	16	656767	90.7292
praktisch	16	656783	90.7314
receptie	16	656799	90.7336
remke	16	656815	90.7358
resultaat	16	656831	90.7381
schattie	16	656847	90.7403
schoonmaken	16	656863	90.7425
schuld	16	656879	90.7447
score	16	656895	90.7469
slopen	16	656911	90.7491
smst	16	656927	90.7513
stand	16	656943	90.7535
stevig	16	656959	90.7557
tell	16	656975	90.7579
terugkomen	16	656991	90.7602
tessa	16	657007	90.7624
than	16	657023	90.7646
thing	16	657039	90.7668
town	16	657055	90.769
treffen	16	657071	90.7712
uitgaan	16	657087	90.7734
vandaan	16	657103	90.7756
verslapen	16	657119	90.7778
verzamelen	16	657135	90.7801
voldoend	16	657151	90.7823
vreselijk	16	657167	90.7845
vullen	16	657183	90.7867
vuur	16	657199	90.7889
ziten	16	657215	90.7911
zonnig	16	657231	90.7933
-1	15	657246	90.7954
Ajax	15	657261	90.7975
Anneleen	15	657276	90.7995
Antwerpen	15	657291	90.8016
Boedapest	15	657306	90.8037
Bon	15	657321	90.8057
Brussel	15	657336	90.8078
Enschede	15	657351	90.8099
Gwendoline	15	657366	90.812
Jaa	15	657381	90.814
Kitty	15	657396	90.8161
Leeds	15	657411	90.8182
Marcella	15	657426	90.8203
Martin	15	657441	90.8223
Michel	15	657456	90.8244
Moesjie	15	657471	90.8265
Slaapwel	15	657486	90.8285
Spanje	15	657501	90.8306
_	15	657516	90.8327
aanwezig	15	657531	90.8348
arnhem	15	657546	90.8368
badkamer	15	657561	90.8389
bedrijf	15	657576	90.841
beleid	15	657591	90.843
bevestigen	15	657606	90.8451
bezoeken	15	657621	90.8472
bezorgd	15	657636	90.8493
bril	15	657651	90.8513
brommer	15	657666	90.8534
cd	15	657681	90.8555
change	15	657696	90.8576
chip	15	657711	90.8596
close	15	657726	90.8617
daarop	15	657741	90.8638
daje	15	657756	90.8658
echter	15	657771	90.8679
energie	15	657786	90.87
etc.	15	657801	90.8721
eva	15	657816	90.8741
fam	15	657831	90.8762
first	15	657846	90.8783
five	15	657861	90.8803
formulier	15	657876	90.8824
fotos	15	657891	90.8845
gans	15	657906	90.8866
gebruik	15	657921	90.8886
geduld	15	657936	90.8907
goh	15	657951	90.8928
gonna	15	657966	90.8948
great	15	657981	90.8969
green	15	657996	90.899
grond	15	658011	90.9011
groningen	15	658026	90.9031
heftig	15	658041	90.9052
hoewel	15	658056	90.9073
indruk	15	658071	90.9094
inspreken	15	658086	90.9114
intussen	15	658101	90.9135
ipad	15	658116	90.9156
italiaans	15	658131	90.9176
januari	15	658146	90.9197
jerom	15	658161	90.9218
karlientje	15	658176	90.9239
kermis	15	658191	90.9259
kijkavond	15	658206	90.928
kloot	15	658221	90.9301
korting	15	658236	90.9321
krat	15	658251	90.9342
kwestie	15	658266	90.9363
lamp	15	658281	90.9384
letterlijk	15	658296	90.9404
life	15	658311	90.9425
link	15	658326	90.9446
liter	15	658341	90.9467
lokaal	15	658356	90.9487
maag	15	658371	90.9508
map	15	658386	90.9529
master	15	658401	90.9549
matras	15	658416	90.957
metro	15	658431	90.9591
minke	15	658446	90.9612
mo	15	658461	90.9632
nouja	15	658476	90.9653
nuchter	15	658491	90.9674
ontdekken	15	658506	90.9694
operatie	15	658521	90.9715
overlijden	15	658536	90.9736
pagina	15	658551	90.9757
plein	15	658566	90.9777
poster	15	658581	90.9798
pub	15	658596	90.9819
pukkelpop	15	658611	90.984
radio	15	658626	90.986
relaxen	15	658641	90.9881
rit	15	658656	90.9902
road	15	658671	90.9922
route	15	658686	90.9943
ruiken	15	658701	90.9964
salade	15	658716	90.9985
say	15	658731	91.0005
server	15	658746	91.0026
smaak	15	658761	91.0047
snor	15	658776	91.0067
tobeke	15	658791	91.0088
toets	15	658806	91.0109
trouwen	15	658821	91.013
twintig	15	658836	91.015
two	15	658851	91.0171
uitlopen	15	658866	91.0192
verdieping	15	658881	91.0213
verhuizing	15	658896	91.0233
verplichten	15	658911	91.0254
vervangen	15	658926	91.0275
verwennen	15	658941	91.0295
volhouden	15	658956	91.0316
voorspellen	15	658971	91.0337
voorzien	15	658986	91.0358
vriendelijk	15	659001	91.0378
wachtwoord	15	659016	91.0399
weltrusten	15	659031	91.042
y	15	659046	91.044
zen	15	659061	91.0461
zittn	15	659076	91.0482
zoon	15	659091	91.0503
zwembad	15	659106	91.0523
zó	15	659121	91.0544
1230	14	659135	91.0563
39	14	659149	91.0583
70	14	659163	91.0602
90	14	659177	91.0621
:-S	14	659191	91.0641
At	14	659205	91.066
Budapest	14	659219	91.0679
Call	14	659233	91.0699
Chill	14	659247	91.0718
Could	14	659261	91.0737
Duitsland	14	659275	91.0757
Es	14	659289	91.0776
Jah	14	659303	91.0795
Lieveke	14	659317	91.0815
Liset	14	659331	91.0834
Londen	14	659345	91.0854
London	14	659359	91.0873
Louis	14	659373	91.0892
Maastricht	14	659387	91.0912
Marianne	14	659401	91.0931
Menno	14	659415	91.095
Mika	14	659429	91.097
Oeh	14	659443	91.0989
Orphée	14	659457	91.1008
Robin	14	659471	91.1028
Rotterdam	14	659485	91.1047
Tijl	14	659499	91.1066
True	14	659513	91.1086
U	14	659527	91.1105
Xxxxx	14	659541	91.1124
aansluiten	14	659555	91.1144
absoluut	14	659569	91.1163
actie	14	659583	91.1182
afscheid	14	659597	91.1202
afwassen	14	659611	91.1221
amper	14	659625	91.124
antwerpen	14	659639	91.126
aug	14	659653	91.1279
bagage	14	659667	91.1298
bday	14	659681	91.1318
belachelijk	14	659695	91.1337
beslissen	14	659709	91.1356
blad	14	659723	91.1376
bouwen	14	659737	91.1395
box	14	659751	91.1414
btw.	14	659765	91.1434
burger	14	659779	91.1453
burgerwolf	14	659793	91.1472
charlotte	14	659807	91.1492
daarvan	14	659821	91.1511
data	14	659835	91.153
david	14	659849	91.155
dec	14	659863	91.1569
desnoods	14	659877	91.1588
diner	14	659891	91.1608
dinsdagavond	14	659905	91.1627
doing	14	659919	91.1646
drink	14	659933	91.1666
end	14	659947	91.1685
enigszins	14	659961	91.1704
erdoor	14	659975	91.1724
evt.	14	659989	91.1743
fluiten	14	660003	91.1763
frank	14	660017	91.1782
frankrijk	14	660031	91.1801
frans	14	660045	91.1821
free	14	660059	91.184
fuck	14	660073	91.1859
gade	14	660087	91.1879
game	14	660101	91.1898
garage	14	660115	91.1917
gp	14	660129	91.1937
guus	14	660143	91.1956
guy	14	660157	91.1975
hahahaha	14	660171	91.1995
hawai	14	660185	91.2014
hectisch	14	660199	91.2033
heeeel	14	660213	91.2053
held	14	660227	91.2072
inhalen	14	660241	91.2091
installeren	14	660255	91.2111
instant	14	660269	91.213
joo	14	660283	91.2149
jouw	14	660297	91.2169
keihard	14	660311	91.2188
konijn	14	660325	91.2207
kopie	14	660339	91.2227
kou	14	660353	91.2246
kunde	14	660367	91.2265
lader	14	660381	91.2285
lap	14	660395	91.2304
laus	14	660409	91.2323
lossen	14	660423	91.2343
materiaal	14	660437	91.2362
matig	14	660451	91.2381
monday	14	660465	91.2401
naartoe	14	660479	91.242
neef	14	660493	91.2439
neer	14	660507	91.2459
nieuwsgierig	14	660521	91.2478
nuttig	14	660535	91.2497
oeh	14	660549	91.2517
opweg	14	660563	91.2536
paraplu	14	660577	91.2555
pat	14	660591	91.2575
paul	14	660605	91.2594
persoonlijk	14	660619	91.2613
philip	14	660633	91.2633
pittig	14	660647	91.2652
plakken	14	660661	91.2672
practicum	14	660675	91.2691
present	14	660689	91.271
proper	14	660703	91.273
ring	14	660717	91.2749
rusten	14	660731	91.2768
schade	14	660745	91.2788
sein	14	660759	91.2807
seks	14	660773	91.2826
slagroom	14	660787	91.2846
slechts	14	660801	91.2865
snoezepoes	14	660815	91.2884
spontaan	14	660829	91.2904
stinken	14	660843	91.2923
tgaat	14	660857	91.2942
toer	14	660871	91.2962
twaalf	14	660885	91.2981
ub	14	660899	91.3
uitleg	14	660913	91.302
valies	14	660927	91.3039
vant	14	660941	91.3058
vanuit	14	660955	91.3078
verkouden	14	660969	91.3097
vermoedelijk	14	660983	91.3116
vervolgens	14	660997	91.3136
verwerken	14	661011	91.3155
vogel	14	661025	91.3174
waarvan	14	661039	91.3194
werkze	14	661053	91.3213
whoehoe	14	661067	91.3232
wifi	14	661081	91.3252
wijf	14	661095	91.3271
wild	14	661109	91.329
woe	14	661123	91.331
wè	14	661137	91.3329
yesterday	14	661151	91.3348
zuipen	14	661165	91.3368
èn	14	661179	91.3387
é	14	661193	91.3406
1000	13	661206	91.3424
27	13	661219	91.3442
54	13	661232	91.346
:-s	13	661245	91.3478
:|	13	661258	91.3496
;))	13	661271	91.3514
Afh	13	661284	91.3532
Aida	13	661297	91.355
Albert	13	661310	91.3568
Der	13	661323	91.3586
Dries	13	661336	91.3604
Eva	13	661349	91.3622
Frans	13	661362	91.364
Gizmo	13	661375	91.3658
Harm	13	661388	91.3676
Hilde	13	661401	91.3694
Hoop	13	661414	91.3712
II	13	661427	91.373
Ikea	13	661440	91.3748
Ill	13	661453	91.3766
Janneke	13	661466	91.3784
Joe	13	661479	91.3802
Kzou	13	661492	91.3819
Lien	13	661505	91.3837
Mar	13	661518	91.3855
Michiel	13	661531	91.3873
Morrisons	13	661544	91.3891
NYC	13	661557	91.3909
Patrick	13	661570	91.3927
Stefan	13	661583	91.3945
Thanx	13	661596	91.3963
Thx	13	661609	91.3981
Walter	13	661622	91.3999
Was	13	661635	91.4017
Why	13	661648	91.4035
Wss	13	661661	91.4053
XXXXXXXXXXXXXXXXXXXXXXXX	13	661674	91.4071
Xoxo	13	661687	91.4089
afwerken	13	661700	91.4107
algemeen	13	661713	91.4125
alleszins	13	661726	91.4143
almost	13	661739	91.4161
begrijpelijk	13	661752	91.4179
behoefte	13	661765	91.4197
berg	13	661778	91.4215
bestand	13	661791	91.4233
better	13	661804	91.4251
bezorgen	13	661817	91.4268
busy	13	661830	91.4286
chick	13	661843	91.4304
city	13	661856	91.4322
colruyt	13	661869	91.434
crashen	13	661882	91.4358
daardoor	13	661895	91.4376
definitief	13	661908	91.4394
delven	13	661921	91.4412
document	13	661934	91.443
doodmoe	13	661947	91.4448
doorheen	13	661960	91.4466
doorwerken	13	661973	91.4484
dut	13	661986	91.4502
e-mail	13	661999	91.452
enjoy	13	662012	91.4538
enthousiast	13	662025	91.4556
feit	13	662038	91.4574
ffe	13	662051	91.4592
fixen	13	662064	91.461
food	13	662077	91.4628
forum	13	662090	91.4646
gaat	13	662103	91.4664
geel	13	662116	91.4682
gelden	13	662129	91.4699
geldig	13	662142	91.4717
gerief	13	662155	91.4735
google	13	662168	91.4753
happening	13	662181	91.4771
hebbn	13	662194	91.4789
herhaling	13	662207	91.4807
herkennen	13	662220	91.4825
hoeist	13	662233	91.4843
hout	13	662246	91.4861
idem	13	662259	91.4879
informeren	13	662272	91.4897
interview	13	662285	91.4915
inzetten	13	662298	91.4933
jo	13	662311	91.4951
joe	13	662324	91.4969
joyce	13	662337	91.4987
keurig	13	662350	91.5005
knie	13	662363	91.5023
knop	13	662376	91.5041
koes	13	662389	91.5059
koop	13	662402	91.5077
kuisen	13	662415	91.5095
kunn	13	662428	91.5113
kvrees	13	662441	91.513
kwaad	13	662454	91.5148
langsgaan	13	662467	91.5166
lek	13	662480	91.5184
lieffie	13	662493	91.5202
meeeten	13	662506	91.522
mega	13	662519	91.5238
movie	13	662532	91.5256
mumbai	13	662545	91.5274
nederlands	13	662558	91.5292
nek	13	662571	91.531
noteren	13	662584	91.5328
omda	13	662597	91.5346
onweer	13	662610	91.5364
opleiding	13	662623	91.5382
pad	13	662636	91.54
pakket	13	662649	91.5418
patat	13	662662	91.5436
pil	13	662675	91.5454
plezant	13	662688	91.5472
productief	13	662701	91.549
pubquiz	13	662714	91.5508
puzzel	13	662727	91.5526
quite	13	662740	91.5544
refter	13	662753	91.5562
robberen	13	662766	91.5579
rooster	13	662779	91.5597
royal	13	662792	91.5615
ruzie	13	662805	91.5633
schaatsen	13	662818	91.5651
schema	13	662831	91.5669
schoonheid	13	662844	91.5687
skat	13	662857	91.5705
skattie	13	662870	91.5723
stan	13	662883	91.5741
storing	13	662896	91.5759
supermarkt	13	662909	91.5777
tel	13	662922	91.5795
tijdelijk	13	662935	91.5813
times	13	662948	91.5831
tje	13	662961	91.5849
tomaat	13	662974	91.5867
trillen	13	662987	91.5885
twitter	13	663000	91.5903
type	13	663013	91.5921
typisch	13	663026	91.5939
utca	13	663039	91.5957
val	13	663052	91.5975
veg	13	663065	91.5993
veld	13	663078	91.601
verbeteren	13	663091	91.6028
verschrikkelijk	13	663104	91.6046
verstaan	13	663117	91.6064
vervoer	13	663130	91.6082
vliegveld	13	663143	91.61
voeren	13	663156	91.6118
volop	13	663169	91.6136
voordeur	13	663182	91.6154
vuurwerk	13	663195	91.6172
wegbrengen	13	663208	91.619
wind	13	663221	91.6208
wisselen	13	663234	91.6226
worry	13	663247	91.6244
ww	13	663260	91.6262
yow	13	663273	91.628
zalm	13	663286	91.6298
zooo	13	663299	91.6316
zwolle	13	663312	91.6334
zyt	13	663325	91.6352
..?	12	663337	91.6368
05	12	663349	91.6385
2,5	12	663361	91.6401
36	12	663373	91.6418
44	12	663385	91.6435
75	12	663397	91.6451
Ahh	12	663409	91.6468
BBQ	12	663421	91.6484
Breau	12	663433	91.6501
CS	12	663445	91.6517
Can	12	663457	91.6534
Daan	12	663469	91.6551
Done	12	663481	91.6567
FB	12	663493	91.6584
Going	12	663505	91.66
Hanne	12	663517	91.6617
Iris	12	663529	91.6634
Karel	12	663541	91.665
Karlien	12	663553	91.6667
Khad	12	663565	91.6683
Knuf	12	663577	91.67
Lynn	12	663589	91.6716
Mandy	12	663601	91.6733
Ni	12	663613	91.675
Ow	12	663625	91.6766
PS	12	663637	91.6783
Pango	12	663649	91.6799
Proficiat	12	663661	91.6816
René	12	663673	91.6832
Sjors	12	663685	91.6849
That's	12	663697	91.6866
Then	12	663709	91.6882
Xje	12	663721	91.6899
afstand	12	663733	91.6915
alsjeblieft	12	663745	91.6932
always	12	663757	91.6948
ask	12	663769	91.6965
badmintonnen	12	663781	91.6982
bakker	12	663793	91.6998
beurt	12	663805	91.7015
bieden	12	663817	91.7031
big	12	663829	91.7048
bios	12	663841	91.7065
bizar	12	663853	91.7081
blik	12	663865	91.7098
boom	12	663877	91.7114
boot	12	663889	91.7131
borrelen	12	663901	91.7147
branden	12	663913	91.7164
bro	12	663925	91.7181
chil	12	663937	91.7197
congé	12	663949	91.7214
cul	12	663961	91.723
daarheen	12	663973	91.7247
damn	12	663985	91.7263
delen	12	663997	91.728
doodop	12	664009	91.7297
doormailen	12	664021	91.7313
duits	12	664033	91.733
eenzaam	12	664045	91.7346
ellende	12	664057	91.7363
felicitatie	12	664069	91.7379
fine	12	664081	91.7396
flauw	12	664093	91.7413
folder	12	664105	91.7429
front	12	664117	91.7446
gefixt	12	664129	91.7462
gezelschap	12	664141	91.7479
glas	12	664153	91.7496
goedkeuren	12	664165	91.7512
goedzo	12	664177	91.7529
halverwege	12	664189	91.7545
hartendief	12	664201	91.7562
having	12	664213	91.7578
hear	12	664225	91.7595
helder	12	664237	91.7612
heus	12	664249	91.7628
his	12	664261	91.7645
homie	12	664273	91.7661
kampioen	12	664285	91.7678
kantine	12	664297	91.7694
karliensong	12	664309	91.7711
kging	12	664321	91.7728
komn	12	664333	91.7744
kortom	12	664345	91.7761
kring	12	664357	91.7777
kunne	12	664369	91.7794
kvertrek	12	664381	91.7811
kwaliteit	12	664393	91.7827
let	12	664405	91.7844
lichaam	12	664417	91.786
maai	12	664429	91.7877
mgl	12	664441	91.7893
monifa	12	664453	91.791
munt	12	664465	91.7927
negeren	12	664477	91.7943
olga	12	664489	91.796
onhandig	12	664501	91.7976
oooh	12	664513	91.7993
opletten	12	664525	91.8009
own	12	664537	91.8026
pannenkoek	12	664549	91.8043
perron	12	664561	91.8059
photo	12	664573	91.8076
pick	12	664585	91.8092
piefje	12	664597	91.8109
plans	12	664609	91.8125
prob	12	664621	91.8142
rekeningnummer	12	664633	91.8159
relatie	12	664645	91.8175
rijk	12	664657	91.8192
rot	12	664669	91.8208
ruit	12	664681	91.8225
ruud	12	664693	91.8242
samenvatting	12	664705	91.8258
savonds	12	664717	91.8275
seg	12	664729	91.8291
sept	12	664741	91.8308
sfeer	12	664753	91.8324
show	12	664765	91.8341
situatie	12	664777	91.8358
sjiek	12	664789	91.8374
soepel	12	664801	91.8391
spass	12	664813	91.8407
specifiek	12	664825	91.8424
stam	12	664837	91.844
strx	12	664849	91.8457
superleuk	12	664861	91.8474
tanken	12	664873	91.849
tegelijk	12	664885	91.8507
tegenaan	12	664897	91.8523
terrein	12	664909	91.854
them	12	664921	91.8556
toernooi	12	664933	91.8573
uitbreiden	12	664945	91.859
uitvallen	12	664957	91.8606
universiteit	12	664969	91.8623
vacature	12	664981	91.8639
verder	12	664993	91.8656
vergissen	12	665005	91.8673
verlaten	12	665017	91.8689
villa	12	665029	91.8706
vn	12	665041	91.8722
voort	12	665053	91.8739
waardoor	12	665065	91.8755
waarop	12	665077	91.8772
wandeling	12	665089	91.8789
ward	12	665101	91.8805
werkgroep	12	665113	91.8822
wok	12	665125	91.8838
xtase	12	665137	91.8855
zenuwachtig	12	665149	91.8871
zondagmiddag	12	665161	91.8888
zoo	12	665173	91.8905
!!!!!	11	665184	91.892
--	11	665195	91.8935
09	11	665206	91.895
150	11	665217	91.8965
2de	11	665228	91.8981
300	11	665239	91.8996
500	11	665250	91.9011
55	11	665261	91.9026
86	11	665272	91.9041
Any	11	665283	91.9057
Auke	11	665294	91.9072
Awesome	11	665305	91.9087
Bas	11	665316	91.9102
Berlijn	11	665327	91.9117
Bordeaux	11	665338	91.9133
Bregje	11	665349	91.9148
Feel	11	665360	91.9163
Go	11	665371	91.9178
Jiha	11	665382	91.9193
Kzal	11	665393	91.9209
Marcel	11	665404	91.9224
Margreet	11	665415	91.9239
Meet	11	665426	91.9254
Nele	11	665437	91.9269
PHOTO	11	665448	91.9285
PREF	11	665459	91.93
Roel	11	665470	91.9315
Roen	11	665481	91.933
Ruby	11	665492	91.9345
S	11	665503	91.936
St	11	665514	91.9376
Steve	11	665525	91.9391
Wendy	11	665536	91.9406
Werkze	11	665547	91.9421
Wiebe	11	665558	91.9436
York	11	665569	91.9452
aandacht	11	665580	91.9467
aansluiting	11	665591	91.9482
aantrekkelijk	11	665602	91.9497
advies	11	665613	91.9512
allez	11	665624	91.9528
allé	11	665635	91.9543
alternatief	11	665646	91.9558
altyd	11	665657	91.9573
alzek	11	665668	91.9588
arriveren	11	665679	91.9604
automatisch	11	665690	91.9619
awesome	11	665701	91.9634
barbecue	11	665712	91.9649
bedoeld	11	665723	91.9664
beer	11	665734	91.968
belgie	11	665745	91.9695
benauwd	11	665756	91.971
blokken	11	665767	91.9725
blykbaar	11	665778	91.974
boe	11	665789	91.9756
boer	11	665800	91.9771
bovendien	11	665811	91.9786
buggenhout	11	665822	91.9801
called	11	665833	91.9816
carnavallen	11	665844	91.9832
d'n	11	665855	91.9847
dalijk	11	665866	91.9862
dankzij	11	665877	91.9877
dans	11	665888	91.9892
doorrijden	11	665899	91.9908
droomzacht	11	665910	91.9923
drunk	11	665921	91.9938
duts	11	665932	91.9953
early	11	665943	91.9968
eat	11	665954	91.9984
eergisteren	11	665965	91.9999
ej	11	665976	92.0014
emma	11	665987	92.0029
eric	11	665998	92.0044
erover	11	666009	92.006
essay	11	666020	92.0075
februari	11	666031	92.009
feeling	11	666042	92.0105
find	11	666053	92.012
fitnessen	11	666064	92.0135
formule	11	666075	92.0151
frederik	11	666086	92.0166
fucking	11	666097	92.0181
gaadet	11	666108	92.0196
gaar	11	666119	92.0211
gate	11	666130	92.0227
geheugen	11	666141	92.0242
genk	11	666152	92.0257
gevoelen	11	666163	92.0272
gigantisch	11	666174	92.0287
godverdomme	11	666185	92.0303
goedmaken	11	666196	92.0318
gr.	11	666207	92.0333
groeien	11	666218	92.0348
herstellen	11	666229	92.0363
hilarisch	11	666240	92.0379
hoelang	11	666251	92.0394
house	11	666262	92.0409
huur	11	666273	92.0424
ill	11	666284	92.0439
inschrijving	11	666295	92.0455
invite	11	666306	92.047
ish	11	666317	92.0485
jiha	11	666328	92.05
joh.	11	666339	92.0515
kabel	11	666350	92.0531
kbc	11	666361	92.0546
keel	11	666372	92.0561
keep	11	666383	92.0576
klaarmaken	11	666394	92.0591
klaas	11	666405	92.0607
koel	11	666416	92.0622
kortrijk	11	666427	92.0637
kwist	11	666438	92.0652
laura	11	666449	92.0667
living	11	666460	92.0683
look	11	666471	92.0698
maaltijd	11	666482	92.0713
maarja	11	666493	92.0728
mazzel	11	666504	92.0743
meegeven	11	666515	92.0759
mephisto	11	666526	92.0774
merelbeke	11	666537	92.0789
message	11	666548	92.0804
mevrouw	11	666559	92.0819
mms	11	666570	92.0835
moed	11	666581	92.085
mogelijkheid	11	666592	92.0865
mol	11	666603	92.088
morgn	11	666614	92.0895
museum	11	666625	92.091
naart	11	666636	92.0926
nauwelijks	11	666647	92.0941
nest	11	666658	92.0956
niels	11	666669	92.0971
noh	11	666680	92.0986
nood	11	666691	92.1002
ofwa	11	666702	92.1017
omkleden	11	666713	92.1032
only	11	666724	92.1047
opening	11	666735	92.1062
opladen	11	666746	92.1078
opstellen	11	666757	92.1093
overwegen	11	666768	92.1108
panini	11	666779	92.1123
paracetamol	11	666790	92.1138
part	11	666801	92.1154
paspoort	11	666812	92.1169
pass	11	666823	92.1184
pp	11	666834	92.1199
recept	11	666845	92.1214
roddel	11	666856	92.123
roen	11	666867	92.1245
romantisch	11	666878	92.126
room	11	666889	92.1275
run	11	666900	92.129
schoonouder	11	666911	92.1306
seppe	11	666922	92.1321
side	11	666933	92.1336
snoep	11	666944	92.1351
spanje	11	666955	92.1366
subiet	11	666966	92.1382
sunday	11	666977	92.1397
superlief	11	666988	92.1412
superveel	11	666999	92.1427
systeem	11	667010	92.1442
tamusement	11	667021	92.1458
technisch	11	667032	92.1473
toet	11	667043	92.1488
trouw	11	667054	92.1503
tussendoor	11	667065	92.1518
uiterlijk	11	667076	92.1534
vat	11	667087	92.1549
verdwijnen	11	667098	92.1564
verkoudheid	11	667109	92.1579
verschillend	11	667120	92.1594
vest	11	667131	92.161
vinger	11	667142	92.1625
vlug	11	667153	92.164
vrijdagmiddag	11	667164	92.1655
waaien	11	667175	92.167
waarmee	11	667186	92.1685
waarover	11	667197	92.1701
wagen	11	667208	92.1716
what's	11	667219	92.1731
why	11	667230	92.1746
winst	11	667241	92.1761
woensdagavond	11	667252	92.1777
zicht	11	667263	92.1792
zuigen	11	667274	92.1807
zuur	11	667285	92.1822
$	10	667295	92.1836
108	10	667305	92.185
38	10	667315	92.1864
59	10	667325	92.1878
:))	10	667335	92.1891
<naam>	10	667345	92.1905
Alex	10	667355	92.1919
Anna	10	667365	92.1933
Be	10	667375	92.1947
Charlotte	10	667385	92.196
Chinees	10	667395	92.1974
Dirk	10	667405	92.1988
Els	10	667415	92.2002
Engels	10	667425	92.2016
Etten	10	667435	92.2029
FZ	10	667445	92.2043
Gezondheidseconomie	10	667455	92.2057
Gijs	10	667465	92.2071
Hanneke	10	667475	92.2085
Harry	10	667485	92.2099
Hediye	10	667495	92.2112
Heijn	10	667505	92.2126
Hela	10	667515	92.214
Hvj	10	667525	92.2154
Hèhè	10	667535	92.2168
Ingrid	10	667545	92.2181
Keb	10	667555	92.2195
Keep	10	667565	92.2209
Kissies	10	667575	92.2223
Leiden	10	667585	92.2237
Lenny	10	667595	92.225
Mignon	10	667605	92.2264
Mike	10	667615	92.2278
Milou	10	667625	92.2292
Mn	10	667635	92.2306
NY	10	667645	92.232
Next	10	667655	92.2333
Okidoki	10	667665	92.2347
Oost	10	667675	92.2361
Oss	10	667685	92.2375
Prof.	10	667695	92.2389
R	10	667705	92.2402
Rudy	10	667715	92.2416
Saturday	10	667725	92.243
Sjarlot	10	667735	92.2444
Sven	10	667745	92.2458
Sytske	10	667755	92.2472
Take	10	667765	92.2485
Think	10	667775	92.2499
Tomorrow	10	667785	92.2513
Too	10	667795	92.2527
Tots	10	667805	92.2541
Vera	10	667815	92.2554
Wens	10	667825	92.2568
Werk	10	667835	92.2582
Whats	10	667845	92.2596
Wim	10	667855	92.261
Wnn	10	667865	92.2623
Wolf	10	667875	92.2637
Zoja	10	667885	92.2651
a.s.	10	667895	92.2665
aangenaam	10	667905	92.2679
aangeven	10	667915	92.2693
aankomst	10	667925	92.2706
aardappel	10	667935	92.272
able	10	667945	92.2734
accu	10	667955	92.2748
actually	10	667965	92.2762
afgeven	10	667975	92.2775
afronden	10	667985	92.2789
ajax	10	667995	92.2803
alcohol	10	668005	92.2817
allang	10	668015	92.2831
appel	10	668025	92.2845
ardennen	10	668035	92.2858
arrive	10	668045	92.2872
babysitten	10	668055	92.2886
banaan	10	668065	92.29
bekomen	10	668075	92.2914
belgisch	10	668085	92.2927
belln	10	668095	92.2941
bepaald	10	668105	92.2955
bessie	10	668115	92.2969
bijten	10	668125	92.2983
bijv	10	668135	92.2996
brak	10	668145	92.301
bram	10	668155	92.3024
btje	10	668165	92.3038
buurman	10	668175	92.3052
buy	10	668185	92.3066
byna	10	668195	92.3079
care	10	668205	92.3093
champagne	10	668215	92.3107
check	10	668225	92.3121
collegas	10	668235	92.3135
combi	10	668245	92.3148
congres	10	668255	92.3162
coupe	10	668265	92.3176
died	10	668275	92.319
diederik	10	668285	92.3204
diep	10	668295	92.3218
diepvries	10	668305	92.3231
do.	10	668315	92.3245
dochter	10	668325	92.3259
dropbox	10	668335	92.3273
duizend	10	668345	92.3287
earlier	10	668355	92.33
eeuw	10	668365	92.3314
eeuwig	10	668375	92.3328
etten-leur	10	668385	92.3342
exam	10	668395	92.3356
far	10	668405	92.3369
fatsoenlijk	10	668415	92.3383
fier	10	668425	92.3397
forward	10	668435	92.3411
fre	10	668445	92.3425
fzo	10	668455	92.3439
gemeen	10	668465	92.3452
gezondheid	10	668475	92.3466
goedkomen	10	668485	92.348
gras	10	668495	92.3494
grof	10	668505	92.3508
hihihi	10	668515	92.3521
hoihoi	10	668525	92.3535
honderd	10	668535	92.3549
hoofdstuk	10	668545	92.3563
hours	10	668555	92.3577
huisfeest	10	668565	92.3591
idioot	10	668575	92.3604
iet	10	668585	92.3618
inchecken	10	668595	92.3632
inhouden	10	668605	92.3646
internetverbinding	10	668615	92.366
inzien	10	668625	92.3673
irish	10	668635	92.3687
jatten	10	668645	92.3701
jorn	10	668655	92.3715
kampkrant	10	668665	92.3729
kick	10	668675	92.3742
klant	10	668685	92.3756
knappen	10	668695	92.377
kusjee	10	668705	92.3784
kvind	10	668715	92.3798
later	10	668725	92.3812
least	10	668735	92.3825
liefie	10	668745	92.3839
liset	10	668755	92.3853
loe	10	668765	92.3867
londen	10	668775	92.3881
lotte	10	668785	92.3894
lowlands	10	668795	92.3908
lul	10	668805	92.3922
maandagochtend	10	668815	92.3936
meileken	10	668825	92.395
mensa	10	668835	92.3963
might	10	668845	92.3977
mine	10	668855	92.3991
mini	10	668865	92.4005
mja	10	668875	92.4019
moek	10	668885	92.4033
moen	10	668895	92.4046
muffin	10	668905	92.406
muh	10	668915	92.4074
near	10	668925	92.4088
ner	10	668935	92.4102
nipt	10	668945	92.4115
nochtans	10	668955	92.4129
nodigen	10	668965	92.4143
normaalgezien	10	668975	92.4157
oeioei	10	668985	92.4171
offline	10	668995	92.4185
oid	10	669005	92.4198
onbekend	10	669015	92.4212
ongemak	10	669025	92.4226
onnozel	10	669035	92.424
oproep(en)	10	669045	92.4254
organiseren	10	669055	92.4267
ov	10	669065	92.4281
overnemen	10	669075	92.4295
overschrijven	10	669085	92.4309
p.	10	669095	92.4323
paard	10	669105	92.4336
pampel	10	669115	92.435
perhaps	10	669125	92.4364
pretty	10	669135	92.4378
principe	10	669145	92.4392
pro	10	669155	92.4406
reservesleutel	10	669165	92.4419
rich	10	669175	92.4433
rol	10	669185	92.4447
ronde	10	669195	92.4461
rondleiding	10	669205	92.4475
rugzak	10	669215	92.4488
ruil	10	669225	92.4502
schattig	10	669235	92.4516
schee	10	669245	92.453
schoot	10	669255	92.4544
schrik	10	669265	92.4558
scout	10	669275	92.4571
send	10	669285	92.4585
sexy	10	669295	92.4599
shinen	10	669305	92.4613
six	10	669315	92.4627
slaapkamer	10	669325	92.464
slaapzak	10	669335	92.4654
smaken	10	669345	92.4668
sneeuwen	10	669355	92.4682
sollicitatiegesprek	10	669365	92.4696
souvenir	10	669375	92.4709
spijt	10	669385	92.4723
spotten	10	669395	92.4737
stapel	10	669405	92.4751
sten	10	669415	92.4765
stoptrein	10	669425	92.4779
strelen	10	669435	92.4792
suggestie	10	669445	92.4806
supergoed	10	669455	92.482
supermooi	10	669465	92.4834
tand	10	669475	92.4848
th	10	669485	92.4861
thema	10	669495	92.4875
thinking	10	669505	92.4889
ti	10	669515	92.4903
tiramisu	10	669525	92.4917
traan	10	669535	92.4931
trompetter	10	669545	92.4944
troosten	10	669555	92.4958
tss	10	669565	92.4972
tv.	10	669575	92.4986
twijfel	10	669585	92.5
uitdaging	10	669595	92.5013
uitzetten	10	669605	92.5027
uvt	10	669615	92.5041
vanalles	10	669625	92.5055
vanzelf	10	669635	92.5069
vechten	10	669645	92.5082
verdenken	10	669655	92.5096
verpesten	10	669665	92.511
vertragen	10	669675	92.5124
vitamine	10	669685	92.5138
voldoen	10	669695	92.5152
voordeel	10	669705	92.5165
voortaan	10	669715	92.5179
vreete	10	669725	92.5193
waarsch	10	669735	92.5207
wanna	10	669745	92.5221
wegen	10	669755	92.5234
werkcollege	10	669765	92.5248
who	10	669775	92.5262
wnn	10	669785	92.5276
woohoow	10	669795	92.529
yeah	10	669805	92.5304
zeilen	10	669815	92.5317
zichzelf	10	669825	92.5331
zooi	10	669835	92.5345
zulln	10	669845	92.5359
zweden	10	669855	92.5373
'k	9	669864	92.5385
.!	9	669873	92.5397
105	9	669882	92.541
198	9	669891	92.5422
48	9	669900	92.5435
58	9	669909	92.5447
64	9	669918	92.546
66	9	669927	92.5472
76	9	669936	92.5484
900	9	669945	92.5497
:-|	9	669954	92.5509
<NAAM>	9	669963	92.5522
Anneke	9	669972	92.5534
Anneloes	9	669981	92.5547
Argh	9	669990	92.5559
Club	9	669999	92.5572
Costa	9	670008	92.5584
Deal	9	670017	92.5596
Did	9	670026	92.5609
Efteling	9	670035	92.5621
Ehv	9	670044	92.5634
El	9	670053	92.5646
Elisa	9	670062	92.5659
Ellen	9	670071	92.5671
Engeland	9	670080	92.5683
Esther	9	670089	92.5696
Evertslaan	9	670098	92.5708
Haay	9	670107	92.5721
Hello	9	670116	92.5733
Holland	9	670125	92.5746
Ich	9	670134	92.5758
Idd	9	670143	92.577
Kandinsky	9	670152	92.5783
Kei	9	670161	92.5795
Klaas	9	670170	92.5808
Kortrijk	9	670179	92.582
La	9	670188	92.5833
Leen	9	670197	92.5845
Lies	9	670206	92.5857
Lotte	9	670215	92.587
Lucas	9	670224	92.5882
Marlies	9	670233	92.5895
Moi	9	670242	92.5907
Naja	9	670251	92.592
Natasha	9	670260	92.5932
Nick	9	670269	92.5944
Niels	9	670278	92.5957
Nothing	9	670287	92.5969
Olaf	9	670296	92.5982
Oslo	9	670305	92.5994
Party	9	670314	92.6007
Pffff	9	670323	92.6019
Refter	9	670332	92.6032
Roos	9	670341	92.6044
Ruben	9	670350	92.6056
San	9	670359	92.6069
Sanne	9	670368	92.6081
Saskia	9	670377	92.6094
Sounds	9	670386	92.6106
Tessa	9	670395	92.6119
They	9	670404	92.6131
V	9	670413	92.6143
Valerie	9	670422	92.6156
Wanna	9	670431	92.6168
Wenen	9	670440	92.6181
Were	9	670449	92.6193
Werner	9	670458	92.6206
West	9	670467	92.6218
Who	9	670476	92.623
Wo	9	670485	92.6243
XD	9	670494	92.6255
Yilmaz	9	670503	92.6268
Ziezo	9	670512	92.628
aanbieden	9	670521	92.6293
aanraden	9	670530	92.6305
aantrekken	9	670539	92.6317
aanwezigheid	9	670548	92.633
aardbei	9	670557	92.6342
achterlaten	9	670566	92.6355
achterlijk	9	670575	92.6367
address	9	670584	92.638
afgelasten	9	670593	92.6392
afschaffen	9	670602	92.6405
ahja	9	670611	92.6417
allee	9	670620	92.6429
any	9	670629	92.6442
av	9	670638	92.6454
bas	9	670647	92.6467
beantwoorden	9	670656	92.6479
beleven	9	670665	92.6492
bevestiging	9	670674	92.6504
blue	9	670683	92.6516
bluh	9	670692	92.6529
blyven	9	670701	92.6541
boarden	9	670710	92.6554
bob	9	670719	92.6566
breed	9	670728	92.6579
budapest	9	670737	92.6591
bui	9	670746	92.6603
buikpijn	9	670755	92.6616
can't	9	670764	92.6628
ce	9	670773	92.6641
chance	9	670782	92.6653
chatten	9	670791	92.6666
chembur	9	670800	92.6678
clubavond	9	670809	92.669
combineren	9	670818	92.6703
compenseren	9	670827	92.6715
controleren	9	670836	92.6728
corner	9	670845	92.674
db	9	670854	92.6753
des	9	670863	92.6765
deventer	9	670872	92.6778
didnt	9	670881	92.679
dierenarts	9	670890	92.6802
dn	9	670899	92.6815
dodo	9	670908	92.6827
doel	9	670917	92.684
dollar	9	670926	92.6852
dorp	9	670935	92.6865
dude	9	670944	92.6877
duiken	9	670953	92.6889
dun	9	670962	92.6902
eed	9	670971	92.6914
eej	9	670980	92.6927
eenmaal	9	670989	92.6939
eiland	9	670998	92.6952
el	9	671007	92.6964
ervaring	9	671016	92.6976
es	9	671025	92.6989
feb	9	671034	92.7001
feestdag	9	671043	92.7014
filmen	9	671052	92.7026
forgot	9	671061	92.7039
fotograferen	9	671070	92.7051
fulltime	9	671079	92.7063
gas	9	671088	92.7076
geheim	9	671097	92.7088
gg	9	671106	92.7101
gok	9	671115	92.7113
grens	9	671124	92.7126
grr	9	671133	92.7138
guitar	9	671142	92.7151
hal	9	671151	92.7163
harry	9	671160	92.7175
heer	9	671169	92.7188
hippie	9	671178	92.72
holland	9	671187	92.7213
housewarming	9	671196	92.7225
hr	9	671205	92.7238
huren	9	671214	92.725
idea	9	671223	92.7262
informatie	9	671232	92.7275
inloggen	9	671241	92.7287
instelling	9	671250	92.73
intercity	9	671259	92.7312
interesseren	9	671268	92.7325
intern	9	671277	92.7337
internationaal	9	671286	92.7349
intro	9	671295	92.7362
isda	9	671304	92.7374
jasper	9	671313	92.7387
jenever	9	671322	92.7399
jet	9	671331	92.7412
jr	9	671340	92.7424
kaars	9	671349	92.7436
kalm	9	671358	92.7449
kassa	9	671367	92.7461
keus	9	671376	92.7474
klaat	9	671385	92.7486
kmag	9	671394	92.7499
koning	9	671403	92.7511
kopiëren	9	671412	92.7523
korenmarkt	9	671421	92.7536
kris	9	671430	92.7548
kunal	9	671439	92.7561
kvond	9	671448	92.7573
laf	9	671457	92.7586
le	9	671466	92.7598
lebber	9	671475	92.7611
ledeberg	9	671484	92.7623
leeftijd	9	671493	92.7635
lekkah	9	671502	92.7648
lijk	9	671511	92.766
lokeren	9	671520	92.7673
lood	9	671529	92.7685
maal	9	671538	92.7698
mac	9	671547	92.771
mailadres	9	671556	92.7722
main	9	671565	92.7735
marktplaats	9	671574	92.7747
medicijn	9	671583	92.776
meekrijgen	9	671592	92.7772
mercikes	9	671601	92.7785
moete	9	671610	92.7797
morge	9	671619	92.7809
moto	9	671628	92.7822
mottig	9	671637	92.7834
muts	9	671646	92.7847
nah	9	671655	92.7859
neje	9	671664	92.7872
nimr	9	671673	92.7884
nix	9	671682	92.7896
nov	9	671691	92.7909
oa	9	671700	92.7921
old	9	671709	92.7934
ome	9	671718	92.7946
ongelooflijk	9	671727	92.7959
oom	9	671736	92.7971
oost	9	671745	92.7984
opschrijven	9	671754	92.7996
opwarmen	9	671763	92.8008
oranje	9	671772	92.8021
origineel	9	671781	92.8033
ouderwets	9	671790	92.8046
overslapen	9	671799	92.8058
pan	9	671808	92.8071
parkeerplaats	9	671817	92.8083
pech	9	671826	92.8095
plegen	9	671835	92.8108
ploeg	9	671844	92.812
poekie	9	671853	92.8133
pokeren	9	671862	92.8145
polé	9	671871	92.8158
prikken	9	671880	92.817
proclamatie	9	671889	92.8182
proeven	9	671898	92.8195
puik	9	671907	92.8207
q	9	671916	92.822
race	9	671925	92.8232
relatief	9	671934	92.8245
repareren	9	671943	92.8257
same	9	671952	92.8269
sara	9	671961	92.8282
scheuren	9	671970	92.8294
schiphol	9	671979	92.8307
schuiven	9	671988	92.8319
sec	9	671997	92.8332
seconde	9	672006	92.8344
she	9	672015	92.8357
shop	9	672024	92.8369
sir	9	672033	92.8381
slap	9	672042	92.8394
smeren	9	672051	92.8406
snelheid	9	672060	92.8419
speciaalbier	9	672069	92.8431
spoed	9	672078	92.8444
stalken	9	672087	92.8456
steek	9	672096	92.8468
stef	9	672105	92.8481
stefan	9	672114	92.8493
ster	9	672123	92.8506
storm	9	672132	92.8518
straf	9	672141	92.8531
streep	9	672150	92.8543
strijken	9	672159	92.8555
stuur	9	672168	92.8568
sushi	9	672177	92.858
sybo	9	672186	92.8593
sziget	9	672195	92.8605
t-shirt	9	672204	92.8618
taak	9	672213	92.863
talking	9	672222	92.8642
tb	9	672231	92.8655
telefoonnummer	9	672240	92.8667
thursday	9	672249	92.868
tijdstip	9	672258	92.8692
tijger	9	672267	92.8705
tnx	9	672276	92.8717
toall	9	672285	92.873
tocht	9	672294	92.8742
toilet	9	672303	92.8754
tour	9	672312	92.8767
trefpunt	9	672321	92.8779
true	9	672330	92.8792
tt	9	672339	92.8804
twente	9	672348	92.8817
u-half	9	672357	92.8829
uitkijken	9	672366	92.8841
uitverkopen	9	672375	92.8854
uploaden	9	672384	92.8866
vangen	9	672393	92.8879
verstand	9	672402	92.8891
verwijderen	9	672411	92.8904
voorstelling	9	672420	92.8916
vorm	9	672429	92.8928
vriezer	9	672438	92.8941
vuil	9	672447	92.8953
waiting	9	672456	92.8966
whether	9	672465	92.8978
wijzen	9	672474	92.8991
wijzigen	9	672483	92.9003
without	9	672492	92.9015
worst	9	672501	92.9028
wy	9	672510	92.904
york	9	672519	92.9053
zagen	9	672528	92.9065
zenuw	9	672537	92.9078
zeun	9	672546	92.909
zowaar	9	672555	92.9102
zowel	9	672564	92.9115
zsm	9	672573	92.9127
óók	9	672582	92.914
..!	8	672590	92.9151
00	8	672598	92.9162
04	8	672606	92.9173
1500	8	672614	92.9184
18:00	8	672622	92.9195
387	8	672630	92.9206
41	8	672638	92.9217
56	8	672646	92.9228
85	8	672654	92.9239
;D	8	672662	92.925
<NAME>	8	672670	92.9261
<URL>	8	672678	92.9272
Already	8	672686	92.9283
Also	8	672694	92.9295
Annelieke	8	672702	92.9306
Annemarie	8	672710	92.9317
Anouk	8	672718	92.9328
Anything	8	672726	92.9339
Arjan	8	672734	92.935
Brabant	8	672742	92.9361
CELL	8	672750	92.9372
College	8	672758	92.9383
Davy	8	672766	92.9394
Day	8	672774	92.9405
Edwin	8	672782	92.9416
Evelien	8	672790	92.9427
Floor	8	672798	92.9438
Florence	8	672806	92.9449
Frankrijk	8	672814	92.946
GO	8	672822	92.9471
Get	8	672830	92.9482
Grtz	8	672838	92.9493
HK	8	672846	92.9505
Hema	8	672854	92.9516
Herman	8	672862	92.9527
Home	8	672870	92.9538
In	8	672878	92.9549
Inge	8	672886	92.956
Italië	8	672894	92.9571
JJ	8	672902	92.9582
Jezus	8	672910	92.9593
Korvelseweg	8	672918	92.9604
Kzie	8	672926	92.9615
L.	8	672934	92.9626
LL	8	672942	92.9637
Lena	8	672950	92.9648
Maeike	8	672958	92.9659
Maja	8	672966	92.967
Marnix	8	672974	92.9681
McGraard	8	672982	92.9692
Michael	8	672990	92.9703
Might	8	672998	92.9714
NAME	8	673006	92.9726
Nmgn	8	673014	92.9737
Oooh	8	673022	92.9748
Paulus	8	673030	92.9759
Please	8	673038	92.977
Praag	8	673046	92.9781
Ramon	8	673054	92.9792
Robbert	8	673062	92.9803
Sander	8	673070	92.9814
Sarah	8	673078	92.9825
Schiphol	8	673086	92.9836
Should	8	673094	92.9847
Simon	8	673102	92.9858
Sinterklaas	8	673110	92.9869
Sofie	8	673118	92.988
St.	8	673126	92.9891
Stefanie	8	673134	92.9902
TEL	8	673142	92.9913
Tell	8	673150	92.9924
Thijs	8	673158	92.9936
Tomas	8	673166	92.9947
Toon	8	673174	92.9958
Tri	8	673182	92.9969
Tss	8	673190	92.998
VERSION	8	673198	92.9991
Vermaak	8	673206	93.0002
Vr	8	673214	93.0013
Waalwijk	8	673222	93.0024
Yay	8	673230	93.0035
Yvonne	8	673238	93.0046
Zeeland	8	673246	93.0057
Zweden	8	673254	93.0068
^	8	673262	93.0079
aanbellen	8	673270	93.009
aanpassing	8	673278	93.0101
abseilen	8	673286	93.0112
achternaam	8	673294	93.0123
actief	8	673302	93.0134
afhaker	8	673310	93.0145
aftellen	8	673318	93.0157
ai	8	673326	93.0168
airco	8	673334	93.0179
along	8	673342	93.019
apparaat	8	673350	93.0201
avontuur	8	673358	93.0212
away	8	673366	93.0223
battle	8	673374	93.0234
baudelo	8	673382	93.0245
because	8	673390	93.0256
begeleider	8	673398	93.0267
begrafenis	8	673406	93.0278
belkrediet	8	673414	93.0289
bennek	8	673422	93.03
beperken	8	673430	93.0311
berging	8	673438	93.0322
bespreking	8	673446	93.0333
beweging	8	673454	93.0344
bezwaar	8	673462	93.0355
bijpraten	8	673470	93.0367
blond	8	673478	93.0378
bodem	8	673486	93.0389
boekhouden	8	673494	93.04
bom	8	673502	93.0411
break	8	673510	93.0422
brechtje	8	673518	93.0433
bring	8	673526	93.0444
brunch	8	673534	93.0455
buis	8	673542	93.0466
buitenland	8	673550	93.0477
bv	8	673558	93.0488
car	8	673566	93.0499
cc	8	673574	93.051
cell	8	673582	93.0521
chat	8	673590	93.0532
claire	8	673598	93.0543
clock	8	673606	93.0554
commentaar	8	673614	93.0565
commissie	8	673622	93.0577
communicatie	8	673630	93.0588
concentreren	8	673638	93.0599
crisis	8	673646	93.061
curry	8	673654	93.0621
daarstraks	8	673662	93.0632
dankuwel	8	673670	93.0643
delhaize	8	673678	93.0654
dessert	8	673686	93.0665
directie	8	673694	93.0676
doc	8	673702	93.0687
doordat	8	673710	93.0698
duimen	8	673718	93.0709
duwen	8	673726	93.072
east	8	673734	93.0731
eb	8	673742	93.0742
eigl	8	673750	93.0753
else	8	673758	93.0764
emmer	8	673766	93.0775
enal	8	673774	93.0786
envelop	8	673782	93.0798
enz.	8	673790	93.0809
factuur	8	673798	93.082
fail	8	673806	93.0831
fan	8	673814	93.0842
few	8	673822	93.0853
fifa	8	673830	93.0864
foon	8	673838	93.0875
france	8	673846	93.0886
friends	8	673854	93.0897
fruit	8	673862	93.0908
fruitig	8	673870	93.0919
gaak	8	673878	93.093
gay	8	673886	93.0941
geheel	8	673894	93.0952
geil	8	673902	93.0963
geren	8	673910	93.0974
gevaarlijk	8	673918	93.0985
girls	8	673926	93.0996
god	8	673934	93.1008
goeste	8	673942	93.1019
gordijn	8	673950	93.103
groente	8	673958	93.1041
grrr	8	673966	93.1052
grtjs	8	673974	93.1063
halte	8	673982	93.1074
heard	8	673990	93.1085
heet	8	673998	93.1096
hi	8	674006	93.1107
hip	8	674014	93.1118
hmmmm	8	674022	93.1129
hobbelen	8	674030	93.114
hogeschool	8	674038	93.1151
homo	8	674046	93.1162
honey	8	674054	93.1173
hoor	8	674062	93.1184
hotmail	8	674070	93.1195
huid	8	674078	93.1206
huisbaas	8	674086	93.1218
huisnummer	8	674094	93.1229
hup	8	674102	93.124
incl	8	674110	93.1251
intensief	8	674118	93.1262
jaaaaa	8	674126	93.1273
jaarwisseling	8	674134	93.1284
janne	8	674142	93.1295
jeetsel	8	674150	93.1306
joepie	8	674158	93.1317
joost	8	674166	93.1328
kader	8	674174	93.1339
kapoen	8	674182	93.135
katinka	8	674190	93.1361
klagen	8	674198	93.1372
knaap	8	674206	93.1383
koedie	8	674214	93.1394
kont	8	674222	93.1405
koppijn	8	674230	93.1416
kraan	8	674238	93.1427
krediet	8	674246	93.1439
kvondet	8	674254	93.145
laden	8	674262	93.1461
lama	8	674270	93.1472
late	8	674278	93.1483
latertje	8	674286	93.1494
lazy	8	674294	93.1505
leiden	8	674302	93.1516
leiding	8	674310	93.1527
lentekriebel	8	674318	93.1538
lijf	8	674326	93.1549
looking	8	674334	93.156
louis	8	674342	93.1571
luchthaven	8	674350	93.1582
maandagmiddag	8	674358	93.1593
made	8	674366	93.1604
maj	8	674374	93.1615
makelaar	8	674382	93.1626
management	8	674390	93.1637
marathon	8	674398	93.1649
maybe	8	674406	93.166
meerder	8	674414	93.1671
mening	8	674422	93.1682
mentor	8	674430	93.1693
moederdag	8	674438	93.1704
mond	8	674446	93.1715
mossel	8	674454	93.1726
mwah	8	674462	93.1737
mzzl	8	674470	93.1748
nachtrust	8	674478	93.1759
neel	8	674486	93.177
negatief	8	674494	93.1781
neger	8	674502	93.1792
nekeer	8	674510	93.1803
neuken	8	674518	93.1814
never	8	674526	93.1825
nml	8	674534	93.1836
nope	8	674542	93.1847
nóg	8	674550	93.1858
och	8	674558	93.187
okt	8	674566	93.1881
onduidelijk	8	674574	93.1892
ontsteking	8	674582	93.1903
oorzaak	8	674590	93.1914
openbaar	8	674598	93.1925
opgelucht	8	674606	93.1936
ophangen	8	674614	93.1947
ophouden	8	674622	93.1958
opmaken	8	674630	93.1969
opmerking	8	674638	93.198
opzet	8	674646	93.1991
organisatie	8	674654	93.2002
orphée	8	674662	93.2013
outside	8	674670	93.2024
overkomen	8	674678	93.2035
overstap	8	674686	93.2046
owkeej	8	674694	93.2057
paal	8	674702	93.2068
paella	8	674710	93.208
parkeerkaart	8	674718	93.2091
parking	8	674726	93.2102
partner	8	674734	93.2113
pasen	8	674742	93.2124
peinzen	8	674750	93.2135
piano	8	674758	93.2146
pieters	8	674766	93.2157
pijnlijk	8	674774	93.2168
pilzen	8	674782	93.2179
plastic	8	674790	93.219
powernap	8	674798	93.2201
prihima	8	674806	93.2212
programmeren	8	674814	93.2223
queen	8	674822	93.2234
ready	8	674830	93.2245
rechtenkantine	8	674838	93.2256
remember	8	674846	93.2267
rinkelen	8	674854	93.2278
ruimte	8	674862	93.229
safe	8	674870	93.2301
sangria	8	674878	93.2312
sanne	8	674886	93.2323
second	8	674894	93.2334
selecteren	8	674902	93.2345
service	8	674910	93.2356
sinterklaas	8	674918	93.2367
skippen	8	674926	93.2378
slaapzacht	8	674934	93.2389
som	8	674942	93.24
spanning	8	674950	93.2411
spiegel	8	674958	93.2422
spierpijn	8	674966	93.2433
spinazie	8	674974	93.2444
stay	8	674982	93.2455
stefanie	8	674990	93.2466
stekker	8	674998	93.2477
stelen	8	675006	93.2488
sterven	8	675014	93.2499
stop	8	675022	93.2511
stressen	8	675030	93.2522
superdruk	8	675038	93.2533
surfen	8	675046	93.2544
sweet	8	675054	93.2555
t.	8	675062	93.2566
taai	8	675070	93.2577
takraad	8	675078	93.2588
talk	8	675086	93.2599
tank	8	675094	93.261
tegemoet	8	675102	93.2621
terugvinden	8	675110	93.2632
tie	8	675118	93.2643
tired	8	675126	93.2654
titel	8	675134	93.2665
toestand	8	675142	93.2676
toestel	8	675150	93.2687
told	8	675158	93.2698
trailer	8	675166	93.2709
trouwdag	8	675174	93.2721
ui	8	675182	93.2732
uitgang	8	675190	93.2743
uitlenen	8	675198	93.2754
uitstekend	8	675206	93.2765
uitzicht	8	675214	93.2776
uitzien	8	675222	93.2787
uk	8	675230	93.2798
un	8	675238	93.2809
und	8	675246	93.282
uniform	8	675254	93.2831
valerie	8	675262	93.2842
vanav	8	675270	93.2853
vegetarisch	8	675278	93.2864
ven	8	675286	93.2875
verdedigen	8	675294	93.2886
verlang	8	675302	93.2897
verstoppen	8	675310	93.2908
verzoek	8	675318	93.2919
video	8	675326	93.2931
vooraf	8	675334	93.2942
voorhand	8	675342	93.2953
voorzitter	8	675350	93.2964
waarde	8	675358	93.2975
waardeloos	8	675366	93.2986
waarderen	8	675374	93.2997
weeral	8	675382	93.3008
werkos	8	675390	93.3019
winkelen	8	675398	93.303
won't	8	675406	93.3041
wreed	8	675414	93.3052
wtf	8	675422	93.3063
wéér	8	675430	93.3074
year	8	675438	93.3085
youtube	8	675446	93.3096
z	8	675454	93.3107
zakken	8	675462	93.3118
zaterdagochtend	8	675470	93.3129
zonet	8	675478	93.314
zowiezo	8	675486	93.3152
zozo	8	675494	93.3163
zulk	8	675502	93.3174
zweet	8	675510	93.3185
.?	7	675517	93.3194
127	7	675524	93.3204
18:30	7	675531	93.3214
1ste	7	675538	93.3223
2006	7	675545	93.3233
33	7	675552	93.3243
49	7	675559	93.3252
79	7	675566	93.3262
96	7	675573	93.3272
?!?	7	675580	93.3281
Abir	7	675587	93.3291
Ahn	7	675594	93.3301
Ale	7	675601	93.331
Amersfoort	7	675608	93.332
Apple	7	675615	93.333
Arjen	7	675622	93.3339
Bacchus	7	675629	93.3349
Balkan	7	675636	93.3359
Bbq	7	675643	93.3368
Big	7	675650	93.3378
Café	7	675657	93.3388
Chick	7	675664	93.3397
Cleo	7	675671	93.3407
Delhaize	7	675678	93.3417
Deventer	7	675685	93.3426
Don	7	675692	93.3436
Dutch	7	675699	93.3446
E.	7	675706	93.3455
EJ	7	675713	93.3465
Eddy	7	675720	93.3475
Erwin	7	675727	93.3484
Ey	7	675734	93.3494
Famke	7	675741	93.3504
Floris	7	675748	93.3513
France	7	675755	93.3523
GGZ	7	675762	93.3533
Gerard	7	675769	93.3542
Harco	7	675776	93.3552
Hihihi	7	675783	93.3562
Hoelaat	7	675790	93.3571
Iva	7	675797	93.3581
Jap	7	675804	93.3591
Jess	7	675811	93.3601
Johannes	7	675818	93.361
Jokio	7	675825	93.362
José	7	675832	93.363
Kristin	7	675839	93.3639
Kusss	7	675846	93.3649
Las	7	675853	93.3659
Lemme	7	675860	93.3668
Lieven	7	675867	93.3678
Madrid	7	675874	93.3688
Margriet	7	675881	93.3697
Matt	7	675888	93.3707
Medisoc	7	675895	93.3717
Meileken	7	675902	93.3726
Mezz	7	675909	93.3736
Moss	7	675916	93.3746
Nighty	7	675923	93.3755
OK	7	675930	93.3765
Ohhhh	7	675937	93.3775
Parijs	7	675944	93.3784
Pat	7	675951	93.3794
Porto	7	675958	93.3804
Rem	7	675965	93.3813
Ryan	7	675972	93.3823
Schoemakerstraat	7	675979	93.3833
Simone	7	675986	93.3842
Teun	7	675993	93.3852
Thank	7	676000	93.3862
This	7	676007	93.3871
Tine	7	676014	93.3881
Tsss	7	676021	93.3891
USB	7	676028	93.39
Und	7	676035	93.391
Wer	7	676042	93.392
What's	7	676049	93.3929
Wilma	7	676056	93.3939
Wognum	7	676063	93.3949
Zeb	7	676070	93.3958
ZzZ	7	676077	93.3968
aai	7	676084	93.3978
aalst	7	676091	93.3987
aanbevelen	7	676098	93.3997
aanvragen	7	676105	93.4007
abend	7	676112	93.4016
achterop	7	676119	93.4026
adam	7	676126	93.4036
adem	7	676133	93.4045
administratie	7	676140	93.4055
afdeling	7	676147	93.4065
afleggen	7	676154	93.4074
afschuwelijk	7	676161	93.4084
ahnee	7	676168	93.4094
alhoewel	7	676175	93.4103
alive	7	676182	93.4113
anderlecht	7	676189	93.4123
annelien	7	676196	93.4132
annoying	7	676203	93.4142
antibioticum	7	676210	93.4152
anyway	7	676217	93.4161
apartment	7	676224	93.4171
apotheek	7	676231	93.4181
arbeid	7	676238	93.419
augurk	7	676245	93.42
automaat	7	676252	93.421
avondeten	7	676259	93.4219
baarddag	7	676266	93.4229
babysit	7	676273	93.4239
barcelona	7	676280	93.4248
bbqen	7	676287	93.4258
bedrag	7	676294	93.4268
belasting	7	676301	93.4277
belgië	7	676308	93.4287
besteden	7	676315	93.4297
bestemming	7	676322	93.4306
bestival	7	676329	93.4316
bestuur	7	676336	93.4326
beveiliging	7	676343	93.4335
bewust	7	676350	93.4345
bidden	7	676357	93.4355
bien	7	676364	93.4364
bijeenkomst	7	676371	93.4374
bijkletsen	7	676378	93.4384
binn	7	676385	93.4393
binnensteken	7	676392	93.4403
blackboard	7	676399	93.4413
bloot	7	676406	93.4422
bly	7	676413	93.4432
bod	7	676420	93.4442
boeg	7	676427	93.4451
book	7	676434	93.4461
bordspel	7	676441	93.4471
borne	7	676448	93.448
brug	7	676455	93.449
bundel	7	676462	93.45
bushalte	7	676469	93.451
bxl	7	676476	93.4519
came	7	676483	93.4529
cant	7	676490	93.4539
case	7	676497	93.4548
cat	7	676504	93.4558
cd's	7	676511	93.4568
chaos	7	676518	93.4577
chauffeur	7	676525	93.4587
cheap	7	676532	93.4597
cheers	7	676539	93.4606
christine	7	676546	93.4616
competitie	7	676553	93.4626
conclusie	7	676560	93.4635
concreet	7	676567	93.4645
conge	7	676574	93.4655
constant	7	676581	93.4664
costa	7	676588	93.4674
crash	7	676595	93.4684
crib	7	676602	93.4693
cute	7	676609	93.4703
cva	7	676616	93.4713
daarbij	7	676623	93.4722
daarnaast	7	676630	93.4732
dagen	7	676637	93.4742
daniel	7	676644	93.4751
dankbaar	7	676651	93.4761
defect	7	676658	93.4771
directeur	7	676665	93.478
dirkie	7	676672	93.479
docent	7	676679	93.48
does	7	676686	93.4809
doesnt	7	676693	93.4819
dromenland	7	676700	93.4829
drunen	7	676707	93.4838
duidelijkheid	7	676714	93.4848
duif	7	676721	93.4858
duitsland	7	676728	93.4867
dusja	7	676735	93.4877
dwaas	7	676742	93.4887
economie	7	676749	93.4896
ed	7	676756	93.4906
edward	7	676763	93.4916
eea	7	676770	93.4925
eight	7	676777	93.4935
eis	7	676784	93.4945
espresso	7	676791	93.4954
etiket	7	676798	93.4964
evelien	7	676805	93.4974
ever	7	676812	93.4983
everything	7	676819	93.4993
experiment	7	676826	93.5003
extern	7	676833	93.5012
feesten	7	676840	93.5022
finished	7	676847	93.5032
flexibel	7	676854	93.5041
flief	7	676861	93.5051
foei	7	676868	93.5061
forget	7	676875	93.507
found	7	676882	93.508
frigo	7	676889	93.509
gaje	7	676896	93.5099
gb	7	676903	93.5109
gekkenhuis	7	676910	93.5119
gents	7	676917	93.5128
geschikt	7	676924	93.5138
gevecht	7	676931	93.5148
gezin	7	676938	93.5157
graard	7	676945	93.5167
grieperig	7	676952	93.5177
grrrr	7	676959	93.5186
guess	7	676966	93.5196
haalbaar	7	676973	93.5206
haat	7	676980	93.5215
haken	7	676987	93.5225
halleej	7	676994	93.5235
handdoek	7	677001	93.5244
handleiding	7	677008	93.5254
hebbek	7	677015	93.5264
helaesch	7	677022	93.5273
hemel	7	677029	93.5283
hetgeen	7	677036	93.5293
heute	7	677043	93.5302
hiervan	7	677050	93.5312
ho	7	677057	93.5322
hobby	7	677064	93.5331
hoer	7	677071	93.5341
hoii	7	677078	93.5351
hope	7	677085	93.536
hot	7	677092	93.537
huiswerk	7	677099	93.538
inclusief	7	677106	93.5389
indian	7	677113	93.5399
ingaan	7	677120	93.5409
inside	7	677127	93.5418
into	7	677134	93.5428
jacobs	7	677141	93.5438
jaja	7	677148	93.5448
jazz	7	677155	93.5457
jeugd	7	677162	93.5467
jumbo	7	677169	93.5477
ka	7	677176	93.5486
kaar	7	677183	93.5496
kaka	7	677190	93.5506
kampvuur	7	677197	93.5515
kerstdag	7	677204	93.5525
kezour	7	677211	93.5535
kijkn	7	677218	93.5544
kim	7	677225	93.5554
kiss	7	677232	93.5564
klap	7	677239	93.5573
klassiek	7	677246	93.5583
kmoest	7	677253	93.5593
komde	7	677260	93.5602
krap	7	677267	93.5612
kutweer	7	677274	93.5622
landmark	7	677281	93.5631
leerling	7	677288	93.5641
lens	7	677295	93.5651
lente	7	677302	93.566
let's	7	677309	93.567
library	7	677316	93.568
light	7	677323	93.5689
lip	7	677330	93.5699
lullen	7	677337	93.5709
madam	7	677344	93.5718
magnetron	7	677351	93.5728
mand	7	677358	93.5738
maps	7	677365	93.5747
max.	7	677372	93.5757
mc	7	677379	93.5767
mean	7	677386	93.5776
mein	7	677393	93.5786
meisie	7	677400	93.5796
melding	7	677407	93.5805
middernacht	7	677414	93.5815
miet	7	677421	93.5825
miljoen	7	677428	93.5834
minute	7	677435	93.5844
minutes	7	677442	93.5854
misselijk	7	677449	93.5863
model	7	677456	93.5873
mood	7	677463	93.5883
morgennamiddag	7	677470	93.5892
motivatie	7	677477	93.5902
myself	7	677484	93.5912
naaien	7	677491	93.5921
natuur	7	677498	93.5931
nepal	7	677505	93.5941
neuh	7	677512	93.595
nick	7	677519	93.596
niemeer	7	677526	93.597
noggis	7	677533	93.5979
noord	7	677540	93.5989
okay	7	677547	93.5999
onderwerp	7	677554	93.6008
ong.	7	677561	93.6018
ongelofelijk	7	677568	93.6028
onmiddellijk	7	677575	93.6037
onmogelijk	7	677582	93.6047
ontvangst	7	677589	93.6057
onzin	7	677596	93.6066
oplopen	7	677603	93.6076
oppakken	7	677610	93.6086
opvallen	7	677617	93.6095
opvangen	7	677624	93.6105
otto	7	677631	93.6115
overgeven	7	677638	93.6124
overkant	7	677645	93.6134
overschot	7	677652	93.6144
overslaan	7	677659	93.6153
overtreffen	7	677666	93.6163
owk	7	677673	93.6173
parijs	7	677680	93.6182
penalty	7	677687	93.6192
penis	7	677694	93.6202
piekeren	7	677701	93.6211
piepen	7	677708	93.6221
piet	7	677715	93.6231
pitta	7	677722	93.624
plafond	7	677729	93.625
plak	7	677736	93.626
please	7	677743	93.6269
plotseling	7	677750	93.6279
poepen	7	677757	93.6289
poetsen	7	677764	93.6298
pop	7	677771	93.6308
populair	7	677778	93.6318
portefeuille	7	677785	93.6327
portemonnee	7	677792	93.6337
possible	7	677799	93.6347
posted	7	677806	93.6357
posten	7	677813	93.6366
praat	7	677820	93.6376
pret	7	677827	93.6386
printer	7	677834	93.6395
profiteren	7	677841	93.6405
psycholoog	7	677848	93.6415
puber	7	677855	93.6424
put	7	677862	93.6434
puur	7	677869	93.6444
r.	7	677876	93.6453
reach	7	677883	93.6463
real	7	677890	93.6473
realiseren	7	677897	93.6482
reeds	7	677904	93.6492
respect	7	677911	93.6502
resteren	7	677918	93.6511
resto	7	677925	93.6521
retard	7	677932	93.6531
reünie	7	677939	93.654
ringbaan	7	677946	93.655
rotterdam	7	677953	93.656
ruimen	7	677960	93.6569
salaris	7	677967	93.6579
sarah	7	677974	93.6589
schaap	7	677981	93.6598
scheveningen	7	677988	93.6608
schoonzus	7	677995	93.6618
schouwburg	7	678002	93.6627
sent	7	678009	93.6637
serie	7	678016	93.6647
sessie	7	678023	93.6656
seven	7	678030	93.6666
sick	7	678037	93.6676
sigaret	7	678044	93.6685
siri	7	678051	93.6695
slaapplaats	7	678058	93.6705
slaapspul	7	678065	93.6714
slightly	7	678072	93.6724
slimpie	7	678079	93.6734
soir	7	678086	93.6743
solar	7	678093	93.6753
sound	7	678100	93.6763
spa	7	678107	93.6772
spelletjesavond	7	678114	93.6782
squash	7	678121	93.6792
staal	7	678128	93.6801
stabiel	7	678135	93.6811
standaard	7	678142	93.6821
ste	7	678149	93.683
steun	7	678156	93.684
stick	7	678163	93.685
stijl	7	678170	93.6859
stoer	7	678177	93.6869
stout	7	678184	93.6879
strategie	7	678191	93.6888
sukkel	7	678198	93.6898
surprise	7	678205	93.6908
telefonisch	7	678212	93.6917
temperatuur	7	678219	93.6927
tempo	7	678226	93.6937
tennissen	7	678233	93.6946
termijn	7	678240	93.6956
tging	7	678247	93.6966
they	7	678254	93.6975
things	7	678261	93.6985
those	7	678268	93.6995
thought	7	678275	93.7004
through	7	678282	93.7014
thuisfront	7	678289	93.7024
thuiskomst	7	678296	93.7033
timing	7	678303	93.7043
tobe	7	678310	93.7053
toeval	7	678317	93.7062
tomtom	7	678324	93.7072
touchscreen	7	678331	93.7082
touw	7	678338	93.7091
traject	7	678345	93.7101
trek	7	678352	93.7111
troep	7	678359	93.712
tweeling	7	678366	93.713
uitgeven	7	678373	93.714
uitpakken	7	678380	93.7149
vake	7	678387	93.7159
vals	7	678394	93.7169
vanop	7	678401	93.7178
vatbaar	7	678408	93.7188
verandering	7	678415	93.7198
verbouwing	7	678422	93.7207
verbranden	7	678429	93.7217
verdorie	7	678436	93.7227
verdrinken	7	678443	93.7236
vermoeien	7	678450	93.7246
vervanger	7	678457	93.7256
vervelend	7	678464	93.7265
verveling	7	678471	93.7275
verwachting	7	678478	93.7285
verwittigen	7	678485	93.7295
verzekering	7	678492	93.7304
vh	7	678499	93.7314
visite	7	678506	93.7324
vlag	7	678513	93.7333
voedsel	7	678520	93.7343
voorkomen	7	678527	93.7353
voren	7	678534	93.7362
vraagteken	7	678541	93.7372
vvd	7	678548	93.7382
vóór	7	678555	93.7391
wanted	7	678562	93.7401
wasmachine	7	678569	93.7411
watching	7	678576	93.742
watje	7	678583	93.743
waw	7	678590	93.744
webstek	7	678597	93.7449
wederom	7	678604	93.7459
weird	7	678611	93.7469
weliswaar	7	678618	93.7478
werkelijk	7	678625	93.7488
werkweek	7	678632	93.7498
westen	7	678639	93.7507
which	7	678646	93.7517
while	7	678653	93.7527
wijk	7	678660	93.7536
wissen	7	678667	93.7546
wognum	7	678674	93.7556
woning	7	678681	93.7565
woonkamer	7	678688	93.7575
wraps	7	678695	93.7585
xXx	7	678702	93.7594
xbox	7	678709	93.7604
xkxkx	7	678716	93.7614
zekers	7	678723	93.7623
zondagochtend	7	678730	93.7633
zonnebril	7	678737	93.7643
zoooo	7	678744	93.7652
zuchten	7	678751	93.7662
zuiden	7	678758	93.7672
zumba	7	678765	93.7681
zweten	7	678772	93.7691
!!!!!!	6	678778	93.7699
-7	6	678784	93.7708
-8	6	678790	93.7716
01	6	678796	93.7724
02	6	678802	93.7732
12:00	6	678808	93.7741
140	6	678814	93.7749
15:00	6	678820	93.7757
19:00	6	678826	93.7766
2030	6	678832	93.7774
20:00	6	678838	93.7782
31616868581	6	678844	93.779
37	6	678850	93.7799
42	6	678856	93.7807
43	6	678862	93.7815
51	6	678868	93.7824
52	6	678874	93.7832
53	6	678880	93.784
65	6	678886	93.7848
72	6	678892	93.7857
:$	6	678898	93.7865
:-[	6	678904	93.7873
Aaahn	6	678910	93.7882
Ad	6	678916	93.789
Afrika	6	678922	93.7898
Ah	6	678928	93.7906
Ahja	6	678934	93.7915
Al	6	678940	93.7923
An	6	678946	93.7931
Aniek	6	678952	93.794
Anyway	6	678958	93.7948
Apeldoorn	6	678964	93.7956
BBC	6	678970	93.7965
Bandra	6	678976	93.7973
Belgie	6	678982	93.7981
Belle	6	678988	93.7989
Bol	6	678994	93.7998
Boris	6	679000	93.8006
Buggenhout	6	679006	93.8014
Bus	6	679012	93.8023
Ca	6	679018	93.8031
Carlijn	6	679024	93.8039
Chuck	6	679030	93.8047
Coming	6	679036	93.8056
DB	6	679042	93.8064
Dag	6	679048	93.8072
Danilo	6	679054	93.8081
Date	6	679060	93.8089
Didnt	6	679066	93.8097
Dorien	6	679072	93.8105
Ede	6	679078	93.8114
Eline	6	679084	93.8122
FN	6	679090	93.813
Fer	6	679096	93.8139
Feyenoord	6	679102	93.8147
For	6	679108	93.8155
Fred	6	679114	93.8163
Fucking	6	679120	93.8172
Fun	6	679126	93.818
GaGa	6	679132	93.8188
Girl	6	679138	93.8197
Horsforth	6	679144	93.8205
Hugo	6	679150	93.8213
Hyves	6	679156	93.8221
ING	6	679162	93.823
Jaaaah	6	679168	93.8238
Janne	6	679174	93.8246
Je	6	679180	93.8255
Jep	6	679186	93.8263
Jiska	6	679192	93.8271
John	6	679198	93.8279
Jorn	6	679204	93.8288
Kaatsheuvel	6	679210	93.8296
Karin	6	679216	93.8304
Keulen	6	679222	93.8313
Kussss	6	679228	93.8321
Leo	6	679234	93.8329
Linde	6	679240	93.8338
Ma	6	679246	93.8346
Markt	6	679252	93.8354
Miriam	6	679258	93.8362
Mitchauxke	6	679264	93.8371
Mjah	6	679270	93.8379
Mumbai	6	679276	93.8387
Need	6	679282	93.8396
Noorwegen	6	679288	93.8404
OV	6	679294	93.8412
Oei	6	679300	93.842
Oesje	6	679306	93.8429
Ole	6	679312	93.8437
One	6	679318	93.8445
Piet	6	679324	93.8454
Pils	6	679330	93.8462
Poeh	6	679336	93.847
Poppel	6	679342	93.8478
Rash	6	679348	93.8487
Red	6	679354	93.8495
Reni	6	679360	93.8503
Ringbaan	6	679366	93.8512
Seba	6	679372	93.852
Seppe	6	679378	93.8528
Shit	6	679384	93.8536
Skype	6	679390	93.8545
Sunday	6	679396	93.8553
Suus	6	679402	93.8561
Thats	6	679408	93.857
Thnx	6	679414	93.8578
Though	6	679420	93.8586
Tineke	6	679426	93.8594
Tjerk	6	679432	93.8603
To	6	679438	93.8611
Tsja	6	679444	93.8619
Uden	6	679450	93.8628
X.	6	679456	93.8636
Your	6	679462	93.8644
Zoetermeer	6	679468	93.8652
aangeschoten	6	679474	93.8661
aankleden	6	679480	93.8669
aanmelden	6	679486	93.8677
aanschuiven	6	679492	93.8686
aanstaan	6	679498	93.8694
aanvulling	6	679504	93.8702
aardbeving	6	679510	93.871
account	6	679516	93.8719
achten	6	679522	93.8727
achterin	6	679528	93.8735
activeren	6	679534	93.8744
advocaat	6	679540	93.8752
afbreken	6	679546	93.876
afgaan	6	679552	93.8769
afternoon	6	679558	93.8777
afterwards	6	679564	93.8785
afwezigheid	6	679570	93.8793
afzien	6	679576	93.8802
alarm	6	679582	93.881
album	6	679588	93.8818
aldi	6	679594	93.8827
alledrie	6	679600	93.8835
allerbest	6	679606	93.8843
alsk	6	679612	93.8851
ambetant	6	679618	93.886
amerikaanse	6	679624	93.8868
andersom	6	679630	93.8876
anish	6	679636	93.8885
anna	6	679642	93.8893
another	6	679648	93.8901
apparently	6	679654	93.8909
arrogant	6	679660	93.8918
aula	6	679666	93.8926
babies	6	679672	93.8934
backup	6	679678	93.8943
bb	6	679684	93.8951
beat	6	679690	93.8959
beautiful	6	679696	93.8967
bedragen	6	679702	93.8976
beetje	6	679708	93.8984
begeleiding	6	679714	93.8992
beloning	6	679720	93.9001
bereiden	6	679726	93.9009
berlijn	6	679732	93.9017
bes	6	679738	93.9025
beschadigen	6	679744	93.9034
beschikking	6	679750	93.9042
betaling	6	679756	93.905
biefstuk	6	679762	93.9059
bijdrage	6	679768	93.9067
bijlage	6	679774	93.9075
bijvoorbeeld	6	679780	93.9083
bikini	6	679786	93.9092
blaasontsteking	6	679792	93.91
black	6	679798	93.9108
blokkeren	6	679804	93.9117
boarding	6	679810	93.9125
body	6	679816	93.9133
bondstraat	6	679822	93.9142
boon	6	679828	93.915
boss	6	679834	93.9158
bot	6	679840	93.9166
boterhamworst	6	679846	93.9175
boxtel	6	679852	93.9183
boy	6	679858	93.9191
brandweer	6	679864	93.92
brecht	6	679870	93.9208
brok	6	679876	93.9216
brugpensioen	6	679882	93.9224
buikgriep	6	679888	93.9233
bulgarije	6	679894	93.9241
bummer	6	679900	93.9249
business	6	679906	93.9258
buurvrouw	6	679912	93.9266
chique	6	679918	93.9274
chocola	6	679924	93.9282
chocolade	6	679930	93.9291
chunkie	6	679936	93.9299
classic	6	679942	93.9307
combinatie	6	679948	93.9316
company	6	679954	93.9324
compliment	6	679960	93.9332
conferentie	6	679966	93.934
crap	6	679972	93.9349
crazy	6	679978	93.9357
croque	6	679984	93.9365
daaag	6	679990	93.9374
daaraan	6	679996	93.9382
daarin	6	680002	93.939
dance	6	680008	93.9398
danku	6	680014	93.9407
deken	6	680020	93.9415
dermee	6	680026	93.9423
dertig	6	680032	93.9432
deugd	6	680038	93.944
digitaal	6	680044	93.9448
dip	6	680050	93.9456
docu	6	680056	93.9465
doesn't	6	680062	93.9473
dond	6	680068	93.9481
doorbrengen	6	680074	93.949
doordeweeks	6	680080	93.9498
doorhebben	6	680086	93.9506
dr.	6	680092	93.9515
draak	6	680098	93.9523
droger	6	680104	93.9531
drop	6	680110	93.9539
dutten	6	680116	93.9548
duvel	6	680122	93.9556
ee	6	680128	93.9564
eem	6	680134	93.9573
eend	6	680140	93.9581
efteling	6	680146	93.9589
emailadres	6	680152	93.9597
entrance	6	680158	93.9606
erachter	6	680164	93.9614
erheen	6	680170	93.9622
ernaast	6	680176	93.9631
error	6	680182	93.9639
euri	6	680188	93.9647
eveline	6	680194	93.9655
extase	6	680200	93.9664
falen	6	680206	93.9672
feedback	6	680212	93.968
ferm	6	680218	93.9689
fietstocht	6	680224	93.9697
flow	6	680230	93.9705
fototoestel	6	680236	93.9713
french	6	680242	93.9722
fuif	6	680248	93.973
functie	6	680254	93.9738
gange	6	680260	93.9747
garnaal	6	680266	93.9755
gaslab	6	680272	93.9763
geboren	6	680278	93.9771
gedachte	6	680284	93.978
geubel	6	680290	93.9788
ginder	6	680296	93.9796
gitaar	6	680302	93.9805
give	6	680308	93.9813
glad	6	680314	93.9821
glazen	6	680320	93.9829
glijden	6	680326	93.9838
grijs	6	680332	93.9846
géén	6	680338	93.9854
hahah	6	680344	93.9863
hangover	6	680350	93.9871
hanzie	6	680356	93.9879
harmonie	6	680362	93.9887
helaasch	6	680368	93.9896
hell	6	680374	93.9904
hemd	6	680380	93.9912
herinnering	6	680386	93.9921
herkansing	6	680392	93.9929
herrie	6	680398	93.9937
hint	6	680404	93.9946
hmmmmmmmm	6	680410	93.9954
hockey	6	680416	93.9962
hockeyen	6	680422	93.997
hoofdingang	6	680428	93.9979
hooi	6	680434	93.9987
hopeloos	6	680440	93.9995
houdoe	6	680446	94.0004
hug	6	680452	94.0012
huidig	6	680458	94.002
huisarts	6	680464	94.0028
huissleutel	6	680470	94.0037
hypotheek	6	680476	94.0045
ij	6	680482	94.0053
immers	6	680488	94.0062
inception	6	680494	94.007
indeling	6	680500	94.0078
indrinken	6	680506	94.0086
inge	6	680512	94.0095
inhoudelijk	6	680518	94.0103
inkoop	6	680524	94.0111
instructie	6	680530	94.012
interested	6	680536	94.0128
invoeren	6	680542	94.0136
inzitten	6	680548	94.0144
ipod	6	680554	94.0153
jaa	6	680560	94.0161
jaaaah	6	680566	94.0169
java	6	680572	94.0178
joa	6	680578	94.0186
jooo	6	680584	94.0194
kalender	6	680590	94.0202
kamperen	6	680596	94.0211
keiveel	6	680602	94.0219
kek	6	680608	94.0227
keppekes	6	680614	94.0236
kerstmarkt	6	680620	94.0244
ketting	6	680626	94.0252
kids	6	680632	94.026
kk	6	680638	94.0269
klappen	6	680644	94.0277
kleden	6	680650	94.0285
kleding	6	680656	94.0294
kliniek	6	680662	94.0302
klop	6	680668	94.031
kluis	6	680674	94.0319
knal	6	680680	94.0327
komkommer	6	680686	94.0335
komst	6	680692	94.0343
koopzondag	6	680698	94.0352
kotsen	6	680704	94.036
kracht	6	680710	94.0368
krish	6	680716	94.0377
ksta	6	680722	94.0385
ky	6	680728	94.0393
lach	6	680734	94.0401
lady	6	680740	94.041
leerzaam	6	680746	94.0418
less	6	680752	94.0426
letter	6	680758	94.0435
limburg	6	680764	94.0443
lizzy	6	680770	94.0451
logisch	6	680776	94.0459
logo	6	680782	94.0468
lomp	6	680788	94.0476
lotten	6	680794	94.0484
luxe	6	680800	94.0493
maan	6	680806	94.0501
machtig	6	680812	94.0509
marike	6	680818	94.0517
market	6	680824	94.0526
mededeling	6	680830	94.0534
medewerker	6	680836	94.0542
medisch	6	680842	94.0551
meebrengn	6	680848	94.0559
meemaken	6	680854	94.0567
meest	6	680860	94.0575
mentaal	6	680866	94.0584
menu	6	680872	94.0592
mer	6	680878	94.06
mercike	6	680884	94.0609
methode	6	680890	94.0617
michael	6	680896	94.0625
middle	6	680902	94.0633
missed	6	680908	94.0642
mjammie	6	680914	94.065
moeizaam	6	680920	94.0658
mojito	6	680926	94.0667
mooizo	6	680932	94.0675
morgenavn	6	680938	94.0683
move	6	680944	94.0691
mozza	6	680950	94.07
mug	6	680956	94.0708
musical	6	680962	94.0716
nancy	6	680968	94.0725
neerleggen	6	680974	94.0733
nieuwtje	6	680980	94.0741
nike	6	680986	94.075
nimmeer	6	680992	94.0758
nul	6	680998	94.0766
ofzoiets	6	681004	94.0774
ohoh	6	681010	94.0783
oja	6	681016	94.0791
oktogon	6	681022	94.0799
ola	6	681028	94.0808
olie	6	681034	94.0816
omg	6	681040	94.0824
omgaan	6	681046	94.0832
omgeving	6	681052	94.0841
onderdeel	6	681058	94.0849
ongerust	6	681064	94.0857
onschuldig	6	681070	94.0866
onweren	6	681076	94.0874
oordop	6	681082	94.0882
oostende	6	681088	94.089
opluchting	6	681094	94.0899
opstarten	6	681100	94.0907
overdreven	6	681106	94.0915
pack	6	681112	94.0924
paniek	6	681118	94.0932
paprika	6	681124	94.094
parcours	6	681130	94.0948
parfum	6	681136	94.0957
parti	6	681142	94.0965
pauper	6	681148	94.0973
pdf	6	681154	94.0982
pesten	6	681160	94.099
pijnstiller	6	681166	94.0998
pilsen	6	681172	94.1006
pinnen	6	681178	94.1015
pinpas	6	681184	94.1023
pirates	6	681190	94.1031
plaatsen	6	681196	94.104
planeet	6	681202	94.1048
plank	6	681208	94.1056
poedie	6	681214	94.1064
poot	6	681220	94.1073
potter	6	681226	94.1081
praese	6	681232	94.1089
praesidium	6	681238	94.1098
promotor	6	681244	94.1106
proost	6	681250	94.1114
ps.	6	681256	94.1123
puf	6	681262	94.1131
raak	6	681268	94.1139
rash	6	681274	94.1147
rauw	6	681280	94.1156
regelmatig	6	681286	94.1164
rek	6	681292	94.1172
relax	6	681298	94.1181
rem	6	681304	94.1189
reservering	6	681310	94.1197
rijn	6	681316	94.1205
rimke	6	681322	94.1214
robinson	6	681328	94.1222
rollen	6	681334	94.123
rommelmarkt	6	681340	94.1239
rondlopen	6	681346	94.1247
rtl	6	681352	94.1255
safely	6	681358	94.1263
saldo	6	681364	94.1272
sas	6	681370	94.128
saturday	6	681376	94.1288
schamen	6	681382	94.1297
schandalig	6	681388	94.1305
schikken	6	681394	94.1313
schreeuwen	6	681400	94.1321
schrijfwijzer	6	681406	94.133
script	6	681412	94.1338
semester	6	681418	94.1346
sharp	6	681424	94.1355
shithole	6	681430	94.1363
shopping	6	681436	94.1371
shot	6	681442	94.1379
shower	6	681448	94.1388
sjans	6	681454	94.1396
slepen	6	681460	94.1404
smart	6	681466	94.1413
smerig	6	681472	94.1421
smijten	6	681478	94.1429
smoes	6	681484	94.1437
sms't	6	681490	94.1446
sms-en	6	681496	94.1454
solderen	6	681502	94.1462
sow	6	681508	94.1471
special	6	681514	94.1479
sportief	6	681520	94.1487
staying	6	681526	94.1496
steen	6	681532	94.1504
stekkie	6	681538	94.1512
stemmen	6	681544	94.152
steunen	6	681550	94.1529
stijf	6	681556	94.1537
stijgen	6	681562	94.1545
stipt	6	681568	94.1554
stoep	6	681574	94.1562
stofzuigen	6	681580	94.157
strax	6	681586	94.1578
studieboek	6	681592	94.1587
studiegenoot	6	681598	94.1595
succeskus	6	681604	94.1603
suiker	6	681610	94.1612
sun	6	681616	94.162
supermoe	6	681622	94.1628
supertof	6	681628	94.1636
tak	6	681634	94.1645
talent	6	681640	94.1653
tango	6	681646	94.1661
teeg	6	681652	94.167
tenslotte	6	681658	94.1678
term	6	681664	94.1686
terugbrengen	6	681670	94.1694
tet	6	681676	94.1703
that's	6	681682	94.1711
theorie	6	681688	94.1719
thomas	6	681694	94.1728
thou	6	681700	94.1736
toekomstig	6	681706	94.1744
toestemming	6	681712	94.1752
toewensen	6	681718	94.1761
toi	6	681724	94.1769
tonijn	6	681730	94.1777
toog	6	681736	94.1786
topdag	6	681742	94.1794
totally	6	681748	94.1802
treinkaart	6	681754	94.181
trying	6	681760	94.1819
turks	6	681766	94.1827
tussenstop	6	681772	94.1835
tuurlyk	6	681778	94.1844
tzijn	6	681784	94.1852
uitbrengen	6	681790	94.186
uitdelen	6	681796	94.1868
uitprinten	6	681802	94.1877
uitreiking	6	681808	94.1885
uitstappen	6	681814	94.1893
uitstel	6	681820	94.1902
uittellen	6	681826	94.191
uitwisseling	6	681832	94.1918
until	6	681838	94.1927
upstairs	6	681844	94.1935
varen	6	681850	94.1943
vastleggen	6	681856	94.1951
verbondsraad	6	681862	94.196
verdediging	6	681868	94.1968
verdoving	6	681874	94.1976
verdwalen	6	681880	94.1985
verhuis	6	681886	94.1993
verjaardagsfeest	6	681892	94.2001
verkennen	6	681898	94.2009
verwarren	6	681904	94.2018
visum	6	681910	94.2026
vlaams	6	681916	94.2034
vlieg	6	681922	94.2043
vlieger	6	681928	94.2051
volkomen	6	681934	94.2059
volwassen	6	681940	94.2067
voorin	6	681946	94.2076
voorraad	6	681952	94.2084
vooruitgang	6	681958	94.2092
vragn	6	681964	94.2101
vreten	6	681970	94.2109
vrijgezel	6	681976	94.2117
vrouwelijk	6	681982	94.2125
vry	6	681988	94.2134
wacht	6	681994	94.2142
wake	6	682000	94.215
warmte	6	682006	94.2159
wazig	6	682012	94.2167
weglaten	6	682018	94.2175
weglopen	6	682024	94.2183
wegwezen	6	682030	94.2192
welcome	6	682036	94.22
werchter	6	682042	94.2208
werkzaamheid	6	682048	94.2217
wii	6	682054	94.2225
wil	6	682060	94.2233
winter	6	682066	94.2241
wolk	6	682072	94.225
wonder	6	682078	94.2258
woohoo	6	682084	94.2266
working	6	682090	94.2275
wout	6	682096	94.2283
wrm	6	682102	94.2291
wrs	6	682108	94.23
wschlk	6	682114	94.2308
xmen	6	682120	94.2316
zalk	6	682126	94.2324
zije	6	682132	94.2333
zoetie	6	682138	94.2341
zombie	6	682144	94.2349
zweeds	6	682150	94.2358
°	6	682156	94.2366
ècht	6	682162	94.2374
-10	5	682167	94.2381
-6	5	682172	94.2388
-9	5	682177	94.2395
07	5	682182	94.2402
120	5	682187	94.2409
125	5	682192	94.2416
13.30	5	682197	94.2422
136	5	682202	94.2429
137	5	682207	94.2436
14.00	5	682212	94.2443
14:00	5	682217	94.245
2009	5	682222	94.2457
20:15	5	682227	94.2464
21.15	5	682232	94.2471
34	5	682237	94.2478
3e	5	682242	94.2485
400	5	682247	94.2492
439	5	682252	94.2498
57	5	682257	94.2505
5e	5	682262	94.2512
6,5	5	682267	94.2519
63	5	682272	94.2526
6462611	5	682277	94.2533
87	5	682282	94.254
89	5	682287	94.2547
9050	5	682292	94.2554
:'-(	5	682297	94.2561
:O	5	682302	94.2568
;o	5	682307	94.2574
;s	5	682312	94.2581
?.	5	682317	94.2588
Aah	5	682322	94.2595
After	5	682327	94.2602
Almost	5	682332	94.2609
Alright	5	682337	94.2616
Android	5	682342	94.2623
Anja	5	682347	94.263
Annchen	5	682352	94.2637
Annelies	5	682357	94.2643
Annie	5	682362	94.265
Ans	5	682367	94.2657
Antje	5	682372	94.2664
Appie	5	682377	94.2671
Aruba	5	682382	94.2678
Assebroek	5	682387	94.2685
BA	5	682392	94.2692
BE	5	682397	94.2699
België	5	682402	94.2706
Blaha	5	682407	94.2713
Bleh	5	682412	94.2719
Bradford	5	682417	94.2726
Christoph	5	682422	94.2733
Come	5	682427	94.274
Cul	5	682432	94.2747
Cya	5	682437	94.2754
Dagmar	5	682442	94.2761
Dankje	5	682447	94.2768
Dante	5	682452	94.2775
David	5	682457	94.2782
Diederik	5	682462	94.2789
Dieren	5	682467	94.2795
Dinner	5	682472	94.2802
Doing	5	682477	94.2809
Dr	5	682482	94.2816
Dunno	5	682487	94.2823
ETA	5	682492	94.283
Edward	5	682497	94.2837
Eef	5	682502	94.2844
Elle	5	682507	94.2851
Emily	5	682512	94.2858
Et	5	682517	94.2865
Everything	5	682522	94.2871
Extase	5	682527	94.2878
Fienelot	5	682532	94.2885
Flotje	5	682537	94.2892
Gefeli	5	682542	94.2899
Gimme	5	682547	94.2906
Graard	5	682552	94.2913
Grietha	5	682557	94.292
Grietje	5	682562	94.2927
Grunn	5	682567	94.2934
Guess	5	682572	94.2941
Heleen	5	682577	94.2947
Hihihihihi	5	682582	94.2954
Howdy	5	682587	94.2961
Hy	5	682592	94.2968
IKEA	5	682597	94.2975
IRC	5	682602	94.2982
Ilyana	5	682607	94.2989
India	5	682612	94.2996
International	5	682617	94.3003
Irene	5	682622	94.301
J.	5	682627	94.3016
Jeff	5	682632	94.3023
Joh	5	682637	94.303
Joris	5	682642	94.3037
Juij	5	682647	94.3044
Karlijn	5	682652	94.3051
Kim	5	682657	94.3058
Koldewee	5	682662	94.3065
Kuss	5	682667	94.3072
LU	5	682672	94.3079
LUD	5	682677	94.3086
Lap	5	682682	94.3092
Let's	5	682687	94.3099
Lidka	5	682692	94.3106
Like	5	682697	94.3113
Lisa	5	682702	94.312
Loes	5	682707	94.3127
Loetje	5	682712	94.3134
Maaske	5	682717	94.3141
Machteld	5	682722	94.3148
Majja	5	682727	94.3155
Manchester	5	682732	94.3162
Marie-Rose	5	682737	94.3168
Marjolijn	5	682742	94.3175
Martje	5	682747	94.3182
Mayke	5	682752	94.3189
Mikee	5	682757	94.3196
Mirjam	5	682762	94.3203
Mm	5	682767	94.321
Mulder	5	682772	94.3217
Mumus	5	682777	94.3224
Murphy	5	682782	94.3231
NAC	5	682787	94.3238
Nadine	5	682792	94.3244
Nederlands	5	682797	94.3251
Night	5	682802	94.3258
Nol	5	682807	94.3265
Ohja	5	682812	94.3272
Online	5	682817	94.3279
Oops	5	682822	94.3286
Open	5	682827	94.3293
Oscar	5	682832	94.33
Oswald	5	682837	94.3307
Oude	5	682842	94.3313
Paula	5	682847	94.332
Pauls	5	682852	94.3327
Petra	5	682857	94.3334
Portugal	5	682862	94.3341
Prince	5	682867	94.3348
Ps	5	682872	94.3355
Pulles	5	682877	94.3362
Really	5	682882	94.3369
Renske	5	682887	94.3376
Richard	5	682892	94.3383
Rick	5	682897	94.3389
Roosendaal	5	682902	94.3396
Rsca	5	682907	94.3403
Sint	5	682912	94.341
Skaat	5	682917	94.3417
Smak	5	682922	94.3424
Soest	5	682927	94.3431
Spass	5	682932	94.3438
Stef	5	682937	94.3445
Suzanne	5	682942	94.3452
Sweet	5	682947	94.3459
T	5	682952	94.3465
There	5	682957	94.3472
Tinus	5	682962	94.3479
Tnx	5	682967	94.3486
Tonight	5	682972	94.3493
Tzey	5	682977	94.35
Ur	5	682982	94.3507
VS	5	682987	94.3514
Very	5	682992	94.3521
VoiceMail	5	682997	94.3528
W.	5	683002	94.3535
Waalkade	5	683007	94.3541
Wageningen	5	683012	94.3548
Well	5	683017	94.3555
Welles	5	683022	94.3562
WhatsApp	5	683027	94.3569
Whatsapp	5	683032	94.3576
Windows	5	683037	94.3583
Ws	5	683042	94.359
Wtf	5	683047	94.3597
XL	5	683052	94.3604
XXXXXXXXX	5	683057	94.3611
XXXXXXXXXXXXXXXXXXXX	5	683062	94.3617
XxXxX	5	683067	94.3624
Yesss	5	683072	94.3631
Zoo	5	683077	94.3638
Zwolle	5	683082	94.3645
[	5	683087	94.3652
aaie	5	683092	94.3659
aanhankelijk	5	683097	94.3666
aanleiding	5	683102	94.3673
aanmelding	5	683107	94.368
aanpakken	5	683112	94.3686
aanrader	5	683117	94.3693
aanspreken	5	683122	94.37
aanvraag	5	683127	94.3707
accent	5	683132	94.3714
accepteren	5	683137	94.3721
adapter	5	683142	94.3728
afhaken	5	683147	94.3735
aiai	5	683152	94.3742
ak	5	683157	94.3749
alegria	5	683162	94.3756
alletwee	5	683167	94.3762
ambiance	5	683172	94.3769
amersfoort	5	683177	94.3776
amuseleute	5	683182	94.3783
amusement	5	683187	94.379
andr	5	683192	94.3797
annemarie	5	683197	94.3804
anymore	5	683202	94.3811
anyone	5	683207	94.3818
ap	5	683212	94.3825
aperitieven	5	683217	94.3832
arena	5	683222	94.3838
art	5	683227	94.3845
arts	5	683232	94.3852
arwen	5	683237	94.3859
asociaal	5	683242	94.3866
assebroek	5	683247	94.3873
aswin	5	683252	94.388
attent	5	683257	94.3887
autosleutel	5	683262	94.3894
b-day	5	683267	94.3901
baard	5	683272	94.3908
babbel	5	683277	94.3914
bachelor	5	683282	94.3921
bag	5	683287	94.3928
bakmans	5	683292	94.3935
balie	5	683297	94.3942
barsten	5	683302	94.3949
beach	5	683307	94.3956
bedrijfskunde	5	683312	94.3963
beestig	5	683317	94.397
begrip	5	683322	94.3977
being	5	683327	94.3983
bekennen	5	683332	94.399
belg	5	683337	94.3997
belga	5	683342	94.4004
belgacom	5	683347	94.4011
bella	5	683352	94.4018
beltegoed	5	683357	94.4025
benaderen	5	683362	94.4032
benieuwen	5	683367	94.4039
berekening	5	683372	94.4046
beroemd	5	683377	94.4053
beseffen	5	683382	94.4059
beslissing	5	683387	94.4066
besparen	5	683392	94.4073
bevriezen	5	683397	94.408
bewegen	5	683402	94.4087
bewonderen	5	683407	94.4094
bezichtiging	5	683412	94.4101
bijslapen	5	683417	94.4108
binden	5	683422	94.4115
binnenspringen	5	683427	94.4122
bisous	5	683432	94.4129
blaarmeersen	5	683437	94.4135
blanco	5	683442	94.4142
blazen	5	683447	94.4149
blesseren	5	683452	94.4156
blessure	5	683457	94.4163
boksen	5	683462	94.417
boor	5	683467	94.4177
borst	5	683472	94.4184
bosbrand	5	683477	94.4191
bouwput	5	683482	94.4198
bowlen	5	683487	94.4205
brabants	5	683492	94.4211
brakheid	5	683497	94.4218
brasserie	5	683502	94.4225
briljant	5	683507	94.4232
broeder	5	683512	94.4239
buffet	5	683517	94.4246
bwa	5	683522	94.4253
cabaret	5	683527	94.426
cake	5	683532	94.4267
carrière	5	683537	94.4274
cash	5	683542	94.4281
chagrijnig	5	683547	94.4287
charme	5	683552	94.4294
cheque	5	683557	94.4301
chica	5	683562	94.4308
cl	5	683567	94.4315
clercq	5	683572	94.4322
colff	5	683577	94.4329
column	5	683582	94.4336
coma	5	683587	94.4343
concept	5	683592	94.435
confirm	5	683597	94.4356
considering	5	683602	94.4363
contacteren	5	683607	94.437
container	5	683612	94.4377
costa's	5	683617	94.4384
creche	5	683622	94.4391
creme	5	683627	94.4398
cross	5	683632	94.4405
daadwerkelijk	5	683637	94.4412
daagse	5	683642	94.4419
daan	5	683647	94.4426
daaro	5	683652	94.4432
daten	5	683657	94.4439
deb	5	683662	94.4446
debiel	5	683667	94.4453
deftig	5	683672	94.446
degelijk	5	683677	94.4467
degene	5	683682	94.4474
den	5	683687	94.4481
dennis	5	683692	94.4488
departement	5	683697	94.4495
dergelijk	5	683702	94.4502
derjust	5	683707	94.4508
di.	5	683712	94.4515
diarree	5	683717	94.4522
dierentuin	5	683722	94.4529
dispuut	5	683727	94.4536
doeii	5	683732	94.4543
doek	5	683737	94.455
don	5	683742	94.4557
doordoen	5	683747	94.4564
doornemen	5	683752	94.4571
dorien	5	683757	94.4578
dream	5	683762	94.4584
dreigen	5	683767	94.4591
druppel	5	683772	94.4598
dweilen	5	683777	94.4605
easy	5	683782	94.4612
ebbn	5	683787	94.4619
edde	5	683792	94.4626
eer	5	683797	94.4633
effectief	5	683802	94.464
eig	5	683807	94.4647
eigenwijs	5	683812	94.4654
eikel	5	683817	94.466
eindigen	5	683822	94.4667
either	5	683827	94.4674
elegast	5	683832	94.4681
english	5	683837	94.4688
etter	5	683842	94.4695
eum	5	683847	94.4702
evaluatie	5	683852	94.4709
every	5	683857	94.4716
evio	5	683862	94.4723
expres	5	683867	94.4729
eye	5	683872	94.4736
family	5	683877	94.4743
fanny's	5	683882	94.475
favoriet	5	683887	94.4757
fel	5	683892	94.4764
femke	5	683897	94.4771
fenna	5	683902	94.4778
fieteren	5	683907	94.4785
fietsenstalling	5	683912	94.4792
filmfestival	5	683917	94.4799
flyer	5	683922	94.4805
four	5	683927	94.4812
frituur	5	683932	94.4819
fruitsap	5	683937	94.4826
fuik	5	683942	94.4833
full	5	683947	94.484
future	5	683952	94.4847
fwden	5	683957	94.4854
gaarne	5	683962	94.4861
gaga	5	683967	94.4868
gastvrijheid	5	683972	94.4875
gebied	5	683977	94.4881
gebrek	5	683982	94.4888
geestig	5	683987	94.4895
gemeente	5	683992	94.4902
gemiddeld	5	683997	94.4909
geslaagd	5	684002	94.4916
gevolg	5	684007	94.4923
gewond	5	684012	94.493
gewoonlijk	5	684017	94.4937
gezamenlijk	5	684022	94.4944
gmail	5	684027	94.4951
gone	5	684032	94.4957
gozer	5	684037	94.4964
gram	5	684042	94.4971
greets	5	684047	94.4978
griet	5	684052	94.4985
gruwelijk	5	684057	94.4992
guesthouse	5	684062	94.4999
gulder	5	684067	94.5006
gunstig	5	684072	94.5013
hairdresser	5	684077	94.502
hambo	5	684082	94.5026
hamburger	5	684087	94.5033
han	5	684092	94.504
hardrock	5	684097	94.5047
hash	5	684102	94.5054
hasselt	5	684107	94.5061
hause	5	684112	94.5068
havent	5	684117	94.5075
hebk	5	684122	94.5082
heeeeel	5	684127	94.5089
heeel	5	684132	94.5096
heem	5	684137	94.5102
hein	5	684142	94.5109
hengelo	5	684147	94.5116
herexamen	5	684152	94.5123
herfstvakantie	5	684157	94.513
herkenbaar	5	684162	94.5137
hersenen	5	684167	94.5144
hie	5	684172	94.5151
hierna	5	684177	94.5158
hit	5	684182	94.5165
hoeveelheid	5	684187	94.5172
hoorn	5	684192	94.5178
ich	5	684197	94.5185
ideeen	5	684202	94.5192
iem	5	684207	94.5199
indienen	5	684212	94.5206
indrukwekkend	5	684217	94.5213
informatica	5	684222	94.522
inhoud	5	684227	94.5227
inkom	5	684232	94.5234
inleiding	5	684237	94.5241
innemen	5	684242	94.5248
instellen	5	684247	94.5254
jam	5	684252	94.5261
jammergenoeg	5	684257	94.5268
janken	5	684262	94.5275
jb	5	684267	94.5282
jeans	5	684272	94.5289
jeeej	5	684277	94.5296
jeetje	5	684282	94.5303
joke	5	684287	94.531
joris	5	684292	94.5317
jot	5	684297	94.5324
julie	5	684302	94.533
junior	5	684307	94.5337
jurg	5	684312	94.5344
juuk	5	684317	94.5351
kaarten	5	684322	94.5358
kalkoen	5	684327	94.5365
kannek	5	684332	94.5372
kappen	5	684337	94.5379
karaoke	5	684342	94.5386
karin	5	684347	94.5393
kdenket	5	684352	94.5399
kdv	5	684357	94.5406
ken	5	684362	94.5413
kg	5	684367	94.542
kier	5	684372	94.5427
kijk	5	684377	94.5434
kill	5	684382	94.5441
kinda	5	684387	94.5448
king	5	684392	94.5455
klaarleggen	5	684397	94.5462
klaarstaan	5	684402	94.5469
klef	5	684407	94.5475
kneus	5	684412	94.5482
knows	5	684417	94.5489
knuffeltijd	5	684422	94.5496
knuppel	5	684427	94.5503
knus	5	684432	94.551
koe	5	684437	94.5517
koelen	5	684442	94.5524
kom	5	684447	94.5531
koppel	5	684452	94.5538
kriebelen	5	684457	94.5545
krom	5	684462	94.5551
kruisen	5	684467	94.5558
kuskuskus	5	684472	94.5565
kusss	5	684477	94.5572
kweetni	5	684482	94.5579
laan	5	684487	94.5586
ladies	5	684492	94.5593
landlord	5	684497	94.56
lastigvallen	5	684502	94.5607
lazimpat	5	684507	94.5614
leer	5	684512	94.5621
liebe	5	684517	94.5627
lien	5	684522	94.5634
lies	5	684527	94.5641
liesbeth	5	684532	94.5648
ligament	5	684537	94.5655
line	5	684542	94.5662
loggen	5	684547	94.5669
loket	5	684552	94.5676
loko	5	684557	94.5683
luchtbed	5	684562	94.569
lyk	5	684567	94.5697
maaaar	5	684572	94.5703
maarre	5	684577	94.571
macaroni	5	684582	94.5717
maestro	5	684587	94.5724
mal	5	684592	94.5731
malad	5	684597	94.5738
mankeren	5	684602	94.5745
many	5	684607	94.5752
marieke	5	684612	94.5759
martijn	5	684617	94.5766
massa	5	684622	94.5772
mb	5	684627	94.5779
mechelen	5	684632	94.5786
media	5	684637	94.5793
meelopen	5	684642	94.58
meeste	5	684647	94.5807
meezitten	5	684652	94.5814
mes	5	684657	94.5821
meubel	5	684662	94.5828
microgolf	5	684667	94.5835
middagdutje	5	684672	94.5842
middagpauze	5	684677	94.5848
middenin	5	684682	94.5855
mieke	5	684687	94.5862
miem	5	684692	94.5869
minouk	5	684697	94.5876
mislukken	5	684702	94.5883
mist	5	684707	94.589
mm	5	684712	94.5897
moeheid	5	684717	94.5904
monika	5	684722	94.5911
mtc	5	684727	94.5918
muis	5	684732	94.5924
musketier	5	684737	94.5931
naakt	5	684742	94.5938
nachtkus	5	684747	94.5945
nasi	5	684752	94.5952
nathalie	5	684757	94.5959
navigeren	5	684762	94.5966
navragen	5	684767	94.5973
ned	5	684772	94.598
neeee	5	684777	94.5987
neeeee	5	684782	94.5994
neenee	5	684787	94.6
neerzetten	5	684792	94.6007
nerveus	5	684797	94.6014
nicole	5	684802	94.6021
nieuwschierig	5	684807	94.6028
nijmeegs	5	684812	94.6035
nine	5	684817	94.6042
niveau	5	684822	94.6049
nmb	5	684827	94.6056
noorden	5	684832	94.6063
noot	5	684837	94.6069
notitie	5	684842	94.6076
nsv	5	684847	94.6083
nw	5	684852	94.609
ocharme	5	684857	94.6097
oepsie	5	684862	94.6104
offerte	5	684867	94.6111
oliebol	5	684872	94.6118
onderbroek	5	684877	94.6125
onderuit	5	684882	94.6132
onduidelijkheid	5	684887	94.6139
ongeduldig	5	684892	94.6145
onrustig	5	684897	94.6152
ontploffen	5	684902	94.6159
ontslag	5	684907	94.6166
onwijs	5	684912	94.6173
onzekerheid	5	684917	94.618
opdoen	5	684922	94.6187
opendoen	5	684927	94.6194
opkomen	5	684932	94.6201
opleveren	5	684937	94.6208
oprecht	5	684942	94.6215
optimaal	5	684947	94.6221
opwachten	5	684952	94.6228
opzeggen	5	684957	94.6235
oudejaar	5	684962	94.6242
oudjaar	5	684967	94.6249
outfit	5	684972	94.6256
overblijven	5	684977	94.6263
overheen	5	684982	94.627
overvallen	5	684987	94.6277
overweg	5	684992	94.6284
overwinning	5	684997	94.6291
overzicht	5	685002	94.6297
pannekoek	5	685007	94.6304
paraat	5	685012	94.6311
partytent	5	685017	94.6318
passe	5	685022	94.6325
peacestreet	5	685027	94.6332
pesto	5	685032	94.6339
peuk	5	685037	94.6346
phd	5	685042	94.6353
phil	5	685047	94.636
pijp	5	685052	94.6367
pilates	5	685057	94.6373
pissed	5	685062	94.638
plattegrond	5	685067	94.6387
player	5	685072	94.6394
pluis	5	685077	94.6401
poe	5	685082	94.6408
point	5	685087	94.6415
polépolé	5	685092	94.6422
port	5	685097	94.6429
pour	5	685102	94.6436
ppm	5	685107	94.6442
praktijk	5	685112	94.6449
prioriteit	5	685117	94.6456
processor	5	685122	94.6463
proef	5	685127	94.647
prof	5	685132	94.6477
profiel	5	685137	94.6484
prono	5	685142	94.6491
próeven	5	685147	94.6498
publiek	5	685152	94.6505
pw	5	685157	94.6512
quote	5	685162	94.6518
raarrr	5	685167	94.6525
radiologie	5	685172	94.6532
rashmi	5	685177	94.6539
rats	5	685182	94.6546
reading	5	685187	94.6553
reclame	5	685192	94.656
regel	5	685197	94.6567
regeling	5	685202	94.6574
reiziger	5	685207	94.6581
ren	5	685212	94.6588
repeteren	5	685217	94.6594
reply	5	685222	94.6601
research	5	685227	94.6608
retour	5	685232	94.6615
ri	5	685237	94.6622
ricardo	5	685242	94.6629
righty	5	685247	94.6636
rijbewijs	5	685252	94.6643
rijles	5	685257	94.665
risico	5	685262	94.6657
robbert	5	685267	94.6664
robin	5	685272	94.667
rok	5	685277	94.6677
router	5	685282	94.6684
ruth	5	685287	94.6691
rutuja	5	685292	94.6698
samenwonen	5	685297	94.6705
samsung	5	685302	94.6712
saying	5	685307	94.6719
scannen	5	685312	94.6726
scanner	5	685317	94.6733
schacht	5	685322	94.6739
schande	5	685327	94.6746
scheids	5	685332	94.6753
scheren	5	685337	94.676
scheur	5	685342	94.6767
schijtweer	5	685347	94.6774
schoonbroer	5	685352	94.6781
schouder	5	685357	94.6788
schraal	5	685362	94.6795
schuldig	5	685367	94.6802
sebbe	5	685372	94.6809
sensatie	5	685377	94.6815
shoot	5	685382	94.6822
sie	5	685387	94.6829
since	5	685392	94.6836
singstar	5	685397	94.6843
sissen	5	685402	94.685
sister	5	685407	94.6857
sjakos	5	685412	94.6864
sjoe	5	685417	94.6871
sjors	5	685422	94.6878
sjouwen	5	685427	94.6885
skag	5	685432	94.6891
slaapie	5	685437	94.6898
slaaptekort	5	685442	94.6905
slaapwelkus	5	685447	94.6912
slachtoffer	5	685452	94.6919
slager	5	685457	94.6926
sloerie	5	685462	94.6933
smetstraat	5	685467	94.694
smiddags	5	685472	94.6947
snelweg	5	685477	94.6954
snif	5	685482	94.6961
snijden	5	685487	94.6967
solo	5	685492	94.6974
sort	5	685497	94.6981
south	5	685502	94.6988
speeksel	5	685507	94.6995
speelster	5	685512	94.7002
speeltuin	5	685517	94.7009
speler	5	685522	94.7016
spetteren	5	685527	94.7023
spinnen	5	685532	94.703
sponsoren	5	685537	94.7037
sportcentrum	5	685542	94.7043
sportkaart	5	685547	94.705
stadium	5	685552	94.7057
staren	5	685557	94.7064
startdag	5	685562	94.7071
status	5	685567	94.7078
steven	5	685572	94.7085
stiefpapa	5	685577	94.7092
stokbrood	5	685582	94.7099
story	5	685587	94.7106
stroom	5	685592	94.7112
structuur	5	685597	94.7119
suc	5	685602	94.7126
suckt	5	685607	94.7133
supah	5	685612	94.714
supertrots	5	685617	94.7147
surinaams	5	685622	94.7154
taal	5	685627	94.7161
taking	5	685632	94.7168
tapas	5	685637	94.7175
tege	5	685642	94.7182
tegenvallen	5	685647	94.7188
tegoed	5	685652	94.7195
tekort	5	685657	94.7202
teletekst	5	685662	94.7209
telkens	5	685667	94.7216
tem	5	685672	94.7223
ter	5	685677	94.723
tering	5	685682	94.7237
teruggeven	5	685687	94.7244
terugsturen	5	685692	94.7251
texel	5	685697	94.7258
tgaan	5	685702	94.7264
thais	5	685707	94.7271
thats	5	685712	94.7278
theater	5	685717	94.7285
three	5	685722	94.7292
thuisblijven	5	685727	94.7299
tik	5	685732	94.7306
tilly	5	685737	94.7313
tjah	5	685742	94.732
together	5	685747	94.7327
toon	5	685752	94.7334
tralalala	5	685757	94.734
troela	5	685762	94.7347
troost	5	685767	94.7354
trouble	5	685772	94.7361
truc	5	685777	94.7368
try	5	685782	94.7375
tstad	5	685787	94.7382
tze	5	685792	94.7389
tzelfde	5	685797	94.7396
tzit	5	685802	94.7403
tzou	5	685807	94.741
ugent	5	685812	94.7416
uh	5	685817	94.7423
uithangen	5	685822	94.743
uitkiezen	5	685827	94.7437
uitlezen	5	685832	94.7444
uitproberen	5	685837	94.7451
uitsteken	5	685842	94.7458
uitzieken	5	685847	94.7465
uj	5	685852	94.7472
use	5	685857	94.7479
vaderdag	5	685862	94.7485
vaio	5	685867	94.7492
vanbuiten	5	685872	94.7499
vandeweek	5	685877	94.7506
variant	5	685882	94.7513
vel	5	685887	94.752
venster	5	685892	94.7527
verbetering	5	685897	94.7534
verdrietig	5	685902	94.7541
vergelijken	5	685907	94.7548
vergeven	5	685912	94.7555
verjaardagscadeau	5	685917	94.7561
verklappen	5	685922	94.7568
verklaren	5	685927	94.7575
vermelden	5	685932	94.7582
verplichting	5	685937	94.7589
verschieten	5	685942	94.7596
verslijten	5	685947	94.7603
vertaling	5	685952	94.761
vervolg	5	685957	94.7617
vervroegen	5	685962	94.7624
verwarming	5	685967	94.7631
veur	5	685972	94.7637
virus	5	685977	94.7644
visit	5	685982	94.7651
vloei	5	685987	94.7658
voetbalplaatje	5	685992	94.7665
voorbeeld	5	685997	94.7672
voorbehoud	5	686002	94.7679
voornemen	5	686007	94.7686
voorwaarde	5	686012	94.7693
vorderen	5	686017	94.77
vr.	5	686022	94.7707
vriendschap	5	686027	94.7713
vrijblijvend	5	686032	94.772
vrijdagen	5	686037	94.7727
vrijwel	5	686042	94.7734
waarbij	5	686047	94.7741
waarheid	5	686052	94.7748
waarin	5	686057	94.7755
wait	5	686062	94.7762
webmail	5	686067	94.7769
weekeinde	5	686072	94.7776
weggeven	5	686077	94.7782
weggooien	5	686082	94.7789
weigeren	5	686087	94.7796
welverdiend	5	686092	94.7803
werker	5	686097	94.781
werktijd	5	686102	94.7817
wet	5	686107	94.7824
whaha	5	686112	94.7831
whats	5	686117	94.7838
wi	5	686122	94.7845
wiek	5	686127	94.7852
wife	5	686132	94.7858
winnie	5	686137	94.7865
wiskunde	5	686142	94.7872
witbier	5	686147	94.7879
wodka	5	686152	94.7886
woke	5	686157	94.7893
wond	5	686162	94.79
world	5	686167	94.7907
woutie	5	686172	94.7914
wringen	5	686177	94.7921
xjes	5	686182	94.7928
ya	5	686187	94.7934
yeay	5	686192	94.7941
zabzab	5	686197	94.7948
zoektocht	5	686202	94.7955
zulle	5	686207	94.7962
|	5	686212	94.7969
Ã	5	686217	94.7976
!!!!!!!	4	686221	94.7981
!?!	4	686225	94.7987
-20	4	686229	94.7992
-21	4	686233	94.7998
-3	4	686237	94.8004
-30	4	686241	94.8009
03	4	686245	94.8015
08	4	686249	94.802
10e	4	686253	94.8026
111	4	686257	94.8031
1145	4	686261	94.8037
11:00	4	686265	94.8042
123	4	686269	94.8048
12331	4	686273	94.8053
124	4	686277	94.8059
129	4	686281	94.8064
13:00	4	686285	94.807
14.45	4	686289	94.8075
16:50	4	686293	94.8081
18:10	4	686297	94.8086
2000	4	686301	94.8092
2100	4	686305	94.8097
22:22	4	686309	94.8103
239	4	686313	94.8109
24ste	4	686317	94.8114
3.0	4	686321	94.812
30e	4	686325	94.8125
360	4	686329	94.8131
46	4	686333	94.8136
4de	4	686337	94.8142
5de	4	686341	94.8147
68	4	686345	94.8153
69	4	686349	94.8158
6e	4	686353	94.8164
7,5	4	686357	94.8169
74	4	686361	94.8175
78	4	686365	94.818
8,5	4	686369	94.8186
92	4	686373	94.8191
93	4	686377	94.8197
94	4	686381	94.8202
:-$	4	686385	94.8208
ABN	4	686389	94.8214
ALV	4	686393	94.8219
Aahn	4	686397	94.8225
Ab	4	686401	94.823
Aight	4	686405	94.8236
Allright	4	686409	94.8241
Almelo	4	686413	94.8247
American	4	686417	94.8252
Amstel	4	686421	94.8258
André	4	686425	94.8263
Angelina	4	686429	94.8269
Angelo	4	686433	94.8274
Annaplein	4	686437	94.828
Apparently	4	686441	94.8285
Ardennen	4	686445	94.8291
Arentien	4	686449	94.8296
AskNow	4	686453	94.8302
Aske	4	686457	94.8307
B.	4	686461	94.8313
BB	4	686465	94.8318
Back	4	686469	94.8324
Barbara	4	686473	94.833
Baukje	4	686477	94.8335
Beats	4	686481	94.8341
Bert	4	686485	94.8346
Bertine	4	686489	94.8352
Beugel	4	686493	94.8357
Bien	4	686497	94.8363
Birthday	4	686501	94.8368
Bo	4	686505	94.8374
Boer	4	686509	94.8379
Bolle	4	686513	94.8385
Brian	4	686517	94.839
Brunninkhuis	4	686521	94.8396
Budget	4	686525	94.8401
Busy	4	686529	94.8407
By	4	686533	94.8412
Canada	4	686537	94.8418
Centraal	4	686541	94.8423
Charles	4	686545	94.8429
City	4	686549	94.8435
Corinne	4	686553	94.844
Currently	4	686557	94.8446
Céderik	4	686561	94.8451
DVD	4	686565	94.8457
Dankuuuu	4	686569	94.8462
Delilah	4	686573	94.8468
Depends	4	686577	94.8473
Derna	4	686581	94.8479
Dik	4	686585	94.8484
Dr.	4	686589	94.849
Draeck	4	686593	94.8495
Drunen	4	686597	94.8501
Duits	4	686601	94.8506
EMAIL	4	686605	94.8512
Edinburgh	4	686609	94.8517
Eela	4	686613	94.8523
Ernstjan	4	686617	94.8528
Espla	4	686621	94.8534
Etten-Leur	4	686625	94.854
FYI	4	686629	94.8545
Feeling	4	686633	94.8551
Femke	4	686637	94.8556
Fiets	4	686641	94.8562
Filip	4	686645	94.8567
Fons	4	686649	94.8573
Gear	4	686653	94.8578
Genk	4	686657	94.8584
George	4	686661	94.8589
Germans	4	686665	94.8595
Getting	4	686669	94.86
God	4	686673	94.8606
Goedele	4	686677	94.8611
Gohja	4	686681	94.8617
Goodnight	4	686685	94.8622
HC	4	686689	94.8628
HD	4	686693	94.8633
Hahahaha	4	686697	94.8639
Han	4	686701	94.8645
Hell	4	686705	94.865
Hellevoet	4	686709	94.8656
Hows	4	686713	94.8661
Ineke	4	686717	94.8667
Ingeborg	4	686721	94.8672
Irish	4	686725	94.8678
Istanbul	4	686729	94.8683
Ivo	4	686733	94.8689
JB	4	686737	94.8694
JM	4	686741	94.87
Jacqueline	4	686745	94.8705
Janine	4	686749	94.8711
Jansen	4	686753	94.8716
Jim	4	686757	94.8722
Joan	4	686761	94.8727
Joren	4	686765	94.8733
Jose	4	686769	94.8738
Joy	4	686773	94.8744
Jozef	4	686777	94.875
Kalvin	4	686781	94.8755
Karen	4	686785	94.8761
Katrin	4	686789	94.8766
Kay	4	686793	94.8772
Kees	4	686797	94.8777
Kemal	4	686801	94.8783
Khou	4	686805	94.8788
Kick	4	686809	94.8794
Kids	4	686813	94.8799
King	4	686817	94.8805
Kong	4	686821	94.881
Korenmarkt	4	686825	94.8816
Krakow	4	686829	94.8821
Ksta	4	686833	94.8827
Kwas	4	686837	94.8832
Kwou	4	686841	94.8838
LG	4	686845	94.8843
Landgraaf	4	686849	94.8849
Laureen	4	686853	94.8854
Leaving	4	686857	94.886
Lets	4	686861	94.8866
Lex	4	686865	94.8871
Looking	4	686869	94.8877
Luv	4	686873	94.8882
Maarja	4	686877	94.8888
Maart	4	686881	94.8893
Maddy	4	686885	94.8899
Marlon	4	686889	94.8904
Mayka	4	686893	94.891
McDonald's	4	686897	94.8915
Merelbeke	4	686901	94.8921
Michele	4	686905	94.8926
Milan	4	686909	94.8932
Moeders	4	686913	94.8937
Morgen	4	686917	94.8943
Mr	4	686921	94.8948
Mvg	4	686925	94.8954
Myn	4	686929	94.8959
Nederlanders	4	686933	94.8965
Never	4	686937	94.8971
Nico	4	686941	94.8976
Ninja	4	686945	94.8982
Noami	4	686949	94.8987
Nora	4	686953	94.8993
OAD	4	686957	94.8998
Oela	4	686961	94.9004
Of	4	686965	94.9009
Ohh	4	686969	94.9015
Ola	4	686973	94.902
Only	4	686977	94.9026
Oranje	4	686981	94.9031
Orf	4	686985	94.9037
Owja	4	686989	94.9042
PSV	4	686993	94.9048
Palinka	4	686997	94.9053
Peacestreet	4	687001	94.9059
Pepijn	4	687005	94.9064
Philippe	4	687009	94.907
Pierre	4	687013	94.9076
Pieters	4	687017	94.9081
Pisa	4	687021	94.9087
Polly	4	687025	94.9092
Poor	4	687029	94.9098
Ppm	4	687033	94.9103
Pukkelpop	4	687037	94.9109
Queen	4	687041	94.9114
Queens	4	687045	94.912
RM	4	687049	94.9125
Rashmi	4	687053	94.9131
Ready	4	687057	94.9136
Renata	4	687061	94.9142
Restaurant	4	687065	94.9147
Right	4	687069	94.9153
Rinus	4	687073	94.9158
Roy	4	687077	94.9164
Rutuja	4	687081	94.9169
SQ	4	687085	94.9175
Same	4	687089	94.9181
Samson	4	687093	94.9186
Santiago	4	687097	94.9192
Scheveningen	4	687101	94.9197
Schoten	4	687105	94.9203
Selma	4	687109	94.9208
Shall	4	687113	94.9214
Sjoerd	4	687117	94.9219
Sonja	4	687121	94.9225
Sophie	4	687125	94.923
Spits	4	687129	94.9236
Starbucks	4	687133	94.9241
Stupid	4	687137	94.9247
Swalmen	4	687141	94.9252
T.	4	687145	94.9258
TNO	4	687149	94.9263
Tess	4	687153	94.9269
Tga	4	687157	94.9274
Thought	4	687161	94.928
Tie	4	687165	94.9286
Tjits	4	687169	94.9291
Tommy	4	687173	94.9297
Tous	4	687177	94.9302
Tralalala	4	687181	94.9308
Trek	4	687185	94.9313
Troela	4	687189	94.9319
Tschuss	4	687193	94.9324
Tschüss	4	687197	94.933
Tt	4	687201	94.9335
Tu	4	687205	94.9341
Tv	4	687209	94.9346
Tweede	4	687213	94.9352
Uhr	4	687217	94.9357
University	4	687221	94.9363
Vanaaf	4	687225	94.9368
Ventoux	4	687229	94.9374
Vietnam	4	687233	94.9379
Vincent	4	687237	94.9385
Vnv	4	687241	94.9391
Volendam	4	687245	94.9396
Vredestraat	4	687249	94.9402
WTF	4	687253	94.9407
Waaaah	4	687257	94.9413
Wait	4	687261	94.9418
Wednesday	4	687265	94.9424
Wifi	4	687269	94.9429
Wii	4	687273	94.9435
Wit	4	687277	94.944
Woehoew	4	687281	94.9446
Woman	4	687285	94.9451
Woops	4	687289	94.9457
World	4	687293	94.9462
Wouters	4	687297	94.9468
Wè	4	687301	94.9473
XM	4	687305	94.9479
Xc	4	687309	94.9484
YouTube	4	687313	94.949
Yvon	4	687317	94.9495
ZA	4	687321	94.9501
Za	4	687325	94.9507
Zijde	4	687329	94.9512
Zoe	4	687333	94.9518
Zuid	4	687337	94.9523
Zutphen	4	687341	94.9529
]	4	687345	94.9534
aaaah	4	687349	94.954
aaah	4	687353	94.9545
aaien	4	687357	94.9551
aan't	4	687361	94.9556
aandeel	4	687365	94.9562
aanhang	4	687369	94.9567
aanhanger	4	687373	94.9573
aankomend	4	687377	94.9578
aankomsttijd	4	687381	94.9584
aankunnen	4	687385	94.9589
aantekening	4	687389	94.9595
aanvallen	4	687393	94.96
aanwinst	4	687397	94.9606
achterbank	4	687401	94.9612
achterdeur	4	687405	94.9617
achterkant	4	687409	94.9623
achteruit	4	687413	94.9628
adviseren	4	687417	94.9634
aex	4	687421	94.9639
afbellen	4	687425	94.9645
afgooien	4	687429	94.965
afhangen	4	687433	94.9656
afkijken	4	687437	94.9661
afknappen	4	687441	94.9667
afleiden	4	687445	94.9672
afleveren	4	687449	94.9678
afscheidsfeest	4	687453	94.9683
afspr	4	687457	94.9689
afstappen	4	687461	94.9694
afstudeerfeest	4	687465	94.97
afwezig	4	687469	94.9705
air	4	687473	94.9711
ajb	4	687477	94.9717
aldus	4	687481	94.9722
allereerst	4	687485	94.9728
allerleukst	4	687489	94.9733
allermooist	4	687493	94.9739
allijk	4	687497	94.9744
alom	4	687501	94.975
altij	4	687505	94.9755
alv	4	687509	94.9761
ambassade	4	687513	94.9766
amstel	4	687517	94.9772
analyseren	4	687521	94.9777
ank	4	687525	94.9783
anniek	4	687529	94.9788
answer	4	687533	94.9794
anton	4	687537	94.9799
appeltaart	4	687541	94.9805
apple	4	687545	94.981
applicatie	4	687549	94.9816
area	4	687553	94.9822
argument	4	687557	94.9827
arjen	4	687561	94.9833
au	4	687565	94.9838
auditorium	4	687569	94.9844
autostrade	4	687573	94.9849
auw	4	687577	94.9855
aveve	4	687581	94.986
avondles	4	687585	94.9866
awake	4	687589	94.9871
azzuri	4	687593	94.9877
baafs	4	687597	94.9882
baaldag	4	687601	94.9888
baar	4	687605	94.9893
bacchus	4	687609	94.9899
baddie	4	687613	94.9904
barshi	4	687617	94.991
basically	4	687621	94.9915
basis	4	687625	94.9921
bastards	4	687629	94.9927
batt	4	687633	94.9932
bbq-en	4	687637	94.9938
beachen	4	687641	94.9943
beamen	4	687645	94.9949
bedtijd	4	687649	94.9954
beenhesp	4	687653	94.996
behandelen	4	687657	94.9965
bek	4	687661	94.9971
beledigen	4	687665	94.9976
beller	4	687669	94.9982
belminuut	4	687673	94.9987
benevelen	4	687677	94.9993
benzine	4	687681	94.9998
ber	4	687685	95.0004
beroerd	4	687689	95.0009
bestel	4	687693	95.0015
betwijfelen	4	687697	95.002
bevalling	4	687701	95.0026
beweren	4	687705	95.0031
bewijs	4	687709	95.0037
bezichtigen	4	687713	95.0043
bi	4	687717	95.0048
bijhouden	4	687721	95.0054
bijkeuken	4	687725	95.0059
bijzijn	4	687729	95.0065
bill	4	687733	95.007
binnenkomen	4	687737	95.0076
biologisch	4	687741	95.0081
bitch	4	687745	95.0087
bitterbal	4	687749	95.0092
blabla	4	687753	95.0098
blanca	4	687757	95.0103
blood	4	687761	95.0109
blyf	4	687765	95.0114
blyft	4	687769	95.012
blz	4	687773	95.0125
boat	4	687777	95.0131
bocht	4	687781	95.0136
boffen	4	687785	95.0142
boiler	4	687789	95.0148
bok	4	687793	95.0153
bokaal	4	687797	95.0159
boog	4	687801	95.0164
booked	4	687805	95.017
bouw	4	687809	95.0175
bovenaan	4	687813	95.0181
bron	4	687817	95.0186
brownie	4	687821	95.0192
brrr	4	687825	95.0197
buddy	4	687829	95.0203
budget	4	687833	95.0208
building	4	687837	95.0214
bunker	4	687841	95.0219
busstation	4	687845	95.0225
bèn	4	687849	95.023
camille	4	687853	95.0236
casa	4	687857	95.0241
catan	4	687861	95.0247
catch	4	687865	95.0253
cause	4	687869	95.0258
chai	4	687873	95.0264
chinees	4	687877	95.0269
cindy	4	687881	95.0275
civiel	4	687885	95.028
claimen	4	687889	95.0286
class	4	687893	95.0291
clothes	4	687897	95.0297
colleague	4	687901	95.0302
collectie	4	687905	95.0308
comment	4	687909	95.0313
compensatie	4	687913	95.0319
complex	4	687917	95.0324
conditie	4	687921	95.033
condoleren	4	687925	95.0335
conducteur	4	687929	95.0341
copy	4	687933	95.0346
correctie	4	687937	95.0352
corrie	4	687941	95.0358
count	4	687945	95.0363
couple	4	687949	95.0369
courage	4	687953	95.0374
coördinatiechemie	4	687957	95.038
cs	4	687961	95.0385
ct	4	687965	95.0391
cultureel	4	687969	95.0396
cultuur	4	687973	95.0402
cynisch	4	687977	95.0407
daarjuist	4	687981	95.0413
daartussen	4	687985	95.0418
danke	4	687989	95.0424
darling	4	687993	95.0429
dattem	4	687997	95.0435
datumprikker	4	688001	95.044
days	4	688005	95.0446
ddl	4	688009	95.0451
dead	4	688013	95.0457
del	4	688017	95.0463
dessertbuffet	4	688021	95.0468
destijds	4	688025	95.0474
dichtdoen	4	688029	95.0479
diegene	4	688033	95.0485
dier	4	688037	95.049
diesel	4	688041	95.0496
direction	4	688045	95.0501
dispuutsgenoot	4	688049	95.0507
ditmaal	4	688053	95.0512
ditto	4	688057	95.0518
doeg	4	688061	95.0523
doh	4	688065	95.0529
doin	4	688069	95.0534
donderdagavn	4	688073	95.054
doodgaan	4	688077	95.0545
doorlezen	4	688081	95.0551
doorzetten	4	688085	95.0556
dop	4	688089	95.0562
dorpsfeest	4	688093	95.0568
douane	4	688097	95.0573
downstairs	4	688101	95.0579
draad	4	688105	95.0584
dragegen	4	688109	95.059
dranktent	4	688113	95.0595
dreams	4	688117	95.0601
dress	4	688121	95.0606
dresscode	4	688125	95.0612
drij	4	688129	95.0617
drinking	4	688133	95.0623
drive	4	688137	95.0628
drogen	4	688141	95.0634
dublin	4	688145	95.0639
duik	4	688149	95.0645
dwars	4	688153	95.065
dàn	4	688157	95.0656
délice	4	688161	95.0661
e-mailadres	4	688165	95.0667
each	4	688169	95.0672
ebk	4	688173	95.0678
eddy	4	688177	95.0684
eenvoudig	4	688181	95.0689
eetplan	4	688185	95.0695
ehv	4	688189	95.07
eigenaar	4	688193	95.0706
elektrisch	4	688197	95.0711
elien	4	688201	95.0717
eline	4	688205	95.0722
emotioneel	4	688209	95.0728
engels	4	688213	95.0733
engelt	4	688217	95.0739
enquete	4	688221	95.0744
enschede	4	688225	95.075
enter	4	688229	95.0755
enthousiasme	4	688233	95.0761
entourage	4	688237	95.0766
entreprise	4	688241	95.0772
enz	4	688245	95.0777
ergeren	4	688249	95.0783
erwtensoep	4	688253	95.0789
est	4	688257	95.0794
etappe	4	688261	95.08
evalueren	4	688265	95.0805
evenement	4	688269	95.0811
evil	4	688273	95.0816
ewel	4	688277	95.0822
ex	4	688281	95.0827
exemplaar	4	688285	95.0833
face	4	688289	95.0838
familiedag	4	688293	95.0844
fancy	4	688297	95.0849
fantasie	4	688301	95.0855
fase	4	688305	95.086
fast	4	688309	95.0866
ffkes	4	688313	95.0871
fien	4	688317	95.0877
fifteen	4	688321	95.0882
fiksen	4	688325	95.0888
filmavond	4	688329	95.0894
financieel	4	688333	95.0899
fjew	4	688337	95.0905
flash	4	688341	95.091
flik	4	688345	95.0916
flot	4	688349	95.0921
forfait	4	688353	95.0927
fotograaf	4	688357	95.0932
fotoshoot	4	688361	95.0938
frietkot	4	688365	95.0943
frikandel	4	688369	95.0949
frustreren	4	688373	95.0954
ftw	4	688377	95.096
functioneren	4	688381	95.0965
galerij	4	688385	95.0971
gall	4	688389	95.0976
garanderen	4	688393	95.0982
gave	4	688397	95.0987
gdoe	4	688401	95.0993
geburtstag	4	688405	95.0999
gedeeltelijk	4	688409	95.1004
gedrag	4	688413	95.101
gehakt	4	688417	95.1015
geht's	4	688421	95.1021
geitenkaas	4	688425	95.1026
geland	4	688429	95.1032
gen	4	688433	95.1037
geoffie	4	688437	95.1043
gereedschap	4	688441	95.1048
geregeld	4	688445	95.1054
gerto	4	688449	95.1059
geschiedenis	4	688453	95.1065
getuige	4	688457	95.107
geur	4	688461	95.1076
gevangen	4	688465	95.1081
ghb	4	688469	95.1087
gids	4	688473	95.1092
gieten	4	688477	95.1098
gistere	4	688481	95.1104
gistermiddag	4	688485	95.1109
giver	4	688489	95.1115
golf	4	688493	95.112
gracias	4	688497	95.1126
grijpen	4	688501	95.1131
groepsraad	4	688505	95.1137
grotendeels	4	688509	95.1142
grts	4	688513	95.1148
grtz	4	688517	95.1153
gunnen	4	688521	95.1159
guusts	4	688525	95.1164
gwendoline	4	688529	95.117
haak	4	688533	95.1175
haande	4	688537	95.1181
hahahahaha	4	688541	95.1186
halfjaar	4	688545	95.1192
handbagage	4	688549	95.1197
handel	4	688553	95.1203
happen	4	688557	95.1208
happened	4	688561	95.1214
heavy	4	688565	95.122
heei	4	688569	95.1225
heelhuids	4	688573	95.1231
heide	4	688577	95.1236
hek	4	688581	95.1242
heks	4	688585	95.1247
help	4	688589	95.1253
hels	4	688593	95.1258
hersentumor	4	688597	95.1264
herstel	4	688601	95.1269
hes	4	688605	95.1275
hiervoor	4	688609	95.128
hoeraaaa	4	688613	95.1286
holiday	4	688617	95.1291
hood	4	688621	95.1297
hooguit	4	688625	95.1302
hooooi	4	688629	95.1308
hopduvel	4	688633	95.1313
hopelyk	4	688637	95.1319
horloge	4	688641	95.1325
hp	4	688645	95.133
humo	4	688649	95.1336
hyves	4	688653	95.1341
ice	4	688657	95.1347
ietwat	4	688661	95.1352
ijzerwake	4	688665	95.1358
ikzelf	4	688669	95.1363
il	4	688673	95.1369
indeed	4	688677	95.1374
ing	4	688681	95.138
ingredient	4	688685	95.1385
initiatief	4	688689	95.1391
inloggegeven	4	688693	95.1396
inorbit	4	688697	95.1402
inscannen	4	688701	95.1407
intake	4	688705	95.1413
internation	4	688709	95.1418
internations	4	688713	95.1424
internetten	4	688717	95.143
irc	4	688721	95.1435
issie	4	688725	95.1441
italie	4	688729	95.1446
item	4	688733	95.1452
jaah	4	688737	95.1457
jaarbeurs	4	688741	95.1463
jacht	4	688745	95.1468
jahoor	4	688749	95.1474
jaszak	4	688753	95.1479
jawalakhel	4	688757	95.1485
jeugdherberg	4	688761	95.149
jeuh	4	688765	95.1496
jezus	4	688769	95.1501
jobbeurs	4	688773	95.1507
joined	4	688777	95.1512
jokos	4	688781	95.1518
jongleren	4	688785	95.1523
joor	4	688789	95.1529
jorien	4	688793	95.1535
jos	4	688797	95.154
joy	4	688801	95.1546
jubileum	4	688805	95.1551
juf	4	688809	95.1557
kaaskroket	4	688813	95.1562
kabouter	4	688817	95.1568
kakken	4	688821	95.1573
kandidaat	4	688825	95.1579
kano	4	688829	95.1584
kansberekening	4	688833	95.159
kapelweekend	4	688837	95.1595
kar	4	688841	95.1601
karig	4	688845	95.1606
kasticket	4	688849	95.1612
kbegin	4	688853	95.1617
keigoed	4	688857	95.1623
kenzo	4	688861	95.1628
keren	4	688865	95.1634
kerol	4	688869	95.164
kerstpakket	4	688873	95.1645
keuren	4	688877	95.1651
kiado	4	688881	95.1656
kirsten	4	688885	95.1662
kkan	4	688889	95.1667
klaarzetten	4	688893	95.1673
kleuren	4	688897	95.1678
klomp	4	688901	95.1684
kloten	4	688905	95.1689
knippen	4	688909	95.1695
knopen	4	688913	95.17
knutselen	4	688917	95.1706
koer	4	688921	95.1711
koffiepauze	4	688925	95.1717
komend	4	688929	95.1722
kooi	4	688933	95.1728
kookteam	4	688937	95.1733
koppelen	4	688941	95.1739
koptelefoon	4	688945	95.1744
kraam	4	688949	95.175
kraamvisite	4	688953	95.1756
kraken	4	688957	95.1761
kramp	4	688961	95.1767
krentenbol	4	688965	95.1772
kringweekend	4	688969	95.1778
kroket	4	688973	95.1783
krygen	4	688977	95.1789
kstuur	4	688981	95.1794
kurla	4	688985	95.18
kusjesaanval	4	688989	95.1805
kuskus	4	688993	95.1811
kuskuskuskus	4	688997	95.1816
kust	4	689001	95.1822
kvoel	4	689005	95.1827
kw	4	689009	95.1833
kwetsen	4	689013	95.1838
kwijtgeraken	4	689017	95.1844
kyk	4	689021	95.1849
kzalt	4	689025	95.1855
kzullen	4	689029	95.1861
ké	4	689033	95.1866
labo	4	689037	95.1872
lacanau	4	689041	95.1877
lam	4	689045	95.1883
lampiris	4	689049	95.1888
langsbrengen	4	689053	95.1894
lawaai	4	689057	95.1899
layout	4	689061	95.1905
lcd	4	689065	95.191
leeuw	4	689069	95.1916
legendarisch	4	689073	95.1921
leider	4	689077	95.1927
leiderscursus	4	689081	95.1932
lekkerding	4	689085	95.1938
leon	4	689089	95.1943
leutig	4	689093	95.1949
lib	4	689097	95.1954
lichtervelde	4	689101	95.196
lille	4	689105	95.1966
linde	4	689109	95.1971
linkerkant	4	689113	95.1977
linking	4	689117	95.1982
lisette	4	689121	95.1988
literatuurstudie	4	689125	95.1993
lobby	4	689129	95.1999
lodewijkscollege	4	689133	95.2004
logistiek	4	689137	95.201
london	4	689141	95.2015
loos	4	689145	95.2021
loslaten	4	689149	95.2026
luid	4	689153	95.2032
lumen	4	689157	95.2037
lunchpauze	4	689161	95.2043
m.	4	689165	95.2048
maaike	4	689169	95.2054
maarten	4	689173	95.2059
maas	4	689177	95.2065
maastricht	4	689181	95.2071
machen	4	689185	95.2076
machinist	4	689189	95.2082
macht	4	689193	95.2087
maffen	4	689197	95.2093
makes	4	689201	95.2098
malderen	4	689205	95.2104
malen	4	689209	95.2109
mall	4	689213	95.2115
manager	4	689217	95.212
margriet	4	689221	95.2126
marian	4	689225	95.2131
materie	4	689229	95.2137
matthijs	4	689233	95.2142
maxim	4	689237	95.2148
mayo	4	689241	95.2153
meant	4	689245	95.2159
mechanica	4	689249	95.2164
meeneme	4	689253	95.217
meepakkn	4	689257	95.2176
meepikken	4	689261	95.2181
mi	4	689265	95.2187
mich	4	689269	95.2192
middelbaar	4	689273	95.2198
miek	4	689277	95.2203
miepmiep	4	689281	95.2209
mietje	4	689285	95.2214
ministerie	4	689289	95.222
minor	4	689293	95.2225
miserie	4	689297	95.2231
mislopen	4	689301	95.2236
missch	4	689305	95.2242
misverstand	4	689309	95.2247
mits	4	689313	95.2253
mixer	4	689317	95.2258
mogelyk	4	689321	95.2264
money	4	689325	95.2269
monique	4	689329	95.2275
monk	4	689333	95.2281
monster	4	689337	95.2286
moving	4	689341	95.2292
muf	4	689345	95.2297
mundial	4	689349	95.2303
muse	4	689353	95.2308
music	4	689357	95.2314
muze	4	689361	95.2319
mvg	4	689365	95.2325
mét	4	689369	95.233
méér	4	689373	95.2336
nachttrein	4	689377	95.2341
nadien	4	689381	95.2347
nagel	4	689385	95.2352
napraten	4	689389	95.2358
navigator	4	689393	95.2363
nekkanacht	4	689397	95.2369
nerd	4	689401	95.2374
nietes	4	689405	95.238
nja	4	689409	95.2385
njet	4	689413	95.2391
nous	4	689417	95.2397
nu.nl	4	689421	95.2402
nèt	4	689425	95.2408
obviously	4	689429	95.2413
od	4	689433	95.2419
oeee	4	689437	95.2424
often	4	689441	95.243
oftewel	4	689445	95.2435
ohhh	4	689449	95.2441
oi	4	689453	95.2446
oldenzaal	4	689457	95.2452
olijf	4	689461	95.2457
olé	4	689465	95.2463
omdak	4	689469	95.2468
omdraaien	4	689473	95.2474
omkomen	4	689477	95.2479
omlaag	4	689481	95.2485
omnom	4	689485	95.249
omzeilen	4	689489	95.2496
onaardig	4	689493	95.2502
once	4	689497	95.2507
onderaan	4	689501	95.2513
onderst	4	689505	95.2518
onee	4	689509	95.2524
ontbreken	4	689513	95.2529
onterecht	4	689517	95.2535
ontslaan	4	689521	95.254
oops	4	689525	95.2546
opbergen	4	689529	95.2551
opereren	4	689533	95.2557
opjagen	4	689537	95.2562
opknappen	4	689541	95.2568
opmeten	4	689545	95.2573
opname	4	689549	95.2579
opzich	4	689553	95.2584
opzij	4	689557	95.259
others	4	689561	95.2595
oudje	4	689565	95.2601
overbodig	4	689569	95.2607
overeen	4	689573	95.2612
overeenkomst	4	689577	95.2618
overhemd	4	689581	95.2623
overpoort	4	689585	95.2629
owkay	4	689589	95.2634
pand	4	689593	95.264
panel	4	689597	95.2645
panos	4	689601	95.2651
paperen	4	689605	95.2656
parade	4	689609	95.2662
parket	4	689613	95.2667
peer	4	689617	95.2673
peper	4	689621	95.2678
peptalk	4	689625	95.2684
perongeluk	4	689629	95.2689
person	4	689633	95.2695
perspectief	4	689637	95.27
pffffft	4	689641	95.2706
piep	4	689645	95.2712
pissen	4	689649	95.2717
piste	4	689653	95.2723
pita	4	689657	95.2728
pitch	4	689661	95.2734
plas	4	689665	95.2739
plassen	4	689669	95.2745
playing	4	689673	95.275
pleuren	4	689677	95.2756
plu	4	689681	95.2761
plug	4	689685	95.2767
pluim	4	689689	95.2772
plukken	4	689693	95.2778
pm	4	689697	95.2783
polo	4	689701	95.2789
pols	4	689705	95.2794
poolen	4	689709	95.28
poort	4	689713	95.2805
porto	4	689717	95.2811
portugal	4	689721	95.2817
postcode	4	689725	95.2822
postersessie	4	689729	95.2828
postvak	4	689733	95.2833
power	4	689737	95.2839
praesidiumlokaal	4	689741	95.2844
price	4	689745	95.285
procedure	4	689749	95.2855
promotie	4	689753	95.2861
proppen	4	689757	95.2866
provider	4	689761	95.2872
pssst	4	689765	95.2877
psycho	4	689769	95.2883
pubkwis	4	689773	95.2888
quality	4	689777	95.2894
question	4	689781	95.2899
raad	4	689785	95.2905
raadsel	4	689789	95.291
raincheck	4	689793	95.2916
ram	4	689797	95.2921
ramp	4	689801	95.2927
rand	4	689805	95.2933
rapport	4	689809	95.2938
rat	4	689813	95.2944
recent	4	689817	95.2949
reistijd	4	689821	95.2955
rekeningnr	4	689825	95.296
rekenmachine	4	689829	95.2966
rel	4	689833	95.2971
repetitie	4	689837	95.2977
reserve	4	689841	95.2982
richard	4	689845	95.2988
richten	4	689849	95.2993
rijexamen	4	689853	95.2999
ritme	4	689857	95.3004
rn	4	689861	95.301
rob	4	689865	95.3015
rommel	4	689869	95.3021
rondkijken	4	689873	95.3026
rook	4	689877	95.3032
rose	4	689881	95.3038
ru	4	689885	95.3043
ruk	4	689889	95.3049
rum	4	689893	95.3054
rutger	4	689897	95.306
sabbe	4	689901	95.3065
said	4	689905	95.3071
sam	4	689909	95.3076
sander	4	689913	95.3082
sat	4	689917	95.3087
saus	4	689921	95.3093
schattebol	4	689925	95.3098
schatting	4	689929	95.3104
schenken	4	689933	95.3109
scheppen	4	689937	95.3115
schimmel	4	689941	95.312
schoolwerk	4	689945	95.3126
schrijfwijzerdag	4	689949	95.3131
schuren	4	689953	95.3137
scripting	4	689957	95.3143
seat	4	689961	95.3148
sebiets	4	689965	95.3154
seems	4	689969	95.3159
sept.	4	689973	95.3165
shame	4	689977	95.317
shana	4	689981	95.3176
shine	4	689985	95.3181
shoarma	4	689989	95.3187
short	4	689993	95.3192
sim	4	689997	95.3198
sinaasappel	4	690001	95.3203
sinterweekend	4	690005	95.3209
sitting	4	690009	95.3214
sjaal	4	690013	95.322
sjorren	4	690017	95.3225
skagerrak	4	690021	95.3231
skeeleren	4	690025	95.3236
ski	4	690029	95.3242
skills	4	690033	95.3248
skiëen	4	690037	95.3253
sky	4	690041	95.3259
slaapkus	4	690045	95.3264
slang	4	690049	95.327
slaper	4	690053	95.3275
sleeping	4	690057	95.3281
slet	4	690061	95.3286
slides	4	690065	95.3292
smiley	4	690069	95.3297
sms-je	4	690073	95.3303
smsn	4	690077	95.3308
smurf	4	690081	95.3314
sneu	4	690085	95.3319
snikheet	4	690089	95.3325
soap	4	690093	95.333
social	4	690097	95.3336
software	4	690101	95.3341
sok	4	690105	95.3347
soll	4	690109	95.3353
someone	4	690113	95.3358
somewhere	4	690117	95.3364
song	4	690121	95.3369
sp	4	690125	95.3375
space	4	690129	95.338
spaghettiavond	4	690133	95.3386
spam	4	690137	95.3391
spar	4	690141	95.3397
speech	4	690145	95.3402
spellen	4	690149	95.3408
spijker	4	690153	95.3413
spoorloos	4	690157	95.3419
sportbroek	4	690161	95.3424
sportdag	4	690165	95.343
squashbaan	4	690169	95.3435
sst	4	690173	95.3441
stagedag	4	690177	95.3446
staking	4	690181	95.3452
stapavond	4	690185	95.3457
steve	4	690189	95.3463
stoom	4	690193	95.3469
stralen	4	690197	95.3474
stranden	4	690201	95.348
street	4	690205	95.3485
strip	4	690209	95.3491
studieadviseur	4	690213	95.3496
studying	4	690217	95.3502
subtiel	4	690221	95.3507
subway	4	690225	95.3513
such	4	690229	95.3518
sucks	4	690233	95.3524
suggest	4	690237	95.3529
sukkelaar	4	690241	95.3535
superblij	4	690245	95.354
superfijn	4	690249	95.3546
supergezellig	4	690253	95.3551
superhard	4	690257	95.3557
superslecht	4	690261	95.3562
support	4	690265	95.3568
tappen	4	690269	95.3574
td	4	690273	95.3579
teen	4	690277	95.3585
tegel	4	690281	95.359
tegenbericht	4	690285	95.3596
telenet	4	690289	95.3601
tennis	4	690293	95.3607
terugkeren	4	690297	95.3612
terugkijken	4	690301	95.3618
terugkrijgen	4	690305	95.3623
thans	4	690309	95.3629
thebben	4	690313	95.3634
their	4	690317	95.364
these	4	690321	95.3645
thuisraken	4	690325	95.3651
tikken	4	690329	95.3656
tm	4	690333	95.3662
toegang	4	690337	95.3667
toegeven	4	690341	95.3673
toekomst	4	690345	95.3679
toepassen	4	690349	95.3684
tolerantie	4	690353	95.369
tong	4	690357	95.3695
tons	4	690361	95.3701
topidee	4	690365	95.3706
toren	4	690369	95.3712
transparant	4	690373	95.3717
trappen	4	690377	95.3723
treden	4	690381	95.3728
tssk	4	690385	95.3734
tubbie	4	690389	95.3739
tuig	4	690393	95.3745
tunnel	4	690397	95.375
turkije	4	690401	95.3756
turnen	4	690405	95.3761
tut	4	690409	95.3767
tweeen	4	690413	95.3772
tzem	4	690417	95.3778
tzt	4	690421	95.3784
tóch	4	690425	95.3789
uberhaupt	4	690429	95.3795
uithalen	4	690433	95.38
uitkomst	4	690437	95.3806
uitputten	4	690441	95.3811
uitspelen	4	690445	95.3817
uitwerken	4	690449	95.3822
uitzenden	4	690453	95.3828
uitzondering	4	690457	95.3833
under	4	690461	95.3839
uns	4	690465	95.3844
usb	4	690469	95.385
usc	4	690473	95.3855
used	4	690477	95.3861
ut	4	690481	95.3866
vakantieman	4	690485	95.3872
valkhof	4	690489	95.3877
vantevoren	4	690493	95.3883
vasthouden	4	690497	95.3889
verantwoord	4	690501	95.3894
verband	4	690505	95.39
verbazen	4	690509	95.3905
verbieden	4	690513	95.3911
verbouwen	4	690517	95.3916
verdelen	4	690521	95.3922
verden	4	690525	95.3927
vergelijkbaar	4	690529	95.3933
vergete	4	690533	95.3938
verkiezen	4	690537	95.3944
verlanglijst	4	690541	95.3949
verleidelijk	4	690545	95.3955
vermijden	4	690549	95.396
vermoorden	4	690553	95.3966
verschuiven	4	690557	95.3971
versieren	4	690561	95.3977
vertalen	4	690565	95.3982
verven	4	690569	95.3988
verwarmen	4	690573	95.3994
verzameling	4	690577	95.3999
veto	4	690581	95.4005
veul	4	690585	95.401
vice	4	690589	95.4016
vissen	4	690593	95.4021
vluchten	4	690597	95.4027
vluchtnummer	4	690601	95.4032
vndg	4	690605	95.4038
voeding	4	690609	95.4043
voegen	4	690613	95.4049
voila	4	690617	95.4054
voldaan	4	690621	95.406
volkoren	4	690625	95.4065
volleyballen	4	690629	95.4071
voltage	4	690633	95.4076
voltijds	4	690637	95.4082
vooralsnog	4	690641	95.4087
voornaam	4	690645	95.4093
voornamelijk	4	690649	95.4098
voorprogramma	4	690653	95.4104
voorspelling	4	690657	95.411
voorspoedig	4	690661	95.4115
vooruitzicht	4	690665	95.4121
vormen	4	690669	95.4126
vp	4	690673	95.4132
vrachtwagen	4	690677	95.4137
vrage	4	690681	95.4143
vriezen	4	690685	95.4148
vrijdagochtend	4	690689	95.4154
vrijgezellenfeest	4	690693	95.4159
vrind	4	690697	95.4165
vuilnis	4	690701	95.417
wachtn	4	690705	95.4176
wafel	4	690709	95.4181
walk	4	690713	95.4187
wan	4	690717	95.4192
wants	4	690721	95.4198
wdj	4	690725	95.4203
wedding	4	690729	95.4209
wegdoen	4	690733	95.4215
wegleggen	4	690737	95.422
wegrijden	4	690741	95.4226
wehl	4	690745	95.4231
wekelijks	4	690749	95.4237
wekken	4	690753	95.4242
weleens	4	690757	95.4248
wer	4	690761	95.4253
werkelijkheid	4	690765	95.4259
werkn	4	690769	95.4264
wh	4	690773	95.427
whatever	4	690777	95.4275
whatsappen	4	690781	95.4281
wieke	4	690785	95.4286
wiel	4	690789	95.4292
willem	4	690793	95.4297
wir	4	690797	95.4303
wishes	4	690801	95.4308
wisselstoring	4	690805	95.4314
witten	4	690809	95.432
woensdagmiddag	4	690813	95.4325
woensdagnamiddag	4	690817	95.4331
wokken	4	690821	95.4336
woman	4	690825	95.4342
woodside	4	690829	95.4347
woordenboek	4	690833	95.4353
woow	4	690837	95.4358
wortel	4	690841	95.4364
wèl	4	690845	95.4369
wél	4	690849	95.4375
xc	4	690853	95.438
xml	4	690857	95.4386
xxkirsten	4	690861	95.4391
xxl	4	690865	95.4397
xxxxxxx	4	690869	95.4402
xxxxxxxx	4	690873	95.4408
xxxxxxxxxxxxx	4	690877	95.4413
yoga	4	690881	95.4419
zadel	4	690885	95.4425
zand	4	690889	95.443
zaterdagmiddag	4	690893	95.4436
zaza	4	690897	95.4441
zeggn	4	690901	95.4447
zeiknat	4	690905	95.4452
zelden	4	690909	95.4458
zelfmoord	4	690913	95.4463
zeveren	4	690917	95.4469
ziel	4	690921	95.4474
ziens	4	690925	95.448
zinne	4	690929	95.4485
zis	4	690933	95.4491
zone	4	690937	95.4496
zott	4	690941	95.4502
zowat	4	690945	95.4507
zwak	4	690949	95.4513
zwembroek	4	690953	95.4518
zweven	4	690957	95.4524
zwynaarde	4	690961	95.453
ça	4	690965	95.4535
überhaupt	4	690969	95.4541
,1	3	690972	95.4545
,5	3	690975	95.4549
-!	3	690978	95.4553
-11	3	690981	95.4557
-12	3	690984	95.4561
-18	3	690987	95.4565
-4	3	690990	95.457
-5	3	690993	95.4574
0.00	3	690996	95.4578
1,8	3	690999	95.4582
10,2	3	691002	95.4586
10.30	3	691005	95.459
101	3	691008	95.4594
102	3	691011	95.4599
114	3	691014	95.4603
115	3	691017	95.4607
12.30	3	691020	95.4611
1245	3	691023	95.4615
12:10	3	691026	95.4619
13.00	3	691029	95.4623
130	3	691032	95.4628
132	3	691035	95.4632
1330	3	691038	95.4636
13:15	3	691041	95.464
14.30	3	691044	95.4644
1400	3	691047	95.4648
15.30	3	691050	95.4652
1530	3	691053	95.4657
160	3	691056	95.4661
1600	3	691059	95.4665
1630	3	691062	95.4669
16:00	3	691065	95.4673
17.30	3	691068	95.4677
1700	3	691071	95.4681
1730	3	691074	95.4686
175	3	691077	95.469
18.00	3	691080	95.4694
1830	3	691083	95.4698
19.30	3	691086	95.4702
1900	3	691089	95.4706
20.00	3	691092	95.471
2015	3	691095	95.4715
20e	3	691098	95.4719
210	3	691101	95.4723
2130	3	691104	95.4727
2200	3	691107	95.4731
230	3	691110	95.4735
23:00	3	691113	95.4739
23ste	3	691116	95.4744
240	3	691119	95.4748
250	3	691122	95.4752
25ste	3	691125	95.4756
305	3	691128	95.476
31610728743	3	691131	95.4764
350	3	691134	95.4768
3de	3	691137	95.4773
450	3	691140	95.4777
459	3	691143	95.4781
4e	3	691146	95.4785
546	3	691149	95.4789
6,2	3	691152	95.4793
6.2	3	691155	95.4798
6.30	3	691158	95.4802
62	3	691161	95.4806
6543	3	691164	95.481
67	3	691167	95.4814
71	3	691170	95.4818
7:45	3	691173	95.4822
800	3	691176	95.4827
83	3	691179	95.4831
8310	3	691182	95.4835
84	3	691185	95.4839
8e	3	691188	95.4843
91	3	691191	95.4847
930	3	691194	95.4851
97	3	691197	95.4856
99	3	691200	95.486
9:40	3	691203	95.4864
9e	3	691206	95.4868
:-o	3	691209	95.4872
;(	3	691212	95.4876
;-(	3	691215	95.488
;-))	3	691218	95.4885
AB	3	691221	95.4889
AVC	3	691224	95.4893
Aaargh	3	691227	95.4897
Achja	3	691230	95.4901
Adriaan	3	691233	95.4905
Allen	3	691236	95.4909
Allé	3	691239	95.4914
Alphen	3	691242	95.4918
Alstu	3	691245	95.4922
Andalusie	3	691248	95.4926
Andreas	3	691251	95.493
Angelique	3	691254	95.4934
Anne-Marie	3	691257	95.4938
Annika	3	691260	95.4943
Arie	3	691263	95.4947
Arne	3	691266	95.4951
Arts	3	691269	95.4955
Aswin	3	691272	95.4959
Australië	3	691275	95.4963
BDK	3	691278	95.4967
BP	3	691281	95.4972
BV	3	691284	95.4976
Barbie	3	691287	95.498
Barca	3	691290	95.4984
Barcelona	3	691293	95.4988
Basta	3	691296	95.4992
Beatles	3	691299	95.4996
Bed	3	691302	95.5001
Beer	3	691305	95.5005
Bende	3	691308	95.5009
Berdieke	3	691311	95.5013
Bergen	3	691314	95.5017
Bergschenhoek	3	691317	95.5021
Biomoleculen	3	691320	95.5025
Bis	3	691323	95.503
Black	3	691326	95.5034
Bleg	3	691329	95.5038
Bonne	3	691332	95.5042
Boxtel	3	691335	95.5046
Brammetje	3	691338	95.505
Brand	3	691341	95.5054
Brood	3	691344	95.5059
Bruxelles	3	691347	95.5063
Butler	3	691350	95.5067
Bwino	3	691353	95.5071
C	3	691356	95.5075
C.S.R.	3	691359	95.5079
CA	3	691362	95.5083
Cafe	3	691365	95.5088
Carel	3	691368	95.5092
Cassius	3	691371	95.5096
Ceder	3	691374	95.51
Charleroi	3	691377	95.5104
Check	3	691380	95.5108
Chen	3	691383	95.5112
Chicken	3	691386	95.5117
Chili	3	691389	95.5121
Clancy's	3	691392	95.5125
Clinge	3	691395	95.5129
Clooney	3	691398	95.5133
Close	3	691401	95.5137
Cola	3	691404	95.5141
Comment	3	691407	95.5146
DC	3	691410	95.515
DH	3	691413	95.5154
Dana	3	691416	95.5158
Daniel	3	691419	95.5162
Danny	3	691422	95.5166
Deak	3	691425	95.517
Dear	3	691428	95.5175
Denise	3	691431	95.5179
Dexter	3	691434	95.5183
Di	3	691437	95.5187
Didi	3	691440	95.5191
Dikke	3	691443	95.5195
Dimitri	3	691446	95.52
Donau	3	691449	95.5204
Donna	3	691452	95.5208
Drinks	3	691455	95.5212
Du	3	691458	95.5216
Dul	3	691461	95.522
EWI	3	691464	95.5224
Early	3	691467	95.5229
Easy	3	691470	95.5233
Ee	3	691473	95.5237
Eej	3	691476	95.5241
Effenaar	3	691479	95.5245
Eldenia	3	691482	95.5249
Eldrid	3	691485	95.5253
Elmo	3	691488	95.5258
Elst	3	691491	95.5262
Emile	3	691494	95.5266
Euhm	3	691497	95.527
Eveline	3	691500	95.5274
Evy	3	691503	95.5278
FIFA	3	691506	95.5282
Felix	3	691509	95.5287
File	3	691512	95.5291
Finally	3	691515	95.5295
First	3	691518	95.5299
Fogashaz	3	691521	95.5303
Frederik	3	691524	95.5307
French	3	691527	95.5311
Fuik	3	691530	95.5316
G	3	691533	95.532
GB	3	691536	95.5324
GVD	3	691539	95.5328
Geoffie	3	691542	95.5332
Gerjanne	3	691545	95.5336
Gert	3	691548	95.534
Godor	3	691551	95.5345
Gogogo	3	691554	95.5349
Gouda	3	691557	95.5353
Gouden	3	691560	95.5357
Gps	3	691563	95.5361
Grand	3	691566	95.5365
Graslei	3	691569	95.5369
Greta	3	691572	95.5374
Grolsch	3	691575	95.5378
HOERA	3	691578	95.5382
Haa	3	691581	95.5386
Haarlem	3	691584	95.539
Haja	3	691587	95.5394
Halte	3	691590	95.5398
Hard	3	691593	95.5403
Havana	3	691596	95.5407
Havent	3	691599	95.5411
Heeey	3	691602	95.5415
Heidi	3	691605	95.5419
Helen	3	691608	95.5423
Hen	3	691611	95.5427
Hengelo	3	691614	95.5432
Hero	3	691617	95.5436
Heul	3	691620	95.544
Heya	3	691623	95.5444
Heyy	3	691626	95.5448
Hii	3	691629	95.5452
Hmja	3	691632	95.5456
Hmm	3	691635	95.5461
Hoei	3	691638	95.5465
Hoii	3	691641	95.5469
Holy	3	691644	95.5473
Hongarije	3	691647	95.5477
Hoppa	3	691650	95.5481
Houten	3	691653	95.5485
Hug	3	691656	95.549
Huis	3	691659	95.5494
Hurry	3	691662	95.5498
Héél	3	691665	95.5502
ID	3	691668	95.5506
IVN	3	691671	95.551
Ier	3	691674	95.5514
Inorbit	3	691677	95.5519
Italie	3	691680	95.5523
JOU	3	691683	95.5527
JW	3	691686	95.5531
Jaaaaah	3	691689	95.5535
Jackson	3	691692	95.5539
Jazz	3	691695	95.5543
Jeej	3	691698	95.5548
Jef	3	691701	95.5552
Jelle	3	691704	95.5556
Jelmer	3	691707	95.556
Jette	3	691710	95.5564
Joah	3	691713	95.5568
Job	3	691716	95.5573
Jobs	3	691719	95.5577
Johny	3	691722	95.5581
Join	3	691725	95.5585
Jonathan	3	691728	95.5589
Joni	3	691731	95.5593
Joshua	3	691734	95.5597
Joyce	3	691737	95.5602
Judith	3	691740	95.5606
Julia	3	691743	95.561
Jupiter	3	691746	95.5614
Juste	3	691749	95.5618
Justus	3	691752	95.5622
KUS	3	691755	95.5626
Kaapstad	3	691758	95.5631
Kaat	3	691761	95.5635
Keleti	3	691764	95.5639
Kelis	3	691767	95.5643
Kinda	3	691770	95.5647
Koenraad	3	691773	95.5651
Kopi	3	691776	95.5655
Kpeis	3	691779	95.566
Kruidvat	3	691782	95.5664
Kweetni	3	691785	95.5668
Kzit	3	691788	95.5672
Lacanau	3	691791	95.5676
Lady	3	691794	95.568
Last	3	691797	95.5684
Lenie	3	691800	95.5689
Leren	3	691803	95.5693
Les	3	691806	95.5697
Let	3	691809	95.5701
Lionne	3	691812	95.5705
Live	3	691815	95.5709
Loos	3	691818	95.5713
Lowlands	3	691821	95.5718
Luuk	3	691824	95.5722
Luwak	3	691827	95.5726
Lyon	3	691830	95.573
MADNESS	3	691833	95.5734
MB	3	691836	95.5738
Maag	3	691839	95.5742
Maargoed	3	691842	95.5747
Mac	3	691845	95.5751
Madness	3	691848	95.5755
Malta	3	691851	95.5759
Man	3	691854	95.5763
Margrietha	3	691857	95.5767
Mari	3	691860	95.5771
Maria	3	691863	95.5776
Mario	3	691866	95.578
Marjans	3	691869	95.5784
Marjet	3	691872	95.5788
Marks	3	691875	95.5792
Match	3	691878	95.5796
Mats	3	691881	95.58
Maurits	3	691884	95.5805
Meerkerk	3	691887	95.5809
Merlin	3	691890	95.5813
Mexico	3	691893	95.5817
Midi	3	691896	95.5821
Milaan	3	691899	95.5825
Mo	3	691902	95.5829
Moguh	3	691905	95.5834
Most	3	691908	95.5838
Mr.	3	691911	95.5842
Muhahaha	3	691914	95.5846
Mulisch	3	691917	95.585
Mundial	3	691920	95.5854
NL.	3	691923	95.5858
NOT	3	691926	95.5863
Name	3	691929	95.5867
Nancy	3	691932	95.5871
Nathalie	3	691935	95.5875
Nicole	3	691938	95.5879
O.	3	691941	95.5883
OMG	3	691944	95.5887
Ohhh	3	691947	95.5892
Ooh	3	691950	95.5896
Opera	3	691953	95.59
Overleg	3	691956	95.5904
PM	3	691959	95.5908
Pangaea	3	691962	95.5912
Paolo	3	691965	95.5916
Paris	3	691968	95.5921
Pascal	3	691971	95.5925
Pearle	3	691974	95.5929
Pepsi	3	691977	95.5933
Phone(Mobiel)	3	691980	95.5937
Photoshop	3	691983	95.5941
Pieterjan	3	691986	95.5945
Pij	3	691989	95.595
Ping	3	691992	95.5954
Plato	3	691995	95.5958
Polen	3	691998	95.5962
Probably	3	692001	95.5966
Pub	3	692004	95.597
Put	3	692007	95.5975
QM	3	692010	95.5979
Rabo	3	692013	95.5983
Radiohead	3	692016	95.5987
Remember	3	692019	95.5991
Renni	3	692022	95.5995
Reuver	3	692025	95.5999
Rianne	3	692028	95.6004
Rijsel	3	692031	95.6008
Rik	3	692034	95.6012
Rina	3	692037	95.6016
Robert	3	692040	95.602
Roemenie	3	692043	95.6024
Roeselare	3	692046	95.6028
Rolf	3	692049	95.6033
Ronald	3	692052	95.6037
Rosalie	3	692055	95.6041
Rose	3	692058	95.6045
Rudi	3	692061	95.6049
Ruth	3	692064	95.6053
Saartje	3	692067	95.6057
Samsung	3	692070	95.6062
Sara	3	692073	95.6066
Schaaaat	3	692076	95.607
Schijf	3	692079	95.6074
Schneider	3	692082	95.6078
Seven	3	692085	95.6082
Sevilla	3	692088	95.6086
Share	3	692091	95.6091
She	3	692094	95.6095
Siena	3	692097	95.6099
Sjonge	3	692100	95.6103
Skat	3	692103	95.6107
Something	3	692106	95.6111
Sori	3	692109	95.6115
Spanish	3	692112	95.612
Speeltuin	3	692115	95.6124
Start	3	692118	95.6128
Stefaan	3	692121	95.6132
Steven	3	692124	95.6136
Stoffel	3	692127	95.614
Stoute	3	692130	95.6144
Studio	3	692133	95.6149
Sybo	3	692136	95.6153
T-Mobile	3	692139	95.6157
THE	3	692142	95.6161
TIM	3	692145	95.6165
Tanzania	3	692148	95.6169
Teur	3	692151	95.6173
Theo	3	692154	95.6178
Tijs	3	692157	95.6182
Time	3	692160	95.6186
Timmos	3	692163	95.619
Timo	3	692166	95.6194
Tini	3	692169	95.6198
Tiny	3	692172	95.6202
Tisda	3	692175	95.6207
Tjah	3	692178	95.6211
Tkan	3	692181	95.6215
Told	3	692184	95.6219
Tomo	3	692187	95.6223
Tour	3	692190	95.6227
Treurniet	3	692193	95.6231
Tristan	3	692196	95.6236
Twitter	3	692199	95.624
USC	3	692202	95.6244
Utca	3	692205	95.6248
VNJ	3	692208	95.6252
Valkenburg	3	692211	95.6256
Veerle	3	692214	95.626
Vegas	3	692217	95.6265
Vodafone	3	692220	95.6269
Voice	3	692223	95.6273
Volkskrant	3	692226	95.6277
Vree	3	692229	95.6281
Vries	3	692232	95.6285
Waiting	3	692235	95.6289
Wakefield	3	692238	95.6294
Wally	3	692241	95.6298
Wanted	3	692244	95.6302
Watt	3	692247	95.6306
Way	3	692250	95.631
Westen	3	692253	95.6314
Which	3	692256	95.6318
Wie	3	692259	95.6323
Wil	3	692262	95.6327
Wiljo	3	692265	95.6331
Wilko	3	692268	95.6335
Willy	3	692271	95.6339
Willy's	3	692274	95.6343
Wir	3	692277	95.6347
Work	3	692280	95.6352
Ww	3	692283	95.6356
XO	3	692286	95.636
XXXXXXXXXXXXXXXXXXX	3	692289	95.6364
XXXXXXXXXXXXXXXXXXXXX	3	692292	95.6368
XXxxXX	3	692295	95.6372
Yoyo	3	692298	95.6377
Zkh	3	692301	95.6381
Zutendaal	3	692304	95.6385
Zweeds	3	692307	95.6389
Zyn	3	692310	95.6393
aaaaah	3	692313	95.6397
aangifte	3	692316	95.6401
aanhouden	3	692319	95.6406
aanmaken	3	692322	95.641
aannemer	3	692325	95.6414
aanrijding	3	692328	95.6418
aanschaffen	3	692331	95.6422
aanstaand	3	692334	95.6426
aansteken	3	692337	95.643
aanvaarden	3	692340	95.6435
aanval	3	692343	95.6439
aanvang	3	692346	95.6443
aanwaaien	3	692349	95.6447
aanzet	3	692352	95.6451
aard	3	692355	95.6455
aber	3	692358	95.6459
abo	3	692361	95.6464
acceptabel	3	692364	95.6468
access	3	692367	95.6472
accident	3	692370	95.6476
according	3	692373	95.648
accounting	3	692376	95.6484
achillespees	3	692379	95.6488
achterhalen	3	692382	95.6493
achterhoofd	3	692385	95.6497
act	3	692388	95.6501
adviseur	3	692391	95.6505
affectie	3	692394	95.6509
affiche	3	692397	95.6513
afhandelen	3	692400	95.6517
afleiding	3	692403	95.6522
afloop	3	692406	95.6526
afmelden	3	692409	95.653
afmeting	3	692412	95.6534
afreageren	3	692415	95.6538
afslag	3	692418	95.6542
afstemmen	3	692421	95.6546
aftap	3	692424	95.6551
afvallen	3	692427	95.6555
age	3	692430	95.6559
agent	3	692433	95.6563
airport	3	692436	95.6567
aja	3	692439	95.6571
ajuinfeest	3	692442	95.6575
akelig	3	692445	95.658
alex	3	692448	95.6584
alf	3	692451	95.6588
allerlaatst	3	692454	95.6592
allerlekker	3	692457	95.6596
allicht	3	692460	95.66
allright	3	692463	95.6604
almanak	3	692466	95.6609
alright	3	692469	95.6613
althans	3	692472	95.6617
amaretto	3	692475	95.6621
ambedkar	3	692478	95.6625
ambtenaar	3	692481	95.6629
anais	3	692484	95.6633
analyse	3	692487	95.6638
anarchie	3	692490	95.6642
andy	3	692493	95.6646
aniek	3	692496	95.665
ann	3	692499	95.6654
annelies	3	692502	95.6658
annuleren	3	692505	95.6662
apeldoorn	3	692508	95.6667
apologies	3	692511	95.6671
apotheker	3	692514	95.6675
apr	3	692517	95.6679
architectuur	3	692520	95.6683
arentien	3	692523	95.6687
armband	3	692526	95.6691
artistiek	3	692529	95.6696
asperge	3	692532	95.67
ass	3	692535	95.6704
assesment	3	692538	95.6708
asus	3	692541	95.6712
aswolk	3	692544	95.6716
athena	3	692547	95.672
auch	3	692550	95.6725
aug.	3	692553	95.6729
aukoerek	3	692556	95.6733
autocorrect	3	692559	95.6737
autocorrectie	3	692562	95.6741
autocross	3	692565	95.6745
autos	3	692568	95.6749
avan	3	692571	95.6754
avondschool	3	692574	95.6758
avondzon	3	692577	95.6762
aw	3	692580	95.6766
awoert	3	692583	95.677
babe	3	692586	95.6774
babybezoek	3	692589	95.6779
bach	3	692592	95.6783
badminton	3	692595	95.6787
baksteen	3	692598	95.6791
balk	3	692601	95.6795
balkondeur	3	692604	95.6799
ballerin	3	692607	95.6803
bananenschil	3	692610	95.6808
baron	3	692613	95.6812
basgitaar	3	692616	95.6816
bbb	3	692619	95.682
bbc	3	692622	95.6824
bedelen	3	692625	95.6828
bedenker	3	692628	95.6832
bedienen	3	692631	95.6837
beffen	3	692634	95.6841
begb	3	692637	95.6845
behind	3	692640	95.6849
bejaardcantus	3	692643	95.6853
beker	3	692646	95.6857
bekronen	3	692649	95.6861
belang	3	692652	95.6866
belangryk	3	692655	95.687
belangstellen	3	692658	95.6874
beleg	3	692661	95.6878
belgian	3	692664	95.6882
benefits	3	692667	95.6886
benk	3	692670	95.689
benner	3	692673	95.6895
beoordelen	3	692676	95.6899
bepalen	3	692679	95.6903
bereid	3	692682	95.6907
bert	3	692685	95.6911
beschaafd	3	692688	95.6915
beschermengel	3	692691	95.6919
besluit	3	692694	95.6924
besmettelijk	3	692697	95.6928
bespeuren	3	692700	95.6932
bespottelijk	3	692703	95.6936
bespreekbureau	3	692706	95.694
betaalbaar	3	692709	95.6944
beteren	3	692712	95.6948
betrappen	3	692715	95.6953
between	3	692718	95.6957
bewolkt	3	692721	95.6961
bewonen	3	692724	95.6965
bezighouden	3	692727	95.6969
biergarten	3	692730	95.6973
biermenu	3	692733	95.6977
bierparadijs	3	692736	95.6982
bijenkast	3	692739	95.6986
bijloke	3	692742	95.699
bikkel	3	692745	95.6994
bil	3	692748	95.6998
bin	3	692751	95.7002
bingo	3	692754	95.7006
binnenkoppen	3	692757	95.7011
binnenstad	3	692760	95.7015
biomedisch	3	692763	95.7019
bioscoop	3	692766	95.7023
bist	3	692769	95.7027
bisto	3	692772	95.7031
bk	3	692775	95.7035
blame	3	692778	95.704
blandijn	3	692781	95.7044
blijk	3	692784	95.7048
blijvn	3	692787	95.7052
bliksembezoek	3	692790	95.7056
blind	3	692793	95.706
blog	3	692796	95.7064
blokker	3	692799	95.7069
bluesette	3	692802	95.7073
bn	3	692805	95.7077
bobbys	3	692808	95.7081
boekenbon	3	692811	95.7085
boelie	3	692814	95.7089
boete	3	692817	95.7093
bommelding	3	692820	95.7098
bond	3	692823	95.7102
bonjour	3	692826	95.7106
boombal	3	692829	95.711
boris	3	692832	95.7114
borre	3	692835	95.7118
both	3	692838	95.7122
botter	3	692841	95.7127
boudewijn	3	692844	95.7131
bourgondisch	3	692847	95.7135
bout	3	692850	95.7139
bovenop	3	692853	95.7143
bp	3	692856	95.7147
br	3	692859	95.7152
brabant	3	692862	95.7156
breakfast	3	692865	95.716
breau	3	692868	95.7164
brother	3	692871	95.7168
brr	3	692874	95.7172
brrrr	3	692877	95.7176
brutaal	3	692880	95.7181
bruut	3	692883	95.7185
buienradar	3	692886	95.7189
buitenkomen	3	692889	95.7193
burning	3	692892	95.7197
buschauffeur	3	692895	95.7201
businessmeeting	3	692898	95.7205
buurjongen	3	692901	95.721
ca.	3	692904	95.7214
cab	3	692907	95.7218
calendar	3	692910	95.7222
cambio	3	692913	95.7226
campus	3	692916	95.723
cantor	3	692919	95.7234
canvas	3	692922	95.7239
carine	3	692925	95.7243
carlijn	3	692928	95.7247
cartoon	3	692931	95.7251
cds	3	692934	95.7255
ch	3	692937	95.7259
challenge	3	692940	95.7263
champagnebar	3	692943	95.7268
chaotisch	3	692946	95.7272
charge	3	692949	95.7276
cheese	3	692952	95.728
chem	3	692955	95.7284
chickie	3	692958	95.7288
chili	3	692961	95.7292
chillings	3	692964	95.7297
china	3	692967	95.7301
chiro	3	692970	95.7305
chirurg	3	692973	95.7309
chocoladebol	3	692976	95.7313
chocomel	3	692979	95.7317
chouffe	3	692982	95.7321
cig	3	692985	95.7326
cirkel	3	692988	95.733
clooske	3	692991	95.7334
closest	3	692994	95.7338
clubweekend	3	692997	95.7342
cm.	3	693000	95.7346
co	3	693003	95.735
cocktailbar	3	693006	95.7355
cognac	3	693009	95.7359
collegezaal	3	693012	95.7363
comments	3	693015	95.7367
compagnie	3	693018	95.7371
completely	3	693021	95.7375
concentratie	3	693024	95.7379
concer	3	693027	95.7384
condenseren	3	693030	95.7388
confrater	3	693033	95.7392
confused	3	693036	95.7396
consequent	3	693039	95.74
consulaat	3	693042	95.7404
contactpersoon	3	693045	95.7408
containerpark	3	693048	95.7413
contant	3	693051	95.7417
context	3	693054	95.7421
cools	3	693057	95.7425
correct	3	693060	95.7429
coureur	3	693063	95.7433
courgette	3	693066	95.7437
court	3	693069	95.7442
cousin	3	693072	95.7446
coverage	3	693075	95.745
crappy	3	693078	95.7454
creditcard	3	693081	95.7458
crematie	3	693084	95.7462
cruisen	3	693087	95.7466
cuba	3	693090	95.7471
cultural	3	693093	95.7475
cum	3	693096	95.7479
cumel	3	693099	95.7483
cup	3	693102	95.7487
customs	3	693105	95.7491
cuyt	3	693108	95.7495
cuythoek	3	693111	95.75
da't	3	693114	95.7504
daarentegen	3	693117	95.7508
daarover	3	693120	95.7512
daaruit	3	693123	95.7516
daarzo	3	693126	95.752
dachtek	3	693129	95.7524
dadar	3	693132	95.7529
dagelijks	3	693135	95.7533
daglicht	3	693138	95.7537
dalen	3	693141	95.7541
dammen	3	693144	95.7545
dampoort	3	693147	95.7549
dancing	3	693150	95.7554
dankjulliewel	3	693153	95.7558
database	3	693156	95.7562
datk	3	693159	95.7566
dawe	3	693162	95.757
dawwe	3	693165	95.7574
deak	3	693168	95.7578
debby	3	693171	95.7583
decibel	3	693174	95.7587
deels	3	693177	95.7591
deeltijds	3	693180	95.7595
def	3	693183	95.7599
dekbed	3	693186	95.7603
demin	3	693189	95.7607
dentist	3	693192	95.7612
depressief	3	693195	95.7616
derek	3	693198	95.762
derrick	3	693201	95.7624
desondanks	3	693204	95.7628
deurbel	3	693207	95.7632
diagnose	3	693210	95.7636
dich	3	693213	95.7641
dieet	3	693216	95.7645
dienstregeling	3	693219	95.7649
difference	3	693222	95.7653
difficult	3	693225	95.7657
dijk	3	693228	95.7661
dinges	3	693231	95.7665
discussion	3	693234	95.767
disk	3	693237	95.7674
divers	3	693240	95.7678
djok	3	693243	95.7682
dobbelen	3	693246	95.7686
doch	3	693249	95.769
doctoraatsvoorstel	3	693252	95.7694
documentnummer	3	693255	95.7699
doe	3	693258	95.7703
doeiii	3	693261	95.7707
donder	3	693264	95.7711
donderdagochtend	3	693267	95.7715
doorhalen	3	693270	95.7719
doorkomen	3	693273	95.7723
doorlopen	3	693276	95.7728
doorslapen	3	693279	95.7732
dosis	3	693282	95.7736
download	3	693285	95.774
draft	3	693288	95.7744
dreamweaver	3	693291	95.7748
dressing	3	693294	95.7752
driver	3	693297	95.7757
drol	3	693300	95.7761
dropping	3	693303	95.7765
drum	3	693306	95.7769
due	3	693309	95.7773
duh	3	693312	95.7777
duivel	3	693315	95.7781
dulle	3	693318	95.7786
dvd's	3	693321	95.779
dweil	3	693324	95.7794
ebay	3	693327	95.7798
echo	3	693330	95.7802
ed.	3	693333	95.7806
eddie	3	693336	95.781
ede-wageningen	3	693339	95.7815
eef	3	693342	95.7819
eetdate	3	693345	95.7823
effect	3	693348	95.7827
ein	3	693351	95.7831
eisen	3	693354	95.7835
elbo	3	693357	95.7839
elders	3	693360	95.7844
element	3	693363	95.7848
elias	3	693366	95.7852
elleboog	3	693369	95.7856
elsa	3	693372	95.786
emiel	3	693375	95.7864
employee	3	693378	95.7868
engeland	3	693381	95.7873
enigzins	3	693384	95.7877
enjoyed	3	693387	95.7881
enough	3	693390	95.7885
enthausiast	3	693393	95.7889
entree	3	693396	95.7893
enveloppe	3	693399	95.7897
eos	3	693402	95.7902
episch	3	693405	95.7906
eraf	3	693408	95.791
erby	3	693411	95.7914
erelid	3	693414	95.7918
ervaren	3	693417	95.7922
erwin	3	693420	95.7926
espla	3	693423	95.7931
essar	3	693426	95.7935
estafette	3	693429	95.7939
etage	3	693432	95.7943
etenstijd	3	693435	95.7947
ets	3	693438	95.7951
eu	3	693441	95.7956
euroborg	3	693444	95.796
europees	3	693447	95.7964
ev	3	693450	95.7968
event	3	693453	95.7972
ewout	3	693456	95.7976
excel	3	693459	95.798
except	3	693462	95.7985
excited	3	693465	95.7989
excursie	3	693468	95.7993
expensive	3	693471	95.7997
explain	3	693474	95.8001
ey	3	693477	95.8005
fabriek	3	693480	95.8009
facebookbericht	3	693483	95.8014
facebooken	3	693486	95.8018
facet	3	693489	95.8022
fair	3	693492	95.8026
familiefeest	3	693495	95.803
famous	3	693498	95.8034
fanatiek	3	693501	95.8038
favor	3	693504	95.8043
fc	3	693507	95.8047
fft	3	693510	95.8051
fieste	3	693513	95.8055
fietsband	3	693516	95.8059
fietsenmaker	3	693519	95.8063
fietspomp	3	693522	95.8067
filo	3	693525	95.8072
financiën	3	693528	95.8076
finish	3	693531	95.808
fire	3	693534	95.8084
fischer	3	693537	95.8088
fix	3	693540	95.8092
flater	3	693543	95.8096
fleur	3	693546	95.8101
flight	3	693549	95.8105
florence	3	693552	95.8109
focus	3	693555	95.8113
fonetiek	3	693558	95.8117
forceren	3	693561	95.8121
forest	3	693564	95.8125
formaat	3	693567	95.813
fotoboek	3	693570	95.8134
fourier	3	693573	95.8138
foutmelding	3	693576	95.8142
francisco	3	693579	95.8146
frankfurt	3	693582	95.815
frannie	3	693585	95.8154
freak	3	693588	95.8159
freddy	3	693591	95.8163
frisdrank	3	693594	95.8167
frustrated	3	693597	95.8171
ft	3	693600	95.8175
ftp	3	693603	95.8179
funda	3	693606	95.8183
funny	3	693609	95.8188
fuuuck	3	693612	95.8192
gaarheid	3	693615	95.8196
gamma	3	693618	95.82
gastbroer	3	693621	95.8204
gatver	3	693624	95.8208
gazet	3	693627	95.8212
gear	3	693630	95.8217
gebruikelijk	3	693633	95.8221
gedeelte	3	693636	95.8225
gedicht	3	693639	95.8229
gedragen	3	693642	95.8233
geert	3	693645	95.8237
gehandicapt	3	693648	95.8241
geinteresseerd	3	693651	95.8246
gel	3	693654	95.825
geldigheid	3	693657	95.8254
gelul	3	693660	95.8258
genoegen	3	693663	95.8262
genre	3	693666	95.8266
gereedschapskist	3	693669	95.827
geruststellen	3	693672	95.8275
geschift	3	693675	95.8279
geslaapt	3	693678	95.8283
gesms't	3	693681	95.8287
gespannen	3	693684	95.8291
gevonde	3	693687	95.8295
gewoonte	3	693690	95.8299
gezeik	3	693693	95.8304
gezeur	3	693696	95.8308
gezondheidseconomie	3	693699	95.8312
gig	3	693702	95.8316
gillen	3	693705	95.832
gips	3	693708	95.8324
giverleiding	3	693711	95.8328
gleuf	3	693714	95.8333
globetrotter	3	693717	95.8337
goedenavond	3	693720	95.8341
goederentrein	3	693723	95.8345
goedgoed	3	693726	95.8349
goedkeuring	3	693729	95.8353
goodbye	3	693732	95.8358
goud	3	693735	95.8362
gourmet	3	693738	95.8366
gouwraad	3	693741	95.837
graaaag	3	693744	95.8374
gran	3	693747	95.8378
grapjas	3	693750	95.8382
graslei	3	693753	95.8387
gravensteen	3	693756	95.8391
greetings	3	693759	95.8395
grootouder	3	693762	95.8399
grt	3	693765	95.8403
grunn	3	693768	95.8407
gs	3	693771	95.8411
guard	3	693774	95.8416
gudruns	3	693777	95.842
guido	3	693780	95.8424
guinness	3	693783	95.8428
gulle	3	693786	95.8432
gullie	3	693789	95.8436
gunder	3	693792	95.844
gynaecoloog	3	693795	95.8445
had	3	693798	95.8449
hagel	3	693801	95.8453
hai	3	693804	95.8457
haircut	3	693807	95.8461
halloween	3	693810	95.8465
hals	3	693813	95.8469
ham	3	693816	95.8474
handmatig	3	693819	95.8478
handrem	3	693822	95.8482
harig	3	693825	95.8486
harmo	3	693828	95.849
haten	3	693831	95.8494
haus	3	693834	95.8498
hdmi	3	693837	95.8503
he-le-maal	3	693840	95.8507
hebn	3	693843	95.8511
heden	3	693846	95.8515
heeeele	3	693849	95.8519
hehehe	3	693852	95.8523
heilig	3	693855	95.8527
heimwee	3	693858	95.8532
heiweg	3	693861	95.8536
hekel	3	693864	95.854
hel	3	693867	95.8544
heleboel	3	693870	95.8548
helikopter	3	693873	95.8552
hemelvaart	3	693876	95.8556
herhalen	3	693879	95.8561
herkansen	3	693882	95.8565
hernia	3	693885	95.8569
hero	3	693888	95.8573
heuj	3	693891	95.8577
heup	3	693894	95.8581
heuvel	3	693897	95.8585
hierbij	3	693900	95.859
hiet	3	693903	95.8594
high	3	693906	95.8598
hijgen	3	693909	95.8602
hindi	3	693912	95.8606
hindu	3	693915	95.861
hispeed	3	693918	95.8614
hoed	3	693921	95.8619
hoeraaa	3	693924	95.8623
hoes	3	693927	95.8627
hof	3	693930	95.8631
hogent	3	693933	95.8635
hol	3	693936	95.8639
hollands	3	693939	95.8643
hongaars	3	693942	95.8648
hoofdgerecht	3	693945	95.8652
hoofdletter	3	693948	95.8656
hoofdpodium	3	693951	95.866
hoogtepunt	3	693954	95.8664
horrible	3	693957	95.8668
ht	3	693960	95.8672
htc	3	693963	95.8677
hu	3	693966	95.8681
hubert	3	693969	95.8685
huishouden	3	693972	95.8689
huishuur	3	693975	95.8693
huistelefoon	3	693978	95.8697
hungry	3	693981	95.8701
hunk	3	693984	95.8706
hypotheker	3	693987	95.871
igg	3	693990	95.8714
ii	3	693993	95.8718
ijzer	3	693996	95.8722
ikke	3	693999	95.8726
indians	3	694002	95.8731
indoen	3	694005	95.8735
indrukken	3	694008	95.8739
ine	3	694011	95.8743
information	3	694014	95.8747
ingeving	3	694017	95.8751
ingrid	3	694020	95.8755
inkomen	3	694023	95.876
inkopen	3	694026	95.8764
inkruipen	3	694029	95.8768
inladen	3	694032	95.8772
inlassen	3	694035	95.8776
inn	3	694038	95.878
innig	3	694041	95.8784
inno	3	694044	95.8789
inrichten	3	694047	95.8793
inschatten	3	694050	95.8797
inschieten	3	694053	95.8801
inslaan	3	694056	95.8805
insmeren	3	694059	95.8809
inspiratie	3	694062	95.8813
instantie	3	694065	95.8818
integreren	3	694068	95.8822
interieur	3	694071	95.8826
interviewen	3	694074	95.883
intratuin	3	694077	95.8834
invallen	3	694080	95.8838
invitatie	3	694083	95.8842
invited	3	694086	95.8847
inwonen	3	694089	95.8851
inzet	3	694092	95.8855
ip	3	694095	95.8859
ipads	3	694098	95.8863
irene	3	694101	95.8867
irssi	3	694104	95.8871
is't	3	694107	95.8876
isn't	3	694110	95.888
italiaan	3	694113	95.8884
italië	3	694116	95.8888
ive	3	694119	95.8892
ivum	3	694122	95.8896
jaaaaaa	3	694125	95.89
jaaaaah	3	694128	95.8905
jaargenoot	3	694131	95.8909
jack	3	694134	95.8913
jaloezie	3	694137	95.8917
jameske	3	694140	95.8921
jamie	3	694143	95.8925
jansen	3	694146	95.8929
jarige	3	694149	95.8934
jazekers	3	694152	95.8938
jeaaa	3	694155	95.8942
jeeeeej	3	694158	95.8946
jeeeej	3	694161	95.895
jetlag	3	694164	95.8954
jetzt	3	694167	95.8958
jeurn	3	694170	95.8963
jj	3	694173	95.8967
jn	3	694176	95.8971
john	3	694179	95.8975
joining	3	694182	95.8979
jonas	3	694185	95.8983
jonge	3	694188	95.8987
jongeman	3	694191	95.8992
joni	3	694194	95.8996
joooo	3	694197	95.9
jop	3	694200	95.9004
joren	3	694203	95.9008
jsk-raad	3	694206	95.9012
juhu	3	694209	95.9016
juichen	3	694212	95.9021
jus	3	694215	95.9025
juul	3	694218	95.9029
juust	3	694221	95.9033
kaak	3	694224	95.9037
kaakchirurg	3	694227	95.9041
kaal	3	694230	95.9045
kaarslicht	3	694233	95.905
kados	3	694236	95.9054
kakkie	3	694239	95.9058
kalf	3	694242	95.9062
kandinsky	3	694245	95.9066
kank	3	694248	95.907
kap	3	694251	95.9074
kapsel	3	694254	95.9079
kareltje	3	694257	95.9083
katrien	3	694260	95.9087
kdenken	3	694263	95.9091
keine	3	694266	95.9095
kel	3	694269	95.9099
kelly's	3	694272	95.9103
kenner	3	694275	95.9108
keppeke	3	694278	95.9112
kerkdienst	3	694281	95.9116
kerlinnen	3	694284	95.912
kerstkaart	3	694287	95.9124
keukenhanddoek	3	694290	95.9128
keukenploeg	3	694293	95.9133
keulen	3	694296	95.9137
kevin	3	694299	95.9141
key	3	694302	95.9145
keyboard	3	694305	95.9149
kfc	3	694308	95.9153
kgeraak	3	694311	95.9157
ki	3	694314	95.9162
kicking	3	694317	95.9166
kikker	3	694320	95.917
kinderboerderij	3	694323	95.9174
kinepolis	3	694326	95.9178
kinky	3	694329	95.9182
kisses	3	694332	95.9186
kist	3	694335	95.9191
kits	3	694338	95.9195
kittens	3	694341	95.9199
kiwi	3	694344	95.9203
kkom	3	694347	95.9207
kl	3	694350	95.9211
klantenservice	3	694353	95.9215
klasse	3	694356	95.922
klikken	3	694359	95.9224
kmis	3	694362	95.9228
knew	3	694365	95.9232
knieen	3	694368	95.9236
knn	3	694371	95.924
knokken	3	694374	95.9244
knoop	3	694377	95.9249
knorren	3	694380	95.9253
knuf	3	694383	95.9257
knul	3	694386	95.9261
koffiezaak	3	694389	95.9265
koksijde	3	694392	95.9269
kolonist	3	694395	95.9273
komeet	3	694398	95.9278
kompas	3	694401	95.9282
koninginnenacht	3	694404	95.9286
kool	3	694407	95.929
koor	3	694410	95.9294
korvelseweg	3	694413	95.9298
kostuum	3	694416	95.9302
kpeis	3	694419	95.9307
kriebel	3	694422	95.9311
kringboek	3	694425	95.9315
kristof	3	694428	95.9319
kritiek	3	694431	95.9323
kruip	3	694434	95.9327
kruis	3	694437	95.9331
ks	3	694440	95.9336
kuisvrouw	3	694443	95.934
kunst	3	694446	95.9344
kusjeee	3	694449	95.9348
kusjekus	3	694452	95.9352
kussss	3	694455	95.9356
kutdag	3	694458	95.936
kutten	3	694461	95.9365
kutwijf	3	694464	95.9369
kuur	3	694467	95.9373
kuus	3	694470	95.9377
kwaadaardig	3	694473	95.9381
kwalificatie	3	694476	95.9385
kwast	3	694479	95.9389
kweetnie	3	694482	95.9394
kwou	3	694485	95.9398
kxie	3	694488	95.9402
lack	3	694491	95.9406
laks	3	694494	95.941
lame	3	694497	95.9414
langdradig	3	694500	95.9418
langsrijden	3	694503	95.9423
lanka	3	694506	95.9427
lately	3	694509	95.9431
laude	3	694512	95.9435
laurens	3	694515	95.9439
lector	3	694518	95.9443
ledenlijst	3	694521	95.9447
leeghalen	3	694524	95.9452
leek	3	694527	95.9456
leerkracht	3	694530	95.946
leesbaar	3	694533	95.9464
legaal	3	694536	95.9468
leger	3	694539	95.9472
lego	3	694542	95.9476
lekkertje	3	694545	95.9481
lening	3	694548	95.9485
lenz	3	694551	95.9489
lepel	3	694554	95.9493
leraar	3	694557	95.9497
lesgeven	3	694560	95.9501
leuven	3	694563	95.9505
levendig	3	694566	95.951
levering	3	694569	95.9514
lezer	3	694572	95.9518
liedjeslijst	3	694575	95.9522
liefdevol	3	694578	95.9526
liegen	3	694581	95.953
lieveling	3	694584	95.9535
lievelings	3	694587	95.9539
liften	3	694590	95.9543
limiet	3	694593	95.9547
limonade	3	694596	95.9551
linkerduim	3	694599	95.9555
lint	3	694602	95.9559
lissie	3	694605	95.9564
list	3	694608	95.9568
literatuur	3	694611	95.9572
lo	3	694614	95.9576
logeerkamer	3	694617	95.958
lokken	3	694620	95.9584
longer	3	694623	95.9588
lord	3	694626	95.9593
loser	3	694629	95.9597
lovely	3	694632	95.9601
lover	3	694635	95.9605
luc	3	694638	95.9609
luchtmatras	3	694641	95.9613
lucky	3	694644	95.9617
lud	3	694647	95.9622
luieren	3	694650	95.9626
luk	3	694653	95.963
lukaku	3	694656	95.9634
lukkn	3	694659	95.9638
lullig	3	694662	95.9642
lunchtijd	3	694665	95.9646
lunet	3	694668	95.9651
lungo	3	694671	95.9655
luttel	3	694674	95.9659
luxemburg	3	694677	95.9663
ly	3	694680	95.9667
maaikie	3	694683	95.9671
maalcie	3	694686	95.9675
maaltijdcheque	3	694689	95.968
maaltijdsalade	3	694692	95.9684
machtiging	3	694695	95.9688
mager	3	694698	95.9692
making	3	694701	95.9696
makker	3	694704	95.97
manee	3	694707	95.9704
manja	3	694710	95.9709
manman	3	694713	95.9713
mannelijk	3	694716	95.9717
marco	3	694719	95.9721
margi	3	694722	95.9725
marginaal	3	694725	95.9729
marimain	3	694728	95.9733
marjan	3	694731	95.9738
marjolein	3	694734	95.9742
marloes	3	694737	95.9746
mart	3	694740	95.975
massage	3	694743	95.9754
masters	3	694746	95.9758
maud	3	694749	95.9762
mayonaise	3	694752	95.9767
medelijden	3	694755	95.9771
medica	3	694758	95.9775
mediterraan	3	694761	95.9779
meej	3	694764	95.9783
meer	3	694767	95.9787
meetellen	3	694770	95.9791
meewillen	3	694773	95.9796
mekaar	3	694776	95.98
mentaliteit	3	694779	95.9804
mention	3	694782	95.9808
menza	3	694785	95.9812
messages	3	694788	95.9816
metaal	3	694791	95.982
mevr	3	694794	95.9825
mia	3	694797	95.9829
michalak	3	694800	95.9833
michele	3	694803	95.9837
migraine	3	694806	95.9841
mikken	3	694809	95.9845
miljard	3	694812	95.9849
milo	3	694815	95.9854
minibar	3	694818	95.9858
minimum	3	694821	95.9862
mink	3	694824	95.9866
mins	3	694827	95.987
misgaan	3	694830	95.9874
misselijkheid	3	694833	95.9878
mister	3	694836	95.9883
mm.	3	694839	95.9887
mmmm	3	694842	95.9891
mmmmm	3	694845	95.9895
mobile	3	694848	95.9899
modern	3	694851	95.9903
modeshow	3	694854	95.9907
modus	3	694857	95.9912
mogn	3	694860	95.9916
moi	3	694863	95.992
mok	3	694866	95.9924
molen	3	694869	95.9928
mondeling	3	694872	95.9932
monitor	3	694875	95.9937
monne	3	694878	95.9941
monteren	3	694881	95.9945
monteur	3	694884	95.9949
mooiboy	3	694887	95.9953
morgenvoormiddag	3	694890	95.9957
morrison	3	694893	95.9961
mosterd	3	694896	95.9966
mother	3	694899	95.997
motorfiets	3	694902	95.9974
mouw	3	694905	95.9978
mozarella	3	694908	95.9982
mr.	3	694911	95.9986
mrt	3	694914	95.999
ms	3	694917	95.9995
mtv	3	694920	95.9999
muesli	3	694923	96.0003
mun	3	694926	96.0007
muzikaal	3	694929	96.0011
mwa	3	694932	96.0015
myrthe	3	694935	96.0019
mysterieus	3	694938	96.0024
naald	3	694941	96.0028
nabewerken	3	694944	96.0032
naborrel	3	694947	96.0036
nach	3	694950	96.004
nachtdienst	3	694953	96.0044
nachtwerk	3	694956	96.0048
nachtzoen	3	694959	96.0053
nadeel	3	694962	96.0057
naderhand	3	694965	96.0061
nadine	3	694968	96.0065
naja	3	694971	96.0069
nalezen	3	694974	96.0073
natuurijs	3	694977	96.0077
natuurlyk	3	694980	96.0082
neigen	3	694983	96.0086
nele	3	694986	96.009
nerden	3	694989	96.0094
neurologisch	3	694992	96.0098
nieje	3	694995	96.0102
niek	3	694998	96.0106
nights	3	695001	96.0111
nimmeren	3	695004	96.0115
njam	3	695007	96.0119
njummie	3	695010	96.0123
nmg	3	695013	96.0127
noch	3	695016	96.0131
noi	3	695019	96.0135
nonstop	3	695022	96.014
noordeinde	3	695025	96.0144
nrt	3	695028	96.0148
ns.nl	3	695031	96.0152
nuit	3	695034	96.0156
nvm	3	695037	96.016
nyrstar	3	695040	96.0164
nét	3	695043	96.0169
o.	3	695046	96.0173
o_o	3	695049	96.0177
oad.nl	3	695052	96.0181
oest	3	695055	96.0185
oewist	3	695058	96.0189
ojaaa	3	695061	96.0193
okel	3	695064	96.0198
oker	3	695067	96.0202
oliver	3	695070	96.0206
ombudsman	3	695073	96.021
omkeren	3	695076	96.0214
omleiden	3	695079	96.0218
omreizen	3	695082	96.0222
onbeleefd	3	695085	96.0227
onbeperkt	3	695088	96.0231
onbewust	3	695091	96.0235
onderbreken	3	695094	96.0239
onderdak	3	695097	96.0243
ondergoed	3	695100	96.0247
onderhandelen	3	695103	96.0251
ondersteboven	3	695106	96.0256
ondersteunen	3	695109	96.026
ondertitel	3	695112	96.0264
ondertiteling	3	695115	96.0268
onderwijs	3	695118	96.0272
onderzoeken	3	695121	96.0276
onrust	3	695124	96.028
ontsnappen	3	695127	96.0285
ontspanning	3	695130	96.0289
ontsteken	3	695133	96.0293
ontwerpen	3	695136	96.0297
ontwikkeling	3	695139	96.0301
onwerkelijk	3	695142	96.0305
onzeker	3	695145	96.031
oooo	3	695148	96.0314
oordelen	3	695151	96.0318
oostakker	3	695154	96.0322
oosten	3	695157	96.0326
oostrozebeke	3	695160	96.033
opbeuren	3	695163	96.0334
opbouw	3	695166	96.0339
opdrinken	3	695169	96.0343
openstaan	3	695172	96.0347
opera	3	695175	96.0351
opgave	3	695178	96.0355
ophangegen	3	695181	96.0359
opkuisen	3	695184	96.0363
oplichter	3	695187	96.0368
oppas	3	695190	96.0372
oprit	3	695193	96.0376
opsluiten	3	695196	96.038
opsteken	3	695199	96.0384
opstijgen	3	695202	96.0388
orfie	3	695205	96.0392
orleans	3	695208	96.0397
oss	3	695211	96.0401
otherwise	3	695214	96.0405
ouch	3	695217	96.0409
ovenschotel	3	695220	96.0413
overdrijven	3	695223	96.0417
overeenkomen	3	695226	96.0421
overgaan	3	695229	96.0426
overhoop	3	695232	96.043
overnachten	3	695235	96.0434
oversteken	3	695238	96.0438
overweging	3	695241	96.0442
overzetten	3	695244	96.0446
owjeej	3	695247	96.045
owla	3	695250	96.0455
oww	3	695253	96.0459
paars	3	695256	96.0463
page	3	695259	96.0467
pain	3	695262	96.0471
pakkn	3	695265	96.0475
paleis	3	695268	96.0479
panne	3	695271	96.0484
panty	3	695274	96.0488
parents	3	695277	96.0492
parkeergarage	3	695280	96.0496
parttimedag	3	695283	96.05
pascal	3	695286	96.0504
patershol	3	695289	96.0508
patrick	3	695292	96.0513
patroon	3	695295	96.0517
pauzeren	3	695298	96.0521
paviljoen	3	695301	96.0525
peda	3	695304	96.0529
perenijs	3	695307	96.0533
periode	3	695310	96.0537
pers	3	695313	96.0542
perse	3	695316	96.0546
personeel	3	695319	96.055
personeelsdienst	3	695322	96.0554
petekind	3	695325	96.0558
peux	3	695328	96.0562
pfffft	3	695331	96.0566
pffft	3	695334	96.0571
philipe	3	695337	96.0575
philippe	3	695340	96.0579
picture	3	695343	96.0583
piek	3	695346	96.0587
piemel	3	695349	96.0591
pin	3	695352	96.0595
pindakaas	3	695355	96.06
pit	3	695358	96.0604
plaatsnaam	3	695361	96.0608
plakband	3	695364	96.0612
plane	3	695367	96.0616
play	3	695370	96.062
pleasant	3	695373	96.0624
plooien	3	695376	96.0629
plooier	3	695379	96.0633
polish	3	695382	96.0637
politiek	3	695385	96.0641
polsen	3	695388	96.0645
pomp	3	695391	96.0649
pompoen	3	695394	96.0653
pools	3	695397	96.0658
poor	3	695400	96.0662
poos	3	695403	96.0666
popronde	3	695406	96.067
por	3	695409	96.0674
porter	3	695412	96.0678
portie	3	695415	96.0682
postbode	3	695418	96.0687
postpone	3	695421	96.0691
potkulcs	3	695424	96.0695
praag	3	695427	96.0699
practice	3	695430	96.0703
pre-party	3	695433	96.0707
premaman	3	695436	96.0712
prepare	3	695439	96.0716
presenteren	3	695442	96.072
prestatie	3	695445	96.0724
prik	3	695448	96.0728
pril	3	695451	96.0732
prince	3	695454	96.0736
printerpapier	3	695457	96.0741
prochaine	3	695460	96.0745
proefrit	3	695463	96.0749
proefwerk	3	695466	96.0753
professioneel	3	695469	96.0757
proggen	3	695472	96.0761
promo	3	695475	96.0765
proof	3	695478	96.077
propedeuse	3	695481	96.0774
proposal	3	695484	96.0778
proud	3	695487	96.0782
psst	3	695490	96.0786
psychiater	3	695493	96.079
pubkwisje	3	695496	96.0794
publicatie	3	695499	96.0799
puck	3	695502	96.0803
pussy	3	695505	96.0807
pyjama	3	695508	96.0811
quiche	3	695511	96.0815
quick	3	695514	96.0819
quiet	3	695517	96.0823
quinten	3	695520	96.0828
rantanplan	3	695523	96.0832
rather	3	695526	96.0836
razend	3	695529	96.084
received	3	695532	96.0844
rechter	3	695535	96.0848
rechtsachter	3	695538	96.0852
recordpoging	3	695541	96.0857
reet	3	695544	96.0861
regenbui	3	695547	96.0865
regenjas	3	695550	96.0869
reggae	3	695553	96.0873
relevant	3	695556	96.0877
remind	3	695559	96.0881
reminder	3	695562	96.0886
reparatie	3	695565	96.089
rescue	3	695568	96.0894
reservatie	3	695571	96.0898
rete	3	695574	96.0902
review	3	695577	96.0906
rijm	3	695580	96.091
rijst	3	695583	96.0915
rikh	3	695586	96.0919
risotto	3	695589	96.0923
rolluik	3	695592	96.0927
roman	3	695595	96.0931
rondcrossen	3	695598	96.0935
rondmailen	3	695601	96.0939
rondrijden	3	695604	96.0944
ronselen	3	695607	96.0948
roomies	3	695610	96.0952
roommate	3	695613	96.0956
rossen	3	695616	96.096
rotdag	3	695619	96.0964
rouwen	3	695622	96.0968
royale	3	695625	96.0973
rube	3	695628	96.0977
rugpijn	3	695631	96.0981
sabbel	3	695634	96.0985
sachempak	3	695637	96.0989
saf	3	695640	96.0993
sake	3	695643	96.0997
salsa	3	695646	96.1002
samenvatten	3	695649	96.1006
sandra	3	695652	96.101
sap	3	695655	96.1014
saskia	3	695658	96.1018
sate	3	695661	96.1022
sb	3	695664	96.1026
scene	3	695667	96.1031
schaal	3	695670	96.1035
schaamhaar	3	695673	96.1039
schaats	3	695676	96.1043
scheef	3	695679	96.1047
scheiden	3	695682	96.1051
scherp	3	695685	96.1055
schminken	3	695688	96.106
schnell	3	695691	96.1064
schooldag	3	695694	96.1068
schoppen	3	695697	96.1072
schorpioen	3	695700	96.1076
schot	3	695703	96.108
schudden	3	695706	96.1084
schuimparty	3	695709	96.1089
schuin	3	695712	96.1093
scrabble	3	695715	96.1097
scriptiehok	3	695718	96.1101
seba	3	695721	96.1105
sebas	3	695724	96.1109
seffens	3	695727	96.1114
sehen	3	695730	96.1118
servaas	3	695733	96.1122
servies	3	695736	96.1126
shall	3	695739	96.113
shamrock	3	695742	96.1134
share	3	695745	96.1138
shmoezel	3	695748	96.1143
shoestring	3	695751	96.1147
shrek	3	695754	96.1151
shuttle	3	695757	96.1155
sierra	3	695760	96.1159
signaal	3	695763	96.1163
simkaart	3	695766	96.1167
simone	3	695769	96.1172
single	3	695772	96.1176
sion	3	695775	96.118
sip	3	695778	96.1184
skaten	3	695781	96.1188
skieen	3	695784	96.1192
slaapje	3	695787	96.1196
slaapkop	3	695790	96.1201
slapie	3	695793	96.1205
sleuren	3	695796	96.1209
sleutelbos	3	695799	96.1213
sleutelen	3	695802	96.1217
sleutelhanger	3	695805	96.1221
sloom	3	695808	96.1225
smelten	3	695811	96.123
smullen	3	695814	96.1234
smullie	3	695817	96.1238
snachts	3	695820	96.1242
snack	3	695823	96.1246
sneakers	3	695826	96.125
sneeuwstorm	3	695829	96.1254
sneuvelen	3	695832	96.1259
snietske	3	695835	96.1263
snoepen	3	695838	96.1267
snoer	3	695841	96.1271
snorry	3	695844	96.1275
snurken	3	695847	96.1279
sober	3	695850	96.1283
society	3	695853	96.1288
soft	3	695856	96.1292
sog	3	695859	96.1296
sol	3	695862	96.13
solution	3	695865	96.1304
sometime	3	695868	96.1308
songfestival	3	695871	96.1312
soul	3	695874	96.1317
sounds	3	695877	96.1321
spandoek	3	695880	96.1325
spater	3	695883	96.1329
spec	3	695886	96.1333
spectaculair	3	695889	96.1337
speelgoed	3	695892	96.1341
speelplaats	3	695895	96.1346
speeltje	3	695898	96.135
spelfout	3	695901	96.1354
spelling	3	695904	96.1358
speuren	3	695907	96.1362
speurtocht	3	695910	96.1366
sportpark	3	695913	96.137
sports	3	695916	96.1375
spot	3	695919	96.1379
spotify	3	695922	96.1383
spreeks	3	695925	96.1387
spugen	3	695928	96.1391
später	3	695931	96.1395
sri	3	695934	96.1399
stadion	3	695937	96.1404
stadt	3	695940	96.1408
staken	3	695943	96.1412
stampen	3	695946	96.1416
stand-up	3	695949	96.142
standard	3	695952	96.1424
standbeeld	3	695955	96.1428
stapelgek	3	695958	96.1433
started	3	695961	96.1437
starting	3	695964	96.1441
stationshal	3	695967	96.1445
steenweg	3	695970	96.1449
stege	3	695973	96.1453
steil	3	695976	96.1457
stek	3	695979	96.1462
stemband	3	695982	96.1466
stempel	3	695985	96.147
stephen	3	695988	96.1474
stichten	3	695991	96.1478
sticker	3	695994	96.1482
stift	3	695997	96.1486
stilstaan	3	696000	96.1491
stilzitten	3	696003	96.1495
stockholm	3	696006	96.1499
stok	3	696009	96.1503
stormen	3	696012	96.1507
stoverij	3	696015	96.1511
strakkies	3	696018	96.1516
stralend	3	696021	96.152
strijd	3	696024	96.1524
strijk	3	696027	96.1528
strompelen	3	696030	96.1532
strooien	3	696033	96.1536
structuurcie	3	696036	96.154
structuurcievergadering	3	696039	96.1545
stu	3	696042	96.1549
study	3	696045	96.1553
stuwmeer	3	696048	96.1557
succesvol	3	696051	96.1561
suck	3	696054	96.1565
sugar	3	696057	96.1569
suis	3	696060	96.1574
sultan	3	696063	96.1578
sunblock	3	696066	96.1582
sunshine	3	696069	96.1586
superbedanken	3	696072	96.159
superbenieuwd	3	696075	96.1594
superdikke	3	696078	96.1598
supergelukkig	3	696081	96.1603
supergoe	3	696084	96.1607
surieus	3	696087	96.1611
sus	3	696090	96.1615
suz	3	696093	96.1619
sweetie	3	696096	96.1623
swype	3	696099	96.1627
symfonie	3	696102	96.1632
sympathiek	3	696105	96.1636
synchroniseren	3	696108	96.164
tab	3	696111	96.1644
tabel	3	696114	96.1648
table	3	696117	96.1652
tante	3	696120	96.1656
tap	3	696123	96.1661
tea	3	696126	96.1665
teamgenoot	3	696129	96.1669
tekening	3	696132	96.1673
telefoneren	3	696135	96.1677
telefoonboek	3	696138	96.1681
telefoonnr	3	696141	96.1685
televee	3	696144	96.169
televisie	3	696147	96.1694
telnr	3	696150	96.1698
tentakel	3	696153	96.1702
tentoonstelling	3	696156	96.1706
tepel	3	696159	96.171
terugmailen	3	696162	96.1714
terugsmsen	3	696165	96.1719
terugzetten	3	696168	96.1723
testshoot	3	696171	96.1727
teug	3	696174	96.1731
tga	3	696177	96.1735
thalys	3	696180	96.1739
thamel	3	696183	96.1743
thekla	3	696186	96.1748
theoretisch	3	696189	96.1752
thermo	3	696192	96.1756
tiens	3	696195	96.176
tiet	3	696198	96.1764
tijdsverschil	3	696201	96.1768
tijdverlies	3	696204	96.1772
tijn	3	696207	96.1777
tine	3	696210	96.1781
tippen	3	696213	96.1785
tlukt	3	696216	96.1789
toblerone	3	696219	96.1793
toelaten	3	696222	96.1797
toeteren	3	696225	96.1801
tog	3	696228	96.1806
tomas	3	696231	96.181
toneel	3	696234	96.1814
tony	3	696237	96.1818
took	3	696240	96.1822
topchef	3	696243	96.1826
topfit	3	696246	96.183
totdat	3	696249	96.1835
tout	3	696252	96.1839
transport	3	696255	96.1843
trappelen	3	696258	96.1847
treinrit	3	696261	96.1851
treinstel	3	696264	96.1855
triest	3	696267	96.1859
trio	3	696270	96.1864
trommelvlies	3	696273	96.1868
trouwfeest	3	696276	96.1872
trws	3	696279	96.1876
tsja	3	696282	96.188
tsk	3	696285	96.1884
tspijt	3	696288	96.1889
tsss	3	696291	96.1893
tsssss	3	696294	96.1897
tuesday	3	696297	96.1901
tuincentrum	3	696300	96.1905
turen	3	696303	96.1909
turns	3	696306	96.1913
tussentijds	3	696309	96.1918
tussenuit	3	696312	96.1922
tussenuur	3	696315	96.1926
tva	3	696318	96.193
tvolgende	3	696321	96.1934
tweet	3	696324	96.1938
twerk	3	696327	96.1942
tziet	3	696330	96.1947
tè	3	696333	96.1951
té	3	696336	96.1955
uber	3	696339	96.1959
uhr	3	696342	96.1963
uitchecken	3	696345	96.1967
uitdrinken	3	696348	96.1971
uiterst	3	696351	96.1976
uiteten	3	696354	96.198
uitkateren	3	696357	96.1984
uitladen	3	696360	96.1988
uitloop	3	696363	96.1992
uitmaken	3	696366	96.1996
uitpraten	3	696369	96.2
uitrekenen	3	696372	96.2005
uitschrijven	3	696375	96.2009
uitsluiten	3	696378	96.2013
uitspraak	3	696381	96.2017
uitvinden	3	696384	96.2021
uitvoer	3	696387	96.2025
uitzending	3	696390	96.2029
ulder	3	696393	96.2034
ultiem	3	696396	96.2038
understand	3	696399	96.2042
une	3	696402	96.2046
unief	3	696405	96.205
univ	3	696408	96.2054
updaten	3	696411	96.2058
urgent	3	696414	96.2063
url	3	696417	96.2067
using	3	696420	96.2071
vaatwas	3	696423	96.2075
vaatwasser	3	696426	96.2079
vagina	3	696429	96.2083
vakantiegeld	3	696432	96.2087
valentijn	3	696435	96.2092
vandoor	3	696438	96.2096
varkenshaas	3	696441	96.21
vastlopen	3	696444	96.2104
veeeeel	3	696447	96.2108
veenendaal	3	696450	96.2112
vegen	3	696453	96.2116
veiligheid	3	696456	96.2121
veiling	3	696459	96.2125
vellen	3	696462	96.2129
venlo	3	696465	96.2133
vensterbank	3	696468	96.2137
verantwoordelijk	3	696471	96.2141
verblijf	3	696474	96.2145
verdacht	3	696477	96.215
verderop	3	696480	96.2154
verdiep	3	696483	96.2158
verdikkeme	3	696486	96.2162
verdomme	3	696489	96.2166
verdwijning	3	696492	96.217
vereren	3	696495	96.2174
verf	3	696498	96.2179
verhelpen	3	696501	96.2183
verhuisdoos	3	696504	96.2187
verhuren	3	696507	96.2191
verjaardagsbier	3	696510	96.2195
verjaardagskus	3	696513	96.2199
verklaring	3	696516	96.2203
verkleden	3	696519	96.2208
verkoper	3	696522	96.2212
verleiden	3	696525	96.2216
verlengen	3	696528	96.222
verlies	3	696531	96.2224
veronica	3	696534	96.2228
verschillen	3	696537	96.2232
verslaven	3	696540	96.2237
verstoren	3	696543	96.2241
verstoring	3	696546	96.2245
verticaal	3	696549	96.2249
vertier	3	696552	96.2253
vertonen	3	696555	96.2257
vertrekkn	3	696558	96.2261
vertrouwd	3	696561	96.2266
vervallen	3	696564	96.227
verwisselen	3	696567	96.2274
verzachten	3	696570	96.2278
verzekeren	3	696573	96.2282
verzet	3	696576	96.2286
verzoeken	3	696579	96.2291
vesting	3	696582	96.2295
vin	3	696585	96.2299
vincent	3	696588	96.2303
vinder	3	696591	96.2307
vindn	3	696594	96.2311
vink	3	696597	96.2315
vip	3	696600	96.232
visie	3	696603	96.2324
vivek	3	696606	96.2328
vlaai	3	696609	96.2332
vloek	3	696612	96.2336
vloeken	3	696615	96.234
vnl	3	696618	96.2344
voice	3	696621	96.2349
volendams	3	696624	96.2353
volgorde	3	696627	96.2357
volkshuis	3	696630	96.2361
volkskrant	3	696633	96.2365
volplannen	3	696636	96.2369
volzet	3	696639	96.2373
von	3	696642	96.2378
vondet	3	696645	96.2382
voordelig	3	696648	96.2386
voorleggen	3	696651	96.239
voorschieten	3	696654	96.2394
voorst	3	696657	96.2398
voortdurend	3	696660	96.2402
voorts	3	696663	96.2407
voortuin	3	696666	96.2411
voorzitten	3	696669	96.2415
vordering	3	696672	96.2419
vork	3	696675	96.2423
vouwfiets	3	696678	96.2427
vreugde	3	696681	96.2431
vrieskou	3	696684	96.2436
vrijdagavn	3	696687	96.244
vrijdagnacht	3	696690	96.2444
vrucht	3	696693	96.2448
vs	3	696696	96.2452
vu	3	696699	96.2456
vulling	3	696702	96.246
vuvuzela	3	696705	96.2465
waanzinnig	3	696708	96.2469
waaronder	3	696711	96.2473
waarschuwing	3	696714	96.2477
waaw	3	696717	96.2481
wad	3	696720	96.2485
wasn't	3	696723	96.2489
waterstof	3	696726	96.2494
wc-papier	3	696729	96.2498
weather	3	696732	96.2502
wedden	3	696735	96.2506
wee	3	696738	96.251
weegschaal	3	696741	96.2514
weeks	3	696744	96.2518
weerhouden	3	696747	96.2523
weetje	3	696750	96.2527
went	3	696753	96.2531
werf	3	696756	96.2535
werking	3	696759	96.2539
westermarkt	3	696762	96.2543
wetn	3	696765	96.2547
whaaa	3	696768	96.2552
whatsap	3	696771	96.2556
wheels	3	696774	96.256
whisky	3	696777	96.2564
who's	3	696780	96.2568
whole	3	696783	96.2572
whom	3	696786	96.2576
wijze	3	696789	96.2581
willekeurig	3	696792	96.2585
windows	3	696795	96.2589
winnaar	3	696798	96.2593
winterband	3	696801	96.2597
wish	3	696804	96.2601
wissel	3	696807	96.2605
wisselvallig	3	696810	96.261
wnr	3	696813	96.2614
woelen	3	696816	96.2618
wolverine	3	696819	96.2622
wondering	3	696822	96.2626
wooooow	3	696825	96.263
word	3	696828	96.2634
worstelen	3	696831	96.2639
wssl	3	696834	96.2643
xD	3	696837	96.2647
xm	3	696840	96.2651
xtc	3	696843	96.2655
xxxxxxxxx	3	696846	96.2659
xxxxxxxxxx	3	696849	96.2663
xxxxxxxxxxxxxx	3	696852	96.2668
yoghurt	3	696855	96.2672
yours	3	696858	96.2676
yuuw	3	696861	96.268
yvonne	3	696864	96.2684
zaagbal	3	696867	96.2688
zakelijk	3	696870	96.2693
zanger	3	696873	96.2697
zangles	3	696876	96.2701
zaterdagnamiddag	3	696879	96.2705
zayco	3	696882	96.2709
zeehond	3	696885	96.2713
zeep	3	696888	96.2717
zegel	3	696891	96.2722
zegen	3	696894	96.2726
zenden	3	696897	96.273
zijkant	3	696900	96.2734
zinnig	3	696903	96.2738
zinvol	3	696906	96.2742
zkh	3	696909	96.2746
zoe	3	696912	96.2751
zoetje	3	696915	96.2755
zolder	3	696918	96.2759
zondagen	3	696921	96.2763
zonnebank	3	696924	96.2767
zonnen	3	696927	96.2771
zuinig	3	696930	96.2775
zundapp	3	696933	96.278
zussie	3	696936	96.2784
zut	3	696939	96.2788
zuurstof	3	696942	96.2792
zwoel	3	696945	96.2796
zz	3	696948	96.28
£	3	696951	96.2804
Ça	3	696954	96.2809
ál	3	696957	96.2813
érg	3	696960	96.2817
òf	3	696963	96.2821
!!!!!!!!	2	696965	96.2824
!-	2	696967	96.2827
!.	2	696969	96.2829
!?!?	2	696971	96.2832
-.	2	696973	96.2835
-13	2	696975	96.2838
-17	2	696977	96.284
-3,33	2	696979	96.2843
....!	2	696981	96.2846
.58	2	696983	96.2849
0,0	2	696985	96.2851
040	2	696987	96.2854
043	2	696989	96.2857
0494	2	696991	96.286
0499	2	696993	96.2862
05:00	2	696995	96.2865
0614814449	2	696997	96.2868
0900	2	696999	96.2871
1.3	2	697001	96.2873
106	2	697003	96.2876
10:00	2	697005	96.2879
10:10	2	697007	96.2882
110	2	697009	96.2885
112	2	697011	96.2887
117	2	697013	96.289
118	2	697015	96.2893
11:45	2	697017	96.2896
12.15	2	697019	96.2898
1200	2	697021	96.2901
1220	2	697023	96.2904
128	2	697025	96.2907
12:15	2	697027	96.2909
13.45	2	697029	96.2912
1300	2	697031	96.2915
131	2	697033	96.2918
133	2	697035	96.292
1350	2	697037	96.2923
13:35	2	697039	96.2926
1415	2	697041	96.2929
1430	2	697043	96.2931
14:15	2	697045	96.2934
14:20	2	697047	96.2937
14de?	2	697049	96.294
15.05	2	697051	96.2943
15:15	2	697053	96.2945
15:50	2	697055	96.2948
15de	2	697057	96.2951
16.00	2	697059	96.2954
16.15	2	697061	96.2956
16:03	2	697063	96.2959
16:30	2	697065	96.2962
17.05	2	697067	96.2965
17.15	2	697069	96.2967
1755	2	697071	96.297
176	2	697073	96.2973
17:00	2	697075	96.2976
17:45	2	697077	96.2978
17e.	2	697079	96.2981
18.15	2	697081	96.2984
18.30	2	697083	96.2987
18.45	2	697085	96.299
180	2	697087	96.2992
1815	2	697089	96.2995
1845	2	697091	96.2998
18:05	2	697093	96.3001
18:15	2	697095	96.3003
18:53	2	697097	96.3006
18de.	2	697099	96.3009
19.00	2	697101	96.3012
19.20	2	697103	96.3014
1905	2	697105	96.3017
1915	2	697107	96.302
1918	2	697109	96.3023
19:20	2	697111	96.3025
19:30	2	697113	96.3028
2,50	2	697115	96.3031
20.30	2	697117	96.3034
2007	2	697119	96.3036
2012	2	697121	96.3039
20:30	2	697123	96.3042
21.30	2	697125	96.3045
212	2	697127	96.3048
219	2	697129	96.305
21:00	2	697131	96.3053
21:15	2	697133	96.3056
21:30	2	697135	96.3059
21ste	2	697137	96.3061
22,50	2	697139	96.3064
220	2	697141	96.3067
225	2	697143	96.307
2434	2	697145	96.3072
3,5	2	697147	96.3075
3.30	2	697149	96.3078
3000	2	697151	96.3081
308	2	697153	96.3083
31ste	2	697155	96.3086
33000	2	697157	96.3089
3e.	2	697159	96.3092
410	2	697161	96.3095
421	2	697163	96.3097
5,6	2	697165	96.31
5.1	2	697167	96.3103
5025	2	697169	96.3106
6.37	2	697171	96.3108
61	2	697173	96.3111
6511	2	697175	96.3114
7,1	2	697177	96.3117
7.30	2	697179	96.3119
73	2	697181	96.3122
77	2	697183	96.3125
7:30	2	697185	96.3128
7e	2	697187	96.313
8,50	2	697189	96.3133
857748	2	697191	96.3136
88	2	697193	96.3139
98	2	697195	96.3141
9876	2	697197	96.3144
9971	2	697199	96.3147
9:00	2	697201	96.315
:'S	2	697203	96.3153
:*	2	697205	96.3155
:-@	2	697207	96.3158
;$	2	697209	96.3161
<KROEGNAAM>	2	697211	96.3164
<PLAATSNAAM>	2	697213	96.3166
<decimal>	2	697215	96.3169
><	2	697217	96.3172
?!!	2	697219	96.3175
?...	2	697221	96.3177
????	2	697223	96.318
??????	2	697225	96.3183
A-M	2	697227	96.3186
A-team	2	697229	96.3188
A.	2	697231	96.3191
A.s.	2	697233	96.3194
ACC	2	697235	96.3197
ADHD	2	697237	96.3199
AK	2	697239	96.3202
ANS	2	697241	96.3205
APK	2	697243	96.3208
Aaaah	2	697245	96.3211
Abel	2	697247	96.3213
Abma	2	697249	96.3216
Accidentally	2	697251	96.3219
Actiaat	2	697253	96.3222
Actually	2	697255	96.3224
Adam	2	697257	96.3227
Afterparty	2	697259	96.323
Ahhh	2	697261	96.3233
Aike	2	697263	96.3235
Ajaj	2	697265	96.3238
Alev	2	697267	96.3241
Alfred	2	697269	96.3244
Algemeen	2	697271	96.3246
Alicante	2	697273	96.3249
Alice	2	697275	96.3252
Alive	2	697277	96.3255
Alleman	2	697279	96.3258
Alpha	2	697281	96.326
Alst	2	697283	96.3263
Alv	2	697285	96.3266
Alwin	2	697287	96.3269
Amadeus	2	697289	96.3271
Amerika	2	697291	96.3274
Andy	2	697293	96.3277
Angela	2	697295	96.328
Anish	2	697297	96.3282
Ankes	2	697299	96.3285
Ankie	2	697301	96.3288
Annelien	2	697303	96.3291
Annelieske	2	697305	96.3293
Annelot	2	697307	96.3296
Annet	2	697309	96.3299
Anni	2	697311	96.3302
Annicka	2	697313	96.3304
Anton	2	697315	96.3307
Anvers	2	697317	96.331
Arc	2	697319	96.3313
Arktos	2	697321	96.3316
Around	2	697323	96.3318
Arwen	2	697325	96.3321
Asgerd	2	697327	96.3324
Askars	2	697329	96.3327
Atak	2	697331	96.3329
Atm	2	697333	96.3332
Aukje	2	697335	96.3335
Auschwitz	2	697337	96.3338
Austrian	2	697339	96.334
Avans	2	697341	96.3343
Awh	2	697343	96.3346
Aye	2	697345	96.3349
BATA	2	697347	96.3351
BDAY	2	697349	96.3354
BIRTHDAY	2	697351	96.3357
BMW	2	697353	96.336
BREAKING	2	697355	96.3363
BVD	2	697357	96.3365
Ba	2	697359	96.3368
Baby	2	697361	96.3371
Bachlaan	2	697363	96.3374
Bad	2	697365	96.3376
Bakmans	2	697367	96.3379
Bambino	2	697369	96.3382
Band	2	697371	96.3385
Barneveld	2	697373	96.3387
Barney	2	697375	96.339
Barrie	2	697377	96.3393
Basje	2	697379	96.3396
Bateman	2	697381	96.3398
Bauer	2	697383	96.3401
Because	2	697385	96.3404
Bel	2	697387	96.3407
Belgen	2	697389	96.3409
Belgian	2	697391	96.3412
Belgium	2	697393	96.3415
Belsfest	2	697395	96.3418
Berendien	2	697397	96.3421
Bernard	2	697399	96.3423
Bernhard	2	697401	96.3426
Bertha	2	697403	96.3429
Bestival	2	697405	96.3432
Bibi	2	697407	96.3434
Bin	2	697409	96.3437
Bio	2	697411	96.344
Birmingham	2	697413	96.3443
Bisous	2	697415	96.3445
Blanckestraat	2	697417	96.3448
Blegh	2	697419	96.3451
Blood	2	697421	96.3454
Blue	2	697423	96.3456
Boeckstaetehof	2	697425	96.3459
Boeka	2	697427	96.3462
Boekanier	2	697429	96.3465
Bohème	2	697431	96.3467
Bonito	2	697433	96.347
Bonnie	2	697435	96.3473
Borluut	2	697437	96.3476
Borne	2	697439	96.3479
Bosnie	2	697441	96.3481
Boss	2	697443	96.3484
Boulevard	2	697445	96.3487
Bowling	2	697447	96.349
Boxmeer	2	697449	96.3492
Boyke	2	697451	96.3495
Boys	2	697453	96.3498
Brak	2	697455	96.3501
Brechtje	2	697457	96.3503
Bridge	2	697459	96.3506
Bring	2	697461	96.3509
Broecks	2	697463	96.3512
Brother	2	697465	96.3514
Bruine	2	697467	96.3517
Buscemi	2	697469	96.352
Bwaja	2	697471	96.3523
Byna	2	697473	96.3526
C.	2	697475	96.3528
CH	2	697477	96.3531
CJP	2	697479	96.3534
Camille	2	697481	96.3537
Cant	2	697483	96.3539
Canvas	2	697485	96.3542
Cappuccino	2	697487	96.3545
Carola	2	697489	96.3548
Carolus	2	697491	96.355
Cc	2	697493	96.3553
Chef	2	697495	96.3556
China	2	697497	96.3559
Chouffe	2	697499	96.3561
Chowk	2	697501	96.3564
Christmas	2	697503	96.3567
Churchgate	2	697505	96.357
Claes	2	697507	96.3572
Clasico	2	697509	96.3575
Classic	2	697511	96.3578
Classico	2	697513	96.3581
Cloos	2	697515	96.3584
Clooske	2	697517	96.3586
Coffee	2	697519	96.3589
Cognition	2	697521	96.3592
Communal	2	697523	96.3595
Communication	2	697525	96.3597
Comomeer	2	697527	96.36
Completely	2	697529	96.3603
Compromis	2	697531	96.3606
Confused	2	697533	96.3608
Considering	2	697535	96.3611
Coos	2	697537	96.3614
Cor	2	697539	96.3617
Corrie	2	697541	96.3619
Cup	2	697543	96.3622
Cute	2	697545	96.3625
DM	2	697547	96.3628
DONE	2	697549	96.3631
DTC	2	697551	96.3633
DWDD	2	697553	96.3636
DZ	2	697555	96.3639
Dagpas	2	697557	96.3642
Dale	2	697559	96.3644
Dam	2	697561	96.3647
Dance	2	697563	96.365
Danielle	2	697565	96.3653
Darcy	2	697567	96.3655
Delden	2	697569	96.3658
Denderleeuw	2	697571	96.3661
Dennis	2	697573	96.3664
Denter	2	697575	96.3666
Desiree	2	697577	96.3669
Deutschland	2	697579	96.3672
Didn't	2	697581	96.3675
Diets	2	697583	96.3677
Difficult	2	697585	96.368
Dijon	2	697587	96.3683
Dirkie	2	697589	96.3686
Dirkjan	2	697591	96.3689
Ditto	2	697593	96.3691
Djee	2	697595	96.3694
Dolf	2	697597	96.3697
Dominiek	2	697599	96.37
Donald	2	697601	96.3702
Dongen	2	697603	96.3705
Dopio	2	697605	96.3708
Down	2	697607	96.3711
Drakenbootfestival	2	697609	96.3713
Drama	2	697611	96.3716
Drenthe	2	697613	96.3719
Droid	2	697615	96.3722
Dubai	2	697617	96.3724
Duck	2	697619	96.3727
Due	2	697621	96.373
Duif	2	697623	96.3733
Dullaert	2	697625	96.3736
Duts	2	697627	96.3738
Dvořák	2	697629	96.3741
Dylan	2	697631	96.3744
E	2	697633	96.3747
EHV	2	697635	96.3749
EV	2	697637	96.3752
East	2	697639	96.3755
Eck	2	697641	96.3758
Eco	2	697643	96.376
Ed	2	697645	96.3763
Editors	2	697647	96.3766
Edo	2	697649	96.3769
Eefje	2	697651	96.3771
Eerste	2	697653	96.3774
Effect	2	697655	96.3777
Eftelingvla	2	697657	96.378
Egypte	2	697659	96.3782
Ein	2	697661	96.3785
Elche	2	697663	96.3788
Elfde	2	697665	96.3791
Elien	2	697667	96.3794
Elise	2	697669	96.3796
Elkje	2	697671	96.3799
Ellis	2	697673	96.3802
Elmy	2	697675	96.3805
Elsa	2	697677	96.3807
Emmeloord	2	697679	96.381
Emmy	2	697681	96.3813
Enfin	2	697683	96.3816
Erica	2	697685	96.3818
Eta	2	697687	96.3821
Euh	2	697689	96.3824
Eum	2	697691	96.3827
Europa	2	697693	96.3829
Ewa	2	697695	96.3832
Ewel	2	697697	96.3835
Ewout	2	697699	96.3838
Excusez	2	697701	96.384
Ez	2	697703	96.3843
FC	2	697705	96.3846
Fame	2	697707	96.3849
Family	2	697709	96.3852
Feesten	2	697711	96.3854
Felipe	2	697713	96.3857
Female	2	697715	96.386
Fine	2	697717	96.3863
Flappy	2	697719	96.3865
Flip	2	697721	96.3868
Forgot	2	697723	96.3871
Fortissio	2	697725	96.3874
Frannie	2	697727	96.3876
Freddy	2	697729	96.3879
Freek	2	697731	96.3882
Freya	2	697733	96.3885
Friesland	2	697735	96.3887
Frits	2	697737	96.389
Frodelinde	2	697739	96.3893
Full	2	697741	96.3896
Fys	2	697743	96.3899
GLOW	2	697745	96.3901
GPS	2	697747	96.3904
Gaby	2	697749	96.3907
Gado	2	697751	96.391
Gait	2	697753	96.3912
Galaxy	2	697755	96.3915
Gamma	2	697757	96.3918
Gandhi	2	697759	96.3921
Gaux	2	697761	96.3923
Gay	2	697763	96.3926
Gebod	2	697765	96.3929
Geert	2	697767	96.3932
Gelderlander	2	697769	96.3934
Gelredome	2	697771	96.3937
Geoffrey	2	697773	96.394
Gerda	2	697775	96.3943
Gerlinde	2	697777	96.3945
German	2	697779	96.3948
Germany	2	697781	96.3951
Gerrie	2	697783	96.3954
Gerrita	2	697785	96.3957
Gerry	2	697787	96.3959
Gertjan	2	697789	96.3962
Gibraltar	2	697791	96.3965
Giselle	2	697793	96.3968
Give	2	697795	96.397
Gizmo's	2	697797	96.3973
Glee	2	697799	96.3976
Goei	2	697801	96.3979
Goes	2	697803	96.3981
Golf	2	697805	96.3984
Gooik	2	697807	96.3987
Goooooeeed	2	697809	96.399
Gore	2	697811	96.3992
Grace	2	697813	96.3995
Grad	2	697815	96.3998
Granada	2	697817	96.4001
Gretl	2	697819	96.4004
Griek	2	697821	96.4006
Griekenland	2	697823	96.4009
Grmbl	2	697825	96.4012
Gsm	2	697827	96.4015
Guido	2	697829	96.4017
Guitar	2	697831	96.402
Guys	2	697833	96.4023
H	2	697835	96.4026
HIEPERDEPIEP	2	697837	96.4028
HOERAAAA	2	697839	96.4031
HOME	2	697841	96.4034
HOU	2	697843	96.4037
HQ	2	697845	96.4039
HS	2	697847	96.4042
HTC	2	697849	96.4045
Ha-ha	2	697851	96.4048
Haiii	2	697853	96.405
Hajraa	2	697855	96.4053
Hambrug	2	697857	96.4056
Hannah	2	697859	96.4059
Hannes	2	697861	96.4062
Hansi	2	697863	96.4064
Hash	2	697865	96.4067
Hatseflats	2	697867	96.407
Having	2	697869	96.4073
Head	2	697871	96.4075
Heavy	2	697873	96.4078
Heer	2	697875	96.4081
Hehe	2	697877	96.4084
Heidrun	2	697879	96.4086
Hej	2	697881	96.4089
Hemant	2	697883	96.4092
Henderina	2	697885	96.4095
Henk	2	697887	96.4097
Herjan	2	697889	96.41
Heroes	2	697891	96.4103
Hert	2	697893	96.4106
Hessel	2	697895	96.4108
Heuvel	2	697897	96.4111
Heyhey	2	697899	96.4114
Hide	2	697901	96.4117
Hilke	2	697903	96.412
Hill	2	697905	96.4122
His	2	697907	96.4125
Hjeppi	2	697909	96.4128
Hmz	2	697911	96.4131
Ho	2	697913	96.4133
Hoeda	2	697915	96.4136
Hoeve	2	697917	96.4139
Hoeven	2	697919	96.4142
Holmes	2	697921	96.4144
Honey	2	697923	96.4147
Hong	2	697925	96.415
Hongaar	2	697927	96.4153
Hopla	2	697929	96.4155
Hostel	2	697931	96.4158
Hotel	2	697933	96.4161
Huib	2	697935	96.4164
Huiberts	2	697937	96.4167
Hungarian	2	697939	96.4169
I.	2	697941	96.4172
IB	2	697943	96.4175
IC	2	697945	96.4178
ISRR	2	697947	96.418
IV	2	697949	96.4183
Ieper	2	697951	96.4186
Il	2	697953	96.4189
Inception	2	697955	96.4191
Ingang	2	697957	96.4194
Interesting	2	697959	96.4197
Is	2	697961	96.42
Isis	2	697963	96.4202
Isle	2	697965	96.4205
Iss	2	697967	96.4208
Italia	2	697969	96.4211
Italiaans	2	697971	96.4213
Itz	2	697973	96.4216
JP	2	697975	96.4219
Jaaa	2	697977	96.4222
Jaaaaa	2	697979	96.4225
Jac	2	697981	96.4227
Jacco	2	697983	96.423
Jack	2	697985	96.4233
Jacobus	2	697987	96.4236
Jade	2	697989	96.4238
Jam	2	697991	96.4241
Jana	2	697993	96.4244
Jane	2	697995	96.4247
Janssen	2	697997	96.4249
Jarige	2	697999	96.4252
Jazzfestival	2	698001	96.4255
Jeans	2	698003	96.4258
Jedidiah	2	698005	96.426
Jerom	2	698007	96.4263
Jet	2	698009	96.4266
Jetzt	2	698011	96.4269
Jieter	2	698013	96.4272
Joelle	2	698015	96.4274
Joep	2	698017	96.4277
Johanna	2	698019	96.428
Johnny	2	698021	96.4283
Joint	2	698023	96.4285
Jolien	2	698025	96.4288
Jonas	2	698027	96.4291
Jonge	2	698029	96.4294
Joo	2	698031	96.4296
Jorien	2	698033	96.4299
Josh	2	698035	96.4302
Judas	2	698037	96.4305
Jule	2	698039	96.4307
Julie's	2	698041	96.431
July	2	698043	96.4313
Junior	2	698045	96.4316
Jup	2	698047	96.4318
Jurgen	2	698049	96.4321
Juut	2	698051	96.4324
KAK	2	698053	96.4327
KAPOT	2	698055	96.433
KH-city	2	698057	96.4332
KISS	2	698059	96.4335
KKplein	2	698061	96.4338
Kaa	2	698063	96.4341
Kareltje	2	698065	96.4343
Katrijn	2	698067	96.4346
Katzenjammer	2	698069	96.4349
Kel	2	698071	96.4352
Kemkers	2	698073	96.4354
Kenia	2	698075	96.4357
Kevin	2	698077	96.436
Keyzer	2	698079	96.4363
Kh	2	698081	96.4365
Khalid	2	698083	96.4368
Kiado	2	698085	96.4371
Kimera	2	698087	96.4374
Kinky	2	698089	96.4376
Kiraly	2	698091	96.4379
Kkan	2	698093	96.4382
Klaprooslaan	2	698095	96.4385
Know	2	698097	96.4388
Kok	2	698099	96.439
Kollie	2	698101	96.4393
Koning	2	698103	96.4396
Koninginnedag	2	698105	96.4399
Korvelplein	2	698107	96.4401
Kreta	2	698109	96.4404
Kt	2	698111	96.4407
Kusja	2	698113	96.441
Kuuuuuusssssss	2	698115	96.4412
Kvroeg	2	698117	96.4415
Kweeni	2	698119	96.4418
Kwik	2	698121	96.4421
Kwil	2	698123	96.4423
Kwn	2	698125	96.4426
Kya	2	698127	96.4429
Kyra	2	698129	96.4432
LA	2	698131	96.4435
LB	2	698133	96.4437
LC	2	698135	96.444
LIEF	2	698137	96.4443
LOM	2	698139	96.4446
Laatste	2	698141	96.4448
Lala	2	698143	96.4451
Lara	2	698145	96.4454
Late	2	698147	96.4457
Le	2	698149	96.4459
Leidseplein	2	698151	96.4462
Leisure	2	698153	96.4465
Lembeke	2	698155	96.4468
Leon	2	698157	96.447
Leoni	2	698159	96.4473
Leopolds	2	698161	96.4476
Lermoos	2	698163	96.4479
Leur	2	698165	96.4481
Leuverink	2	698167	96.4484
Lev	2	698169	96.4487
Liam	2	698171	96.449
Lian	2	698173	96.4493
Lianne	2	698175	96.4495
Library	2	698177	96.4498
Liesbeth	2	698179	96.4501
Liese	2	698181	96.4504
Lieselotte	2	698183	96.4506
Limboland	2	698185	96.4509
Lin	2	698187	96.4512
Line	2	698189	96.4515
Lingen	2	698191	96.4517
LinkedIn	2	698193	96.452
Linnaeus	2	698195	96.4523
Lion	2	698197	96.4526
Lise	2	698199	96.4528
Lodewijk	2	698201	96.4531
Lodewijkers	2	698203	96.4534
Loek	2	698205	96.4537
Lokeren	2	698207	96.454
Lolz	2	698209	96.4542
Long	2	698211	96.4545
Lonneke	2	698213	96.4548
Lots	2	698215	96.4551
Louise	2	698217	96.4553
Lovely	2	698219	96.4556
Lubach	2	698221	96.4559
Luc	2	698223	96.4562
Lucky	2	698225	96.4564
Luis	2	698227	96.4567
Lullo	2	698229	96.457
Luna	2	698231	96.4573
Luxemburg	2	698233	96.4575
Lynch	2	698235	96.4578
Lysanne	2	698237	96.4581
MAC	2	698239	96.4584
MC	2	698241	96.4586
MM	2	698243	96.4589
MMS	2	698245	96.4592
MTO	2	698247	96.4595
MTV	2	698249	96.4598
MV	2	698251	96.46
Ma.	2	698253	96.4603
MacBook	2	698255	96.4606
Made	2	698257	96.4609
Magali	2	698259	96.4611
Maggy	2	698261	96.4614
Maharashtra	2	698263	96.4617
Make	2	698265	96.462
Mama	2	698267	96.4622
Manhattan	2	698269	96.4625
Manon	2	698271	96.4628
Mans	2	698273	96.4631
Manu	2	698275	96.4633
Marathon	2	698277	96.4636
Marcia	2	698279	96.4639
Marcos	2	698281	96.4642
Marf	2	698283	96.4644
Margaux	2	698285	96.4647
Margit	2	698287	96.465
Marian	2	698289	96.4653
Mariek	2	698291	96.4656
Marij	2	698293	96.4658
Marije	2	698295	96.4661
Mariken	2	698297	96.4664
Marina	2	698299	96.4667
Marktplaats	2	698301	96.4669
Martha	2	698303	96.4672
Martino	2	698305	96.4675
Master	2	698307	96.4678
Matchmakers	2	698309	96.468
Mathieu	2	698311	96.4683
Matrix	2	698313	96.4686
Matthijs	2	698315	96.4689
Maxime	2	698317	96.4691
Medisoc.be	2	698319	96.4694
Meeting	2	698321	96.4697
Meeuwis	2	698323	96.47
Meijer	2	698325	96.4703
Melanie	2	698327	96.4705
Mensa	2	698329	96.4708
Merry	2	698331	96.4711
Miami	2	698333	96.4714
Mickey	2	698335	96.4716
Miebeth	2	698337	96.4719
Mind	2	698339	96.4722
Moby	2	698341	96.4725
Moehaha	2	698343	96.4727
Mogge	2	698345	96.473
Mol	2	698347	96.4733
Monday	2	698349	96.4736
Moni	2	698351	96.4738
Mont	2	698353	96.4741
More	2	698355	96.4744
Mossel	2	698357	96.4747
Mostar	2	698359	96.4749
Msn	2	698361	96.4752
Mwah	2	698363	96.4755
Mweh	2	698365	96.4758
Mysterie	2	698367	96.4761
N	2	698369	96.4763
NEWS	2	698371	96.4766
Nadia	2	698373	96.4769
Ned.	2	698375	96.4772
Nederlander	2	698377	96.4774
Neeltje	2	698379	96.4777
Nerd	2	698381	96.478
Nespresso	2	698383	96.4783
Netcom	2	698385	96.4785
Nic	2	698387	96.4788
Nimma	2	698389	96.4791
Njam	2	698391	96.4794
Noah	2	698393	96.4796
Nonski	2	698395	96.4799
Noone	2	698397	96.4802
Noord	2	698399	96.4805
Noordwijk	2	698401	96.4808
Nuenen	2	698403	96.481
Nunspeet	2	698405	96.4813
Nusselein	2	698407	96.4816
Nyugayi	2	698409	96.4819
OB	2	698411	96.4821
OC	2	698413	96.4824
ONJUIST	2	698415	96.4827
Océan	2	698417	96.483
OdG	2	698419	96.4832
Oew	2	698421	96.4835
Ohoh	2	698423	96.4838
Oké	2	698425	96.4841
Olde	2	698427	96.4843
Oldenzaal	2	698429	96.4846
Olivier	2	698431	96.4849
Ooo	2	698433	96.4852
Oostenrijk	2	698435	96.4854
Oosterhout	2	698437	96.4857
Oosterom	2	698439	96.486
Oui	2	698441	96.4863
Our	2	698443	96.4866
Out	2	698445	96.4868
Owh	2	698447	96.4871
Owkee	2	698449	96.4874
P.s.	2	698451	96.4877
PZL	2	698453	96.4879
Panos	2	698455	96.4882
Parade	2	698457	96.4885
Park	2	698459	96.4888
Parkeerroute	2	698461	96.489
Parov	2	698463	96.4893
Pasen	2	698465	96.4896
Patrick's	2	698467	96.4899
Pauwl	2	698469	96.4901
Pc	2	698471	96.4904
Perry	2	698473	96.4907
Perudo	2	698475	96.491
Phil	2	698477	96.4912
Phoe	2	698479	96.4915
Pick	2	698481	96.4918
Pien	2	698483	96.4921
Pillie	2	698485	96.4924
Pim	2	698487	96.4926
Place	2	698489	96.4929
Plans	2	698491	96.4932
Plien	2	698493	96.4935
Pluimke	2	698495	96.4937
Pluto	2	698497	96.494
Poezen	2	698499	96.4943
Polé	2	698501	96.4946
Potkulcs	2	698503	96.4948
Potter	2	698505	96.4951
Pour	2	698507	96.4954
PowerPoint	2	698509	96.4957
Prepare	2	698511	96.4959
Proximus	2	698513	96.4962
Pul	2	698515	96.4965
Pursuit	2	698517	96.4968
QOTSA	2	698519	96.4971
Qnap	2	698521	96.4973
QtgwerQD	2	698523	96.4976
Quantum	2	698525	96.4979
Quick	2	698527	96.4982
Quite	2	698529	96.4984
R.	2	698531	96.4987
Raday	2	698533	96.499
Raimi	2	698535	96.4993
Ralf	2	698537	96.4995
Ralph	2	698539	96.4998
Ram	2	698541	96.5001
Randstad	2	698543	96.5004
Read	2	698545	96.5006
Regi	2	698547	96.5009
Rembo	2	698549	96.5012
Remco	2	698551	96.5015
Remy	2	698553	96.5017
Renee	2	698555	96.502
Rens	2	698557	96.5023
Rhodos	2	698559	96.5026
Ria	2	698561	96.5029
Rijksmuseum	2	698563	96.5031
Rijnstate	2	698565	96.5034
Rinkel	2	698567	96.5037
Rio	2	698569	96.504
Robbin	2	698571	96.5042
Robrecht	2	698573	96.5045
Robyn	2	698575	96.5048
Rock	2	698577	96.5051
Rodenbach	2	698579	96.5053
Roe	2	698581	96.5056
Roemenië	2	698583	96.5059
Roger	2	698585	96.5062
Rome	2	698587	96.5064
Romeo	2	698589	96.5067
Ron	2	698591	96.507
Roosbeef	2	698593	96.5073
Roosje	2	698595	96.5076
Rosa	2	698597	96.5078
Roselien	2	698599	96.5081
Rowan	2	698601	96.5084
Rowwen	2	698603	96.5087
Royal	2	698605	96.5089
Run	2	698607	96.5092
Rusland	2	698609	96.5095
Ruudje	2	698611	96.5098
Ruuds	2	698613	96.51
Ryckeghem	2	698615	96.5103
S.	2	698617	96.5106
SBS	2	698619	96.5109
SIM	2	698621	96.5111
SSC	2	698623	96.5114
STORTREGEN	2	698625	96.5117
SUPER	2	698627	96.512
SVU	2	698629	96.5122
Sabine	2	698631	96.5125
Sac	2	698633	96.5128
Sam	2	698635	96.5131
Samuel	2	698637	96.5134
Sandra	2	698639	96.5136
Sarajevo	2	698641	96.5139
Sauron	2	698643	96.5142
Save	2	698645	96.5145
Saw	2	698647	96.5147
Say	2	698649	96.515
Schalkhaar	2	698651	96.5153
Schelde	2	698653	96.5156
Scheurbuik	2	698655	96.5158
Scotland	2	698657	96.5161
Seffes	2	698659	96.5164
Senna	2	698661	96.5167
Server	2	698663	96.5169
Shantel	2	698665	96.5172
Sherlock	2	698667	96.5175
Shiny	2	698669	96.5178
Siemens	2	698671	96.5181
Sierra	2	698673	96.5183
Sjaah	2	698675	96.5186
Sjannie	2	698677	96.5189
Sjorsmeister	2	698679	96.5192
Slept	2	698681	96.5194
Slightly	2	698683	96.5197
Smeets	2	698685	96.52
Smit	2	698687	96.5203
Sms	2	698689	96.5205
Snorry	2	698691	96.5208
Soc	2	698693	96.5211
Social	2	698695	96.5214
Some	2	698697	96.5216
Sound	2	698699	96.5219
Spaans	2	698701	96.5222
Spanjaarden	2	698703	96.5225
Sportze	2	698705	96.5227
Springbreak	2	698707	96.523
Srry	2	698709	96.5233
Sry	2	698711	96.5236
Stadium	2	698713	96.5239
Standaard	2	698715	96.5241
Starts	2	698717	96.5244
Steef	2	698719	96.5247
Stig	2	698721	96.525
Stockholm	2	698723	96.5252
Stokroos	2	698725	96.5255
Storing	2	698727	96.5258
StructuurCie-enquete	2	698729	96.5261
Surinamer	2	698731	96.5263
Swan	2	698733	96.5266
Swinkels	2	698735	96.5269
Synthese	2	698737	96.5272
Szimpla	2	698739	96.5274
TP	2	698741	96.5277
TT	2	698743	96.528
TU	2	698745	96.5283
Tafelkleed	2	698747	96.5285
Talk	2	698749	96.5288
Tanguy	2	698751	96.5291
Tanja	2	698753	96.5294
Technology	2	698755	96.5297
Tes	2	698757	96.5299
Tgaat	2	698759	96.5302
Thekla	2	698761	96.5305
There's	2	698763	96.5308
Thermodynamica	2	698765	96.531
Things	2	698767	96.5313
Thinking	2	698769	96.5316
Thursday	2	698771	96.5319
Thzey	2	698773	96.5321
Tiel	2	698775	96.5324
Tilly	2	698777	96.5327
Timer	2	698779	96.533
Timon	2	698781	96.5332
Tims	2	698783	96.5335
Tirza	2	698785	96.5338
Tjaa	2	698787	96.5341
Tobeke	2	698789	96.5344
Toet	2	698791	96.5346
Tommeke	2	698793	96.5349
Torsby	2	698795	96.5352
Toy	2	698797	96.5355
Toyota	2	698799	96.5357
Trinity	2	698801	96.536
Trip	2	698803	96.5363
Trivial	2	698805	96.5366
Tub	2	698807	96.5368
Tuesday	2	698809	96.5371
Turns	2	698811	96.5374
Tycho	2	698813	96.5377
Tzou	2	698815	96.5379
UMC	2	698817	96.5382
US	2	698819	96.5385
UTF	2	698821	96.5388
Uche	2	698823	96.539
Uhuu	2	698825	96.5393
Unless	2	698827	96.5396
VET	2	698829	96.5399
VHZ	2	698831	96.5402
VL	2	698833	96.5404
VOILA	2	698835	96.5407
VU	2	698837	96.541
VVH	2	698839	96.5413
VVO	2	698841	96.5415
Valentijn	2	698843	96.5418
Valk	2	698845	96.5421
VanVelzen	2	698847	96.5424
Vanhecke	2	698849	96.5426
Venray	2	698851	96.5429
Vermeer	2	698853	96.5432
Vermeulen	2	698855	96.5435
Veurne	2	698857	96.5437
Vierlingsbeek	2	698859	96.544
Viola	2	698861	96.5443
Voet	2	698863	96.5446
Voila	2	698865	96.5449
Vos	2	698867	96.5451
Voske	2	698869	96.5454
Véronique	2	698871	96.5457
Véél	2	698873	96.546
WEEKPAS	2	698875	96.5462
WOW	2	698877	96.5465
Waaaaaaah	2	698879	96.5468
Waaargh	2	698881	96.5471
Wachtebeke	2	698883	96.5473
Wann	2	698885	96.5476
War	2	698887	96.5479
Ward	2	698889	96.5482
Weather	2	698891	96.5484
Webben	2	698893	96.5487
Weekpas	2	698895	96.549
Weight	2	698897	96.5493
Weirdo	2	698899	96.5495
Weiss	2	698901	96.5498
Welcome	2	698903	96.5501
Werchter	2	698905	96.5504
Wesley	2	698907	96.5507
Whaha	2	698909	96.5509
Whahaha	2	698911	96.5512
Whale	2	698913	96.5515
Whatcha	2	698915	96.5518
Whereabouts	2	698917	96.552
Whether	2	698919	96.5523
While	2	698921	96.5526
Who's	2	698923	96.5529
Whoops	2	698925	96.5531
Wibi	2	698927	96.5534
Wieke	2	698929	96.5537
Wieso	2	698931	96.554
Wietse	2	698933	96.5542
Wight	2	698935	96.5545
Wimbledon	2	698937	96.5548
Wols	2	698939	96.5551
Wonen	2	698941	96.5553
Wove	2	698943	96.5556
Wy	2	698945	96.5559
XXXXXXXXXXXXXX	2	698947	96.5562
XXXXXXXXXXXXXXXX	2	698949	96.5565
XXXXXXXXXXXXXXXXX	2	698951	96.5567
XXXXXXXXXXXXXXXXXX	2	698953	96.557
XXXXXXXXXXXXXXXXXXXXXX	2	698955	96.5573
Xbox	2	698957	96.5576
Xenos	2	698959	96.5578
Xja	2	698961	96.5581
Xkxkx	2	698963	96.5584
Xr	2	698965	96.5587
XxXXxX	2	698967	96.5589
Xxxxxxxxxxxxxxxxxxxxxxxx	2	698969	96.5592
YOU	2	698971	96.5595
Yessss	2	698973	96.5598
Yesssssssssss	2	698975	96.56
Yesterday	2	698977	96.5603
Yosemite	2	698979	96.5606
Young	2	698981	96.5609
Yvan	2	698983	96.5612
Yves	2	698985	96.5614
Z-Afrika	2	698987	96.5617
ZKN	2	698989	96.562
ZOEK	2	698991	96.5623
ZOOO	2	698993	96.5625
Zaza	2	698995	96.5628
Zenden	2	698997	96.5631
Zjelòne	2	698999	96.5634
Zometeen	2	699001	96.5636
Zottegem	2	699003	96.5639
Zoë	2	699005	96.5642
Zumba	2	699007	96.5645
Zwijndrecht	2	699009	96.5647
aa	2	699011	96.565
aaahn	2	699013	96.5653
aachaa	2	699015	96.5656
aalter	2	699017	96.5658
aandragen	2	699019	96.5661
aanduiden	2	699021	96.5664
aankijken	2	699023	96.5667
aankloppen	2	699025	96.567
aankoop	2	699027	96.5672
aanmoedigen	2	699029	96.5675
aanmoedigingskus	2	699031	96.5678
aanrecht	2	699033	96.5681
aanrijden	2	699035	96.5683
aanschouwen	2	699037	96.5686
aansporen	2	699039	96.5689
aanvoelen	2	699041	96.5692
aars	2	699043	96.5694
ab	2	699045	96.5697
abonnement	2	699047	96.57
abstract	2	699049	96.5703
absurd	2	699051	96.5705
abuis	2	699053	96.5708
academic	2	699055	96.5711
academisch	2	699057	96.5714
accessoire	2	699059	96.5717
accountancy	2	699061	96.5719
achel	2	699063	96.5722
achterlangs	2	699065	96.5725
achterover	2	699067	96.5728
achterstallig	2	699069	96.573
achtig	2	699071	96.5733
achttien	2	699073	96.5736
achzo	2	699075	96.5739
acteur	2	699077	96.5741
acv	2	699079	96.5744
adams	2	699081	96.5747
ademhalen	2	699083	96.575
adios	2	699085	96.5752
adk	2	699087	96.5755
admit	2	699089	96.5758
adonis	2	699091	96.5761
advance	2	699093	96.5763
adventskalender	2	699095	96.5766
afbakbrood	2	699097	96.5769
afbeelding	2	699099	96.5772
afbijten	2	699101	96.5775
afblijven	2	699103	96.5777
afgang	2	699105	96.578
afgelopen	2	699107	96.5783
afh	2	699109	96.5786
afhaak	2	699111	96.5788
afhakelarij	2	699113	96.5791
afkicken	2	699115	96.5794
afkoelen	2	699117	96.5797
afkom	2	699119	96.5799
afkomn	2	699121	96.5802
afkomstig	2	699123	96.5805
aflossen	2	699125	96.5808
aflossing	2	699127	96.581
afrijden	2	699129	96.5813
afrika	2	699131	96.5816
afrit	2	699133	96.5819
afscheuring	2	699135	96.5821
afsteken	2	699137	96.5824
aftekenen	2	699139	96.5827
afterparty	2	699141	96.583
afterwork	2	699143	96.5833
afvalbak	2	699145	96.5835
afvragen	2	699147	96.5838
afwachting	2	699149	96.5841
afwandelen	2	699151	96.5844
afweten	2	699153	96.5846
afwijzing	2	699155	96.5849
afwisseling	2	699157	96.5852
agency	2	699159	96.5855
agge	2	699161	96.5857
ago	2	699163	96.586
aha	2	699165	96.5863
ahaa	2	699167	96.5866
ahnjaa	2	699169	96.5868
ahnung	2	699171	96.5871
ahzo	2	699173	96.5874
aideen	2	699175	96.5877
aie	2	699177	96.588
ain't	2	699179	96.5882
aka	2	699181	96.5885
alas	2	699183	96.5888
albert	2	699185	96.5891
alcoholstift	2	699187	96.5893
alcoholvrij	2	699189	96.5896
ale	2	699191	96.5899
alert	2	699193	96.5902
alfie	2	699195	96.5904
algebra	2	699197	96.5907
algeheel	2	699199	96.591
alien	2	699201	96.5913
allergie	2	699203	96.5915
allergisch	2	699205	96.5918
allesinds	2	699207	96.5921
allowed	2	699209	96.5924
allready	2	699211	96.5926
alpha	2	699213	96.5929
alphen	2	699215	96.5932
alsek	2	699217	96.5935
alstublieft	2	699219	96.5938
amaiamai	2	699221	96.594
amerika	2	699223	96.5943
amistadt	2	699225	96.5946
amstelveen	2	699227	96.5949
amusant	2	699229	96.5951
amused	2	699231	96.5954
amy	2	699233	96.5957
anabool	2	699235	96.596
andalusie	2	699237	96.5962
andermans	2	699239	96.5965
andheri	2	699241	96.5968
android	2	699243	96.5971
aneke	2	699245	96.5973
angst	2	699247	96.5976
animo	2	699249	96.5979
ankeske	2	699251	96.5982
annastraat	2	699253	96.5985
annche	2	699255	96.5987
annchen	2	699257	96.599
annerieke	2	699259	96.5993
anni	2	699261	96.5996
annoyed	2	699263	96.5998
anorexia	2	699265	96.6001
ans	2	699267	96.6004
ant	2	699269	96.6007
anti	2	699271	96.6009
antw	2	699273	96.6012
anyhow	2	699275	96.6015
anytime	2	699277	96.6018
aperitief	2	699279	96.602
apero	2	699281	96.6023
apoorv	2	699283	96.6026
apostel	2	699285	96.6029
appelmans	2	699287	96.6031
appelsap	2	699289	96.6034
approved	2	699291	96.6037
apps	2	699293	96.604
appt	2	699295	96.6043
apt	2	699297	96.6045
aquila	2	699299	96.6048
aquisitie	2	699301	96.6051
ar	2	699303	96.6054
arcachon	2	699305	96.6056
arelaxed	2	699307	96.6059
arelaxt	2	699309	96.6062
aren't	2	699311	96.6065
argentijns	2	699313	96.6067
army	2	699315	96.607
arwenske	2	699317	96.6073
asap	2	699319	96.6076
asbest	2	699321	96.6078
asiel	2	699323	96.6081
asked	2	699325	96.6084
asking	2	699327	96.6087
asleep	2	699329	96.6089
aso	2	699331	96.6092
assen	2	699333	96.6095
asses	2	699335	96.6098
assignment	2	699337	96.6101
assume	2	699339	96.6103
ate	2	699341	96.6106
atleet	2	699343	96.6109
attention	2	699345	96.6112
attitude	2	699347	96.6114
autistisch	2	699349	96.6117
autoradio	2	699351	96.612
ava	2	699353	96.6123
available	2	699355	96.6125
avenue	2	699357	96.6128
avoided	2	699359	96.6131
avondspits	2	699361	96.6134
award	2	699363	96.6136
awkward	2	699365	96.6139
aww	2	699367	96.6142
aye	2	699369	96.6145
ayesta	2	699371	96.6148
azo	2	699373	96.615
babbe	2	699375	96.6153
babyborrel	2	699377	96.6156
babycarrier	2	699379	96.6159
babyfoon	2	699381	96.6161
babysitter	2	699383	96.6164
backuppen	2	699385	96.6167
badjas	2	699387	96.617
balans	2	699389	96.6172
ballen	2	699391	96.6175
ballon	2	699393	96.6178
ballos	2	699395	96.6181
balpol	2	699397	96.6183
bami	2	699399	96.6186
bamischijf	2	699401	96.6189
bammer	2	699403	96.6192
banier	2	699405	96.6194
bankhangen	2	699407	96.6197
bankrekening	2	699409	96.62
barbara	2	699411	96.6203
barbecuen	2	699413	96.6206
barca	2	699415	96.6208
basement	2	699417	96.6211
basisschool	2	699419	96.6214
bass	2	699421	96.6217
bat	2	699423	96.6219
batavierenrace	2	699425	96.6222
batch	2	699427	96.6225
bathroom	2	699429	96.6228
bazin	2	699431	96.623
bbq'n	2	699433	96.6233
bdaydrink	2	699435	96.6236
bdp	2	699437	96.6239
beachvolleybal	2	699439	96.6241
beamer	2	699441	96.6244
bebbel	2	699443	96.6247
bedelven	2	699445	96.625
bedenking	2	699447	96.6253
bedrijfsbezoek	2	699449	96.6255
bedrijfsleven	2	699451	96.6258
beeb	2	699453	96.6261
beebie	2	699455	96.6264
beek	2	699457	96.6266
beenhouwer	2	699459	96.6269
beerse	2	699461	96.6272
beestfeest	2	699463	96.6275
begeleiden	2	699465	96.6277
begonne	2	699467	96.628
begraven	2	699469	96.6283
behangen	2	699471	96.6286
beheersen	2	699473	96.6288
behoeden	2	699475	96.6291
beikes	2	699477	96.6294
bejaard	2	699479	96.6297
bekaf	2	699481	96.6299
bekende	2	699483	96.6302
bekerwedstrijd	2	699485	96.6305
beklimmen	2	699487	96.6308
bekyken	2	699489	96.6311
belabberd	2	699491	96.6313
belasten	2	699493	96.6316
belastingdienst	2	699495	96.6319
beleggen	2	699497	96.6322
believe	2	699499	96.6324
bell	2	699501	96.6327
belle	2	699503	96.633
belleghemstraat	2	699505	96.6333
bellenbord	2	699507	96.6335
bels	2	699509	96.6338
belwaarde	2	699511	96.6341
beminnen	2	699513	96.6344
bemoeien	2	699515	96.6346
ben	2	699517	96.6349
benjamin	2	699519	96.6352
benken	2	699521	96.6355
bennen	2	699523	96.6357
bennu	2	699525	96.636
benzinekosten	2	699527	96.6363
beogen	2	699529	96.6366
berchem	2	699531	96.6369
berdine	2	699533	96.6371
berekenen	2	699535	96.6374
bergen	2	699537	96.6377
berghut	2	699539	96.638
berichten	2	699541	96.6382
beroerte	2	699543	96.6385
berucht	2	699545	96.6388
besant	2	699547	96.6391
beschermen	2	699549	96.6393
beschrijven	2	699551	96.6396
beschrijving	2	699553	96.6399
besef	2	699555	96.6402
bestijgen	2	699557	96.6404
bestuah	2	699559	96.6407
bestuurshok	2	699561	96.641
bet	2	699563	96.6413
beter	2	699565	96.6416
beterschapskus	2	699567	96.6418
beuk	2	699569	96.6421
beurtdeei	2	699571	96.6424
bevatten	2	699573	96.6427
bewerken	2	699575	96.6429
bewijsmateriaal	2	699577	96.6432
bewijzen	2	699579	96.6435
bezatten	2	699581	96.6438
bezoeker	2	699583	96.644
bezoekerskaart	2	699585	96.6443
bezoekuur	2	699587	96.6446
bezopen	2	699589	96.6449
bezweet	2	699591	96.6451
bf	2	699593	96.6454
bibberen	2	699595	96.6457
bibliotheek	2	699597	96.646
bicky	2	699599	96.6462
bieravond	2	699601	96.6465
bierfeest	2	699603	96.6468
bierles	2	699605	96.6471
biet	2	699607	96.6474
bigtime	2	699609	96.6476
bijdehand	2	699611	96.6479
bijeenkomen	2	699613	96.6482
bijleggen	2	699615	96.6485
bijleren	2	699617	96.6487
bijles	2	699619	96.649
bijnemen	2	699621	96.6493
bijwerken	2	699623	96.6496
bimbo	2	699625	96.6498
binding	2	699627	96.6501
binnengaan	2	699629	96.6504
binnenkrijgen	2	699631	96.6507
binnenland	2	699633	96.6509
binnenlaten	2	699635	96.6512
binnenpret	2	699637	96.6515
bioloog	2	699639	96.6518
bitchin	2	699641	96.6521
bjorn	2	699643	96.6523
bkc	2	699645	96.6526
bla	2	699647	96.6529
blaar	2	699649	96.6532
blankenbergestraat	2	699651	96.6534
blanket	2	699653	96.6537
blegh	2	699655	96.654
blijbaar	2	699657	96.6543
blijf	2	699659	96.6545
blinken	2	699661	96.6548
block	2	699663	96.6551
bloedgeven	2	699665	96.6554
bloemenpers	2	699667	96.6556
bloemenwinkel	2	699669	96.6559
blondie	2	699671	96.6562
blondine	2	699673	96.6565
bloody	2	699675	96.6567
blouse	2	699677	96.657
blow	2	699679	96.6573
blozen	2	699681	96.6576
blues	2	699683	96.6579
blunder	2	699685	96.6581
bnn	2	699687	96.6584
bodybalance	2	699689	96.6587
boedapest	2	699691	96.659
boeiend	2	699693	96.6592
boekenbieb	2	699695	96.6595
boekhouder	2	699697	96.6598
boemel	2	699699	96.6601
boerenkool	2	699701	96.6603
boerin	2	699703	96.6606
bol.com	2	699705	96.6609
bomma	2	699707	96.6612
bonus	2	699709	96.6614
boodsch	2	699711	96.6617
boodschappenlijst	2	699713	96.662
boodschaps	2	699715	96.6623
boooeee	2	699717	96.6625
boostcap	2	699719	96.6628
booze	2	699721	96.6631
bordboek	2	699723	96.6634
bordeaux	2	699725	96.6637
borg	2	699727	96.6639
borluut	2	699729	96.6642
boscostraat	2	699731	96.6645
bossche	2	699733	96.6648
boter	2	699735	96.665
boterkoek	2	699737	96.6653
bottle	2	699739	96.6656
bouwkeet	2	699741	96.6659
bovenbeen	2	699743	96.6661
bovenin	2	699745	96.6664
bowl	2	699747	96.6667
boycotten	2	699749	96.667
boys	2	699751	96.6672
braai	2	699753	96.6675
brah	2	699755	96.6678
brain	2	699757	96.6681
brains	2	699759	96.6684
brainstormen	2	699761	96.6686
bredaseweg	2	699763	96.6689
breien	2	699765	96.6692
brenda	2	699767	96.6695
breuk	2	699769	96.6697
brick	2	699771	96.67
bridge	2	699773	96.6703
briefen	2	699775	96.6706
broccoli	2	699777	96.6708
broken	2	699779	96.6711
brommen	2	699781	96.6714
brouwen	2	699783	96.6717
bruidspaar	2	699785	96.6719
bruise	2	699787	96.6722
brunchen	2	699789	96.6725
brunette	2	699791	96.6728
brunninkhuis	2	699793	96.673
brusselse	2	699795	96.6733
brux	2	699797	96.6736
bueno	2	699799	96.6739
buggy	2	699801	96.6742
buh	2	699803	96.6744
buitenaards	2	699805	96.6747
buitenlander	2	699807	96.675
buitenlands	2	699809	96.6753
buitenlucht	2	699811	96.6755
buitenzetten	2	699813	96.6758
bunch	2	699815	96.6761
bureaulade	2	699817	96.6764
burgemeester	2	699819	96.6766
burrel	2	699821	96.6769
bush	2	699823	96.6772
buss	2	699825	96.6775
bustijd	2	699827	96.6777
buuf	2	699829	96.678
buurten	2	699831	96.6783
buurtfeest	2	699833	96.6786
buynster	2	699835	96.6789
bwaa	2	699837	96.6791
bwaah	2	699839	96.6794
bweik	2	699841	96.6797
cactus	2	699843	96.68
cadeau-idee	2	699845	96.6802
caiperinhas	2	699847	96.6805
camion	2	699849	96.6808
cancelled	2	699851	96.6811
cantusbestuur	2	699853	96.6813
card	2	699855	96.6816
careerevent	2	699857	96.6819
cares	2	699859	96.6822
carla	2	699861	96.6824
carnavaller	2	699863	96.6827
carter	2	699865	96.683
castets	2	699867	96.6833
casus	2	699869	96.6835
categorie	2	699871	96.6838
cath	2	699873	96.6841
catherine	2	699875	96.6844
cats	2	699877	96.6847
cauwie	2	699879	96.6849
cavakes	2	699881	96.6852
cc.	2	699883	96.6855
celebrity	2	699885	96.6858
center	2	699887	96.686
central	2	699889	96.6863
centrumkant	2	699891	96.6866
ceremony	2	699893	96.6869
cerveza	2	699895	96.6871
chagarijnig	2	699897	96.6874
champignon	2	699899	96.6877
champions	2	699901	96.688
changeling	2	699903	96.6882
channel	2	699905	96.6885
chantage	2	699907	96.6888
chantal	2	699909	96.6891
charleroi	2	699911	96.6894
charlie	2	699913	96.6896
chauffage	2	699915	96.6899
check-in	2	699917	96.6902
chemisch	2	699919	96.6905
chemo	2	699921	96.6907
chess	2	699923	96.691
chic	2	699925	96.6913
chicken	2	699927	96.6916
chicky	2	699929	96.6918
chilling	2	699931	96.6921
chipknip	2	699933	96.6924
chocolates	2	699935	96.6927
chopper	2	699937	96.6929
christophe	2	699939	96.6932
chunkiet	2	699941	96.6935
cio	2	699943	96.6938
circle	2	699945	96.694
citaat	2	699947	96.6943
citroen	2	699949	96.6946
civ	2	699951	96.6949
civven	2	699953	96.6952
cker	2	699955	96.6954
cking	2	699957	96.6957
cleo	2	699959	96.696
clip	2	699961	96.6963
closing	2	699963	96.6965
clublied	2	699965	96.6968
cms	2	699967	96.6971
coach	2	699969	96.6974
coast	2	699971	96.6976
cocktailparty	2	699973	96.6979
cod	2	699975	96.6982
codex	2	699977	96.6985
codima	2	699979	96.6987
colet	2	699981	96.699
collegebank	2	699983	96.6993
collegedag	2	699985	96.6996
com	2	699987	96.6998
combined	2	699989	96.7001
comedy	2	699991	96.7004
comes	2	699993	96.7007
comfortabel	2	699995	96.701
commando	2	699997	96.7012
commissiegenoot	2	699999	96.7015
communiefeest	2	700001	96.7018
comp	2	700003	96.7021
compagnon	2	700005	96.7023
compassie	2	700007	96.7026
complaints	2	700009	96.7029
computeren	2	700011	96.7032
con	2	700013	96.7034
confetti	2	700015	96.7037
confituur	2	700017	96.704
confrontatie	2	700019	96.7043
connectie	2	700021	96.7045
conservatorium	2	700023	96.7048
constateren	2	700025	96.7051
continu	2	700027	96.7054
contractbespreking	2	700029	96.7057
contrast	2	700031	96.7059
contributie	2	700033	96.7062
conversatie	2	700035	96.7065
coop	2	700037	96.7068
cost	2	700039	96.707
coup	2	700041	96.7073
coupure	2	700043	96.7076
couscous	2	700045	96.7079
cover	2	700047	96.7081
cowboy	2	700049	96.7084
coördinatiedienst	2	700051	96.7087
coördineren	2	700053	96.709
crack	2	700055	96.7092
cradle	2	700057	96.7095
cranevelen	2	700059	96.7098
crashed	2	700061	96.7101
creatief	2	700063	96.7103
creativiteit	2	700065	96.7106
credits	2	700067	96.7109
crefivakantie	2	700069	96.7112
crossed	2	700071	96.7115
crowded	2	700073	96.7117
crown	2	700075	96.712
culinair	2	700077	96.7123
culture	2	700079	96.7126
currently	2	700081	96.7128
cvaa	2	700083	96.7131
cycling	2	700085	96.7134
d-reis	2	700087	96.7137
daaaag	2	700089	96.7139
daad	2	700091	96.7142
daartussenin	2	700093	96.7145
dabei	2	700095	96.7148
dagmar	2	700097	96.715
dagtocht	2	700099	96.7153
dambert	2	700101	96.7156
dammit	2	700103	96.7159
dankbaarheid	2	700105	96.7162
dankjee	2	700107	96.7164
dansvoorstelling	2	700109	96.7167
dar	2	700111	96.717
dark	2	700113	96.7173
darm	2	700115	96.7175
dartagnan	2	700117	96.7178
datacentrum	2	700119	96.7181
dato	2	700121	96.7184
daveren	2	700123	96.7186
daww	2	700125	96.7189
dazze	2	700127	96.7192
dberg	2	700129	96.7195
dc	2	700131	96.7197
dear	2	700133	96.72
debat	2	700135	96.7203
debatteren	2	700137	96.7206
deca	2	700139	96.7208
decenium	2	700141	96.7211
decided	2	700143	96.7214
deelname	2	700145	96.7217
deelnemer	2	700147	96.722
dees	2	700149	96.7222
degree	2	700151	96.7225
deira	2	700153	96.7228
deja	2	700155	96.7231
dekker	2	700157	96.7233
dekmantel	2	700159	96.7236
dekmatras	2	700161	96.7239
delfts	2	700163	96.7242
demo	2	700165	96.7244
denderend	2	700167	96.7247
denderleeuw	2	700169	96.725
dendermonde	2	700171	96.7253
denise	2	700173	96.7255
denkik	2	700175	96.7258
denkikken	2	700177	96.7261
departure	2	700179	96.7264
depauw	2	700181	96.7266
depressie	2	700183	96.7269
depri	2	700185	96.7272
derna	2	700187	96.7275
design	2	700189	96.7278
desire	2	700191	96.728
desser	2	700193	96.7283
deurklink	2	700195	96.7286
developer	2	700197	96.7289
development	2	700199	96.7291
dewinter	2	700201	96.7294
dexia	2	700203	96.7297
dexter	2	700205	96.73
dezer	2	700207	96.7302
dgn	2	700209	96.7305
diablo	2	700211	96.7308
dial	2	700213	96.7311
diameter	2	700215	96.7313
dias	2	700217	96.7316
dienen	2	700219	96.7319
dierenwinkel	2	700221	96.7322
diest	2	700223	96.7325
diet	2	700225	96.7327
diets	2	700227	96.733
differences	2	700229	96.7333
difficulty	2	700231	96.7336
dikte	2	700233	96.7338
dikwijls	2	700235	96.7341
dilemma	2	700237	96.7344
dimf	2	700239	96.7347
dimitri	2	700241	96.7349
dineren	2	700243	96.7352
dinsdagen	2	700245	96.7355
dinsdagmiddag	2	700247	96.7358
dinsdagochtend	2	700249	96.736
dinszen	2	700251	96.7363
directions	2	700253	96.7366
director	2	700255	96.7369
dirk	2	700257	96.7371
discobar	2	700259	96.7374
discobowlen	2	700261	96.7377
discuss	2	700263	96.738
discussieren	2	700265	96.7383
dispuutsavond	2	700267	96.7385
dispuutsweekend	2	700269	96.7388
dna	2	700271	96.7391
dna-technologie	2	700273	96.7394
do-avond	2	700275	96.7396
doctor	2	700277	96.7399
documentaire	2	700279	96.7402
dode	2	700281	96.7405
dodelijk	2	700283	96.7407
doden	2	700285	96.741
doej	2	700287	96.7413
doening	2	700289	96.7416
doktersvoorschrift	2	700291	96.7418
dokus	2	700293	96.7421
dolfijn	2	700295	96.7424
dolgraag	2	700297	96.7427
domein	2	700299	96.743
dominant	2	700301	96.7432
dominee	2	700303	96.7435
domper	2	700305	96.7438
donalds	2	700307	96.7441
donderdagavnd	2	700309	96.7443
donderdagmiddag	2	700311	96.7446
doneren	2	700313	96.7449
dong	2	700315	96.7452
donna	2	700317	96.7454
doodgraag	2	700319	96.7457
doodschieten	2	700321	96.746
doodstil	2	700323	96.7463
doopsuiker	2	700325	96.7465
doorbijten	2	700327	96.7468
doorbikkelen	2	700329	96.7471
doordenken	2	700331	96.7474
doordringen	2	700333	96.7476
doorhak	2	700335	96.7479
doormidden	2	700337	96.7482
doorspreken	2	700339	96.7485
doorstaan	2	700341	96.7488
doorverkopen	2	700343	96.749
doorzettingsvermogen	2	700345	96.7493
doorzichtig	2	700347	96.7496
dopen	2	700349	96.7499
dordt	2	700351	96.7501
dorine	2	700353	96.7504
dossier	2	700355	96.7507
double	2	700357	96.751
douce	2	700359	96.7512
draadloos	2	700361	96.7515
draeck	2	700363	96.7518
dramatisch	2	700365	96.7521
dree	2	700367	96.7523
dreef	2	700369	96.7526
dreupelkot	2	700371	96.7529
drijven	2	700373	96.7532
drinker	2	700375	96.7534
driving	2	700377	96.7537
drm	2	700379	96.754
drnkn	2	700381	96.7543
dromo	2	700383	96.7546
dronkaard	2	700385	96.7548
droogstoppel	2	700387	96.7551
droomlief	2	700389	96.7554
droppen	2	700391	96.7557
drug	2	700393	96.7559
drukker	2	700395	96.7562
drup	2	700397	96.7565
dtl	2	700399	96.7568
dubbeldate	2	700401	96.757
dubbelganger	2	700403	96.7573
dubstep	2	700405	96.7576
duin	2	700407	96.7579
duister	2	700409	96.7581
duivin	2	700411	96.7584
dulden	2	700413	96.7587
dumpen	2	700415	96.759
dunken	2	700417	96.7593
during	2	700419	96.7595
dust	2	700421	96.7598
dutch	2	700423	96.7601
dutje	2	700425	96.7604
dw	2	700427	96.7606
dwingen	2	700429	96.7609
dymoo	2	700431	96.7612
dáár	2	700433	96.7615
dé	2	700435	96.7617
e.d.	2	700437	96.762
eBay	2	700439	96.7623
eagle	2	700441	96.7626
eargasm	2	700443	96.7628
earliest	2	700445	96.7631
easier	2	700447	96.7634
eating	2	700449	96.7637
ebh	2	700451	96.7639
ec	2	700453	96.7642
ecologisch	2	700455	96.7645
ecomat	2	700457	96.7648
eczeem	2	700459	96.7651
eddet	2	700461	96.7653
editie	2	700463	96.7656
eee	2	700465	96.7659
eep	2	700467	96.7662
eerlijkheid	2	700469	96.7664
eerste(n)	2	700471	96.7667
eet-date	2	700473	96.767
eetcafe	2	700475	96.7673
efficiënt	2	700477	96.7675
efjes	2	700479	96.7678
ego	2	700481	96.7681
ehandswinkel	2	700483	96.7684
ehbo	2	700485	96.7686
eigenlyk	2	700487	96.7689
eiglijk	2	700489	96.7692
eindbaas	2	700491	96.7695
eindcijfer	2	700493	96.7698
eindstand	2	700495	96.77
elaba	2	700497	96.7703
elemaal	2	700499	96.7706
eleven	2	700501	96.7709
elftal	2	700503	96.7711
elizabeth	2	700505	96.7714
ellendig	2	700507	96.7717
ello	2	700509	96.772
emily	2	700511	96.7722
emte	2	700513	96.7725
encore	2	700515	96.7728
eneneen	2	700517	96.7731
enfin	2	700519	96.7733
engagement	2	700521	96.7736
engelsman	2	700523	96.7739
engelstalig	2	700525	96.7742
engineer	2	700527	96.7744
enkelband	2	700529	96.7747
enneh	2	700531	96.775
environment	2	700533	96.7753
ep	2	700535	96.7756
episode	2	700537	96.7758
erasmusbrug	2	700539	96.7761
erboven	2	700541	96.7764
eredame	2	700543	96.7767
ergerlijk	2	700545	96.7769
ergernis	2	700547	96.7772
erkennen	2	700549	96.7775
ernstjan	2	700551	96.7778
erom	2	700553	96.778
eronder	2	700555	96.7783
ertegenover	2	700557	96.7786
esmee	2	700559	96.7789
espressomachine	2	700561	96.7791
essentieel	2	700563	96.7794
etje	2	700565	96.7797
etos	2	700567	96.78
etten-leurs	2	700569	96.7802
etwa	2	700571	96.7805
etwas	2	700573	96.7808
eufemisme	2	700575	96.7811
euroots	2	700577	96.7814
europe	2	700579	96.7816
eurostar	2	700581	96.7819
eurotrip	2	700583	96.7822
evah	2	700585	96.7825
eve	2	700587	96.7827
evenwicht	2	700589	96.783
everybody	2	700591	96.7833
everyone	2	700593	96.7836
evident	2	700595	96.7838
ewn	2	700597	96.7841
ex-buur	2	700599	96.7844
ex-jarige	2	700601	96.7847
examenvraag	2	700603	96.7849
excl.	2	700605	96.7852
exclusief	2	700607	96.7855
exit	2	700609	96.7858
exotisch	2	700611	96.7861
exp	2	700613	96.7863
expat	2	700615	96.7866
expect	2	700617	96.7869
expectations	2	700619	96.7872
expected	2	700621	96.7874
experimenteel	2	700623	96.7877
experimenteren	2	700625	96.788
expertise	2	700627	96.7883
export	2	700629	96.7885
exqi	2	700631	96.7888
fac	2	700633	96.7891
fact	2	700635	96.7894
faculteit	2	700637	96.7896
fais	2	700639	96.7899
fak	2	700641	96.7902
fallen	2	700643	96.7905
famdag	2	700645	96.7907
familieding	2	700647	96.791
familiereünie	2	700649	96.7913
fanclub	2	700651	96.7916
fannys	2	700653	96.7919
farre	2	700655	96.7921
fataal	2	700657	96.7924
fatsoeneren	2	700659	96.7927
fault	2	700661	96.793
favo	2	700663	96.7932
favour	2	700665	96.7935
fax	2	700667	96.7938
feedbacken	2	700669	96.7941
feestelijk	2	700671	96.7943
feestganger	2	700673	96.7946
feestpret	2	700675	96.7949
feitelijk	2	700677	96.7952
felciteren	2	700679	96.7954
feli	2	700681	96.7957
felicidas	2	700683	96.796
fenomenaal	2	700685	96.7963
ferry	2	700687	96.7966
feuten	2	700689	96.7968
fierljeppen	2	700691	96.7971
fietskot	2	700693	96.7974
fietslamp	2	700695	96.7977
fietspad	2	700697	96.7979
fietstas	2	700699	96.7982
fiew	2	700701	96.7985
fifty	2	700703	96.7988
figuurlijk	2	700705	96.799
fik	2	700707	96.7993
filerijden	2	700709	96.7996
filip	2	700711	96.7999
filosofie	2	700713	96.8001
fin	2	700715	96.8004
final	2	700717	96.8007
financien	2	700719	96.801
financieren	2	700721	96.8012
financiering	2	700723	96.8015
finding	2	700725	96.8018
finger	2	700727	96.8021
fingers	2	700729	96.8024
finishen	2	700731	96.8026
firenze	2	700733	96.8029
fis	2	700735	96.8032
fiscus	2	700737	96.8035
fitting	2	700739	96.8037
flard	2	700741	96.804
flashen	2	700743	96.8043
flatteren	2	700745	96.8046
flauwvallen	2	700747	96.8048
fleece	2	700749	96.8051
fleust	2	700751	96.8054
flikkeren	2	700753	96.8057
flippen	2	700755	96.8059
flirt	2	700757	96.8062
flirten	2	700759	96.8065
flying	2	700761	96.8068
fm	2	700763	96.807
fnac	2	700765	96.8073
fo	2	700767	96.8076
focussen	2	700769	96.8079
foif	2	700771	96.8082
followed	2	700773	96.8084
fonteinstraat	2	700775	96.8087
foodmaker	2	700777	96.809
football	2	700779	96.8093
form	2	700781	96.8095
formeel	2	700783	96.8098
fotografie	2	700785	96.8101
fotokopie	2	700787	96.8104
foyer	2	700789	96.8106
freek	2	700791	96.8109
frenchies	2	700793	96.8112
fresh	2	700795	96.8115
freya	2	700797	96.8117
friesland	2	700799	96.812
fristi	2	700801	96.8123
frodo	2	700803	96.8126
frog	2	700805	96.8129
frro	2	700807	96.8131
fruitpap	2	700809	96.8134
fuk	2	700811	96.8137
fust	2	700813	96.814
fysiek	2	700815	96.8142
gaaaaaap	2	700817	96.8145
gadget	2	700819	96.8148
gadver	2	700821	96.8151
gak	2	700823	96.8153
galaxy	2	700825	96.8156
gamebeurs	2	700827	96.8159
gamel	2	700829	96.8162
gamen	2	700831	96.8164
gan	2	700833	96.8167
ganze	2	700835	96.817
gardena	2	700837	96.8173
gasthuisberg	2	700839	96.8175
gastroscopie	2	700841	96.8178
gays	2	700843	96.8181
gbit	2	700845	96.8184
gebaar	2	700847	96.8187
gebeurtenis	2	700849	96.8189
gebruiker	2	700851	96.8192
gedaan	2	700853	96.8195
gedag	2	700855	96.8198
gedronkn	2	700857	96.82
gegadigde	2	700859	96.8203
gegevn	2	700861	96.8206
gegoogled	2	700863	96.8209
gei	2	700865	96.8211
geit	2	700867	96.8214
gekken	2	700869	96.8217
gekrege	2	700871	96.822
geleed	2	700873	96.8222
gelezen	2	700875	96.8225
gelijkaardig	2	700877	96.8228
gelijken	2	700879	96.8231
gelijkspel	2	700881	96.8234
gelik	2	700883	96.8236
gelukzak	2	700885	96.8239
gemakkelyk	2	700887	96.8242
gemeenschappelijk	2	700889	96.8245
gemoed	2	700891	96.8247
gemountainbiked	2	700893	96.825
genaait	2	700895	96.8253
genant	2	700897	96.8256
geneeskunde	2	700899	96.8258
generaal	2	700901	96.8261
genezen	2	700903	96.8264
geniaalste	2	700905	96.8267
genot	2	700907	96.8269
gentbrugge	2	700909	96.8272
gentse	2	700911	96.8275
gentstraat	2	700913	96.8278
ger	2	700915	96.828
gerda	2	700917	96.8283
gere	2	700919	96.8286
gerecht	2	700921	96.8289
gereed	2	700923	96.8292
gerelaxed	2	700925	96.8294
gert	2	700927	96.8297
geschenk	2	700929	96.83
gesettled	2	700931	96.8303
gestresst	2	700933	96.8305
geweer	2	700935	96.8308
geweld	2	700937	96.8311
gewicht	2	700939	96.8314
gewijs	2	700941	96.8316
gewoonweg	2	700943	96.8319
gezamelijk	2	700945	96.8322
gezeggen	2	700947	96.8325
gezelig	2	700949	96.8327
gezellie	2	700951	96.833
gezelschapsspel	2	700953	96.8333
gezind	2	700955	96.8336
gierle	2	700957	96.8338
gift	2	700959	96.8341
gijzelen	2	700961	96.8344
gilet	2	700963	96.8347
gimme	2	700965	96.835
gin	2	700967	96.8352
gingn	2	700969	96.8355
girish	2	700971	96.8358
gissen	2	700973	96.8361
gisterenmiddag	2	700975	96.8363
gistre	2	700977	96.8366
gizmo	2	700979	96.8369
glee	2	700981	96.8372
glitsch	2	700983	96.8374
glitterp	2	700985	96.8377
glooooooriiiiaaaaaaaa	2	700987	96.838
gloooriiia	2	700989	96.8383
gloria	2	700991	96.8385
gmm	2	700993	96.8388
gniffelen	2	700995	96.8391
godvertetten	2	700997	96.8394
goedenmorgen	2	700999	96.8397
goedgekomen	2	701001	96.8399
goeiedag	2	701003	96.8402
goeiekoper	2	701005	96.8405
goeiemiddag	2	701007	96.8408
goendzjie	2	701009	96.841
goeroe	2	701011	96.8413
goes	2	701013	96.8416
gooik	2	701015	96.8419
goor	2	701017	96.8421
goregaon	2	701019	96.8424
gorinchem	2	701021	96.8427
gotten	2	701023	96.843
gouden	2	701025	96.8432
gouwdag	2	701027	96.8435
gouwmateriaal	2	701029	96.8438
gouwstempel	2	701031	96.8441
gps	2	701033	96.8443
grab	2	701035	96.8446
grace	2	701037	96.8449
gracht	2	701039	96.8452
graduation	2	701041	96.8455
graf	2	701043	96.8457
grag	2	701045	96.846
grand	2	701047	96.8463
grasmaaien	2	701049	96.8466
graspop	2	701051	96.8468
graven	2	701053	96.8471
greet	2	701055	96.8474
greetz	2	701057	96.8477
grenoble	2	701059	96.8479
griek	2	701061	96.8482
grieks	2	701063	96.8485
grmaar	2	701065	96.8488
groepsleiding	2	701067	96.849
groepsnaam	2	701069	96.8493
groete	2	701071	96.8496
grolschcafe	2	701073	96.8499
grolschtent	2	701075	96.8502
grootfeest	2	701077	96.8504
grootte	2	701079	96.8507
grotje	2	701081	96.851
group	2	701083	96.8513
groupon	2	701085	96.8515
gsm-wissel	2	701087	96.8518
gsmst	2	701089	96.8521
gsmtest	2	701091	96.8524
gstrn	2	701093	96.8526
guidelines	2	701095	96.8529
guidogids	2	701097	96.8532
gusta	2	701099	96.8535
gut	2	701101	96.8537
guur	2	701103	96.854
gwoon	2	701105	96.8543
gym	2	701107	96.8546
gymp	2	701109	96.8548
gzien	2	701111	96.8551
gödör	2	701113	96.8554
h.	2	701115	96.8557
haaaaai	2	701117	96.856
haai	2	701119	96.8562
haarkleur	2	701121	96.8565
haas	2	701123	96.8568
habe	2	701125	96.8571
haddek	2	701127	96.8573
hade	2	701129	96.8576
hahaaaa	2	701131	96.8579
hahahahahaha	2	701133	96.8582
hak	2	701135	96.8584
halftijds	2	701137	96.8587
halfweg	2	701139	96.859
hallee	2	701141	96.8593
halleee	2	701143	96.8595
hallooo	2	701145	96.8598
hallow	2	701147	96.8601
halsoverkop	2	701149	96.8604
halveren	2	701151	96.8607
hamda	2	701153	96.8609
hamer	2	701155	96.8612
hamster	2	701157	96.8615
handcreme	2	701159	96.8618
handelen	2	701161	96.862
handelsbeurs	2	701163	96.8623
handle	2	701165	96.8626
hands	2	701167	96.8629
handschoen	2	701169	96.8631
handtas	2	701171	96.8634
handtekening	2	701173	96.8637
handvat	2	701175	96.864
hangegen	2	701177	96.8642
hanging	2	701179	96.8645
hangmat	2	701181	96.8648
hannes	2	701183	96.8651
hardstikke	2	701185	96.8653
hardwerkend	2	701187	96.8656
hardy	2	701189	96.8659
harm	2	701191	96.8662
hartedief	2	701193	96.8665
hartefeliciteren	2	701195	96.8667
hartelijks	2	701197	96.867
hasnt	2	701199	96.8673
hautain	2	701201	96.8676
hauze	2	701203	96.8678
havenfeest	2	701205	96.8681
hbo-intro	2	701207	96.8684
hc	2	701209	96.8687
he's	2	701211	96.8689
heading	2	701213	96.8692
hearing	2	701215	96.8695
hebbet	2	701217	96.8698
hebde	2	701219	96.87
hed	2	701221	96.8703
heeeeeeeel	2	701223	96.8706
heeej	2	701225	96.8709
heeele	2	701227	96.8711
heeerlijk	2	701229	96.8714
heelal	2	701231	96.8717
heelkunde	2	701233	96.872
heelveel	2	701235	96.8723
heenweg	2	701237	96.8725
heersen	2	701239	96.8728
hees	2	701241	96.8731
heh	2	701243	96.8734
helaasheid	2	701245	96.8736
heldin	2	701247	96.8739
helena	2	701249	96.8742
hello	2	701251	96.8745
henk	2	701253	96.8747
hep	2	701255	96.875
herendispuut	2	701257	96.8753
herfst	2	701259	96.8756
herkansie	2	701261	96.8758
herlinde	2	701263	96.8761
herrlich	2	701265	96.8764
hersenschudding	2	701267	96.8767
herte	2	701269	96.877
hessel	2	701271	96.8772
heu	2	701273	96.8775
heul	2	701275	96.8778
heure	2	701277	96.8781
hezdekem	2	701279	96.8783
hieperdepiep	2	701281	96.8786
hieraan	2	701283	96.8789
hierdoor	2	701285	96.8792
hiere	2	701287	96.8794
hiero	2	701289	96.8797
hifi	2	701291	96.88
hilversum	2	701293	96.8803
historisch	2	701295	96.8805
hitsig	2	701297	96.8808
hitte	2	701299	96.8811
hl	2	701301	96.8814
hlf	2	701303	96.8816
hobbit	2	701305	96.8819
hoegenaamd	2	701307	96.8822
hoest	2	701309	96.8825
hogentmail	2	701311	96.8828
hok	2	701313	96.883
hollanders	2	701315	96.8833
hollandse	2	701317	96.8836
hondenweer	2	701319	96.8839
honderdduizend	2	701321	96.8841
hongerig	2	701323	96.8844
honk	2	701325	96.8847
hoogdag	2	701327	96.885
hoogstand	2	701329	96.8852
hoogstens	2	701331	96.8855
hoogstwaarschijnlijk	2	701333	96.8858
hoooooi	2	701335	96.8861
hoopvol	2	701337	96.8863
hop	2	701339	96.8866
hopefully	2	701341	96.8869
hoppestraat	2	701343	96.8872
horizon	2	701345	96.8875
horizontaal	2	701347	96.8877
horoscoop	2	701349	96.888
horror	2	701351	96.8883
hossen	2	701353	96.8886
hosting	2	701355	96.8888
hotelbon	2	701357	96.8891
hotelkamer	2	701359	96.8894
hotspot	2	701361	96.8897
houdbaarheid	2	701363	96.8899
houde	2	701365	96.8902
houder	2	701367	96.8905
houseparty	2	701369	96.8908
houzee	2	701371	96.891
however	2	701373	96.8913
hst	2	701375	96.8916
hubertus	2	701377	96.8919
hubo	2	701379	96.8921
hudo	2	701381	96.8924
hufter	2	701383	96.8927
huifkar	2	701385	96.893
huisavond	2	701387	96.8933
huiselijk	2	701389	96.8935
huisgenote	2	701391	96.8938
huiswaarts	2	701393	96.8941
huizenspel	2	701395	96.8944
hullen	2	701397	96.8946
hulplijn	2	701399	96.8949
humeur	2	701401	96.8952
humor	2	701403	96.8955
humpe	2	701405	96.8957
husband	2	701407	96.896
hut	2	701409	96.8963
huus	2	701411	96.8966
huzarensalade	2	701413	96.8968
hw	2	701415	96.8971
hwa	2	701417	96.8974
hypo	2	701419	96.8977
i.p.v.	2	701421	96.8979
ia	2	701423	96.8982
ibood	2	701425	96.8985
ic	2	701427	96.8988
ic-trein	2	701429	96.8991
identiek	2	701431	96.8993
identiteitskaart	2	701433	96.8996
ie	2	701435	96.8999
ies	2	701437	96.9002
igen	2	701439	96.9004
ih	2	701441	96.9007
ijsbaan	2	701443	96.901
ijskoud	2	701445	96.9013
ik.to	2	701447	96.9015
ilse	2	701449	96.9018
imac	2	701451	96.9021
impress	2	701453	96.9024
improviseren	2	701455	96.9026
inbeelden	2	701457	96.9029
inbinden	2	701459	96.9032
inbreken	2	701461	96.9035
incalculeren	2	701463	96.9038
inch	2	701465	96.904
incidentloos	2	701467	96.9043
incl.	2	701469	96.9046
indiaase	2	701471	96.9049
indicatie	2	701473	96.9051
indier	2	701475	96.9054
indirect	2	701477	96.9057
induiken	2	701479	96.906
indy	2	701481	96.9062
ineen	2	701483	96.9065
informeel	2	701485	96.9068
infos	2	701487	96.9071
ingeven	2	701489	96.9073
inhuren	2	701491	96.9076
inleggen	2	701493	96.9079
inleiden	2	701495	96.9082
inmaken	2	701497	96.9084
inpassen	2	701499	96.9087
inplannen	2	701501	96.909
inrichting	2	701503	96.9093
inschrijvingsformulier	2	701505	96.9096
inschryven	2	701507	96.9098
insluiten	2	701509	96.9101
inspecteren	2	701511	96.9104
inspireren	2	701513	96.9107
instaan	2	701515	96.9109
insteken	2	701517	96.9112
instrument	2	701519	96.9115
instuif	2	701521	96.9118
intact	2	701523	96.912
integendeel	2	701525	96.9123
integraal	2	701527	96.9126
intercultureel	2	701529	96.9129
interest	2	701531	96.9131
internaat	2	701533	96.9134
interpolis	2	701535	96.9137
intiem	2	701537	96.914
intocht	2	701539	96.9143
intoetsen	2	701541	96.9145
intoxicated	2	701543	96.9148
intrekken	2	701545	96.9151
intresse	2	701547	96.9154
introductie	2	701549	96.9156
inval	2	701551	96.9159
investeren	2	701553	96.9162
investering	2	701555	96.9165
invliegen	2	701557	96.9167
invloed	2	701559	96.917
invoegen	2	701561	96.9173
inwerken	2	701563	96.9176
inwijden	2	701565	96.9178
inzicht	2	701567	96.9181
ipos	2	701569	96.9184
ironisch	2	701571	96.9187
irritating	2	701573	96.9189
is-ie	2	701575	96.9192
isabelle	2	701577	96.9195
isis	2	701579	96.9198
isolatie	2	701581	96.9201
issue	2	701583	96.9203
istie	2	701585	96.9206
ital	2	701587	96.9209
italia	2	701589	96.9212
italiano	2	701591	96.9214
ivor	2	701593	96.9217
jaaah	2	701595	96.922
jaarlijks	2	701597	96.9223
jaccuzi	2	701599	96.9225
jagen	2	701601	96.9228
jama	2	701603	96.9231
jammerrrrrr	2	701605	96.9234
jan.	2	701607	96.9236
jana	2	701609	96.9239
janata	2	701611	96.9242
jane	2	701613	96.9245
january	2	701615	96.9247
japanese	2	701617	96.925
jawatte	2	701619	96.9253
jealous	2	701621	96.9256
jean	2	701623	96.9259
jeanine	2	701625	96.9261
jedidiah	2	701627	96.9264
jeff	2	701629	96.9267
jemig	2	701631	96.927
jenevercantus	2	701633	96.9272
jer	2	701635	96.9275
jeroensel	2	701637	96.9278
jetlags	2	701639	96.9281
jeugdbeweging	2	701641	96.9283
jeugddienst	2	701643	96.9286
jeugdrechter	2	701645	96.9289
jeuken	2	701647	96.9292
jeux	2	701649	96.9294
jieter	2	701651	96.9297
jim	2	701653	96.93
jippieee	2	701655	96.9303
jjj	2	701657	96.9306
jne	2	701659	96.9308
joan	2	701661	96.9311
jobstudent	2	701663	96.9314
joepiedepoep	2	701665	96.9317
joggen	2	701667	96.9319
jonagold	2	701669	96.9322
jonges	2	701671	96.9325
jongkerel	2	701673	96.9328
jonguh	2	701675	96.933
jood	2	701677	96.9333
joooooooo	2	701679	96.9336
jort	2	701681	96.9339
journalist	2	701683	96.9341
jowel	2	701685	96.9344
ju	2	701687	96.9347
julia	2	701689	96.935
jungle	2	701691	96.9352
jupla	2	701693	96.9355
jury	2	701695	96.9358
juste	2	701697	96.9361
justitiepaleis	2	701699	96.9364
kaai	2	701701	96.9366
kaas-royal	2	701703	96.9369
kachel	2	701705	96.9372
kaft	2	701707	96.9375
kalmeren	2	701709	96.9377
kalmthoutse	2	701711	96.938
kam	2	701713	96.9383
kamerdienst	2	701715	96.9386
kampdag	2	701717	96.9388
kampeerlicht	2	701719	96.9391
kamptransport	2	701721	96.9394
kanaal	2	701723	96.9397
kanik	2	701725	96.9399
kanjer	2	701727	96.9402
kansloos	2	701729	96.9405
kantekleerstraat	2	701731	96.9408
kantooruren	2	701733	96.9411
kapaza	2	701735	96.9413
kapel	2	701737	96.9416
kapoet	2	701739	96.9419
kappert	2	701741	96.9422
kapsalon	2	701743	96.9424
kapstok	2	701745	96.9427
karakter	2	701747	96.943
karavaan	2	701749	96.9433
karel	2	701751	96.9435
karten	2	701753	96.9438
karton	2	701755	96.9441
kartonnen	2	701757	96.9444
kastar	2	701759	96.9446
kasteel	2	701761	96.9449
katalysator	2	701763	96.9452
kattenbak	2	701765	96.9455
kawee	2	701767	96.9457
kbedoel	2	701769	96.946
kblijf	2	701771	96.9463
kdoe	2	701773	96.9466
kebab	2	701775	96.9469
kedeng	2	701777	96.9471
kedengkedengkedengkedeng	2	701779	96.9474
keelontsteking	2	701781	96.9477
keeper	2	701783	96.948
keet	2	701785	96.9482
keileuk	2	701787	96.9485
keilief	2	701789	96.9488
keisimpel	2	701791	96.9491
keizersnee	2	701793	96.9493
kennelijk	2	701795	96.9496
kerkelijk	2	701797	96.9499
kerstborrel	2	701799	96.9502
kerstvakantie	2	701801	96.9504
kersvers	2	701803	96.9507
keukenhof	2	701805	96.951
keukenkast	2	701807	96.9513
keukentafel	2	701809	96.9515
kever	2	701811	96.9518
khaddet	2	701813	96.9521
khar	2	701815	96.9524
khebbet	2	701817	96.9527
khoor	2	701819	96.9529
kicked	2	701821	96.9532
kieskeurig	2	701823	96.9535
killed	2	701825	96.9538
killing	2	701827	96.954
kilometer	2	701829	96.9543
kilt	2	701831	96.9546
kimmy	2	701833	96.9549
kin	2	701835	96.9551
kip-curry	2	701837	96.9554
kipfilet	2	701839	96.9557
kipnugget	2	701841	96.956
kippenvel	2	701843	96.9562
kitten	2	701845	96.9565
klaarwakker	2	701847	96.9568
klacht	2	701849	96.9571
klantennummer	2	701851	96.9574
klaprooslaan	2	701853	96.9576
klapstoel	2	701855	96.9579
klaren	2	701857	96.9582
klasgenoot	2	701859	96.9585
kleedkamer	2	701861	96.9587
klierkoorts	2	701863	96.959
klig	2	701865	96.9593
klimaat	2	701867	96.9596
klimles	2	701869	96.9598
klimp	2	701871	96.9601
klucht	2	701873	96.9604
klusdag	2	701875	96.9607
km.	2	701877	96.9609
kmen	2	701879	96.9612
kmocht	2	701881	96.9615
kn	2	701883	96.9618
kneem	2	701885	96.962
kneiterdruk	2	701887	96.9623
knettergek	2	701889	96.9626
kneuzen	2	701891	96.9629
knijpen	2	701893	96.9632
kno	2	701895	96.9634
knoflookpers	2	701897	96.9637
knokke	2	701899	96.964
knuffelkus	2	701901	96.9643
kodak	2	701903	96.9645
koekoek	2	701905	96.9648
koelhuis	2	701907	96.9651
koenraad	2	701909	96.9654
koepel	2	701911	96.9656
koest	2	701913	96.9659
koestraat	2	701915	96.9662
koffiebar	2	701917	96.9665
koffiebreak	2	701919	96.9667
koffiemachine	2	701921	96.967
komej	2	701923	96.9673
kommer	2	701925	96.9676
konijnenhok	2	701927	96.9679
koningsplein	2	701929	96.9681
kookboek	2	701931	96.9684
kookkunst	2	701933	96.9687
koopavond	2	701935	96.969
koortsig	2	701937	96.9692
koplamp	2	701939	96.9695
kortsluiten	2	701941	96.9698
korvelplein	2	701943	96.9701
kostuum(s)	2	701945	96.9703
kotfeest	2	701947	96.9706
kotgenoot	2	701949	96.9709
koude	2	701951	96.9712
kous	2	701953	96.9714
kpn	2	701955	96.9717
kraag	2	701957	96.972
kraal	2	701959	96.9723
kraanlei	2	701961	96.9725
krabbel	2	701963	96.9728
krachtig	2	701965	96.9731
krefel	2	701967	96.9734
kringgenoot	2	701969	96.9737
kringwinkel	2	701971	96.9739
krisje	2	701973	96.9742
kristalgroei	2	701975	96.9745
krock	2	701977	96.9748
krols	2	701979	96.975
kronen	2	701981	96.9753
kroonkurk	2	701983	96.9756
kruik	2	701985	96.9759
kruisland	2	701987	96.9761
kruispunt	2	701989	96.9764
kruithuisbrug	2	701991	96.9767
krul	2	701993	96.977
krullebol	2	701995	96.9772
ksnap	2	701997	96.9775
kuil	2	701999	96.9778
kuipken	2	702001	96.9781
kul	2	702003	96.9783
kunnn	2	702005	96.9786
kunstmatig	2	702007	96.9789
kus+	2	702009	96.9792
kusch	2	702011	96.9795
kusjekusjekus	2	702013	96.9797
kusserdekus	2	702015	96.98
kutboel	2	702017	96.9803
kutherrie	2	702019	96.9806
kutzak	2	702021	96.9808
kutzooi	2	702023	96.9811
kvraag	2	702025	96.9814
kvragen	2	702027	96.9817
kwadraat	2	702029	96.9819
kwalbert	2	702031	96.9822
kwalijk	2	702033	96.9825
kwartfinale	2	702035	96.9828
kweenie	2	702037	96.983
kweken	2	702039	96.9833
kwijtmaken	2	702041	96.9836
kwn	2	702043	96.9839
kzat	2	702045	96.9842
kzet	2	702047	96.9844
laaiend	2	702049	96.9847
laar	2	702051	96.985
laatkomer	2	702053	96.9853
laatstgenoemd	2	702055	96.9855
lab	2	702057	96.9858
ladder	2	702059	96.9861
lake	2	702061	96.9864
laken	2	702063	96.9866
lalala	2	702065	96.9869
lamaar	2	702067	96.9872
landmarks	2	702069	96.9875
langsfietsen	2	702071	96.9877
langskomn	2	702073	96.988
langszaam	2	702075	96.9883
language	2	702077	96.9886
lantaarnpaal	2	702079	96.9888
lantern	2	702081	96.9891
lappe	2	702083	96.9894
lappen	2	702085	96.9897
lassing	2	702087	96.99
lastminute	2	702089	96.9902
lat	2	702091	96.9905
lata	2	702093	96.9908
laterz	2	702095	96.9911
latex	2	702097	96.9913
lattenbodem	2	702099	96.9916
lausanne	2	702101	96.9919
league	2	702103	96.9922
learning	2	702105	96.9924
leenaerts	2	702107	96.9927
leenwardhanne	2	702109	96.993
leffe	2	702111	96.9933
legen	2	702113	96.9935
legging	2	702115	96.9938
leidster	2	702117	96.9941
lekkage	2	702119	96.9944
lekken	2	702121	96.9947
lesbisch	2	702123	96.9949
lesplezier	2	702125	96.9952
lessenrooster	2	702127	96.9955
leugen	2	702129	96.9958
leur	2	702131	96.996
lianne	2	702133	96.9963
liar	2	702135	96.9966
lichtblauw	2	702137	96.9969
lichtelijk	2	702139	96.9971
lichten	2	702141	96.9974
lichtstoet	2	702143	96.9977
lidl	2	702145	96.998
lidmaatschap	2	702147	96.9982
lidnummer	2	702149	96.9985
liehief	2	702151	96.9988
lientje	2	702153	96.9991
lierde	2	702155	96.9993
liese	2	702157	96.9996
ligge	2	702159	96.9999
ligging	2	702161	97.0002
liggn	2	702163	97.0005
lights	2	702165	97.0007
lijden	2	702167	97.001
lijm	2	702169	97.0013
lijmen	2	702171	97.0016
liked	2	702173	97.0018
likes	2	702175	97.0021
likey	2	702177	97.0024
limit	2	702179	97.0027
limitless	2	702181	97.0029
lineair	2	702183	97.0032
linkedin	2	702185	97.0035
linker	2	702187	97.0038
lis	2	702189	97.004
lisa	2	702191	97.0043
lisanne	2	702193	97.0046
lln	2	702195	97.0049
llr	2	702197	97.0052
local	2	702199	97.0054
location	2	702201	97.0057
locksmith	2	702203	97.006
locomotief	2	702205	97.0063
lof	2	702207	97.0065
lofjoe	2	702209	97.0068
logeer	2	702211	97.0071
logopedist	2	702213	97.0074
lokers	2	702215	97.0076
lolwut	2	702217	97.0079
lon	2	702219	97.0082
looks	2	702221	97.0085
loonsverhoging	2	702223	97.0087
loopschoen	2	702225	97.009
losbarsten	2	702227	97.0093
lose	2	702229	97.0096
losgaan	2	702231	97.0098
loss	2	702233	97.0101
loten	2	702235	97.0104
lotr	2	702237	97.0107
louise	2	702239	97.011
loveyou	2	702241	97.0112
loving	2	702243	97.0115
low	2	702245	97.0118
lower	2	702247	97.0121
ltr	2	702249	97.0123
luchen	2	702251	97.0126
luidruchtig	2	702253	97.0129
luik	2	702255	97.0132
lukkie	2	702257	97.0134
lunchpakket	2	702259	97.0137
lus	2	702261	97.014
lust	2	702263	97.0143
lux	2	702265	97.0145
luzine	2	702267	97.0148
lyken	2	702269	97.0151
lynen	2	702271	97.0154
lynn	2	702273	97.0156
maa	2	702275	97.0159
maaien	2	702277	97.0162
maandagavn	2	702279	97.0165
maandagmorgen	2	702281	97.0168
maandelijks	2	702283	97.017
maarssen	2	702285	97.0173
maatschappelijk	2	702287	97.0176
macadres	2	702289	97.0179
macbook	2	702291	97.0181
machine	2	702293	97.0184
maeike	2	702295	97.0187
maf	2	702297	97.019
mafkees	2	702299	97.0192
maggek	2	702301	97.0195
magisch	2	702303	97.0198
magk	2	702305	97.0201
magnat	2	702307	97.0203
magneet	2	702309	97.0206
maintenant	2	702311	97.0209
maison	2	702313	97.0212
maitresse	2	702315	97.0215
mak	2	702317	97.0217
make-up	2	702319	97.022
maker	2	702321	97.0223
makn	2	702323	97.0226
mandarijn	2	702325	97.0228
manlief	2	702327	97.0231
mannenfilm	2	702329	97.0234
manskerel	2	702331	97.0237
manydjs	2	702333	97.0239
marcel	2	702335	97.0242
march	2	702337	97.0245
marie	2	702339	97.0248
mariette	2	702341	97.025
marije	2	702343	97.0253
marja	2	702345	97.0256
marleen	2	702347	97.0259
marnix	2	702349	97.0261
martens	2	702351	97.0264
martin	2	702353	97.0267
martine	2	702355	97.027
marty	2	702357	97.0273
masculine	2	702359	97.0275
masjien	2	702361	97.0278
masseren	2	702363	97.0281
masterchef	2	702365	97.0284
masterclass	2	702367	97.0286
masterproef	2	702369	97.0289
masterstudent	2	702371	97.0292
masturberen	2	702373	97.0295
matrix	2	702375	97.0297
mattie	2	702377	97.03
maw	2	702379	97.0303
maximaal	2	702381	97.0306
may	2	702383	97.0308
mayor	2	702385	97.0311
mazzelaar	2	702387	97.0314
mbit	2	702389	97.0317
me-time	2	702391	97.032
meal	2	702393	97.0322
means	2	702395	97.0325
medaille	2	702397	97.0328
medeleven	2	702399	97.0331
mediamarkt	2	702401	97.0333
medical	2	702403	97.0336
medicatie	2	702405	97.0339
meeet	2	702407	97.0342
meefietsen	2	702409	97.0344
meehelpen	2	702411	97.0347
meeleven	2	702413	97.035
meerderheid	2	702415	97.0353
meerekenen	2	702417	97.0355
meerkeuzetoets	2	702419	97.0358
meespelen	2	702421	97.0361
meester	2	702423	97.0364
meesturen	2	702425	97.0366
meevaller	2	702427	97.0369
meewerken	2	702429	97.0372
meezijn	2	702431	97.0375
meh	2	702433	97.0378
meik	2	702435	97.038
melig	2	702437	97.0383
melkert	2	702439	97.0386
meloen	2	702441	97.0389
memory	2	702443	97.0391
meneer	2	702445	97.0394
menselijk	2	702447	97.0397
mercedes	2	702449	97.04
merchandise	2	702451	97.0402
meritocratie	2	702453	97.0405
merk	2	702455	97.0408
merket	2	702457	97.0411
metal	2	702459	97.0413
metalen	2	702461	97.0416
meting	2	702463	97.0419
metrolijn	2	702465	97.0422
meupi	2	702467	97.0424
mexicaans	2	702469	97.0427
mexico	2	702471	97.043
miami	2	702473	97.0433
micro	2	702475	97.0436
microfoon	2	702477	97.0438
mid	2	702479	97.0441
middageten	2	702481	97.0444
middagmaal	2	702483	97.0447
middel	2	702485	97.0449
middelmatig	2	702487	97.0452
mie	2	702489	97.0455
mik	2	702491	97.0458
mike	2	702493	97.046
mikee	2	702495	97.0463
mikeee	2	702497	97.0466
miles	2	702499	97.0469
milow	2	702501	97.0471
mindere	2	702503	97.0474
minderen	2	702505	97.0477
minderhout	2	702507	97.048
minerva	2	702509	97.0483
minimaal	2	702511	97.0485
minou	2	702513	97.0488
minpunt	2	702515	97.0491
minst	2	702517	97.0494
mint	2	702519	97.0496
mir	2	702521	97.0499
mira	2	702523	97.0502
mischien	2	702525	97.0505
missing	2	702527	97.0507
mistig	2	702529	97.051
mit	2	702531	97.0513
ml	2	702533	97.0516
mmmmmm	2	702535	97.0518
moddegen	2	702537	97.0521
moederbord	2	702539	97.0524
moederhuis	2	702541	97.0527
moederlijk	2	702543	97.0529
moedigen	2	702545	97.0532
moefie	2	702547	97.0535
moegefeest	2	702549	97.0538
moehaha	2	702551	97.0541
moeien	2	702553	97.0543
moeilyk	2	702555	97.0546
moesjiemoesjie	2	702557	97.0549
moet-ie	2	702559	97.0552
moh	2	702561	97.0554
moins	2	702563	97.0557
mokkel	2	702565	97.056
molenpad	2	702567	97.0563
mon	2	702569	97.0565
monaco	2	702571	97.0568
mongol	2	702573	97.0571
monoloog	2	702575	97.0574
monotoon	2	702577	97.0576
monschau	2	702579	97.0579
monsterboard	2	702581	97.0582
monter	2	702583	97.0585
montey	2	702585	97.0588
month	2	702587	97.059
months	2	702589	97.0593
mooo	2	702591	97.0596
moooi	2	702593	97.0599
mooooi	2	702595	97.0601
morbach	2	702597	97.0604
moreel	2	702599	97.0607
morgenavnd	2	702601	97.061
morgnavnd	2	702603	97.0612
morrisons	2	702605	97.0615
mot	2	702607	97.0618
motie	2	702609	97.0621
motivatiebrief	2	702611	97.0623
motiveren	2	702613	97.0626
motorcross	2	702615	97.0629
motorrijbewijs	2	702617	97.0632
motto	2	702619	97.0634
mountainbiken	2	702621	97.0637
moustache	2	702623	97.064
mrgn	2	702625	97.0643
mssn	2	702627	97.0646
muggenbult	2	702629	97.0648
muilen	2	702631	97.0651
multimeter	2	702633	97.0654
multiplex	2	702635	97.0657
mus	2	702637	97.0659
mushi	2	702639	97.0662
must	2	702641	97.0665
mutti	2	702643	97.0668
mw	2	702645	97.067
myne	2	702647	97.0673
mysterie	2	702649	97.0676
mèt	2	702651	97.0679
naambord	2	702653	97.0681
naat	2	702655	97.0684
nabespreking	2	702657	97.0687
nachtmerrie	2	702659	97.069
nachtploeg	2	702661	97.0692
nachtwinkel	2	702663	97.0695
nader	2	702665	97.0698
nap	2	702667	97.0701
nar	2	702669	97.0704
nas	2	702671	97.0706
nationaal	2	702673	97.0709
natjes	2	702675	97.0712
natregenen	2	702677	97.0715
natuurtalent	2	702679	97.0717
nav	2	702681	97.072
navel	2	702683	97.0723
navond	2	702685	97.0726
necessary	2	702687	97.0728
neee	2	702689	97.0731
neeeeee	2	702691	97.0734
neeeeeeee	2	702693	97.0737
neehoor	2	702695	97.0739
neej	2	702697	97.0742
neh	2	702699	97.0745
neig	2	702701	97.0748
netjes	2	702703	97.0751
netto	2	702705	97.0753
nevermind	2	702707	97.0756
newyork	2	702709	97.0759
nhtv	2	702711	97.0762
nico	2	702713	97.0764
niemr	2	702715	97.0767
nier	2	702717	97.077
nieuwbouw	2	702719	97.0773
nieuwjaarsborrel	2	702721	97.0775
nieuwsbericht	2	702723	97.0778
nieuwsgierigheid	2	702725	97.0781
nikita	2	702727	97.0784
nite	2	702729	97.0786
nivea	2	702731	97.0789
nls	2	702733	97.0792
nm	2	702735	97.0795
noemenswaardig	2	702737	97.0797
nogwat	2	702739	97.08
nonnemeersstraat	2	702741	97.0803
noodzakelijk	2	702743	97.0806
noon	2	702745	97.0809
nooo	2	702747	97.0811
nostalgie	2	702749	97.0814
nota	2	702751	97.0817
notaris	2	702753	97.082
notas	2	702755	97.0822
note	2	702757	97.0825
nothing	2	702759	97.0828
notule	2	702761	97.0831
nov.	2	702763	97.0833
nowhere	2	702765	97.0836
nr.	2	702767	97.0839
nsv-cantus	2	702769	97.0842
nuj	2	702771	97.0844
nultweevier	2	702773	97.0847
nut	2	702775	97.085
nykopping	2	702777	97.0853
ná	2	702779	97.0856
o.a.	2	702781	97.0858
obligations	2	702783	97.0861
oc	2	702785	97.0864
oceaan	2	702787	97.0867
ochja	2	702789	97.0869
ocht	2	702791	97.0872
ochtendhumeur	2	702793	97.0875
ochtendkus	2	702795	97.0878
oeioeioei	2	702797	97.088
oekiepoekie	2	702799	97.0883
oeveel	2	702801	97.0886
ofdak	2	702803	97.0889
offence	2	702805	97.0891
offeren	2	702807	97.0894
ofnie	2	702809	97.0897
og	2	702811	97.09
ogen	2	702813	97.0902
oger	2	702815	97.0905
ohja	2	702817	97.0908
ohnee	2	702819	97.0911
okeee	2	702821	97.0914
oki	2	702823	97.0916
okidoki	2	702825	97.0919
okiedokie	2	702827	97.0922
okken	2	702829	97.0925
oksel	2	702831	97.0927
oleeeee	2	702833	97.093
oma-taxi	2	702835	97.0933
omrijden	2	702837	97.0936
omstandigheid	2	702839	97.0938
omzetten	2	702841	97.0941
onbegrip	2	702843	97.0944
onbehoorlijk	2	702845	97.0947
onbepaald	2	702847	97.0949
onbereikbaar	2	702849	97.0952
onchristelijk	2	702851	97.0955
ond	2	702853	97.0958
onderdrukken	2	702855	97.096
onderhoud	2	702857	97.0963
onderin	2	702859	97.0966
onderlopen	2	702861	97.0969
onderscheppen	2	702863	97.0972
ondertekenen	2	702865	97.0974
ondertss	2	702867	97.0977
onderzoeksvoorstel	2	702869	97.098
ongelijk	2	702871	97.0983
ongesteldheid	2	702873	97.0985
ongestoord	2	702875	97.0988
ongetwijfeld	2	702877	97.0991
ongeval	2	702879	97.0994
ongezellig	2	702881	97.0996
onmisbaar	2	702883	97.0999
onnozelaar	2	702885	97.1002
ontgroening	2	702887	97.1005
ontgroeningscantus	2	702889	97.1007
ontkurken	2	702891	97.101
ontmoedigen	2	702893	97.1013
ontmoeting	2	702895	97.1016
ontvangn	2	702897	97.1019
ontvoeren	2	702899	97.1021
ontwijken	2	702901	97.1024
ontwikkelen	2	702903	97.1027
onveilig	2	702905	97.103
onverstaanbaar	2	702907	97.1032
onvoorbereid	2	702909	97.1035
onweersbui	2	702911	97.1038
onweerstaanbaar	2	702913	97.1041
oo	2	702915	97.1043
oogarts	2	702917	97.1046
oogst	2	702919	97.1049
oogsten	2	702921	97.1052
oogverblindend	2	702923	97.1054
ookal	2	702925	97.1057
oook	2	702927	97.106
ooooh	2	702929	97.1063
oorbel	2	702931	97.1065
oordeel	2	702933	97.1068
oorfoon	2	702935	97.1071
oorontsteking	2	702937	97.1074
oorwand	2	702939	97.1077
opbouwen	2	702941	97.1079
opbrengst	2	702943	97.1082
opdagen	2	702945	97.1085
opdr	2	702947	97.1088
opdringen	2	702949	97.109
opdringerig	2	702951	97.1093
openbreken	2	702953	97.1096
opened	2	702955	97.1099
openzetten	2	702957	97.1101
opfietsen	2	702959	97.1104
opfrissen	2	702961	97.1107
opgaan	2	702963	97.111
opgegeve	2	702965	97.1112
ophitsen	2	702967	97.1115
opkroppen	2	702969	97.1118
opkuis	2	702971	97.1121
opl	2	702973	97.1124
opladeren	2	702975	97.1126
oplevering	2	702977	97.1129
opluchten	2	702979	97.1132
opofferen	2	702981	97.1135
opperbest	2	702983	97.1137
oppervlakkig	2	702985	97.114
oppikke	2	702987	97.1143
opplooien	2	702989	97.1146
oproepen	2	702991	97.1148
opruiming	2	702993	97.1151
ops	2	702995	97.1154
opschuiven	2	702997	97.1157
opstappen	2	702999	97.1159
opstelling	2	703001	97.1162
opstoet	2	703003	97.1165
opticien	2	703005	97.1168
optijd	2	703007	97.117
optioneel	2	703009	97.1173
optocht	2	703011	97.1176
opvragen	2	703013	97.1179
opwindend	2	703015	97.1182
opzetstuk	2	703017	97.1184
oraal	2	703019	97.1187
ordered	2	703021	97.119
org	2	703023	97.1193
organisch	2	703025	97.1195
organize	2	703027	97.1198
oriënt	2	703029	97.1201
ornaat	2	703031	97.1204
orphee	2	703033	97.1206
os	2	703035	97.1209
oslo	2	703037	97.1212
oud-klasgenoot	2	703039	97.1215
oudejaarslot	2	703041	97.1217
ouwelul	2	703043	97.122
overbelasten	2	703045	97.1223
overbuur	2	703047	97.1226
overdragen	2	703049	97.1228
overgang	2	703051	97.1231
overhebben	2	703053	97.1234
overhouden	2	703055	97.1237
overleggn	2	703057	97.124
overname	2	703059	97.1242
overplaatsen	2	703061	97.1245
overreageren	2	703063	97.1248
overschatten	2	703065	97.1251
overtrekken	2	703067	97.1253
overtuiging	2	703069	97.1256
overtuigingskracht	2	703071	97.1259
overuur	2	703073	97.1262
overval	2	703075	97.1264
oververmoeid	2	703077	97.1267
overvol	2	703079	97.127
overwaaien	2	703081	97.1273
owe	2	703083	97.1275
owww	2	703085	97.1278
p.s.	2	703087	97.1281
pa-tor	2	703089	97.1284
paardeslecht	2	703091	97.1287
paardrijden	2	703093	97.1289
paasei	2	703095	97.1292
paasvakantie	2	703097	97.1295
pag	2	703099	97.1298
paginas	2	703101	97.13
palinka	2	703103	97.1303
pammer	2	703105	97.1306
pampelen	2	703107	97.1309
panacee	2	703109	97.1311
pangaea	2	703111	97.1314
pango	2	703113	97.1317
pani	2	703115	97.132
paniekaanval	2	703117	97.1322
panorama	2	703119	97.1325
pantoffel	2	703121	97.1328
papas	2	703123	97.1331
paraplus	2	703125	97.1333
parel	2	703127	97.1336
parkeerbedrijf	2	703129	97.1339
parkeerterrein	2	703131	97.1342
partyen	2	703133	97.1345
passa	2	703135	97.1347
pastasalade	2	703137	97.135
pastoor	2	703139	97.1353
pater	2	703141	97.1356
patersholfeest	2	703143	97.1358
patient	2	703145	97.1361
pauwstraat	2	703147	97.1364
peisk	2	703149	97.1367
peperduur	2	703151	97.1369
pepernoot	2	703153	97.1372
pepper	2	703155	97.1375
perfecto	2	703157	97.1378
permanent	2	703159	97.138
personal	2	703161	97.1383
perzik	2	703163	97.1386
pet	2	703165	97.1389
peul	2	703167	97.1392
pf	2	703169	97.1394
pfft	2	703171	97.1397
pfoe	2	703173	97.14
philadelphia	2	703175	97.1403
phili	2	703177	97.1405
photography	2	703179	97.1408
photoshop	2	703181	97.1411
php	2	703183	97.1414
picking	2	703185	97.1416
piepeloe	2	703187	97.1419
pijl	2	703189	97.1422
pikant	2	703191	97.1425
pillie	2	703193	97.1427
piloot	2	703195	97.143
pim	2	703197	97.1433
ping	2	703199	97.1436
pingel	2	703201	97.1438
pink	2	703203	97.1441
pinksteren	2	703205	97.1444
pipa	2	703207	97.1447
pipo	2	703209	97.145
piratenbaai	2	703211	97.1452
pis	2	703213	97.1455
pisbier	2	703215	97.1458
pistolets	2	703217	97.1461
pitcher	2	703219	97.1463
pizzahut	2	703221	97.1466
pizzeria	2	703223	97.1469
plaatsvinden	2	703225	97.1472
placeren	2	703227	97.1474
plaid	2	703229	97.1477
planet	2	703231	97.148
planned	2	703233	97.1483
planner	2	703235	97.1485
planwijziging	2	703237	97.1488
plasma	2	703239	97.1491
plattekaastaart	2	703241	97.1494
playbook	2	703243	97.1496
played	2	703245	97.1499
plee	2	703247	97.1502
plenty	2	703249	97.1505
pletsie	2	703251	97.1508
pleun	2	703253	97.151
plezierhr	2	703255	97.1513
plooi	2	703257	97.1516
plot	2	703259	97.1519
pls	2	703261	97.1521
pluspunt	2	703263	97.1524
po	2	703265	97.1527
poet	2	703267	97.153
pogen	2	703269	97.1532
pokhara	2	703271	97.1535
poli	2	703273	97.1538
pompoensoep	2	703275	97.1541
pony	2	703277	97.1543
pop-up	2	703279	97.1546
poperinge	2	703281	97.1549
porno	2	703283	97.1552
porren	2	703285	97.1555
positive	2	703287	97.1557
post-spiv	2	703289	97.156
postkantoor	2	703291	97.1563
potlood	2	703293	97.1566
pouvais	2	703295	97.1568
powernapje	2	703297	97.1571
powerpoint	2	703299	97.1574
ppts	2	703301	97.1577
pr	2	703303	97.1579
practical	2	703305	97.1582
pre	2	703307	97.1585
pre-spiv	2	703309	97.1588
preciese	2	703311	97.159
prei	2	703313	97.1593
pres	2	703315	97.1596
presentation	2	703317	97.1599
prijsuitreiking	2	703319	97.1601
prikbord	2	703321	97.1604
prin	2	703323	97.1607
print	2	703325	97.161
printplaat	2	703327	97.1613
privé	2	703329	97.1615
probl	2	703331	97.1618
probleme	2	703333	97.1621
probs	2	703335	97.1624
procent	2	703337	97.1626
proefles	2	703339	97.1629
proefpersoon	2	703341	97.1632
proefschrift	2	703343	97.1635
professional	2	703345	97.1637
prog	2	703347	97.164
prognose	2	703349	97.1643
programmas	2	703351	97.1646
proosten	2	703353	97.1648
protocol	2	703355	97.1651
prul	2	703357	97.1654
prullenbak	2	703359	97.1657
prut	2	703361	97.166
prutsen	2	703363	97.1662
prutser	2	703365	97.1665
pt	2	703367	97.1668
pudding	2	703369	97.1671
puinhoop	2	703371	97.1673
pull	2	703373	97.1676
pulles	2	703375	97.1679
pup	2	703377	97.1682
pushen	2	703379	97.1684
puun	2	703381	97.1687
pèage	2	703383	97.169
qqch	2	703385	97.1693
quantum	2	703387	97.1695
que	2	703389	97.1698
queue	2	703391	97.1701
quickly	2	703393	97.1704
qué	2	703395	97.1706
raadplegen	2	703397	97.1709
racen	2	703399	97.1712
racket	2	703401	97.1715
radioactive	2	703403	97.1718
rain	2	703405	97.172
rally	2	703407	97.1723
random	2	703409	97.1726
rang	2	703411	97.1729
ranja	2	703413	97.1731
rara	2	703415	97.1734
ravage	2	703417	97.1737
reached	2	703419	97.174
read	2	703421	97.1742
realdolmen	2	703423	97.1745
realiteit	2	703425	97.1748
reanimeren	2	703427	97.1751
reboot	2	703429	97.1753
reception	2	703431	97.1756
rechtdoor	2	703433	97.1759
rechterkant	2	703435	97.1762
rechtsaf	2	703437	97.1765
recognise	2	703439	97.1767
recovered	2	703441	97.177
rector	2	703443	97.1773
reflectie	2	703445	97.1776
refresh	2	703447	97.1778
regelmaat	2	703449	97.1781
rein	2	703451	97.1784
reisbed	2	703453	97.1787
reisdocument	2	703455	97.1789
reisgenoot	2	703457	97.1792
reiskosten	2	703459	97.1795
reisleider	2	703461	97.1798
rekken	2	703463	97.18
relaxdag	2	703465	97.1803
reno	2	703467	97.1806
resort	2	703469	97.1809
respons	2	703471	97.1811
retestrak	2	703473	97.1814
reuze	2	703475	97.1817
revelation	2	703477	97.182
reviews	2	703479	97.1823
reã¼nie	2	703481	97.1825
rhodos	2	703483	97.1828
rib	2	703485	97.1831
ribfestijn	2	703487	97.1834
ridder	2	703489	97.1836
ride	2	703491	97.1839
rieba	2	703493	97.1842
rieken	2	703495	97.1845
riem	2	703497	97.1847
rijmen	2	703499	97.185
rijschool	2	703501	97.1853
rijtuig	2	703503	97.1856
rikken	2	703505	97.1858
ringleiding	2	703507	97.1861
ringweg	2	703509	97.1864
rise	2	703511	97.1867
riskeren	2	703513	97.1869
risok	2	703515	97.1872
rivier	2	703517	97.1875
rockband	2	703519	97.1878
roddelen	2	703521	97.1881
rodenbach	2	703523	97.1883
roes	2	703525	97.1886
roll	2	703527	97.1889
rollebollen	2	703529	97.1892
romain	2	703531	97.1894
rommelen	2	703533	97.1897
ron	2	703535	97.19
rondhangen	2	703537	97.1903
rondvragen	2	703539	97.1905
ronny	2	703541	97.1908
roomie	2	703543	97.1911
roomkaas	2	703545	97.1914
roosteren	2	703547	97.1916
roselien	2	703549	97.1919
rossig	2	703551	97.1922
roti	2	703553	97.1925
rotweer	2	703555	97.1928
rouler	2	703557	97.193
routine	2	703559	97.1933
row	2	703561	97.1936
roze	2	703563	97.1939
ruby	2	703565	97.1941
ruilverzoek	2	703567	97.1944
ruimschoots	2	703569	97.1947
ruitenwisser	2	703571	97.195
rules	2	703573	97.1952
rund	2	703575	97.1955
runnen	2	703577	97.1958
running	2	703579	97.1961
rustdag	2	703581	97.1963
rva	2	703583	97.1966
ry	2	703585	97.1969
saar	2	703587	97.1972
sacha	2	703589	97.1974
saerkin	2	703591	97.1977
saido	2	703593	97.198
sais	2	703595	97.1983
samedi	2	703597	97.1986
samenleggen	2	703599	97.1988
samenleving	2	703601	97.1991
samson	2	703603	97.1994
sanctum	2	703605	97.1997
sant	2	703607	97.1999
saté	2	703609	97.2002
saunacomplex	2	703611	97.2005
saunat	2	703613	97.2008
saweet	2	703615	97.201
says	2	703617	97.2013
sc	2	703619	97.2016
scampi	2	703621	97.2019
scan	2	703623	97.2021
scannert	2	703625	97.2024
schaamteloos	2	703627	97.2027
schaffen	2	703629	97.203
schap	2	703631	97.2033
schattebout	2	703633	97.2035
schedule	2	703635	97.2038
scheepsmaatje	2	703637	97.2041
scheidsen	2	703639	97.2044
schijn	2	703641	97.2046
schijnbaar	2	703643	97.2049
schijtbus	2	703645	97.2052
schilder	2	703647	97.2055
schilderij	2	703649	97.2057
schilderwerk	2	703651	97.206
schillen	2	703653	97.2063
schip	2	703655	97.2066
schir	2	703657	97.2068
schnaps	2	703659	97.2071
schnitzel	2	703661	97.2074
schok	2	703663	97.2077
schokken	2	703665	97.2079
schon	2	703667	97.2082
schoonmaakmiddel	2	703669	97.2085
schort	2	703671	97.2088
schrappen	2	703673	97.2091
schriftelijk	2	703675	97.2093
schrijfster	2	703677	97.2096
schrijver	2	703679	97.2099
schrobbel	2	703681	97.2102
schrobbeler	2	703683	97.2104
schrobbelèr	2	703685	97.2107
schrobben	2	703687	97.211
schroef	2	703689	97.2113
schurft	2	703691	97.2115
scotland	2	703693	97.2118
screenprotector	2	703695	97.2121
screenshot	2	703697	97.2124
scriptiebespreking	2	703699	97.2126
scrollen	2	703701	97.2129
sd	2	703703	97.2132
sea	2	703705	97.2135
sebastiaan	2	703707	97.2137
secretaresse	2	703709	97.214
secundair	2	703711	97.2143
security	2	703713	97.2146
seem	2	703715	97.2149
seen	2	703717	97.2151
seinstoring	2	703719	97.2154
seksueel	2	703721	97.2157
selectie	2	703723	97.216
sellegen	2	703725	97.2162
semaine	2	703727	97.2165
semi	2	703729	97.2168
sending	2	703731	97.2171
sensor	2	703733	97.2173
sentimenteel	2	703735	97.2176
seperate	2	703737	97.2179
serenade	2	703739	97.2182
seriously	2	703741	97.2184
serveren	2	703743	97.2187
servuus	2	703745	97.219
settelen	2	703747	97.2193
setting	2	703749	97.2196
señor	2	703751	97.2198
sfeervol	2	703753	97.2201
sgooeee	2	703755	97.2204
shampoo	2	703757	97.2207
shape	2	703759	97.2209
sharing	2	703761	97.2212
shave	2	703763	97.2215
shiny	2	703765	97.2218
shirts	2	703767	97.222
shitty	2	703769	97.2223
shock	2	703771	97.2226
shoes	2	703773	97.2229
shopke	2	703775	97.2231
shouldn't	2	703777	97.2234
showered	2	703779	97.2237
siesta	2	703781	97.224
sign	2	703783	97.2242
signeren	2	703785	97.2245
silke	2	703787	97.2248
sinaasappelsap	2	703789	97.2251
sind	2	703791	97.2254
sindsdien	2	703793	97.2256
sinterklaasjournaal	2	703795	97.2259
sinus	2	703797	97.2262
sjaak	2	703799	97.2265
sjaarsactie	2	703801	97.2267
sjat	2	703803	97.227
sjoerd	2	703805	97.2273
sjorsmeister	2	703807	97.2276
skeeler	2	703809	97.2278
skibroek	2	703811	97.2281
skien	2	703813	97.2284
skottelbraai	2	703815	97.2287
sl	2	703817	97.2289
slaag	2	703819	97.2292
slaapmat	2	703821	97.2295
slaapmuts	2	703823	97.2298
slaapplek	2	703825	97.2301
slaapster	2	703827	97.2303
slabbe	2	703829	97.2306
slapn	2	703831	97.2309
slappen	2	703833	97.2312
slavink	2	703835	97.2314
sleur	2	703837	97.2317
slijten	2	703839	97.232
slikken	2	703841	97.2323
slimme	2	703843	97.2325
slinger	2	703845	97.2328
slipper	2	703847	97.2331
sloef	2	703849	97.2334
slootweg	2	703851	97.2336
slotenmaker	2	703853	97.2339
sluimeren	2	703855	97.2342
sluis	2	703857	97.2345
sluizeken	2	703859	97.2347
smakkerd	2	703861	97.235
smakkerds	2	703863	97.2353
smaksmeksmak	2	703865	97.2356
smal	2	703867	97.2359
small	2	703869	97.2361
smartphone	2	703871	97.2364
smartphones	2	703873	97.2367
smeden	2	703875	97.237
smoke	2	703877	97.2372
smoking	2	703879	97.2375
smos	2	703881	97.2378
sms'n	2	703883	97.2381
sms-jes	2	703885	97.2383
smsbundel	2	703887	97.2386
smssen	2	703889	97.2389
snee	2	703891	97.2392
snik	2	703893	97.2394
snoeper	2	703895	97.2397
snol	2	703897	97.24
snooker	2	703899	97.2403
snot	2	703901	97.2405
snotteren	2	703903	97.2408
snowboarden	2	703905	97.2411
soc	2	703907	97.2414
soccie	2	703909	97.2417
socciepc	2	703911	97.2419
socializen	2	703913	97.2422
sofie	2	703915	97.2425
soigneren	2	703917	97.2428
solapur	2	703919	97.243
solden	2	703921	97.2433
sollen	2	703923	97.2436
somber	2	703925	97.2439
sometimes	2	703927	97.2441
sompie	2	703929	97.2444
son	2	703931	97.2447
sonsbeekzijde	2	703933	97.245
sony	2	703935	97.2452
sooo	2	703937	97.2455
sop	2	703939	97.2458
spaarlamp	2	703941	97.2461
spaarrekening	2	703943	97.2464
spaghettisaus	2	703945	97.2466
spatel	2	703947	97.2469
spatie	2	703949	97.2472
speaking	2	703951	97.2475
specifics	2	703953	97.2477
speed	2	703955	97.248
speelgerechtigd	2	703957	97.2483
speelplein	2	703959	97.2486
spek	2	703961	97.2488
spektakel	2	703963	97.2491
speling	2	703965	97.2494
spieken	2	703967	97.2497
spier	2	703969	97.2499
spin	2	703971	97.2502
spinnewyns	2	703973	97.2505
spinvis	2	703975	97.2508
spirit	2	703977	97.251
spirits	2	703979	97.2513
spits	2	703981	97.2516
spoedig	2	703983	97.2519
spoelen	2	703985	97.2522
sporting	2	703987	97.2524
sportkleren	2	703989	97.2527
sportschool	2	703991	97.253
sportzaal	2	703993	97.2533
sportze	2	703995	97.2535
spraak	2	703997	97.2538
sprakeloos	2	703999	97.2541
spreiden	2	704001	97.2544
sprekn	2	704003	97.2546
spruit	2	704005	97.2549
spuit	2	704007	97.2552
spullies	2	704009	97.2555
spät	2	704011	97.2557
srry	2	704013	97.256
sry	2	704015	97.2563
sssst	2	704017	97.2566
stadskanaal	2	704019	97.2569
stadskantoor	2	704021	97.2571
stadsspel	2	704023	97.2574
stal	2	704025	97.2577
stalen	2	704027	97.258
stalker	2	704029	97.2582
stalkster	2	704031	97.2585
stand-by	2	704033	97.2588
standby	2	704035	97.2591
stank	2	704037	97.2593
stapelen	2	704039	97.2596
starbuck	2	704041	97.2599
startkabel	2	704043	97.2602
statiegeld	2	704045	97.2604
stationskant	2	704047	97.2607
statuut	2	704049	97.261
steak	2	704051	97.2613
steef	2	704053	97.2615
steel	2	704055	97.2618
stefaan	2	704057	97.2621
stelling	2	704059	97.2624
stemming	2	704061	97.2627
stenen	2	704063	97.2629
step	2	704065	97.2632
stereo	2	704067	97.2635
sterveling	2	704069	97.2638
stiefvader	2	704071	97.264
stiekemerd	2	704073	97.2643
stiekum	2	704075	97.2646
stig	2	704077	97.2649
stijldans	2	704079	97.2651
stillekesaan	2	704081	97.2654
stilte	2	704083	97.2657
stiltecoupe	2	704085	97.266
stimmen	2	704087	97.2662
stip	2	704089	97.2665
stofzuiger	2	704091	97.2668
stomach	2	704093	97.2671
stomp	2	704095	97.2673
stone	2	704097	97.2676
stoofpeer	2	704099	97.2679
stoofvlees	2	704101	97.2682
stoot	2	704103	97.2685
stopcontact	2	704105	97.2687
stoplicht	2	704107	97.269
stortregent	2	704109	97.2693
straatnaam	2	704111	97.2696
strafschop	2	704113	97.2698
straksie	2	704115	97.2701
strange	2	704117	97.2704
stream	2	704119	97.2707
streel	2	704121	97.2709
stretchy	2	704123	97.2712
strikt	2	704125	97.2715
string	2	704127	97.2718
stripboek	2	704129	97.272
strong	2	704131	97.2723
stroomstoring	2	704133	97.2726
stuck	2	704135	97.2729
studentenkaart	2	704137	97.2732
studentenresidentie	2	704139	97.2734
studielandschap	2	704141	97.2737
studiereis	2	704143	97.274
stuiter	2	704145	97.2743
stuiver	2	704147	97.2745
stupid	2	704149	97.2748
stuud	2	704151	97.2751
style	2	704153	97.2754
su	2	704155	97.2756
sub	2	704157	97.2759
subdomein	2	704159	97.2762
submit	2	704161	97.2765
success	2	704163	97.2767
succeswens	2	704165	97.277
suggestion	2	704167	97.2773
suggests	2	704169	97.2776
suk	2	704171	97.2778
sup	2	704173	97.2781
supercool	2	704175	97.2784
superhandig	2	704177	97.2787
superrr	2	704179	97.279
superruim	2	704181	97.2792
supersnel	2	704183	97.2795
superspannend	2	704185	97.2798
superverpleegster	2	704187	97.2801
supervisor	2	704189	97.2803
superwarm	2	704191	97.2806
superwijs	2	704193	97.2809
supporter	2	704195	97.2812
surveilleren	2	704197	97.2814
sv	2	704199	97.2817
swear	2	704201	97.282
sweater	2	704203	97.2823
sweety	2	704205	97.2825
switch	2	704207	97.2828
symbolisch	2	704209	97.2831
syncen	2	704211	97.2834
syts	2	704213	97.2837
szimpla	2	704215	97.2839
t-mobile	2	704217	97.2842
t.a.v.	2	704219	97.2845
taakje	2	704221	97.2848
taalfout	2	704223	97.285
taalkundig	2	704225	97.2853
tactiek	2	704227	97.2856
tadinha	2	704229	97.2859
tafereel	2	704231	97.2861
tagliatelle	2	704233	97.2864
takdag	2	704235	97.2867
take-away	2	704237	97.287
takenlijst	2	704239	97.2872
takraden	2	704241	97.2875
tal	2	704243	97.2878
tamelijk	2	704245	97.2881
tamtam	2	704247	97.2883
tandenborstel	2	704249	97.2886
tandensmit	2	704251	97.2889
tandpijn	2	704253	97.2892
tandvlees	2	704255	97.2895
tang	2	704257	97.2897
tanguy	2	704259	97.29
tankstation	2	704261	97.2903
tapijt	2	704263	97.2906
taxibus	2	704265	97.2908
taxiën	2	704267	97.2911
tduren	2	704269	97.2914
teambespreking	2	704271	97.2917
teamindeling	2	704273	97.2919
tech	2	704275	97.2922
ted	2	704277	97.2925
teeuw	2	704279	97.2928
tegenhouden	2	704281	97.293
tegenovergesteld	2	704283	97.2933
tegensteken	2	704285	97.2936
tegenwind	2	704287	97.2939
tegenzin	2	704289	97.2941
tegn	2	704291	97.2944
telefoongesprek	2	704293	97.2947
telenetman	2	704295	97.295
telepathie	2	704297	97.2953
teleur	2	704299	97.2955
temmer	2	704301	97.2958
tempelier	2	704303	97.2961
tempting	2	704305	97.2964
tempus	2	704307	97.2966
tentamenweek	2	704309	97.2969
teras	2	704311	97.2972
terrecht	2	704313	97.2975
terugbetalen	2	704315	97.2977
teruggaan	2	704317	97.298
terugkomdag	2	704319	97.2983
teruglopen	2	704321	97.2986
terugstorten	2	704323	97.2988
terzijde	2	704325	97.2991
tes	2	704327	97.2994
tess	2	704329	97.2997
tete	2	704331	97.3
teun	2	704333	97.3002
tevens	2	704335	97.3005
texted	2	704337	97.3008
tg	2	704339	97.3011
tha	2	704341	97.3013
thai	2	704343	97.3016
thanx	2	704345	97.3019
theatervoorstelling	2	704347	97.3022
thermostaat	2	704349	97.3024
thinks	2	704351	97.3027
third	2	704353	97.303
thirty	2	704355	97.3033
thnx	2	704357	97.3035
thousand	2	704359	97.3038
thriller	2	704361	97.3041
thuis.ko	2	704363	97.3044
thuishaven	2	704365	97.3046
tie-rip	2	704367	97.3049
tiental	2	704369	97.3052
tijdrit	2	704371	97.3055
tijdschrift	2	704373	97.3058
tijdstechnisch	2	704375	97.306
tilburgs	2	704377	97.3063
tillen	2	704379	97.3066
time's	2	704381	97.3069
timmoooooos	2	704383	97.3071
tin	2	704385	97.3074
tina	2	704387	97.3077
tineke	2	704389	97.308
tiny	2	704391	97.3082
tjaptjoi	2	704393	97.3085
tjeerd	2	704395	97.3088
tjek	2	704397	97.3091
tjes	2	704399	97.3093
tjonge	2	704401	97.3096
tkomen	2	704403	97.3099
tliggen	2	704405	97.3102
tmrw	2	704407	97.3105
tnv	2	704409	97.3107
tochtig	2	704411	97.311
toegankelijk	2	704413	97.3113
toeme	2	704415	97.3116
toepasselijk	2	704417	97.3118
toeren	2	704419	97.3121
toeschouwer	2	704421	97.3124
toeter	2	704423	97.3127
toetsenbord	2	704425	97.3129
toezeggen	2	704427	97.3132
toezien	2	704429	97.3135
toga	2	704431	97.3138
toko	2	704433	97.314
tolken	2	704435	97.3143
tombola	2	704437	97.3146
tombolaprijs	2	704439	97.3149
ton	2	704441	97.3151
tongzoen	2	704443	97.3154
tooghedag	2	704445	97.3157
topfeest	2	704447	97.316
topgrap	2	704449	97.3163
torrents	2	704451	97.3165
totzo	2	704453	97.3168
touch	2	704455	97.3171
toulouse	2	704457	97.3174
touren	2	704459	97.3176
tous	2	704461	97.3179
tovenaar	2	704463	97.3182
tozzo	2	704465	97.3185
trachten	2	704467	97.3187
traditie	2	704469	97.319
traditioneel	2	704471	97.3193
tragisch	2	704473	97.3196
train	2	704475	97.3198
trainer	2	704477	97.3201
trainingspak	2	704479	97.3204
tramhalte	2	704481	97.3207
transformer	2	704483	97.3209
trappist	2	704485	97.3212
travaille	2	704487	97.3215
tree	2	704489	97.3218
tregent	2	704491	97.3221
treinreis	2	704493	97.3223
treins	2	704495	97.3226
treinverkeer	2	704497	97.3229
tres	2	704499	97.3232
trg	2	704501	97.3234
tribune	2	704503	97.3237
tricks	2	704505	97.324
triep	2	704507	97.3243
triestig	2	704509	97.3245
trilfunctie	2	704511	97.3248
trinken	2	704513	97.3251
tropical	2	704515	97.3254
troubles	2	704517	97.3256
trucker	2	704519	97.3259
trut	2	704521	97.3262
truuk	2	704523	97.3265
tschijnt	2	704525	97.3268
tschüss	2	704527	97.327
tshirt	2	704529	97.3273
tsjechisch	2	704531	97.3276
tstaat	2	704533	97.3279
tstation	2	704535	97.3281
tsts	2	704537	97.3284
tststs	2	704539	97.3287
tuinfeest	2	704541	97.329
tuinhuis	2	704543	97.3292
tunen	2	704545	97.3295
tussenkomen	2	704547	97.3298
tussenstand	2	704549	97.3301
tussenstuk	2	704551	97.3303
tussentijd	2	704553	97.3306
tv-film	2	704555	97.3309
tw	2	704557	97.3312
tweedehands	2	704559	97.3314
tweemaal	2	704561	97.3317
twelve	2	704563	97.332
twilight	2	704565	97.3323
twintiger	2	704567	97.3326
tyfus	2	704569	97.3328
typing	2	704571	97.3331
tzien	2	704573	97.3334
udyan	2	704575	97.3337
uhu	2	704577	97.3339
uitblijven	2	704579	97.3342
uitbrakken	2	704581	97.3345
uitbreken	2	704583	97.3348
uitdraaien	2	704585	97.335
uitgebrakt	2	704587	97.3353
uitgooien	2	704589	97.3356
uithoek	2	704591	97.3359
uithuilen	2	704593	97.3361
uitpuffen	2	704595	97.3364
uitrekken	2	704597	97.3367
uitroepteken	2	704599	97.337
uitschakelen	2	704601	97.3373
uitspoelen	2	704603	97.3375
uitstap	2	704605	97.3378
uitsterven	2	704607	97.3381
uittesten	2	704609	97.3384
uittrekken	2	704611	97.3386
uittypen	2	704613	97.3389
uitvinder	2	704615	97.3392
uitvoeren	2	704617	97.3395
uitwisselen	2	704619	97.3397
uitzendbureau	2	704621	97.34
uitzijn	2	704623	97.3403
uke	2	704625	97.3406
ulle	2	704627	97.3408
un-riksha-able	2	704629	97.3411
uncle	2	704631	97.3414
underground	2	704633	97.3417
underway	2	704635	97.3419
uniek	2	704637	97.3422
univer	2	704639	97.3425
unreal	2	704641	97.3428
upc	2	704643	97.3431
updates	2	704645	97.3433
usual	2	704647	97.3436
usually	2	704649	97.3439
uzelf	2	704651	97.3442
vaas	2	704653	97.3444
vaat	2	704655	97.3447
vakantievierder	2	704657	97.345
vakbond	2	704659	97.3453
vakmanschap	2	704661	97.3455
valentijnseditie	2	704663	97.3458
valk	2	704665	97.3461
valreep	2	704667	97.3464
vamavond	2	704669	97.3466
van't	2	704671	97.3469
vanachter	2	704673	97.3472
vanbinnen	2	704675	97.3475
vandejaar	2	704677	97.3478
vanderlinden	2	704679	97.348
vannamiddag	2	704681	97.3483
vanopstal	2	704683	97.3486
vanwaar	2	704685	97.3489
vanzelfsprekend	2	704687	97.3491
vas	2	704689	97.3494
vastpakken	2	704691	97.3497
vastzetten	2	704693	97.35
vatten	2	704695	97.3502
vdw	2	704697	97.3505
vechtpartij	2	704699	97.3508
vee	2	704701	97.3511
veeeel	2	704703	97.3513
veeel	2	704705	97.3516
veegwagen	2	704707	97.3519
veehouder	2	704709	97.3522
veer	2	704711	97.3524
veerleplein	2	704713	97.3527
vegas	2	704715	97.353
veldstraat	2	704717	97.3533
vendredi	2	704719	97.3536
venetië	2	704721	97.3538
ventilator	2	704723	97.3541
verantwoorden	2	704725	97.3544
verassing	2	704727	97.3547
verbaasd	2	704729	97.3549
verbazing	2	704731	97.3552
verbeterwerk	2	704733	97.3555
verbinden	2	704735	97.3558
verblijden	2	704737	97.356
verbond	2	704739	97.3563
verbondsfeest	2	704741	97.3566
verbondshuis	2	704743	97.3569
verbondsterrein	2	704745	97.3571
verbreken	2	704747	97.3574
verbruik	2	704749	97.3577
verbruiken	2	704751	97.358
verdampen	2	704753	97.3582
verdeelblokje	2	704755	97.3585
verderdoen	2	704757	97.3588
verdict	2	704759	97.3591
verdomd	2	704761	97.3594
verdriet	2	704763	97.3596
vereniging	2	704765	97.3599
verg.	2	704767	97.3602
vergaan	2	704769	97.3605
vergelijking	2	704771	97.3607
vergen	2	704773	97.361
vergissing	2	704775	97.3613
vergoeding	2	704777	97.3616
vergroten	2	704779	97.3618
verheffen	2	704781	97.3621
verheugen	2	704783	97.3624
verhoging	2	704785	97.3627
verhongeren	2	704787	97.3629
verjaardags	2	704789	97.3632
verjaardagskado	2	704791	97.3635
verkeer	2	704793	97.3638
verkering	2	704795	97.3641
verkloten	2	704797	97.3643
verkrachten	2	704799	97.3646
verlaat	2	704801	97.3649
verleden	2	704803	97.3652
verlegen	2	704805	97.3654
verleggen	2	704807	97.3657
verlenging	2	704809	97.366
verliefder	2	704811	97.3663
verluchten	2	704813	97.3665
vermakelijk	2	704815	97.3668
vermeire	2	704817	97.3671
vermogen	2	704819	97.3674
vernevelen	2	704821	97.3676
vernietigen	2	704823	97.3679
verontschuldigen	2	704825	97.3682
verpleging	2	704827	97.3685
verpletteren	2	704829	97.3687
verrekken	2	704831	97.369
verrekt	2	704833	97.3693
versch	2	704835	97.3696
verschrikkellijk	2	704837	97.3699
versgebakken	2	704839	97.3701
verstandskies	2	704841	97.3704
versterking	2	704843	97.3707
verstrooien	2	704845	97.371
verstuiken	2	704847	97.3712
vertrekhal	2	704849	97.3715
veruit	2	704851	97.3718
vervanging	2	704853	97.3721
vervoeren	2	704855	97.3723
vervolgen	2	704857	97.3726
vervullen	2	704859	97.3729
verwaarlozen	2	704861	97.3732
verwennerij	2	704863	97.3734
verwijfd	2	704865	97.3737
verwijsbrief	2	704867	97.374
verwoed	2	704869	97.3743
verzend	2	704871	97.3746
verzendkosten	2	704873	97.3748
verzilveren	2	704875	97.3751
verzorgingstehuis	2	704877	97.3754
vesper	2	704879	97.3757
vetex	2	704881	97.3759
vetput	2	704883	97.3762
vetrekken	2	704885	97.3765
vettel	2	704887	97.3768
vettig	2	704889	97.377
vga-tulp	2	704891	97.3773
viandel	2	704893	97.3776
vief	2	704895	97.3779
vierkant	2	704897	97.3781
viezigheid	2	704899	97.3784
vijftien	2	704901	97.3787
vijftig	2	704903	97.379
vijs	2	704905	97.3792
vijver	2	704907	97.3795
vijzen	2	704909	97.3798
vikings	2	704911	97.3801
vile	2	704913	97.3804
vinde	2	704915	97.3806
vindet	2	704917	97.3809
virginie	2	704919	97.3812
virusscanner	2	704921	97.3815
visitekaartje	2	704923	97.3817
visser	2	704925	97.382
vj	2	704927	97.3823
vlaag	2	704929	97.3826
vlam	2	704931	97.3828
vlasmarkt	2	704933	97.3831
vleugel	2	704935	97.3834
vlgden	2	704937	97.3837
vliegtuigmodus	2	704939	97.3839
vlientje	2	704941	97.3842
vlijtig	2	704943	97.3845
vloeistof	2	704945	97.3848
vlotten	2	704947	97.385
vnaaf	2	704949	97.3853
vocht	2	704951	97.3856
voedselvergiftiging	2	704953	97.3859
voer	2	704955	97.3862
voetendokter	2	704957	97.3864
vogelnestje	2	704959	97.3867
volbeat	2	704961	97.387
volgn	2	704963	97.3873
volleybal	2	704965	97.3875
volmaakt	2	704967	97.3878
volstaan	2	704969	97.3881
vonk	2	704971	97.3884
voo	2	704973	97.3886
vooraleer	2	704975	97.3889
vooravond	2	704977	97.3892
voorbeeldig	2	704979	97.3895
voorblad	2	704981	97.3897
voorby	2	704983	97.39
voorhebben	2	704985	97.3903
voorhoofd	2	704987	97.3906
voorkant	2	704989	97.3909
voorlichting	2	704991	97.3911
voorschrijven	2	704993	97.3914
voorstuk	2	704995	97.3917
voortgang	2	704997	97.392
vooruitgaan	2	704999	97.3922
voorwa	2	705001	97.3925
voorwerp	2	705003	97.3928
voorzet	2	705005	97.3931
vor	2	705007	97.3933
vorte	2	705009	97.3936
vosselaar	2	705011	97.3939
vossenveld	2	705013	97.3942
vous	2	705015	97.3944
vrede	2	705017	97.3947
vreedeplein	2	705019	97.395
vreetos	2	705021	97.3953
vrijdagsmarkt	2	705023	97.3955
vrijheid	2	705025	97.3958
vrijhouden	2	705027	97.3961
vrijmaken	2	705029	97.3964
vrijmibo	2	705031	97.3967
vrijpartij	2	705033	97.3969
vrijstelling	2	705035	97.3972
vroegn	2	705037	97.3975
vrouwmens	2	705039	97.3978
vrye	2	705041	97.398
vuurdoop	2	705043	97.3983
vuurspuwen	2	705045	97.3986
vzw	2	705047	97.3989
vást	2	705049	97.3991
waaaah	2	705051	97.3994
waaah	2	705053	97.3997
waalkade	2	705055	97.4
waalstrand	2	705057	97.4002
waarheen	2	705059	97.4005
waarna	2	705061	97.4008
waarschuwen	2	705063	97.4011
wachtebeke	2	705065	97.4014
wageningen	2	705067	97.4016
waking	2	705069	97.4019
wakkah	2	705071	97.4022
wal	2	705073	97.4025
walen	2	705075	97.4027
wand	2	705077	97.403
waor	2	705079	97.4033
washington	2	705081	97.4036
watch	2	705083	97.4038
waterkoker	2	705085	97.4041
waterpas	2	705087	97.4044
waterpijp	2	705089	97.4047
wazzek	2	705091	97.4049
wazzup	2	705093	97.4052
web	2	705095	97.4055
wederzijds	2	705097	97.4058
wednesday	2	705099	97.406
weduwe	2	705101	97.4063
weergod	2	705103	97.4066
weersvoorspelling	2	705105	97.4069
wegraken	2	705107	97.4072
wegwerken	2	705109	97.4074
wei	2	705111	97.4077
weldra	2	705113	97.408
wellness	2	705115	97.4083
welp	2	705117	97.4085
weltruste	2	705119	97.4088
wembajenee	2	705121	97.4091
wendy	2	705123	97.4094
wenkbrauw	2	705125	97.4096
wereldgerecht	2	705127	97.4099
wereldgeschiedenis	2	705129	97.4102
wereldkampioen	2	705131	97.4105
wereldwinkel	2	705133	97.4107
weren't	2	705135	97.411
werkgeheugen	2	705137	97.4113
werkloos	2	705139	97.4116
werkmens	2	705141	97.4118
werknemer	2	705143	97.4121
werkplezier	2	705145	97.4124
werkster	2	705147	97.4127
werkstudent	2	705149	97.413
wesley	2	705151	97.4132
western	2	705153	97.4135
westmalle	2	705155	97.4138
wetteren	2	705157	97.4141
weurtseweg	2	705159	97.4143
whahaha	2	705161	97.4146
white	2	705163	97.4149
whoooooo	2	705165	97.4152
whopper	2	705167	97.4154
wicht	2	705169	97.4157
wiebetaaltwat.nl	2	705171	97.416
wiezen	2	705173	97.4163
wigger	2	705175	97.4165
wijnproeven	2	705177	97.4168
wijsmaken	2	705179	97.4171
wijziging	2	705181	97.4174
willing	2	705183	97.4177
wine	2	705185	97.4179
winne	2	705187	97.4182
winners	2	705189	97.4185
winterjas	2	705191	97.4188
wintersport	2	705193	97.419
wire	2	705195	97.4193
wise	2	705197	97.4196
wisselgeld	2	705199	97.4199
wizz	2	705201	97.4201
wken	2	705203	97.4204
wnt	2	705205	97.4207
wo.	2	705207	97.421
woehoe	2	705209	97.4212
woendag	2	705211	97.4215
woensd	2	705213	97.4218
woensdagavn	2	705215	97.4221
woensdagavnd	2	705217	97.4223
woensdagen	2	705219	97.4226
woensdagochtend	2	705221	97.4229
woeps	2	705223	97.4232
wokkerig	2	705225	97.4235
wokpan	2	705227	97.4237
wol	2	705229	97.424
wonderful	2	705231	97.4243
wonderschoon	2	705233	97.4246
wont	2	705235	97.4248
wooh	2	705237	97.4251
woonst	2	705239	97.4254
words	2	705241	97.4257
workout	2	705243	97.4259
worstenbroodje	2	705245	97.4262
worth	2	705247	97.4265
wrak	2	705249	97.4268
wuk	2	705251	97.427
wuyts	2	705253	97.4273
wybe	2	705255	97.4276
wát	2	705257	97.4279
xml-bestand	2	705259	97.4282
xsch	2	705261	97.4284
xtina	2	705263	97.4287
xxm	2	705265	97.429
xxxxxxxxxxxxxxx	2	705267	97.4293
xxxxxxxxxxxxxxxx	2	705269	97.4295
xxxxxxxxxxxxxxxxxxx	2	705271	97.4298
xxxxxxxxxxxxxxxxxxxxxxxxx	2	705273	97.4301
yard	2	705275	97.4304
yay	2	705277	97.4306
yooow	2	705279	97.4309
yoow	2	705281	97.4312
youp	2	705283	97.4315
youre	2	705285	97.4317
ys	2	705287	97.432
yus	2	705289	97.4323
yve	2	705291	97.4326
zaad	2	705293	97.4328
zaaien	2	705295	97.4331
zakalmanak	2	705297	97.4334
zakdoek	2	705299	97.4337
zakgeld	2	705301	97.434
zaklamp	2	705303	97.4342
zakmes	2	705305	97.4345
zalf	2	705307	97.4348
zalige	2	705309	97.4351
zappen	2	705311	97.4353
zara	2	705313	97.4356
zaterdagnacht	2	705315	97.4359
zatlap	2	705317	97.4362
zaventem	2	705319	97.4364
zeb	2	705321	97.4367
zeggeej	2	705323	97.437
zegzeg	2	705325	97.4373
zeil	2	705327	97.4375
zeiltocht	2	705329	97.4378
zelfa	2	705331	97.4381
zelfgemaakt	2	705333	97.4384
zelfvertrouwen	2	705335	97.4386
zender	2	705337	97.4389
zero	2	705339	97.4392
zi	2	705341	97.4395
zichtbaar	2	705343	97.4398
zieke	2	705345	97.44
ziggo	2	705347	97.4403
zijnt	2	705349	97.4406
zijstraat	2	705351	97.4409
zilveruitje	2	705353	97.4411
zinloos	2	705355	97.4414
zinom	2	705357	97.4417
zitplaats	2	705359	97.442
zitzak	2	705361	97.4422
zjg	2	705363	97.4425
zkr	2	705365	97.4428
zodadelijk	2	705367	97.4431
zodak	2	705369	97.4433
zoeke	2	705371	97.4436
zoekn	2	705373	97.4439
zomerfeest	2	705375	97.4442
zomervakantie	2	705377	97.4445
zondagnacht	2	705379	97.4447
zondags	2	705381	97.445
zonee	2	705383	97.4453
zonnebrand	2	705385	97.4456
zonnestraal	2	705387	97.4458
zorba	2	705389	97.4461
zotje	2	705391	97.4464
zouk	2	705393	97.4467
zout	2	705395	97.4469
zoutoplossing	2	705397	97.4472
zuid-afrika	2	705399	97.4475
zuidelijk	2	705401	97.4478
zuiderdiep	2	705403	97.448
zuigplek	2	705405	97.4483
zuil	2	705407	97.4486
zum	2	705409	97.4489
zutphen	2	705411	97.4491
zwangerschap	2	705413	97.4494
zwem	2	705415	97.4497
zwerver	2	705417	97.45
zweverig	2	705419	97.4503
zwijgen	2	705421	97.4505
zx	2	705423	97.4508
zy	2	705425	97.4511
zyde	2	705427	97.4514
zzzzz	2	705429	97.4516
zzzzzzz	2	705431	97.4519
zéker	2	705433	97.4522
}	2	705435	97.4525
¡	2	705437	97.4527
¤	2	705439	97.453
À	2	705441	97.4533
álle	2	705443	97.4536
áltijd	2	705445	97.4538
â	2	705447	97.4541
èchte	2	705449	97.4544
échte	2	705451	97.4547
était	2	705453	97.455
ín	2	705455	97.4552
ö	2	705457	97.4555
‡	2	705459	97.4558
!!!!!!!!!	1	705460	97.4559
!!!!!!!!!!	1	705461	97.4561
!!!!!!!!!!!!!!!!!	1	705462	97.4562
!!!!!!!!!!!!!!!!!!!!!?!??	1	705463	97.4563
!!!?	1	705464	97.4565
!!!?!?!!?	1	705465	97.4566
!!.	1	705466	97.4567
!!?	1	705467	97.4569
!??	1	705468	97.457
'09	1	705469	97.4572
'12	1	705470	97.4573
'72	1	705471	97.4574
'76	1	705472	97.4576
'S	1	705473	97.4577
(bord)spel	1	705474	97.4579
(en)teren	1	705475	97.458
(gast)broer	1	705476	97.4581
(ge-)sport	1	705477	97.4583
(in)drinken	1	705478	97.4584
(knuffel)tijd	1	705479	97.4585
(lucht)bed	1	705480	97.4587
(over)morgen	1	705481	97.4588
(pre)drinking	1	705482	97.459
(schoon)ouder	1	705483	97.4591
(schoon)zus	1	705484	97.4592
(super)vroeg	1	705485	97.4594
(t)een	1	705486	97.4595
(uit)Eet	1	705487	97.4596
(van)avond	1	705488	97.4598
(vergader)week	1	705489	97.4599
(werk)week	1	705490	97.4601
(zat)voeren	1	705491	97.4602
(zelf)studie	1	705492	97.4603
):(	1	705493	97.4605
):)	1	705494	97.4606
);)	1	705495	97.4608
,013	1	705496	97.4609
,2000	1	705497	97.461
,2562	1	705498	97.4612
,4	1	705499	97.4613
,89	1	705500	97.4614
-!-!	1	705501	97.4616
-097	1	705502	97.4617
-10586023	1	705503	97.4619
-11484982	1	705504	97.462
-12034930	1	705505	97.4621
-14	1	705506	97.4623
-14.30	1	705507	97.4624
-15	1	705508	97.4625
-16	1	705509	97.4627
-2	1	705510	97.4628
-2125	1	705511	97.463
-23	1	705512	97.4631
-27255821	1	705513	97.4632
-275927	1	705514	97.4634
-2789880	1	705515	97.4635
-29551416	1	705516	97.4637
-300	1	705517	97.4638
-35	1	705518	97.4639
-350	1	705519	97.4641
-3730199	1	705520	97.4642
-3877599	1	705521	97.4643
-3877893	1	705522	97.4645
-43	1	705523	97.4646
-51560410	1	705524	97.4648
-69	1	705525	97.4649
-943	1	705526	97.465
-?	1	705527	97.4652
.-	1	705528	97.4653
.....??	1	705529	97.4654
....?	1	705530	97.4656
...?!	1	705531	97.4657
...?!?	1	705532	97.4659
..?!	1	705533	97.466
.03	1	705534	97.4661
.10	1	705535	97.4663
.1000	1	705536	97.4664
.11	1	705537	97.4666
.2	1	705538	97.4667
.2,5	1	705539	97.4668
.20	1	705540	97.467
.3	1	705541	97.4671
.30	1	705542	97.4672
.32	1	705543	97.4674
.33	1	705544	97.4675
.393	1	705545	97.4677
.45	1	705546	97.4678
.65	1	705547	97.4679
.7.4.374	1	705548	97.4681
0.90	1	705549	97.4682
0000	1	705550	97.4684
0015	1	705551	97.4685
001965	1	705552	97.4686
0032	1	705553	97.4688
01.30	1	705554	97.4689
0110	1	705555	97.469
014	1	705556	97.4692
015	1	705557	97.4693
017	1	705558	97.4695
0183	1	705559	97.4696
0220	1	705560	97.4697
024	1	705561	97.4699
04.30	1	705562	97.47
0416	1	705563	97.4701
0470	1	705564	97.4703
0473	1	705565	97.4704
0485189037	1	705566	97.4706
0485849151	1	705567	97.4707
0486	1	705568	97.4708
0495	1	705569	97.471
0496	1	705570	97.4711
0530	1	705571	97.4713
06.15	1	705572	97.4714
0612884841	1	705573	97.4715
0617682443	1	705574	97.4717
0622	1	705575	97.4718
0624876747	1	705576	97.4719
0626916731	1	705577	97.4721
0627582859	1	705578	97.4722
0633831127	1	705579	97.4724
0636161263	1	705580	97.4725
0648452273	1	705581	97.4726
0649758995	1	705582	97.4728
0650128221	1	705583	97.4729
0655980897	1	705584	97.473
070	1	705585	97.4732
073	1	705586	97.4733
0755	1	705587	97.4735
0800	1	705588	97.4736
08:55	1	705589	97.4737
09042401	1	705590	97.4739
092251236	1	705591	97.474
09:44	1	705592	97.4742
0:50	1	705593	97.4743
1,2	1	705594	97.4744
1,2,3,7	1	705595	97.4746
1,2,5,6,7,8	1	705596	97.4747
1,38	1	705597	97.4748
1,6	1	705598	97.475
1.00.06	1	705599	97.4751
1.058	1	705600	97.4753
1.41	1	705601	97.4754
1.5	1	705602	97.4755
10,30	1	705603	97.4757
10-3-2011	1	705604	97.4758
10.25	1	705605	97.4759
10.40	1	705606	97.4761
10.50	1	705607	97.4762
10000	1	705608	97.4764
1000e	1	705609	97.4765
1015	1	705610	97.4766
1024	1	705611	97.4768
103	1	705612	97.4769
1030	1	705613	97.4771
104	1	705614	97.4772
1047,56	1	705615	97.4773
107	1	705616	97.4775
109	1	705617	97.4776
10:45	1	705618	97.4777
10de,	1	705619	97.4779
10e.	1	705620	97.478
11,85	1	705621	97.4782
11.07	1	705622	97.4783
11.14	1	705623	97.4784
11.15	1	705624	97.4786
11.27	1	705625	97.4787
11.40	1	705626	97.4788
11.45	1	705627	97.479
110e	1	705628	97.4791
1111	1	705629	97.4793
113	1	705630	97.4794
1130	1	705631	97.4795
11300	1	705632	97.4797
113000	1	705633	97.4798
116	1	705634	97.48
116,81	1	705635	97.4801
119	1	705636	97.4802
11:40	1	705637	97.4804
11:50	1	705638	97.4805
11de	1	705639	97.4806
11de.	1	705640	97.4808
12,50	1	705641	97.4809
12.06	1	705642	97.4811
12.11	1	705643	97.4812
12.45	1	705644	97.4813
12.54	1	705645	97.4815
12000	1	705646	97.4816
121	1	705647	97.4818
1215	1	705648	97.4819
122	1	705649	97.482
122,70	1	705650	97.4822
1234	1	705651	97.4823
1240	1	705652	97.4824
126	1	705653	97.4826
127.0.01	1	705654	97.4827
12:30	1	705655	97.4829
12:35	1	705656	97.483
12:45	1	705657	97.4831
12:50	1	705658	97.4833
12de	1	705659	97.4834
12de.	1	705660	97.4835
12e?	1	705661	97.4837
13,14,15,16	1	705662	97.4838
13,40	1	705663	97.484
13,50	1	705664	97.4841
13.15	1	705665	97.4842
13.38	1	705666	97.4844
13.50	1	705667	97.4845
13.51	1	705668	97.4847
13.55	1	705669	97.4848
1301	1	705670	97.4849
1308	1	705671	97.4851
134	1	705672	97.4852
1345	1	705673	97.4853
135	1	705674	97.4855
138	1	705675	97.4856
139	1	705676	97.4858
13:09	1	705677	97.4859
13:23	1	705678	97.486
13:41	1	705679	97.4862
13:42	1	705680	97.4863
13de	1	705681	97.4864
13de!	1	705682	97.4866
13e?	1	705683	97.4867
14.35	1	705684	97.4869
14.38	1	705685	97.487
1424	1	705686	97.4871
144	1	705687	97.4873
1445	1	705688	97.4874
14:10	1	705689	97.4876
14:12	1	705690	97.4877
14:30	1	705691	97.4878
14:40	1	705692	97.488
14:43	1	705693	97.4881
14de	1	705694	97.4882
15.06.2011	1	705695	97.4884
15.08	1	705696	97.4885
15.15	1	705697	97.4887
15.20	1	705698	97.4888
15.33	1	705699	97.4889
1538	1	705700	97.4891
155474	1	705701	97.4892
1574159	1	705702	97.4893
158,61	1	705703	97.4895
159	1	705704	97.4896
15:05	1	705705	97.4898
15:34	1	705706	97.4899
15:35	1	705707	97.49
15:47	1	705708	97.4902
15:54	1	705709	97.4903
15e)	1	705710	97.4905
15e.	1	705711	97.4906
16,2	1	705712	97.4907
16,20	1	705713	97.4909
16,45	1	705714	97.491
16.05	1	705715	97.4911
16.25	1	705716	97.4913
16.30	1	705717	97.4914
16.41	1	705718	97.4916
16.47	1	705719	97.4917
16.48	1	705720	97.4918
16.53	1	705721	97.492
1620	1	705722	97.4921
1627	1	705723	97.4923
1654	1	705724	97.4924
1687	1	705725	97.4925
169	1	705726	97.4927
16:13	1	705727	97.4928
16:15	1	705728	97.4929
16:20	1	705729	97.4931
16:25	1	705730	97.4932
16:35	1	705731	97.4934
16:41	1	705732	97.4935
16:49	1	705733	97.4936
16de	1	705734	97.4938
16e?	1	705735	97.4939
17,3	1	705736	97.494
17.00	1	705737	97.4942
17.06.2011	1	705738	97.4943
17.18	1	705739	97.4945
17.27	1	705740	97.4946
17.35	1	705741	97.4947
17.45	1	705742	97.4949
1715	1	705743	97.495
172,32	1	705744	97.4952
1724	1	705745	97.4953
173	1	705746	97.4954
1740	1	705747	97.4956
17:10	1	705748	97.4957
17:27	1	705749	97.4958
17:28	1	705750	97.496
17:30	1	705751	97.4961
17:48	1	705752	97.4963
17de.	1	705753	97.4964
17e	1	705754	97.4965
17e!	1	705755	97.4967
18.24	1	705756	97.4968
18.39	1	705757	97.4969
18.48	1	705758	97.4971
18.52	1	705759	97.4972
1800	1	705760	97.4974
1810	1	705761	97.4975
182	1	705762	97.4976
1824	1	705763	97.4978
1840	1	705764	97.4979
1848	1	705765	97.4981
185	1	705766	97.4982
186	1	705767	97.4983
187	1	705768	97.4985
18:20	1	705769	97.4986
18:40	1	705770	97.4987
18:46	1	705771	97.4989
18:50	1	705772	97.499
18de?	1	705773	97.4992
18e,	1	705774	97.4993
19.15	1	705775	97.4994
19.25	1	705776	97.4996
19.51	1	705777	97.4997
19.54	1	705778	97.4998
190	1	705779	97.5
192.168.9.5	1	705780	97.5001
192.168.9.6	1	705781	97.5003
1920	1	705782	97.5004
1938	1	705783	97.5005
1961	1	705784	97.5007
1970	1	705785	97.5008
1978	1	705786	97.501
1988	1	705787	97.5011
1990	1	705788	97.5012
1991	1	705789	97.5014
1995	1	705790	97.5015
1999	1	705791	97.5016
19:05	1	705792	97.5018
19:15	1	705793	97.5019
19:21	1	705794	97.5021
19:25	1	705795	97.5022
19:45	1	705796	97.5023
19:47	1	705797	97.5025
19:48	1	705798	97.5026
19:54	1	705799	97.5027
19de	1	705800	97.5029
19e!	1	705801	97.503
19e,	1	705802	97.5032
1:15	1	705803	97.5033
2,3	1	705804	97.5034
2,45	1	705805	97.5036
2,75	1	705806	97.5037
2,90	1	705807	97.5039
20.02	1	705808	97.504
20.15	1	705809	97.5041
20.21	1	705810	97.5043
20.25	1	705811	97.5044
20.32	1	705812	97.5045
20.51	1	705813	97.5047
20.52	1	705814	97.5048
2003	1	705815	97.505
2004	1	705816	97.5051
2005	1	705817	97.5052
2006er	1	705818	97.5054
201,2	1	705819	97.5055
2018	1	705820	97.5057
205	1	705821	97.5058
2058	1	705822	97.5059
206	1	705823	97.5061
207	1	705824	97.5062
20:06	1	705825	97.5063
20:10	1	705826	97.5065
20:25	1	705827	97.5066
20:40	1	705828	97.5068
20:50	1	705829	97.5069
20:55	1	705830	97.507
20:58	1	705831	97.5072
20e!	1	705832	97.5073
20ste	1	705833	97.5074
21,15	1	705834	97.5076
21.05	1	705835	97.5077
21.10	1	705836	97.5079
21.45	1	705837	97.508
2115	1	705838	97.5081
2118	1	705839	97.5083
2135	1	705840	97.5084
2158	1	705841	97.5086
216	1	705842	97.5087
21:06	1	705843	97.5088
21:14	1	705844	97.509
21:20	1	705845	97.5091
21:38	1	705846	97.5092
21:40	1	705847	97.5094
21:50	1	705848	97.5095
22,22	1	705849	97.5097
22,31	1	705850	97.5098
22.00	1	705851	97.5099
22.20	1	705852	97.5101
2218	1	705853	97.5102
2222	1	705854	97.5103
2230	1	705855	97.5105
224.97.54	1	705856	97.5106
22522	1	705857	97.5108
2280	1	705858	97.5109
22:00	1	705859	97.511
22:10	1	705860	97.5112
22:24	1	705861	97.5113
22:30	1	705862	97.5115
22:40	1	705863	97.5116
22e?	1	705864	97.5117
23.15	1	705865	97.5119
2303	1	705866	97.512
23:40	1	705867	97.5121
23:54	1	705868	97.5123
23:57	1	705869	97.5124
23e!	1	705870	97.5126
24,55	1	705871	97.5127
2484	1	705872	97.5128
249	1	705873	97.513
24e!	1	705874	97.5131
24e+	1	705875	97.5132
24ste,	1	705876	97.5134
24ste;	1	705877	97.5135
24ste?	1	705878	97.5137
2500	1	705879	97.5138
2535	1	705880	97.5139
256	1	705881	97.5141
2652	1	705882	97.5142
267	1	705883	97.5144
269	1	705884	97.5145
26ste	1	705885	97.5146
27.06.2016	1	705886	97.5148
270	1	705887	97.5149
2700	1	705888	97.515
27ste	1	705889	97.5152
28,29	1	705890	97.5153
280	1	705891	97.5155
2800	1	705892	97.5156
291	1	705893	97.5157
293	1	705894	97.5159
294	1	705895	97.516
299	1	705896	97.5161
29ste	1	705897	97.5163
2:15	1	705898	97.5164
2:30	1	705899	97.5166
2e,	1	705900	97.5167
2e.	1	705901	97.5168
3,0	1	705902	97.517
3,4	1	705903	97.5171
3,45	1	705904	97.5173
3,95	1	705905	97.5174
3.5	1	705906	97.5175
306	1	705907	97.5177
30e;	1	705908	97.5178
310	1	705909	97.5179
314	1	705910	97.5181
316	1	705911	97.5182
31616355566	1	705912	97.5184
31684230893	1	705913	97.5185
328290	1	705914	97.5186
33300	1	705915	97.5188
3350	1	705916	97.5189
336	1	705917	97.5191
339	1	705918	97.5192
3412	1	705919	97.5193
34223	1	705920	97.5195
35,44	1	705921	97.5196
3523	1	705922	97.5197
356	1	705923	97.5199
358	1	705924	97.52
359908	1	705925	97.5202
362	1	705926	97.5203
364	1	705927	97.5204
368	1	705928	97.5206
3690	1	705929	97.5207
36ste	1	705930	97.5208
37,5	1	705931	97.521
370	1	705932	97.5211
370496	1	705933	97.5213
375	1	705934	97.5214
37ste	1	705935	97.5215
384	1	705936	97.5217
389	1	705937	97.5218
39.11	1	705938	97.522
392	1	705939	97.5221
3e,	1	705940	97.5222
3fm.nl	1	705941	97.5224
4,020	1	705942	97.5225
4,5	1	705943	97.5226
4,90	1	705944	97.5228
401	1	705945	97.5229
403	1	705946	97.5231
404	1	705947	97.5232
411	1	705948	97.5233
412	1	705949	97.5235
416	1	705950	97.5236
417	1	705951	97.5237
4207	1	705952	97.5239
4285	1	705953	97.524
435	1	705954	97.5242
436	1	705955	97.5243
43ste	1	705956	97.5244
4402	1	705957	97.5246
455872	1	705958	97.5247
460	1	705959	97.5249
462	1	705960	97.525
465	1	705961	97.5251
474	1	705962	97.5253
479309073	1	705963	97.5254
47ste	1	705964	97.5255
4900	1	705965	97.5257
494852691	1	705966	97.5258
4:00	1	705967	97.526
5,0	1	705968	97.5261
5,1	1	705969	97.5262
5,25	1	705970	97.5264
5,8	1	705971	97.5265
5.00	1	705972	97.5266
5.723,90	1	705973	97.5268
5000	1	705974	97.5269
5014	1	705975	97.5271
5041	1	705976	97.5272
50e	1	705977	97.5273
5109	1	705978	97.5275
512	1	705979	97.5276
515	1	705980	97.5278
519	1	705981	97.5279
52,5	1	705982	97.528
530	1	705983	97.5282
535	1	705984	97.5283
550	1	705985	97.5284
551804629	1	705986	97.5286
556	1	705987	97.5287
560	1	705988	97.5289
561	1	705989	97.529
5611	1	705990	97.5291
5616	1	705991	97.5293
565	1	705992	97.5294
5664767	1	705993	97.5295
575	1	705994	97.5297
588	1	705995	97.5298
59,99	1	705996	97.53
591	1	705997	97.5301
599	1	705998	97.5302
5:00	1	705999	97.5304
5:15	1	706000	97.5305
5:20	1	706001	97.5307
6,29	1	706002	97.5308
6,7	1	706003	97.5309
6-8-12	1	706004	97.5311
6.14	1	706005	97.5312
6.15	1	706006	97.5313
6.20	1	706007	97.5315
6.47	1	706008	97.5316
600	1	706009	97.5318
6000	1	706010	97.5319
608	1	706011	97.532
613	1	706012	97.5322
623	1	706013	97.5323
631	1	706014	97.5325
6371	1	706015	97.5326
6654	1	706016	97.5327
679,43	1	706017	97.5329
685	1	706018	97.533
6969	1	706019	97.5331
6:15	1	706020	97.5333
6de,	1	706021	97.5334
6e?	1	706022	97.5336
7,4	1	706023	97.5337
7,50	1	706024	97.5338
7,6	1	706025	97.534
7.0	1	706026	97.5341
7.00	1	706027	97.5342
7.3	1	706028	97.5344
7.5	1	706029	97.5345
7.50	1	706030	97.5347
7.8	1	706031	97.5348
700	1	706032	97.5349
716	1	706033	97.5351
720	1	706034	97.5352
730	1	706035	97.5354
7374	1	706036	97.5355
740	1	706037	97.5356
750	1	706038	97.5358
7500	1	706039	97.5359
7523	1	706040	97.536
784,07	1	706041	97.5362
79.9	1	706042	97.5363
791	1	706043	97.5365
797.97	1	706044	97.5366
7:05	1	706045	97.5367
7:10	1	706046	97.5369
7:25	1	706047	97.537
7:40	1	706048	97.5371
7de	1	706049	97.5373
7e!	1	706050	97.5374
8)	1	706051	97.5376
8,2	1	706052	97.5377
8,8	1	706053	97.5378
8-4-1985	1	706054	97.538
8.3	1	706055	97.5381
8.30	1	706056	97.5383
8.5	1	706057	97.5384
8090	1	706058	97.5385
80e	1	706059	97.5387
81	1	706060	97.5388
82	1	706061	97.5389
840	1	706062	97.5391
8746	1	706063	97.5392
875	1	706064	97.5394
882835	1	706065	97.5395
8900	1	706066	97.5396
8905	1	706067	97.5398
8ste	1	706068	97.5399
8ste?	1	706069	97.54
9,89	1	706070	97.5402
9,9	1	706071	97.5403
9.0	1	706072	97.5405
9.08	1	706073	97.5406
9.30	1	706074	97.5407
9.40	1	706075	97.5409
9000	1	706076	97.541
9268190	1	706077	97.5412
9292	1	706078	97.5413
945	1	706079	97.5414
95	1	706080	97.5416
9923	1	706081	97.5417
999	1	706082	97.5418
9:06	1	706083	97.542
9:30	1	706084	97.5421
9:45	1	706085	97.5423
9:46	1	706086	97.5424
9:58	1	706087	97.5425
9e?	1	706088	97.5427
:')	1	706089	97.5428
:,(	1	706090	97.5429
:^D	1	706091	97.5431
;-P	1	706092	97.5432
;P	1	706093	97.5434
;^)	1	706094	97.5435
<COMPANY>	1	706095	97.5436
<adres>	1	706096	97.5438
<time>	1	706097	97.5439
==	1	706098	97.5441
=>	1	706099	97.5442
=d	1	706100	97.5443
=oja	1	706101	97.5445
=verschwunen	1	706102	97.5446
>>>	1	706103	97.5447
?!?!	1	706104	97.5449
??.	1	706105	97.545
???!	1	706106	97.5452
A-Z	1	706107	97.5453
A-ha	1	706108	97.5454
AA	1	706109	97.5456
AAARRG	1	706110	97.5457
AAV	1	706111	97.5459
ABABBABAAB	1	706112	97.546
ABMA	1	706113	97.5461
AC	1	706114	97.5463
ACB	1	706115	97.5464
ACT	1	706116	97.5465
ACW	1	706117	97.5467
AD	1	706118	97.5468
AKKOORD	1	706119	97.547
ALL	1	706120	97.5471
ALSJEBLIEFT	1	706121	97.5472
AMS	1	706122	97.5474
AN	1	706123	97.5475
AND	1	706124	97.5476
ANITA	1	706125	97.5478
ANNE	1	706126	97.5479
ANWB	1	706127	97.5481
AP	1	706128	97.5482
APP	1	706129	97.5483
ASkars	1	706130	97.5485
AUTO	1	706131	97.5486
AZM	1	706132	97.5488
Aa	1	706133	97.5489
Aaaa	1	706134	97.549
Aaaaaaaaaaarggh	1	706135	97.5492
Aaaaaargh	1	706136	97.5493
Aaaaargh	1	706137	97.5494
Aaahhh	1	706138	97.5496
Aachen	1	706139	97.5497
Aahh	1	706140	97.5499
Aalsteneeske	1	706141	97.55
Aar	1	706142	97.5501
Aard	1	706143	97.5503
Aarde	1	706144	97.5504
Aardwortel	1	706145	97.5505
Aargh	1	706146	97.5507
Aarschot	1	706147	97.5508
Aart	1	706148	97.551
Aber	1	706149	97.5511
Abhijit	1	706150	97.5512
Above	1	706151	97.5514
Abrahams	1	706152	97.5515
Abramovich	1	706153	97.5517
Access	1	706154	97.5518
Accounting	1	706155	97.5519
Accu	1	706156	97.5521
Achouffe	1	706157	97.5522
Action	1	706158	97.5523
Addie	1	706159	97.5525
Address	1	706160	97.5526
Adelien	1	706161	97.5528
Aden	1	706162	97.5529
Adi's	1	706163	97.553
Adios	1	706164	97.5532
Adobe	1	706165	97.5533
Adress	1	706166	97.5534
Adri	1	706167	97.5536
Aerh	1	706168	97.5537
Aerosmith	1	706169	97.5539
Aeternum	1	706170	97.554
Aeth	1	706171	97.5541
Afgh	1	706172	97.5543
Afhandel	1	706173	97.5544
AfrikaHoe	1	706174	97.5546
Afrikaans	1	706175	97.5547
Afrikanen	1	706176	97.5548
Afscheuring	1	706177	97.555
Afterwards	1	706178	97.5551
Agility	1	706179	97.5552
Agnes	1	706180	97.5554
Agnus	1	706181	97.5555
Agreed	1	706182	97.5557
Ahhhh	1	706183	97.5558
Aiai	1	706184	97.5559
Air	1	706185	97.5561
Airolo	1	706186	97.5562
Airotel	1	706187	97.5563
Ajax-NAC	1	706188	97.5565
Ajax-fey	1	706189	97.5566
Ajuu	1	706190	97.5568
Akela	1	706191	97.5569
Aken	1	706192	97.557
Alamo	1	706193	97.5572
Alchemy	1	706194	97.5573
Aldi	1	706195	97.5575
Alegria	1	706196	97.5576
Aleja	1	706197	97.5577
Alexandre	1	706198	97.5579
Algebra	1	706199	97.558
Algemene	1	706200	97.5581
Alghero	1	706201	97.5583
Alhambra	1	706202	97.5584
Alies	1	706203	97.5586
Alladin	1	706204	97.5587
Allessandro	1	706205	97.5588
Alli	1	706206	97.559
Allo	1	706207	97.5591
Allstars	1	706208	97.5593
Alma	1	706209	97.5594
Aloha	1	706210	97.5595
Alone	1	706211	97.5597
Alonso	1	706212	97.5598
Alpe	1	706213	97.5599
Alpen	1	706214	97.5601
AlpheN	1	706215	97.5602
Alt	1	706216	97.5604
Although	1	706217	97.5605
Alton	1	706218	97.5606
Alveringem	1	706219	97.5608
Alwina	1	706220	97.5609
Alé	1	706221	97.561
Am.	1	706222	97.5612
Amazing	1	706223	97.5613
Ambedkar	1	706224	97.5615
Amber	1	706225	97.5616
Ameide	1	706226	97.5617
Amerikaan	1	706227	97.5619
Amoroso	1	706228	97.562
Amos	1	706229	97.5622
Amsterdammers	1	706230	97.5623
Amuse-toi	1	706231	97.5624
Anastasia	1	706232	97.5626
Anatomy	1	706233	97.5627
Andel	1	706234	97.5628
Andes	1	706235	97.563
Andrassy	1	706236	97.5631
Andre	1	706237	97.5633
Andrej	1	706238	97.5634
Andries	1	706239	97.5635
Angeliek	1	706240	97.5637
Angeliques	1	706241	97.5638
Angenent	1	706242	97.5639
Angie	1	706243	97.5641
Anh	1	706244	97.5642
Animo	1	706245	97.5644
Anker	1	706246	97.5645
Ann	1	706247	97.5646
Anneke's	1	706248	97.5648
Annes	1	706249	97.5649
Anni's	1	706250	97.5651
Anniek	1	706251	97.5652
Another	1	706252	97.5653
Anouks	1	706253	97.5655
Anr	1	706254	97.5656
Answer	1	706255	97.5657
Antals	1	706256	97.5659
Antchen	1	706257	97.566
Antibes	1	706258	97.5662
Antillen	1	706259	97.5663
Antw	1	706260	97.5664
Antwerpe	1	706261	97.5666
Antwerperke	1	706262	97.5667
Antónia	1	706263	97.5668
Anyone	1	706264	97.567
Anywho	1	706265	97.5671
Ap	1	706266	97.5673
Apenheul	1	706267	97.5674
Apenrots	1	706268	97.5675
Apft	1	706269	97.5677
Apk	1	706270	97.5678
Apocalyps	1	706271	97.568
Apologise	1	706272	97.5681
Apoorv	1	706273	97.5682
Appieshift	1	706274	97.5684
Appletown	1	706275	97.5685
Aquino	1	706276	97.5686
Aramis	1	706277	97.5688
Arbeit	1	706278	97.5689
Architecture	1	706279	97.5691
Arctic	1	706280	97.5692
ArenA	1	706281	97.5693
Arenal	1	706282	97.5695
Arg	1	706283	97.5696
Argentinie	1	706284	97.5697
Argentinië	1	706285	97.5699
Argg	1	706286	97.57
Ari	1	706287	97.5702
Arial	1	706288	97.5703
Armagnac	1	706289	97.5704
ArnhemSports	1	706290	97.5706
Arninkhof	1	706291	97.5707
Arno's	1	706292	97.5709
Arnoud	1	706293	97.571
Aroena	1	706294	97.5711
Aroendel	1	706295	97.5713
Arrived	1	706296	97.5714
Arriverderci	1	706297	97.5715
Arriving	1	706298	97.5717
Arrivé	1	706299	97.5718
Art	1	706300	97.572
Artagnan	1	706301	97.5721
Artem	1	706302	97.5722
Arthur	1	706303	97.5724
Artis	1	706304	97.5725
Arwens	1	706305	97.5727
Arwenske	1	706306	97.5728
Askeby	1	706307	97.5729
Aspo	1	706308	97.5731
Assebroekenaar	1	706309	97.5732
Assen	1	706310	97.5733
Ast	1	706311	97.5735
Astrid	1	706312	97.5736
Aswins	1	706313	97.5738
Ate	1	706314	97.5739
Ateam	1	706315	97.574
Athos	1	706316	97.5742
Atlanta	1	706317	97.5743
Atom	1	706318	97.5744
Atze	1	706319	97.5746
Au	1	706320	97.5747
Auf	1	706321	97.5749
Augustus	1	706322	97.575
Aurora	1	706323	97.5751
Australian	1	706324	97.5753
Australie	1	706325	97.5754
Av	1	706326	97.5756
Avalon	1	706327	97.5757
Avec	1	706328	97.5758
Avenhorn	1	706329	97.576
Avenue	1	706330	97.5761
Aveve	1	706331	97.5762
Avignon	1	706332	97.5764
Avondje	1	706333	97.5765
Avondspits	1	706334	97.5767
Avro	1	706335	97.5768
Awesomenousity	1	706336	97.5769
Awkward	1	706337	97.5771
Awwh	1	706338	97.5772
Axe	1	706339	97.5773
Ay	1	706340	97.5775
Aziaten	1	706341	97.5776
Azzuri	1	706342	97.5778
B.E.D.	1	706343	97.5779
BAKKES	1	706344	97.578
BAM	1	706345	97.5782
BAT	1	706346	97.5783
BBB-time	1	706347	97.5785
BBT	1	706348	97.5786
BBq	1	706349	97.5787
BC	1	706350	97.5789
BD	1	706351	97.579
BEERBUDDY	1	706352	97.5791
BEP	1	706353	97.5793
BERGKAMP	1	706354	97.5794
BEST	1	706355	97.5796
BESTUUR	1	706356	97.5797
BFF	1	706357	97.5798
BI	1	706358	97.58
BM	1	706359	97.5801
BMC	1	706360	97.5802
BNN	1	706361	97.5804
BO	1	706362	97.5805
BOB	1	706363	97.5807
BOECKSTAETEHOF	1	706364	97.5808
BORNE	1	706365	97.5809
BOY	1	706366	97.5811
BOZ	1	706367	97.5812
BROERIE	1	706368	97.5814
BROTHAA	1	706369	97.5815
BSc	1	706370	97.5816
BYOB	1	706371	97.5818
BZT-show	1	706372	97.5819
BZV	1	706373	97.582
Baalde	1	706374	97.5822
Baarn	1	706375	97.5823
Baars	1	706376	97.5825
Bachelor	1	706377	97.5826
Bachelorkring	1	706378	97.5827
Bachelorproef	1	706379	97.5829
Backstage	1	706380	97.583
Baddie	1	706381	97.5831
Badnol	1	706382	97.5833
Baha	1	706383	97.5834
Bajaat	1	706384	97.5836
Bak	1	706385	97.5837
Bakker	1	706386	97.5838
Balatonmeer	1	706387	97.584
Baldr	1	706388	97.5841
Bali	1	706389	97.5843
Balk	1	706390	97.5844
Ball	1	706391	97.5845
Bangkok	1	706392	97.5847
Bar	1	706393	97.5848
Barberino	1	706394	97.5849
Barbra	1	706395	97.5851
Bardiensten.nl	1	706396	97.5852
Barnard	1	706397	97.5854
Barrietime	1	706398	97.5855
Barts	1	706399	97.5856
Barça	1	706400	97.5858
Bas=na	1	706401	97.5859
Bascafe	1	706402	97.5861
Basel	1	706403	97.5862
Basically	1	706404	97.5863
Bastards	1	706405	97.5865
Bastijn	1	706406	97.5866
Bata	1	706407	97.5867
Bates	1	706408	97.5869
Batt	1	706409	97.587
Batthjany	1	706410	97.5872
Battle	1	706411	97.5873
Baudelo	1	706412	97.5874
Baustelle	1	706413	97.5876
Bauwa	1	706414	97.5877
Bayram	1	706415	97.5878
Bb	1	706416	97.588
Bbb	1	706417	97.5881
Bdp	1	706418	97.5883
Beauty	1	706419	97.5884
Beautyplan	1	706420	97.5885
Bebo	1	706421	97.5887
Becks	1	706422	97.5888
Beeb	1	706423	97.589
Beek	1	706424	97.5891
Beekerheide	1	706425	97.5892
Been	1	706426	97.5894
Beense	1	706427	97.5895
Beersel	1	706428	97.5896
Beertje	1	706429	97.5898
Beesd	1	706430	97.5899
Beethoven	1	706431	97.5901
Befl	1	706432	97.5902
Before	1	706433	97.5903
Behhh	1	706434	97.5905
Being	1	706435	97.5906
Belbus	1	706436	97.5907
Belg	1	706437	97.5909
Belga	1	706438	97.591
Belgenland	1	706439	97.5912
Bella	1	706440	97.5913
Bellavista	1	706441	97.5914
Belleghemstraat	1	706442	97.5916
Bels	1	706443	97.5917
Bence	1	706444	97.5919
Benff	1	706445	97.592
Benjamin	1	706446	97.5921
Bennekom	1	706447	97.5923
Benq	1	706448	97.5924
Benît	1	706449	97.5925
Beppie	1	706450	97.5927
Ber	1	706451	97.5928
Berchem	1	706452	97.593
Berdine	1	706453	97.5931
Berg	1	706454	97.5932
Bergen-Op-Zoom	1	706455	97.5934
Berkel	1	706456	97.5935
Bernabeu	1	706457	97.5936
Bernardus	1	706458	97.5938
Bernestraat	1	706459	97.5939
Bert-Jan	1	706460	97.5941
Bertens	1	706461	97.5942
Bertine's	1	706462	97.5943
Bertje	1	706463	97.5945
Besma	1	706464	97.5946
Beso	1	706465	97.5948
Best	1	706466	97.5949
Bestemming	1	706467	97.595
Betafac	1	706468	97.5952
Better	1	706469	97.5953
Bettie	1	706470	97.5954
Beukenlaan	1	706471	97.5956
Bever	1	706472	97.5957
Beverly	1	706473	97.5959
Beyerd	1	706474	97.596
Bezoensberg	1	706475	97.5961
Bffl	1	706476	97.5963
Bhimji	1	706477	97.5964
Bialetti	1	706478	97.5965
Bibiweekend	1	706479	97.5967
Bible	1	706480	97.5968
Bicky	1	706481	97.597
Bieber	1	706482	97.5971
Bijenkorf	1	706483	97.5972
Bijjjna	1	706484	97.5974
Bijleveldsingel	1	706485	97.5975
Bikkeltopic	1	706486	97.5977
Bill	1	706487	97.5978
Binne	1	706488	97.5979
Binnen	1	706489	97.5981
Biomedische	1	706490	97.5982
Bios	1	706491	97.5983
Bisou	1	706492	97.5985
Bissegem	1	706493	97.5986
BitBit	1	706494	97.5988
Bitchy	1	706495	97.5989
Bjorn	1	706496	97.599
Björk	1	706497	97.5992
Bl	1	706498	97.5993
Blame	1	706499	97.5995
Blanca	1	706500	97.5996
Blankenbergestr	1	706501	97.5997
Blast	1	706502	97.5999
Bleegh	1	706503	97.6
Bleu	1	706504	97.6001
Bliep	1	706505	97.6003
Blijker	1	706506	97.6004
Blink	1	706507	97.6006
Bloem	1	706508	97.6007
Blokker	1	706509	97.6008
Blomme	1	706510	97.601
Bluesette	1	706511	97.6011
Blush	1	706512	97.6012
Blyf	1	706513	97.6014
Bobbel	1	706514	97.6015
Boblingen	1	706515	97.6017
Bobmeister	1	706516	97.6018
Bobrizio	1	706517	97.6019
Bock	1	706518	97.6021
Bockenreyder	1	706519	97.6022
Bodybalance	1	706520	97.6024
Boehoehoe	1	706521	97.6025
Boekel	1	706522	97.6026
Boekelo	1	706523	97.6028
Boekhold	1	706524	97.6029
BoerBV	1	706525	97.603
Boere	1	706526	97.6032
Bof	1	706527	97.6033
Bogaardenstraat	1	706528	97.6035
Boghout	1	706529	97.6036
Boijmans	1	706530	97.6037
Boink	1	706531	97.6039
Bokkelul	1	706532	97.604
Bokkenrijder	1	706533	97.6041
Bologna	1	706534	97.6043
Bols	1	706535	97.6044
Bommeke	1	706536	97.6046
Bond	1	706537	97.6047
Bond-shirt	1	706538	97.6048
Bondcoatch	1	706539	97.605
Bondstraat	1	706540	97.6051
Bongerd	1	706541	97.6053
Bonheiden	1	706542	97.6054
Bonjour	1	706543	97.6055
Bonn	1	706544	97.6057
Bonny	1	706545	97.6058
Bonusz	1	706546	97.6059
Boojah	1	706547	97.6061
Boontje	1	706548	97.6062
Boot	1	706549	97.6064
Bootleggers	1	706550	97.6065
Bordeauxlaan	1	706551	97.6066
Bore	1	706552	97.6068
Bored	1	706553	97.6069
Borrel	1	706554	97.607
Bos	1	706555	97.6072
Bosbeek	1	706556	97.6073
Bosbeheer	1	706557	97.6075
Bosch-Tilburg	1	706558	97.6076
Bosco	1	706559	97.6077
Bosnië	1	706560	97.6079
Bosstraat	1	706561	97.608
Bossuyt	1	706562	97.6082
Boston	1	706563	97.6083
Botero	1	706564	97.6084
Boulanger	1	706565	97.6086
Bourbon	1	706566	97.6087
Bourgonje	1	706567	97.6088
Bovee	1	706568	97.609
Boxer	1	706569	97.6091
Boyan	1	706570	97.6093
Boyz	1	706571	97.6094
Brabanthallen	1	706572	97.6095
Brainssss	1	706573	97.6097
Brakke	1	706574	97.6098
Brammie	1	706575	97.6099
Brananders	1	706576	97.6101
Branco	1	706577	97.6102
Brandpunt	1	706578	97.6104
Brands	1	706579	97.6105
Bratislava	1	706580	97.6106
Bratsislava	1	706581	97.6108
Braun	1	706582	97.6109
Bravo	1	706583	97.6111
Break	1	706584	97.6112
Breakfast	1	706585	97.6113
Breaking	1	706586	97.6115
Breaulink	1	706587	97.6116
Breeze	1	706588	97.6117
Breivik	1	706589	97.6119
Bremen	1	706590	97.612
Brera	1	706591	97.6122
Bretagne	1	706592	97.6123
Bridget	1	706593	97.6124
Bright's	1	706594	97.6126
Brigit	1	706595	97.6127
Bringing	1	706596	97.6129
Brit	1	706597	97.613
Brittany	1	706598	97.6131
Bro's	1	706599	97.6133
Broederfiguur	1	706600	97.6134
Broek	1	706601	97.6135
Broekverbranding	1	706602	97.6137
Bros	1	706603	97.6138
Brownberrie	1	706604	97.614
Bruce	1	706605	97.6141
Bruges	1	706606	97.6142
Brugman	1	706607	97.6144
Brugs	1	706608	97.6145
Brugstraat	1	706609	97.6146
Brune	1	706610	97.6148
Brunello	1	706611	97.6149
Brusselsesteenweg	1	706612	97.6151
Bruxless	1	706613	97.6152
Bryn	1	706614	97.6153
Bryson	1	706615	97.6155
Brüno	1	706616	97.6156
Bubble	1	706617	97.6158
Buck	1	706618	97.6159
Buddha	1	706619	97.616
Buena	1	706620	97.6162
Buenos	1	706621	97.6163
Buffy	1	706622	97.6164
Buienradar	1	706623	97.6166
Building	1	706624	97.6167
Buitenhofdreef	1	706625	97.6169
Bukkake	1	706626	97.617
Bull	1	706627	97.6171
Bulls	1	706628	97.6173
Burcht	1	706629	97.6174
Burg.	1	706630	97.6175
Burger	1	706631	97.6177
Burgers	1	706632	97.6178
Burgerwolf	1	706633	97.618
Burgtstraat	1	706634	97.6181
Burj	1	706635	97.6182
Burnt	1	706636	97.6184
Burst	1	706637	97.6185
Business	1	706638	97.6187
Businessclub	1	706639	97.6188
Button	1	706640	97.6189
Buuren	1	706641	97.6191
Buurvrouw	1	706642	97.6192
Buwh	1	706643	97.6193
Buydens	1	706644	97.6195
Buynsters	1	706645	97.6196
Bwahja	1	706646	97.6198
Bye	1	706647	97.6199
Byron	1	706648	97.62
C.S.R	1	706649	97.6202
C=X	1	706650	97.6203
CAN	1	706651	97.6204
CB	1	706652	97.6206
CBA	1	706653	97.6207
CC	1	706654	97.6209
CDROMs	1	706655	97.621
CHB	1	706656	97.6211
CHL	1	706657	97.6213
CK	1	706658	97.6214
CMB	1	706659	97.6216
COBOL	1	706660	97.6217
COG	1	706661	97.6218
CRT	1	706662	97.622
CVM	1	706663	97.6221
Cae	1	706664	97.6222
Cairo	1	706665	97.6224
Calais	1	706666	97.6225
Calypso	1	706667	97.6227
Cambio	1	706668	97.6228
Camione	1	706669	97.6229
Can't	1	706670	97.6231
Canarische	1	706671	97.6232
Cancellara	1	706672	97.6233
Cannonball	1	706673	97.6235
Cantor	1	706674	97.6236
Capuccino	1	706675	97.6238
Cariama	1	706676	97.6239
Carien	1	706677	97.624
Carlo	1	706678	97.6242
Caro	1	706679	97.6243
Cartoon	1	706680	97.6245
Casa	1	706681	97.6246
Casanova	1	706682	97.6247
Case	1	706683	97.6249
Casino	1	706684	97.625
Castle	1	706685	97.6251
Catcher	1	706686	97.6253
Catherine	1	706687	97.6254
Cause	1	706688	97.6256
Cava	1	706689	97.6257
Ce	1	706690	97.6258
Cecil	1	706691	97.626
Cees	1	706692	97.6261
Cell	1	706693	97.6263
Centerparcs	1	706694	97.6264
Centerparks	1	706695	97.6265
Centrale	1	706696	97.6267
Cerro	1	706697	97.6268
Certipost	1	706698	97.6269
Ceta	1	706699	97.6271
Chaam	1	706700	97.6272
Chalet	1	706701	97.6274
Challenge	1	706702	97.6275
Champions	1	706703	97.6276
Championship	1	706704	97.6278
Chancechancechance	1	706705	97.6279
Chang	1	706706	97.628
Change	1	706707	97.6282
Channel	1	706708	97.6283
Chantal	1	706709	97.6285
Chapeau	1	706710	97.6286
Chaque	1	706711	97.6287
Charlie	1	706712	97.6289
Cheff	1	706713	97.629
Chemicus	1	706714	97.6292
Chemistry	1	706715	97.6293
Cher	1	706716	97.6294
Cherso	1	706717	97.6296
Chetana	1	706718	97.6297
Chetanas	1	706719	97.6298
Chiascuro	1	706720	97.63
Chiel	1	706721	97.6301
Chileens	1	706722	97.6303
Chillburg	1	706723	97.6304
Chimay	1	706724	97.6305
Chiro	1	706725	97.6307
Chomsky	1	706726	97.6308
Chouffeje	1	706727	97.6309
Chouffje	1	706728	97.6311
Christin	1	706729	97.6312
Christobal	1	706730	97.6314
Chunky	1	706731	97.6315
Chunkychunkychunky	1	706732	97.6316
Churchillweg	1	706733	97.6318
Cindy	1	706734	97.6319
Cio	1	706735	97.6321
Cito	1	706736	97.6322
Civ	1	706737	97.6323
Claire	1	706738	97.6325
Clare	1	706739	97.6326
Claudine	1	706740	97.6327
Cleaver	1	706741	97.6329
Clermonts	1	706742	97.633
Clitoris	1	706743	97.6332
Closure	1	706744	97.6333
Co	1	706745	97.6334
Co.	1	706746	97.6336
CoA	1	706747	97.6337
Code	1	706748	97.6338
Coffyn	1	706749	97.634
Cognitive	1	706750	97.6341
Cognizant	1	706751	97.6343
Cohen	1	706752	97.6344
Cohlberg	1	706753	97.6345
Coimbra	1	706754	97.6347
Colleagues	1	706755	97.6348
Collin	1	706756	97.635
Como	1	706757	97.6351
Compris	1	706758	97.6352
Concert	1	706759	97.6354
Conference	1	706760	97.6355
Consider	1	706761	97.6356
Content-paraplu	1	706762	97.6358
Contour	1	706763	97.6359
Cool-Best	1	706764	97.6361
Coop	1	706765	97.6362
Cordoba	1	706766	97.6363
Cordy	1	706767	97.6365
Corona	1	706768	97.6366
Corries	1	706769	97.6367
Corsica	1	706770	97.6369
Costas	1	706771	97.637
Couleur	1	706772	97.6372
Count	1	706773	97.6373
Court	1	706774	97.6374
Couse	1	706775	97.6376
Crazy	1	706776	97.6377
Credits	1	706777	97.6379
Crefizomer	1	706778	97.638
Crohn	1	706779	97.6381
Crooced	1	706780	97.6383
Croonen	1	706781	97.6384
Cross	1	706782	97.6385
Cruyt	1	706783	97.6387
Csengery	1	706784	97.6388
Cu	1	706785	97.639
Culinaria	1	706786	97.6391
Culkin	1	706787	97.6392
Culture	1	706788	97.6394
Cultuurcafé	1	706789	97.6395
Curacao	1	706790	97.6397
Cure	1	706791	97.6398
Curious	1	706792	97.6399
Customer	1	706793	97.6401
Cycle	1	706794	97.6402
Cyneth	1	706795	97.6403
Cynthia	1	706796	97.6405
Cyprus	1	706797	97.6406
D'n	1	706798	97.6408
DA	1	706799	97.6409
DAFDAF	1	706800	97.641
DAGPAS	1	706801	97.6412
DAGPASK	1	706802	97.6413
DAMN	1	706803	97.6414
DAN	1	706804	97.6416
DBosch	1	706805	97.6417
DDL	1	706806	97.6419
DELA	1	706807	97.642
DENNIS	1	706808	97.6421
DF	1	706809	97.6423
DICT	1	706810	97.6424
DIEJE	1	706811	97.6426
DIO	1	706812	97.6427
DJC	1	706813	97.6428
DNA	1	706814	97.643
DND	1	706815	97.6431
DOM	1	706816	97.6432
DONDERS	1	706817	97.6434
DSM	1	706818	97.6435
DUBBEL	1	706819	97.6437
DZR	1	706820	97.6438
Daco	1	706821	97.6439
Dada	1	706822	97.6441
Dadar	1	706823	97.6442
Daemen	1	706824	97.6443
Daeñk	1	706825	97.6445
Daisy	1	706826	97.6446
Dame	1	706827	97.6448
Damned	1	706828	97.6449
Daniela	1	706829	97.645
Daniëlle	1	706830	97.6452
Dardennen	1	706831	97.6453
Daro	1	706832	97.6455
Dave	1	706833	97.6456
Davy's	1	706834	97.6457
Dawn	1	706835	97.6459
Days	1	706836	97.646
Dberg	1	706837	97.6461
Dead	1	706838	97.6463
Debbie	1	706839	97.6464
Debrecen	1	706840	97.6466
Declaration	1	706841	97.6467
Def	1	706842	97.6468
Definitely	1	706843	97.647
Deftones	1	706844	97.6471
Deinze	1	706845	97.6472
Deira	1	706846	97.6474
Deja	1	706847	97.6475
Delfland	1	706848	97.6477
Deli	1	706849	97.6478
Deliana	1	706850	97.6479
Delistraat	1	706851	97.6481
Deloitte	1	706852	97.6482
Deltares	1	706853	97.6484
Demain	1	706854	97.6485
Demo	1	706855	97.6486
Denemarken	1	706856	97.6488
Denn	1	706857	97.6489
Denny	1	706858	97.649
Depauw	1	706859	97.6492
Dependance	1	706860	97.6493
Depth	1	706861	97.6495
Derek	1	706862	97.6496
Derwael	1	706863	97.6497
Derya	1	706864	97.6499
Des	1	706865	97.65
Desire	1	706866	97.6502
Desk	1	706867	97.6503
Det	1	706868	97.6504
Deut	1	706869	97.6506
Deutsche	1	706870	97.6507
Deveaux	1	706871	97.6508
Dga	1	706872	97.651
DiEla	1	706873	97.6511
DiElaba	1	706874	97.6513
Dial	1	706875	97.6514
Diane	1	706876	97.6515
Die	1	706877	97.6517
Dielis	1	706878	97.6518
Diemen	1	706879	97.6519
Dies	1	706880	97.6521
Diest	1	706881	97.6522
Dijk	1	706882	97.6524
Dikkenberg	1	706883	97.6525
Diksmuide	1	706884	97.6526
Dilbeek	1	706885	97.6528
Dili	1	706886	97.6529
Dim	1	706887	97.6531
Dingoes	1	706888	97.6532
Dio	1	706889	97.6533
Dire	1	706890	97.6535
Direction	1	706891	97.6536
Directions	1	706892	97.6537
Dirkje	1	706893	97.6539
Dirven	1	706894	97.654
Disney	1	706895	97.6542
Ditzhuizen	1	706896	97.6543
Division-tribute	1	706897	97.6544
Diz	1	706898	97.6546
Dj	1	706899	97.6547
Dma	1	706900	97.6548
DnD	1	706901	97.655
Do.	1	706902	97.6551
Do_O	1	706903	97.6553
Doe	1	706904	97.6554
Doelen	1	706905	97.6555
Doetinchem	1	706906	97.6557
Dog	1	706907	97.6558
Doin	1	706908	97.656
Dokter	1	706909	97.6561
Dolman	1	706910	97.6562
Dom	1	706911	97.6564
Domburg	1	706912	97.6565
Domela	1	706913	97.6566
Domibo	1	706914	97.6568
Dominique	1	706915	97.6569
Domino	1	706916	97.6571
Donald-glossy	1	706917	97.6572
Donar	1	706918	97.6573
Donc	1	706919	97.6575
Donderdagav	1	706920	97.6576
Dongo	1	706921	97.6577
Donique	1	706922	97.6579
Donk	1	706923	97.658
Doorbell	1	706924	97.6582
Doorniklaan	1	706925	97.6583
Dordt	1	706926	97.6584
Dos	1	706927	97.6586
Doug	1	706928	97.6587
Doutzen	1	706929	97.6589
Douwe	1	706930	97.659
Dover	1	706931	97.6591
Dow	1	706932	97.6593
Down-Town	1	706933	97.6594
Downloaded	1	706934	97.6595
Drag	1	706935	97.6597
Dranouter	1	706936	97.6598
Dream	1	706937	97.66
Dreft	1	706938	97.6601
Dress	1	706939	97.6602
Dreumel	1	706940	97.6604
Driel	1	706941	97.6605
Drinking	1	706942	97.6606
Drinkkkuuuhh	1	706943	97.6608
Driver	1	706944	97.6609
Dropbox	1	706945	97.6611
Drs.	1	706946	97.6612
Dry	1	706947	97.6613
Ds	1	706948	97.6615
DuWo	1	706949	97.6616
Dua	1	706950	97.6618
Dubstep	1	706951	97.6619
Dude	1	706952	97.662
Dufoor	1	706953	97.6622
Duitsers	1	706954	97.6623
Duizendmaal	1	706955	97.6624
Dukenburg	1	706956	97.6626
Dumas	1	706957	97.6627
Dungeon	1	706958	97.6629
Dunja	1	706959	97.663
Dunne	1	706960	97.6631
Duren	1	706961	97.6633
Durum	1	706962	97.6634
Dusja	1	706963	97.6636
Dusseh	1	706964	97.6637
Dutchman	1	706965	97.6638
Duvel	1	706966	97.664
Dvd	1	706967	97.6641
Dvzlvzxgf	1	706968	97.6642
Dx	1	706969	97.6644
Dz	1	706970	97.6645
E-L	1	706971	97.6647
EA	1	706972	97.6648
EHBO	1	706973	97.6649
ENJOY	1	706974	97.6651
ENORM	1	706975	97.6652
ETR	1	706976	97.6653
EUhof	1	706977	97.6655
EVER	1	706978	97.6656
EXCEL	1	706979	97.6658
Eagle	1	706980	97.6659
Earth	1	706981	97.666
Easyfield	1	706982	97.6662
Eating	1	706983	97.6663
Ebbe	1	706984	97.6665
Ebben	1	706985	97.6666
Eberhard(t)	1	706986	97.6667
Edde	1	706987	97.6669
Eddie	1	706988	97.667
Edgar	1	706989	97.6671
Edisonlaan	1	706990	97.6673
Edit	1	706991	97.6674
Education	1	706992	97.6676
Educational	1	706993	97.6677
Eefie	1	706994	97.6678
Eelde	1	706995	97.668
Eetkaffee	1	706996	97.6681
Eetsmakelijk	1	706997	97.6682
Eey	1	706998	97.6684
Eftelingbus	1	706999	97.6685
Eftelinghotel	1	707000	97.6687
Egberts	1	707001	97.6688
Egyptian	1	707002	97.6689
Ehh	1	707003	97.6691
Eia	1	707004	97.6692
Eibrb	1	707005	97.6694
Eilanden	1	707006	97.6695
Eindhovûûûh	1	707007	97.6696
Eindhvn	1	707008	97.6698
Eindstand	1	707009	97.6699
Einstein	1	707010	97.67
Ekko	1	707011	97.6702
Eksterstraat	1	707012	97.6703
Elden	1	707013	97.6705
Eliane	1	707014	97.6706
Elings	1	707015	97.6707
Ellie	1	707016	97.6709
Ello	1	707017	97.671
Elsevier	1	707018	97.6711
Elsloo	1	707019	97.6713
Elvano	1	707020	97.6714
Elvis	1	707021	97.6716
Elwin	1	707022	97.6717
Email(Other)	1	707023	97.6718
Emiel	1	707024	97.672
En	1	707025	97.6721
Ended	1	707026	97.6723
Eneco	1	707027	97.6724
Energy	1	707028	97.6725
Engelaar	1	707029	97.6727
Engelmann	1	707030	97.6728
Engelwortelstraat	1	707031	97.6729
English	1	707032	97.6731
Enn	1	707033	97.6732
Enniewee	1	707034	97.6734
Enspijk	1	707035	97.6735
Entrance	1	707036	97.6736
Entry	1	707037	97.6738
Enzo	1	707038	97.6739
Eondhoven	1	707039	97.674
Equinox	1	707040	97.6742
Erasmuses	1	707041	97.6743
Erasmusplein	1	707042	97.6745
Erdinger	1	707043	97.6746
Eredivisie	1	707044	97.6747
Erembodegem	1	707045	97.6749
Erfurt	1	707046	97.675
Erik's	1	707047	97.6752
Erika	1	707048	97.6753
Erin	1	707049	97.6754
Ermelo	1	707050	97.6756
Erna	1	707051	97.6757
Ernest	1	707052	97.6758
Ernstjans	1	707053	97.676
Eros	1	707054	97.6761
Erst	1	707055	97.6763
Erven-Dorens	1	707056	97.6764
Erzsebet	1	707057	97.6765
Espania	1	707058	97.6767
Especially	1	707059	97.6768
Espinho	1	707060	97.677
Essen	1	707061	97.6771
Este	1	707062	97.6772
Estelle	1	707063	97.6774
Esters	1	707064	97.6775
Ete	1	707065	97.6776
Euhh	1	707066	97.6778
Eurlings	1	707067	97.6779
Eurolines	1	707068	97.6781
Euroscoop	1	707069	97.6782
Eva's	1	707070	97.6783
Eve	1	707071	97.6785
Evening	1	707072	97.6786
Every	1	707073	97.6787
Evil	1	707074	97.6789
Ex-collega	1	707075	97.679
Excel	1	707076	97.6792
Excelsior	1	707077	97.6793
Excuse	1	707078	97.6794
Exit	1	707079	97.6796
Expeditie	1	707080	97.6797
Expendables	1	707081	97.6799
Express	1	707082	97.68
Extrema	1	707083	97.6801
F	1	707084	97.6803
F.	1	707085	97.6804
FA	1	707086	97.6805
FACEBOOKTE	1	707087	97.6807
FCC	1	707088	97.6808
FDT	1	707089	97.681
FF	1	707090	97.6811
FFW	1	707091	97.6812
FM	1	707092	97.6814
FOGSOR	1	707093	97.6815
FOL	1	707094	97.6816
FOR	1	707095	97.6818
FS-auto	1	707096	97.6819
FTW	1	707097	97.6821
FV	1	707098	97.6822
Faber	1	707099	97.6823
Fabory	1	707100	97.6825
Face	1	707101	97.6826
Facebook-pagina	1	707102	97.6828
Facebookgroepen	1	707103	97.6829
Faithless	1	707104	97.683
Faldera	1	707105	97.6832
Falkmann	1	707106	97.6833
Fall	1	707107	97.6834
Familiehulp	1	707108	97.6836
Famkes	1	707109	97.6837
Fanclub	1	707110	97.6839
Fanny's	1	707111	97.684
Farah	1	707112	97.6841
Fashion	1	707113	97.6843
Fast	1	707114	97.6844
Fatboy	1	707115	97.6845
Fb	1	707116	97.6847
Fe	1	707117	97.6848
Feeding	1	707118	97.685
Fehervari	1	707119	97.6851
Feliz	1	707120	97.6852
Fenomenal	1	707121	97.6854
Ferenc	1	707122	97.6855
Ferguson	1	707123	97.6857
Fernando	1	707124	97.6858
Festina	1	707125	97.6859
Feut	1	707126	97.6861
Fff	1	707127	97.6862
Fien	1	707128	97.6863
Fier	1	707129	97.6865
Fiesta	1	707130	97.6866
Fietert	1	707131	97.6868
Fietstas	1	707132	97.6869
Fifa	1	707133	97.687
Fifi	1	707134	97.6872
Fifth	1	707135	97.6873
Fightz	1	707136	97.6874
Fijna	1	707137	97.6876
Filmpke	1	707138	97.6877
Fils	1	707139	97.6879
Fin	1	707140	97.688
Fingers	1	707141	97.6881
Finkers	1	707142	97.6883
Finland	1	707143	97.6884
Finneminn	1	707144	97.6886
Firangi	1	707145	97.6887
Fischer	1	707146	97.6888
Fisher	1	707147	97.689
Fixed	1	707148	97.6891
Flac	1	707149	97.6892
Flanders	1	707150	97.6894
Flatout	1	707151	97.6895
Fleminglaan	1	707152	97.6897
Flevoland	1	707153	97.6898
Flexa	1	707154	97.6899
Fliefje	1	707155	97.6901
Flight	1	707156	97.6902
Flogging	1	707157	97.6904
Floortje	1	707158	97.6905
Flow	1	707159	97.6906
Flubber	1	707160	97.6908
Fly	1	707161	97.6909
Focus	1	707162	97.691
Fogas	1	707163	97.6912
Fontys	1	707164	97.6913
Food	1	707165	97.6915
ForZe	1	707166	97.6916
ForZe-logo	1	707167	97.6917
Former	1	707168	97.6919
Formule	1	707169	97.692
Fortis	1	707170	97.6921
Fotocursus	1	707171	97.6923
Fox	1	707172	97.6924
Fr	1	707173	97.6926
Francien	1	707174	97.6927
Francis	1	707175	97.6928
Francisco	1	707176	97.693
Francois	1	707177	97.6931
Frangi	1	707178	97.6933
Frankel	1	707179	97.6934
Frankfurt	1	707180	97.6935
Fransen	1	707181	97.6937
Fransje	1	707182	97.6938
Français	1	707183	97.6939
Frauke	1	707184	97.6941
Free	1	707185	97.6942
Frenchies	1	707186	97.6944
Freya's	1	707187	97.6945
Fridays	1	707188	97.6946
Frido	1	707189	97.6948
Frietje	1	707190	97.6949
Frim	1	707191	97.695
Fritz	1	707192	97.6952
From	1	707193	97.6953
Fryslân	1	707194	97.6955
Fré	1	707195	97.6956
Fu	1	707196	97.6957
Fuerteventura	1	707197	97.6959
Fuji	1	707198	97.696
Fukushima	1	707199	97.6962
Fullham	1	707200	97.6963
Fuuuu	1	707201	97.6964
Fyi	1	707202	97.6966
Fyn	1	707203	97.6967
Fysio	1	707204	97.6968
Fz	1	707205	97.697
FÄRGRIK	1	707206	97.6971
G-Force	1	707207	97.6973
G.	1	707208	97.6974
GEFELICIFLAPSTAART	1	707209	97.6975
GEFELICITEEEEERD	1	707210	97.6977
GELUKKIG	1	707211	97.6978
GENIAAL	1	707212	97.6979
GEWONNUH	1	707213	97.6981
GEWONNUUUH	1	707214	97.6982
GH	1	707215	97.6984
GHz	1	707216	97.6985
GNorken	1	707217	97.6986
GOEIE	1	707218	97.6988
GOEIEMORGEN	1	707219	97.6989
GP	1	707220	97.6991
GRIEP	1	707221	97.6992
GSA	1	707222	97.6993
GSR	1	707223	97.6995
GUUS	1	707224	97.6996
GV	1	707225	97.6997
GVB	1	707226	97.6999
GVV	1	707227	97.7
GY	1	707228	97.7002
GaaF	1	707229	97.7003
Gaafseweg	1	707230	97.7004
Gaanderen	1	707231	97.7006
Gabby	1	707232	97.7007
Gadget	1	707233	97.7008
Gaga	1	707234	97.701
Gaje	1	707235	97.7011
Galuwah	1	707236	97.7013
Games	1	707237	97.7014
Gan	1	707238	97.7015
Ganges	1	707239	97.7017
Gangway	1	707240	97.7018
Gaslab	1	707241	97.702
Gatwick	1	707242	97.7021
Gauloises	1	707243	97.7022
Gd	1	707244	97.7024
Gebouw	1	707245	97.7025
Geef	1	707246	97.7026
Geertrui	1	707247	97.7028
Geesink	1	707248	97.7029
Gegroet	1	707249	97.7031
Geland	1	707250	97.7032
Gelderland	1	707251	97.7033
Geldrop	1	707252	97.7035
Geliked	1	707253	97.7036
Geluk	1	707254	97.7038
Genau	1	707255	97.7039
Genieten	1	707256	97.704
Genietze	1	707257	97.7042
Gentenaar	1	707258	97.7043
Gents-website	1	707259	97.7044
Gentstraat	1	707260	97.7046
Genée	1	707261	97.7047
Geofdag	1	707262	97.7049
Gerd	1	707263	97.705
Gerdien	1	707264	97.7051
Gerecht	1	707265	97.7053
Gerloczy	1	707266	97.7054
Gert-Jan	1	707267	97.7055
Gertie	1	707268	97.7057
Gerto	1	707269	97.7058
Gerwinde	1	707270	97.706
Gets	1	707271	97.7061
Getty	1	707272	97.7062
Getz	1	707273	97.7064
Geubels-tent	1	707274	97.7065
Gfgg	1	707275	97.7067
Gggg	1	707276	97.7068
Ghehe	1	707277	97.7069
Ghent	1	707278	97.7071
Ghz	1	707279	97.7072
Giant	1	707280	97.7073
Giggidy	1	707281	97.7075
Gijsbert	1	707282	97.7076
Gilze	1	707283	97.7078
Gilze-Rijen	1	707284	97.7079
Girls	1	707285	97.708
Girls-themed	1	707286	97.7082
Givers	1	707287	97.7083
Glaucio	1	707288	97.7084
Glitschen	1	707289	97.7086
Goa	1	707290	97.7087
Goddamnit	1	707291	97.7089
Godverdoeme	1	707292	97.709
Godzijdank	1	707293	97.7091
Goedhart	1	707294	97.7093
Goedzo	1	707295	97.7094
Goey	1	707296	97.7096
Goffertboerderij	1	707297	97.7097
Gogh	1	707298	97.7098
Gogo	1	707299	97.71
Gonna	1	707300	97.7101
Gontrode	1	707301	97.7102
Gooodmornin	1	707302	97.7104
Gooooooo	1	707303	97.7105
Goor	1	707304	97.7107
Goregao	1	707305	97.7108
Gorillaz	1	707306	97.7109
Gossip	1	707307	97.7111
Goteborg	1	707308	97.7112
Gotta	1	707309	97.7113
Gotthard-Pass	1	707310	97.7115
Govers	1	707311	97.7116
Graanbeurs	1	707312	97.7118
Gracias	1	707313	97.7119
Gratis	1	707314	97.712
Great	1	707315	97.7122
Gred	1	707316	97.7123
Green	1	707317	97.7125
Greet	1	707318	97.7126
Grenada	1	707319	97.7127
Grenouille	1	707320	97.7129
Grens	1	707321	97.713
Grieken	1	707322	97.7131
Grillplaat	1	707323	97.7133
Grin	1	707324	97.7134
Grmpf	1	707325	97.7136
Groene	1	707326	97.7137
Groente	1	707327	97.7138
Groessen	1	707328	97.714
Groetee	1	707329	97.7141
Groetenn	1	707330	97.7142
Groetjed	1	707331	97.7144
Groninger	1	707332	97.7145
Grootfeest	1	707333	97.7147
Grotelaan	1	707334	97.7148
Groundhog	1	707335	97.7149
Grtn	1	707336	97.7151
Grz	1	707337	97.7152
Guarda	1	707338	97.7154
Gus	1	707339	97.7155
Gutenberg	1	707340	97.7156
Guurtje	1	707341	97.7158
Guustje	1	707342	97.7159
Guy	1	707343	97.716
Gwen	1	707344	97.7162
Gwn	1	707345	97.7163
Gy	1	707346	97.7165
Gérard	1	707347	97.7166
Gödör	1	707348	97.7167
Güterfahrzeuge	1	707349	97.7169
HA	1	707350	97.717
HAAT	1	707351	97.7172
HALLO	1	707352	97.7173
HALT	1	707353	97.7174
HAPPY	1	707354	97.7176
HATELIJK	1	707355	97.7177
HAVO	1	707356	97.7178
HDMI	1	707357	97.718
HDX	1	707358	97.7181
HEB	1	707359	97.7183
HEERLYK	1	707360	97.7184
HELAAS	1	707361	97.7185
HELP	1	707362	97.7187
HETE	1	707363	97.7188
HGL	1	707364	97.7189
HIMYM	1	707365	97.7191
HJ's	1	707366	97.7192
HMH	1	707367	97.7194
HOLLAND	1	707368	97.7195
HONGER	1	707369	97.7196
HP	1	707370	97.7198
HRO	1	707371	97.7199
HTM	1	707372	97.7201
HU	1	707373	97.7202
HV	1	707374	97.7203
HW	1	707375	97.7205
Haarlemmerstraat	1	707376	97.7206
Haast	1	707377	97.7207
Haci	1	707378	97.7209
Hada	1	707379	97.721
Hade	1	707380	97.7212
Hadiepa	1	707381	97.7213
Hague	1	707382	97.7214
HahaXD	1	707383	97.7216
Hahaa	1	707384	97.7217
Hahah	1	707385	97.7218
Hahahaa	1	707386	97.722
Hahahahaha	1	707387	97.7221
Haii	1	707388	97.7223
Hajparsiti	1	707389	97.7224
Halfbloedbaby	1	707390	97.7225
Halloweenparty	1	707391	97.7227
Hals	1	707392	97.7228
Halverson	1	707393	97.723
Hamar	1	707394	97.7231
Hamel	1	707395	97.7232
Hamerlaan	1	707396	97.7234
Hamme	1	707397	97.7235
Hancock	1	707398	97.7236
Hangover	1	707399	97.7238
Hanja	1	707400	97.7239
Hanna	1	707401	97.7241
Hannie	1	707402	97.7242
Hans[status]	1	707403	97.7243
Harde	1	707404	97.7245
Harderwijk	1	707405	97.7246
Hardly	1	707406	97.7247
Harelbeke	1	707407	97.7249
Haren	1	707408	97.725
Haris	1	707409	97.7252
Harold	1	707410	97.7253
Harrie	1	707411	97.7254
Harriet	1	707412	97.7256
Hartenberg	1	707413	97.7257
Hartman	1	707414	97.7259
Has	1	707415	97.726
Hasst	1	707416	97.7261
Hatsjiekiedee	1	707417	97.7263
Hau	1	707418	97.7264
Hazard	1	707419	97.7265
Hazes	1	707420	97.7267
Hbf	1	707421	97.7268
He's	1	707422	97.727
Head's	1	707423	97.7271
Heading	1	707424	97.7272
Health	1	707425	97.7274
Heard	1	707426	97.7275
Heathrow	1	707427	97.7276
Hebde	1	707428	97.7278
Hector	1	707429	97.7279
Heeeeeeeeey	1	707430	97.7281
Heemstedelaan	1	707431	97.7282
Heerdink	1	707432	97.7283
Heeswijkstraat	1	707433	97.7285
Heeze	1	707434	97.7286
Hein	1	707435	97.7288
Heineken	1	707436	97.7289
Heino	1	707437	97.729
Heja	1	707438	97.7292
Hejhej	1	707439	97.7293
Heks	1	707440	97.7294
Helaba	1	707441	97.7296
Helaholahallo	1	707442	97.7297
Helder	1	707443	97.7299
Helena	1	707444	97.73
Helga	1	707445	97.7301
Heli	1	707446	97.7303
Hellevoetsluis	1	707447	97.7304
Hemelvaart	1	707448	97.7306
Hempenius	1	707449	97.7307
Hendriettestraat	1	707450	97.7308
Hennie	1	707451	97.731
Henny	1	707452	97.7311
Henri	1	707453	97.7312
Hepatitis	1	707454	97.7314
Heren	1	707455	97.7315
Hermen	1	707456	97.7317
Hesp	1	707457	97.7318
Hess	1	707458	97.7319
Hessel's	1	707459	97.7321
Hessels	1	707460	97.7322
Het	1	707461	97.7323
Heuvelstraat	1	707462	97.7325
Heuy	1	707463	97.7326
Heuz	1	707464	97.7328
Heyden	1	707465	97.7329
Heyendaal	1	707466	97.733
Heyendaalerts	1	707467	97.7332
Heyendaalweekend	1	707468	97.7333
Heyo	1	707469	97.7335
Heze	1	707470	97.7336
Hfml	1	707471	97.7337
Hhhja	1	707472	97.7339
Hi-stand	1	707473	97.734
Hi.nl	1	707474	97.7341
HiTiME	1	707475	97.7343
Hidde	1	707476	97.7344
Hiedis	1	707477	97.7346
Hierwonen.nl	1	707478	97.7347
Hifidelity	1	707479	97.7348
High	1	707480	97.735
Highland	1	707481	97.7351
Highlands	1	707482	97.7352
Hihihhi	1	707483	97.7354
Hik	1	707484	97.7355
Hil	1	707485	97.7357
Hillary	1	707486	97.7358
Hille	1	707487	97.7359
Hillie	1	707488	97.7361
Hilversum	1	707489	97.7362
Himmel	1	707490	97.7364
Hindu	1	707491	97.7365
Hippy	1	707492	97.7366
Hitler	1	707493	97.7368
Hits	1	707494	97.7369
Hmmmpf	1	707495	97.737
HoGent	1	707496	97.7372
Hockeyfederatie	1	707497	97.7373
Hoe's	1	707498	97.7375
Hoegaarden	1	707499	97.7376
Hoer(a)	1	707500	97.7377
Hoerreeeeeuuuuuun	1	707501	97.7379
Hoevenaars	1	707502	97.738
Hoff	1	707503	97.7381
Hogent	1	707504	97.7383
Hoi.fi	1	707505	97.7384
Hoja	1	707506	97.7386
Holding	1	707507	97.7387
Hollandia	1	707508	97.7388
Homer	1	707509	97.739
Hongaars	1	707510	97.7391
Hongkong	1	707511	97.7393
Hood	1	707512	97.7394
Hooglede	1	707513	97.7395
Hoogstr	1	707514	97.7397
Hooper	1	707515	97.7398
Hoor	1	707516	97.7399
Hoorn	1	707517	97.7401
Hoornaar	1	707518	97.7402
Hoow	1	707519	97.7404
Hopi	1	707520	97.7405
Horneymann	1	707521	97.7406
Hosts	1	707522	97.7408
Hot	1	707523	97.7409
Hoving	1	707524	97.741
Ht	1	707525	97.7412
Htc	1	707526	97.7413
Https://mailhost.vzwkompas.be/owa	1	707527	97.7415
Hu	1	707528	97.7416
Huh	1	707529	97.7417
Huijbers	1	707530	97.7419
Huijgens	1	707531	97.742
Huijgenweg	1	707532	97.7422
Huizen	1	707533	97.7423
Human	1	707534	97.7424
Humphrey's	1	707535	97.7426
Hungarians	1	707536	97.7427
Hupla	1	707537	97.7428
Hurkmans	1	707538	97.743
Husnu	1	707539	97.7431
Huub	1	707540	97.7433
Hvjxkxkx	1	707541	97.7434
Hèb	1	707542	97.7435
Hèze	1	707543	97.7437
I.t.t.	1	707544	97.7438
I.v.m.	1	707545	97.744
IB-groep	1	707546	97.7441
IBK	1	707547	97.7442
ICC	1	707548	97.7444
IET	1	707549	97.7445
II+	1	707550	97.7446
IJsland	1	707551	97.7448
IJssel	1	707552	97.7449
IQ	1	707553	97.7451
IRI	1	707554	97.7452
ITster	1	707555	97.7453
IZU	1	707556	97.7455
Ibuprofen	1	707557	97.7456
Ic	1	707558	97.7457
Ice	1	707559	97.7459
Id	1	707560	97.746
Ida	1	707561	97.7462
Idan	1	707562	97.7463
Idea	1	707563	97.7464
Ideal	1	707564	97.7466
Ideas	1	707565	97.7467
Idestrup	1	707566	97.7469
Idi	1	707567	97.747
Ids	1	707568	97.7471
Igor	1	707569	97.7473
Iiiiiih	1	707570	97.7474
Ijpelaar	1	707571	97.7475
Ijpelaars	1	707572	97.7477
Ijsland	1	707573	97.7478
Ijsmeester	1	707574	97.748
Ik	1	707575	97.7481
Ikea-records	1	707576	97.7482
Ils	1	707577	97.7484
Ilses	1	707578	97.7485
Ilyaantje	1	707579	97.7486
Ilyana's	1	707580	97.7488
Images	1	707581	97.7489
Imca	1	707582	97.7491
Imke	1	707583	97.7492
Immanuelkerk	1	707584	97.7493
InDesign	1	707585	97.7495
Inc	1	707586	97.7496
Inc.	1	707587	97.7498
Independent	1	707588	97.7499
Indian	1	707589	97.75
Indiër	1	707590	97.7502
Indra	1	707591	97.7503
Indy	1	707592	97.7504
Ine	1	707593	97.7506
Inez	1	707594	97.7507
Info	1	707595	97.7509
Informed	1	707596	97.751
Inglorious	1	707597	97.7511
Ingrids	1	707598	97.7513
Inne	1	707599	97.7514
Inside	1	707600	97.7515
Inspector	1	707601	97.7517
Inter	1	707602	97.7518
Intermezzo	1	707603	97.752
Into	1	707604	97.7521
Inzell	1	707605	97.7522
Ipv	1	707606	97.7524
Irenetunnel	1	707607	97.7525
Iron	1	707608	97.7527
Ironman	1	707609	97.7528
Irritaal	1	707610	97.7529
Isabelle	1	707611	97.7531
Isda	1	707612	97.7532
Istanboel	1	707613	97.7533
Iszabella	1	707614	97.7535
Italy	1	707615	97.7536
Itgwo	1	707616	97.7538
Itunes	1	707617	97.7539
Ivm	1	707618	97.754
Iwan	1	707619	97.7542
Iz	1	707620	97.7543
Izabella	1	707621	97.7544
J.A.	1	707622	97.7546
JADANKUWELJA	1	707623	97.7547
JALOERS	1	707624	97.7549
JAMMER	1	707625	97.755
JC	1	707626	97.7551
JEEEEEEEEEEEJ	1	707627	97.7553
JIJ	1	707628	97.7554
JJP	1	707629	97.7556
JOEPIEEE	1	707630	97.7557
JT	1	707631	97.7558
JaaAaaaaaah	1	707632	97.756
Jaaaaaa	1	707633	97.7561
Jaaaaaahh	1	707634	97.7562
Jaah	1	707635	97.7564
Jacht	1	707636	97.7565
Jackass	1	707637	97.7567
Jacket	1	707638	97.7568
Jackie	1	707639	97.7569
Jacob	1	707640	97.7571
Jacobien	1	707641	97.7572
Jacobs-Experience	1	707642	97.7574
Jacomijn	1	707643	97.7575
Jadeena	1	707644	97.7576
Jag	1	707645	97.7578
Jager	1	707646	97.7579
Jamajaa	1	707647	97.758
Jamesken	1	707648	97.7582
Jamie	1	707649	97.7583
Jannie	1	707650	97.7585
Jans	1	707651	97.7586
Janske	1	707652	97.7587
Janta	1	707653	97.7589
Jantiet	1	707654	97.759
Jantje	1	707655	97.7591
Januari	1	707656	97.7593
Japan	1	707657	97.7594
Japanese	1	707658	97.7596
Jaqueline	1	707659	97.7597
Jaszai	1	707660	97.7598
Java-ontwikkelaars	1	707661	97.76
Jawohl	1	707662	97.7601
Jazai	1	707663	97.7603
Jazzclub	1	707664	97.7604
Jealous	1	707665	97.7605
Jeanne	1	707666	97.7607
Jeeeeetje	1	707667	97.7608
Jeeej	1	707668	97.7609
Jeffry	1	707669	97.7611
Jelen	1	707670	97.7612
Jelger	1	707671	97.7614
Jellyfish	1	707672	97.7615
Jelte	1	707673	97.7616
Jenga	1	707674	97.7618
Jeno	1	707675	97.7619
Jerome	1	707676	97.762
Jerre	1	707677	97.7622
Jessy	1	707678	97.7623
Jesus	1	707679	97.7625
Jews	1	707680	97.7626
Jikke	1	707681	97.7627
Jil	1	707682	97.7629
Jin	1	707683	97.763
Jip	1	707684	97.7632
JmhH	1	707685	97.7633
Joanne	1	707686	97.7634
Joaquin	1	707687	97.7636
Jochems	1	707688	97.7637
Jody	1	707689	97.7638
Joepi	1	707690	97.764
Joerie	1	707691	97.7641
Joey	1	707692	97.7643
Johans	1	707693	97.7644
Johnnie	1	707694	97.7645
Johnson	1	707695	97.7647
Johova	1	707696	97.7648
Jojanneke	1	707697	97.7649
Jojo	1	707698	97.7651
Jokai	1	707699	97.7652
Joker	1	707700	97.7654
Joki	1	707701	97.7655
Jokkmokk	1	707702	97.7656
Jolanda	1	707703	97.7658
Jolijn	1	707704	97.7659
Jolyn	1	707705	97.7661
Jones	1	707706	97.7662
Jonkerbos	1	707707	97.7663
Jonsi	1	707708	97.7665
Joop	1	707709	97.7666
Joopie	1	707710	97.7667
Joost's	1	707711	97.7669
Joost-datingshow-update	1	707712	97.767
Joowh	1	707713	97.7672
Jopla	1	707714	97.7673
Joppe	1	707715	97.7674
Joran	1	707716	97.7676
Jordi	1	707717	97.7677
Jorika	1	707718	97.7678
Joseph	1	707719	97.768
Josse	1	707720	97.7681
Jouwes	1	707721	97.7683
Jovi	1	707722	97.7684
Joyjoy	1	707723	97.7685
Jozias	1	707724	97.7687
Joó	1	707725	97.7688
Jr.	1	707726	97.769
Js	1	707727	97.7691
Jtje	1	707728	97.7692
Jude	1	707729	97.7694
Jul	1	707730	97.7695
Juli	1	707731	97.7696
Julianadorp	1	707732	97.7698
Julie	1	707733	97.7699
Julien	1	707734	97.7701
Juliet	1	707735	97.7702
Julio	1	707736	97.7703
Jumbo	1	707737	97.7705
Juppé	1	707738	97.7706
Jurjen	1	707739	97.7708
Jurre	1	707740	97.7709
Justin	1	707741	97.771
Justine	1	707742	97.7712
Jut	1	707743	97.7713
Juu	1	707744	97.7714
Juul	1	707745	97.7716
Jónsi	1	707746	97.7717
Jönköping	1	707747	97.7719
K-weg	1	707748	97.772
KAN	1	707749	97.7721
KARAOKE	1	707750	97.7723
KE	1	707751	97.7724
KFC	1	707752	97.7725
KINGDOM	1	707753	97.7727
KLM	1	707754	97.7728
KNMI	1	707755	97.773
KNOL	1	707756	97.7731
KNUFFEL	1	707757	97.7732
KNVB	1	707758	97.7734
KPN	1	707759	97.7735
KSE-klasgenote	1	707760	97.7737
KUSJES	1	707761	97.7738
KUT	1	707762	97.7739
Kaai	1	707763	97.7741
Kaatsheuvel-city	1	707764	97.7742
Kabouter	1	707765	97.7743
Kaisers	1	707766	97.7745
Kaka	1	707767	97.7746
Kaketoe	1	707768	97.7748
Kalyan	1	707769	97.7749
Kamer	1	707770	97.775
Kamerlingh	1	707771	97.7752
Kamp	1	707772	97.7753
Kampen	1	707773	97.7754
Kampusch	1	707774	97.7756
Kamra	1	707775	97.7757
Kanaarke	1	707776	97.7759
Kandimsky	1	707777	97.776
Kannek	1	707778	97.7761
Kantekleerstraat	1	707779	97.7763
Kappelhofsweg	1	707780	97.7764
Kapper	1	707781	97.7766
Kaptein	1	707782	97.7767
Karaoke	1	707783	97.7768
Karine	1	707784	97.777
Karlijns	1	707785	97.7771
Karlsruhe	1	707786	97.7772
Karnsberg	1	707787	97.7774
Karolien	1	707788	97.7775
Karpendonkse	1	707789	97.7777
Kars	1	707790	97.7778
Karsten	1	707791	97.7779
Katrientje	1	707792	97.7781
Katz	1	707793	97.7782
Kaushal	1	707794	97.7783
Kaz	1	707795	97.7785
Kbel	1	707796	97.7786
Ke	1	707797	97.7788
Kedeng-kedeng	1	707798	97.7789
Kee	1	707799	97.779
Keen	1	707800	97.7792
Keer	1	707801	97.7793
Keershuys	1	707802	97.7795
Keizer	1	707803	97.7796
Keizerpark	1	707804	97.7797
Keldby	1	707805	97.7799
Kelly's	1	707806	97.78
Kelty	1	707807	97.7801
Kemelstraat	1	707808	97.7803
Kempinsky	1	707809	97.7804
Kenneth	1	707810	97.7806
Kennis	1	707811	97.7807
Kenya	1	707812	97.7808
Kenzo	1	707813	97.781
Kerk	1	707814	97.7811
Kerkstraat	1	707815	97.7812
Kermisfm.nl	1	707816	97.7814
Kers	1	707817	97.7815
Kerst	1	707818	97.7817
Kertesz	1	707819	97.7818
Kesteloot	1	707820	97.7819
Ket	1	707821	97.7821
Keys	1	707822	97.7822
Kging	1	707823	97.7824
Kill	1	707824	97.7825
Kinepolis	1	707825	97.7826
King's	1	707826	97.7828
Kinkfm.com	1	707827	97.7829
Kinki	1	707828	97.783
Kirsten	1	707829	97.7832
Kissie	1	707830	97.7833
Kisskiss	1	707831	97.7835
Kisss	1	707832	97.7836
Kissy	1	707833	97.7837
Kissykiss	1	707834	97.7839
Kit	1	707835	97.784
Kkon	1	707836	97.7842
Klaartje	1	707837	97.7843
Klaassen	1	707838	97.7844
Klant	1	707839	97.7846
Klaverstraat	1	707840	97.7847
Kleinen	1	707841	97.7848
Kleve	1	707842	97.785
Kliko	1	707843	97.7851
Klotemasker	1	707844	97.7853
Klöpping	1	707845	97.7854
Kmag	1	707846	97.7855
Kn	1	707847	97.7857
Knorr	1	707848	97.7858
Knysna	1	707849	97.7859
Knölleke	1	707850	97.7861
Kobe	1	707851	97.7862
Koekert	1	707852	97.7864
Koenyn	1	707853	97.7865
Koerier	1	707854	97.7866
Koets	1	707855	97.7868
Koffiebaas	1	707856	97.7869
Koggel	1	707857	97.7871
Kohl	1	707858	97.7872
Koksijde	1	707859	97.7873
Koldeweetjes	1	707860	97.7875
Kone	1	707861	97.7876
Koninginnenach	1	707862	97.7877
Koningsplein	1	707863	97.7879
Kontje	1	707864	97.788
Kook-Clinic	1	707865	97.7882
Koopiklaani	1	707866	97.7883
Koos	1	707867	97.7884
Kopenhagen	1	707868	97.7886
Koppel	1	707869	97.7887
Korte	1	707870	97.7888
Kortryk	1	707871	97.789
Korut	1	707872	97.7891
Kos	1	707873	97.7893
Koszonom	1	707874	97.7894
Kouter	1	707875	97.7895
Kowlier	1	707876	97.7897
Kprobeer	1	707877	97.7898
Krakau	1	707878	97.79
Kramer	1	707879	97.7901
Kreij	1	707880	97.7902
Krish	1	707881	97.7904
Kristel	1	707882	97.7905
Kristof	1	707883	97.7906
Kroatië	1	707884	97.7908
Krol	1	707885	97.7909
Kruidvatpotje	1	707886	97.7911
Krul	1	707887	97.7912
Krúdy	1	707888	97.7913
Ksanten	1	707889	97.7915
Ku	1	707890	97.7916
Kuipers	1	707891	97.7917
Kulcs	1	707892	97.7919
Kunal	1	707893	97.792
Kunde	1	707894	97.7922
Kungfu	1	707895	97.7923
Kunn	1	707896	97.7924
Kuplung	1	707897	97.7926
Kurla	1	707898	97.7927
Kusjaaaaah	1	707899	97.7929
Kusjeee	1	707900	97.793
Kusjeh	1	707901	97.7931
Kuskess	1	707902	97.7933
Kusknuf	1	707903	97.7934
Kussi	1	707904	97.7935
Kussie	1	707905	97.7937
Kusssss	1	707906	97.7938
Kust	1	707907	97.794
Kuteind	1	707908	97.7941
Kv	1	707909	97.7942
KvL	1	707910	97.7944
Kvind	1	707911	97.7945
Kvond	1	707912	97.7946
Kvrees	1	707913	97.7948
Kwalbert	1	707914	97.7949
Kwantum	1	707915	97.7951
Kway	1	707916	97.7952
Kweetetni	1	707917	97.7953
Köhl	1	707918	97.7955
Köhl's	1	707919	97.7956
Küsjes	1	707920	97.7958
LAMB-edt	1	707921	97.7959
LAN-party	1	707922	97.796
LANG	1	707923	97.7962
LEERen	1	707924	97.7963
LI	1	707925	97.7964
LIEKE	1	707926	97.7966
LLR	1	707927	97.7967
LMAO	1	707928	97.7969
LOLXD	1	707929	97.797
LOOS	1	707930	97.7971
LS	1	707931	97.7973
LSA's	1	707932	97.7974
LWE	1	707933	97.7976
LaPasta	1	707934	97.7977
Laaf	1	707935	97.7978
Laak	1	707936	97.798
Labour	1	707937	97.7981
Lacanau-Océan	1	707938	97.7982
Lachai	1	707939	97.7984
Lacs	1	707940	97.7985
Lada	1	707941	97.7987
Laden	1	707942	97.7988
Ladies	1	707943	97.7989
Laert	1	707944	97.7991
Lalala	1	707945	97.7992
Lalalalalalalalala	1	707946	97.7993
Lalaland	1	707947	97.7995
Lama	1	707948	97.7996
Lancelot	1	707949	97.7998
Lane	1	707950	97.7999
Lange	1	707951	97.8
Laplace	1	707952	97.8002
Lappe	1	707953	97.8003
Lardth	1	707954	97.8005
Lariam	1	707955	97.8006
Laters	1	707956	97.8007
Latijns	1	707957	97.8009
Latitude	1	707958	97.801
Latule	1	707959	97.8011
Laufer	1	707960	97.8013
Lauraine	1	707961	97.8014
Laurence	1	707962	97.8016
Laurens	1	707963	97.8017
LeMage	1	707964	97.8018
Leader	1	707965	97.802
League	1	707966	97.8021
Leave	1	707967	97.8022
Leclerc	1	707968	97.8024
Led	1	707969	97.8025
Ledig	1	707970	97.8027
Lee	1	707971	97.8028
Leeuw	1	707972	97.8029
Leeuwarden	1	707973	97.8031
Left	1	707974	97.8032
Lefty	1	707975	97.8034
Legermuseum	1	707976	97.8035
Lei	1	707977	97.8036
Lekka	1	707978	97.8038
Lekkah	1	707979	97.8039
Lekker	1	707980	97.804
Lele	1	707981	97.8042
Lente	1	707982	97.8043
Lentekriebel	1	707983	97.8045
Lenz	1	707984	97.8046
Leonidas	1	707985	97.8047
Leopold	1	707986	97.8049
Lesley-Ann	1	707987	97.805
Leukemia	1	707988	97.8051
Leusinkjes	1	707989	97.8053
Leuveria	1	707990	97.8054
Leuverinken	1	707991	97.8056
Leuverinks	1	707992	97.8057
Leven	1	707993	97.8058
Li	1	707994	97.806
Libië	1	707995	97.8061
Lichtenvoorde	1	707996	97.8063
Lidl	1	707997	97.8064
Lie	1	707998	97.8065
Lieb	1	707999	97.8067
Lieffff	1	708000	97.8068
Liefke	1	708001	97.8069
LiefsM	1	708002	97.8071
Liefsss	1	708003	97.8072
Liesje	1	708004	97.8074
Liev	1	708005	97.8075
Life	1	708006	97.8076
Lijsters	1	708007	97.8078
Lilian	1	708008	97.8079
Lillikerd	1	708009	97.808
Lilly	1	708010	97.8082
Limburgers	1	708011	97.8083
Lineaire	1	708012	97.8085
Lineus	1	708013	97.8086
Link	1	708014	97.8087
Linkin	1	708015	97.8089
Linking	1	708016	97.809
Links	1	708017	97.8092
Lisa's	1	708018	97.8093
Lisanne	1	708019	97.8094
Lissabon	1	708020	97.8096
Liters	1	708021	97.8097
Litmanen	1	708022	97.8098
Little	1	708023	97.81
Liverpool	1	708024	97.8101
Livia	1	708025	97.8103
Liza	1	708026	97.8104
Lize	1	708027	97.8105
Ljouwert	1	708028	97.8107
Ljubljana	1	708029	97.8108
Lo	1	708030	97.811
Loaf	1	708031	97.8111
Loc	1	708032	97.8112
Location	1	708033	97.8114
Lochten	1	708034	97.8115
Loeke	1	708035	97.8116
Loeloe	1	708036	97.8118
Loft	1	708037	97.8119
Logos	1	708038	97.8121
Loki	1	708039	97.8122
LolXD	1	708040	97.8123
Loman	1	708041	97.8125
Lonne	1	708042	97.8126
Loon	1	708043	97.8127
Loosduinseweg	1	708044	97.8129
Loqutus	1	708045	97.813
Lord	1	708046	97.8132
Lorenzo	1	708047	97.8133
Lormes	1	708048	97.8134
Lorsque	1	708049	97.8136
Lotje	1	708050	97.8137
Louisiana	1	708051	97.8139
Lovejoe	1	708052	97.814
Loverdose	1	708053	97.8141
Lovjoe	1	708054	97.8143
Lovr	1	708055	97.8144
LowLands	1	708056	97.8145
Lt	1	708057	97.8147
Lucca	1	708058	97.8148
Luckily	1	708059	97.815
Ludwig	1	708060	97.8151
Luf	1	708061	97.8152
Luiaard	1	708062	97.8154
Luigi	1	708063	97.8155
Luik	1	708064	97.8156
Lujza	1	708065	97.8158
Lungo	1	708066	97.8159
Lutte	1	708067	97.8161
Luz	1	708068	97.8162
Luzern	1	708069	97.8163
Ly	1	708070	97.8165
Lyn	1	708071	97.8166
Léon	1	708072	97.8168
Löwenthal	1	708073	97.8169
M-R	1	708074	97.817
M.n.	1	708075	97.8172
M.v.H	1	708076	97.8173
MA	1	708077	97.8174
MAROKKAANSE	1	708078	97.8176
MEE	1	708079	97.8177
MEEN	1	708080	97.8179
MEGAZOT	1	708081	97.818
MG	1	708082	97.8181
MHF	1	708083	97.8183
MMQ	1	708084	97.8184
MNM	1	708085	97.8185
MOI	1	708086	97.8187
MRVEJA	1	708087	97.8188
MSN	1	708088	97.819
MT	1	708089	97.8191
MTN	1	708090	97.8192
MUGGEN	1	708091	97.8194
Maaikie	1	708092	97.8195
Maalox	1	708093	97.8197
Maartens	1	708094	97.8198
Maashi	1	708095	97.8199
Macauly	1	708096	97.8201
Macbook	1	708097	97.8202
Macca	1	708098	97.8203
Machine	1	708099	97.8205
Madagaskar	1	708100	97.8206
Maddie	1	708101	97.8208
Maemo	1	708102	97.8209
Magazijnstraat	1	708103	97.821
Maggie	1	708104	97.8212
Magnus	1	708105	97.8213
Mags	1	708106	97.8215
Mahaha	1	708107	97.8216
Mahalaxmi	1	708108	97.8217
Main	1	708109	97.8219
Mais	1	708110	97.822
Maitland	1	708111	97.8221
Majaa	1	708112	97.8223
Male	1	708113	97.8224
Malfunction	1	708114	97.8226
Malika	1	708115	97.8227
Malikha	1	708116	97.8228
Malle	1	708117	97.823
Malloot	1	708118	97.8231
Mallorca	1	708119	97.8232
Mamoush	1	708120	97.8234
Management	1	708121	97.8235
Mandala	1	708122	97.8237
Mandemakers	1	708123	97.8238
Mandiehie	1	708124	97.8239
Mandygate	1	708125	97.8241
Manfred	1	708126	97.8242
Manman	1	708127	97.8244
Manmanman	1	708128	97.8245
Mann	1	708129	97.8246
Manolev	1	708130	97.8248
Manou	1	708131	97.8249
Mansion	1	708132	97.825
Maps	1	708133	97.8252
MarCo	1	708134	97.8253
Marald	1	708135	97.8255
Marcella's	1	708136	97.8256
Marco's	1	708137	97.8257
Marg	1	708138	97.8259
Maria-Hendrika	1	708139	97.826
Marijkestraat	1	708140	97.8261
Marijn	1	708141	97.8263
Marijtje	1	708142	97.8264
Marillynn	1	708143	97.8266
Marino	1	708144	97.8267
Marjo	1	708145	97.8268
Marjolein	1	708146	97.827
Marjoleintje	1	708147	97.8271
Market	1	708148	97.8273
Marloesmob	1	708149	97.8274
Marluus	1	708150	97.8275
Marokkaan	1	708151	97.8277
Marokkanen	1	708152	97.8278
Marokko	1	708153	97.8279
Martain	1	708154	97.8281
Martens	1	708155	97.8282
Martine	1	708156	97.8284
Martinez	1	708157	97.8285
Martini	1	708158	97.8286
Marty	1	708159	97.8288
Maréchal	1	708160	97.8289
Mas	1	708161	97.829
Masdar	1	708162	97.8292
Masereelstraat	1	708163	97.8293
Maspalomas	1	708164	97.8295
Massa	1	708165	97.8296
Massinkhal	1	708166	97.8297
Massive	1	708167	97.8299
Mat	1	708168	97.83
MateriaalMeester	1	708169	97.8302
Matlab	1	708170	97.8303
Matras	1	708171	97.8304
Matrixx	1	708172	97.8306
Matthew	1	708173	97.8307
Matthias	1	708174	97.8308
Matthieu	1	708175	97.831
Maud	1	708176	97.8311
Maurik	1	708177	97.8313
Max	1	708178	97.8314
Maxim	1	708179	97.8315
May	1	708180	97.8317
Mayor	1	708181	97.8318
Maywegge	1	708182	97.8319
Mc	1	708183	97.8321
McD	1	708184	97.8322
McDonalds	1	708185	97.8324
McG	1	708186	97.8325
McPaul	1	708187	97.8326
McQuarrie	1	708188	97.8328
McQueen	1	708189	97.8329
McTell	1	708190	97.8331
Mcdonald's	1	708191	97.8332
Mdma	1	708192	97.8333
MeP	1	708193	97.8335
Meals	1	708194	97.8336
Mean	1	708195	97.8337
Meat	1	708196	97.8339
Media	1	708197	97.834
Medicijnen	1	708198	97.8342
Medisoc-medica	1	708199	97.8343
Meer	1	708200	97.8344
Meerijden	1	708201	97.8346
Meersen	1	708202	97.8347
Meeuw	1	708203	97.8349
Meh	1	708204	97.835
Mehd	1	708205	97.8351
Mekelpark	1	708206	97.8353
Mekelparkdemo	1	708207	97.8354
Mel	1	708208	97.8355
Melchiot	1	708209	97.8357
Melissa	1	708210	97.8358
Melkert	1	708211	97.836
Melly	1	708212	97.8361
Memories	1	708213	97.8362
Meppel	1	708214	97.8364
Mer	1	708215	97.8365
Mercii	1	708216	97.8366
Merde	1	708217	97.8368
Merel	1	708218	97.8369
Merijn	1	708219	97.8371
Merlina	1	708220	97.8372
Merlyn	1	708221	97.8373
Mertens	1	708222	97.8375
Merwijk	1	708223	97.8376
Message	1	708224	97.8378
Metaalorganisch	1	708225	97.8379
Metal	1	708226	97.838
Metro	1	708227	97.8382
Metro's	1	708228	97.8383
Meuleste	1	708229	97.8384
Meulesteedsesteenweg	1	708230	97.8386
Mexicaan	1	708231	97.8387
Mexicaantje	1	708232	97.8389
Mhh	1	708233	97.839
Mhhh	1	708234	97.8391
Mia	1	708235	97.8393
Michaela	1	708236	97.8394
Michalak	1	708237	97.8395
Michaël	1	708238	97.8397
Microfoontoernooi	1	708239	97.8398
Middelburg	1	708240	97.84
Miek	1	708241	97.8401
Miekske	1	708242	97.8402
Miguel	1	708243	97.8404
Mijnes	1	708244	97.8405
Milk	1	708245	97.8407
Milo	1	708246	97.8408
Mimosa	1	708247	97.8409
Minerva	1	708248	97.8411
Minor	1	708249	97.8412
Minsk	1	708250	97.8413
Miracoli	1	708251	97.8415
Mireille	1	708252	97.8416
Miro	1	708253	97.8418
Mischien	1	708254	97.8419
Missed	1	708255	97.842
Mix	1	708256	97.8422
Mizzi	1	708257	97.8423
Mloes	1	708258	97.8424
Mmmwah	1	708259	97.8426
Moaske	1	708260	97.8427
Modelling	1	708261	97.8429
Modena	1	708262	97.843
Modern	1	708263	97.8431
Moederdag	1	708264	97.8433
Moehahahahaa	1	708265	97.8434
Moek	1	708266	97.8436
Moenen	1	708267	97.8437
Mohgij	1	708268	97.8438
Moiii	1	708269	97.844
Moiiiii	1	708270	97.8441
Molenstraat	1	708271	97.8442
Molly	1	708272	97.8444
Moly	1	708273	97.8445
Mon	1	708274	97.8447
Money	1	708275	97.8448
Monic	1	708276	97.8449
Monique	1	708277	97.8451
Monique's	1	708278	97.8452
Monk	1	708279	97.8453
Monkeys	1	708280	97.8455
Monster's	1	708281	97.8456
Month	1	708282	97.8458
Morgenstond	1	708283	97.8459
Mornin	1	708284	97.846
Morris	1	708285	97.8462
Morrissey	1	708286	97.8463
Moskee	1	708287	97.8465
Mosquito	1	708288	97.8466
Mosselaarstraat	1	708289	97.8467
Motivational	1	708290	97.8469
Moulin	1	708291	97.847
Mountain	1	708292	97.8471
MountainBockereyder	1	708293	97.8473
Moved	1	708294	97.8474
Moving	1	708295	97.8476
Mrg	1	708296	97.8477
Mt	1	708297	97.8478
Muchi	1	708298	97.848
Mucho	1	708299	97.8481
Muchos	1	708300	97.8483
Mucos	1	708301	97.8484
Mumford	1	708302	97.8485
Munster	1	708303	97.8487
Munte	1	708304	97.8488
Murakami	1	708305	97.8489
Murphy's	1	708306	97.8491
Musica	1	708307	97.8492
Must	1	708308	97.8494
Muts	1	708309	97.8495
Mutti	1	708310	97.8496
Muzenconcert	1	708311	97.8498
Mwaaaa	1	708312	97.8499
Mwaaaah	1	708313	97.85
Mwahh	1	708314	97.8502
MyZen	1	708315	97.8503
Myleneparty	1	708316	97.8505
Myne	1	708317	97.8506
Myrthe	1	708318	97.8507
Mystery	1	708319	97.8509
Mythbuster	1	708320	97.851
Mädchen	1	708321	97.8512
N.	1	708322	97.8513
NAC-NEC	1	708323	97.8514
NAC-Willem	1	708324	97.8516
NB	1	708325	97.8517
NBC	1	708326	97.8518
NDJ	1	708327	97.852
NEC	1	708328	97.8521
NEEJ	1	708329	97.8523
NEWSFLASH	1	708330	97.8524
NH	1	708331	97.8525
NICE	1	708332	97.8527
NIEMAND	1	708333	97.8528
NIJMEGEN	1	708334	97.8529
NIKS	1	708335	97.8531
NK	1	708336	97.8532
NLP	1	708337	97.8534
NLs	1	708338	97.8535
NOCNSF	1	708339	97.8536
NOOOOOO	1	708340	97.8538
NS-app	1	708341	97.8539
NS-site	1	708342	97.8541
NSG	1	708343	97.8542
NT	1	708344	97.8543
NXP-logo	1	708345	97.8545
NYCJIT	1	708346	97.8546
NYE	1	708347	97.8547
Naah	1	708348	97.8549
Nagar	1	708349	97.855
Nahi	1	708350	97.8552
Nairobi	1	708351	97.8553
Naline	1	708352	97.8554
Nat.Geo	1	708353	97.8556
Natalia	1	708354	97.8557
Natalie	1	708355	97.8558
Natascha	1	708356	97.856
Natasha-sessions	1	708357	97.8561
Nationale	1	708358	97.8563
Naturalis	1	708359	97.8564
Near	1	708360	97.8565
Ned-Cuba	1	708361	97.8567
Nederlanden	1	708362	97.8568
Neger	1	708363	97.857
Negerrobots	1	708364	97.8571
Neil	1	708365	97.8572
Nein	1	708366	97.8574
Neo	1	708367	97.8575
Netherlands	1	708368	97.8576
Netwerken	1	708369	97.8578
Network	1	708370	97.8579
Neude	1	708371	97.8581
Neuken	1	708372	97.8582
Nevermind	1	708373	97.8583
Nevr	1	708374	97.8585
Newtonstraat	1	708375	97.8586
Ng	1	708376	97.8587
Niceness	1	708377	97.8589
Nicky	1	708378	97.859
Nicolaas	1	708379	97.8592
Nicolas	1	708380	97.8593
Niehe	1	708381	97.8594
Nien	1	708382	97.8596
Nieuwe	1	708383	97.8597
Nieuwenhuis	1	708384	97.8599
Nights	1	708385	97.86
Nijmegencity	1	708386	97.8601
Nimwa	1	708387	97.8603
Nimwegen	1	708388	97.8604
Nina	1	708389	97.8605
Nissan	1	708390	97.8607
Nistelrooy	1	708391	97.8608
Nite	1	708392	97.861
Njah	1	708393	97.8611
Nl	1	708394	97.8612
Nmbs	1	708395	97.8614
NoC-NSF	1	708396	97.8615
Nobody's	1	708397	97.8617
Noekel	1	708398	97.8618
Nogmaals	1	708399	97.8619
Nokia	1	708400	97.8621
Nokia-lader	1	708401	97.8622
Non	1	708402	97.8623
None	1	708403	97.8625
Noorden	1	708404	97.8626
Noortje	1	708405	97.8628
Norbert	1	708406	97.8629
Norden	1	708407	97.863
Norman	1	708408	97.8632
Norton	1	708409	97.8633
Notebook	1	708410	97.8634
Notre	1	708411	97.8636
Noudan	1	708412	97.8637
Nounou	1	708413	97.8639
Nouuuu	1	708414	97.864
Nov	1	708415	97.8641
Nr	1	708416	97.8643
Nuja	1	708417	97.8644
Nujah	1	708418	97.8646
Nultweevier	1	708419	97.8647
Nyc	1	708420	97.8648
Nyu	1	708421	97.865
NÚ	1	708422	97.8651
O-oh	1	708423	97.8652
O.K.	1	708424	97.8654
O.o	1	708425	97.8655
O:-)	1	708426	97.8657
OCZ	1	708427	97.8658
ODS	1	708428	97.8659
OFWA	1	708429	97.8661
OFZO	1	708430	97.8662
OHNEEEE	1	708431	97.8663
OL	1	708432	97.8665
OLC	1	708433	97.8666
OMGWTFBBQ	1	708434	97.8668
ONT	1	708435	97.8669
ORAS	1	708436	97.867
OS	1	708437	97.8672
OURS	1	708438	97.8673
OV-staking	1	708439	97.8675
Obama	1	708440	97.8676
Obi	1	708441	97.8677
Observangenhof	1	708442	97.8679
Oceaan	1	708443	97.868
Oeda	1	708444	97.8681
Oehh	1	708445	97.8683
Oehhh	1	708446	97.8684
Oehhhh	1	708447	97.8686
Oeie	1	708448	97.8687
Oeioei	1	708449	97.8688
Oej	1	708450	97.869
Oeja	1	708451	97.8691
Oekiepoekie	1	708452	97.8692
Oelala	1	708453	97.8694
Oeps	1	708454	97.8695
Oepsi	1	708455	97.8697
Oesj	1	708456	97.8698
Oeveel	1	708457	97.8699
Off	1	708458	97.8701
Office	1	708459	97.8702
Ofzo	1	708460	97.8704
Ohhhhh	1	708461	97.8705
Ohio	1	708462	97.8706
Ohla	1	708463	97.8708
Oink	1	708464	97.8709
Ojaa	1	708465	97.871
Ojee	1	708466	97.8712
Ojoo	1	708467	97.8713
Oksfurt	1	708468	97.8715
Olle	1	708469	97.8716
Ollright	1	708470	97.8717
Olympics	1	708471	97.8719
Olé	1	708472	97.872
Omg	1	708473	97.8721
Omgwtfbbq	1	708474	97.8723
On.way	1	708475	97.8724
Onbekende	1	708476	97.8726
Onnesstraat	1	708477	97.8727
Oohja	1	708478	97.8728
Ooij	1	708479	97.873
Ooijpolder	1	708480	97.8731
Ooiooooo	1	708481	97.8733
Oooeehhhh	1	708482	97.8734
Oooo	1	708483	97.8735
Ooooooh	1	708484	97.8737
Oor	1	708485	97.8738
Oostende	1	708486	97.8739
Oosterburen	1	708487	97.8741
Oow	1	708488	97.8742
Op	1	708489	97.8744
OpenOffice	1	708490	97.8745
Openluchtmuseum	1	708491	97.8746
Oph	1	708492	97.8748
Opwekking	1	708493	97.8749
Orchid	1	708494	97.8751
Order	1	708495	97.8752
Orfie	1	708496	97.8753
Organising	1	708497	97.8755
Orionveien	1	708498	97.8756
Orsi	1	708499	97.8757
Orsolya	1	708500	97.8759
Ortho	1	708501	97.876
Orval	1	708502	97.8762
Osama	1	708503	97.8763
Oticon	1	708504	97.8764
Otrivin	1	708505	97.8766
Otto	1	708506	97.8767
Ou	1	708507	97.8768
Oudenaarde	1	708508	97.877
Oudewater	1	708509	97.8771
Oudtshoorn	1	708510	97.8773
Outlet	1	708511	97.8774
Outrijve	1	708512	97.8775
Ouwe	1	708513	97.8777
Ouwehand	1	708514	97.8778
Ov	1	708515	97.878
Overpoort	1	708516	97.8781
Ovum	1	708517	97.8782
Owww	1	708518	97.8784
Ozzy	1	708519	97.8785
P+M	1	708520	97.8786
P.H	1	708521	97.8788
PAK	1	708522	97.8789
PD	1	708523	97.8791
PD-onderzoek	1	708524	97.8792
PERS	1	708525	97.8793
PGM	1	708526	97.8795
PMD	1	708527	97.8796
PO	1	708528	97.8797
POPronde	1	708529	97.8799
PR	1	708530	97.88
PSU	1	708531	97.8802
PTC's	1	708532	97.8803
PUMA	1	708533	97.8804
PV	1	708534	97.8806
PVV	1	708535	97.8807
PW	1	708536	97.8809
Paasdag	1	708537	97.881
Paddys	1	708538	97.8811
Paella	1	708539	97.8813
Pahaaaa	1	708540	97.8814
Painkiller	1	708541	97.8815
Pakhuis	1	708542	97.8817
Paki	1	708543	97.8818
Palava	1	708544	97.882
Palm	1	708545	97.8821
Pam	1	708546	97.8822
Pamela	1	708547	97.8824
Pancratiusstraat	1	708548	97.8825
Panini's	1	708549	97.8826
Pannenkoek	1	708550	97.8828
Panta	1	708551	97.8829
Pantomiene	1	708552	97.8831
Pap	1	708553	97.8832
Pap's	1	708554	97.8833
Papers	1	708555	97.8835
Papi	1	708556	97.8836
Parc	1	708557	97.8838
Parkeerplaats	1	708558	97.8839
Parker	1	708559	97.884
Parma	1	708560	97.8842
Parys	1	708561	97.8843
Pas	1	708562	97.8844
Pascalle	1	708563	97.8846
Passel	1	708564	97.8847
Patersholfeestje	1	708565	97.8849
Patrick-hints	1	708566	97.885
Patrieck	1	708567	97.8851
Patrol	1	708568	97.8853
Pattihoeroe	1	708569	97.8854
Paul's	1	708570	97.8855
Paulando	1	708571	97.8857
Pauline	1	708572	97.8858
Pauperstad	1	708573	97.886
Pauwstraat	1	708574	97.8861
Pauze-update	1	708575	97.8862
Pe	1	708576	97.8864
Pechtold	1	708577	97.8865
Pedicure	1	708578	97.8867
Pedro	1	708579	97.8868
Pen	1	708580	97.8869
Penguins	1	708581	97.8871
Pepers	1	708582	97.8872
Peperstraat	1	708583	97.8873
Personal	1	708584	97.8875
Peruvian	1	708585	97.8876
Peterman	1	708586	97.8878
Petit	1	708587	97.8879
Petofi	1	708588	97.888
Petrosani	1	708589	97.8882
Petrov	1	708590	97.8883
Petten	1	708591	97.8885
Petticoat	1	708592	97.8886
Pf	1	708593	97.8887
Pfeiffer	1	708594	97.8889
Pffffc	1	708595	97.889
Pfffff	1	708596	97.8891
Pfffffff	1	708597	97.8893
Pffffffff	1	708598	97.8894
Pfffffffffffffffff	1	708599	97.8896
Ph	1	708600	97.8897
PhD	1	708601	97.8898
Phantasialand	1	708602	97.89
Philips	1	708603	97.8901
Phocas	1	708604	97.8902
Phone	1	708605	97.8904
Photo	1	708606	97.8905
PhotoShop	1	708607	97.8907
Pianist	1	708608	97.8908
Picalilly	1	708609	97.8909
Picanol	1	708610	97.8911
Pickpockey	1	708611	97.8912
Pics	1	708612	97.8914
Picture	1	708613	97.8915
Pictures	1	708614	97.8916
Piecken	1	708615	97.8918
Piek	1	708616	97.8919
Pierke	1	708617	97.892
Pierlé	1	708618	97.8922
Pieteke	1	708619	97.8923
Pietje	1	708620	97.8925
Pijpers	1	708621	97.8926
Pilsen	1	708622	97.8927
Pinar	1	708623	97.8929
Pink	1	708624	97.893
Pip	1	708625	97.8931
Pirate	1	708626	97.8933
Pirates	1	708627	97.8934
Pitt	1	708628	97.8936
Pitty	1	708629	97.8937
Pity	1	708630	97.8938
Piushaven	1	708631	97.894
Piusplein	1	708632	97.8941
Pizzeria	1	708633	97.8943
Placebo	1	708634	97.8944
Planchee	1	708635	97.8945
Plasterk	1	708636	97.8947
Play	1	708637	97.8948
PlayStation	1	708638	97.8949
Playa	1	708639	97.8951
Playing	1	708640	97.8952
Plein	1	708641	97.8954
Pleun	1	708642	97.8955
Plex	1	708643	97.8956
Plooy	1	708644	97.8958
Plysom	1	708645	97.8959
Podmaniczky	1	708646	97.896
Poe	1	708647	97.8962
Poels	1	708648	97.8963
Poendipoendipoendi	1	708649	97.8965
Poerink	1	708650	97.8966
Polish	1	708651	97.8967
Polisse	1	708652	97.8969
Pony	1	708653	97.897
Popcorn	1	708654	97.8972
Popo	1	708655	97.8973
Popov	1	708656	97.8974
Poppe	1	708657	97.8976
Popper's	1	708658	97.8977
Poppél	1	708659	97.8978
Popular	1	708660	97.898
Porthos	1	708661	97.8981
Portman	1	708662	97.8983
Possible	1	708663	97.8984
Possibly	1	708664	97.8985
Pothead	1	708665	97.8987
Poubelle	1	708666	97.8988
Pover	1	708667	97.8989
Power	1	708668	97.8991
Powered	1	708669	97.8992
Praeses	1	708670	97.8994
Praxis	1	708671	97.8995
Pre	1	708672	97.8996
Predrink	1	708673	97.8998
Presque	1	708674	97.8999
Pretty	1	708675	97.9001
Prezi	1	708676	97.9002
Primaat	1	708677	97.9003
Primark	1	708678	97.9005
Primperan	1	708679	97.9006
Prinsengracht	1	708680	97.9007
Prinsenhofke	1	708681	97.9009
Priscilla	1	708682	97.901
Pro	1	708683	97.9012
Programs	1	708684	97.9013
Pronk	1	708685	97.9014
Props	1	708686	97.9016
Prospects	1	708687	97.9017
ProxiClub	1	708688	97.9019
Prutsbedrijf	1	708689	97.902
Pröpper	1	708690	97.9021
Psy	1	708691	97.9023
Psychology	1	708692	97.9024
Psydirect	1	708693	97.9025
Pt	1	708694	97.9027
Pubquiz	1	708695	97.9028
Pues	1	708696	97.903
Pukkelpopperen	1	708697	97.9031
Pune	1	708698	97.9032
Punt	1	708699	97.9034
Purely	1	708700	97.9035
Purple	1	708701	97.9036
Push	1	708702	97.9038
Pussy	1	708703	97.9039
Pv	1	708704	97.9041
PvdA	1	708705	97.9042
Pwnd	1	708706	97.9043
Python	1	708707	97.9045
Pód	1	708708	97.9046
QYFLXZ	1	708709	97.9048
Qatar	1	708710	97.9049
Qp	1	708711	97.905
Qq	1	708712	97.9052
Qu	1	708713	97.9053
Quack	1	708714	97.9054
Quaijtaal	1	708715	97.9056
Quand	1	708716	97.9057
Quest	1	708717	97.9059
Questura	1	708718	97.906
Quiet	1	708719	97.9061
Quinten	1	708720	97.9063
R+S	1	708721	97.9064
RAW	1	708722	97.9065
RELAX	1	708723	97.9067
REM	1	708724	97.9068
REN	1	708725	97.907
RG-JL	1	708726	97.9071
RIGHT	1	708727	97.9072
RKC	1	708728	97.9074
RLN	1	708729	97.9075
RSCA	1	708730	97.9077
RSI	1	708731	97.9078
RT's	1	708732	97.9079
RTL	1	708733	97.9081
RVS	1	708734	97.9082
RVV	1	708735	97.9083
Raad	1	708736	97.9085
Raarr	1	708737	97.9086
Raats	1	708738	97.9088
Raba	1	708739	97.9089
Rabbits	1	708740	97.909
Rabobank	1	708741	97.9092
Race	1	708742	97.9093
Racebaan	1	708743	97.9094
Rachid	1	708744	97.9096
Rademaker	1	708745	97.9097
Radha	1	708746	97.9099
Raimondi	1	708747	97.91
Rain	1	708748	97.9101
Rakoczi	1	708749	97.9103
Rallycrash	1	708750	97.9104
Ramnicu	1	708751	97.9106
Ramona	1	708752	97.9107
Rampelberg	1	708753	97.9108
Randstadrail	1	708754	97.911
Ranjabaas	1	708755	97.9111
Raphael	1	708756	97.9112
RapidShare	1	708757	97.9114
Rat	1	708758	97.9115
Rattus	1	708759	97.9117
Raving	1	708760	97.9118
Rdaal	1	708761	97.9119
Rdam	1	708762	97.9121
Reading	1	708763	97.9122
Realy	1	708764	97.9123
Rebecca	1	708765	97.9125
Reborn	1	708766	97.9126
Rechtenkantine	1	708767	97.9128
Recognition	1	708768	97.9129
Rectoraat	1	708769	97.913
Reeshof	1	708770	97.9132
Reflection	1	708771	97.9133
Refresh	1	708772	97.9135
Reinaert	1	708773	97.9136
Reinout	1	708774	97.9137
Reintjan	1	708775	97.9139
Reita	1	708776	97.914
Remmie	1	708777	97.9141
Renate	1	708778	97.9143
Rene	1	708779	97.9144
Reneekeee	1	708780	97.9146
Renesse	1	708781	97.9147
Renk	1	708782	97.9148
Renkema	1	708783	97.915
Resident	1	708784	97.9151
Resistance	1	708785	97.9153
Restrepo	1	708786	97.9154
Retecool	1	708787	97.9155
RevieElaba	1	708788	97.9157
Rex	1	708789	97.9158
ReyBen	1	708790	97.9159
Reykjavik	1	708791	97.9161
Reynier	1	708792	97.9162
Rhee	1	708793	97.9164
Rhune	1	708794	97.9165
Rhymz	1	708795	97.9166
Richards	1	708796	97.9168
Richelieu	1	708797	97.9169
Ridder	1	708798	97.917
Rider	1	708799	97.9172
Riezebos	1	708800	97.9173
Riga	1	708801	97.9175
Riiight	1	708802	97.9176
Rijnmondnet	1	708803	97.9177
Rijwielen	1	708804	97.9179
Rikki	1	708805	97.918
Ring	1	708806	97.9182
Ringo	1	708807	97.9183
Rini	1	708808	97.9184
Rishika	1	708809	97.9186
Ristorante	1	708810	97.9187
Rita	1	708811	97.9188
Ritchy	1	708812	97.919
Riva	1	708813	97.9191
Rkc-nec	1	708814	97.9193
Rlx	1	708815	97.9194
Rob's	1	708816	97.9195
Robben	1	708817	97.9197
Robinson	1	708818	97.9198
Robots	1	708819	97.9199
Robso	1	708820	97.9201
Rocket	1	708821	97.9202
Rodez	1	708822	97.9204
Rodrico	1	708823	97.9205
Roeland	1	708824	97.9206
Roelandje	1	708825	97.9208
Roelvink	1	708826	97.9209
Roemeense	1	708827	97.9211
Roer	1	708828	97.9212
Roffa	1	708829	97.9213
Rogier	1	708830	97.9215
Roi	1	708831	97.9216
Rolsbeef	1	708832	97.9217
Rom	1	708833	97.9219
Romcom	1	708834	97.922
Romy	1	708835	97.9222
Ronse	1	708836	97.9223
Roose	1	708837	97.9224
Roosmarijn	1	708838	97.9226
Rooty	1	708839	97.9227
Rooyen	1	708840	97.9228
Rosanna	1	708841	97.923
Rosebier(a)	1	708842	97.9231
Roskilde	1	708843	97.9233
Rosmalen	1	708844	97.9234
Roswitha	1	708845	97.9235
Roti	1	708846	97.9237
Rottnan	1	708847	97.9238
Rouck	1	708848	97.924
Rouge	1	708849	97.9241
Roze	1	708850	97.9242
Rozenstraat	1	708851	97.9244
Rozier	1	708852	97.9245
Rs	1	708853	97.9246
Ru	1	708854	97.9248
Rubbie	1	708855	97.9249
Rubin	1	708856	97.9251
Rudebox	1	708857	97.9252
Rudiboy	1	708858	97.9253
Rue	1	708859	97.9255
Ruiz	1	708860	97.9256
Rum	1	708861	97.9257
Rummi	1	708862	97.9259
Running	1	708863	97.926
Rus	1	708864	97.9262
Russel	1	708865	97.9263
Rut	1	708866	97.9264
Rutgers	1	708867	97.9266
Rutte	1	708868	97.9267
Ruyterweg	1	708869	97.9269
RvC	1	708870	97.927
Rva	1	708871	97.9271
Rvc	1	708872	97.9273
Ryanair	1	708873	97.9274
Ryckevelde	1	708874	97.9275
Rye	1	708875	97.9277
Rûtgęr	1	708876	97.9278
SA	1	708877	97.928
SAP	1	708878	97.9281
SATA	1	708879	97.9282
SBM	1	708880	97.9284
SF	1	708881	97.9285
SGV	1	708882	97.9287
SHINEN	1	708883	97.9288
SHOT	1	708884	97.9289
SKI	1	708885	97.9291
SL	1	708886	97.9292
SLO	1	708887	97.9293
SLs	1	708888	97.9295
SMAK	1	708889	97.9296
SMK	1	708890	97.9298
SNEEUWBALLENGEVECHT	1	708891	97.9299
SNL	1	708892	97.93
SNS	1	708893	97.9302
SORRY	1	708894	97.9303
SPC	1	708895	97.9304
SS	1	708896	97.9306
ST	1	708897	97.9307
START	1	708898	97.9309
STEM	1	708899	97.931
STOND	1	708900	97.9311
STORE	1	708901	97.9313
SUPERNICE	1	708902	97.9314
SV	1	708903	97.9316
SW	1	708904	97.9317
Saab	1	708905	97.9318
Saario	1	708906	97.932
Sacre	1	708907	97.9321
Saerkin	1	708908	97.9322
Safari	1	708909	97.9324
Safe	1	708910	97.9325
Saimah	1	708911	97.9327
Saint-Barthélemy	1	708912	97.9328
Sainte-Catherine	1	708913	97.9329
Sale	1	708914	97.9331
Salix	1	708915	97.9332
Salut	1	708916	97.9333
Salzburg	1	708917	97.9335
Sambuca	1	708918	97.9336
Samedi	1	708919	97.9338
Sammy	1	708920	97.9339
Samos	1	708921	97.934
Samurai	1	708922	97.9342
Sandeep	1	708923	97.9343
Sanders	1	708924	97.9345
Sandrines	1	708925	97.9346
Sanex	1	708926	97.9347
Sanquin	1	708927	97.9349
Santé	1	708928	97.935
Saphire	1	708929	97.9351
Saraswat	1	708930	97.9353
Sardinie	1	708931	97.9354
Sarie	1	708932	97.9356
Sas	1	708933	97.9357
Saul	1	708934	97.9358
Schaap	1	708935	97.936
Schaarsbergen	1	708936	97.9361
Schapke	1	708937	97.9362
Schapos	1	708938	97.9364
Schate	1	708939	97.9365
Schellekens	1	708940	97.9367
Schijfstraat	1	708941	97.9368
Schilde	1	708942	97.9369
Schmalholz	1	708943	97.9371
Schollen	1	708944	97.9372
Schon	1	708945	97.9374
Schoonbro	1	708946	97.9375
Schoonenberg	1	708947	97.9376
Schoot	1	708948	97.9378
Schotenees	1	708949	97.9379
Schotten	1	708950	97.938
Schrandere	1	708951	97.9382
Schreuder	1	708952	97.9383
Schrijfwijzer	1	708953	97.9385
Schroeder	1	708954	97.9386
Schtudie	1	708955	97.9387
Schumacher	1	708956	97.9389
Schwester	1	708957	97.939
Scrabble-woord	1	708958	97.9391
Scriptieq	1	708959	97.9393
Sea	1	708960	97.9394
Sebas	1	708961	97.9396
Secret	1	708962	97.9397
Seedorf	1	708963	97.9398
Seeger	1	708964	97.94
Seeing	1	708965	97.9401
Seen	1	708966	97.9403
Seg	1	708967	97.9404
Sein	1	708968	97.9405
Semi-snel	1	708969	97.9407
Senaatzaal	1	708970	97.9408
Seni	1	708971	97.9409
Sens	1	708972	97.9411
Sensis	1	708973	97.9412
Sephardic	1	708974	97.9414
Sera	1	708975	97.9415
Serais	1	708976	97.9416
Serj	1	708977	97.9418
Serra	1	708978	97.9419
Services	1	708979	97.9421
Servië	1	708980	97.9422
Sessions	1	708981	97.9423
Several	1	708982	97.9425
Sex	1	708983	97.9426
Sexy	1	708984	97.9427
Sgoed	1	708985	97.9429
Shakespeare	1	708986	97.943
Shaketime	1	708987	97.9432
Shame	1	708988	97.9433
Share-mail	1	708989	97.9434
Sharpe	1	708990	97.9436
Sheldon	1	708991	97.9437
Shipoopi	1	708992	97.9438
Shirley	1	708993	97.944
Shittyness	1	708994	97.9441
Shivaji	1	708995	97.9443
Shmoezel	1	708996	97.9444
Shock	1	708997	97.9445
Shocking	1	708998	97.9447
Shooter	1	708999	97.9448
Shop	1	709000	97.945
Shopke	1	709001	97.9451
Short	1	709002	97.9452
Shot	1	709003	97.9454
Shouldnt	1	709004	97.9455
Shouwert	1	709005	97.9456
Sicko	1	709006	97.9458
Sid	1	709007	97.9459
Side	1	709008	97.9461
Sie	1	709009	97.9462
Siebe	1	709010	97.9463
Siem	1	709011	97.9465
Sienna	1	709012	97.9466
Sigh	1	709013	97.9467
Sights	1	709014	97.9469
Sijssele	1	709015	97.947
Sil	1	709016	97.9472
Silence	1	709017	97.9473
Silent	1	709018	97.9474
Silke	1	709019	97.9476
Silly	1	709020	97.9477
Silvasy	1	709021	97.9479
Silvia	1	709022	97.948
Silvio	1	709023	97.9481
Sim	1	709024	97.9483
SimS	1	709025	97.9484
Simpelveld	1	709026	97.9485
Sin	1	709027	97.9487
Since	1	709028	97.9488
Sincerely	1	709029	97.949
Singstar	1	709030	97.9491
Singstarmadness	1	709031	97.9492
Sinkel	1	709032	97.9494
Sint-Baafsplein	1	709033	97.9495
Sinterklaaspuzzel	1	709034	97.9496
Sion	1	709035	97.9498
Sioux	1	709036	97.9499
Six	1	709037	97.9501
Sja	1	709038	97.9502
Sjeeeiiiiitttt	1	709039	97.9503
Sjef	1	709040	97.9505
Sjite	1	709041	97.9506
Sjorlot	1	709042	97.9508
Sjrlt	1	709043	97.9509
Sjttt	1	709044	97.951
Skaajp	1	709045	97.9512
Skarsgårds	1	709046	97.9513
Skattie	1	709047	97.9514
Skippy	1	709048	97.9516
Skypen	1	709049	97.9517
Skypie	1	709050	97.9519
Skyrim	1	709051	97.952
Slaapmuts	1	709052	97.9521
Slaapwelkus	1	709053	97.9523
Slagerij	1	709054	97.9524
Slappen	1	709055	97.9525
Slavenkoor	1	709056	97.9527
Sleep	1	709057	97.9528
Sliep	1	709058	97.953
Slobbe	1	709059	97.9531
Sloef	1	709060	97.9532
Slovenie	1	709061	97.9534
Slowakije	1	709062	97.9535
Slu	1	709063	97.9537
Sluutjes.to	1	709064	97.9538
Smakkkk	1	709065	97.9539
Smoke	1	709066	97.9541
Smyt	1	709067	97.9542
Snakes	1	709068	97.9543
Sneaky	1	709069	97.9545
Snix	1	709070	97.9546
Snol	1	709071	97.9548
Snookie	1	709072	97.9549
Snuggle-snuggle	1	709073	97.955
SoNaR	1	709074	97.9552
Soeriadie	1	709075	97.9553
Soerijadi	1	709076	97.9555
Sofia	1	709077	97.9556
Softballijnen	1	709078	97.9557
Software	1	709079	97.9559
Sogeti	1	709080	97.956
Soit	1	709081	97.9561
Solapur	1	709082	97.9563
Solar	1	709083	97.9564
Soldaat	1	709084	97.9566
Somashekara	1	709085	97.9567
Sombero	1	709086	97.9568
Sombrero	1	709087	97.957
Somebody	1	709088	97.9571
Somers	1	709089	97.9572
Sometime	1	709090	97.9574
Son	1	709091	97.9575
Songfestival	1	709092	97.9577
Sonsbeek	1	709093	97.9578
Sophie's	1	709094	97.9579
Sorpigal	1	709095	97.9581
Sorrx	1	709096	97.9582
Sorrysorry	1	709097	97.9584
Sort	1	709098	97.9585
Sory	1	709099	97.9586
Soundos	1	709100	97.9588
Soundsystem	1	709101	97.9589
Souplounge	1	709102	97.959
Source	1	709103	97.9592
South	1	709104	97.9593
Southampton	1	709105	97.9595
Sow	1	709106	97.9596
Soziales	1	709107	97.9597
Spa	1	709108	97.9599
Spaarkas	1	709109	97.96
Spanned	1	709110	97.9601
Sparks	1	709111	97.9603
Speakers	1	709112	97.9604
Speaks	1	709113	97.9606
Speech	1	709114	97.9607
Speeches	1	709115	97.9608
Speed	1	709116	97.961
Speedo	1	709117	97.9611
Spelen	1	709118	97.9613
Spielberg	1	709119	97.9614
Spielburg	1	709120	97.9615
Spijk	1	709121	97.9617
Spijkenisse	1	709122	97.9618
Spijker	1	709123	97.9619
Spijkers	1	709124	97.9621
Spinaci	1	709125	97.9622
Spongebob	1	709126	97.9624
Spoor	1	709127	97.9625
Sport	1	709128	97.9626
Sportiom	1	709129	97.9628
Sporza	1	709130	97.9629
Spotify.com	1	709131	97.963
Spring	1	709132	97.9632
Springsteen	1	709133	97.9633
Spyker	1	709134	97.9635
St-Pere	1	709135	97.9636
Staats	1	709136	97.9637
Stadsk	1	709137	97.9639
Stadspark	1	709138	97.964
Stalles	1	709139	97.9642
Stan	1	709140	97.9643
Stanford	1	709141	97.9644
Stapel	1	709142	97.9646
Startbbq	1	709143	97.9647
Starting	1	709144	97.9648
Station	1	709145	97.965
Stau	1	709146	97.9651
Stayokay	1	709147	97.9653
Steen	1	709148	97.9654
Steffi	1	709149	97.9655
Stein	1	709150	97.9657
Stekkie	1	709151	97.9658
Stelebos	1	709152	97.9659
Stephen	1	709153	97.9661
Steunkous	1	709154	97.9662
Stevenzandsestraat	1	709155	97.9664
Steyaert	1	709156	97.9665
Stienstra	1	709157	97.9666
Stientje	1	709158	97.9668
Stier	1	709159	97.9669
Stig's	1	709160	97.9671
Stille	1	709161	97.9672
Sting	1	709162	97.9673
Stoepa	1	709163	97.9675
Stones	1	709164	97.9676
Stoploss	1	709165	97.9677
Stoptrein	1	709166	97.9679
Storme	1	709167	97.968
Story	1	709168	97.9682
Streel	1	709169	97.9683
Streets	1	709170	97.9684
Streetview	1	709171	97.9686
Stressssss	1	709172	97.9687
Structure	1	709173	97.9689
StructuurCie	1	709174	97.969
Struin	1	709175	97.9691
Stu	1	709176	97.9693
Student	1	709177	97.9694
Studentenov	1	709178	97.9695
Stufkens	1	709179	97.9697
Stuttgart	1	709180	97.9698
Su	1	709181	97.97
Succeskus	1	709182	97.9701
Sugar	1	709183	97.9702
Sultan	1	709184	97.9704
Summeren	1	709185	97.9705
Sunset	1	709186	97.9706
SuperTux	1	709187	97.9708
Superartikel	1	709188	97.9709
Superdikke	1	709189	97.9711
Superdry	1	709190	97.9712
Supertux	1	709191	97.9713
Suriname	1	709192	97.9715
Surprise	1	709193	97.9716
Suusj	1	709194	97.9718
Swank	1	709195	97.9719
Sweat	1	709196	97.972
Sweden	1	709197	97.9722
Swift	1	709198	97.9723
Swing	1	709199	97.9724
Swissair	1	709200	97.9726
Swoon	1	709201	97.9727
Syb	1	709202	97.9729
Sybo's	1	709203	97.973
Sylvia	1	709204	97.9731
Symbian	1	709205	97.9733
System	1	709206	97.9734
Sziget	1	709207	97.9735
Szilagyi	1	709208	97.9737
Süden	1	709209	97.9738
Süsse	1	709210	97.974
T-mobile	1	709211	97.9741
T-zuid	1	709212	97.9742
T.C.	1	709213	97.9744
TB	1	709214	97.9745
TC	1	709215	97.9747
THEUSUALSUSPECTS	1	709216	97.9748
TIS	1	709217	97.9749
TMobile	1	709218	97.9751
TNO-terrein	1	709219	97.9752
TNT	1	709220	97.9753
TODO's	1	709221	97.9755
TPC's	1	709222	97.9756
TS	1	709223	97.9758
TU-wijk	1	709224	97.9759
TVproductie	1	709225	97.976
TWBA	1	709226	97.9762
TX	1	709227	97.9763
TYP	1	709228	97.9764
Tack	1	709229	97.9766
Tag	1	709230	97.9767
Tak	1	709231	97.9769
Talented	1	709232	97.977
Tamara	1	709233	97.9771
Tamme	1	709234	97.9773
Tango	1	709235	97.9774
Tanthof	1	709236	97.9776
Taste	1	709237	97.9777
Tatanus	1	709238	97.9778
Tau	1	709239	97.978
Tburg	1	709240	97.9781
Tchaikovsky	1	709241	97.9782
Team	1	709242	97.9784
Teas	1	709243	97.9785
Telegraaf	1	709244	97.9787
Tempelier	1	709245	97.9788
Tempo	1	709246	97.9789
Ten-ish	1	709247	97.9791
Tenacious	1	709248	97.9792
Tenk	1	709249	97.9794
Terminal	1	709250	97.9795
Tervuursestraat	1	709251	97.9796
Tessa's	1	709252	97.9798
Tetris	1	709253	97.9799
Texel	1	709254	97.98
Text	1	709255	97.9802
Tging	1	709256	97.9803
Thaha	1	709257	97.9805
Thakkar	1	709258	97.9806
Thamel	1	709259	97.9807
Thankz	1	709260	97.9809
TheBeautyAndTheNerd	1	709261	97.981
Thea	1	709262	97.9811
Thea's	1	709263	97.9813
Theory	1	709264	97.9814
Theres	1	709265	97.9816
Thesis	1	709266	97.9817
Thi	1	709267	97.9818
Thiers	1	709268	97.982
Thoughts	1	709269	97.9821
Thunderbird	1	709270	97.9823
Thunderbolt	1	709271	97.9824
Thuuh	1	709272	97.9825
Tia	1	709273	97.9827
Tielt	1	709274	97.9828
Tiemen	1	709275	97.9829
Tiens	1	709276	97.9831
Ties	1	709277	97.9832
Tiff	1	709278	97.9834
Tiger	1	709279	97.9835
Tijd	1	709280	97.9836
Til	1	709281	97.9838
Tilbo-zender	1	709282	97.9839
Tilburger	1	709283	97.984
Tilburgers	1	709284	97.9842
Tilburgians	1	709285	97.9843
Tillybilly	1	709286	97.9845
TimPa	1	709287	97.9846
Timbl	1	709288	97.9847
Time's	1	709289	97.9849
Timmooooooooooooooooooooooooooooooos	1	709290	97.985
Tink	1	709291	97.9852
Tiring	1	709292	97.9853
Tirol	1	709293	97.9854
Tit	1	709294	97.9856
Tiwaz	1	709295	97.9857
Tjakaa	1	709296	97.9858
Tjalle	1	709297	97.986
Tjoc	1	709298	97.9861
Tleek	1	709299	97.9863
Today	1	709300	97.9864
Toelaat	1	709301	97.9865
Toer	1	709302	97.9867
Tofu	1	709303	97.9868
Ton	1	709304	97.9869
Tony	1	709305	97.9871
Toodeloo	1	709306	97.9872
Tooty	1	709307	97.9874
Torhout	1	709308	97.9875
Torre	1	709309	97.9876
Tot	1	709310	97.9878
Tot.woe.dan	1	709311	97.9879
Totally	1	709312	97.9881
Touring	1	709313	97.9882
Tours	1	709314	97.9883
Tout	1	709315	97.9885
Tower	1	709316	97.9886
Towers	1	709317	97.9887
Track	1	709318	97.9889
Traffic	1	709319	97.989
Train	1	709320	97.9892
Trains	1	709321	97.9893
Transporten	1	709322	97.9894
Trash	1	709323	97.9896
Travel	1	709324	97.9897
Traveler's	1	709325	97.9898
Trein	1	709326	97.99
Trinkgut	1	709327	97.9901
Triple	1	709328	97.9903
Troelstra	1	709329	97.9904
Trojan	1	709330	97.9905
Trudy	1	709331	97.9907
Trui	1	709332	97.9908
Trws	1	709333	97.991
Träume	1	709334	97.9911
Tsjechië	1	709335	97.9912
Tssss	1	709336	97.9914
Tssssss	1	709337	97.9915
Tsssssss	1	709338	97.9916
Tty	1	709339	97.9918
Tuk	1	709340	97.9919
Turk	1	709341	97.9921
Turkije	1	709342	97.9922
Turks	1	709343	97.9923
Turnhout	1	709344	97.9925
Turtles	1	709345	97.9926
Tuur	1	709346	97.9928
Tuurlyk	1	709347	97.9929
TvA	1	709348	97.993
Tvalt	1	709349	97.9932
Twan	1	709350	97.9933
Twas	1	709351	97.9934
Twee	1	709352	97.9936
Tweemolentjeskade	1	709353	97.9937
Tweer	1	709354	97.9939
Two	1	709355	97.994
Tyler	1	709356	97.9941
Typical	1	709357	97.9943
Tzal	1	709358	97.9944
Tze	1	709359	97.9945
U-bahn	1	709360	97.9947
U-town	1	709361	97.9948
UK	1	709362	97.995
UNITED	1	709363	97.9951
URL	1	709364	97.9952
USA	1	709365	97.9954
USBstick	1	709366	97.9955
UTP	1	709367	97.9957
Uhhu	1	709368	97.9958
Uhuh	1	709369	97.9959
Uil	1	709370	97.9961
Uitzendburo	1	709371	97.9962
Ull	1	709372	97.9963
Um	1	709373	97.9965
Umi	1	709374	97.9966
Umleitung	1	709375	97.9968
Unda	1	709376	97.9969
Unexpected	1	709377	97.997
Ungenau	1	709378	97.9972
Uni	1	709379	97.9973
Unreal	1	709380	97.9974
Untill	1	709381	97.9976
Update	1	709382	97.9977
Upload	1	709383	97.9979
Urgh	1	709384	97.998
Ut	1	709385	97.9981
Utreg	1	709386	97.9983
UvT-medewerker	1	709387	97.9984
Uxio	1	709388	97.9986
Uyttenhove	1	709389	97.9987
VARs	1	709390	97.9988
VED	1	709391	97.999
VI	1	709392	97.9991
VIPruimte	1	709393	97.9992
VOF	1	709394	97.9994
VSC	1	709395	97.9995
VVD	1	709396	97.9997
VVH-Beach	1	709397	97.9998
Vaderdag	1	709398	97.9999
Valcea	1	709399	98.0001
Valentine	1	709400	98.0002
Valentine's	1	709401	98.0003
Vampire	1	709402	98.0005
Vanav	1	709403	98.0006
VandeWouw	1	709404	98.0008
Vandepitte	1	709405	98.0009
Vanilla	1	709406	98.001
Vanja	1	709407	98.0012
Varsha	1	709408	98.0013
Vatos	1	709409	98.0015
Vdab	1	709410	98.0016
VeT	1	709411	98.0017
Veghel	1	709412	98.0019
Veldhoven	1	709413	98.002
Veldstraat	1	709414	98.0021
Velserbroek	1	709415	98.0023
Veluwe	1	709416	98.0024
Venetië	1	709417	98.0026
Veni	1	709418	98.0027
Verbiest	1	709419	98.0028
Verboven	1	709420	98.003
Verjaardagskado	1	709421	98.0031
Verjaardagskus	1	709422	98.0032
Verlinken	1	709423	98.0034
Vermeersch	1	709424	98.0035
Vernimmen	1	709425	98.0037
Veronica	1	709426	98.0038
Veronika	1	709427	98.0039
Veronique	1	709428	98.0041
Veroniques	1	709429	98.0042
Verre	1	709430	98.0044
Verstand	1	709431	98.0045
Vesper	1	709432	98.0046
Vest	1	709433	98.0048
Veto	1	709434	98.0049
Vettel	1	709435	98.005
Veul	1	709436	98.0052
Veys	1	709437	98.0053
Vezelay	1	709438	98.0055
Vianen	1	709439	98.0056
Viavia	1	709440	98.0057
Vic	1	709441	98.0059
Vici-microfoon	1	709442	98.006
Vico	1	709443	98.0062
Victoire	1	709444	98.0063
Vida	1	709445	98.0064
Vienna	1	709446	98.0066
Vier	1	709447	98.0067
Vierdaagse	1	709448	98.0068
View	1	709449	98.007
Viki	1	709450	98.0071
Village	1	709451	98.0073
Vin	1	709452	98.0074
Vinayak	1	709453	98.0075
Vince	1	709454	98.0077
Vinci	1	709455	98.0078
Violin	1	709456	98.0079
Virguine	1	709457	98.0081
Visa	1	709458	98.0082
Vishandel	1	709459	98.0084
Visscher	1	709460	98.0085
Visual	1	709461	98.0086
Visum	1	709462	98.0088
Vitula	1	709463	98.0089
Vivian	1	709464	98.0091
Vlaamsche	1	709465	98.0092
Vlaamse	1	709466	98.0093
Vlasmarkt	1	709467	98.0095
Vliet	1	709468	98.0096
Vlucht	1	709469	98.0097
Vnj	1	709470	98.0099
Vo	1	709471	98.01
Voetbalkrant.com	1	709472	98.0102
Voetgolf	1	709473	98.0103
Voicecontrol	1	709474	98.0104
Volkel	1	709475	98.0106
Volkswagen	1	709476	98.0107
Volterra	1	709477	98.0108
Voort	1	709478	98.011
Vosje	1	709479	98.0111
Vossenveld	1	709480	98.0113
Voyage	1	709481	98.0114
Vr.	1	709482	98.0115
Vredeplein	1	709483	98.0117
Vreedeplein	1	709484	98.0118
VriendJE	1	709485	98.012
Vriezen	1	709486	98.0121
Vughterstraat	1	709487	98.0122
Vultures	1	709488	98.0124
Vuurspuwen	1	709489	98.0125
VvH	1	709490	98.0126
Värmland	1	709491	98.0128
Vättern-meer	1	709492	98.0129
WA	1	709493	98.0131
WAAAAUW	1	709494	98.0132
WAAROM	1	709495	98.0133
WAARSCHUWING	1	709496	98.0135
WALKED	1	709497	98.0136
WB	1	709498	98.0137
WC-rolhouder	1	709499	98.0139
WEST	1	709500	98.014
WHORE	1	709501	98.0142
WILL	1	709502	98.0143
WJNMK	1	709503	98.0144
WK	1	709504	98.0146
WO	1	709505	98.0147
WOOHOO	1	709506	98.0149
WSC	1	709507	98.015
WWW	1	709508	98.0151
WWW.brasserieappelmans.be	1	709509	98.0153
WaLe	1	709510	98.0154
Waaaaaat	1	709511	98.0155
Waaaarggh	1	709512	98.0157
Waaat	1	709513	98.0158
Waakwijk	1	709514	98.016
Waal	1	709515	98.0161
Wad	1	709516	98.0162
Wadan	1	709517	98.0164
Wadden	1	709518	98.0165
Waddinxveen	1	709519	98.0166
Wah	1	709520	98.0168
Wai	1	709521	98.0169
Waitress	1	709522	98.0171
Wakker	1	709523	98.0172
Wales	1	709524	98.0173
Walibi	1	709525	98.0175
Walked	1	709526	98.0176
Walking	1	709527	98.0178
Walle-Dunn	1	709528	98.0179
Wandelze	1	709529	98.018
Wanne	1	709530	98.0182
Watch	1	709531	98.0183
Watcha	1	709532	98.0184
Watched	1	709533	98.0186
Wauw	1	709534	98.0187
Waw	1	709535	98.0189
Waynehead	1	709536	98.019
Wearing	1	709537	98.0191
Week	1	709538	98.0193
Weerwolven	1	709539	98.0194
Weil	1	709540	98.0196
Weird	1	709541	98.0197
Weis	1	709542	98.0198
Weja	1	709543	98.02
Welderenstr	1	709544	98.0201
Welt	1	709545	98.0202
Wendel	1	709546	98.0204
Went	1	709547	98.0205
Weren't	1	709548	98.0207
Werf	1	709549	98.0208
Werkweek	1	709550	98.0209
Wes	1	709551	98.0211
Weski	1	709552	98.0212
West-Vlaanderen	1	709553	98.0213
West-Vlamingen	1	709554	98.0215
West-afspraak	1	709555	98.0216
Westerman	1	709556	98.0218
Westmalle	1	709557	98.0219
Wet	1	709558	98.022
Whaaa	1	709559	98.0222
Whatever	1	709560	98.0223
WhatsAppen	1	709561	98.0225
Wheels	1	709562	98.0226
Whenever	1	709563	98.0227
Wheres	1	709564	98.0229
Whiii	1	709565	98.023
Whistler	1	709566	98.0231
White	1	709567	98.0233
Whoa	1	709568	98.0234
WiFi	1	709569	98.0236
Wibra	1	709570	98.0237
Wicked	1	709571	98.0238
Widerik	1	709572	98.024
Wielewaal	1	709573	98.0241
Wien	1	709574	98.0242
Wienerhaus	1	709575	98.0244
Wieringa	1	709576	98.0245
Wiewatbewaardheeftwat	1	709577	98.0247
Wife	1	709578	98.0248
Wijgerde	1	709579	98.0249
Wilco	1	709580	98.0251
Wilders	1	709581	98.0252
Wilfred	1	709582	98.0254
Wilhart	1	709583	98.0255
Will.be	1	709584	98.0256
Willemijn	1	709585	98.0258
William	1	709586	98.0259
Willie	1	709587	98.026
Wimmel	1	709588	98.0262
Win	1	709589	98.0263
Wind	1	709590	98.0265
Windeke	1	709591	98.0266
Winfred	1	709592	98.0267
Winner	1	709593	98.0269
Winter	1	709594	98.027
With	1	709595	98.0271
Witteveen	1	709596	98.0273
Witz	1	709597	98.0274
Wizzair	1	709598	98.0276
Woehaa	1	709599	98.0277
Woerden	1	709600	98.0278
Woet	1	709601	98.028
Wok	1	709602	98.0281
Wolf's	1	709603	98.0283
Wolfram	1	709604	98.0284
Wolters	1	709605	98.0285
Wolverine	1	709606	98.0287
Women	1	709607	98.0288
Wonder	1	709608	98.0289
Wont	1	709609	98.0291
Woods	1	709610	98.0292
Wooh	1	709611	98.0294
Woon	1	709612	98.0295
Woonia	1	709613	98.0296
Wooooh	1	709614	98.0298
Wop	1	709615	98.0299
Word	1	709616	98.03
Wordpress	1	709617	98.0302
Working	1	709618	98.0303
Wormux	1	709619	98.0305
Wouldn't	1	709620	98.0306
Wouldnt	1	709621	98.0307
Woushi	1	709622	98.0309
Wout	1	709623	98.031
Wouter.de	1	709624	98.0312
Wow	1	709625	98.0313
Wowie	1	709626	98.0314
Wst	1	709627	98.0316
Wull	1	709628	98.0317
Wunderbar	1	709629	98.0318
Wut	1	709630	98.032
Www.debestebinnenstad.nl	1	709631	98.0321
Wwwwaaaaaaaaahhhh	1	709632	98.0323
Wão	1	709633	98.0324
XDenise	1	709634	98.0325
XIII	1	709635	98.0327
XTC	1	709636	98.0328
XTREME	1	709637	98.033
XXXX	1	709638	98.0331
XXXXXXXXXX	1	709639	98.0332
XXXXXXXXXXXXXXX	1	709640	98.0334
XXXXXXXXXXXXXXXXXXXXXXXXX	1	709641	98.0335
XXXXXXXXXXXXXXXXXXXXXXXXXXXXXXXX	1	709642	98.0336
XXxXX	1	709643	98.0338
XXxXXXXXXXXXXXXXXXCC	1	709644	98.0339
XXxxxXXXXXXXXXXXXXX	1	709645	98.0341
Xanten	1	709646	98.0342
Xd	1	709647	98.0343
Xe	1	709648	98.0345
Xjah	1	709649	98.0346
Xjea	1	709650	98.0347
Xlau	1	709651	98.0349
Xmas	1	709652	98.035
Xoorhand	1	709653	98.0352
Xperia	1	709654	98.0353
Xtace	1	709655	98.0354
Xx+	1	709656	98.0356
XxXxXxX	1	709657	98.0357
Xxk	1	709658	98.0359
XxxxXxXXXXXXXXXXX	1	709659	98.036
Xz	1	709660	98.0361
Y	1	709661	98.0363
YA	1	709662	98.0364
YEEEESSSS	1	709663	98.0365
YESSS	1	709664	98.0367
YT	1	709665	98.0368
Ya	1	709666	98.037
Yaaaaaaay	1	709667	98.0371
Yan	1	709668	98.0372
Yard	1	709669	98.0374
Yasmien	1	709670	98.0375
Yasmin	1	709671	98.0376
Yeahhh	1	709672	98.0378
Yeay	1	709673	98.0379
Yeeeesssssss	1	709674	98.0381
Yeeesssss	1	709675	98.0382
Yeesssssss	1	709676	98.0383
Yeey	1	709677	98.0385
Yellow	1	709678	98.0386
Yess	1	709679	98.0388
Yichen	1	709680	98.0389
Yilmas	1	709681	98.039
Yoga-en	1	709682	98.0392
Yogi	1	709683	98.0393
Yohoo	1	709684	98.0394
Youp	1	709685	98.0396
Yours	1	709686	98.0397
Youth	1	709687	98.0399
Yowsa	1	709688	98.04
Yup	1	709689	98.0401
Yuri	1	709690	98.0403
Yvette	1	709691	98.0404
Z.	1	709692	98.0405
ZEC	1	709693	98.0407
ZIN	1	709694	98.0408
ZW-rsca	1	709695	98.041
ZZZZZZ	1	709696	98.0411
Zaagmans	1	709697	98.0412
Zap	1	709698	98.0414
Zarzuela	1	709699	98.0415
Zebbie	1	709700	98.0417
Zeeman	1	709701	98.0418
Zeist	1	709702	98.0419
Zen	1	709703	98.0421
Zenith	1	709704	98.0422
Zernike	1	709705	98.0423
Zeus	1	709706	98.0425
Zevenbergen	1	709707	98.0426
Zevenheuvelen	1	709708	98.0428
Zgn	1	709709	98.0429
Zichy	1	709710	98.043
Ziekenhuis	1	709711	98.0432
Zimbabwe	1	709712	98.0433
Zimmermann	1	709713	98.0434
Zingt	1	709714	98.0436
Zita	1	709715	98.0437
Zittert	1	709716	98.0439
Zombie	1	709717	98.044
Zomerfeesten	1	709718	98.0441
Zomibo	1	709719	98.0443
Zonnebrandcreme	1	709720	98.0444
Zonnetje	1	709721	98.0446
Zoom-Delft	1	709722	98.0447
Zorgmail	1	709723	98.0448
Zottin	1	709724	98.045
Zuid-Afrika	1	709725	98.0451
Zuiden	1	709726	98.0452
Zuidinga	1	709727	98.0454
Zum	1	709728	98.0455
Zwaait	1	709729	98.0457
Zweed	1	709730	98.0458
Zz	1	709731	98.0459
ZzZzZzZzZzZzZz	1	709732	98.0461
Zzz	1	709733	98.0462
Zürich	1	709734	98.0464
a's	1	709735	98.0465
a-building	1	709736	98.0466
a-holes	1	709737	98.0468
a-m	1	709738	98.0469
a.	1	709739	98.047
a.k.a.	1	709740	98.0472
a.lunshof@gmail.com	1	709741	98.0473
aa-meisje	1	709742	98.0475
aaaaaaaaaah	1	709743	98.0476
aaaaaaaah	1	709744	98.0477
aaaj	1	709745	98.0479
aacbben	1	709746	98.048
aad	1	709747	98.0481
aahn	1	709748	98.0483
aahnnja	1	709749	98.0484
aakomen	1	709750	98.0486
aal	1	709751	98.0487
aalbes	1	709752	98.0488
aam	1	709753	98.049
aamgesien	1	709754	98.0491
aamt	1	709755	98.0493
aan.Ik	1	709756	98.0494
aan.nu	1	709757	98.0495
aanbelanden	1	709758	98.0497
aanbeveling	1	709759	98.0498
aanbevelingsbrief	1	709760	98.0499
aanbouw	1	709761	98.0501
aanbranden	1	709762	98.0502
aanbreken	1	709763	98.0504
aanbrengen	1	709764	98.0505
aandachtzoeker	1	709765	98.0506
aandag	1	709766	98.0508
aandampen	1	709767	98.0509
aandat	1	709768	98.051
aandenken	1	709769	98.0512
aandoenlijk	1	709770	98.0513
aandurven	1	709771	98.0515
aangaan	1	709772	98.0516
aangaande	1	709773	98.0517
aangeboren	1	709774	98.0519
aangekomn	1	709775	98.052
aangeland	1	709776	98.0522
aangestaan	1	709777	98.0523
aangooien	1	709778	98.0524
aanhaken	1	709779	98.0526
aanhebben	1	709780	98.0527
aanhef	1	709781	98.0528
aanhoren	1	709782	98.053
aank	1	709783	98.0531
aankondiging	1	709784	98.0533
aankondigingsbord	1	709785	98.0534
aankoopbedrag	1	709786	98.0535
aankopen	1	709787	98.0537
aanlaten	1	709788	98.0538
aanleggen	1	709789	98.0539
aanliggen	1	709790	98.0541
aanlikkelijk	1	709791	98.0542
aanlokkelijk	1	709792	98.0544
aanlopen	1	709793	98.0545
aanmaaklimonade	1	709794	98.0546
aanmij	1	709795	98.0548
aanmoediging	1	709796	98.0549
aanmoest	1	709797	98.0551
aanpak	1	709798	98.0552
aanpassn	1	709799	98.0553
aanporren	1	709800	98.0555
aanrennen	1	709801	98.0556
aanschaf	1	709802	98.0557
aanslag	1	709803	98.0559
aanspreekbaar	1	709804	98.056
aanstaande	1	709805	98.0562
aanstalte	1	709806	98.0563
aansteek	1	709807	98.0564
aanstellen	1	709808	98.0566
aanstelling	1	709809	98.0567
aansturing	1	709810	98.0568
aant.in	1	709811	98.057
aantasten	1	709812	98.0571
aantikken	1	709813	98.0573
aantrekkelyk	1	709814	98.0574
aanvangen	1	709815	98.0575
aanverwant	1	709816	98.0577
aanvoerder	1	709817	98.0578
aanvreten	1	709818	98.058
aanvullen	1	709819	98.0581
aanwenden	1	709820	98.0582
aanwerven	1	709821	98.0584
aanwezg	1	709822	98.0585
aanwijsbaar	1	709823	98.0586
aanwzh	1	709824	98.0588
aanzicht	1	709825	98.0589
aanziet	1	709826	98.0591
aanzitten	1	709827	98.0592
aanzoek	1	709828	98.0593
aar	1	709829	98.0595
aardappeltoef	1	709830	98.0596
aardbeibak	1	709831	98.0598
aardbeiijs	1	709832	98.0599
aardbol	1	709833	98.06
aardr	1	709834	98.0602
aards	1	709835	98.0603
aarsworm	1	709836	98.0604
aartwolk	1	709837	98.0606
aba	1	709838	98.0607
ababnerd	1	709839	98.0609
abajour	1	709840	98.061
abbonement	1	709841	98.0611
abder	1	709842	98.0613
abenraa	1	709843	98.0614
abhijit	1	709844	98.0615
abn	1	709845	98.0617
abnormaal	1	709846	98.0618
abon	1	709847	98.062
abortus	1	709848	98.0621
above	1	709849	98.0622
abraham	1	709850	98.0624
abrahamstatus	1	709851	98.0625
abs	1	709852	98.0627
absiluut	1	709853	98.0628
absurdisme	1	709854	98.0629
absynthe	1	709855	98.0631
abu	1	709856	98.0632
ac	1	709857	98.0633
academiki	1	709858	98.0635
accept	1	709859	98.0636
accesspoint	1	709860	98.0638
accijns	1	709861	98.0639
acclimatiseren	1	709862	98.064
acco	1	709863	98.0642
accounten	1	709864	98.0643
accountmanager	1	709865	98.0644
accu-slurpen	1	709866	98.0646
accudent	1	709867	98.0647
accus	1	709868	98.0649
ace	1	709869	98.065
acer	1	709870	98.0651
acher	1	709871	98.0653
achjaaaa	1	709872	98.0654
achtendertig	1	709873	98.0656
achterblijven	1	709874	98.0657
achterbumper	1	709875	98.0658
achterbuur	1	709876	98.066
achtereen	1	709877	98.0661
achtergevel	1	709878	98.0662
achtergrond	1	709879	98.0664
achtergronddecoratie	1	709880	98.0665
achtergrondmuziek	1	709881	98.0667
achterhouden	1	709882	98.0668
achteringang	1	709883	98.0669
achterkomen	1	709884	98.0671
achterlate	1	709885	98.0672
achterlicht	1	709886	98.0673
achterlijle	1	709887	98.0675
achterlopen	1	709888	98.0676
achterlyke	1	709889	98.0678
achterna	1	709890	98.0679
achterruit	1	709891	98.068
achterst	1	709892	98.0682
achterstaan	1	709893	98.0683
achterstandswijk	1	709894	98.0685
achtertuin	1	709895	98.0686
achtervolgen	1	709896	98.0687
achterwege	1	709897	98.0689
achterwiel	1	709898	98.069
achting	1	709899	98.0691
achtrnaam	1	709900	98.0693
achyer	1	709901	98.0694
ack	1	709902	98.0696
acm	1	709903	98.0697
acne	1	709904	98.0698
acosts	1	709905	98.07
acquaintance	1	709906	98.0701
acte	1	709907	98.0702
acted	1	709908	98.0704
acteerles	1	709909	98.0705
actief-links	1	709910	98.0707
actiefilm	1	709911	98.0708
actimellekes	1	709912	98.0709
action	1	709913	98.0711
activities	1	709914	98.0712
actual	1	709915	98.0714
actueel	1	709916	98.0715
adaptor	1	709917	98.0716
addek	1	709918	98.0718
adder	1	709919	98.0719
adecco	1	709920	98.072
ademen	1	709921	98.0722
ademhalingsmonitor	1	709922	98.0723
ademruimte	1	709923	98.0725
adept	1	709924	98.0726
ader	1	709925	98.0727
aderpaar	1	709926	98.0729
adhd	1	709927	98.073
adjudant	1	709928	98.0732
admin	1	709929	98.0733
admin-sessie	1	709930	98.0734
admiraal	1	709931	98.0736
adopteren	1	709932	98.0737
adress	1	709933	98.0738
adreswijziging	1	709934	98.074
adrie	1	709935	98.0741
adult	1	709936	98.0743
adv	1	709937	98.0744
adventure	1	709938	98.0745
adverteren	1	709939	98.0747
advice	1	709940	98.0748
aedeen	1	709941	98.0749
aek	1	709942	98.0751
aeldinges	1	709943	98.0752
aero	1	709944	98.0754
af.hebben	1	709945	98.0755
afbeelden	1	709946	98.0756
afbestellen	1	709947	98.0758
afbetaling	1	709948	98.0759
afblazen	1	709949	98.0761
afbranden	1	709950	98.0762
afdak	1	709951	98.0763
afdalen	1	709952	98.0765
afdaling	1	709953	98.0766
afdrogen	1	709954	98.0767
afdruipen	1	709955	98.0769
afdruk	1	709956	98.077
afdwalen	1	709957	98.0772
afemhalen	1	709958	98.0773
affaire	1	709959	98.0774
affiniteit	1	709960	98.0776
afgesprokn	1	709961	98.0777
afgesprooen	1	709962	98.0778
afgetraind	1	709963	98.078
afgieten	1	709964	98.0781
afglijden	1	709965	98.0783
afhaalsinees	1	709966	98.0784
afhandeling	1	709967	98.0785
afhebben	1	709968	98.0787
afhouden	1	709969	98.0788
afk	1	709970	98.079
afkeuren	1	709971	98.0791
afkleden	1	709972	98.0792
afknapdag	1	709973	98.0794
afkoppelen	1	709974	98.0795
afkrijgen	1	709975	98.0796
afl	1	709976	98.0798
afl.	1	709977	98.0799
afleid	1	709978	98.0801
aflevertijd	1	709979	98.0802
aflezen	1	709980	98.0803
afmatten	1	709981	98.0805
afmelding	1	709982	98.0806
afmeten	1	709983	98.0807
afname	1	709984	98.0809
afnemen	1	709985	98.081
afpakken	1	709986	98.0812
afplakken	1	709987	98.0813
afprijsbak	1	709988	98.0814
afprinten	1	709989	98.0816
afraffelen	1	709990	98.0817
afraid	1	709991	98.0819
afrekenen	1	709992	98.082
afrekening	1	709993	98.0821
africhten	1	709994	98.0823
afrika-ritme	1	709995	98.0824
afrikaans	1	709996	98.0825
afrikalaan	1	709997	98.0827
afroepen	1	709998	98.0828
afrollen	1	709999	98.083
afscheidsborrel	1	710000	98.0831
afscheidscappuccino	1	710001	98.0832
afscheidsdiner	1	710002	98.0834
afscherm	1	710003	98.0835
afschijdsfeest	1	710004	98.0836
afschijdsparty	1	710005	98.0838
afschrijven	1	710006	98.0839
afschrijving	1	710007	98.0841
afschrikk	1	710008	98.0842
afsgesproken	1	710009	98.0843
afslaan	1	710010	98.0845
afsluiter	1	710011	98.0846
afsnijroute	1	710012	98.0848
afsnis	1	710013	98.0849
afspeuren	1	710014	98.085
afspraakplaats	1	710015	98.0852
afsprechn	1	710016	98.0853
afstandelijk	1	710017	98.0854
afstandelijkheid	1	710018	98.0856
afstandsbedienibg	1	710019	98.0857
afstandsbediening	1	710020	98.0859
afstempelen	1	710021	98.086
afstotelijk	1	710022	98.0861
afstraal	1	710023	98.0863
afsturen	1	710024	98.0864
aftaaien	1	710025	98.0866
aftakelen	1	710026	98.0867
afterbreakfastdip	1	710027	98.0868
aftersun	1	710028	98.087
aftrap	1	710029	98.0871
aftrek	1	710030	98.0872
aftrekke	1	710031	98.0874
aftrekken	1	710032	98.0875
afval	1	710033	98.0877
afvoer	1	710034	98.0878
afvoeren	1	710035	98.0879
afw	1	710036	98.0881
afwasborstel	1	710037	98.0882
afwasmachine	1	710038	98.0883
afwasservice	1	710039	98.0885
afwegen	1	710040	98.0886
afweging	1	710041	98.0888
afwenden	1	710042	98.0889
afwijsachtig	1	710043	98.089
afwijzen	1	710044	98.0892
afwikkeling	1	710045	98.0893
afwisselen	1	710046	98.0895
afzegd	1	710047	98.0896
afzender	1	710048	98.0897
afzet	1	710049	98.0899
afzijdig	1	710050	98.09
afzonderlijk	1	710051	98.0901
aged	1	710052	98.0903
agence	1	710053	98.0904
agendaplanning	1	710054	98.0906
aggressive	1	710055	98.0907
agowe	1	710056	98.0908
agree	1	710057	98.091
agressief	1	710058	98.0911
ah-bord	1	710059	98.0912
ah.nl	1	710060	98.0914
ahaaaaaaaa	1	710061	98.0915
ahdat	1	710062	98.0917
ahead	1	710063	98.0918
ahh	1	710064	98.0919
ahn	1	710065	98.0921
ahnanatsiesienamooo	1	710066	98.0922
ahoi	1	710067	98.0924
ahoj	1	710068	98.0925
ahum	1	710069	98.0926
ahzu	1	710070	98.0928
aid	1	710071	98.0929
aight	1	710072	98.093
aiki	1	710073	98.0932
ailoli	1	710074	98.0933
aime	1	710075	98.0935
airconditioning	1	710076	98.0936
airstop	1	710077	98.0937
airway	1	710078	98.0939
aj	1	710079	98.094
ajacied	1	710080	98.0941
ajax-doelpunt	1	710081	98.0943
ajder	1	710082	98.0944
aje	1	710083	98.0946
ajuinlei	1	710084	98.0947
ajuuuuuus	1	710085	98.0948
akacfa	1	710086	98.095
akkooord	1	710087	98.0951
akoestiek	1	710088	98.0953
aktiesport	1	710089	98.0954
al't	1	710090	98.0955
ala	1	710091	98.0957
alachterkruiper	1	710092	98.0958
aladdin	1	710093	98.0959
aladin	1	710094	98.0961
alain	1	710095	98.0962
alamo	1	710096	98.0964
alaska	1	710097	98.0965
albertlaan	1	710098	98.0966
albino	1	710099	98.0968
alcoholcontrole	1	710100	98.0969
alcoholism	1	710101	98.097
alcoholist	1	710102	98.0972
alcool	1	710103	98.0973
alcostift	1	710104	98.0975
alee	1	710105	98.0976
aleerliefst	1	710106	98.0977
alfa	1	710107	98.0979
alfabet	1	710108	98.098
alfafaculteit	1	710109	98.0982
alg	1	710110	98.0983
alghero	1	710111	98.0984
alginds	1	710112	98.0986
alhier	1	710113	98.0987
alias	1	710114	98.0988
alibag	1	710115	98.099
alibaugh	1	710116	98.0991
alicante	1	710117	98.0993
alice	1	710118	98.0994
aliens	1	710119	98.0995
alijd	1	710120	98.0997
alike	1	710121	98.0998
all-time-hero	1	710122	98.1
alleee	1	710123	98.1001
alleeen	1	710124	98.1002
alleeg	1	710125	98.1004
allegria	1	710126	98.1005
allemaal.goed.ko	1	710127	98.1006
alleraardigst	1	710128	98.1008
allerallerlaatst	1	710129	98.1009
allerbelangrijkst	1	710130	98.1011
allergologie	1	710131	98.1012
allerminst	1	710132	98.1013
allerschattig	1	710133	98.1015
allesaan	1	710134	98.1016
allesvoorhetteam	1	710135	98.1017
allesvsnel	1	710136	98.1019
allevier	1	710137	98.102
allez-vous	1	710138	98.1022
alli	1	710139	98.1023
alliteratie	1	710140	98.1024
allll	1	710141	98.1026
alln	1	710142	98.1027
allom	1	710143	98.1029
allr	1	710144	98.103
allrigdie	1	710145	98.1031
allrighdy	1	710146	98.1033
allstars	1	710147	98.1034
alltech	1	710148	98.1035
alm	1	710149	98.1037
almanakcom	1	710150	98.1038
almanakmail	1	710151	98.104
almanakvergadering	1	710152	98.1041
almdudler	1	710153	98.1042
alone	1	710154	98.1044
alors	1	710155	98.1045
aloud	1	710156	98.1046
alp	1	710157	98.1048
alreeds	1	710158	98.1049
als.	1	710159	98.1051
alsdorf	1	710160	98.1052
alsg	1	710161	98.1053
alsge	1	710162	98.1055
alsjij	1	710163	98.1056
alsook	1	710164	98.1058
alstjeblieft	1	710165	98.1059
alsvast	1	710166	98.106
alter	1	710167	98.1062
altermatief	1	710168	98.1063
alternatiefkomen	1	710169	98.1064
altíjd	1	710170	98.1066
aluminium	1	710171	98.1067
alwin	1	710172	98.1069
alzen	1	710173	98.107
aléén	1	710174	98.1071
ama	1	710175	98.1073
amaaai	1	710176	98.1074
amaai	1	710177	98.1075
amandsberg	1	710178	98.1077
amandsplein	1	710179	98.1078
amandstraat	1	710180	98.108
amateur	1	710181	98.1081
amaury	1	710182	98.1082
amazing	1	710183	98.1084
amba-rond	1	710184	98.1085
ambachtenmarkt	1	710185	98.1087
ambigu	1	710186	98.1088
ambitieus	1	710187	98.1089
ambitieuzen	1	710188	98.1091
ambt	1	710189	98.1092
ambtenarenbende	1	710190	98.1093
amdere	1	710191	98.1095
amderen	1	710192	98.1096
amdmen	1	710193	98.1098
americas	1	710194	98.1099
americqn	1	710195	98.11
amerikaaa	1	710196	98.1102
amerikaans	1	710197	98.1103
amersfiort	1	710198	98.1104
amici	1	710199	98.1106
amie	1	710200	98.1107
amis	1	710201	98.1109
ammelen	1	710202	98.111
amok	1	710203	98.1111
amol	1	710204	98.1113
amoxicilline	1	710205	98.1114
amputeren	1	710206	98.1116
amt	1	710207	98.1117
amuse	1	710208	98.1118
amuse-toi	1	710209	98.112
amusent	1	710210	98.1121
amusirendsten	1	710211	98.1122
amusée	1	710212	98.1124
analoog	1	710213	98.1125
analysis	1	710214	98.1127
analytics	1	710215	98.1128
anatomie	1	710216	98.1129
anatomisch	1	710217	98.1131
anbetant	1	710218	98.1132
anbieding	1	710219	98.1134
andalusisch	1	710220	98.1135
andersnaar	1	710221	98.1136
anderzijds	1	710222	98.1138
andijvie	1	710223	98.1139
andre	1	710224	98.114
andrewing	1	710225	98.1142
andrs	1	710226	98.1143
ane	1	710227	98.1145
aneesh	1	710228	98.1146
anel	1	710229	98.1147
anestesist	1	710230	98.1149
angehalten	1	710231	98.115
angel	1	710232	98.1151
angeven	1	710233	98.1153
angie	1	710234	98.1154
anglia	1	710235	98.1156
angora	1	710236	98.1157
angry	1	710237	98.1158
animal	1	710238	98.116
animatie	1	710239	98.1161
animation	1	710240	98.1163
anishs	1	710241	98.1164
anjer	1	710242	98.1165
anjes	1	710243	98.1167
ankygirl	1	710244	98.1168
anneleentong	1	710245	98.1169
anneloes	1	710246	98.1171
annelore	1	710247	98.1172
annelot	1	710248	98.1174
anneme	1	710249	98.1175
anneriek	1	710250	98.1176
annesimone	1	710251	98.1178
annie	1	710252	98.1179
anniemk	1	710253	98.118
annika	1	710254	98.1182
annotatie	1	710255	98.1183
annual	1	710256	98.1185
annulatie	1	710257	98.1186
annulatieverzekering	1	710258	98.1187
annuleringsverzekering	1	710259	98.1189
anoek	1	710260	98.119
anoes	1	710261	98.1192
anoniem	1	710262	98.1193
anr	1	710263	98.1194
anr's	1	710264	98.1196
anrufen	1	710265	98.1197
anruften	1	710266	98.1198
anso	1	710267	98.12
answers	1	710268	98.1201
antenneprobleem	1	710269	98.1203
anti-antibeleid	1	710270	98.1204
antibeleid	1	710271	98.1205
antibes	1	710272	98.1207
antibioticakuur	1	710273	98.1208
antiek	1	710274	98.1209
antihaarbalpasta	1	710275	98.1211
antiliaans	1	710276	98.1212
antimaartjebeleid	1	710277	98.1214
antivirus	1	710278	98.1215
antracietgrijs	1	710279	98.1216
antropologie	1	710280	98.1218
antwerp	1	710281	98.1219
antwerpen-berchem	1	710282	98.1221
antwerper	1	710283	98.1222
antwerpn	1	710284	98.1223
antwerps	1	710285	98.1225
antwerpse	1	710286	98.1226
antwerpser	1	710287	98.1227
antwoordsleutel	1	710288	98.1229
antworden	1	710289	98.123
antwrdn	1	710290	98.1232
anvers	1	710291	98.1233
anxiously	1	710292	98.1234
anélie	1	710293	98.1236
aoon	1	710294	98.1237
aoristusvorm	1	710295	98.1238
apartement	1	710296	98.124
aparters	1	710297	98.1241
apenstaart	1	710298	98.1243
aperetieven	1	710299	98.1244
apetrots	1	710300	98.1245
apfelkorn	1	710301	98.1247
apk	1	710302	98.1248
app-jacht	1	710303	98.125
apparament	1	710304	98.1251
appejsap	1	710305	98.1252
appelflap	1	710306	98.1254
appeltaar	1	710307	98.1255
appeltart	1	710308	98.1256
applestore	1	710309	98.1258
appmanager	1	710310	98.1259
appointment	1	710311	98.1261
apporter	1	710312	98.1262
appreciate	1	710313	98.1263
appropriate	1	710314	98.1265
apres	1	710315	98.1266
apricot	1	710316	98.1268
aprilgrap	1	710317	98.1269
aptroot	1	710318	98.127
aqa	1	710319	98.1272
aquarium	1	710320	98.1273
aquilaan	1	710321	98.1274
ara	1	710322	98.1276
arachideolie	1	710323	98.1277
arbeider	1	710324	98.1279
arbeidsovereenkomst	1	710325	98.128
arbeidsrecht	1	710326	98.1281
arbeidsrechten	1	710327	98.1283
arbeidstraat	1	710328	98.1284
arbeiten	1	710329	98.1285
arboretum	1	710330	98.1287
arcelor	1	710331	98.1288
arcelor-pot	1	710332	98.129
archeologisch	1	710333	98.1291
archief	1	710334	98.1292
architect	1	710335	98.1294
architecture	1	710336	98.1295
arctic	1	710337	98.1297
arend	1	710338	98.1298
arent	1	710339	98.1299
argenta	1	710340	98.1301
argentina	1	710341	98.1302
arggg	1	710342	98.1303
arghh	1	710343	98.1305
arharr	1	710344	98.1306
aristide	1	710345	98.1308
arlien	1	710346	98.1309
armiez	1	710347	98.131
armmassage	1	710348	98.1312
arnaud	1	710349	98.1313
arne	1	710350	98.1314
arrangements	1	710351	98.1316
arranging	1	710352	98.1317
arrivederci	1	710353	98.1319
arriveerde	1	710354	98.132
arriver	1	710355	98.1321
arriverons	1	710356	98.1323
arrives	1	710357	98.1324
arrivée	1	710358	98.1326
arrr	1	710359	98.1327
arsed	1	710360	98.1328
arsenaal	1	710361	98.133
artese-dag	1	710362	98.1331
artikelstress	1	710363	98.1332
artikelvorm	1	710364	98.1334
artise	1	710365	98.1335
artisjokkenhart	1	710366	98.1337
asbestsaneringsbedrijf	1	710367	98.1338
asgerd	1	710368	98.1339
ashley	1	710369	98.1341
asia	1	710370	98.1342
asian	1	710371	98.1343
asks	1	710372	98.1345
asn	1	710373	98.1346
asostad	1	710374	98.1348
aspects	1	710375	98.1349
aspergesoep	1	710376	98.135
aspirine	1	710377	98.1352
asren	1	710378	98.1353
assament	1	710379	98.1355
assecoire	1	710380	98.1356
assembly	1	710381	98.1357
asseren	1	710382	98.1359
assertief	1	710383	98.136
assez	1	710384	98.1361
assignments	1	710385	98.1363
assistance	1	710386	98.1364
assistente	1	710387	98.1366
assisteren	1	710388	98.1367
ast	1	710389	98.1368
astakraam	1	710390	98.137
asterix	1	710391	98.1371
aston	1	710392	98.1373
astridlaan	1	710393	98.1374
astublieft	1	710394	98.1375
atelier	1	710395	98.1377
athene	1	710396	98.1378
atletiek	1	710397	98.1379
atmosfeer	1	710398	98.1381
atrribuut	1	710399	98.1382
attending	1	710400	98.1384
attends	1	710401	98.1385
attest	1	710402	98.1386
atvthe	1	710403	98.1388
atwen	1	710404	98.1389
atwt	1	710405	98.139
aud	1	710406	98.1392
audiokabel	1	710407	98.1393
audioloog	1	710408	98.1395
auditief	1	710409	98.1396
august	1	710410	98.1397
aujourd	1	710411	98.1399
aulas	1	710412	98.14
auping	1	710413	98.1402
aur	1	710414	98.1403
aura	1	710415	98.1404
aussi	1	710416	98.1406
aussie	1	710417	98.1407
australian	1	710418	98.1408
australisch	1	710419	98.141
austrian	1	710420	98.1411
auteur	1	710421	98.1413
auto-aanvul	1	710422	98.1414
auto-mysterie	1	710423	98.1415
autobatterij	1	710424	98.1417
autobrand	1	710425	98.1418
autocorrectiecode	1	710426	98.1419
autodealer	1	710427	98.1421
autodestruct	1	710428	98.1422
autodidact	1	710429	98.1424
autohandel	1	710430	98.1425
autolader	1	710431	98.1426
automate	1	710432	98.1428
automatisering	1	710433	98.1429
autonomie	1	710434	98.1431
autopap	1	710435	98.1432
autopapieren	1	710436	98.1433
autoreis	1	710437	98.1435
autorijden	1	710438	98.1436
autoryden	1	710439	98.1437
autosport	1	710440	98.1439
autostoel	1	710441	98.144
av-ontvanger	1	710442	98.1442
avance	1	710443	98.1443
avec	1	710444	98.1444
avg	1	710445	98.1446
avi	1	710446	98.1447
avnd	1	710447	98.1448
avocado	1	710448	98.145
avoid	1	710449	98.1451
avond(en)	1	710450	98.1453
avondactiviteit	1	710451	98.1454
avondbezetting	1	710452	98.1455
avondbezetzung	1	710453	98.1457
avondconcert	1	710454	98.1458
avondfeest	1	710455	98.146
avondkassa	1	710456	98.1461
avondmaaltijd	1	710457	98.1462
avondsfeer	1	710458	98.1464
avonduur	1	710459	98.1465
avondvoortelling	1	710460	98.1466
avondvullend	1	710461	98.1468
avondwandeling	1	710462	98.1469
awesomesauce	1	710463	98.1471
awhile	1	710464	98.1472
awrl	1	710465	98.1473
axa	1	710466	98.1475
axeswar	1	710467	98.1476
aytocorrect	1	710468	98.1477
azc	1	710469	98.1479
azijnstel	1	710470	98.148
b-gebouw	1	710471	98.1482
b-noord	1	710472	98.1483
ba	1	710473	98.1484
baaaaaaaaan	1	710474	98.1486
baal	1	710475	98.1487
baan-zoek-gebied	1	710476	98.1489
baardaap	1	710477	98.149
baarle	1	710478	98.1491
baarmoeder	1	710479	98.1493
baars	1	710480	98.1494
baart	1	710481	98.1495
baaspunt	1	710482	98.1497
baat	1	710483	98.1498
babbus	1	710484	98.15
babken	1	710485	98.1501
baby-bekijkdag	1	710486	98.1502
baby-hotel	1	710487	98.1504
babyeend	1	710488	98.1505
babysiten	1	710489	98.1507
babysitpost	1	710490	98.1508
babytie	1	710491	98.1509
babywan	1	710492	98.1511
bacardi	1	710493	98.1512
bachelorscriptie	1	710494	98.1513
bachelorwerkstuk	1	710495	98.1515
back-end	1	710496	98.1516
back-up	1	710497	98.1518
backdoor	1	710498	98.1519
backed	1	710499	98.152
backing	1	710500	98.1522
backpacken	1	710501	98.1523
backpacks	1	710502	98.1524
backstage	1	710503	98.1526
backsteet	1	710504	98.1527
backupplan	1	710505	98.1529
baco	1	710506	98.153
baddi-matchken	1	710507	98.1531
badesi	1	710508	98.1533
badhairday	1	710509	98.1534
badhanddoek	1	710510	98.1536
badhuis	1	710511	98.1537
badmeester	1	710512	98.1538
badmintontraining	1	710513	98.154
badmuts	1	710514	98.1541
badspeelgoed	1	710515	98.1542
badure	1	710516	98.1544
baesch	1	710517	98.1545
baf	1	710518	98.1547
bagageband	1	710519	98.1548
bagger	1	710520	98.1549
bags	1	710521	98.1551
bahut	1	710522	98.1552
bain	1	710523	98.1553
bak-tent	1	710524	98.1555
bakery	1	710525	98.1556
bakfiets	1	710526	98.1558
bakkerbart	1	710527	98.1559
bakkerij	1	710528	98.156
bakkes	1	710529	98.1562
bakkie-gereedschap	1	710530	98.1563
bakkietijd	1	710531	98.1565
bakkietime	1	710532	98.1566
bakmanschap	1	710533	98.1567
bakmeester	1	710534	98.1569
bakpao	1	710535	98.157
bakpapier	1	710536	98.1571
bakschieting	1	710537	98.1573
bakt	1	710538	98.1574
bakwagen	1	710539	98.1576
bakwagensleutel	1	710540	98.1577
bakweer	1	710541	98.1578
balanceren	1	710542	98.158
baldr	1	710543	98.1581
baler	1	710544	98.1582
balkan	1	710545	98.1584
ball	1	710546	98.1585
ballentent	1	710547	98.1587
ballet	1	710548	98.1588
ballonvaart	1	710549	98.1589
balls	1	710550	98.1591
balpomp	1	710551	98.1592
bam	1	710552	98.1594
bamacodex	1	710553	98.1595
bamba	1	710554	98.1596
bambi	1	710555	98.1598
ban	1	710556	98.1599
banana	1	710557	98.16
bananenteamen	1	710558	98.1602
bananer	1	710559	98.1603
bancontact	1	710560	98.1605
banda	1	710561	98.1606
bandenbus	1	710562	98.1607
bandencentrale	1	710563	98.1609
bandenprikker	1	710564	98.161
bandetta	1	710565	98.1611
bandipur	1	710566	98.1613
banduren	1	710567	98.1614
bangelijk	1	710568	98.1616
bangs	1	710569	98.1617
bankencrisis	1	710570	98.1618
bankhang	1	710571	98.162
bankhangend	1	710572	98.1621
bankieren	1	710573	98.1623
bankkaart	1	710574	98.1624
banknummer	1	710575	98.1625
bankruppen	1	710576	98.1627
bankterm	1	710577	98.1628
bankzaak	1	710578	98.1629
banner	1	710579	98.1631
banquet	1	710580	98.1632
barabas	1	710581	98.1634
barbaars	1	710582	98.1635
barbecook	1	710583	98.1636
barber	1	710584	98.1638
barbie	1	710585	98.1639
barbie-type	1	710586	98.1641
bardienst	1	710587	98.1642
barely	1	710588	98.1643
bargainung	1	710589	98.1645
barhangen	1	710590	98.1646
barkast	1	710591	98.1647
barkruk	1	710592	98.1649
barlow	1	710593	98.165
barman	1	710594	98.1652
barmeisje	1	710595	98.1653
barneveld	1	710596	98.1654
barney	1	710597	98.1656
barrage	1	710598	98.1657
barrel	1	710599	98.1658
barrie	1	710600	98.166
barrier	1	710601	98.1661
barry	1	710602	98.1663
bars	1	710603	98.1664
barst	1	710604	98.1665
bartel	1	710605	98.1667
bartender	1	710606	98.1668
bartroll	1	710607	98.167
based	1	710608	98.1671
basgitaarboek	1	710609	98.1672
basiliwue	1	710610	98.1674
basisschool-pilaar	1	710611	98.1675
bassist	1	710612	98.1676
basssssssssss	1	710613	98.1678
bast	1	710614	98.1679
bastard	1	710615	98.1681
basterd	1	710616	98.1682
bastijn	1	710617	98.1683
basversterker	1	710618	98.1685
bata	1	710619	98.1686
bataclan	1	710620	98.1687
batakamp	1	710621	98.1689
batches	1	710622	98.169
batery	1	710623	98.1692
batterijtijd	1	710624	98.1693
batterin	1	710625	98.1694
battery	1	710626	98.1696
battlefield	1	710627	98.1697
baudelo-st	1	710628	98.1699
baudelo.ko	1	710629	98.17
bauer's	1	710630	98.1701
baukemeister	1	710631	98.1703
bauwens	1	710632	98.1704
bay	1	710633	98.1705
bayblade	1	710634	98.1707
baywatch	1	710635	98.1708
bbar	1	710636	98.171
bbbb	1	710637	98.1711
bbbrrrrrrrroooooeeeeemmmm	1	710638	98.1712
bbt	1	710639	98.1714
bcck	1	710640	98.1715
bd	1	710641	98.1716
bdays	1	710642	98.1718
bdienster	1	710643	98.1719
bds	1	710644	98.1721
beachhandbal	1	710645	98.1722
beachtoernooi	1	710646	98.1723
beachveld	1	710647	98.1725
beachvolley	1	710648	98.1726
beachvolleyballen	1	710649	98.1728
beachze	1	710650	98.1729
beantwoord	1	710651	98.173
beast	1	710652	98.1732
beateker	1	710653	98.1733
beatles-lied	1	710654	98.1734
beats	1	710655	98.1736
beau	1	710656	98.1737
beaucoup	1	710657	98.1739
beaufort	1	710658	98.174
beauty-dinges	1	710659	98.1741
beavis	1	710660	98.1743
bebouwd	1	710661	98.1744
became	1	710662	98.1745
becherovka	1	710663	98.1747
become	1	710664	98.1748
bed.X	1	710665	98.175
bedaanken	1	710666	98.1751
bedanked	1	710667	98.1752
bedanking	1	710668	98.1754
bedankje	1	710669	98.1755
bedanktuwel	1	710670	98.1757
bedanktvoor	1	710671	98.1758
bedbugs	1	710672	98.1759
beddengoed	1	710673	98.1761
bedekken	1	710674	98.1762
bedenkn	1	710675	98.1763
bederven	1	710676	98.1765
bedevaartstocht	1	710677	98.1766
bedien	1	710678	98.1768
bedoeïn(envrouw)	1	710679	98.1769
bedradingsschema	1	710680	98.177
bedreigen	1	710681	98.1772
bedrijfsjurist	1	710682	98.1773
bedrijfskundig	1	710683	98.1775
bedrijfswagen	1	710684	98.1776
bedrijskunde	1	710685	98.1777
bedroom	1	710686	98.1779
bedryf	1	710687	98.178
bedstee	1	710688	98.1781
beduiden	1	710689	98.1783
beduidend	1	710690	98.1784
bedwang	1	710691	98.1786
bedwingen	1	710692	98.1787
bee	1	710693	98.1788
beeberd	1	710694	98.179
beef	1	710695	98.1791
beeindiging	1	710696	98.1792
beeinflüssung	1	710697	98.1794
beelden	1	710698	98.1795
beeldhouwer	1	710699	98.1797
beeldscherm	1	710700	98.1798
beerput	1	710701	98.1799
beestachtig	1	710702	98.1801
beetroots	1	710703	98.1802
befaamd	1	710704	98.1804
befehl	1	710705	98.1805
befufeld	1	710706	98.1806
begaan	1	710707	98.1808
begeleidn	1	710708	98.1809
begeleidster	1	710709	98.181
begeven	1	710710	98.1812
begibben	1	710711	98.1813
beginef	1	710712	98.1815
beginnah	1	710713	98.1816
beginning	1	710714	98.1817
beginplaats	1	710715	98.1819
begone	1	710716	98.182
begot	1	710717	98.1821
begraafplaats	1	710718	98.1823
begrijp	1	710719	98.1824
begrijpe	1	710720	98.1826
begroeten	1	710721	98.1827
begroting	1	710722	98.1828
begrypen	1	710723	98.183
begun	1	710724	98.1831
begyn	1	710725	98.1833
beh	1	710726	98.1834
behalen	1	710727	98.1835
behang	1	710728	98.1837
beharing	1	710729	98.1838
beheerder	1	710730	98.1839
beheerlogingegeven	1	710731	98.1841
behelpen	1	710732	98.1842
behoorlyk	1	710733	98.1844
behoren	1	710734	98.1845
behoud	1	710735	98.1846
behouden	1	710736	98.1848
behoudens	1	710737	98.1849
behuizing	1	710738	98.185
behulp	1	710739	98.1852
behulpzaam	1	710740	98.1853
behun	1	710741	98.1855
bei	1	710742	98.1856
beidn	1	710743	98.1857
beijon	1	710744	98.1859
beim	1	710745	98.186
beire	1	710746	98.1862
beits	1	710747	98.1863
bejaarde	1	710748	98.1864
bekabeling	1	710749	98.1866
bekakt	1	710750	98.1867
bekerfinale	1	710751	98.1868
bekerke	1	710752	98.187
bekijkn	1	710753	98.1871
bekiken	1	710754	98.1873
bekisting	1	710755	98.1874
bekker	1	710756	98.1875
bekkie	1	710757	98.1877
bekleding	1	710758	98.1878
beknopt	1	710759	98.1879
bekommeren	1	710760	98.1881
bekomst	1	710761	98.1882
bekritieseren	1	710762	98.1884
bel-air	1	710763	98.1885
belangryker	1	710764	98.1886
belangstellend	1	710765	98.1888
belastingaangifte	1	710766	98.1889
belastingdienstrapport	1	710767	98.1891
belbaar	1	710768	98.1892
belenden	1	710769	98.1893
beletten	1	710770	98.1895
beleve	1	710771	98.1896
belfort	1	710772	98.1897
belfortstraat	1	710773	98.1899
belge	1	710774	98.19
belgium	1	710775	98.1902
believer	1	710776	98.1903
believing	1	710777	98.1904
belisol	1	710778	98.1906
belknop	1	710779	98.1907
bellennnn	1	710780	98.1909
belmonte	1	710781	98.191
belofte	1	710782	98.1911
belovn	1	710783	98.1913
belsaldo	1	710784	98.1914
beltoon	1	710785	98.1915
bem	1	710786	98.1917
bemachtigen	1	710787	98.1918
bemiddelen	1	710788	98.192
bemoedigen	1	710789	98.1921
bemoeienis	1	710790	98.1922
ben.er	1	710791	98.1924
ben.to	1	710792	98.1925
benadrukken	1	710793	98.1926
benauwen	1	710794	98.1928
bench	1	710795	98.1929
benchmarking	1	710796	98.1931
bendeleider	1	710797	98.1932
bendelid	1	710798	98.1933
benefiet	1	710799	98.1935
benefietavond	1	710800	98.1936
benefit	1	710801	98.1938
benelux	1	710802	98.1939
benenwerk	1	710803	98.194
bener	1	710804	98.1942
beniewden	1	710805	98.1943
benjij	1	710806	98.1944
bennekom	1	710807	98.1946
benniknougek	1	710808	98.1947
benny	1	710809	98.1949
benoemen	1	710810	98.195
bent.be	1	710811	98.1951
bent.to	1	710812	98.1953
benutten	1	710813	98.1954
beode	1	710814	98.1955
beoefenen	1	710815	98.1957
beoordeling	1	710816	98.1958
beoordelingsgesprek	1	710817	98.196
bep	1	710818	98.1961
bepampelen	1	710819	98.1962
bepotelen	1	710820	98.1964
beproefd	1	710821	98.1965
beproeving	1	710822	98.1967
beraad	1	710823	98.1968
beramen	1	710824	98.1969
berdiekie	1	710825	98.1971
bere	1	710826	98.1972
beregoe	1	710827	98.1973
bereike	1	710828	98.1975
berenboek	1	710829	98.1976
berendonk	1	710830	98.1978
berendsen	1	710831	98.1979
bereveel	1	710832	98.198
bergdorp	1	710833	98.1982
bergingsdeur	1	710834	98.1983
bergingsslot	1	710835	98.1984
bergstraat	1	710836	98.1986
bergwandelding	1	710837	98.1987
berichr	1	710838	98.1989
berichtenuitwisseling	1	710839	98.199
berichtenwisseling	1	710840	98.1991
berichtgeving	1	710841	98.1993
berijkbaar	1	710842	98.1994
berkel	1	710843	98.1996
berkelse	1	710844	98.1997
berkmans	1	710845	98.1998
berlijns	1	710846	98.2
berna	1	710847	98.2001
bernard	1	710848	98.2002
bernd	1	710849	98.2004
bernestraat	1	710850	98.2005
beroep	1	710851	98.2007
bertens	1	710852	98.2008
bertie	1	710853	98.2009
bertrokkn	1	710854	98.2011
bescheiden	1	710855	98.2012
bescheidenheid	1	710856	98.2013
bescheren	1	710857	98.2015
bescherming	1	710858	98.2016
bescheten	1	710859	98.2018
beschikbaarheid	1	710860	98.2019
beschikken	1	710861	98.202
beschimmelen	1	710862	98.2022
beschouwen	1	710863	98.2023
beschrijf	1	710864	98.2025
beschuldiging	1	710865	98.2026
beschut	1	710866	98.2027
beslaan	1	710867	98.2029
beslissingenn	1	710868	98.203
beslist	1	710869	98.2031
beslotn	1	710870	98.2033
besluitvormingsproces	1	710871	98.2034
besneeuwd	1	710872	98.2036
besos	1	710873	98.2037
bespieden	1	710874	98.2038
bespr	1	710875	98.204
bestaansrecht	1	710876	98.2041
bestaansreden	1	710877	98.2043
bestandwn	1	710878	98.2044
bestelbon	1	710879	98.2045
bestelen	1	710880	98.2047
bestivaltickets	1	710881	98.2048
bestraling	1	710882	98.2049
bestuderen	1	710883	98.2051
besturen	1	710884	98.2052
bestuur@vdz-arnhem.nl	1	710885	98.2054
bestuurlijk	1	710886	98.2055
bestuurskamer	1	710887	98.2056
bestuurspauper	1	710888	98.2058
beta	1	710889	98.2059
betaalkaart	1	710890	98.206
betaallijst	1	710891	98.2062
betaler	1	710892	98.2063
betalingsprocedures	1	710893	98.2065
betaoldlen	1	710894	98.2066
betellen	1	710895	98.2067
beteros	1	710896	98.2069
beterrrrr	1	710897	98.207
beterschapkus	1	710898	98.2072
beton	1	710899	98.2073
betr	1	710900	98.2074
betreffende	1	710901	98.2076
betrekkelijk	1	710902	98.2077
betrekken	1	710903	98.2078
betrouwbaar	1	710904	98.208
bets	1	710905	98.2081
beugelbar	1	710906	98.2083
beuken	1	710907	98.2084
beurre	1	710908	98.2085
beursgedoe	1	710909	98.2087
beurskoers	1	710910	98.2088
bever	1	710911	98.2089
beverage	1	710912	98.2091
beverly	1	710913	98.2092
bevestig	1	710914	98.2094
bevredigend	1	710915	98.2095
bevrijdingsfestival	1	710916	98.2096
bevroeden	1	710917	98.2098
bevruchten	1	710918	98.2099
bew	1	710919	98.2101
bewaken	1	710920	98.2102
bewerking	1	710921	98.2103
bewolking	1	710922	98.2105
bewoner	1	710923	98.2106
bewonerskaart	1	710924	98.2107
bewonersraad	1	710925	98.2109
bewoond	1	710926	98.211
bewstig	1	710927	98.2112
beyond	1	710928	98.2113
bezem	1	710929	98.2114
bezen	1	710930	98.2116
bezet	1	710931	98.2117
bezib	1	710932	98.2118
bezielen	1	710933	98.212
bezienswaardigheid	1	710934	98.2121
bezigen	1	710935	98.2123
bezigheden	1	710936	98.2124
bezinken	1	710937	98.2125
bezit	1	710938	98.2127
bezitten	1	710939	98.2128
bezoensberg	1	710940	98.213
bezorgdheid	1	710941	98.2131
bezorger	1	710942	98.2132
bezuiniging	1	710943	98.2134
bezwaarlijk	1	710944	98.2135
beïnvloeden	1	710945	98.2136
bff	1	710946	98.2138
bfmv	1	710947	98.2139
bh	1	710948	98.2141
bh's	1	710949	98.2142
bhalerao	1	710950	98.2143
bhj	1	710951	98.2145
bhk	1	710952	98.2146
bhnne	1	710953	98.2147
bianca	1	710954	98.2149
biatch	1	710955	98.215
bibberskoud	1	710956	98.2152
biddinghuizen	1	710957	98.2153
bieben	1	710958	98.2154
bieding	1	710959	98.2156
biefstuk-frietavond	1	710960	98.2157
biekorf	1	710961	98.2159
biemer	1	710962	98.216
bierblikken	1	710963	98.2161
bierbonnen	1	710964	98.2163
bierbuik	1	710965	98.2164
biercantus	1	710966	98.2165
bierdaagse	1	710967	98.2167
bierdrinker	1	710968	98.2168
bierges	1	710969	98.217
bierhalle	1	710970	98.2171
biermoet-club	1	710971	98.2172
bierologie	1	710972	98.2174
bierpakket	1	710973	98.2175
bierplezier	1	710974	98.2177
bierproeverij	1	710975	98.2178
bierrrr	1	710976	98.2179
biertent	1	710977	98.2181
biervat	1	710978	98.2182
bigben	1	710979	98.2183
biggy	1	710980	98.2185
bij-na	1	710981	98.2186
bijbaan	1	710982	98.2188
bijbe	1	710983	98.2189
bijbehorend	1	710984	98.219
bijbelboek	1	710985	98.2192
bijbelkring	1	710986	98.2193
bijbelstudie	1	710987	98.2194
bijbestellen	1	710988	98.2196
bijbruinen	1	710989	98.2197
bijdragen	1	710990	98.2199
bijeen	1	710991	98.22
bijeensprokkelen	1	710992	98.2201
bijenhof	1	710993	98.2203
bijerland	1	710994	98.2204
bijf	1	710995	98.2206
bijgekomen	1	710996	98.2207
bijgelezen	1	710997	98.2208
bijhalen	1	710998	98.221
bijknippe	1	710999	98.2211
bijkopen	1	711000	98.2212
bijl	1	711001	98.2214
bijleggn	1	711002	98.2215
bijlmer	1	711003	98.2217
bijna-eind-twintiger	1	711004	98.2218
bijna-kwart-eeuw	1	711005	98.2219
bijna-laatst	1	711006	98.2221
bijnde	1	711007	98.2222
bijou	1	711008	98.2223
bijsluiter	1	711009	98.2225
bijstaan	1	711010	98.2226
bijtellen	1	711011	98.2228
bijtijds	1	711012	98.2229
bijtrekken	1	711013	98.223
bijv.	1	711014	98.2232
bijverdienste	1	711015	98.2233
bijverzonnen	1	711016	98.2235
bijvijlen	1	711017	98.2236
bijvraag	1	711018	98.2237
bijvullen	1	711019	98.2239
bijwerking	1	711020	98.224
bijzaak	1	711021	98.2241
bijzettafel	1	711022	98.2243
bijzetten	1	711023	98.2244
bijzitten	1	711024	98.2246
bike	1	711025	98.2247
biker	1	711026	98.2248
bikkelen	1	711027	98.225
bikkelhard	1	711028	98.2251
biljarten	1	711029	98.2252
billenknijpen	1	711030	98.2254
bimne	1	711031	98.2255
bindingsangst	1	711032	98.2257
binge	1	711033	98.2258
binnekort	1	711034	98.2259
binnem	1	711035	98.2261
binnenband	1	711036	98.2262
binnenblijft	1	711037	98.2264
binnendoen	1	711038	98.2265
binnenhalen	1	711039	98.2266
binnenhouden	1	711040	98.2268
binnenk	1	711041	98.2269
binnenkant	1	711042	98.227
binnenkappen	1	711043	98.2272
binnenkomst	1	711044	98.2273
binnenlopen	1	711045	98.2275
binnenplein	1	711046	98.2276
binnenslepen	1	711047	98.2277
binnensmijten	1	711048	98.2279
binnensmojten	1	711049	98.228
binnenspeeltuin	1	711050	98.2281
binnenspring	1	711051	98.2283
binnenstroomden	1	711052	98.2284
binnentikken	1	711053	98.2286
binnentoog	1	711054	98.2287
binnenuit	1	711055	98.2288
binnenvallen	1	711056	98.229
binnenwippen	1	711057	98.2291
binnenwjiha	1	711058	98.2293
biologieleraar	1	711059	98.2294
biomoleculen	1	711060	98.2295
bioscoopbon	1	711061	98.2297
bioscoopbroek	1	711062	98.2298
bioscoopdate	1	711063	98.2299
biosdate	1	711064	98.2301
biostabiel	1	711065	98.2302
biotech	1	711066	98.2304
biotoopstudie	1	711067	98.2305
biotopstudie	1	711068	98.2306
biowinkel	1	711069	98.2308
biowinkelen	1	711070	98.2309
bips	1	711071	98.2311
birds	1	711072	98.2312
birdy	1	711073	98.2313
birgit	1	711074	98.2315
birte	1	711075	98.2316
birthdaaay	1	711076	98.2317
birthdaygirl	1	711077	98.2319
birthdaykisses	1	711078	98.232
bitchas	1	711079	98.2322
bitcheboy	1	711080	98.2323
bitches	1	711081	98.2324
bitchy	1	711082	98.2326
bite	1	711083	98.2327
bitte	1	711084	98.2328
bitten	1	711085	98.233
bivakeren	1	711086	98.2331
bizarre	1	711087	98.2333
bjoej	1	711088	98.2334
bjoetifoel	1	711089	98.2335
bkauwgrijs	1	711090	98.2337
bkkc	1	711091	98.2338
blaarmeerske	1	711092	98.234
blaarneers	1	711093	98.2341
blaas	1	711094	98.2342
blaas-en	1	711095	98.2344
blaasprobleem	1	711096	98.2345
blackberry	1	711097	98.2346
blackbox	1	711098	98.2348
blackout	1	711099	98.2349
blackouts	1	711100	98.2351
bladblazer	1	711101	98.2352
bladzijde	1	711102	98.2353
blaha	1	711103	98.2355
blanche	1	711104	98.2356
blank	1	711105	98.2357
blankenb	1	711106	98.2359
blaren	1	711107	98.236
blast	1	711108	98.2362
blauwtje	1	711109	98.2363
blauwvoet	1	711110	98.2364
bleau	1	711111	98.2366
bleaubar	1	711112	98.2367
bleek	1	711113	98.2369
bleg	1	711114	98.237
bleh	1	711115	98.2371
bleik	1	711116	98.2373
blein	1	711117	98.2374
bleiten	1	711118	98.2375
bles	1	711119	98.2377
blessurevrij	1	711120	98.2378
bliefde	1	711121	98.238
blij-zie	1	711122	98.2381
blijfde	1	711123	98.2382
blijven.be	1	711124	98.2384
bliksem	1	711125	98.2385
bliksemen	1	711126	98.2386
blind-spot	1	711127	98.2388
blinkie	1	711128	98.2389
bloedafgifte	1	711129	98.2391
bloedbad	1	711130	98.2392
bloedcel	1	711131	98.2393
bloeddruk	1	711132	98.2395
bloedgift	1	711133	98.2396
bloedheet	1	711134	98.2398
bloeding	1	711135	98.2399
bloedklonter	1	711136	98.24
bloedprik	1	711137	98.2402
bloedprikken	1	711138	98.2403
bloeduitstorting	1	711139	98.2404
bloedverlies	1	711140	98.2406
bloedworst	1	711141	98.2407
bloembak	1	711142	98.2409
bloembol	1	711143	98.241
bloembollenwinkel	1	711144	98.2411
bloemerstraat	1	711145	98.2413
bloemw	1	711146	98.2414
bloemwnstal	1	711147	98.2415
blokbeest	1	711148	98.2417
blokhut	1	711149	98.2418
blonde	1	711150	98.242
bloos	1	711151	98.2421
blootstellen	1	711152	98.2422
blotevoetentocht	1	711153	98.2424
blous	1	711154	98.2425
blowen	1	711155	98.2427
blub	1	711156	98.2428
blubberen	1	711157	98.2429
bluesconcert	1	711158	98.2431
bluesgroep	1	711159	98.2432
bluetooth	1	711160	98.2433
bluffen	1	711161	98.2435
blufspel	1	711162	98.2436
blumenthal	1	711163	98.2438
blur	1	711164	98.2439
bluray	1	711165	98.244
blush	1	711166	98.2442
blussen	1	711167	98.2443
blut	1	711168	98.2445
blutte	1	711169	98.2446
blyfen	1	711170	98.2447
blykbr	1	711171	98.2449
blykt	1	711172	98.245
blyren	1	711173	98.2451
blèren	1	711174	98.2453
blíjf	1	711175	98.2454
blödsinn	1	711176	98.2456
bm	1	711177	98.2457
bme	1	711178	98.2458
bniet	1	711179	98.246
bobbel	1	711180	98.2461
bobo	1	711181	98.2462
bobonne	1	711182	98.2464
bochtenroute	1	711183	98.2465
bockenreyder	1	711184	98.2467
bockereyder	1	711185	98.2468
bodemplaat	1	711186	98.2469
bodycombat	1	711187	98.2471
bodyworkout	1	711188	98.2472
boef	1	711189	98.2474
boeh	1	711190	98.2475
boehoehoe	1	711191	98.2476
boeiendu	1	711192	98.2478
boek-deadline	1	711193	98.2479
boeka	1	711194	98.248
boekbespreking	1	711195	98.2482
boekenfestijn	1	711196	98.2483
boekenlezer	1	711197	98.2485
boekenmarkt	1	711198	98.2486
boekentas	1	711199	98.2487
boekenweek	1	711200	98.2489
boekenweekgeschenk	1	711201	98.249
boeket	1	711202	98.2491
boekhoudkundig	1	711203	98.2493
boeking	1	711204	98.2494
boels	1	711205	98.2496
boem	1	711206	98.2497
boenmachine	1	711207	98.2498
boenwas	1	711208	98.25
boerderij	1	711209	98.2501
boetseren	1	711210	98.2503
bof	1	711211	98.2504
bofferd	1	711212	98.2505
bohuzel	1	711213	98.2507
boir	1	711214	98.2508
bojfrent	1	711215	98.2509
bokaal-glas	1	711216	98.2511
bokaalpunt	1	711217	98.2512
bokbier	1	711218	98.2514
bokbierdag	1	711219	98.2515
bokkal	1	711220	98.2516
boksbal	1	711221	98.2518
bold	1	711222	98.2519
bolfoto	1	711223	98.252
bollaert	1	711224	98.2522
bollen	1	711225	98.2523
bolognese	1	711226	98.2525
bols	1	711227	98.2526
bolwerk	1	711228	98.2527
bolzano	1	711229	98.2529
bomb	1	711230	98.253
bombarderen	1	711231	98.2532
bommen	1	711232	98.2533
bomvol	1	711233	98.2534
bonanzaaah	1	711234	98.2536
bonbon	1	711235	98.2537
bonbons	1	711236	98.2538
bondcoach	1	711237	98.254
bondscoach	1	711238	98.2541
bondskaart	1	711239	98.2543
bondstr	1	711240	98.2544
bonenmaler	1	711241	98.2545
bonne	1	711242	98.2547
bons	1	711243	98.2548
bontkraag	1	711244	98.2549
bonuspunt	1	711245	98.2551
boo-yah	1	711246	98.2552
boobies	1	711247	98.2554
boodschapprn	1	711248	98.2555
boogie	1	711249	98.2556
boogschutter	1	711250	98.2558
bookies	1	711251	98.2559
bookingssite	1	711252	98.2561
books	1	711253	98.2562
boombalfestival	1	711254	98.2563
boomstam	1	711255	98.2565
boooeeee	1	711256	98.2566
booooring	1	711257	98.2567
booster	1	711258	98.2569
bootcampen	1	711259	98.257
booth	1	711260	98.2572
bootie	1	711261	98.2573
bootjesparade	1	711262	98.2574
booty	1	711263	98.2576
booyah	1	711264	98.2577
boozing	1	711265	98.2579
bopper	1	711266	98.258
bore	1	711267	98.2581
boren	1	711268	98.2583
borg-onderbroek	1	711269	98.2584
boromir	1	711270	98.2585
borrelavond	1	711271	98.2587
borrelglas	1	711272	98.2588
borrellen	1	711273	98.259
borrie	1	711274	98.2591
borstel	1	711275	98.2592
borsten-vergelyken	1	711276	98.2594
bosadres	1	711277	98.2595
bosch.be	1	711278	98.2596
boschstraat	1	711279	98.2598
bosdienst	1	711280	98.2599
bosdrijven	1	711281	98.2601
bosloper	1	711282	98.2602
bospoeper	1	711283	98.2603
bosrijk	1	711284	98.2605
bosu	1	711285	98.2606
bosuil	1	711286	98.2608
boteham	1	711287	98.2609
boterhammenplanning	1	711288	98.261
boterkoekje	1	711289	98.2612
botermelkbaan	1	711290	98.2613
botero	1	711291	98.2614
boterwaag	1	711292	98.2616
botkwetsuur	1	711293	98.2617
bottelaar	1	711294	98.2619
bottlenek	1	711295	98.262
bougeren	1	711296	98.2621
bought	1	711297	98.2623
bouillon	1	711298	98.2624
boulet	1	711299	98.2625
boulet-special	1	711300	98.2627
boulevard	1	711301	98.2628
bourdon	1	711302	98.263
bourgonje	1	711303	98.2631
bourgoyen	1	711304	98.2632
boursin	1	711305	98.2634
bourtange	1	711306	98.2635
boussouf	1	711307	98.2637
bouwer	1	711308	98.2638
bouwstof	1	711309	98.2639
bouwterrein	1	711310	98.2641
bouwwerk	1	711311	98.2642
boven.za	1	711312	98.2643
bovenbuur	1	711313	98.2645
bovenhalen	1	711314	98.2646
bovenhoek	1	711315	98.2648
bovenkaak	1	711316	98.2649
bovenlichaam	1	711317	98.265
bovn	1	711318	98.2652
bowie	1	711319	98.2653
bowlingbaan	1	711320	98.2654
bowser	1	711321	98.2656
boxah	1	711322	98.2657
boxer	1	711323	98.2659
boxmeer	1	711324	98.266
boyalis	1	711325	98.2661
boyke	1	711326	98.2663
boyle	1	711327	98.2664
boysnite	1	711328	98.2666
boystoys	1	711329	98.2667
br.	1	711330	98.2668
braak	1	711331	98.267
braam	1	711332	98.2671
brabanste	1	711333	98.2672
brabantse	1	711334	98.2674
braden	1	711335	98.2675
braga	1	711336	98.2677
brainburner	1	711337	98.2678
brainstorm	1	711338	98.2679
brakel	1	711339	98.2681
braken	1	711340	98.2682
brakkening	1	711341	98.2683
brakpak	1	711342	98.2685
brammie	1	711343	98.2686
brandalarm	1	711344	98.2688
brandalarmen	1	711345	98.2689
brandblusser	1	711346	98.269
brandmelding	1	711347	98.2692
brandmerk	1	711348	98.2693
brandpunt	1	711349	98.2695
brandschoon	1	711350	98.2696
brandstapel	1	711351	98.2697
brandveiligheid	1	711352	98.2699
brandweerwagen	1	711353	98.27
brandy	1	711354	98.2701
brauche	1	711355	98.2703
brazil	1	711356	98.2704
braziliaan	1	711357	98.2706
brb	1	711358	98.2707
bre	1	711359	98.2708
breaking	1	711360	98.271
breath	1	711361	98.2711
brechtie	1	711362	98.2713
brectie	1	711363	98.2714
breda-update	1	711364	98.2715
bredrijfskunde	1	711365	98.2717
breedte	1	711366	98.2718
breekpustel	1	711367	98.2719
brefel	1	711368	98.2721
breiden	1	711369	98.2722
breinaald	1	711370	98.2724
brent	1	711371	98.2725
bres	1	711372	98.2726
brest	1	711373	98.2728
breudreuster	1	711374	98.2729
breuknieuws	1	711375	98.273
brico	1	711376	98.2732
briefed	1	711377	98.2733
briefing	1	711378	98.2735
briel	1	711379	98.2736
bries	1	711380	98.2737
bright	1	711381	98.2739
brikverpakking	1	711382	98.274
briquets	1	711383	98.2742
broad	1	711384	98.2743
broadband	1	711385	98.2744
brochure	1	711386	98.2746
brocollli	1	711387	98.2747
broder	1	711388	98.2748
broebelen	1	711389	98.275
broekhovenseweg	1	711390	98.2751
broekmaker	1	711391	98.2753
broekzak	1	711392	98.2754
broem	1	711393	98.2755
broer(tje)	1	711394	98.2757
broerie	1	711395	98.2758
broerio	1	711396	98.2759
broke	1	711397	98.2761
brol	1	711398	98.2762
brololol	1	711399	98.2764
brommercruise	1	711400	98.2765
brommeren	1	711401	98.2766
brommerreis	1	711402	98.2768
bronchitis	1	711403	98.2769
bronstig	1	711404	98.2771
brontestr	1	711405	98.2772
broodfabriek	1	711406	98.2773
broodjeszaak	1	711407	98.2775
broodmand	1	711408	98.2776
broodnodig	1	711409	98.2777
broodpudding	1	711410	98.2779
broodtrommel	1	711411	98.278
brooklyn	1	711412	98.2782
brotherhood	1	711413	98.2783
brouwdag	1	711414	98.2784
brouwer	1	711415	98.2786
brouwerij	1	711416	98.2787
brouwerybezoek	1	711417	98.2788
brownie-kruim	1	711418	98.279
browsen	1	711419	98.2791
brrrrrr	1	711420	98.2793
brst	1	711421	98.2794
bru	1	711422	98.2795
bruf	1	711423	98.2797
brugdag	1	711424	98.2798
brugfe	1	711425	98.28
brugstraat	1	711426	98.2801
brui	1	711427	98.2802
bruid	1	711428	98.2804
bruidegom	1	711429	98.2805
bruidsfotografie	1	711430	98.2806
bruinen	1	711431	98.2808
bruinswijs	1	711432	98.2809
bruinverhouding	1	711433	98.2811
bruisen	1	711434	98.2812
bruispaar	1	711435	98.2813
bruksel	1	711436	98.2815
brullen	1	711437	98.2816
brulée	1	711438	98.2817
brun	1	711439	98.2819
bruna	1	711440	98.282
brusselsesteenweg	1	711441	98.2822
brussrl	1	711442	98.2823
brutaaltje	1	711443	98.2824
brutus	1	711444	98.2826
bruu	1	711445	98.2827
bruxelles	1	711446	98.2829
bsn	1	711447	98.283
bso	1	711448	98.2831
bst	1	711449	98.2833
bsv	1	711450	98.2834
btj	1	711451	98.2835
bubbelbad	1	711452	98.2837
bublé	1	711453	98.2838
bucht	1	711454	98.284
buddie	1	711455	98.2841
bude	1	711456	98.2842
budgettv	1	711457	98.2844
buf	1	711458	98.2845
buffelen	1	711459	98.2847
bug	1	711460	98.2848
buggies	1	711461	98.2849
buideldier	1	711462	98.2851
buigen	1	711463	98.2852
buikkramp	1	711464	98.2853
build-impl	1	711465	98.2855
buirt	1	711466	98.2856
buitenbar	1	711467	98.2858
buitenboord	1	711468	98.2859
buitendeur	1	711469	98.286
buitenhof	1	711470	98.2862
buitenkant	1	711471	98.2863
buitenmuur	1	711472	98.2864
buitenscherm	1	711473	98.2866
buitenschoppen	1	711474	98.2867
buitensluiten	1	711475	98.2869
buitenspel	1	711476	98.287
buitensporig	1	711477	98.2871
buitenst	1	711478	98.2873
buitenstaander	1	711479	98.2874
buitentoog	1	711480	98.2876
buitenwereld	1	711481	98.2877
buk	1	711482	98.2878
bulderen	1	711483	98.288
bullet	1	711484	98.2881
bullets	1	711485	98.2882
bult	1	711486	98.2884
bundchen	1	711487	98.2885
bungalow	1	711488	98.2887
burchtstraat	1	711489	98.2888
burg	1	711490	98.2889
burger-opstatijd	1	711491	98.2891
burgerbestaan	1	711492	98.2892
burgermeester	1	711493	98.2893
burgerwolven	1	711494	98.2895
burgies	1	711495	98.2896
burgstraat	1	711496	98.2898
burley	1	711497	98.2899
burn	1	711498	98.29
burnt	1	711499	98.2902
burola	1	711500	98.2903
burrito	1	711501	98.2905
burritos	1	711502	98.2906
bus-kant	1	711503	98.2907
bus.was	1	711504	98.2909
bushbush	1	711505	98.291
bushokje	1	711506	98.2911
businesslounge	1	711507	98.2913
buslijn	1	711508	98.2914
busreis	1	711509	98.2916
bust	1	711510	98.2917
busvervoer	1	711511	98.2918
butcomputer	1	711512	98.292
butler	1	711513	98.2921
butt	1	711514	98.2922
butthead	1	711515	98.2924
button	1	711516	98.2925
buurmeisje	1	711517	98.2927
buurtagent	1	711518	98.2928
buurthuis	1	711519	98.2929
buurtonderzoek	1	711520	98.2931
buutengewoon	1	711521	98.2932
buysse	1	711522	98.2934
buyten	1	711523	98.2935
buza	1	711524	98.2936
buzz	1	711525	98.2938
buzzy	1	711526	98.2939
bv-foto	1	711527	98.294
bva	1	711528	98.2942
bvb	1	711529	98.2943
bvd	1	711530	98.2945
bw	1	711531	98.2946
bw-feest	1	711532	98.2947
bwah	1	711533	98.2949
bweuk	1	711534	98.295
bwérk	1	711535	98.2951
bx	1	711536	98.2953
bye	1	711537	98.2954
byebye	1	711538	98.2956
byle	1	711539	98.2957
byttablet	1	711540	98.2958
bzl	1	711541	98.296
c-taste	1	711542	98.2961
c.	1	711543	98.2963
caaavaaaaa	1	711544	98.2964
cabaretiere	1	711545	98.2965
cabaretière	1	711546	98.2967
cabine	1	711547	98.2968
cachet	1	711548	98.2969
cactusmoment	1	711549	98.2971
caddy	1	711550	98.2972
cadeautip	1	711551	98.2974
cadeux	1	711552	98.2975
cadzand	1	711553	98.2976
caesarion	1	711554	98.2978
cafee	1	711555	98.2979
cafetaria	1	711556	98.2981
cafeïne	1	711557	98.2982
caffeine	1	711558	98.2983
cafu	1	711559	98.2985
cafw	1	711560	98.2986
café-cocktailprikker	1	711561	98.2987
cage	1	711562	98.2989
cagnotte	1	711563	98.299
caiperinha	1	711564	98.2992
caliente	1	711565	98.2993
calientes	1	711566	98.2994
calkone	1	711567	98.2996
calling	1	711568	98.2997
callkone	1	711569	98.2998
callung	1	711570	98.3
calorieen	1	711571	98.3001
calson	1	711572	98.3003
calvados	1	711573	98.3004
cam	1	711574	98.3005
cameraprobleem	1	711575	98.3007
cameras	1	711576	98.3008
cammionette	1	711577	98.301
campen	1	711578	98.3011
camper	1	711579	98.3012
camperen	1	711580	98.3014
camping-style	1	711581	98.3015
campingkleding	1	711582	98.3016
campingtechnisch	1	711583	98.3018
campusshop	1	711584	98.3019
can-opener	1	711585	98.3021
canada	1	711586	98.3022
canadees	1	711587	98.3023
canadese	1	711588	98.3025
canadian	1	711589	98.3026
canaria	1	711590	98.3027
canasta	1	711591	98.3029
canavn	1	711592	98.303
cancelen	1	711593	98.3032
cancellara	1	711594	98.3033
cancer	1	711595	98.3034
cannot	1	711596	98.3036
canonica	1	711597	98.3037
cantuservaring	1	711598	98.3039
cantussen	1	711599	98.304
cantuszaal	1	711600	98.3041
cany	1	711601	98.3043
canyon	1	711602	98.3044
cao	1	711603	98.3045
cap	1	711604	98.3047
capaciteit	1	711605	98.3048
capitole	1	711606	98.305
cappuccino	1	711607	98.3051
cappuccinomelk	1	711608	98.3052
capsule	1	711609	98.3054
captain	1	711610	98.3055
capu	1	711611	98.3056
caramelshake	1	711612	98.3058
caraïben	1	711613	98.3059
caraïbisch	1	711614	98.3061
carburateur	1	711615	98.3062
carcason	1	711616	98.3063
carcasonne	1	711617	98.3065
cards	1	711618	98.3066
careltje	1	711619	98.3068
carglas	1	711620	98.3069
caribbean	1	711621	98.307
carkit	1	711622	98.3072
carm	1	711623	98.3073
carnavalidioot	1	711624	98.3074
carnavals	1	711625	98.3076
carnavalskleren	1	711626	98.3077
carnavalswinkel	1	711627	98.3079
carnavlen	1	711628	98.308
carnevalsvakantie	1	711629	98.3081
carnivoor	1	711630	98.3083
carolien	1	711631	98.3084
caroline	1	711632	98.3086
carotte	1	711633	98.3087
carpaccio	1	711634	98.3088
carpool	1	711635	98.309
carpoolparking	1	711636	98.3091
carras	1	711637	98.3092
carry	1	711638	98.3094
carrying	1	711639	98.3095
carte	1	711640	98.3097
cartouche	1	711641	98.3098
casiljas	1	711642	98.3099
casinos	1	711643	98.3101
casper	1	711644	98.3102
casquil	1	711645	98.3103
cassino	1	711646	98.3105
castilielaan	1	711647	98.3106
castle	1	711648	98.3108
castricum	1	711649	98.3109
casual	1	711650	98.311
casually	1	711651	98.3112
cat.	1	711652	98.3113
catastrofe	1	711653	98.3115
catcher	1	711654	98.3116
catechisatie	1	711655	98.3117
catholics	1	711656	98.3119
catterpillars	1	711657	98.312
catwalk	1	711658	98.3121
caux	1	711659	98.3123
cav	1	711660	98.3124
cavaaaat	1	711661	98.3126
cavaat	1	711662	98.3127
cb	1	711663	98.3128
cc-gegeven	1	711664	98.313
ccd	1	711665	98.3131
cd-collectie	1	711666	98.3132
cdspeler	1	711667	98.3134
ceasar	1	711668	98.3135
cecemel	1	711669	98.3137
cellar	1	711670	98.3138
cellospeelze	1	711671	98.3139
cellphone	1	711672	98.3141
celluloid	1	711673	98.3142
censuur	1	711674	98.3144
centenbak	1	711675	98.3145
centerparcs	1	711676	98.3146
centerparks	1	711677	98.3148
centimeter	1	711678	98.3149
centre	1	711679	98.315
ceo	1	711680	98.3152
cept	1	711681	98.3153
certificaat	1	711682	98.3155
cervezas	1	711683	98.3156
ces	1	711684	98.3157
cest	1	711685	98.3159
cg	1	711686	98.316
chag	1	711687	98.3161
chagerijnig	1	711688	98.3163
chaggerijnen	1	711689	98.3164
chalerio	1	711690	98.3166
chamilo	1	711691	98.3167
champignonloos	1	711692	98.3168
champix	1	711693	98.317
chanceke	1	711694	98.3171
chanel	1	711695	98.3173
changed	1	711696	98.3174
changes	1	711697	98.3175
chapter	1	711698	98.3177
chargen	1	711699	98.3178
charging	1	711700	98.3179
charmer	1	711701	98.3181
charmeren	1	711702	98.3182
charming	1	711703	98.3184
charteren	1	711704	98.3185
chasse	1	711705	98.3186
chassepiereb	1	711706	98.3188
chateau	1	711707	98.3189
chauffeuren	1	711708	98.319
cheapass	1	711709	98.3192
cheaper	1	711710	98.3193
cheating	1	711711	98.3195
checke	1	711712	98.3196
checked	1	711713	98.3197
checkin	1	711714	98.3199
checklist	1	711715	98.32
checkten	1	711716	98.3202
cheeseburger	1	711717	98.3203
cheeta	1	711718	98.3204
cheetah	1	711719	98.3206
chef	1	711720	98.3207
chel	1	711721	98.3208
chelly	1	711722	98.321
chelsea	1	711723	98.3211
chelsea-eigenaar	1	711724	98.3213
chemicus	1	711725	98.3214
chemie	1	711726	98.3215
chemin	1	711727	98.3217
chemotherapie	1	711728	98.3218
chen	1	711729	98.322
chesscafe	1	711730	98.3221
cheuk-him	1	711731	98.3222
chez	1	711732	98.3224
chia	1	711733	98.3225
chickflick	1	711734	98.3226
chien	1	711735	98.3228
child	1	711736	98.3229
childishly	1	711737	98.3231
chilin	1	711738	98.3232
chill-deluxe	1	711739	98.3233
chille	1	711740	98.3235
chiller	1	711741	98.3236
chillingstime	1	711742	98.3237
chillma	1	711743	98.3239
chillmoment	1	711744	98.324
chilltime	1	711745	98.3242
chinezen	1	711746	98.3243
chipotle	1	711747	98.3244
chippen	1	711748	98.3246
chippie	1	711749	98.3247
chiromuziek	1	711750	98.3249
chirurgijn	1	711751	98.325
chiuawa	1	711752	98.3251
choc	1	711753	98.3253
choco	1	711754	98.3254
choco-dag	1	711755	98.3255
chococake	1	711756	98.3257
chocoladebroodje	1	711757	98.3258
chocolademelk	1	711758	98.326
chocolat	1	711759	98.3261
chocolate	1	711760	98.3262
chocomelk	1	711761	98.3264
chocomousse	1	711762	98.3265
chocopoeder	1	711763	98.3266
choenske	1	711764	98.3268
choice	1	711765	98.3269
cholesteroltest	1	711766	98.3271
chorizzo	1	711767	98.3272
chowk	1	711768	98.3273
chris	1	711769	98.3275
christiaan	1	711770	98.3276
chroma-voeding	1	711771	98.3278
chunk	1	711772	98.3279
chunky	1	711773	98.328
ci	1	711774	98.3282
ciaokes	1	711775	98.3283
ciaoooo	1	711776	98.3284
cider	1	711777	98.3286
cie	1	711778	98.3287
cigarettes	1	711779	98.3289
cigs	1	711780	98.329
cilly	1	711781	98.3291
cinemat	1	711782	98.3293
cinemazaal	1	711783	98.3294
cinfused	1	711784	98.3295
cinq	1	711785	98.3297
cinquieme	1	711786	98.3298
cinéma	1	711787	98.33
cio-paper	1	711788	98.3301
cipier	1	711789	98.3302
circa	1	711790	98.3304
circles	1	711791	98.3305
circuit	1	711792	98.3307
circuleren	1	711793	98.3308
circumstances	1	711794	98.3309
circus	1	711795	98.3311
cirkelredenering	1	711796	98.3312
ciska	1	711797	98.3313
citadelpark	1	711798	98.3315
citeren	1	711799	98.3316
citicard	1	711800	98.3318
citroensap	1	711801	98.3319
citruspers	1	711802	98.332
city-move	1	711803	98.3322
citéke	1	711804	98.3323
civitas-dame	1	711805	98.3324
civo	1	711806	98.3326
claim	1	711807	98.3327
claimed	1	711808	98.3329
clancy's	1	711809	98.333
clash	1	711810	98.3331
classics	1	711811	98.3333
classy	1	711812	98.3334
claudine	1	711813	98.3336
claxoneren	1	711814	98.3337
cleaned	1	711815	98.3338
cleaning	1	711816	98.334
clearly	1	711817	98.3341
clerck	1	711818	98.3342
clerkie	1	711819	98.3344
cliché	1	711820	98.3345
client	1	711821	98.3347
cliffhanger	1	711822	98.3348
climax	1	711823	98.3349
clinic	1	711824	98.3351
clio	1	711825	98.3352
cliënteel	1	711826	98.3354
cloisy	1	711827	98.3355
clorane	1	711828	98.3356
closely	1	711829	98.3358
clothing	1	711830	98.3359
clownsmaat	1	711831	98.336
clozer	1	711832	98.3362
clrecup	1	711833	98.3363
clubkaart	1	711834	98.3365
clubken	1	711835	98.3366
clueless	1	711836	98.3367
coachen	1	711837	98.3369
coaching	1	711838	98.337
coalitie	1	711839	98.3371
coating	1	711840	98.3373
cochem	1	711841	98.3374
cocktailstand	1	711842	98.3376
codeboek	1	711843	98.3377
codecomissie	1	711844	98.3378
coffees	1	711845	98.338
coffeeshop	1	711846	98.3381
coffeeshopshock	1	711847	98.3383
cognitief	1	711848	98.3384
cogpsy	1	711849	98.3385
cohen	1	711850	98.3387
coiffeur	1	711851	98.3388
coimbra	1	711852	98.3389
col	1	711853	98.3391
colaba	1	711854	98.3392
colafles	1	711855	98.3394
colbert	1	711856	98.3395
cold	1	711857	98.3396
coldpack	1	711858	98.3398
coldplay	1	711859	98.3399
coldrex	1	711860	98.34
coleagues	1	711861	98.3402
colen	1	711862	98.3403
collaert	1	711863	98.3405
collage	1	711864	98.3406
collecteren	1	711865	98.3407
collectief	1	711866	98.3409
collectors	1	711867	98.341
collegekaart	1	711868	98.3412
colloquium	1	711869	98.3413
colmar	1	711870	98.3414
colonist	1	711871	98.3416
color	1	711872	98.3417
colours	1	711873	98.3418
colt	1	711874	98.342
comatized	1	711875	98.3421
combi-grill	1	711876	98.3423
combine	1	711877	98.3424
combo	1	711878	98.3425
comissie	1	711879	98.3427
comité	1	711880	98.3428
commandant	1	711881	98.3429
commercie	1	711882	98.3431
commissaris	1	711883	98.3432
commissiefoto	1	711884	98.3434
commits	1	711885	98.3435
committed	1	711886	98.3436
committee	1	711887	98.3438
commotie	1	711888	98.3439
communicatief	1	711889	98.3441
communice	1	711890	98.3442
communiceer	1	711891	98.3443
communiceren	1	711892	98.3445
communities	1	711893	98.3446
compact	1	711894	98.3447
compendium	1	711895	98.3449
compensate	1	711896	98.345
compensator	1	711897	98.3452
competely	1	711898	98.3453
competentie	1	711899	98.3454
competietie	1	711900	98.3456
compileren	1	711901	98.3457
complaining	1	711902	98.3458
compleaños	1	711903	98.346
complexbeheerder	1	711904	98.3461
complicated	1	711905	98.3463
compliments	1	711906	98.3464
complot	1	711907	98.3465
complètement	1	711908	98.3467
component	1	711909	98.3468
compromis	1	711910	98.347
compus	1	711911	98.3471
computational	1	711912	98.3472
computerarchitect	1	711913	98.3474
computerhok	1	711914	98.3475
computernerd	1	711915	98.3476
computerspel	1	711916	98.3478
computertaalkunde	1	711917	98.3479
computerte	1	711918	98.3481
computerweg	1	711919	98.3482
computerzaal	1	711920	98.3483
comthank	1	711921	98.3485
comuterlokaal	1	711922	98.3486
conact	1	711923	98.3488
conceptueel	1	711924	98.3489
conceptvakantie	1	711925	98.349
concern	1	711926	98.3492
concertzaal	1	711927	98.3493
concluderen	1	711928	98.3494
concurrent	1	711929	98.3496
concurrentie	1	711930	98.3497
condensed	1	711931	98.3499
conditietraining	1	711932	98.35
conductrice	1	711933	98.3501
conf	1	711934	98.3503
conferentiegebouw	1	711935	98.3504
confirmation	1	711936	98.3505
confisceren	1	711937	98.3507
confiuurpot	1	711938	98.3508
conflict	1	711939	98.351
confusion	1	711940	98.3511
cong	1	711941	98.3512
congrats	1	711942	98.3514
congresbureau	1	711943	98.3515
congresmanager	1	711944	98.3517
congresmeisje	1	711945	98.3518
conifeer	1	711946	98.3519
connaisseur	1	711947	98.3521
connection	1	711948	98.3522
connections	1	711949	98.3523
connector	1	711950	98.3525
connemara	1	711951	98.3526
conrad	1	711952	98.3528
consensus	1	711953	98.3529
consternatie	1	711954	98.353
constitutieborrel	1	711955	98.3532
constructie	1	711956	98.3533
consulent	1	711957	98.3534
consultatie	1	711958	98.3536
contactgegeven	1	711959	98.3537
contactvraag	1	711960	98.3539
containerparkkaart	1	711961	98.354
continued	1	711962	98.3541
continuwd	1	711963	98.3543
contractverlenging	1	711964	98.3544
contradiction	1	711965	98.3546
contrastvloeistof	1	711966	98.3547
control	1	711967	98.3548
controlefreak	1	711968	98.355
controlere	1	711969	98.3551
controller	1	711970	98.3552
conventeren	1	711971	98.3554
conversation	1	711972	98.3555
converteren	1	711973	98.3557
coogan	1	711974	98.3558
cookin	1	711975	98.3559
coolen	1	711976	98.3561
cooling	1	711977	98.3562
coolste	1	711978	98.3563
coor	1	711979	98.3565
coordinaat	1	711980	98.3566
coordinatiedienst	1	711981	98.3568
coordinator	1	711982	98.3569
coorevit	1	711983	98.357
cop	1	711984	98.3572
copain	1	711985	98.3573
coping	1	711986	98.3575
copycent	1	711987	98.3576
copycenter	1	711988	98.3577
copyright	1	711989	98.3579
copyright-boodschap	1	711990	98.358
copyshop	1	711991	98.3581
cor	1	711992	98.3583
cora	1	711993	98.3584
cord	1	711994	98.3586
cordobas	1	711995	98.3587
core	1	711996	98.3588
coref	1	711997	98.359
corenmaet	1	711998	98.3591
corinne	1	711999	98.3592
cornflake	1	712000	98.3594
corona	1	712001	98.3595
coronas	1	712002	98.3597
corps	1	712003	98.3598
correctiewerk	1	712004	98.3599
correcting	1	712005	98.3601
correction	1	712006	98.3602
corrections	1	712007	98.3604
corrupt	1	712008	98.3605
corveesysteem	1	712009	98.3606
corvinteto	1	712010	98.3608
coschap	1	712011	98.3609
cosmetisch	1	712012	98.361
costas	1	712013	98.3612
costume	1	712014	98.3613
couch	1	712015	98.3615
couldf	1	712016	98.3616
couldn't	1	712017	98.3617
couldnt	1	712018	98.3619
couleur	1	712019	98.362
counter	1	712020	98.3622
coupons	1	712021	98.3623
coupé	1	712022	98.3624
courgettesoep	1	712023	98.3626
courier	1	712024	98.3627
cours	1	712025	98.3628
couscoussalade	1	712026	98.363
cousy	1	712027	98.3631
coverplaat	1	712028	98.3633
cow	1	712029	98.3634
cowbow	1	712030	98.3635
coz	1	712031	98.3637
coördinator	1	712032	98.3638
cq	1	712033	98.3639
craag	1	712034	98.3641
cranberry	1	712035	98.3642
cranberry-vlierbes	1	712036	98.3644
cranberrysap	1	712037	98.3645
craziness	1	712038	98.3646
cream	1	712039	98.3648
creatie	1	712040	98.3649
creationary	1	712041	98.3651
cred	1	712042	98.3652
creep	1	712043	98.3653
creeren	1	712044	98.3655
crefi	1	712045	98.3656
creme-brulée	1	712046	98.3657
creuset	1	712047	98.3659
crevit	1	712048	98.366
cricket-club	1	712049	98.3662
cricketfestijn	1	712050	98.3663
crieren	1	712051	98.3664
criminaliteit	1	712052	98.3666
criminals	1	712053	98.3667
crimineel	1	712054	98.3668
criminologie	1	712055	98.367
cris	1	712056	98.3671
crisismarketing	1	712057	98.3673
crisp	1	712058	98.3674
croques	1	712059	98.3675
crosby	1	712060	98.3677
crossen	1	712061	98.3678
crossing	1	712062	98.368
crossroad	1	712063	98.3681
crosstrainen	1	712064	98.3682
croupier	1	712065	98.3684
cru	1	712066	98.3685
cruciaal	1	712067	98.3686
crucify	1	712068	98.3688
cruise	1	712069	98.3689
cruisecontrol	1	712070	98.3691
cruiser	1	712071	98.3692
crush	1	712072	98.3693
cruzen	1	712073	98.3695
crying	1	712074	98.3696
cst	1	712075	98.3697
ctive	1	712076	98.3699
cu	1	712077	98.37
cuijk	1	712078	98.3702
cuisine	1	712079	98.3703
culemborg	1	712080	98.3704
culinaria-kaart	1	712081	98.3706
culinarium	1	712082	98.3707
cullum	1	712083	98.3709
cult	1	712084	98.371
cultuurcheque	1	712085	98.3711
cultuursector	1	712086	98.3713
cums-hot	1	712087	98.3714
cupcake	1	712088	98.3715
cupcakes	1	712089	98.3717
curieus	1	712090	98.3718
curiosity	1	712091	98.372
curryketchup	1	712092	98.3721
currysaus	1	712093	98.3722
cursusleider	1	712094	98.3724
cusoon	1	712095	98.3725
custodix	1	712096	98.3726
cuz	1	712097	98.3728
cx	1	712098	98.3729
cyfer	1	712099	98.3731
cyprus	1	712100	98.3732
cz	1	712101	98.3733
côte	1	712102	98.3735
cökxpon	1	712103	98.3736
d-toets	1	712104	98.3738
da.Xx	1	712105	98.3739
daa	1	712106	98.374
daaaaag	1	712107	98.3742
daaar	1	712108	98.3743
daadkrachtig	1	712109	98.3744
daag	1	712110	98.3746
daalseweg	1	712111	98.3747
daarnetbom	1	712112	98.3749
daaronder	1	712113	98.375
dabal	1	712114	98.3751
dad	1	712115	98.3753
dada	1	712116	98.3754
dadaaa	1	712117	98.3756
dadde	1	712118	98.3757
daddy	1	712119	98.3758
dader	1	712120	98.376
dae	1	712121	98.3761
daf	1	712122	98.3762
dafalgan	1	712123	98.3764
dafalgans	1	712124	98.3765
dafdaf	1	712125	98.3767
dag-nacht-ritme	1	712126	98.3768
dagboek	1	712127	98.3769
dagboekbericht	1	712128	98.3771
dagdienst	1	712129	98.3772
dagding	1	712130	98.3773
dagenlang	1	712131	98.3775
dagge	1	712132	98.3776
daggetwit	1	712133	98.3778
dagkaart	1	712134	98.3779
daguur	1	712135	98.378
dahaag	1	712136	98.3782
dahbi	1	712137	98.3783
dai	1	712138	98.3785
daily	1	712139	98.3786
dajjet	1	712140	98.3787
dakik	1	712141	98.3789
dakket	1	712142	98.379
dakpan	1	712143	98.3791
dakterras	1	712144	98.3793
dal	1	712145	98.3794
dalfsen	1	712146	98.3796
daluur	1	712147	98.3797
damaris	1	712148	98.3798
damesteam	1	712149	98.38
damned	1	712150	98.3801
damnyouautocorrect	1	712151	98.3802
damwedstrijd	1	712152	98.3804
dan.een	1	712153	98.3805
dan.kan	1	712154	98.3807
danielle	1	712155	98.3808
dankaxb	1	712156	98.3809
dankbetuiging	1	712157	98.3811
dankdag	1	712158	98.3812
dankjel	1	712159	98.3814
dankoe	1	712160	98.3815
dankuuu	1	712161	98.3816
danne	1	712162	98.3818
danscursus	1	712163	98.3819
dansdemo	1	712164	98.382
dansmoves	1	712165	98.3822
dansschoen	1	712166	98.3823
dansschool	1	712167	98.3825
dansvloer	1	712168	98.3826
danwel	1	712169	98.3827
danzijn	1	712170	98.3829
dapper	1	712171	98.383
darkred	1	712172	98.3831
darkroom	1	712173	98.3833
darminf	1	712174	98.3834
darn	1	712175	98.3836
darten	1	712176	98.3837
darumprikker	1	712177	98.3838
daswaar	1	712178	98.384
dat-ie	1	712179	98.3841
dat.ik	1	712180	98.3843
data-analyse	1	712181	98.3844
datacomponent	1	712182	98.3845
datapin	1	712183	98.3847
dataverz	1	712184	98.3848
datgene	1	712185	98.3849
datje	1	712186	98.3851
datklaar	1	712187	98.3852
datte	1	712188	98.3854
datter	1	712189	98.3855
dattet	1	712190	98.3856
dauer	1	712191	98.3858
davidsster	1	712192	98.3859
davy	1	712193	98.386
dayfly	1	712194	98.3862
daywise	1	712195	98.3863
daze	1	712196	98.3865
dazos	1	712197	98.3866
dbus	1	712198	98.3867
dd	1	712199	98.3869
ddi	1	712200	98.387
dealer	1	712201	98.3872
death	1	712202	98.3873
debbie	1	712203	98.3874
debielenclub	1	712204	98.3876
debroodje	1	712205	98.3877
debuut	1	712206	98.3878
dec.	1	712207	98.388
decaan	1	712208	98.3881
decadance	1	712209	98.3883
decatlon	1	712210	98.3884
decauto	1	712211	98.3885
decennium	1	712212	98.3887
deciding	1	712213	98.3888
decimaal	1	712214	98.389
decision	1	712215	98.3891
declareren	1	712216	98.3892
decolte	1	712217	98.3894
decorated	1	712218	98.3895
decoratie	1	712219	98.3896
decoreren	1	712220	98.3898
decrock	1	712221	98.3899
deddie	1	712222	98.3901
deduce	1	712223	98.3902
dee	1	712224	98.3903
deedie	1	712225	98.3905
deeg	1	712226	98.3906
deelnemen	1	712227	98.3907
deen	1	712228	98.3909
defauw	1	712229	98.391
defense	1	712230	98.3912
defensiebeleid	1	712231	98.3913
definitely	1	712232	98.3914
definitie	1	712233	98.3916
definition	1	712234	98.3917
defvoor	1	712235	98.3919
degraderen	1	712236	98.392
degré	1	712237	98.3921
deike	1	712238	98.3923
dekken	1	712239	98.3924
dekking	1	712240	98.3925
deksel	1	712241	98.3927
delay	1	712242	98.3928
delenxd	1	712243	98.393
deleten	1	712244	98.3931
deliberatie	1	712245	98.3932
delilah	1	712246	98.3934
delivery	1	712247	98.3935
dell	1	712248	98.3936
delphine	1	712249	98.3938
dem	1	712250	98.3939
demain	1	712251	98.3941
demander	1	712252	98.3942
dembele	1	712253	98.3943
dement	1	712254	98.3945
demi	1	712255	98.3946
demoling	1	712256	98.3948
demonisch	1	712257	98.3949
demonteren	1	712258	98.395
dender	1	712259	98.3952
denekamp	1	712260	98.3953
denkaanje	1	712261	98.3954
denkaanjouliefste	1	712262	98.3956
denke	1	712263	98.3957
denket	1	712264	98.3959
denkfout	1	712265	98.396
denkn	1	712266	98.3961
denkut	1	712267	98.3963
denniiiiiiii	1	712268	98.3964
deo	1	712269	98.3965
deodorant	1	712270	98.3967
depa	1	712271	98.3968
dependent	1	712272	98.397
depickere	1	712273	98.3971
deployed	1	712274	98.3972
depot	1	712275	98.3974
depressed	1	712276	98.3975
deprimeren	1	712277	98.3977
deprivation	1	712278	98.3978
depuis	1	712279	98.3979
derbij	1	712280	98.3981
derbyresultaat	1	712281	98.3982
derdejaar	1	712282	98.3983
derderangsbv	1	712283	98.3985
derksen	1	712284	98.3986
dermatologie	1	712285	98.3988
derop	1	712286	98.3989
derover	1	712287	98.399
derr	1	712288	98.3992
derriedouche	1	712289	98.3993
deruit	1	712290	98.3994
dervoor	1	712291	98.3996
derwaeltje	1	712292	98.3997
desalniettemin	1	712293	98.3999
descernible	1	712294	98.4
deseo	1	712295	98.4001
deserted	1	712296	98.4003
deserve	1	712297	98.4004
designed	1	712298	98.4006
designermarkt	1	712299	98.4007
designerskleding	1	712300	98.4008
desktop	1	712301	98.401
desmet	1	712302	98.4011
desperados	1	712303	98.4012
despite	1	712304	98.4014
dessertplanner	1	712305	98.4015
destroyed	1	712306	98.4017
determinisme	1	712307	98.4018
deurmat	1	712308	98.4019
deurposter	1	712309	98.4021
deutsch	1	712310	98.4022
deveaux	1	712311	98.4024
device	1	712312	98.4025
dewolf	1	712313	98.4026
dexamethason	1	712314	98.4028
df	1	712315	98.4029
dgse	1	712316	98.403
dhembrewadi	1	712317	98.4032
dhiver	1	712318	98.4033
dhr	1	712319	98.4035
di-rect	1	712320	98.4036
dia	1	712321	98.4037
diagnostisch	1	712322	98.4039
diagonally	1	712323	98.404
dialect	1	712324	98.4041
diamant	1	712325	98.4043
diamond	1	712326	98.4044
diane	1	712327	98.4046
dichtdraaien	1	712328	98.4047
dichtgetikt	1	712329	98.4048
dichtgetikte	1	712330	98.405
dichtgroeien	1	712331	98.4051
dichtheid	1	712332	98.4053
dichtplannen	1	712333	98.4054
dichts	1	712334	98.4055
dichtslaan	1	712335	98.4057
dichtstbijzijnd	1	712336	98.4058
dickassholefuckshitface	1	712337	98.4059
dictaat	1	712338	98.4061
dictated	1	712339	98.4062
dieeten	1	712340	98.4064
dieetkunde	1	712341	98.4065
dieetmotivatie	1	712342	98.4066
dief	1	712343	98.4068
diefilm	1	712344	98.4069
diefstal	1	712345	98.407
dienstencheques	1	712346	98.4072
dienstverlenend	1	712347	98.4073
dienstverlening	1	712348	98.4075
dieptepunt	1	712349	98.4076
diepvriesfriet	1	712350	98.4077
diepvriespizza	1	712351	98.4079
diepvriespizzas	1	712352	98.408
diepvriesvest	1	712353	98.4082
diepzinnig	1	712354	98.4083
dierenambulance	1	712355	98.4084
dies	1	712356	98.4086
dieter-fanclub	1	712357	98.4087
dieterlach	1	712358	98.4088
dietersong	1	712359	98.409
dietse	1	712360	98.4091
dievoor	1	712361	98.4093
diewe	1	712362	98.4094
diezelfde	1	712363	98.4095
dieüberpas	1	712364	98.4097
different	1	712365	98.4098
dificulties	1	712366	98.4099
dig	1	712367	98.4101
digiknuf	1	712368	98.4102
digitenne	1	712369	98.4104
diik	1	712370	98.4105
dikheid	1	712371	98.4106
dikke	1	712372	98.4108
dikkie	1	712373	98.4109
dikkkkkkkkkkee	1	712374	98.4111
diksap	1	712375	98.4112
diktaat	1	712376	98.4113
dikzak	1	712377	98.4115
dimension	1	712378	98.4116
dimensions	1	712379	98.4117
dimphy	1	712380	98.4119
din	1	712381	98.412
dingetj	1	712382	98.4122
dingk	1	712383	98.4123
dingo	1	712384	98.4124
dink	1	712385	98.4126
dinnerdate	1	712386	98.4127
dinnerparty	1	712387	98.4128
dinosaurus	1	712388	98.413
dinsdagavn	1	712389	98.4131
dinsdagmorgen	1	712390	98.4133
dinsdagnamiddag	1	712391	98.4134
dinsdagvoormiddag	1	712392	98.4135
dinsdagvriendinavond	1	712393	98.4137
dio	1	712394	98.4138
diplomacratie	1	712395	98.414
directly	1	712396	98.4141
dirrrrrrk	1	712397	98.4142
dirty	1	712398	98.4144
dis	1	712399	98.4145
discipline	1	712400	98.4146
disco	1	712401	98.4148
discobal	1	712402	98.4149
discobol	1	712403	98.4151
discofielen	1	712404	98.4152
discography	1	712405	98.4153
discovered	1	712406	98.4155
discovery	1	712407	98.4156
discussievraag	1	712408	98.4158
dishes	1	712409	98.4159
disneyland	1	712410	98.416
display	1	712411	98.4162
dispuutcafedinges	1	712412	98.4163
dissapoint	1	712413	98.4164
district	1	712414	98.4166
diwaterstofmonooxide	1	712415	98.4167
dixie	1	712416	98.4169
diz	1	712417	98.417
dizkartes	1	712418	98.4171
dj	1	712419	98.4173
dj's	1	712420	98.4174
djakke	1	712421	98.4175
djakken	1	712422	98.4177
dmv	1	712423	98.4178
dnaprofielen	1	712424	98.418
dne	1	712425	98.4181
do-dag	1	712426	98.4182
do.fi	1	712427	98.4184
dobbelsteen	1	712428	98.4185
dobbie	1	712429	98.4187
docentenkamer	1	712430	98.4188
docentfunctie	1	712431	98.4189
docs	1	712432	98.4191
docteur	1	712433	98.4192
doctoral	1	712434	98.4193
doctorandus	1	712435	98.4195
documentnr	1	712436	98.4196
documents	1	712437	98.4198
docx	1	712438	98.4199
dod	1	712439	98.42
dodag	1	712440	98.4202
dodentocht	1	712441	98.4203
doderdag	1	712442	98.4204
dodge	1	712443	98.4206
dodgy	1	712444	98.4207
doedanoggoe	1	712445	98.4209
doede	1	712446	98.421
doedel	1	712447	98.4211
doedelen	1	712448	98.4213
doegut	1	712449	98.4214
doehetzelf	1	712450	98.4216
doelden	1	712451	98.4217
doele	1	712452	98.4218
doelen	1	712453	98.422
doelgroep	1	712454	98.4221
doelloos	1	712455	98.4222
doelpunt	1	712456	98.4224
doembeeld	1	712457	98.4225
doerak	1	712458	98.4227
doesburg	1	712459	98.4228
doey	1	712460	98.4229
doggie	1	712461	98.4231
dok	1	712462	98.4232
dokterandus	1	712463	98.4233
doktersbezoek	1	712464	98.4235
doktersroman	1	712465	98.4236
doktert	1	712466	98.4238
doktoor	1	712467	98.4239
dokumentem	1	712468	98.424
dolblij	1	712469	98.4242
dolce	1	712470	98.4243
dolgelukkig	1	712471	98.4245
dollen	1	712472	98.4246
dolores	1	712473	98.4247
domage	1	712474	98.4249
domaine	1	712475	98.425
domeinnaam	1	712476	98.4251
domen	1	712477	98.4253
domheid	1	712478	98.4254
dominantie	1	712479	98.4256
dominiek	1	712480	98.4257
dominique	1	712481	98.4258
dominoen	1	712482	98.426
dommerik	1	712483	98.4261
don-vrij	1	712484	98.4262
donatie	1	712485	98.4264
dondag	1	712486	98.4265
donderdaggevoel	1	712487	98.4267
donderdagmiddagborrel	1	712488	98.4268
donderdagnamiddag	1	712489	98.4269
donderdagvoormiddag	1	712490	98.4271
donderden	1	712491	98.4272
donderdgek	1	712492	98.4274
donderen	1	712493	98.4275
donderstag	1	712494	98.4276
dondersteen	1	712495	98.4278
dongen	1	712496	98.4279
dongestraat	1	712497	98.428
donk	1	712498	98.4282
donkerblauw	1	712499	98.4283
donkerbruin	1	712500	98.4285
donkergrijs	1	712501	98.4286
donkey	1	712502	98.4287
donne	1	712503	98.4289
dons	1	712504	98.429
doodachtig	1	712505	98.4292
doodirritant	1	712506	98.4293
doodkuffelen	1	712507	98.4294
doodle	1	712508	98.4296
doodmaken	1	712509	98.4297
doodsaai	1	712510	98.4298
doodsteek	1	712511	98.43
doodziek	1	712512	98.4301
doof	1	712513	98.4303
dooien	1	712514	98.4304
dooirkomen	1	712515	98.4305
doooeeeiiii	1	712516	98.4307
doop	1	712517	98.4308
door-knocking	1	712518	98.4309
doorbetalen	1	712519	98.4311
doorblokken	1	712520	98.4312
doorboozen	1	712521	98.4314
doorbranden	1	712522	98.4315
doorbuffelen	1	712523	98.4316
dooreen	1	712524	98.4318
doorgaans	1	712525	98.4319
doorgang	1	712526	98.4321
doorgeefluik	1	712527	98.4322
doorgekammen	1	712528	98.4323
doorgekomen	1	712529	98.4325
doorgekropen	1	712530	98.4326
doorhakken	1	712531	98.4327
doorjagen	1	712532	98.4329
doorkijken	1	712533	98.433
doorklikscherm	1	712534	98.4332
doorknallen	1	712535	98.4333
doorknippen	1	712536	98.4334
doorkruisen	1	712537	98.4336
doormailej	1	712538	98.4337
doormeten	1	712539	98.4338
doorn	1	712540	98.434
doorreis	1	712541	98.4341
doorreizen	1	712542	98.4343
doors	1	712543	98.4344
doorschaatsen	1	712544	98.4345
doorslaapt	1	712545	98.4347
doorsmsen	1	712546	98.4348
doorspitten	1	712547	98.435
doorspoeling	1	712548	98.4351
doorsteken	1	712549	98.4352
doorstuderen	1	712550	98.4354
doorvertel	1	712551	98.4355
doorverwijzen	1	712552	98.4356
doorweekt	1	712553	98.4358
doorzijn	1	712554	98.4359
doorzoeken	1	712555	98.4361
dootgeven	1	712556	98.4362
dordrecht	1	712557	98.4363
dorect	1	712558	98.4365
dorito	1	712559	98.4366
dormicum	1	712560	98.4367
dorpskerk	1	712561	98.4369
dorst	1	712562	98.437
dorstig	1	712563	98.4372
dos	1	712564	98.4373
douchebag	1	712565	98.4374
douro	1	712566	98.4376
dow	1	712567	98.4377
downlaoden	1	712568	98.4379
downloading	1	712569	98.438
dp	1	712570	98.4381
draagzak	1	712571	98.4383
draai	1	712572	98.4384
draaideur	1	712573	98.4385
draaierig	1	712574	98.4387
drabzak	1	712575	98.4388
drag	1	712576	98.439
dramaqueen	1	712577	98.4391
dramatiek	1	712578	98.4392
dramweaver	1	712579	98.4394
drankbak	1	712580	98.4395
drankie	1	712581	98.4396
drankje-doen-ze	1	712582	98.4398
draped	1	712583	98.4399
draprien	1	712584	98.4401
drawers	1	712585	98.4402
dreads	1	712586	98.4403
dreambaby	1	712587	98.4405
dreigend	1	712588	98.4406
drem	1	712589	98.4408
drempel	1	712590	98.4409
drenthe	1	712591	98.441
driedubbel	1	712592	98.4412
drieees	1	712593	98.4413
drieen	1	712594	98.4414
driegangenmenu	1	712595	98.4416
driehonderd	1	712596	98.4417
drieling	1	712597	98.4419
driemaal	1	712598	98.442
dries	1	712599	98.4421
drievoudig	1	712600	98.4423
driewerf	1	712601	98.4424
driezie	1	712602	98.4426
drijfnat	1	712603	98.4427
drinch	1	712604	98.4428
drinfen	1	712605	98.443
dring	1	712606	98.4431
dringen	1	712607	98.4432
drinkgeld	1	712608	98.4434
drinkpartij	1	712609	98.4435
drinkplezier	1	712610	98.4437
drinkspel	1	712611	98.4438
drinkun	1	712612	98.4439
drive-in	1	712613	98.4441
driven	1	712614	98.4442
drives	1	712615	98.4443
drmee	1	712616	98.4445
drna	1	712617	98.4446
drnet	1	712618	98.4448
droep	1	712619	98.4449
droevendaalsesteeg	1	712620	98.445
drogist	1	712621	98.4452
droid	1	712622	98.4453
dromeland	1	712623	98.4455
drommel	1	712624	98.4456
dronkwedstrijd	1	712625	98.4457
droof	1	712626	98.4459
drooghouden	1	712627	98.446
droogrek	1	712628	98.4461
droomdroomdroom	1	712629	98.4463
drooms	1	712630	98.4464
dropdoos	1	712631	98.4466
dropje	1	712632	98.4467
dropklittenband	1	712633	98.4468
droppings	1	712634	98.447
drowsy	1	712635	98.4471
dru	1	712636	98.4472
druggebruik	1	712637	98.4474
drugstore	1	712638	98.4475
druif	1	712639	98.4477
druilerig	1	712640	98.4478
drukkn	1	712641	98.4479
druktemaker	1	712642	98.4481
drukwerk	1	712643	98.4482
drummen	1	712644	98.4484
drumstel	1	712645	98.4485
drumstok	1	712646	98.4486
drumt	1	712647	98.4488
drunk○	1	712648	98.4489
druuuuk	1	712649	98.449
ds	1	712650	98.4492
ds.	1	712651	98.4493
dt	1	712652	98.4495
dtje	1	712653	98.4496
dtone	1	712654	98.4497
dubieus	1	712655	98.4499
dubrovnic	1	712656	98.45
duer	1	712657	98.4501
duidelyke	1	712658	98.4503
duiden	1	712659	98.4504
duifwinnaar	1	712660	98.4506
duis	1	712661	98.4507
duitser	1	712662	98.4508
duizelig	1	712663	98.451
duizeligheid	1	712664	98.4511
duizendmaal	1	712665	98.4513
dukenburg	1	712666	98.4514
dull	1	712667	98.4515
dumpert	1	712668	98.4517
dunno	1	712669	98.4518
duo	1	712670	98.4519
duot	1	712671	98.4521
duplo	1	712672	98.4522
dupuis	1	712673	98.4524
durbuy	1	712674	98.4525
durum	1	712675	98.4526
dus.w	1	712676	98.4528
dusj	1	712677	98.4529
dusjaa	1	712678	98.453
dusjah	1	712679	98.4532
dusnik	1	712680	98.4533
dusse	1	712681	98.4535
dusted	1	712682	98.4536
duty	1	712683	98.4537
duuren	1	712684	98.4539
duurtlang	1	712685	98.454
duurtyd	1	712686	98.4542
duurzaamheid	1	712687	98.4543
duvelglas	1	712688	98.4544
duvelnacht	1	712689	98.4546
duvelschuur	1	712690	98.4547
duw	1	712691	98.4548
duwo	1	712692	98.455
dvd-speler	1	712693	98.4551
dvdbox	1	712694	98.4553
dvds	1	712695	98.4554
dvdspeler	1	712696	98.4555
dven	1	712697	98.4557
dvs	1	712698	98.4558
dvs-strandmiddag	1	712699	98.456
dwaasheid	1	712700	98.4561
dwalen	1	712701	98.4562
dwang	1	712702	98.4564
dwarsbomen	1	712703	98.4565
dwarsfluit	1	712704	98.4566
dwarslaesie	1	712705	98.4568
dwdd	1	712706	98.4569
dwergplaneet	1	712707	98.4571
dwz	1	712708	98.4572
dyke	1	712709	98.4573
dylan	1	712710	98.4575
dynabite	1	712711	98.4576
dynamo	1	712712	98.4577
dys	1	712713	98.4579
dzjeeses	1	712714	98.458
dàt	1	712715	98.4582
dààr	1	712716	98.4583
dát	1	712717	98.4584
dè	1	712718	98.4586
dénk	1	712719	98.4587
dík	1	712720	98.4589
dóe	1	712721	98.459
dólblij	1	712722	98.4591
düsseldorf	1	712723	98.4593
e-card	1	712724	98.4594
e-e	1	712725	98.4595
e-l	1	712726	98.4597
e-nor-me	1	712727	98.4598
e-reader	1	712728	98.46
e.	1	712729	98.4601
e.a.	1	712730	98.4602
e.t.a	1	712731	98.4604
eaat	1	712732	98.4605
eah	1	712733	98.4606
ear-nose-throat	1	712734	98.4608
ears	1	712735	98.4609
earth	1	712736	98.4611
eas	1	712737	98.4612
easily	1	712738	98.4613
eastern	1	712739	98.4615
eat-meating	1	712740	98.4616
eaten	1	712741	98.4618
eazt	1	712742	98.4619
ebde	1	712743	98.462
ebib	1	712744	98.4622
ebn	1	712745	98.4623
ebook	1	712746	98.4624
ech	1	712747	98.4626
echelpoel	1	712748	98.4627
echoën	1	712749	98.4629
echtgenoot	1	712750	98.463
echtpaar	1	712751	98.4631
eck	1	712752	98.4633
eclipse	1	712753	98.4634
eco-brick	1	712754	98.4635
ecoduel	1	712755	98.4637
ecoduellen	1	712756	98.4638
edge	1	712757	98.464
edinburgh	1	712758	98.4641
edith	1	712759	98.4642
edjs	1	712760	98.4644
edn	1	712761	98.4645
edoch	1	712762	98.4647
educatief	1	712763	98.4648
edwindewit.versvooru.nl	1	712764	98.4649
eeb	1	712765	98.4651
eebsc	1	712766	98.4652
eeeeeecht	1	712767	98.4653
eeeeerg	1	712768	98.4655
eeeek	1	712769	98.4656
eeeeven	1	712770	98.4658
eeft	1	712771	98.4659
eei	1	712772	98.466
eekhoorn	1	712773	98.4662
een-na-achterste	1	712774	98.4663
een_maand	1	712775	98.4665
eendenbek	1	712776	98.4666
eendenbrok	1	712777	98.4667
eeneiig	1	712778	98.4669
eenentwintig	1	712779	98.467
eenfeest	1	712780	98.4671
eenmalig	1	712781	98.4673
eennamooiste	1	712782	98.4674
eensaf	1	712783	98.4676
eensch	1	712784	98.4677
eensgezindheid	1	712785	98.4678
eentalig	1	712786	98.468
eenzijdig	1	712787	98.4681
eenzit	1	712788	98.4682
eerbetoon	1	712789	98.4684
eersie	1	712790	98.4685
eerstejaarscommissie	1	712791	98.4687
eerstvolgend	1	712792	98.4688
eet	1	712793	98.4689
eet-afspraak	1	712794	98.4691
eet-bezoek	1	712795	98.4692
eet-plan	1	712796	98.4694
eetafspraak	1	712797	98.4695
eetbaar	1	712798	98.4696
eeteuh	1	712799	98.4698
eetkamer	1	712800	98.4699
eetkamerstoel	1	712801	98.47
eetlepel	1	712802	98.4702
eetlust	1	712803	98.4703
eetsmakelijk	1	712804	98.4705
eettafel	1	712805	98.4706
eettent	1	712806	98.4707
eetwensen	1	712807	98.4709
eetze	1	712808	98.471
eeuwige	1	712809	98.4711
eeuwigheid	1	712810	98.4713
ef	1	712811	98.4714
eff	1	712812	98.4716
effenaar	1	712813	98.4717
efficiëntie	1	712814	98.4718
eg	1	712815	98.472
egel	1	712816	98.4721
egyptian	1	712817	98.4723
ehat	1	712818	98.4724
ehbo-gerief	1	712819	98.4725
ehbo-pakket	1	712820	98.4727
ehelft	1	712821	98.4728
ehen	1	712822	98.4729
eia	1	712823	98.4731
eierkoek	1	712824	98.4732
eierkoker	1	712825	98.4734
eiffeltorentickets	1	712826	98.4735
eig.	1	712827	98.4736
eige	1	712828	98.4738
eigelijk	1	712829	98.4739
eigelyk	1	712830	98.474
eigenschap	1	712831	98.4742
eigentlijk	1	712832	98.4743
eighty	1	712833	98.4745
eignlk	1	712834	98.4746
eigwnlijk	1	712835	98.4747
eij	1	712836	98.4749
eiken	1	712837	98.475
eilaaa	1	712838	98.4752
einddatum	1	712839	98.4753
einddossier	1	712840	98.4754
eindejaarsbonus	1	712841	98.4756
eindelyk	1	712842	98.4757
eindfeest	1	712843	98.4758
eindhoven-roermond	1	712844	98.476
eindig	1	712845	98.4761
eindmontage	1	712846	98.4763
eindnaar	1	712847	98.4764
eindpresentatie	1	712848	98.4765
eindresultaat	1	712849	98.4767
eindsprint	1	712850	98.4768
eindstation	1	712851	98.4769
eindwerk	1	712852	98.4771
einer	1	712853	98.4772
einwandfrei	1	712854	98.4774
eip	1	712855	98.4775
eiseter	1	712856	98.4776
eitruc	1	712857	98.4778
ej-vlucht	1	712858	98.4779
ejr	1	712859	98.4781
ekaar	1	712860	98.4782
ekstra	1	712861	98.4783
eland	1	712862	98.4785
elas	1	712863	98.4786
elastisch	1	712864	98.4787
elating	1	712865	98.4789
eldi	1	712866	98.479
electriciteit	1	712867	98.4792
electricity	1	712868	98.4793
electro	1	712869	98.4794
eleden	1	712870	98.4796
elek	1	712871	98.4797
elektriciteit	1	712872	98.4799
elektriek	1	712873	98.48
elektrolyseren	1	712874	98.4801
elemen	1	712875	98.4803
elements	1	712876	98.4804
elena	1	712877	98.4805
elephant	1	712878	98.4807
eletriekkabel	1	712879	98.4808
elevtrisch	1	712880	98.481
elfdeliniestraat	1	712881	98.4811
elimineren	1	712882	98.4812
elis	1	712883	98.4814
elisabeth	1	712884	98.4815
elisabethlaan	1	712885	98.4816
elite-kroket	1	712886	98.4818
eliza	1	712887	98.4819
elkar	1	712888	98.4821
elkxal	1	712889	98.4822
ellen	1	712890	98.4823
elles	1	712891	98.4825
elliptisch	1	712892	98.4826
ellis	1	712893	98.4828
ellow	1	712894	98.4829
elmosong	1	712895	98.483
else's	1	712896	98.4832
elsje	1	712897	98.4833
elsy	1	712898	98.4834
eltjo	1	712899	98.4836
elza	1	712900	98.4837
emailed	1	712901	98.4839
embarrassing	1	712902	98.484
emigreren	1	712903	98.4841
emme	1	712904	98.4843
emmely	1	712905	98.4844
emmen	1	712906	98.4845
emmenemmememmem	1	712907	98.4847
emo	1	712908	98.4848
emotie	1	712909	98.485
empfohlene	1	712910	98.4851
en.gij	1	712911	98.4852
en.ik	1	712912	98.4854
en.nu	1	712913	98.4855
enalaatste	1	712914	98.4857
enamoured	1	712915	98.4858
enben	1	712916	98.4859
encoderen	1	712917	98.4861
encounter	1	712918	98.4862
encyclopedia	1	712919	98.4863
ended	1	712920	98.4865
endomondo	1	712921	98.4866
endurance	1	712922	98.4868
eneen	1	712923	98.4869
energiedrank	1	712924	98.487
energiek	1	712925	98.4872
energieverkoper	1	712926	98.4873
energy	1	712927	98.4874
enerveren	1	712928	98.4876
eneuh	1	712929	98.4877
engefilmenfeest	1	712930	98.4879
engelaar	1	712931	98.488
engelsen	1	712932	98.4881
engerd	1	712933	98.4883
engine	1	712934	98.4884
enige	1	712935	98.4886
enigst	1	712936	98.4887
enja	1	712937	98.4888
enjah	1	712938	98.489
enjoyable	1	712939	98.4891
enjoying	1	712940	98.4892
enmarije	1	712941	98.4894
enneuuh	1	712942	98.4895
ennn	1	712943	98.4897
ennuh	1	712944	98.4898
enom	1	712945	98.4899
enqueteverslag	1	712946	98.4901
enquête	1	712947	98.4902
enschedees	1	712948	98.4903
enschedese	1	712949	98.4905
enschot	1	712950	98.4906
ensemble	1	712951	98.4908
ent	1	712952	98.4909
enten	1	712953	98.491
entering	1	712954	98.4912
enterprice	1	712955	98.4913
enthusiasm	1	712956	98.4915
entirely	1	712957	98.4916
entrepreneurial	1	712958	98.4917
envie	1	712959	98.4919
environmental	1	712960	98.492
enzovoort	1	712961	98.4921
epic	1	712962	98.4923
epo	1	712963	98.4924
erachterrijden	1	712964	98.4926
erasmus	1	712965	98.4927
erbarmelijk	1	712966	98.4928
erbovenop	1	712967	98.493
erectus	1	712968	98.4931
eredivisie	1	712969	98.4933
eredoctoraat	1	712970	98.4934
eregarde	1	712971	98.4935
erf	1	712972	98.4937
erg.wat	1	712973	98.4938
erika	1	712974	98.4939
erme	1	712975	98.4941
ermelo	1	712976	98.4942
ern	1	712977	98.4944
ernaartoe	1	712978	98.4945
ernaat	1	712979	98.4946
ernesto	1	712980	98.4948
ernst	1	712981	98.4949
eromheen	1	712982	98.495
erotomanie	1	712983	98.4952
eroverheen	1	712984	98.4953
erpel	1	712985	98.4955
erreichst	1	712986	98.4956
errond	1	712987	98.4957
errors	1	712988	98.4959
errr	1	712989	98.496
errrg	1	712990	98.4962
errrr	1	712991	98.4963
errug	1	712992	98.4964
ertegen	1	712993	98.4966
ertegenaan	1	712994	98.4967
ervaar	1	712995	98.4968
erwt	1	712996	98.497
esc	1	712997	98.4971
escaleren	1	712998	98.4973
escorteren	1	712999	98.4974
escortmeisje	1	713000	98.4975
escortservice	1	713001	98.4977
especially	1	713002	98.4978
espere	1	713003	98.4979
esplanade	1	713004	98.4981
esplanadeplein	1	713005	98.4982
espressoautomaat	1	713006	98.4984
essuie-glace	1	713007	98.4985
est-ce	1	713008	98.4986
est-il	1	713009	98.4988
esta	1	713010	98.4989
esta-aanvraag	1	713011	98.4991
estelle	1	713012	98.4992
ester	1	713013	98.4993
esther	1	713014	98.4995
esthetisch	1	713015	98.4996
etcxd	1	713016	98.4997
etelijk	1	713017	98.4999
eten+	1	713018	98.5
eten-argument	1	713019	98.5002
etenje	1	713020	98.5003
etenxd	1	713021	98.5004
eter	1	713022	98.5006
etes	1	713023	98.5007
ethisch	1	713024	98.5008
etn	1	713025	98.501
etudie	1	713026	98.5011
eu-standpunt	1	713027	98.5013
euhmm	1	713028	98.5014
euhmmmm	1	713029	98.5015
euj	1	713030	98.5017
eulo	1	713031	98.5018
eupen-westerlo	1	713032	98.502
euromast	1	713033	98.5021
euromillions	1	713034	98.5022
euromossel	1	713035	98.5024
europ	1	713036	98.5025
europeans	1	713037	98.5026
europetrip	1	713038	98.5028
euros	1	713039	98.5029
eurostarding	1	713040	98.5031
evacuatie	1	713041	98.5032
evaluatievergadering	1	713042	98.5033
evangelisch	1	713043	98.5035
evelienies	1	713044	98.5036
evelientje	1	713045	98.5037
even.to	1	713046	98.5039
eveneens	1	713047	98.504
evengoed	1	713048	98.5042
evenmin	1	713049	98.5043
eventually	1	713050	98.5044
eventue	1	713051	98.5046
evenveel	1	713052	98.5047
everest	1	713053	98.5049
everytzing	1	713054	98.505
evidence	1	713055	98.5051
ewa	1	713056	98.5053
ewelja	1	713057	98.5054
ex-baas	1	713058	98.5055
ex-barman	1	713059	98.5057
ex-buurjongen	1	713060	98.5058
ex-buurman	1	713061	98.506
ex-collega	1	713062	98.5061
ex-half-neef	1	713063	98.5062
ex-roomie	1	713064	98.5064
ex.	1	713065	98.5065
exactement	1	713066	98.5067
exactly	1	713067	98.5068
examencommissie	1	713068	98.5069
examenklas	1	713069	98.5071
exbestuursgenoot	1	713070	98.5072
exceeding	1	713071	98.5073
excelfiles	1	713072	98.5075
excelplezier	1	713073	98.5076
excl	1	713074	98.5078
excu	1	713075	98.5079
excus	1	713076	98.508
excuseren	1	713077	98.5082
exept	1	713078	98.5083
exercises	1	713079	98.5084
existentiel	1	713080	98.5086
exodus	1	713081	98.5087
expand	1	713082	98.5089
expanding	1	713083	98.509
expendable	1	713084	98.5091
experience	1	713085	98.5093
expert	1	713086	98.5094
expertxd	1	713087	98.5096
explained	1	713088	98.5097
explaining	1	713089	98.5098
explanation	1	713090	98.51
expliquer	1	713091	98.5101
exploration	1	713092	98.5102
exporteren	1	713093	98.5104
exposition	1	713094	98.5105
express	1	713095	98.5107
exqibhebben	1	713096	98.5108
exras-devel	1	713097	98.5109
ext	1	713098	98.5111
extended	1	713099	98.5112
extensie	1	713100	98.5113
extra-mega-jacht	1	713101	98.5115
extract	1	713102	98.5116
extragratis	1	713103	98.5118
extras	1	713104	98.5119
extras-devel	1	713105	98.512
exuse	1	713106	98.5122
exvriend	1	713107	98.5123
eyck	1	713108	98.5125
eyeliner	1	713109	98.5126
eén	1	713110	98.5127
f.	1	713111	98.5129
fa	1	713112	98.513
faalbokaalpunt	1	713113	98.5131
faalhond	1	713114	98.5133
fabeltastishe	1	713115	98.5134
faboor	1	713116	98.5136
facavond	1	713117	98.5137
facebookchat	1	713118	98.5138
facebookintegratie	1	713119	98.514
facebookupdate	1	713120	98.5141
facebookvriend	1	713121	98.5142
fache	1	713122	98.5144
faciliteit	1	713123	98.5145
facing	1	713124	98.5147
fack	1	713125	98.5148
factor	1	713126	98.5149
factuurbedrag	1	713127	98.5151
faithless	1	713128	98.5152
fake	1	713129	98.5154
fakir	1	713130	98.5155
fakking	1	713131	98.5156
falafel	1	713132	98.5158
falcksvej	1	713133	98.5159
falconrock	1	713134	98.516
faler	1	713135	98.5162
falica	1	713136	98.5163
fall	1	713137	98.5165
fals	1	713138	98.5166
fame	1	713139	98.5167
famiglia	1	713140	98.5169
familiaal	1	713141	98.517
familienaam	1	713142	98.5171
familieshizzle	1	713143	98.5173
familieverplichting	1	713144	98.5174
familiewapen	1	713145	98.5176
familieweekend	1	713146	98.5177
fang	1	713147	98.5178
fanny	1	713148	98.518
fansite	1	713149	98.5181
fanta	1	713150	98.5183
fantaseren	1	713151	98.5184
fantasialand	1	713152	98.5185
fapfapfap	1	713153	98.5187
farmer	1	713154	98.5188
farmville	1	713155	98.5189
fascade	1	713156	98.5191
fashion	1	713157	98.5192
fashionably	1	713158	98.5194
fashionisto	1	713159	98.5195
fasor	1	713160	98.5196
fat	1	713161	98.5198
father	1	713162	98.5199
fauteuil	1	713163	98.5201
fauwie	1	713164	98.5202
favorite	1	713165	98.5203
faxen	1	713166	98.5205
fazeken	1	713167	98.5206
fck	1	713168	98.5207
fdat	1	713169	98.5209
fdtoets	1	713170	98.521
fear	1	713171	98.5212
feautuil	1	713172	98.5213
feb.	1	713173	98.5214
febr	1	713174	98.5216
februarirevolutie	1	713175	98.5217
february	1	713176	98.5218
fed	1	713177	98.522
feden	1	713178	98.5221
federer	1	713179	98.5223
fee	1	713180	98.5224
feed	1	713181	98.5225
feels	1	713182	98.5227
fees	1	713183	98.5228
feesie	1	713184	98.523
feestbeest	1	713185	98.5231
feestcommissie	1	713186	98.5232
feestding	1	713187	98.5234
feesteeeuuuuh	1	713188	98.5235
feestelijkheid	1	713189	98.5236
feesteuh	1	713190	98.5238
feestfestijn	1	713191	98.5239
feestgedoe	1	713192	98.5241
feestimago	1	713193	98.5242
feestjuh	1	713194	98.5243
feestmuziek	1	713195	98.5245
feestnummer	1	713196	98.5246
feestpagina	1	713197	98.5247
feeststemming	1	713198	98.5249
feestuh	1	713199	98.525
feestvereniging	1	713200	98.5252
feestweek	1	713201	98.5253
feestze	1	713202	98.5254
feet	1	713203	98.5256
fefeliciteerd	1	713204	98.5257
fel-turquise	1	713205	98.5259
felefoon	1	713206	98.526
feleliciteren	1	713207	98.5261
felicitaciones	1	713208	98.5263
feliciteeeren	1	713209	98.5264
feliciteerd	1	713210	98.5265
felicteren	1	713211	98.5267
felix	1	713212	98.5268
felixiteren	1	713213	98.527
fell	1	713214	98.5271
felrood	1	713215	98.5272
female	1	713216	98.5274
feminemaal	1	713217	98.5275
feminine	1	713218	98.5276
fenomeen	1	713219	98.5278
fenpruver	1	713220	98.5279
ferrari	1	713221	98.5281
ferre	1	713222	98.5282
ferreira	1	713223	98.5283
festijn	1	713224	98.5285
festivalbezoek	1	713225	98.5286
festivalcafé	1	713226	98.5288
festivalconcert	1	713227	98.5289
festivalterrein	1	713228	98.529
festivaltime	1	713229	98.5292
festivalweekend	1	713230	98.5293
festiviteit	1	713231	98.5294
fet	1	713232	98.5296
feta	1	713233	98.5297
fetch	1	713234	98.5299
feture	1	713235	98.53
feut	1	713236	98.5301
fey	1	713237	98.5303
feyenoord	1	713238	98.5304
ffrom	1	713239	98.5305
fgw	1	713240	98.5307
fiasco	1	713241	98.5308
fiat	1	713242	98.531
fiche	1	713243	98.5311
fictie	1	713244	98.5312
fie	1	713245	98.5314
fields	1	713246	98.5315
fiesenmaker	1	713247	98.5317
fiesta	1	713248	98.5318
fiet	1	713249	98.5319
fieta	1	713250	98.5321
fiete	1	713251	98.5322
fietel	1	713252	98.5323
fietsbel	1	713253	98.5325
fietse	1	713254	98.5326
fietsenkelder	1	713255	98.5328
fietsenspeciaalzaak	1	713256	98.5329
fietsgps	1	713257	98.533
fietslicht	1	713258	98.5332
fietsplezier	1	713259	98.5333
fietsprobleem	1	713260	98.5335
fietsrek	1	713261	98.5336
fietsroute	1	713262	98.5337
fietssleutel	1	713263	98.5339
fietsslot	1	713264	98.534
fietstunnel	1	713265	98.5341
fietsvergoeding	1	713266	98.5343
fietsvork	1	713267	98.5344
fietsvriendelijk	1	713268	98.5346
fietsweer	1	713269	98.5347
fietswinkel	1	713270	98.5348
fiette	1	713271	98.535
fieuw	1	713272	98.5351
fifa-toernooi	1	713273	98.5352
fifaaaen	1	713274	98.5354
fighters	1	713275	98.5355
figure	1	713276	98.5357
fihp	1	713277	98.5358
fijndag	1	713278	98.5359
fijnfisjenie	1	713279	98.5361
fijngevoel	1	713280	98.5362
fijnproever	1	713281	98.5364
fiks	1	713282	98.5365
fil	1	713283	98.5366
filesong	1	713284	98.5368
filevorming	1	713285	98.5369
filippo	1	713286	98.537
fillier	1	713287	98.5372
filliers	1	713288	98.5373
fillierstent	1	713289	98.5375
filmeren	1	713290	98.5376
filmlp	1	713291	98.5377
filmmuziek	1	713292	98.5379
filmp	1	713293	98.538
filmsfeest	1	713294	98.5381
filmster	1	713295	98.5383
filmticket	1	713296	98.5384
filmzaal	1	713297	98.5386
filosofisch	1	713298	98.5387
financieen	1	713299	98.5388
financiel	1	713300	98.539
fingerpaint	1	713301	98.5391
fini	1	713302	98.5393
finishedn	1	713303	98.5394
finishing	1	713304	98.5395
finito	1	713305	98.5397
finland	1	713306	98.5398
finneman	1	713307	98.5399
finnemin	1	713308	98.5401
firefox	1	713309	98.5402
firewall	1	713310	98.5404
firewind	1	713311	98.5405
firmware	1	713312	98.5406
fisher	1	713313	98.5408
fishstick	1	713314	98.5409
fisje	1	713315	98.541
fiskar	1	713316	98.5412
fissa	1	713317	98.5413
fistoleer	1	713318	98.5415
fitnessabonnement	1	713319	98.5416
fitnesstime	1	713320	98.5417
fixatie	1	713321	98.5419
fixed	1	713322	98.542
fkes	1	713323	98.5422
flair	1	713324	98.5423
flandres	1	713325	98.5424
flansen	1	713326	98.5426
flap	1	713327	98.5427
flapdrol	1	713328	98.5428
flapperen	1	713329	98.543
flashback	1	713330	98.5431
flasht	1	713331	98.5433
flashy	1	713332	98.5434
flatley	1	713333	98.5435
fleecedeken	1	713334	98.5437
flemen	1	713335	98.5438
flessen	1	713336	98.5439
fleuris	1	713337	98.5441
flew	1	713338	98.5442
flex	1	713339	98.5444
flex-werkplek	1	713340	98.5445
flexwerken	1	713341	98.5446
flies	1	713342	98.5448
flike	1	713343	98.5449
flikken	1	713344	98.5451
flikker	1	713345	98.5452
flinkspierpijn	1	713346	98.5453
flirtation	1	713347	98.5455
flirted	1	713348	98.5456
flirter	1	713349	98.5457
flirting	1	713350	98.5459
flirty	1	713351	98.546
flits	1	713352	98.5462
flitsbezoek	1	713353	98.5463
flitsboete	1	713354	98.5464
flitsen	1	713355	98.5466
flitser	1	713356	98.5467
flitsstatief	1	713357	98.5469
floegloegloe	1	713358	98.547
flooded	1	713359	98.5471
flop	1	713360	98.5473
floris	1	713361	98.5474
flowchart	1	713362	98.5475
flows	1	713363	98.5477
flrentine	1	713364	98.5478
flub	1	713365	98.548
flube	1	713366	98.5481
fluff	1	713367	98.5482
fluim	1	713368	98.5484
fluisteren	1	713369	98.5485
fluit	1	713370	98.5486
flurelurelure	1	713371	98.5488
flurries	1	713372	98.5489
flutgolf	1	713373	98.5491
fluub	1	713374	98.5492
fly	1	713375	98.5493
flyerkes	1	713376	98.5495
fm-zender	1	713377	98.5496
fnie	1	713378	98.5498
foef	1	713379	98.5499
foerier	1	713380	98.55
foerieren	1	713381	98.5502
foesboek	1	713382	98.5503
foetsie	1	713383	98.5504
fok	1	713384	98.5506
fokke	1	713385	98.5507
fokking	1	713386	98.5509
foley	1	713387	98.551
foleys	1	713388	98.5511
folie	1	713389	98.5513
foliek	1	713390	98.5514
folkert	1	713391	98.5515
follow-up	1	713392	98.5517
foltering	1	713393	98.5518
fondue	1	713394	98.552
fondue-set	1	713395	98.5521
fontein	1	713396	98.5522
fonzie	1	713397	98.5524
foo	1	713398	98.5525
foodie	1	713399	98.5527
foodz	1	713400	98.5528
fooi	1	713401	98.5529
fool	1	713402	98.5531
fools	1	713403	98.5532
foort	1	713404	98.5533
foppen	1	713405	98.5535
fora	1	713406	98.5536
force	1	713407	98.5538
forced	1	713408	98.5539
foreign	1	713409	98.554
formal	1	713410	98.5542
formalitei	1	713411	98.5543
formateren	1	713412	98.5544
formatting	1	713413	98.5546
forme	1	713414	98.5547
formulering	1	713415	98.5549
fornuis	1	713416	98.555
fort	1	713417	98.5551
forth	1	713418	98.5553
fortis	1	713419	98.5554
fortissio	1	713420	98.5556
fortuin	1	713421	98.5557
fortuyn	1	713422	98.5558
fortuynkostuum	1	713423	98.556
forty	1	713424	98.5561
forwarden	1	713425	98.5562
forze-vest	1	713426	98.5564
foto's	1	713427	98.5565
foto-deadline	1	713428	98.5567
fotoalbum	1	713429	98.5568
fotoboekje	1	713430	98.5569
fotoding	1	713431	98.5571
fotogenese	1	713432	98.5572
fotografieplan	1	713433	98.5573
fotografieur	1	713434	98.5575
fotografisch	1	713435	98.5576
fotografía	1	713436	98.5578
fotorealistisch	1	713437	98.5579
fotorol	1	713438	98.558
fotoshop	1	713439	98.5582
fotoslider	1	713440	98.5583
fotozooi	1	713441	98.5585
foundation	1	713442	98.5586
foutcode	1	713443	98.5587
fox	1	713444	98.5589
fr	1	713445	98.559
frag	1	713446	98.5591
fragging	1	713447	98.5593
framboos	1	713448	98.5594
framcisco	1	713449	98.5596
frame	1	713450	98.5597
franchipan	1	713451	98.5598
francophones	1	713452	98.56
fransen	1	713453	98.5601
fransicso	1	713454	98.5603
fraude	1	713455	98.5604
fraulein	1	713456	98.5605
fre(y)	1	713457	98.5607
fred	1	713458	98.5608
fredo	1	713459	98.5609
freespin	1	713460	98.5611
freezen	1	713461	98.5612
freezing	1	713462	98.5614
frenk	1	713463	98.5615
fret	1	713464	98.5616
fridayavond	1	713465	98.5618
fridge	1	713466	98.5619
friebdben	1	713467	98.562
friees	1	713468	98.5622
friemelen	1	713469	98.5623
friend's	1	713470	98.5625
frietfestijn	1	713471	98.5626
frietpantransport	1	713472	98.5627
frietshop	1	713473	98.5629
frietuur	1	713474	98.563
friggin	1	713475	98.5632
frigobox	1	713476	98.5633
fringe	1	713477	98.5634
frisbee	1	713478	98.5636
frisbeeën	1	713479	98.5637
frisheid	1	713480	98.5638
friskies	1	713481	98.564
frissemoed	1	713482	98.5641
frissen	1	713483	98.5643
fristen	1	713484	98.5644
frit	1	713485	98.5645
fritecycle	1	713486	98.5647
friteuse	1	713487	98.5648
frituren	1	713488	98.5649
frituurfeest	1	713489	98.5651
frituurking	1	713490	98.5652
frituurmaaltijd	1	713491	98.5654
frituurpan	1	713492	98.5655
frituurvlees	1	713493	98.5656
fritzlen	1	713494	98.5658
frkrgeregel	1	713495	98.5659
froetecolairig	1	713496	98.5661
fromage	1	713497	98.5662
frontaal	1	713498	98.5663
frrrrreeezing	1	713499	98.5665
fruh	1	713500	98.5666
fruher	1	713501	98.5667
fruitcocktail	1	713502	98.5669
fruitmarkt	1	713503	98.567
fruity	1	713504	98.5672
frustatie	1	713505	98.5673
frustratie	1	713506	98.5674
frustrerend	1	713507	98.5676
frut	1	713508	98.5677
frutje	1	713509	98.5678
frying	1	713510	98.568
fsw	1	713511	98.5681
ftac	1	713512	98.5683
ftf	1	713513	98.5684
fucked	1	713514	98.5685
fucker	1	713515	98.5687
fuguurlljk	1	713516	98.5688
fuive	1	713517	98.569
fuiven	1	713518	98.5691
fukking	1	713519	98.5692
fully	1	713520	98.5694
fun.xx	1	713521	98.5695
functionaliteit	1	713522	98.5696
functioneringsgesprek	1	713523	98.5698
fundering	1	713524	98.5699
fune	1	713525	98.5701
funeral	1	713526	98.5702
funf	1	713527	98.5703
funni	1	713528	98.5705
funnifanboek	1	713529	98.5706
fur	1	713530	98.5707
furiae	1	713531	98.5709
furie	1	713532	98.571
fuseren	1	713533	98.5712
fut	1	713534	98.5713
futile	1	713535	98.5714
fyi	1	713536	98.5716
fysio-en	1	713537	98.5717
fysiofitness	1	713538	98.5719
fysiotherapeut	1	713539	98.572
fz	1	713540	98.5721
für	1	713541	98.5723
g's	1	713542	98.5724
ga't	1	713543	98.5725
ga(an)	1	713544	98.5727
gaa	1	713545	98.5728
gaaaaap	1	713546	98.573
gaaaap	1	713547	98.5731
gaaaf	1	713548	98.5732
gaaj	1	713549	98.5734
gaam	1	713550	98.5735
gaamln	1	713551	98.5737
gaanbij	1	713552	98.5738
gaanbinnembrengem	1	713553	98.5739
gaaneten	1	713554	98.5741
gaanwe	1	713555	98.5742
gaarig	1	713556	98.5743
gaast	1	713557	98.5745
gaat-ie	1	713558	98.5746
gaatt	1	713559	98.5748
gab	1	713560	98.5749
gaby	1	713561	98.575
gaddorie	1	713562	98.5752
gadgetliefhebber	1	713563	98.5753
gaga-kaart	1	713564	98.5754
gaga-liefhebber	1	713565	98.5756
gager	1	713566	98.5757
gajet	1	713567	98.5759
gala	1	713568	98.576
galabal	1	713569	98.5761
galadiner	1	713570	98.5763
galajurk	1	713571	98.5764
galant	1	713572	98.5766
galerie	1	713573	98.5767
galerijhek	1	713574	98.5768
galgenhuis	1	713575	98.577
gallerie	1	713576	98.5771
galleryplay	1	713577	98.5772
galore	1	713578	98.5774
gama	1	713579	98.5775
gameplay	1	713580	98.5777
games	1	713581	98.5778
gandalf	1	713582	98.5779
gang.fi	1	713583	98.5781
gangkast	1	713584	98.5782
ganzenhel	1	713585	98.5783
gapen	1	713586	98.5785
garagedeur	1	713587	98.5786
garagesoort	1	713588	98.5788
garagist	1	713589	98.5789
garantie	1	713590	98.579
garantiebewijs	1	713591	98.5792
gardameer	1	713592	98.5793
garde	1	713593	98.5795
garden	1	713594	98.5796
garderobe	1	713595	98.5797
gascondensatieketel	1	713596	98.5799
gasleiding	1	713597	98.58
gaspedaal	1	713598	98.5801
gaspedaalsensor	1	713599	98.5803
gassen	1	713600	98.5804
gastdocent	1	713601	98.5806
gastenboek	1	713602	98.5807
gastenlijst	1	713603	98.5808
gasteruggave	1	713604	98.581
gastgezin	1	713605	98.5811
gaststel	1	713606	98.5812
gastvrij	1	713607	98.5814
gastvrouw	1	713608	98.5815
gasunie	1	713609	98.5817
gatachterlijk	1	713610	98.5818
gatenplant	1	713611	98.5819
gaversieren	1	713612	98.5821
gawe	1	713613	98.5822
gayradar	1	713614	98.5824
gazettenwinkel	1	713615	98.5825
gca	1	713616	98.5826
gchat	1	713617	98.5828
gd	1	713618	98.5829
gdaan	1	713619	98.583
gdansk	1	713620	98.5832
gdn	1	713621	98.5833
ge-bcc	1	713622	98.5835
ge-cheft	1	713623	98.5836
geacht	1	713624	98.5837
geantwortet	1	713625	98.5839
gearbeit	1	713626	98.584
gebak	1	713627	98.5841
gebaren	1	713628	98.5843
gebarentaal	1	713629	98.5844
gebbqd	1	713630	98.5846
gebeur'n	1	713631	98.5847
gebieden	1	713632	98.5848
geblevenr	1	713633	98.585
geboorte	1	713634	98.5851
geboortedatum	1	713635	98.5853
geboortekaartje	1	713636	98.5854
geboortewijding	1	713637	98.5855
geborgenheid	1	713638	98.5857
gebr	1	713639	98.5858
gebral	1	713640	98.5859
gebreid	1	713641	98.5861
gebrekkig	1	713642	98.5862
gebruien	1	713643	98.5864
gebruikersnaam	1	713644	98.5865
gebruiksaanwijzing	1	713645	98.5866
gebuurte	1	713646	98.5868
gec	1	713647	98.5869
gecancelen	1	713648	98.5871
gecko	1	713649	98.5872
ged	1	713650	98.5873
gedan	1	713651	98.5875
gedienstig	1	713652	98.5876
gedikke	1	713653	98.5877
geditcht	1	713654	98.5879
gedonder	1	713655	98.588
gedopt	1	713656	98.5882
gedouchet	1	713657	98.5883
gedouht	1	713658	98.5884
gedrilled	1	713659	98.5886
gedrocht	1	713660	98.5887
geduldig	1	713661	98.5888
gedwee	1	713662	98.589
geeindigd	1	713663	98.5891
geel-geel	1	713664	98.5893
geelectrodoceerd	1	713665	98.5894
geeltje	1	713666	98.5895
geelzwart	1	713667	98.5897
geene	1	713668	98.5898
geeneen	1	713669	98.59
geenszins	1	713670	98.5901
geertrui	1	713671	98.5902
geest	1	713672	98.5904
geestelijk	1	713673	98.5905
geexcuseerd	1	713674	98.5906
gefb't	1	713675	98.5908
gefeb	1	713676	98.5909
gefeli	1	713677	98.5911
gefeliciflapstaart	1	713678	98.5912
gefilosofeer	1	713679	98.5913
gefixed	1	713680	98.5915
gefragt	1	713681	98.5916
gefrustreerd	1	713682	98.5917
gehaast	1	713683	98.5919
gehalte	1	713684	98.592
gehaltemaar	1	713685	98.5922
gehe	1	713686	98.5923
geheimzinnig	1	713687	98.5924
gehighteat	1	713688	98.5926
gehoor	1	713689	98.5927
gehoorgang	1	713690	98.5929
gehort	1	713691	98.593
gehts	1	713692	98.5931
gehumeurd	1	713693	98.5933
gein	1	713694	98.5934
geincasseerd	1	713695	98.5935
geinformeerdhoe	1	713696	98.5937
geinig	1	713697	98.5938
geintresseerd	1	713698	98.594
geintroduceerd	1	713699	98.5941
geirn	1	713700	98.5942
geiser	1	713701	98.5944
geitenwollensokken	1	713702	98.5945
geitenwollensokkengehalte	1	713703	98.5946
gekauft	1	713704	98.5948
gekekn	1	713705	98.5949
gekkegut	1	713706	98.5951
gekkers	1	713707	98.5952
geklap	1	713708	98.5953
geklungel	1	713709	98.5955
geknipt	1	713710	98.5956
gekocht	1	713711	98.5958
gekome	1	713712	98.5959
gekoos	1	713713	98.596
gekraak	1	713714	98.5962
gekrabben	1	713715	98.5963
gekrabt	1	713716	98.5964
gekrijs	1	713717	98.5966
gekuist	1	713718	98.5967
gekunnen	1	713719	98.5969
gekus	1	713720	98.597
gelderland	1	713721	98.5971
geldermalsen	1	713722	98.5973
geldnood	1	713723	98.5974
geldrop	1	713724	98.5975
geldspel	1	713725	98.5977
geldzaak	1	713726	98.5978
geleiden	1	713727	98.598
gelez	1	713728	98.5981
gelezenmarkering	1	713729	98.5982
geliefd	1	713730	98.5984
geliefde	1	713731	98.5985
gelieven	1	713732	98.5987
gelijkgezind	1	713733	98.5988
gelijkvloers	1	713734	98.5989
gelin	1	713735	98.5991
gelof	1	713736	98.5992
gelofen	1	713737	98.5993
geloof	1	713738	98.5995
geluidloos	1	713739	98.5996
geluidsfragment	1	713740	98.5998
geluidsisolatie	1	713741	98.5999
geluidsman	1	713742	98.6
geluidsqualiteit	1	713743	98.6002
geluidstoren	1	713744	98.6003
geluidtoren	1	713745	98.6005
gelukig	1	713746	98.6006
gelukkighebben	1	713747	98.6007
geluksdag	1	713748	98.6009
geluksvogel	1	713749	98.601
gelyk	1	713750	98.6011
gelykt	1	713751	98.6013
gelóóf	1	713752	98.6014
gem	1	713753	98.6016
gemaait	1	713754	98.6017
gemaak	1	713755	98.6018
gemail	1	713756	98.602
gemailde	1	713757	98.6021
gemaskerd	1	713758	98.6022
gembersiroop	1	713759	98.6024
gemeenschapsschool	1	713760	98.6025
gemser	1	713761	98.6027
genaaid	1	713762	98.6028
genaakt	1	713763	98.6029
genaamd	1	713764	98.6031
genees	1	713765	98.6032
general	1	713766	98.6034
generatie	1	713767	98.6035
generatiekloof	1	713768	98.6036
generation	1	713769	98.6038
genetics	1	713770	98.6039
genezing	1	713771	98.604
geniet	1	713772	98.6042
genieter	1	713773	98.6043
genietet	1	713774	98.6045
genk-gent	1	713775	98.6046
genken	1	713776	98.6047
genkenaar	1	713777	98.6049
genmab	1	713778	98.605
geno	1	713779	98.6051
genodigde	1	713780	98.6053
genoeghoor	1	713781	98.6054
genoodzaakt	1	713782	98.6056
genset	1	713783	98.6057
gent-anderlecht	1	713784	98.6058
gently	1	713785	98.606
geocache	1	713786	98.6061
geochach	1	713787	98.6063
geografie	1	713788	98.6064
geoon	1	713789	98.6065
geopen	1	713790	98.6067
georgetown	1	713791	98.6068
gepen	1	713792	98.6069
gepland	1	713793	98.6071
geploft	1	713794	98.6072
geplonst	1	713795	98.6074
gepropte	1	713796	98.6075
gepubquizd	1	713797	98.6076
gequizd	1	713798	98.6078
gequizt	1	713799	98.6079
gerard	1	713800	98.608
gerbera	1	713801	98.6082
gerby	1	713802	98.6083
gerderen	1	713803	98.6085
gerechtigheid	1	713804	98.6086
gerekt	1	713805	98.6087
geritsel	1	713806	98.6089
gerlinde	1	713807	98.609
germans	1	713808	98.6092
germany	1	713809	98.6093
germs	1	713810	98.6094
gerobeerd	1	713811	98.6096
geronde	1	713812	98.6097
gerookt	1	713813	98.6098
gerrcht	1	713814	98.61
geruim	1	713815	98.6101
geruit	1	713816	98.6103
gerustlaat	1	713817	98.6104
geschiede	1	713818	98.6105
geschiedenisboek	1	713819	98.6107
geschiedenismail	1	713820	98.6108
gescout	1	713821	98.6109
geskyped	1	713822	98.6111
geslachtsloos	1	713823	98.6112
geslapen	1	713824	98.6114
gesneaked	1	713825	98.6115
gesperrt	1	713826	98.6116
gespijbel	1	713827	98.6118
gesport.be	1	713828	98.6119
gespr	1	713829	98.6121
gespreksonderwerp	1	713830	98.6122
gespreksronde	1	713831	98.6123
gespreksverslag	1	713832	98.6125
gestaag	1	713833	98.6126
gestadshapt	1	713834	98.6127
gestokn	1	713835	98.6129
gestreken	1	713836	98.613
gestressde	1	713837	98.6132
gestressed	1	713838	98.6133
gestrest	1	713839	98.6134
geswitst	1	713840	98.6136
gesynchroniseerd	1	713841	98.6137
getal	1	713842	98.6139
getalenteerd	1	713843	98.614
getalked	1	713844	98.6141
getgpspos	1	713845	98.6143
gether	1	713846	98.6144
getik	1	713847	98.6145
getroosten	1	713848	98.6147
getrouw	1	713849	98.6148
getto	1	713850	98.615
getver	1	713851	98.6151
getweet	1	713852	98.6152
geub	1	713853	98.6154
geul	1	713854	98.6155
geupdate	1	713855	98.6156
geuzennaam	1	713856	98.6158
gevaar	1	713857	98.6159
gevalln	1	713858	98.6161
gevangenis	1	713859	98.6162
gevel	1	713860	98.6163
gevelsteen	1	713861	98.6165
gevenv	1	713862	98.6166
gevn	1	713863	98.6168
gevoelig	1	713864	98.6169
gevoeligheid	1	713865	98.617
gevonddn	1	713866	98.6172
gevuld	1	713867	98.6173
gew	1	713868	98.6174
gew.hoe	1	713869	98.6176
gewapend	1	713870	98.6177
geweeest	1	713871	98.6179
geweestdan	1	713872	98.618
geweienman	1	713873	98.6181
gewenst	1	713874	98.6183
gewestfeest	1	713875	98.6184
gewhatsappen	1	713876	98.6185
gewonncn	1	713877	98.6187
gewonne	1	713878	98.6188
gewoonm	1	713879	98.619
gewrichtsbanden	1	713880	98.6191
gezag	1	713881	98.6192
gezegde	1	713882	98.6194
gezelige	1	713883	98.6195
gezelli	1	713884	98.6197
gezellig+had	1	713885	98.6198
gezelllig	1	713886	98.6199
gezellligheid	1	713887	98.6201
gezelschapsdier	1	713888	98.6202
gezichtsuitdrukking	1	713889	98.6203
gezichtsverzorging	1	713890	98.6205
gezinsuitstap	1	713891	98.6206
gezondheidsprobleem	1	713892	98.6208
gezondheidszorg	1	713893	98.6209
gezondheidszorgbeleid	1	713894	98.621
gezwind	1	713895	98.6212
gezwóren	1	713896	98.6213
geüpdate	1	713897	98.6214
gf	1	713898	98.6216
ggf	1	713899	98.6217
ggz	1	713900	98.6219
ghatkoper	1	713901	98.622
gheghe	1	713902	98.6221
ghehe	1	713903	98.6223
ghemd	1	713904	98.6224
ghosts	1	713905	98.6226
ghuis	1	713906	98.6227
giants	1	713907	98.6228
gibbernicht	1	713908	98.623
gibson	1	713909	98.6231
giechelen	1	713910	98.6232
gied	1	713911	98.6234
gier	1	713912	98.6235
gierigen	1	713913	98.6237
giete	1	713914	98.6238
gieter	1	713915	98.6239
gif	1	713916	98.6241
giga	1	713917	98.6242
gigaduf	1	713918	98.6244
gigakoortsblaars	1	713919	98.6245
gijzenveldstraat	1	713920	98.6246
gilbert	1	713921	98.6248
gille	1	713922	98.6249
giller	1	713923	98.625
gimmick	1	713924	98.6252
ginds	1	713925	98.6253
ging(en)	1	713926	98.6255
ginne	1	713927	98.6256
gino	1	713928	98.6257
gipskamer	1	713929	98.6259
giraf	1	713930	98.626
giraldo	1	713931	98.6261
girlfriend	1	713932	98.6263
girlfriends	1	713933	98.6264
girlie	1	713934	98.6266
girly	1	713935	98.6267
giro	1	713936	98.6268
gisele	1	713937	98.627
giseren	1	713938	98.6271
gist	1	713939	98.6273
gisten	1	713940	98.6274
gisterav	1	713941	98.6275
gisterej	1	713942	98.6277
gisterenavnd	1	713943	98.6278
gisterennacht	1	713944	98.6279
gistern	1	713945	98.6281
gisternacht	1	713946	98.6282
gisterochtend	1	713947	98.6284
gistren	1	713948	98.6285
gistrn	1	713949	98.6286
gitaarles	1	713950	98.6288
gitarist	1	713951	98.6289
gj	1	713952	98.629
gladgesleten	1	713953	98.6292
gladheid	1	713954	98.6293
gladiool	1	713955	98.6295
gladjakker	1	713956	98.6296
glansmiddel	1	713957	98.6297
glaslaan	1	713958	98.6299
glass	1	713959	98.63
glasses	1	713960	98.6302
glaszetter	1	713961	98.6303
glbt	1	713962	98.6304
gleeren	1	713963	98.6306
gleich	1	713964	98.6307
gletsjer	1	713965	98.6308
glijk	1	713966	98.631
glijpartij	1	713967	98.6311
glijuur	1	713968	98.6313
glimlach	1	713969	98.6314
global	1	713970	98.6315
gloeiend	1	713971	98.6317
gloooriiiiaaaa	1	713972	98.6318
glooriiaa	1	713973	98.6319
glow	1	713974	98.6321
gluckswunsch	1	713975	98.6322
gluecklich	1	713976	98.6324
gluhwein	1	713977	98.6325
glunder	1	713978	98.6326
glunderen	1	713979	98.6328
gluren	1	713980	98.6329
glück	1	713981	98.6331
glühwein	1	713982	98.6332
gm	1	713983	98.6333
gmailden	1	713984	98.6335
gnagna	1	713985	98.6336
gnegne	1	713986	98.6337
gniet	1	713987	98.6339
gnoeiemorgen	1	713988	98.634
gnoeieneren	1	713989	98.6342
gnome	1	713990	98.6343
gnuplot	1	713991	98.6344
go-cart	1	713992	98.6346
goatee	1	713993	98.6347
goddamn	1	713994	98.6348
godgnoeiende	1	713995	98.635
godot	1	713996	98.6351
gods	1	713997	98.6353
godsnaam	1	713998	98.6354
godsvermogen	1	713999	98.6355
godverdegodver	1	714000	98.6357
godverdoeme	1	714001	98.6358
godverdommees	1	714002	98.636
goed.ko	1	714003	98.6361
goed.ro	1	714004	98.6362
goedbedoeld	1	714005	98.6364
goedbte	1	714006	98.6365
goeddeels	1	714007	98.6366
goedele	1	714008	98.6368
goedemiddag	1	714009	98.6369
goedereis	1	714010	98.6371
goedes	1	714011	98.6372
goedgaan	1	714012	98.6373
goedmorgen	1	714013	98.6375
goedpraten	1	714014	98.6376
goeed	1	714015	98.6378
goeeeeeeedemorgen	1	714016	98.6379
goef	1	714017	98.638
goeiemoddegen	1	714018	98.6382
goeiemogge	1	714019	98.6383
goeiemorig	1	714020	98.6384
goeiendag	1	714021	98.6386
goeiesmorgens	1	714022	98.6387
goeiste	1	714023	98.6389
goekoper	1	714024	98.639
goeoeoedemorgen	1	714025	98.6391
gohja	1	714026	98.6393
goinf	1	714027	98.6394
gokspel	1	714028	98.6395
golfen	1	714029	98.6397
golfsurfen	1	714030	98.6398
golven	1	714031	98.64
goochelen	1	714032	98.6401
goodie	1	714033	98.6402
goodiebag	1	714034	98.6404
goods	1	714035	98.6405
gooeed	1	714036	98.6407
googlebaar	1	714037	98.6408
googlen	1	714038	98.6409
gooi	1	714039	98.6411
gooikoorts	1	714040	98.6412
goood	1	714041	98.6413
goosenaerts	1	714042	98.6415
goosj	1	714043	98.6416
goossens	1	714044	98.6418
goot	1	714045	98.6419
gopass	1	714046	98.642
gorigheid	1	714047	98.6422
gorik	1	714048	98.6423
gorillaz	1	714049	98.6424
gortig	1	714050	98.6426
goshieur	1	714051	98.6427
gossip	1	714052	98.6429
goteborg	1	714053	98.643
gothic	1	714054	98.6431
gotiek	1	714055	98.6433
gotthard-tunnel	1	714056	98.6434
goudmerk-mossel	1	714057	98.6436
goudvis	1	714058	98.6437
goulash	1	714059	98.6438
gouw	1	714060	98.644
gouwdienst	1	714061	98.6441
gouwfeest	1	714062	98.6442
gouwkoord	1	714063	98.6444
gouwschild	1	714064	98.6445
gps-kompas	1	714065	98.6447
gps-kompas-uitleg	1	714066	98.6448
gpsvrouw	1	714067	98.6449
grM	1	714068	98.6451
graaaaaaaaag	1	714069	98.6452
graaf	1	714070	98.6453
graafschap	1	714071	98.6455
graafseweg	1	714072	98.6456
graah	1	714073	98.6458
graan	1	714074	98.6459
grade	1	714075	98.646
graduate	1	714076	98.6462
grafiek	1	714077	98.6463
grafisch	1	714078	98.6465
grakn	1	714079	98.6466
gramsbergen	1	714080	98.6467
grande	1	714081	98.6469
grandes	1	714082	98.647
grandiosi	1	714083	98.6471
grandpa	1	714084	98.6473
grapefruit	1	714085	98.6474
graphic	1	714086	98.6476
grappenmaker	1	714087	98.6477
grasleikant	1	714088	98.6478
grasmaaiertechnoloog	1	714089	98.648
gratineren	1	714090	98.6481
gravenwezel	1	714091	98.6482
grazia	1	714092	98.6484
grazie	1	714093	98.6485
greenhouse	1	714094	98.6487
greenies	1	714095	98.6488
greenway	1	714096	98.6489
grein	1	714097	98.6491
grenate	1	714098	98.6492
grey	1	714099	98.6494
grey's	1	714100	98.6495
grief	1	714101	98.6496
griekenland	1	714102	98.6498
griepprik	1	714103	98.6499
griepvirus	1	714104	98.65
grijsoord	1	714105	98.6502
grill	1	714106	98.6503
grimbergenkaas	1	714107	98.6505
grmbl	1	714108	98.6506
groencontainer	1	714109	98.6507
groentebal	1	714110	98.6509
groentenpakket	1	714111	98.651
groentensoep	1	714112	98.6512
groentesoep	1	714113	98.6513
groenvoer	1	714114	98.6514
groepsgevoel	1	714115	98.6516
groepskorting	1	714116	98.6517
groepsproject	1	714117	98.6518
groepsreis	1	714118	98.652
groepssms	1	714119	98.6521
groesbeek	1	714120	98.6523
groet'n	1	714121	98.6524
groetee	1	714122	98.6525
groeteeeh	1	714123	98.6527
groetn	1	714124	98.6528
groetos	1	714125	98.6529
groets	1	714126	98.6531
grol	1	714127	98.6532
grolsch	1	714128	98.6534
grolsch-tent	1	714129	98.6535
grom	1	714130	98.6536
grondgebied.to	1	714131	98.6538
grondig	1	714132	98.6539
grondstof	1	714133	98.6541
grootverdiener	1	714134	98.6542
groovecity	1	714135	98.6543
grossmanmodel	1	714136	98.6545
grot	1	714137	98.6546
grotesk	1	714138	98.6547
groups	1	714139	98.6549
growing	1	714140	98.655
grrmbl	1	714141	98.6552
grrrrr	1	714142	98.6553
gruess	1	714143	98.6554
grumpy	1	714144	98.6556
grun	1	714145	98.6557
grunewald	1	714146	98.6558
grute	1	714147	98.656
grutten	1	714148	98.6561
grünt	1	714149	98.6563
gsa	1	714150	98.6564
gsm-nummer	1	714151	98.6565
gsm-oefenen	1	714152	98.6567
gsm-signaal	1	714153	98.6568
gsmnummer	1	714154	98.657
gsmwissel	1	714155	98.6571
gt	1	714156	98.6572
gtst	1	714157	98.6574
guacemole	1	714158	98.6575
guaranteed	1	714159	98.6576
gucken	1	714160	98.6578
gudrun	1	714161	98.6579
guesstimated	1	714162	98.6581
guest	1	714163	98.6582
guggenheim	1	714164	98.6583
gui	1	714165	98.6585
guided	1	714166	98.6586
guidogidsen	1	714167	98.6587
guincamp	1	714168	98.6589
guislain	1	714169	98.659
gulborg	1	714170	98.6592
gulden	1	714171	98.6593
guldenpfennig	1	714172	98.6594
gulzigaard	1	714173	98.6596
gummeen	1	714174	98.6597
gummibeer	1	714175	98.6599
gump	1	714176	98.66
gunhar	1	714177	98.6601
gunther	1	714178	98.6603
gussit	1	714179	98.6604
gustas	1	714180	98.6605
gute	1	714181	98.6607
guuuuuuus	1	714182	98.6608
guy's	1	714183	98.661
gv	1	714184	98.6611
gven	1	714185	98.6612
gvinden	1	714186	98.6614
gvonde	1	714187	98.6615
gweest	1	714188	98.6616
gweet	1	714189	98.6618
gwenny	1	714190	98.6619
gwl	1	714191	98.6621
gwshrokken	1	714192	98.6622
gymstage	1	714193	98.6623
gynacoloog	1	714194	98.6625
gyprocplug	1	714195	98.6626
gyros	1	714196	98.6628
gzh-economie	1	714197	98.6629
gzout	1	714198	98.663
gênant	1	714199	98.6632
göschenen	1	714200	98.6633
h-o-e-r-a	1	714201	98.6634
ha-ha	1	714202	98.6636
haa	1	714203	98.6637
haaa	1	714204	98.6639
haaaaaaaa	1	714205	98.664
haaaaaaaaaalen	1	714206	98.6641
haaaaaaat	1	714207	98.6643
haaaatchieweeemba	1	714208	98.6644
haaaauwes	1	714209	98.6646
haaai	1	714210	98.6647
haags	1	714211	98.6648
haahn	1	714212	98.665
haakpen	1	714213	98.6651
haal	1	714214	98.6652
haan	1	714215	98.6654
haans	1	714216	98.6655
haap	1	714217	98.6657
haard	1	714218	98.6658
haardroger	1	714219	98.6659
haarlemse	1	714220	98.6661
haarverf	1	714221	98.6662
haatek	1	714222	98.6663
habit	1	714223	98.6665
hacken	1	714224	98.6666
had-ie	1	714225	98.6668
hadde	1	714226	98.6669
hadn't	1	714227	98.667
haf	1	714228	98.6672
haff	1	714229	98.6673
hageland	1	714230	98.6675
hagelschades	1	714231	98.6676
hagelsteen	1	714232	98.6677
haggis	1	714233	98.6679
hah	1	714234	98.668
hahaa	1	714235	98.6681
hahahaaaa	1	714236	98.6683
hahahaaaaaa	1	714237	98.6684
hahahaaha	1	714238	98.6686
hahahahahahaha	1	714239	98.6687
hahahahahahahahaha	1	714240	98.6688
hahahahahhahaha	1	714241	98.669
haihai	1	714242	98.6691
hair	1	714243	98.6692
hait-boek	1	714244	98.6694
haitlab	1	714245	98.6695
hakblok	1	714246	98.6697
halal	1	714247	98.6698
halben	1	714248	98.6699
hale	1	714249	98.6701
halfbakken	1	714250	98.6702
halfdicht	1	714251	98.6704
halfelf	1	714252	98.6705
halfjaarabo	1	714253	98.6706
halfnaakt	1	714254	98.6708
halftwee	1	714255	98.6709
halfvijf	1	714256	98.671
hall	1	714257	98.6712
halleeej	1	714258	98.6713
halleekes	1	714259	98.6715
halloander	1	714260	98.6716
halloo	1	714261	98.6717
halloooooo	1	714262	98.6719
halloweenfoto	1	714263	98.672
halloweentocht	1	714264	98.6721
haln	1	714265	98.6723
halo	1	714266	98.6724
halong	1	714267	98.6726
halsketting	1	714268	98.6727
halstarrig	1	714269	98.6728
haltestelle	1	714270	98.673
halve	1	714271	98.6731
hamblokje	1	714272	98.6733
hamburg	1	714273	98.6734
hamie	1	714274	98.6735
hamme	1	714275	98.6737
hammer	1	714276	98.6738
hammes	1	714277	98.6739
hamsterweken	1	714278	98.6741
hamstring	1	714279	98.6742
handanalyse	1	714280	98.6744
handbereik	1	714281	98.6745
handboei	1	714282	98.6746
handbook	1	714283	98.6748
handcent	1	714284	98.6749
handelaar	1	714285	98.675
handenarbeid	1	714286	98.6752
handhaven	1	714287	98.6753
handspecialist	1	714288	98.6755
handvol	1	714289	98.6756
handwriting	1	714290	98.6757
handzaam	1	714291	98.6759
hanenmap	1	714292	98.676
hanenoverleg	1	714293	98.6762
hang	1	714294	98.6763
hangdag	1	714295	98.6764
hanger	1	714296	98.6766
hangmatconcept	1	714297	98.6767
hangovers	1	714298	98.6768
hangsteun	1	714299	98.677
hangzak	1	714300	98.6771
hannah	1	714301	98.6773
hannu	1	714302	98.6774
hanosbak	1	714303	98.6775
hans-en-grietje-huis	1	714304	98.6777
hans@hanswesterbeek.nl	1	714305	98.6778
hansaplast	1	714306	98.678
hansermans	1	714307	98.6781
hanswesterbeek	1	714308	98.6782
hao	1	714309	98.6784
haopen	1	714310	98.6785
haperen	1	714311	98.6786
happenef	1	714312	98.6788
happens	1	714313	98.6789
happer	1	714314	98.6791
happiness	1	714315	98.6792
harakiri	1	714316	98.6793
hardboardplaat	1	714317	98.6795
hardcopy	1	714318	98.6796
hardcore-feest	1	714319	98.6797
hardeschijf	1	714320	98.6799
hardloopschoen	1	714321	98.68
hardlopenen	1	714322	98.6802
hardnekkig	1	714323	98.6803
hardop	1	714324	98.6804
hardrecovery	1	714325	98.6806
harelbeke	1	714326	98.6807
haricots	1	714327	98.6809
haringfilet	1	714328	98.681
harken	1	714329	98.6811
harmonica	1	714330	98.6813
harmoniemeisje	1	714331	98.6814
harmonieus	1	714332	98.6815
harp	1	714333	98.6817
harrod	1	714334	98.6818
hartaderbreuk	1	714335	98.682
hartelijkdank	1	714336	98.6821
hartendiiiieerf	1	714337	98.6822
hartgrondig	1	714338	98.6824
hartig	1	714339	98.6825
hartslag	1	714340	98.6826
hartverwarmend	1	714341	98.6828
haselunne	1	714342	98.6829
hasj	1	714343	98.6831
hasn't	1	714344	98.6832
hasselba	1	714345	98.6833
hassely	1	714346	98.6835
hast	1	714347	98.6836
hasta	1	714348	98.6838
hat	1	714349	98.6839
hate	1	714350	98.684
hated	1	714351	98.6842
hatert	1	714352	98.6843
hatsee	1	714353	98.6844
hau	1	714354	98.6846
havadar	1	714355	98.6847
havana	1	714356	98.6849
haven't	1	714357	98.685
havenfeestgedoe	1	714358	98.6851
havenlaan	1	714359	98.6853
haz	1	714360	98.6854
hazelnoot	1	714361	98.6855
hb-gehalte	1	714362	98.6857
hbo	1	714363	98.6858
hbo-tijd	1	714364	98.686
hcdocent	1	714365	98.6861
hd	1	714366	98.6862
hd-recorder	1	714367	98.6864
hdd	1	714368	98.6865
he.x	1	714369	98.6867
head	1	714370	98.6868
headache	1	714371	98.6869
headed	1	714372	98.6871
healthcare	1	714373	98.6872
heartbeat	1	714374	98.6873
heather	1	714375	98.6875
heathrow	1	714376	98.6876
heb.in	1	714377	98.6878
hebbeb	1	714378	98.6879
hebbed	1	714379	98.688
hebberig	1	714380	98.6882
hebbes	1	714381	98.6883
hebcer	1	714382	98.6884
hebheelveelzinjeteknuffelen	1	714383	98.6886
hebtmet	1	714384	98.6887
hechten	1	714385	98.6889
hechting	1	714386	98.689
hectic	1	714387	98.6891
hectiek	1	714388	98.6893
hedachte	1	714389	98.6894
heeee	1	714390	98.6896
heeeee	1	714391	98.6897
heeeeeeeeeee	1	714392	98.6898
heeeeeeeeeeeeeeeeele	1	714393	98.69
heeeeeeeeeel	1	714394	98.6901
heeeeeeel	1	714395	98.6902
heeeeeel	1	714396	98.6904
heeeleboel	1	714397	98.6905
heef	1	714398	98.6907
heehk	1	714399	98.6908
heele	1	714400	98.6909
heels	1	714401	98.6911
heenfietsrn	1	714402	98.6912
heengekomen	1	714403	98.6914
heenreis	1	714404	98.6915
heeren	1	714405	98.6916
heerenveen	1	714406	98.6918
heerlijk.in	1	714407	98.6919
heerljk	1	714408	98.692
heerrrlijk	1	714409	98.6922
heerschap	1	714410	98.6923
heerweg	1	714411	98.6925
heeten	1	714412	98.6926
heeze	1	714413	98.6927
heffen	1	714414	98.6929
heg	1	714415	98.693
hehehhe	1	714416	98.6931
hehhoezo	1	714417	98.6933
heibel	1	714418	98.6934
heidelberg	1	714419	98.6936
heidfeld	1	714420	98.6937
heidi	1	714421	98.6938
heights	1	714422	98.694
heihoo	1	714423	98.6941
heiland	1	714424	98.6943
heinie	1	714425	98.6944
heinikn	1	714426	98.6945
heino	1	714427	98.6947
heirweg	1	714428	98.6948
hej	1	714429	98.6949
heja	1	714430	98.6951
hejhej	1	714431	98.6952
hejj	1	714432	98.6954
hekken	1	714433	98.6955
helaasje	1	714434	98.6956
heldendaad	1	714435	98.6958
heldennaam	1	714436	98.6959
helderheid	1	714437	98.696
helemaa	1	714438	98.6962
helen	1	714439	98.6963
helenaam	1	714440	98.6965
helicopter	1	714441	98.6966
helicopters	1	714442	98.6967
helke	1	714443	98.6969
hellevoetsluis	1	714444	98.697
helling	1	714445	98.6972
helm	1	714446	98.6973
helmaal	1	714447	98.6974
helmie	1	714448	98.6976
helpdesk	1	714449	98.6977
helped	1	714450	98.6978
helper	1	714451	98.698
hema	1	714452	98.6981
hemelsnaam	1	714453	98.6983
henderina	1	714454	98.6984
hendrik	1	714455	98.6985
heng	1	714456	98.6987
hengelen	1	714457	98.6988
hengen	1	714458	98.6989
hengst	1	714459	98.6991
henkie	1	714460	98.6992
henny	1	714461	98.6994
henriette	1	714462	98.6995
henzelf	1	714463	98.6996
heo	1	714464	98.6998
herbekijkt	1	714465	98.6999
herbstmeister	1	714466	98.7001
herenigen	1	714467	98.7002
herentals	1	714468	98.7003
herex	1	714469	98.7005
herfstavond	1	714470	98.7006
herfstig	1	714471	98.7007
herfstkampioen	1	714472	98.7009
herfstweekend	1	714473	98.701
herfstweer	1	714474	98.7012
herhaaldelijk	1	714475	98.7013
herhaalrecept	1	714476	98.7014
herinschrijven	1	714477	98.7016
herinschrijving	1	714478	98.7017
herk	1	714479	98.7018
herkansingsmoment	1	714480	98.702
herkend	1	714481	98.7021
herkenk	1	714482	98.7023
herkenning	1	714483	98.7024
herkom	1	714484	98.7025
herladen	1	714485	98.7027
herlading	1	714486	98.7028
herman	1	714487	98.703
hermetisch	1	714488	98.7031
hermine	1	714489	98.7032
hernemen	1	714490	98.7034
heroe	1	714491	98.7035
heropstarten	1	714492	98.7036
herpes	1	714493	98.7038
herr	1	714494	98.7039
herschrijving	1	714495	98.7041
hersemtumor	1	714496	98.7042
hersenbloeding	1	714497	98.7043
herstelperiode	1	714498	98.7045
hertelling	1	714499	98.7046
hertentamen	1	714500	98.7048
hertog	1	714501	98.7049
herverdelen	1	714502	98.705
herverkoop	1	714503	98.7052
herwerken	1	714504	98.7053
herwonnen	1	714505	98.7054
herzele	1	714506	98.7056
herzien	1	714507	98.7057
herzlichen	1	714508	98.7059
hesp	1	714509	98.706
hessels	1	714510	98.7061
hester	1	714511	98.7063
heston	1	714512	98.7064
het.no	1	714513	98.7065
hetelucht	1	714514	98.7067
heteren	1	714515	98.7068
hetero	1	714516	98.707
hetm	1	714517	98.7071
hetvast	1	714518	98.7072
hetvwerd	1	714519	98.7074
hetzelfe	1	714520	98.7075
heugelijk	1	714521	98.7077
heuglijk	1	714522	98.7078
heuh	1	714523	98.7079
heule	1	714524	98.7081
heumens	1	714525	98.7082
heuvelpoort	1	714526	98.7083
hevelen	1	714527	98.7085
heverlee	1	714528	98.7086
hevig	1	714529	98.7088
hevowl	1	714530	98.7089
hevt	1	714531	98.709
hexel	1	714532	98.7092
heyendaal	1	714533	98.7093
hezelstr	1	714534	98.7094
hhahaha	1	714535	98.7096
hhcj	1	714536	98.7097
hheffen	1	714537	98.7099
hhhmmmm	1	714538	98.71
hi-la-risch	1	714539	98.7101
hi-tea-en	1	714540	98.7103
hid	1	714541	98.7104
hiehieeeren	1	714542	98.7106
hiel	1	714543	98.7107
hielen	1	714544	98.7108
hien	1	714545	98.711
hiephiep	1	714546	98.7111
hiephoi	1	714547	98.7112
hier.be	1	714548	98.7114
hierboven	1	714549	98.7115
hierlangs	1	714550	98.7117
hiernaast	1	714551	98.7118
hierorg	1	714552	98.7119
hiertoe	1	714553	98.7121
hierzo	1	714554	98.7122
highland	1	714555	98.7123
highschool	1	714556	98.7125
highway	1	714557	98.7126
hihip	1	714558	98.7128
hiii	1	714559	98.7129
hijg	1	714560	98.713
hijsjes-moet	1	714561	98.7132
hik	1	714562	98.7133
hike	1	714563	98.7135
hil	1	714564	98.7136
hilarische	1	714565	98.7137
hilariteit	1	714566	98.7139
hild	1	714567	98.714
hilke	1	714568	98.7141
hill	1	714569	98.7143
hillfigerhemd	1	714570	98.7144
hillie	1	714571	98.7146
hilllllllllaaai	1	714572	98.7147
himalaja	1	714573	98.7148
himalayan	1	714574	98.715
himalyan	1	714575	98.7151
himself	1	714576	98.7152
hipperdepip	1	714577	98.7154
hippieblij	1	714578	98.7155
hipster	1	714579	98.7157
hires	1	714580	98.7158
histerisch	1	714581	98.7159
hitel	1	714582	98.7161
hitime	1	714583	98.7162
hitler	1	714584	98.7164
hittegolf	1	714585	98.7165
hitten	1	714586	98.7166
hizus	1	714587	98.7168
hja	1	714588	98.7169
hloop	1	714589	98.717
hlpt	1	714590	98.7172
hmmmpft	1	714591	98.7173
hmz	1	714592	98.7175
hobbelig	1	714593	98.7176
hockeyschoen	1	714594	98.7177
hockeytoernooi	1	714595	98.7179
hoe's	1	714596	98.718
hoeda	1	714597	98.7182
hoehoooeeee	1	714598	98.7183
hoei	1	714599	98.7184
hoeiemorhen	1	714600	98.7186
hoekbank	1	714601	98.7187
hoelaten	1	714602	98.7188
hoempapa	1	714603	98.719
hoen	1	714604	98.7191
hoeraa	1	714605	98.7193
hoerkomen	1	714606	98.7194
hoestdrank	1	714607	98.7195
hoestkriebelonderdrukkend	1	714608	98.7197
hoestpauze	1	714609	98.7198
hoetjesdag	1	714610	98.7199
hoeve	1	714611	98.7201
hoeveas	1	714612	98.7202
hoevee	1	714613	98.7204
hoezee	1	714614	98.7205
hoezut	1	714615	98.7206
hofman	1	714616	98.7208
hogenveen	1	714617	98.7209
hogergenummerde	1	714618	98.7211
hogerhand	1	714619	98.7212
hoi.hoe	1	714620	98.7213
holaaa	1	714621	98.7215
hold	1	714622	98.7216
holding	1	714623	98.7217
hole	1	714624	98.7219
holebi	1	714625	98.722
holidays	1	714626	98.7222
holister	1	714627	98.7223
hollandsche	1	714628	98.7224
hollies	1	714629	98.7226
hollland	1	714630	98.7227
holly	1	714631	98.7228
holsbeek	1	714632	98.723
holy	1	714633	98.7231
home-xp	1	714634	98.7233
homealone	1	714635	98.7234
homejacker	1	714636	98.7235
homejacking	1	714637	98.7237
homeparty	1	714638	98.7238
homerun	1	714639	98.724
homework	1	714640	98.7241
homoseksueel	1	714641	98.7242
homp	1	714642	98.7244
hondachtig	1	714643	98.7245
hondenleven	1	714644	98.7246
hondsdol	1	714645	98.7248
hondsdolheid	1	714646	98.7249
hondskaak	1	714647	98.7251
honeyponey	1	714648	98.7252
honeys	1	714649	98.7253
hongarije	1	714650	98.7255
hongerrr	1	714651	98.7256
honkbal	1	714652	98.7257
honnepon	1	714653	98.7259
honneurs	1	714654	98.726
honour	1	714655	98.7262
hoof	1	714656	98.7263
hoofddoek	1	714657	98.7264
hoofdgebouw	1	714658	98.7266
hoofdlocatie	1	714659	98.7267
hoofdonderwerp	1	714660	98.7269
hoofdpijnaanval	1	714661	98.727
hoofdprijs	1	714662	98.7271
hoofdpyn	1	714663	98.7273
hoofdrekenen	1	714664	98.7274
hoofdrol	1	714665	98.7275
hoofdschuddend	1	714666	98.7277
hoofdstad	1	714667	98.7278
hoofdtelefoon	1	714668	98.728
hoofdverdachte	1	714669	98.7281
hoogachten	1	714670	98.7282
hoogbegaafd	1	714671	98.7284
hooggekwalificeerd	1	714672	98.7285
hoogland	1	714673	98.7286
hoogstnoodzakelijk	1	714674	98.7288
hoogteverschil	1	714675	98.7289
hoogvliet	1	714676	98.7291
hoogwerker	1	714677	98.7292
hooii	1	714678	98.7293
hooikoorts	1	714679	98.7295
hooikoortserig	1	714680	98.7296
hooikoortspil	1	714681	98.7298
hooikoortstablet	1	714682	98.7299
hooistijgen	1	714683	98.73
hook	1	714684	98.7302
hookah	1	714685	98.7303
hooooooooi	1	714686	98.7304
hooor	1	714687	98.7306
hoooren	1	714688	98.7307
hooowj	1	714689	98.7309
hoor(a)	1	714690	98.731
hoor.in	1	714691	98.7311
hoora	1	714692	98.7313
hoort't	1	714693	98.7314
hoosbui	1	714694	98.7316
hophophop	1	714695	98.7317
hoping	1	714696	98.7318
hopn	1	714697	98.732
hoppa	1	714698	98.7321
hoppaaaaaa	1	714699	98.7322
hor	1	714700	98.7324
hormons	1	714701	98.7325
horny	1	714702	98.7327
horror-rit	1	714703	98.7328
horst	1	714704	98.7329
hos	1	714705	98.7331
hospode	1	714706	98.7332
host	1	714707	98.7333
hotdog	1	714708	98.7335
hotelcomplex	1	714709	98.7336
hotelgast	1	714710	98.7338
hotelkosten	1	714711	98.7339
hotelvakantie	1	714712	98.734
hotmailadres	1	714713	98.7342
hotseflot	1	714714	98.7343
hotspotshield	1	714715	98.7345
hottest	1	714716	98.7346
hottie	1	714717	98.7347
houblon	1	714718	98.7349
houding	1	714719	98.735
houdster	1	714720	98.7351
houldnt	1	714721	98.7353
house-party	1	714722	98.7354
housemates	1	714723	98.7356
housewife	1	714724	98.7357
houtbriel	1	714725	98.7358
houthakker	1	714726	98.736
houtsnijden	1	714727	98.7361
howto	1	714728	98.7362
hozen	1	714729	98.7364
hp-special	1	714730	98.7365
hq	1	714731	98.7367
hrm	1	714732	98.7368
hroet	1	714733	98.7369
hrrrr	1	714734	98.7371
html-nerd	1	714735	98.7372
http://csrdelft.nl/tools/saldografiek.php?uid	1	714736	98.7374
http://district8.net/alcoholcontrole-oostpoortweg-delft.html	1	714737	98.7375
http://nl.m.wikipedia.org/wiki/De_drie_musketiers	1	714738	98.7376
http://tinyurl.com/436trps	1	714739	98.7378
http://tweakers.net/nieuws/66542/eerste-versie-nieuwe-linux-os-meego-komt-uit-voor-nokia-n900.html	1	714740	98.7379
http://www.google.nl/search?q	1	714741	98.738
http://xkcd.com/610	1	714742	98.7382
httpstreamer	1	714743	98.7383
hubertusldk	1	714744	98.7385
hugs	1	714745	98.7386
hui	1	714746	98.7387
huidarts	1	714747	98.7389
huidfeestjey	1	714748	98.739
huifkarfoto	1	714749	98.7391
huisbar	1	714750	98.7393
huisbezoek	1	714751	98.7394
huiseten	1	714752	98.7396
huishoudelijk	1	714753	98.7397
huiskamer	1	714754	98.7398
huiskamergroep	1	714755	98.74
huismerk	1	714756	98.7401
huismoeder	1	714757	98.7403
huisuitje	1	714758	98.7404
huiswerkbegeleiding	1	714759	98.7405
huiswerkend	1	714760	98.7407
huizencijfer	1	714761	98.7408
huizenfront	1	714762	98.7409
huizenjacht	1	714763	98.7411
huizentocht	1	714764	98.7412
hulder	1	714765	98.7414
hulphond	1	714766	98.7415
hulplijst	1	714767	98.7416
hulpstuk	1	714768	98.7418
humanisme	1	714769	98.7419
humidifier	1	714770	98.742
humm	1	714771	98.7422
hummel	1	714772	98.7423
humpen	1	714773	98.7425
hundelgems	1	714774	98.7426
hungover	1	714775	98.7427
hunkeren	1	714776	98.7429
hunt	1	714777	98.743
hupla	1	714778	98.7432
hurray	1	714779	98.7433
hurry	1	714780	98.7434
hurts	1	714781	98.7436
huuh	1	714782	98.7437
huurauto	1	714783	98.7438
huurbon	1	714784	98.744
huurcontract	1	714785	98.7441
huurder	1	714786	98.7443
huurtegoed	1	714787	98.7444
huurtoeslag	1	714788	98.7445
huwbaar	1	714789	98.7447
huwelijk	1	714790	98.7448
huwelverj	1	714791	98.745
huwelyksfeest	1	714792	98.7451
hveld	1	714793	98.7452
hvh	1	714794	98.7454
hvjxkxk	1	714795	98.7455
hwb	1	714796	98.7456
hygiene	1	714797	98.7458
hyper	1	714798	98.7459
hyperbazaar	1	714799	98.7461
hypermobiel	1	714800	98.7462
hypermobiliteit	1	714801	98.7463
hypotheekgesprek	1	714802	98.7465
hypotheekstuk	1	714803	98.7466
hypothese	1	714804	98.7467
hysterisch	1	714805	98.7469
hyves-account	1	714806	98.747
hyves-felicitatie	1	714807	98.7472
háár	1	714808	98.7473
hè.zo	1	714809	98.7474
hèb	1	714810	98.7476
hèt	1	714811	98.7477
hèèèlp	1	714812	98.7479
héb	1	714813	98.748
hébben	1	714814	98.7481
héhéhé	1	714815	98.7483
héle	1	714816	98.7484
hét	1	714817	98.7485
héérlijk	1	714818	98.7487
héééééérlijk	1	714819	98.7488
hóéf	1	714820	98.749
i.saw	1	714821	98.7491
i.v.m.	1	714822	98.7492
iMobile	1	714823	98.7494
iPhone	1	714824	98.7495
ib	1	714825	98.7496
ibej	1	714826	98.7498
ibiza	1	714827	98.7499
ibln	1	714828	98.7501
ibood.com	1	714829	98.7502
ibu	1	714830	98.7503
ibuprofen	1	714831	98.7505
icici	1	714832	98.7506
icicus	1	714833	98.7508
icloud	1	714834	98.7509
icm	1	714835	98.751
ict	1	714836	98.7512
ict-branche	1	714837	98.7513
ict-man	1	714838	98.7514
icteren	1	714839	98.7516
icters	1	714840	98.7517
id.	1	714841	98.7519
idd.be	1	714842	98.752
ideaaaaal	1	714843	98.7521
ideal	1	714844	98.7523
ideen	1	714845	98.7524
ideexd	1	714846	98.7525
identify	1	714847	98.7527
idereen	1	714848	98.7528
idioten	1	714849	98.753
idisk	1	714850	98.7531
idool	1	714851	98.7532
ids	1	714852	98.7534
iederedag	1	714853	98.7535
iedergeval	1	714854	98.7537
ieeeeeggghh	1	714855	98.7538
iels	1	714856	98.7539
ieper	1	714857	98.7541
ieperfest	1	714858	98.7542
ieps	1	714859	98.7543
iere	1	714860	98.7545
ierts	1	714861	98.7546
ierzie	1	714862	98.7548
ietac	1	714863	98.7549
ieter	1	714864	98.755
ietsjes	1	714865	98.7552
ietswat	1	714866	98.7553
ieuw	1	714867	98.7554
ifactor	1	714868	98.7556
iff	1	714869	98.7557
ig	1	714870	98.7559
ignace	1	714871	98.756
ignore	1	714872	98.7561
igor	1	714873	98.7563
iif	1	714874	98.7564
iin	1	714875	98.7566
ijmeren	1	714876	98.7567
ijn	1	714877	98.7568
ijsbergsla	1	714878	98.757
ijscoman	1	714879	98.7571
ijsfabriek	1	714880	98.7572
ijsjesstop	1	714881	98.7574
ijsklimmen	1	714882	98.7575
ijskoffie	1	714883	98.7577
ijssalon	1	714884	98.7578
ijsthee	1	714885	98.7579
ijswater	1	714886	98.7581
ijverig	1	714887	98.7582
ijzelen	1	714888	98.7584
ijzerstraat	1	714889	98.7585
ijzertreffen	1	714890	98.7586
ijzerwakepodium	1	714891	98.7588
ijzerzaag	1	714892	98.7589
ik(a)	1	714893	98.759
ik-wil-niet-koken	1	714894	98.7592
ik.be	1	714895	98.7593
ik.ga	1	714896	98.7595
ik.hebben	1	714897	98.7596
ikblijf	1	714898	98.7597
ikea-site	1	714899	98.7599
ikea-skills	1	714900	98.76
iki	1	714901	98.7601
ikki-opmaak	1	714902	98.7603
ikneemjemee	1	714903	98.7604
iknie	1	714904	98.7606
ikniet	1	714905	98.7607
ikret	1	714906	98.7608
ikvoelmesuperbijjou	1	714907	98.761
ikxmorgn	1	714908	98.7611
iküberhaupt	1	714909	98.7613
il.hebben	1	714910	98.7614
ilk	1	714911	98.7615
illegaal	1	714912	98.7617
illustreer	1	714913	98.7618
ilmari	1	714914	98.7619
ils	1	714915	98.7621
ilyana	1	714916	98.7622
imaginair	1	714917	98.7624
imago	1	714918	98.7625
imagoprobleem	1	714919	98.7626
imap-folder	1	714920	98.7628
imdb	1	714921	98.7629
immens	1	714922	98.763
immer	1	714923	98.7632
immesiately	1	714924	98.7633
impact	1	714925	98.7635
impissibru	1	714926	98.7636
importante	1	714927	98.7637
impressive	1	714928	98.7639
impro	1	714929	98.764
impuls	1	714930	98.7642
impulsiviteit	1	714931	98.7643
imvw	1	714932	98.7644
in't	1	714933	98.7646
in.tot	1	714934	98.7647
inbakken	1	714935	98.7648
inbegrepen	1	714936	98.765
inblaasbuis	1	714937	98.7651
inboedel	1	714938	98.7653
inbouwen	1	714939	98.7654
inbouwkast	1	714940	98.7655
inbox	1	714941	98.7657
inbraak	1	714942	98.7658
inbraakpoging	1	714943	98.7659
inbreker	1	714944	98.7661
inbreuk	1	714945	98.7662
incident	1	714946	98.7664
incidentally	1	714947	98.7665
incommunicado	1	714948	98.7666
incompleet	1	714949	98.7668
incredibly	1	714950	98.7669
incubate	1	714951	98.7671
incubier	1	714952	98.7672
inderaad	1	714953	98.7673
inderdiedelie	1	714954	98.7675
indesign	1	714955	98.7676
index	1	714956	98.7677
indexering	1	714957	98.7679
india	1	714958	98.768
indiaas	1	714959	98.7682
indianentent	1	714960	98.7683
indiase	1	714961	98.7684
indigesteniveau	1	714962	98.7686
indisch	1	714963	98.7687
indische	1	714964	98.7688
individueel	1	714965	98.769
indoor	1	714966	98.7691
indringen	1	714967	98.7693
inductief	1	714968	98.7694
industrieel	1	714969	98.7695
industrielaan	1	714970	98.7697
industrieterrein	1	714971	98.7698
indutten	1	714972	98.77
ineke	1	714973	98.7701
inernet	1	714974	98.7702
inet	1	714975	98.7704
infamous	1	714976	98.7705
infecteren	1	714977	98.7706
infection	1	714978	98.7708
infernal	1	714979	98.7709
inflatie	1	714980	98.7711
info-avond	1	714981	98.7712
info@orangeways.com	1	714982	98.7713
infoblokje	1	714983	98.7715
infodag	1	714984	98.7716
inform	1	714985	98.7718
informal	1	714986	98.7719
informaticus	1	714987	98.772
infosessie	1	714988	98.7722
infra	1	714989	98.7723
ingebrekestelling	1	714990	98.7724
ingechecked	1	714991	98.7726
ingelymd	1	714992	98.7727
ingenieur	1	714993	98.7729
ingenieursbureau	1	714994	98.773
ingenious	1	714995	98.7731
ingepraat	1	714996	98.7733
ingescheven	1	714997	98.7734
ingesteld	1	714998	98.7735
ingesteldheid	1	714999	98.7737
ingestudeerde	1	715000	98.7738
ingeweest	1	715001	98.774
ingewikkeld	1	715002	98.7741
inglès	1	715003	98.7742
ingraven	1	715004	98.7744
ingrediënt	1	715005	98.7745
ingreep	1	715006	98.7747
ingrijpend	1	715007	98.7748
inhaalbeweging	1	715008	98.7749
inhaalles	1	715009	98.7751
inhaalwedstrijd	1	715010	98.7752
inhoudloos	1	715011	98.7753
inhoudsopgave	1	715012	98.7755
inhousedag	1	715013	98.7756
iniatief	1	715014	98.7758
initiaal	1	715015	98.7759
initieren	1	715016	98.776
initiëren	1	715017	98.7762
injectiespuit	1	715018	98.7763
ink	1	715019	98.7764
inkakmoment	1	715020	98.7766
inkie	1	715021	98.7767
inklappen	1	715022	98.7769
inkom-bestuurder	1	715023	98.777
inkoppen	1	715024	98.7771
inkorten	1	715025	98.7773
inlaten	1	715026	98.7774
inleesscript	1	715027	98.7776
inleven	1	715028	98.7777
inlezen	1	715029	98.7778
inlichten	1	715030	98.778
inlichting	1	715031	98.7781
inlijven	1	715032	98.7782
inlogcodes	1	715033	98.7784
inloop	1	715034	98.7785
inloopuur	1	715035	98.7787
inmijn	1	715036	98.7788
inne	1	715037	98.7789
inneken	1	715038	98.7791
innerlijk	1	715039	98.7792
inonze	1	715040	98.7793
inoperabel	1	715041	98.7795
inoperable	1	715042	98.7796
inpakstress	1	715043	98.7798
inpilsmoment	1	715044	98.7799
inpilzen	1	715045	98.78
inpraten	1	715046	98.7802
inrijden	1	715047	98.7803
inroepen	1	715048	98.7805
inrollen	1	715049	98.7806
inruilen	1	715050	98.7807
inschatting	1	715051	98.7809
inscheuren	1	715052	98.781
inschietvellen	1	715053	98.7811
inseren	1	715054	98.7813
insert	1	715055	98.7814
insgelijk	1	715056	98.7816
insgelijks	1	715057	98.7817
inshrijfformulier	1	715058	98.7818
insistent	1	715059	98.782
inslapen	1	715060	98.7821
insleuren	1	715061	98.7822
insp.	1	715062	98.7824
inspannen	1	715063	98.7825
inspiratieloos	1	715064	98.7827
inspiratievol	1	715065	98.7828
inspiron	1	715066	98.7829
inspratie	1	715067	98.7831
inspuiting	1	715068	98.7832
installatie	1	715069	98.7834
installatiekosten	1	715070	98.7835
installation	1	715071	98.7836
instapmoment	1	715072	98.7838
instappen	1	715073	98.7839
instead	1	715074	98.784
insteek	1	715075	98.7842
instellingen	1	715076	98.7843
instinct	1	715077	98.7845
institute	1	715078	98.7846
instorten	1	715079	98.7847
instroom-statistiek	1	715080	98.7849
instrumentenrooftocht	1	715081	98.785
insturen	1	715082	98.7852
insuline	1	715083	98.7853
int	1	715084	98.7854
intapen	1	715085	98.7856
inteelt	1	715086	98.7857
intellectueel	1	715087	98.7858
intelligence	1	715088	98.786
intelligent	1	715089	98.7861
intelligentie	1	715090	98.7863
intended	1	715091	98.7864
intens	1	715092	98.7865
intentie	1	715093	98.7867
intention	1	715094	98.7868
intercedente	1	715095	98.7869
interconnectie	1	715096	98.7871
interesting	1	715097	98.7872
interimmama	1	715098	98.7874
international	1	715099	98.7875
interneppen	1	715100	98.7876
internerverbinding	1	715101	98.7878
internetding	1	715102	98.7879
internetlozen	1	715103	98.7881
internetprovider	1	715104	98.7882
internetregel	1	715105	98.7883
internetverslaving	1	715106	98.7885
internetververbinding	1	715107	98.7886
interpretatie	1	715108	98.7887
interpreteren	1	715109	98.7889
interressant	1	715110	98.789
intilburg	1	715111	98.7892
intime	1	715112	98.7893
intimiteit	1	715113	98.7894
intolerantie	1	715114	98.7896
intra	1	715115	98.7897
intranet	1	715116	98.7898
intrede	1	715117	98.79
introcommissie	1	715118	98.7901
introduction	1	715119	98.7903
introducé	1	715120	98.7904
intunen	1	715121	98.7905
intuïting	1	715122	98.7907
intypen	1	715123	98.7908
invading	1	715124	98.791
invasie	1	715125	98.7911
invasion	1	715126	98.7912
invazion	1	715127	98.7914
invitation	1	715128	98.7915
inviteren	1	715129	98.7916
invriesijs	1	715130	98.7918
invulling	1	715131	98.7919
inwijding	1	715132	98.7921
inwrijven	1	715133	98.7922
inze	1	715134	98.7923
inzientoch	1	715135	98.7925
io	1	715136	98.7926
iomega	1	715137	98.7927
ioo	1	715138	98.7929
ios	1	715139	98.793
ipad-apps	1	715140	98.7932
iphoneding	1	715141	98.7933
iphonelader	1	715142	98.7934
iphones	1	715143	98.7936
iphonisch	1	715144	98.7937
ipodafspeellijst	1	715145	98.7939
ipp	1	715146	98.794
ippen	1	715147	98.7941
ironed	1	715148	98.7943
ironie	1	715149	98.7944
irritand	1	715150	98.7945
irriteren	1	715151	98.7947
irrus	1	715152	98.7948
is-onlaan	1	715153	98.795
is.bij	1	715154	98.7951
is.fi	1	715155	98.7952
is.se	1	715156	98.7954
isaura	1	715157	98.7955
isgoed	1	715158	98.7957
ishet	1	715159	98.7958
isnt	1	715160	98.7959
isolde	1	715161	98.7961
isook	1	715162	98.7962
israel	1	715163	98.7963
iss	1	715164	98.7965
isser	1	715165	98.7966
issies	1	715166	98.7968
istanbul	1	715167	98.7969
istn	1	715168	98.797
isy	1	715169	98.7972
italië-cadeau-boek	1	715170	98.7973
italy	1	715171	98.7974
itc	1	715172	98.7976
itech	1	715173	98.7977
iter	1	715174	98.7979
itll	1	715175	98.798
itoko	1	715176	98.7981
itself	1	715177	98.7983
itunes-tegoed	1	715178	98.7984
iuventus	1	715179	98.7986
ivago	1	715180	98.7987
ivn	1	715181	98.7988
ivoor	1	715182	98.799
iwas	1	715183	98.7991
iwein	1	715184	98.7992
izegem	1	715185	98.7994
izu	1	715186	98.7995
iéts	1	715187	98.7997
j-m	1	715188	98.7998
ja-hah	1	715189	98.7999
jaaaaaaa	1	715190	98.8001
jaaaaaaaaaa	1	715191	98.8002
jaaaaaaaaaaaa	1	715192	98.8003
jaaaaaahaaaa	1	715193	98.8005
jaak	1	715194	98.8006
jaarbasis	1	715195	98.8008
jaargesprek	1	715196	98.8009
jaargetij	1	715197	98.801
jaargroep	1	715198	98.8012
jac	1	715199	98.8013
jachtsaus	1	715200	98.8015
jackass	1	715201	98.8016
jackpot	1	715202	98.8017
jaco	1	715203	98.8019
jacob	1	715204	98.802
jacoba	1	715205	98.8021
jacq	1	715206	98.8023
jacuzzi	1	715207	98.8024
jade	1	715208	98.8026
jaee	1	715209	98.8027
jagger	1	715210	98.8028
jah	1	715211	98.803
jaha	1	715212	98.8031
jahren	1	715213	98.8032
jail	1	715214	98.8034
jajong	1	715215	98.8035
jakkes	1	715216	98.8037
jakkie	1	715217	98.8038
jakos	1	715218	98.8039
jaloersig	1	715219	98.8041
jamaan	1	715220	98.8042
jamaar	1	715221	98.8044
jamaica	1	715222	98.8045
james-escopie	1	715223	98.8046
jamiroquai	1	715224	98.8048
jammerlijk	1	715225	98.8049
jammerr	1	715226	98.805
jammie	1	715227	98.8052
jammm	1	715228	98.8053
janbert	1	715229	98.8055
janet	1	715230	98.8056
janjaap	1	715231	98.8057
janna	1	715232	98.8059
janneke	1	715233	98.806
janpieter	1	715234	98.8061
jans	1	715235	98.8063
jantiet	1	715236	98.8064
jap	1	715237	98.8066
japan	1	715238	98.8067
japanner	1	715239	98.8068
japie	1	715240	98.807
japin	1	715241	98.8071
jarenlang	1	715242	98.8073
jartellerie	1	715243	98.8074
jas-das	1	715244	98.8075
jau	1	715245	98.8077
javastraat	1	715246	98.8078
javel	1	715247	98.8079
jawadde	1	715248	98.8081
jawoooooorrr	1	715249	98.8082
jaz	1	715250	98.8084
jazai	1	715251	98.8085
jazeeker	1	715252	98.8086
jazz-fan	1	715253	98.8088
jazzbar	1	715254	98.8089
jazzen	1	715255	98.8091
jazzfestival	1	715256	98.8092
jazzu	1	715257	98.8093
jazzy	1	715258	98.8095
je.zou	1	715259	98.8096
jeager	1	715260	98.8097
jean-pierre	1	715261	98.8099
jeander	1	715262	98.81
jeansmaat	1	715263	98.8102
jed	1	715264	98.8103
jedan	1	715265	98.8104
jede	1	715266	98.8106
jeee	1	715267	98.8107
jeeeeeeeeeee	1	715268	98.8108
jeeeeeeeeeeeeeeeeeeeeeej	1	715269	98.811
jeeeeeeeeeeeeej	1	715270	98.8111
jeeeeeeeeeeeej	1	715271	98.8113
jeeeeeeeeej	1	715272	98.8114
jeeeeeeej	1	715273	98.8115
jeeeeeej	1	715274	98.8117
jeeeeuuujj	1	715275	98.8118
jef	1	715276	98.812
jeh	1	715277	98.8121
jeij	1	715278	98.8122
jekke	1	715279	98.8124
jekker	1	715280	98.8125
jelle	1	715281	98.8126
jen	1	715282	98.8128
jeneverfeest	1	715283	98.8129
jeniets	1	715284	98.8131
jennifer	1	715285	98.8132
jeno	1	715286	98.8133
jens	1	715287	98.8135
jenske	1	715288	98.8136
jepjep	1	715289	98.8137
jernbanetorget	1	715290	98.8139
jeroennappen	1	715291	98.814
jeroenvdvelden@home.nl	1	715292	98.8142
jessica	1	715293	98.8143
jessie	1	715294	98.8144
jessy	1	715295	98.8146
jesus	1	715296	98.8147
jet-lag	1	715297	98.8149
jetchef	1	715298	98.815
jetlagdag	1	715299	98.8151
jetlaghoofd	1	715300	98.8153
jetta	1	715301	98.8154
jeudi	1	715302	98.8155
jeueueuj	1	715303	98.8157
jeugdherinnering	1	715304	98.8158
jeugdhuis	1	715305	98.816
jeugdjournaal	1	715306	98.8161
jeugdrechtbank	1	715307	98.8162
jeugdtoernooi	1	715308	98.8164
jeugdwedstrijden	1	715309	98.8165
jeuk	1	715310	98.8166
jeukt	1	715311	98.8168
jeweil	1	715312	98.8169
jews	1	715313	98.8171
jiehaaa	1	715314	98.8172
jiet	1	715315	98.8173
jihaaa	1	715316	98.8175
jill	1	715317	98.8176
jinbbq	1	715318	98.8178
jippeeeee	1	715319	98.8179
jippiejajee	1	715320	98.818
jippiiiieeeee	1	715321	98.8182
jiskaaa	1	715322	98.8183
jist	1	715323	98.8184
jjip	1	715324	98.8186
jlan	1	715325	98.8187
jmoet	1	715326	98.8189
joachim	1	715327	98.819
joah	1	715328	98.8191
joannes	1	715329	98.8193
jobcafe	1	715330	98.8194
jobomschr	1	715331	98.8195
jobverslag	1	715332	98.8197
joc	1	715333	98.8198
jochei	1	715334	98.82
jochem	1	715335	98.8201
jochen	1	715336	98.8202
jodel	1	715337	98.8204
jodelahitie	1	715338	98.8205
joeee	1	715339	98.8207
joegne	1	715340	98.8208
joehoeeeeee	1	715341	98.8209
joehoew	1	715342	98.8211
joepieee	1	715343	98.8212
jofel	1	715344	98.8213
johan-kant	1	715345	98.8215
johjij	1	715346	98.8216
joindre	1	715347	98.8218
joineren	1	715348	98.8219
joint	1	715349	98.822
jokes	1	715350	98.8222
joking	1	715351	98.8223
jokioooooooo	1	715352	98.8225
jolanda	1	715353	98.8226
jolien	1	715354	98.8227
jolly	1	715355	98.8229
jona	1	715356	98.823
jonathan	1	715357	98.8231
jongeheer	1	715358	98.8233
jongensnaam	1	715359	98.8234
jonggiver	1	715360	98.8236
jongske	1	715361	98.8237
jonkheer	1	715362	98.8238
jonko	1	715363	98.824
jonny	1	715364	98.8241
joomla	1	715365	98.8242
jooooooo	1	715366	98.8244
jooow	1	715367	98.8245
joop	1	715368	98.8247
joos	1	715369	98.8248
joppe	1	715370	98.8249
jordie	1	715371	98.8251
jorieke	1	715372	98.8252
jos-meister	1	715373	98.8254
jose	1	715374	98.8255
jouer	1	715375	98.8256
joueux	1	715376	98.8258
jour	1	715377	98.8259
journaal	1	715378	98.826
jous	1	715379	98.8262
joyjoy	1	715380	98.8263
joyriden	1	715381	98.8265
jpfw	1	715382	98.8266
jpu	1	715383	98.8267
jr.	1	715384	98.8269
jsem	1	715385	98.827
jskeelt	1	715386	98.8271
jubileumboek	1	715387	98.8273
jubileumcadeau	1	715388	98.8274
jubileumfeest	1	715389	98.8276
judas	1	715390	98.8277
jugador	1	715391	98.8278
juh	1	715392	98.828
juhasz	1	715393	98.8281
juijn	1	715394	98.8283
juke	1	715395	98.8284
jukte	1	715396	98.8285
juliana	1	715397	98.8287
julle	1	715398	98.8288
julli	1	715399	98.8289
jummy	1	715400	98.8291
jumped	1	715401	98.8292
jun	1	715402	98.8294
junder	1	715403	98.8295
june	1	715404	98.8296
juniorendag	1	715405	98.8298
junkie	1	715406	98.8299
jupilerbar	1	715407	98.83
jupilerlimonade	1	715408	98.8302
jura	1	715409	98.8303
jurgen	1	715410	98.8305
jurist	1	715411	98.8306
jurre	1	715412	98.8307
jusquà	1	715413	98.8309
justekes	1	715414	98.831
justin	1	715415	98.8312
justine	1	715416	98.8313
jute	1	715417	98.8314
jutenzak	1	715418	98.8316
juuup	1	715419	98.8317
juwelier	1	715420	98.8318
jv	1	715421	98.832
jw	1	715422	98.8321
jägermeister	1	715423	98.8323
k-gevoel	1	715424	98.8324
k-weg	1	715425	98.8325
kI	1	715426	98.8327
kaag	1	715427	98.8328
kaaksjirurg	1	715428	98.8329
kaalheid	1	715429	98.8331
kaalscheren	1	715430	98.8332
kaard	1	715431	98.8334
kaartautomaten	1	715432	98.8335
kaartjeshulp	1	715433	98.8336
kaartma	1	715434	98.8338
kaartn	1	715435	98.8339
kaartnummer	1	715436	98.8341
kaartprijs	1	715437	98.8342
kaartspel	1	715438	98.8343
kaartverkoop	1	715439	98.8345
kaartvriendin	1	715440	98.8346
kaasfondue	1	715441	98.8347
kaasplanken	1	715442	98.8349
kaasschaaf	1	715443	98.835
kaassoufle	1	715444	98.8352
kaatsheuvels	1	715445	98.8353
kabaal	1	715446	98.8354
kabelboom	1	715447	98.8356
kabouterbos	1	715448	98.8357
kabouterdorp	1	715449	98.8359
kabouteridee	1	715450	98.836
kad	1	715451	98.8361
kadaster	1	715452	98.8363
kadasterdingen	1	715453	98.8364
kaderweekend	1	715454	98.8365
kado-idee	1	715455	98.8367
kadojacht	1	715456	98.8368
kadokaart	1	715457	98.837
kadopapier	1	715458	98.8371
kaduuk	1	715459	98.8372
kaffe	1	715460	98.8374
kaileuk	1	715461	98.8375
kakabroer	1	715462	98.8376
kakatrein	1	715463	98.8378
kaketoe	1	715464	98.8379
kakkemieke	1	715465	98.8381
kakker	1	715466	98.8382
kakkerdekak	1	715467	98.8383
kakkerlak	1	715468	98.8385
kaksysteem	1	715469	98.8386
kaktraining	1	715470	98.8388
kakzakskes	1	715471	98.8389
kakzooi	1	715472	98.839
kalibratieprobleem	1	715473	98.8392
kalkoensalami	1	715474	98.8393
kalmeren-en	1	715475	98.8394
kalver	1	715476	98.8396
kalyniechta	1	715477	98.8397
kamasutra	1	715478	98.8399
kameel	1	715479	98.84
kameraad	1	715480	98.8401
kamernet	1	715481	98.8403
kamernummer	1	715482	98.8404
kammen	1	715483	98.8405
kampboek	1	715484	98.8407
kampeertafel	1	715485	98.8408
kampen	1	715486	98.841
kamper	1	715487	98.8411
kamphuber	1	715488	98.8412
kamping	1	715489	98.8414
kampioenschap	1	715490	98.8415
kampkrant-relateren	1	715491	98.8417
kampleider	1	715492	98.8418
kampleiding	1	715493	98.8419
kampleidster	1	715494	98.8421
kampmakker	1	715495	98.8422
kamppraat	1	715496	98.8423
kampraad	1	715497	98.8425
kan't	1	715498	98.8426
kan.gr	1	715499	98.8428
kan.jij	1	715500	98.8429
kan.we	1	715501	98.843
kanaalbodega	1	715502	98.8432
kanaiya	1	715503	98.8433
kandaat	1	715504	98.8434
kaneel	1	715505	98.8436
kangaroo	1	715506	98.8437
kanj	1	715507	98.8439
kanje	1	715508	98.844
kanker	1	715509	98.8441
kannst	1	715510	98.8443
kano-weer	1	715511	98.8444
kanoen	1	715512	98.8446
kanogeld	1	715513	98.8447
kanotocht	1	715514	98.8448
kanovaren	1	715515	98.845
kanoën	1	715516	98.8451
kanst	1	715517	98.8452
kant-en-klaar	1	715518	98.8454
kantklosclub	1	715519	98.8455
kanton	1	715520	98.8457
kantonees	1	715521	98.8458
kantongerecht	1	715522	98.8459
kantoorlijn	1	715523	98.8461
kantoorslaaf	1	715524	98.8462
kantoorweer	1	715525	98.8463
kanu	1	715526	98.8465
kaoptmaken	1	715527	98.8466
kapelherhaling	1	715528	98.8468
kapen	1	715529	98.8469
kapitein	1	715530	98.847
kapotgeregend	1	715531	98.8472
kapotslaan	1	715532	98.8473
kapster	1	715533	98.8475
kapvergunning	1	715534	98.8476
kapòt	1	715535	98.8477
karaokefeest	1	715536	98.8479
karbona	1	715537	98.848
kardinaal	1	715538	98.8481
karen	1	715539	98.8483
kariboeke	1	715540	98.8484
karikatuur	1	715541	98.8486
karl	1	715542	98.8487
karlienemien	1	715543	98.8488
karlienemine	1	715544	98.849
karlienheid	1	715545	98.8491
karlienliefde	1	715546	98.8493
karlientijd	1	715547	98.8494
karline	1	715548	98.8495
karmeliet	1	715549	98.8497
karnietoerek	1	715550	98.8498
karpendonkse	1	715551	98.8499
karper	1	715552	98.8501
kartoffelsalat	1	715553	98.8502
karwei-sticker	1	715554	98.8504
kas	1	715555	98.8505
kasken	1	715556	98.8506
kastanje	1	715557	98.8508
kasteelbier	1	715558	98.8509
kasteelstraat	1	715559	98.851
kastplint	1	715560	98.8512
kaszinsky	1	715561	98.8513
kateren	1	715562	98.8515
katerontbijt	1	715563	98.8516
kathedraal	1	715564	98.8517
kathelijne	1	715565	98.8519
kathmandu	1	715566	98.852
katrijn	1	715567	98.8522
kattebak	1	715568	98.8523
kattelam	1	715569	98.8524
kattenhumor	1	715570	98.8526
kattenpis	1	715571	98.8527
kattenvoer	1	715572	98.8528
kattenzaken	1	715573	98.853
kattenziekte	1	715574	98.8531
kattespoelstr	1	715575	98.8533
katznkut	1	715576	98.8534
kaushal	1	715577	98.8535
kauwgombal	1	715578	98.8537
kayakken	1	715579	98.8538
kazakding	1	715580	98.8539
kazerne	1	715581	98.8541
kazoo	1	715582	98.8542
kbck	1	715583	98.8544
kbcpresentatie	1	715584	98.8545
kbedenken	1	715585	98.8546
kbekyk	1	715586	98.8548
kbelen	1	715587	98.8549
kbenner	1	715588	98.8551
kbent	1	715589	98.8552
kdachtekik	1	715590	98.8553
kdeed	1	715591	98.8555
kdurf	1	715592	98.8556
kdyz	1	715593	98.8557
ke	1	715594	98.8559
kebabzaak	1	715595	98.856
kebap	1	715596	98.8562
kedeng-kedeng	1	715597	98.8563
keeltablet	1	715598	98.8564
keerzoen	1	715599	98.8566
keessaus	1	715600	98.8567
keffer	1	715601	98.8568
kegelen	1	715602	98.857
kegelvormig	1	715603	98.8571
kei-rustig	1	715604	98.8573
kei-verdrietig	1	715605	98.8574
keichille	1	715606	98.8575
keiduur	1	715607	98.8577
keifijn	1	715608	98.8578
keiglad	1	715609	98.858
keigoe	1	715610	98.8581
keigoedkoop	1	715611	98.8582
keijong	1	715612	98.8584
keiknap	1	715613	98.8585
keiluid	1	715614	98.8586
keimoe	1	715615	98.8588
keimoeilijk	1	715616	98.8589
keimooi	1	715617	98.8591
kein	1	715618	98.8592
keiraar	1	715619	98.8593
keirustig	1	715620	98.8595
keivaak	1	715621	98.8596
keiver	1	715622	98.8597
keivol	1	715623	98.8599
keizer	1	715624	98.86
keizersnede	1	715625	98.8602
keizwaar	1	715626	98.8603
kekapparaat	1	715627	98.8604
kekbestuur	1	715628	98.8606
keksupermarkt	1	715629	98.8607
kelderen	1	715630	98.8609
keldergezocht	1	715631	98.861
keldertrap	1	715632	98.8611
kelly	1	715633	98.8613
kenk	1	715634	98.8614
kennedy	1	715635	98.8615
kenneke	1	715636	98.8617
kennet	1	715637	98.8618
kenneth	1	715638	98.862
kenniknienee	1	715639	98.8621
kennisbank	1	715640	98.8622
kennismakingskring	1	715641	98.8624
kenny	1	715642	98.8625
kensington	1	715643	98.8627
kenter	1	715644	98.8628
kepen	1	715645	98.8629
keramiek	1	715646	98.8631
kerk+lunch	1	715647	98.8632
kerkdinges	1	715648	98.8633
kerkganger	1	715649	98.8635
kerkhof	1	715650	98.8636
kerkplein	1	715651	98.8638
kerktoren	1	715652	98.8639
kerlin	1	715653	98.864
kermesse	1	715654	98.8642
kernhem	1	715655	98.8643
kerst-extravaganza	1	715656	98.8644
kerstavond	1	715657	98.8646
kerstbal	1	715658	98.8647
kerstdiner	1	715659	98.8649
kerstdinermail	1	715660	98.865
kerstgedachte	1	715661	98.8651
kerstgevoel	1	715662	98.8653
kerstinkoop	1	715663	98.8654
kerstkaartsudoku	1	715664	98.8656
kerstkado	1	715665	98.8657
kerstkransje	1	715666	98.8658
kerstman	1	715667	98.866
kerstomaat	1	715668	98.8661
kerstvakantieplan	1	715669	98.8662
kerstweek	1	715670	98.8664
kerstwonder	1	715671	98.8665
kessels	1	715672	98.8667
ketchup	1	715673	98.8668
ketel	1	715674	98.8669
ketjap	1	715675	98.8671
ketrien	1	715676	98.8672
keukenboer	1	715677	98.8673
keukendeur	1	715678	98.8675
keukending	1	715679	98.8676
keukenla	1	715680	98.8678
keukenmeidenroman	1	715681	98.8679
keukenprinces	1	715682	98.868
keukenreiniger	1	715683	98.8682
keukentent	1	715684	98.8683
keul	1	715685	98.8685
keun	1	715686	98.8686
keuns	1	715687	98.8687
keuring	1	715688	98.8689
keven	1	715689	98.869
keynote	1	715690	98.8691
keys	1	715691	98.8693
kg.	1	715692	98.8694
kgad	1	715693	98.8696
kgaj	1	715694	98.8697
kh	1	715695	98.8698
khb	1	715696	98.87
kheb'n	1	715697	98.8701
khebber	1	715698	98.8702
khebt	1	715699	98.8704
khem	1	715700	98.8705
khleuf	1	715701	98.8707
khleuveninformaticus	1	715702	98.8708
khmer	1	715703	98.8709
khouden	1	715704	98.8711
kibbelen	1	715705	98.8712
kichi	1	715706	98.8714
kick-off	1	715707	98.8715
kicken	1	715708	98.8716
kicker	1	715709	98.8718
kickeren	1	715710	98.8719
kickoff	1	715711	98.872
kidding	1	715712	98.8722
kidneys	1	715713	98.8723
kidoki	1	715714	98.8725
kieken	1	715715	98.8726
kiekenfestijn	1	715716	98.8727
kiekie	1	715717	98.8729
kiepen	1	715718	98.873
kieperen	1	715719	98.8731
kiescantus	1	715720	98.8733
kiet	1	715721	98.8734
kietelen	1	715722	98.8736
kij	1	715723	98.8737
kijkcijfer	1	715724	98.8738
kijkdn	1	715725	98.874
kijkduin	1	715726	98.8741
kijkenxd	1	715727	98.8743
kijker	1	715728	98.8744
kijkoperatie	1	715729	98.8745
kijkplezier	1	715730	98.8747
kikkerland	1	715731	98.8748
kilowatt	1	715732	98.8749
kilten	1	715733	98.8751
kimen	1	715734	98.8752
kimende	1	715735	98.8754
kimmen	1	715736	98.8755
kimmieh	1	715737	98.8756
kinderachtig	1	715738	98.8758
kinderafdeling	1	715739	98.8759
kinderfilm	1	715740	98.8761
kindergeld	1	715741	98.8762
kinderlokster	1	715742	98.8763
kinderwens	1	715743	98.8765
kindja	1	715744	98.8766
kindloos	1	715745	98.8767
kinds	1	715746	98.8769
kinect	1	715747	98.877
kinesitherapie	1	715748	98.8772
kingdom	1	715749	98.8773
kings	1	715750	98.8774
kink	1	715751	98.8776
kino	1	715752	98.8777
kiosk	1	715753	98.8778
kipding	1	715754	98.878
kipkruiden	1	715755	98.8781
kippekruid	1	715756	98.8783
kippenbouillon	1	715757	98.8784
kippenfilet	1	715758	98.8785
kippenkraam	1	715759	98.8787
kippensoep	1	715760	98.8788
kippestoofpotje	1	715761	98.879
kipsate	1	715762	98.8791
kipschnitzel	1	715763	98.8792
kir	1	715764	98.8794
kirstenschonbeck	1	715765	98.8795
kiss+ride	1	715766	98.8796
kissies	1	715767	98.8798
kissing	1	715768	98.8799
kissss	1	715769	98.8801
kisten	1	715770	98.8802
kit	1	715771	98.8803
kitchen	1	715772	98.8805
kitsch	1	715773	98.8806
kitscherig	1	715774	98.8807
kitty	1	715775	98.8809
kkaar	1	715776	98.881
kkzooi	1	715777	98.8812
klaaaaaaaaar	1	715778	98.8813
klaaar	1	715779	98.8814
klaarblijkelijk	1	715780	98.8816
klaarhebben	1	715781	98.8817
klaarhouden	1	715782	98.8819
klaarkomen	1	715783	98.882
klaarliggen	1	715784	98.8821
kladden	1	715785	98.8823
klaer	1	715786	98.8824
klag	1	715787	98.8825
klakske	1	715788	98.8827
klank	1	715789	98.8828
klantenkaart	1	715790	98.883
klantnummer	1	715791	98.8831
klapband	1	715792	98.8832
klaplong	1	715793	98.8834
klapper	1	715794	98.8835
klapzoen	1	715795	98.8836
klarenbeek	1	715796	98.8838
klassenavond	1	715797	98.8839
klassenfoto	1	715798	98.8841
klasseren	1	715799	98.8842
kledingkast	1	715800	98.8843
kledingmaat	1	715801	98.8845
kledingstuk	1	715802	98.8846
kleerhanger	1	715803	98.8848
kleerkast	1	715804	98.8849
kleermakerzit	1	715805	98.885
kleerschreuren	1	715806	98.8852
klees	1	715807	98.8853
kleinde	1	715808	98.8854
kleinschalig	1	715809	98.8856
klender	1	715810	98.8857
klets	1	715811	98.8859
kletsnat	1	715812	98.886
kletteren	1	715813	98.8861
kleurig	1	715814	98.8863
kleurloos	1	715815	98.8864
kleurstof	1	715816	98.8865
kleuterleidster	1	715817	98.8867
kleven	1	715818	98.8868
klezmer	1	715819	98.887
kliederen	1	715820	98.8871
klijnsma	1	715821	98.8872
klik	1	715822	98.8874
kliko	1	715823	98.8875
klimfiestjeuh	1	715824	98.8877
klimplezier	1	715825	98.8878
klinktet	1	715826	98.8879
klinktruc	1	715827	98.8881
klint	1	715828	98.8882
klintvej	1	715829	98.8883
klmmen	1	715830	98.8885
klnken	1	715831	98.8886
klockan	1	715832	98.8888
klokkijken	1	715833	98.8889
klokslag	1	715834	98.889
klont	1	715835	98.8892
klooien	1	715836	98.8893
kloop	1	715837	98.8895
klooster	1	715838	98.8896
klootviolen	1	715839	98.8897
klootzak	1	715840	98.8899
klos	1	715841	98.89
klotebouwvakker	1	715842	98.8901
kluchtig	1	715843	98.8903
kluisteren	1	715844	98.8904
kluizenaar	1	715845	98.8906
klusjesdag	1	715846	98.8907
klusjesman	1	715847	98.8908
klusman	1	715848	98.891
klusser	1	715849	98.8911
klusvreugde	1	715850	98.8912
kluts	1	715851	98.8914
klutsding	1	715852	98.8915
kmaak	1	715853	98.8917
kmail	1	715854	98.8918
kmerk	1	715855	98.8919
kmoeste	1	715856	98.8921
kmpet	1	715857	98.8922
knaep	1	715858	98.8924
knakker	1	715859	98.8925
knalfeesten	1	715860	98.8926
knalklaar	1	715861	98.8928
knapenleider	1	715862	98.8929
knarsetanden	1	715863	98.893
kneiterbrak	1	715864	98.8932
kneiterhits	1	715865	98.8933
knel	1	715866	98.8935
knellen	1	715867	98.8936
knetter	1	715868	98.8937
knetteren	1	715869	98.8939
knettergaar	1	715870	98.894
knetterhard	1	715871	98.8941
kneut	1	715872	98.8943
kneutebeulen	1	715873	98.8944
knieën	1	715874	98.8946
knik	1	715875	98.8947
knikken	1	715876	98.8948
knipperen	1	715877	98.895
knmi-kaart	1	715878	98.8951
knoalster	1	715879	98.8953
knoflook	1	715880	98.8954
knol	1	715881	98.8955
knolraap	1	715882	98.8957
knolselder-wortel	1	715883	98.8958
knoopcel	1	715884	98.8959
knopfler	1	715885	98.8961
knorpot	1	715886	98.8962
knowing	1	715887	98.8964
knudde	1	715888	98.8965
knuff	1	715889	98.8966
knuffeeeeeeel	1	715890	98.8968
knuffelbeer	1	715891	98.8969
knuffelennnn	1	715892	98.897
knuffelknuffelknuffel	1	715893	98.8972
knuffies	1	715894	98.8973
knuffl	1	715895	98.8975
knufltjs	1	715896	98.8976
knullevriend	1	715897	98.8977
knullevrind	1	715898	98.8979
knusjes	1	715899	98.898
knuss	1	715900	98.8982
knussert	1	715901	98.8983
knussiessss	1	715902	98.8984
knuteselweekend	1	715903	98.8986
knutselmateriaal	1	715904	98.8987
ko	1	715905	98.8988
kodakmoment	1	715906	98.899
koediekoedie	1	715907	98.8991
koedoe	1	715908	98.8993
koeienletter	1	715909	98.8994
koeienmaag	1	715910	98.8995
koeienmest	1	715911	98.8997
koeken	1	715912	98.8998
koekenbakker	1	715913	98.8999
koekenpan	1	715914	98.9001
koekwau	1	715915	98.9002
koelast	1	715916	98.9004
koelbox	1	715917	98.9005
koelende	1	715918	98.9006
koelie	1	715919	98.9008
koelventilator	1	715920	98.9009
koenies	1	715921	98.9011
koenmagic	1	715922	98.9012
koepeloverleg	1	715923	98.9013
koepoortgarage	1	715924	98.9015
koessie	1	715925	98.9016
kof	1	715926	98.9017
koffie+	1	715927	98.9019
koffie-date	1	715928	98.902
koffie-noodgeval	1	715929	98.9022
koffieautomaat	1	715930	98.9023
koffiedrinken	1	715931	98.9024
koffiehoek	1	715932	98.9026
koffiekamer	1	715933	98.9027
koffiekoek	1	715934	98.9029
koffieleut	1	715935	98.903
koffiestalker	1	715936	98.9031
koffietent	1	715937	98.9033
kogelvrye	1	715938	98.9034
kokej	1	715939	98.9035
koken+	1	715940	98.9037
kokosthee	1	715941	98.9038
kolaarrrr	1	715942	98.904
kolere	1	715943	98.9041
kolleez	1	715944	98.9042
kolven	1	715945	98.9044
kom.	1	715946	98.9045
komaan	1	715947	98.9046
komaf	1	715948	98.9048
komdd	1	715949	98.9049
kome	1	715950	98.9051
komedie	1	715951	98.9052
koment	1	715952	98.9053
komiek	1	715953	98.9055
komj	1	715954	98.9056
komju	1	715955	98.9058
komkommertijd	1	715956	98.9059
komme	1	715957	98.906
kompas-versie	1	715958	98.9062
kondig	1	715959	98.9063
kondigen	1	715960	98.9064
konijnenren	1	715961	98.9066
konijnenvoer	1	715962	98.9067
koninck	1	715963	98.9069
koning-aas	1	715964	98.907
koningin	1	715965	98.9071
koninginnedag	1	715966	98.9073
koninginnedagfestival	1	715967	98.9074
koninginnendag	1	715968	98.9075
koninklijk	1	715969	98.9077
konyn	1	715970	98.9078
koog	1	715971	98.908
kooijman@denhaagcentraal.net	1	715972	98.9081
kook	1	715973	98.9082
kookwinkel	1	715974	98.9084
koopa	1	715975	98.9085
koopavnd	1	715976	98.9087
koopovereenkomst	1	715977	98.9088
koopte	1	715978	98.9089
koornlei	1	715979	98.9091
koortsachtig	1	715980	98.9092
koortsgevoel	1	715981	98.9093
kooten	1	715982	98.9095
kopenhagen-plezier	1	715983	98.9096
koperwaren	1	715984	98.9098
kopiedienst	1	715985	98.9099
kopieercode	1	715986	98.91
kopieermachine	1	715987	98.9102
kopieren	1	715988	98.9103
koppelafl	1	715989	98.9104
koppeling	1	715990	98.9106
koppen	1	715991	98.9107
koppie	1	715992	98.9109
kore	1	715993	98.911
korrel	1	715994	98.9111
korst	1	715995	98.9113
kortaf	1	715996	98.9114
kortingknaller	1	715997	98.9116
kostelijk	1	715998	98.9117
kostuumvest	1	715999	98.9118
kots	1	716000	98.912
kotsbeu	1	716001	98.9121
kotsende	1	716002	98.9122
kouddd	1	716003	98.9124
koudje	1	716004	98.9125
koudzetten	1	716005	98.9127
kousebroek	1	716006	98.9128
kousje	1	716007	98.9129
kout	1	716008	98.9131
kouter	1	716009	98.9132
kowlier	1	716010	98.9133
kpak	1	716011	98.9135
kpeiz	1	716012	98.9136
kpijs	1	716013	98.9138
kproberen	1	716014	98.9139
kqn	1	716015	98.914
krabbelen	1	716016	98.9142
krabben	1	716017	98.9143
krablaag	1	716018	98.9145
krabsalade	1	716019	98.9146
krachtbalkindje	1	716020	98.9147
krachttraining	1	716021	98.9149
krakau	1	716022	98.915
kraker	1	716023	98.9151
krakow	1	716024	98.9153
krantenkop	1	716025	98.9154
krantenwinkel	1	716026	98.9156
krater	1	716027	98.9157
krazy	1	716028	98.9158
kreet	1	716029	98.916
kreezie	1	716030	98.9161
kreng	1	716031	98.9163
krent	1	716032	98.9164
krentenwebsite	1	716033	98.9165
kreuk	1	716034	98.9167
kreun	1	716035	98.9168
kreupel	1	716036	98.9169
kribbe	1	716037	98.9171
kriekel	1	716038	98.9172
kriel	1	716039	98.9174
krigen	1	716040	98.9175
krijgn	1	716041	98.9176
krijgslaan	1	716042	98.9178
krijsen	1	716043	98.9179
kringel	1	716044	98.918
kringhalfjaar	1	716045	98.9182
kringlid	1	716046	98.9183
kringloop	1	716047	98.9185
kriske	1	716048	98.9186
kristal	1	716049	98.9187
kristin	1	716050	98.9189
kritisch	1	716051	98.919
kroatie	1	716052	98.9192
kroatisch	1	716053	98.9193
kroatië	1	716054	98.9194
kroegenspeurtocht	1	716055	98.9196
kroegnaam	1	716056	98.9197
kroes	1	716057	98.9198
krok	1	716058	98.92
krokmeneer	1	716059	98.9201
krokodill	1	716060	98.9203
kronenburg	1	716061	98.9204
kronkelchip	1	716062	98.9205
kroost	1	716063	98.9207
krop	1	716064	98.9208
krot	1	716065	98.9209
kruiden	1	716066	98.9211
kruidenbitter	1	716067	98.9212
kruidenboter	1	716068	98.9214
kruidenplant	1	716069	98.9215
kruidtuin	1	716070	98.9216
kruimel	1	716071	98.9218
kruimeldief	1	716072	98.9219
kruiningen-yerseke	1	716073	98.9221
kruipe	1	716074	98.9222
kruisinglll	1	716075	98.9223
kruitdamp	1	716076	98.9225
kruk	1	716077	98.9226
krullie	1	716078	98.9227
krulstaart	1	716079	98.9229
kruukske	1	716080	98.923
ksie	1	716081	98.9232
ksit	1	716082	98.9233
ksnappet	1	716083	98.9234
kspring	1	716084	98.9236
kstaan	1	716085	98.9237
kstanu	1	716086	98.9238
kstap	1	716087	98.924
kstel	1	716088	98.9241
kstop	1	716089	98.9243
kt	1	716090	98.9244
ku-hut	1	716091	98.9245
kua	1	716092	98.9247
kuajw	1	716093	98.9248
kubb	1	716094	98.925
kubica	1	716095	98.9251
kubtuin	1	716096	98.9252
kuch	1	716097	98.9254
kuden	1	716098	98.9255
kuif	1	716099	98.9256
kuiken	1	716100	98.9258
kuitmassage	1	716101	98.9259
kuleuvenmail	1	716102	98.9261
kum	1	716103	98.9262
kumaar	1	716104	98.9263
kumari	1	716105	98.9265
kummedie	1	716106	98.9266
kundig	1	716107	98.9267
kunm	1	716108	98.9269
kunnendoen	1	716109	98.927
kunstacademie	1	716110	98.9272
kunstcollectie	1	716111	98.9273
kunstenaar	1	716112	98.9274
kunstkritiek	1	716113	98.9276
kunstmuseum	1	716114	98.9277
kunstnacht	1	716115	98.9279
kunstpad	1	716116	98.928
kunstposter	1	716117	98.9281
kunstproject	1	716118	98.9283
kunstsuperette	1	716119	98.9284
kunt	1	716120	98.9285
kuren	1	716121	98.9287
kurk	1	716122	98.9288
kurktegel	1	716123	98.929
kurt	1	716124	98.9291
kurz	1	716125	98.9292
kusadasi	1	716126	98.9294
kusjesattack	1	716127	98.9295
kusjeshart	1	716128	98.9297
kusjeskus	1	716129	98.9298
kusjesp	1	716130	98.9299
kusjjjeee	1	716131	98.9301
kuskant	1	716132	98.9302
kusknuffel	1	716133	98.9303
kussel	1	716134	98.9305
kussiej	1	716135	98.9306
kussssss	1	716136	98.9308
kutbedrijf	1	716137	98.9309
kutbereik	1	716138	98.931
kutbeslissing	1	716139	98.9312
kutbieb	1	716140	98.9313
kutconducteur	1	716141	98.9314
kutdruk	1	716142	98.9316
kutfeut	1	716143	98.9317
kutfinish	1	716144	98.9319
kutfuckingteringkermis	1	716145	98.932
kutgsm	1	716146	98.9321
kuthoer	1	716147	98.9323
kutiphone	1	716148	98.9324
kutplek	1	716149	98.9326
kutpunt	1	716150	98.9327
kutregen	1	716151	98.9328
kutschauffeur	1	716152	98.933
kutspul	1	716153	98.9331
kutstad	1	716154	98.9332
kuttool	1	716155	98.9334
kutvak	1	716156	98.9335
kutveolia	1	716157	98.9337
kutverhaal	1	716158	98.9338
kutvolk	1	716159	98.9339
kutweek	1	716160	98.9341
kutwerk	1	716161	98.9342
kuuroord	1	716162	98.9343
kv	1	716163	98.9345
kvermoed	1	716164	98.9346
kverzin	1	716165	98.9348
kvin	1	716166	98.9349
kvio	1	716167	98.935
kvk	1	716168	98.9352
kvon	1	716169	98.9353
kvreesde	1	716170	98.9355
kvroeg	1	716171	98.9356
kwacht	1	716172	98.9357
kwak	1	716173	98.9359
kwakkelen	1	716174	98.936
kwakken	1	716175	98.9361
kwark	1	716176	98.9363
kwarteeuw	1	716177	98.9364
kwartelei	1	716178	98.9366
kwartet	1	716179	98.9367
kwartslag	1	716180	98.9368
kwartuur	1	716181	98.937
kwasvergetn	1	716182	98.9371
kweelwerk	1	716183	98.9372
kweenieoe	1	716184	98.9374
kweenieoever	1	716185	98.9375
kweethet	1	716186	98.9377
kweetniehoeveel	1	716187	98.9378
kweetnognie	1	716188	98.9379
kwen	1	716189	98.9381
kwens	1	716190	98.9382
kwerd	1	716191	98.9384
kwerk	1	716192	98.9385
kwijtraken	1	716193	98.9386
kwilln	1	716194	98.9388
kwintensberg	1	716195	98.9389
kwiz	1	716196	98.939
kwoot	1	716197	98.9392
kword	1	716198	98.9393
kwyt	1	716199	98.9395
kxs	1	716200	98.9396
kyke	1	716201	98.9397
kyle	1	716202	98.9399
kynde	1	716203	98.94
kzeg	1	716204	98.9401
kzeggen	1	716205	98.9403
kzegget	1	716206	98.9404
kzei	1	716207	98.9406
kzenia	1	716208	98.9407
kzien	1	716209	98.9408
kziet	1	716210	98.941
kzin	1	716211	98.9411
kàn	1	716212	98.9413
kán	1	716213	98.9414
köln	1	716214	98.9415
köpings	1	716215	98.9417
l.	1	716216	98.9418
l.u.m.e.n	1	716217	98.9419
laaange	1	716218	98.9421
laaatewj	1	716219	98.9422
laagbouw	1	716220	98.9424
laagdrempelig	1	716221	98.9425
laaghangend	1	716222	98.9426
laaje	1	716223	98.9428
laangs	1	716224	98.9429
laarbeekshirts	1	716225	98.9431
laars	1	716226	98.9432
laaste-loodjes-manager	1	716227	98.9433
laatavond	1	716228	98.9435
laatmaar	1	716229	98.9436
laatsste	1	716230	98.9437
laatstemoest	1	716231	98.9439
laatsten	1	716232	98.944
labastide	1	716233	98.9442
label	1	716234	98.9443
labelers	1	716235	98.9444
laboratoriuminstructie	1	716236	98.9446
lache	1	716237	98.9447
lacheln	1	716238	98.9448
lachenx	1	716239	98.945
lachexd	1	716240	98.9451
lacoste	1	716241	98.9453
lactose	1	716242	98.9454
laderas	1	716243	98.9455
ladert	1	716244	98.9457
ladeuzeplein	1	716245	98.9458
ladiesnight	1	716246	98.946
ladiesrun	1	716247	98.9461
lading	1	716248	98.9462
laethitia	1	716249	98.9464
lageenergiewoning	1	716250	98.9465
lagerfeld	1	716251	98.9466
lagering	1	716252	98.9468
lago	1	716253	98.9469
laguna	1	716254	98.9471
lak	1	716255	98.9472
lala	1	716256	98.9473
lalaland	1	716257	98.9475
lalitpur	1	716258	98.9476
lallende	1	716259	98.9477
lamballen	1	716260	98.9479
lamborghini	1	716261	98.948
laminaat	1	716262	98.9482
lamineren	1	716263	98.9483
lamlendig	1	716264	98.9484
lampe	1	716265	98.9486
lampenkap	1	716266	98.9487
lamsvlees	1	716267	98.9489
lan	1	716268	98.949
lan-party	1	716269	98.9491
lanceren	1	716270	98.9493
landed	1	716271	98.9494
lander	1	716272	98.9495
landes	1	716273	98.9497
landing	1	716274	98.9498
landoversteek	1	716275	98.95
landschap	1	716276	98.9501
landseer	1	716277	98.9502
landz	1	716278	98.9504
langdurig	1	716279	98.9505
langeboom	1	716280	98.9506
langestraat	1	716281	98.9508
langgg	1	716282	98.9509
langs.to	1	716283	98.9511
langsflist	1	716284	98.9512
langskunnen	1	716285	98.9513
langslaper	1	716286	98.9515
langslopen	1	716287	98.9516
langszamer	1	716288	98.9518
languages	1	716289	98.9519
languit	1	716290	98.952
lanterns	1	716291	98.9522
lapage	1	716292	98.9523
lara	1	716293	98.9524
larger	1	716294	98.9526
larocca	1	716295	98.9527
lasagnetta	1	716296	98.9529
laschuit	1	716297	98.953
laserjet	1	716298	98.9531
lasertaggen	1	716299	98.9533
lasgne	1	716300	98.9534
lass	1	716301	98.9536
lassen	1	716302	98.9537
lassohooos	1	716303	98.9538
lasten	1	716304	98.954
latel	1	716305	98.9541
laterrr	1	716306	98.9542
laterrrr	1	716307	98.9544
laterzaterdag	1	716308	98.9545
laterzzz	1	716309	98.9547
latest	1	716310	98.9548
latet	1	716311	98.9549
latijn	1	716312	98.9551
latitiude	1	716313	98.9552
latitude	1	716314	98.9553
latn	1	716315	98.9555
lator	1	716316	98.9556
latorz	1	716317	98.9558
laugh	1	716318	98.9559
laundry	1	716319	98.956
launzers	1	716320	98.9562
laur	1	716321	98.9563
laure	1	716322	98.9565
laureen	1	716323	98.9566
laurence	1	716324	98.9567
laurenceke	1	716325	98.9569
laurent	1	716326	98.957
lauw	1	716327	98.9571
laveloos	1	716328	98.9573
laweit	1	716329	98.9574
lax	1	716330	98.9576
laxeby	1	716331	98.9577
laxeermiddel	1	716332	98.9578
laxeerpasta	1	716333	98.958
laxeerspul	1	716334	98.9581
lay-out	1	716335	98.9582
layoutwens	1	716336	98.9584
lb	1	716337	98.9585
ldag	1	716338	98.9587
lead	1	716339	98.9588
leader	1	716340	98.9589
leaker	1	716341	98.9591
learn	1	716342	98.9592
leather	1	716343	98.9594
leaves	1	716344	98.9595
leavink	1	716345	98.9596
lebbeke	1	716346	98.9598
leche	1	716347	98.9599
lectorenkamer	1	716348	98.96
lecture	1	716349	98.9602
led	1	716350	98.9603
ledebergse	1	716351	98.9605
ledemaat	1	716352	98.9606
lederen	1	716353	98.9607
ledig	1	716354	98.9609
lee	1	716355	98.961
leefbaarheid	1	716356	98.9611
leefruimte	1	716357	98.9613
leeggereden	1	716358	98.9614
leegmaken	1	716359	98.9616
leejdi	1	716360	98.9617
leena	1	716361	98.9618
leenaers	1	716362	98.962
leenauto	1	716363	98.9621
leenheer	1	716364	98.9623
leep	1	716365	98.9624
leerdag	1	716366	98.9625
leerlinglijst	1	716367	98.9627
leermarathon	1	716368	98.9628
leerproject	1	716369	98.9629
leerrijk	1	716370	98.9631
leerstof	1	716371	98.9632
leesbril	1	716372	98.9634
leesdip	1	716373	98.9635
leesplezier	1	716374	98.9636
leessucces	1	716375	98.9638
leesteken	1	716376	98.9639
leeswerk	1	716377	98.964
leeszaal	1	716378	98.9642
leeuwenvlag	1	716379	98.9643
lef	1	716380	98.9645
lefelen	1	716381	98.9646
lefevre	1	716382	98.9647
leffes	1	716383	98.9649
legal	1	716384	98.965
legear	1	716385	98.9652
legge	1	716386	98.9653
legion	1	716387	98.9654
legitimeren	1	716388	98.9656
legkip	1	716389	98.9657
legoblok	1	716390	98.9658
legolas	1	716391	98.966
legowinkel	1	716392	98.9661
legplank	1	716393	98.9663
leidinggevend	1	716394	98.9664
leids	1	716395	98.9665
leidseplein	1	716396	98.9667
leien	1	716397	98.9668
leipe	1	716398	98.967
leisure	1	716399	98.9671
lekka	1	716400	98.9672
lekkeren	1	716401	98.9674
lekkerr	1	716402	98.9675
lekkerrrrrrrrrrr	1	716403	98.9676
lekket	1	716404	98.9678
lekprikken	1	716405	98.9679
lekstok	1	716406	98.9681
lelie	1	716407	98.9682
lelijkerd	1	716408	98.9683
lelijkheid	1	716409	98.9685
lelyk	1	716410	98.9686
lembeke	1	716411	98.9687
lemme	1	716412	98.9689
lemmy	1	716413	98.969
lemon	1	716414	98.9692
lemp	1	716415	98.9693
len	1	716416	98.9694
lena	1	716417	98.9696
lener	1	716418	98.9697
lengte	1	716419	98.9699
lengtemaat	1	716420	98.97
lenie	1	716421	98.9701
lennart	1	716422	98.9703
lenny	1	716423	98.9704
lensonline	1	716424	98.9705
lentedag	1	716425	98.9707
lenteweer	1	716426	98.9708
lenzie	1	716427	98.971
leonard	1	716428	98.9711
leonardo	1	716429	98.9712
leonoor	1	716430	98.9714
leontine	1	716431	98.9715
lepeltje-lepeltje	1	716432	98.9716
lernen	1	716433	98.9718
lesbian	1	716434	98.9719
lesbienne	1	716435	98.9721
lesbo	1	716436	98.9722
leslie	1	716437	98.9723
lesly's	1	716438	98.9725
lesuur	1	716439	98.9726
lesweek	1	716440	98.9728
letsel	1	716441	98.9729
lettergreep	1	716442	98.973
letterman	1	716443	98.9732
letterteken	1	716444	98.9733
lettertype	1	716445	98.9734
lettervan	1	716446	98.9736
letting	1	716447	98.9737
lettn	1	716448	98.9739
leu	1	716449	98.974
leugenaar	1	716450	98.9741
leukdat	1	716451	98.9743
leukemie	1	716452	98.9744
leukerd	1	716453	98.9745
leukere	1	716454	98.9747
leukheid	1	716455	98.9748
leunen	1	716456	98.975
leussing	1	716457	98.9751
leute	1	716458	98.9752
leuten	1	716459	98.9754
leve	1	716460	98.9755
level	1	716461	98.9757
levend	1	716462	98.9758
levensbedreigend	1	716463	98.9759
levensdoel	1	716464	98.9761
levensjaar	1	716465	98.9762
levensmoe	1	716466	98.9763
levensverlengen	1	716467	98.9765
leverancier	1	716468	98.9766
leverbloedvat	1	716469	98.9768
leveringsdatum	1	716470	98.9769
levertijd	1	716471	98.977
levi	1	716472	98.9772
levis	1	716473	98.9773
lgewoon	1	716474	98.9774
li	1	716475	98.9776
liarliar	1	716476	98.9777
librarie	1	716477	98.9779
libre	1	716478	98.978
licatie	1	716479	98.9781
lichamelijk	1	716480	98.9783
lichamelijkheid	1	716481	98.9784
lichtblond	1	716482	98.9786
lichtbruin	1	716483	98.9787
lichtgeraakt	1	716484	98.9788
lichtgroen	1	716485	98.979
lichtinval	1	716486	98.9791
lichtplan	1	716487	98.9792
lichtpunt	1	716488	98.9794
lichttip	1	716489	98.9795
lidgeld	1	716490	98.9797
lidnr	1	716491	98.9798
lie	1	716492	98.9799
lieber	1	716493	98.9801
liedemeerspark	1	716494	98.9802
lieeeeeef	1	716495	98.9804
lieeeeef	1	716496	98.9805
liefdadigheidsdaad	1	716497	98.9806
liefdesbrief	1	716498	98.9808
liefdesverdriet	1	716499	98.9809
liefdesverklaring	1	716500	98.981
lieffff	1	716501	98.9812
liefhebben	1	716502	98.9813
liefhebber	1	716503	98.9815
liefkozen	1	716504	98.9816
liefz	1	716505	98.9817
liefzoen	1	716506	98.9819
liekeblom	1	716507	98.982
liens	1	716508	98.9821
lierse-standard	1	716509	98.9823
lievd	1	716510	98.9824
lieve	1	716511	98.9826
lievelingslief	1	716512	98.9827
lievemeis	1	716513	98.9828
lieven	1	716514	98.983
lievere	1	716515	98.9831
lievke	1	716516	98.9833
liffys	1	716517	98.9834
liftmonteur	1	716518	98.9835
liggenxd	1	716519	98.9837
lighter	1	716520	98.9838
liift	1	716521	98.9839
liiiiiiieeeffff	1	716522	98.9841
liist	1	716523	98.9842
lijfsbehoud	1	716524	98.9844
lijmbeekstr	1	716525	98.9845
lijntaak	1	716526	98.9846
lijstnummer	1	716527	98.9848
lijsttrekker	1	716528	98.9849
likewise	1	716529	98.985
likken	1	716530	98.9852
liladhar	1	716531	98.9853
liliane	1	716532	98.9855
limbo	1	716533	98.9856
limbo-express	1	716534	98.9857
limburgs	1	716535	98.9859
limburgse	1	716536	98.986
limerick	1	716537	98.9862
limits	1	716538	98.9863
limmerick	1	716539	98.9864
limonadesiroop	1	716540	98.9866
lin	1	716541	98.9867
linda	1	716542	98.9868
lindenlaan	1	716543	98.987
lingen	1	716544	98.9871
lingerie	1	716545	98.9873
linked-in	1	716546	98.9874
linkerachterkant	1	716547	98.9875
linkerhelling	1	716548	98.9877
linkeroor	1	716549	98.9878
linkerpoot	1	716550	98.9879
linksboven	1	716551	98.9881
linksvoor	1	716552	98.9882
linn	1	716553	98.9884
lino	1	716554	98.9885
lintworm	1	716555	98.9886
lion	1	716556	98.9888
lionking	1	716557	98.9889
lipstick	1	716558	98.9891
liquid	1	716559	98.9892
lisan	1	716560	98.9893
lista	1	716561	98.9895
listens	1	716562	98.9896
listigaard	1	716563	98.9897
literally	1	716564	98.9899
literatuurding	1	716565	98.99
literatuurgeschiedenis	1	716566	98.9902
lived	1	716567	98.9903
livemuziek	1	716568	98.9904
liverpool	1	716569	98.9906
livestream	1	716570	98.9907
liza	1	716571	98.9908
lk	1	716572	98.991
ll.	1	716573	98.9911
llaat	1	716574	98.9913
llllekker	1	716575	98.9914
llllunch	1	716576	98.9915
llrsk	1	716577	98.9917
lmijn	1	716578	98.9918
loa	1	716579	98.992
load	1	716580	98.9921
loaden	1	716581	98.9922
loads	1	716582	98.9924
lobben	1	716583	98.9925
loca	1	716584	98.9926
localhost	1	716585	98.9928
locals	1	716586	98.9929
locarion	1	716587	98.9931
lodewijker	1	716588	98.9932
loeken	1	716589	98.9933
loem	1	716590	98.9935
loempia	1	716591	98.9936
loempiasaus	1	716592	98.9938
loer	1	716593	98.9939
loeske	1	716594	98.994
log	1	716595	98.9942
logboek	1	716596	98.9943
logee	1	716597	98.9944
logement	1	716598	98.9946
logghes	1	716599	98.9947
logica	1	716600	98.9949
login	1	716601	98.995
logingegeven	1	716602	98.9951
logopedie	1	716603	98.9953
logopediste	1	716604	98.9954
logs	1	716605	98.9955
lok	1	716606	98.9957
lokerse	1	716607	98.9958
lokker	1	716608	98.996
lolalifelines.be	1	716609	98.9961
lolipop	1	716610	98.9962
lolita	1	716611	98.9964
lollekijn	1	716612	98.9965
lollipop	1	716613	98.9967
lolly	1	716614	98.9968
lollyke	1	716615	98.9969
lolotte	1	716616	98.9971
londerzeel	1	716617	98.9972
lonellen	1	716618	98.9973
lonesome	1	716619	98.9975
longarts	1	716620	98.9976
longembolie	1	716621	98.9978
longkanker	1	716622	98.9979
longontsteking	1	716623	98.998
longslagader	1	716624	98.9982
lonktvoor	1	716625	98.9983
lonneke	1	716626	98.9984
loodgieter	1	716627	98.9986
loodsen	1	716628	98.9987
looi	1	716629	98.9989
look-a-like	1	716630	98.999
lookbrood	1	716631	98.9991
looked	1	716632	98.9993
looken	1	716633	98.9994
loon	1	716634	98.9996
loones	1	716635	98.9997
loonstrook	1	716636	98.9998
loooooossssseeeerrrrr	1	716637	99
looooos	1	716638	99.0001
loopbaanadvies	1	716639	99.0002
loopbaanbegeleider	1	716640	99.0004
loopbaanbegeleiding	1	716641	99.0005
loopze	1	716642	99.0007
lop	1	716643	99.0008
loratadine	1	716644	99.0009
lore	1	716645	99.0011
lorenzo	1	716646	99.0012
lorreinendreef	1	716647	99.0013
los-stand	1	716648	99.0015
losgepraat	1	716649	99.0016
loshalen	1	716650	99.0018
loskatchubottos	1	716651	99.0019
loskoppeling	1	716652	99.002
loslopen	1	716653	99.0022
losmaken	1	716654	99.0023
loszone	1	716655	99.0025
loterijticket	1	716656	99.0026
lotgenoot	1	716657	99.0027
lotingsprogramma	1	716658	99.0029
lottie	1	716659	99.003
lotus	1	716660	99.0031
loud	1	716661	99.0033
louder	1	716662	99.0034
lounche	1	716663	99.0036
lounge	1	716664	99.0037
lous	1	716665	99.0038
louter	1	716666	99.004
lovah	1	716667	99.0041
lovebird	1	716668	99.0042
lovechild	1	716669	99.0044
lovechock	1	716670	99.0045
lovejoe	1	716671	99.0047
lovellly	1	716672	99.0048
loven	1	716673	99.0049
loverboy	1	716674	99.0051
loves	1	716675	99.0052
lovjoetoe	1	716676	99.0054
low-kollie	1	716677	99.0055
lowlands.nl	1	716678	99.0056
lowlandskaart	1	716679	99.0058
lowlans	1	716680	99.0059
lozer	1	716681	99.006
lp	1	716682	99.0062
lsd	1	716683	99.0063
luap	1	716684	99.0065
lubach	1	716685	99.0066
lucas	1	716686	99.0067
luchtbal	1	716687	99.0069
luchtbed+slaapzak	1	716688	99.007
luchten	1	716689	99.0072
luchtfilter	1	716690	99.0073
luchtuitlaat	1	716691	99.0074
ludden	1	716692	99.0076
ludo	1	716693	99.0077
luf	1	716694	99.0078
luiaard	1	716695	99.008
luiaards	1	716696	99.0081
luiden	1	716697	99.0083
luiemensenstudie	1	716698	99.0084
luier	1	716699	99.0085
luierik	1	716700	99.0087
luiheid	1	716701	99.0088
luipaardje	1	716702	99.0089
luipaardprint	1	716703	99.0091
luis	1	716704	99.0092
luisterboek	1	716705	99.0094
luisterden	1	716706	99.0095
luisterplezier	1	716707	99.0096
luizenjaar	1	716708	99.0098
lujkkn	1	716709	99.0099
lukk	1	716710	99.0101
lukkenxd	1	716711	99.0102
lullie	1	716712	99.0103
lullo	1	716713	99.0105
lulverhaal	1	716714	99.0106
lunchafspraak	1	716715	99.0107
lunchdaat	1	716716	99.0109
lunchdate	1	716717	99.011
lunchruimte	1	716718	99.0112
lunchspot	1	716719	99.0113
lunchtoestand	1	716720	99.0114
lunetten	1	716721	99.0116
lunn	1	716722	99.0117
lurken	1	716723	99.0118
lustrum	1	716724	99.012
lustrumposter	1	716725	99.0121
lustrumpoule	1	716726	99.0123
lustrumreis	1	716727	99.0124
luv	1	716728	99.0125
luxen	1	716729	99.0127
luxeprobleem	1	716730	99.0128
luze	1	716731	99.013
lyd	1	716732	99.0131
lykt	1	716733	99.0132
lyn	1	716734	99.0134
lynneke	1	716735	99.0135
lyriek	1	716736	99.0136
lysanne	1	716737	99.0138
lzit	1	716738	99.0139
lêêght	1	716739	99.0141
m-feest	1	716740	99.0142
maaaaa	1	716741	99.0143
maaaarik	1	716742	99.0145
maaaarrrrr	1	716743	99.0146
maagd	1	716744	99.0147
maagpijn	1	716745	99.0149
maakn	1	716746	99.015
maalcie-praese	1	716747	99.0152
maalciep	1	716748	99.0153
maaltijdblokje	1	716749	99.0154
maandagen	1	716750	99.0156
maandverband	1	716751	99.0157
maanlicht	1	716752	99.0159
maareh	1	716753	99.016
maarliefst	1	716754	99.0161
maarrr	1	716755	99.0163
maarrrrr	1	716756	99.0164
maarseveenseplas	1	716757	99.0165
maarxd	1	716758	99.0167
maasmechelen	1	716759	99.0168
maatje+	1	716760	99.017
maatpak	1	716761	99.0171
maatwerk	1	716762	99.0172
macca	1	716763	99.0174
maccen	1	716764	99.0175
machelen	1	716765	99.0176
machiavelli	1	716766	99.0178
machien	1	716767	99.0179
machinekamer	1	716768	99.0181
macho	1	716769	99.0182
macrumor	1	716770	99.0183
madball	1	716771	99.0185
maddij	1	716772	99.0186
madelief	1	716773	99.0188
madness	1	716774	99.0189
madonna	1	716775	99.019
madrid	1	716776	99.0192
maemo	1	716777	99.0193
maes	1	716778	99.0194
mafiafilm	1	716779	99.0196
magali	1	716780	99.0197
magazijn	1	716781	99.0199
magazine	1	716782	99.02
magdalenastraat	1	716783	99.0201
magic	1	716784	99.0203
magica	1	716785	99.0204
magistraal	1	716786	99.0206
magnesium	1	716787	99.0207
magnificus	1	716788	99.0208
magnum	1	716789	99.021
mah	1	716790	99.0211
maid	1	716791	99.0212
mailapp	1	716792	99.0214
maile	1	716793	99.0215
mailed	1	716794	99.0217
mailformulier	1	716795	99.0218
mailserver	1	716796	99.0219
mainly	1	716797	99.0221
maire	1	716798	99.0222
maiya	1	716799	99.0223
makelaarspost	1	716800	99.0225
makenxd	1	716801	99.0226
makkie	1	716802	99.0228
makreel	1	716803	99.0229
makro	1	716804	99.023
male	1	716805	99.0232
malloot	1	716806	99.0233
malou	1	716807	99.0235
malsjans	1	716808	99.0236
maltesers	1	716809	99.0237
mamaguus	1	716810	99.0239
mamastress	1	716811	99.024
mamma	1	716812	99.0241
mammesel	1	716813	99.0243
mammmie	1	716814	99.0244
manacor	1	716815	99.0246
managen	1	716816	99.0247
mananger	1	716817	99.0248
manchet	1	716818	99.025
manege	1	716819	99.0251
manhattan	1	716820	99.0252
maniacs	1	716821	99.0254
manipulatief	1	716822	99.0255
manis	1	716823	99.0257
manisch	1	716824	99.0258
manita	1	716825	99.0259
manken	1	716826	99.0261
mankmank	1	716827	99.0262
manmanman	1	716828	99.0264
mann's	1	716829	99.0265
manne	1	716830	99.0266
mannelijkheid	1	716831	99.0268
mannenjacht	1	716832	99.0269
mannennaam	1	716833	99.027
mannenweekend	1	716834	99.0272
mannenzaak	1	716835	99.0273
mansionstraat	1	716836	99.0275
manteca	1	716837	99.0276
manual	1	716838	99.0277
manuel	1	716839	99.0279
manure	1	716840	99.028
manuscript	1	716841	99.0281
manvrouw	1	716842	99.0283
maor	1	716843	99.0284
marald	1	716844	99.0286
marathonexamen	1	716845	99.0287
marbella	1	716846	99.0288
marcheren	1	716847	99.029
marcoplein	1	716848	99.0291
marcos	1	716849	99.0293
margan	1	716850	99.0294
marge	1	716851	99.0295
margi's	1	716852	99.0297
marginal	1	716853	99.0298
marginaliteit	1	716854	99.0299
margot	1	716855	99.0301
mari	1	716856	99.0302
maria	1	716857	99.0304
marie-rose	1	716858	99.0305
mariek	1	716859	99.0306
marielle	1	716860	99.0308
marijke	1	716861	99.0309
marik	1	716862	99.031
marikenloop	1	716863	99.0312
marineren	1	716864	99.0313
marinetraffic	1	716865	99.0315
marjo	1	716866	99.0316
markers	1	716867	99.0317
marketing	1	716868	99.0319
markies	1	716869	99.032
marktrock	1	716870	99.0322
marktwaarde	1	716871	99.0323
marktzicht	1	716872	99.0324
marlboro	1	716873	99.0326
marleneke	1	716874	99.0327
marlies	1	716875	99.0328
marloesmob	1	716876	99.033
marlou	1	716877	99.0331
marmelade	1	716878	99.0333
marmoleum	1	716879	99.0334
marquee	1	716880	99.0335
married	1	716881	99.0337
marry	1	716882	99.0338
martelstoel	1	716883	99.034
marteltuig	1	716884	99.0341
martha	1	716885	99.0342
martina	1	716886	99.0344
martino	1	716887	99.0345
martinus	1	716888	99.0346
maruti	1	716889	99.0348
maserati	1	716890	99.0349
masita	1	716891	99.0351
masker	1	716892	99.0352
maskesmachine	1	716893	99.0353
masr	1	716894	99.0355
massa-sms	1	716895	99.0356
massaal	1	716896	99.0357
massacantus	1	716897	99.0359
massageolie	1	716898	99.036
massagraf	1	716899	99.0362
massamail	1	716900	99.0363
massasprint	1	716901	99.0364
mast	1	716902	99.0366
mastercard	1	716903	99.0367
mastercardrekening	1	716904	99.0369
masteren	1	716905	99.037
masterplan	1	716906	99.0371
mastervak	1	716907	99.0373
mastiek	1	716908	99.0374
masturbator	1	716909	99.0375
mater	1	716910	99.0377
materials	1	716911	99.0378
mathematisch	1	716912	99.038
matjesloos	1	716913	99.0381
matlab	1	716914	99.0382
matrixx	1	716915	99.0384
matroos	1	716916	99.0385
mats	1	716917	99.0386
matter	1	716918	99.0388
matthieus	1	716919	99.0389
matties	1	716920	99.0391
maude	1	716921	99.0392
maurice	1	716922	99.0393
mauz	1	716923	99.0395
maxico	1	716924	99.0396
maxicosy	1	716925	99.0398
maximum	1	716926	99.0399
mayve	1	716927	99.04
mbt	1	716928	99.0402
mcdo	1	716929	99.0403
mcdonalds	1	716930	99.0404
mden	1	716931	99.0406
mdf	1	716932	99.0407
mdma	1	716933	99.0409
mdntyi	1	716934	99.041
me.mn	1	716935	99.0411
meatballs	1	716936	99.0413
mec	1	716937	99.0414
mecano	1	716938	99.0415
mechanisme	1	716939	99.0417
mechwarrior	1	716940	99.0418
med	1	716941	99.042
mede	1	716942	99.0421
medeerasmusser	1	716943	99.0422
medeflatbewoner	1	716944	99.0424
medemblik	1	716945	99.0425
mediawet	1	716946	99.0427
medicijnkast	1	716947	99.0428
mediklin	1	716948	99.0429
medina	1	716949	99.0431
medisoc	1	716950	99.0432
meditatie	1	716951	99.0433
mediterranen	1	716952	99.0435
medweb	1	716953	99.0436
mee.t	1	716954	99.0438
mee.x	1	716955	99.0439
meebakken	1	716956	99.044
meebetalen	1	716957	99.0442
meebewegen	1	716958	99.0443
meebrengun	1	716959	99.0444
meebrullen	1	716960	99.0446
meedenken	1	716961	99.0447
meedoey	1	716962	99.0449
meedoorkomen	1	716963	99.045
meedraaien	1	716964	99.0451
meeeee	1	716965	99.0453
meeeeer	1	716966	99.0454
meeeet	1	716967	99.0456
meeemen	1	716968	99.0457
meegebeden	1	716969	99.0458
meegenine	1	716970	99.046
meegnome	1	716971	99.0461
meehebben	1	716972	99.0462
meekregen	1	716973	99.0464
meekunnen	1	716974	99.0465
meel	1	716975	99.0467
meeneem	1	716976	99.0468
meenemem	1	716977	99.0469
meenemn	1	716978	99.0471
meereiskaart	1	716979	99.0472
meerije	1	716980	99.0474
meerkeuze	1	716981	99.0475
meerkeuzevraag	1	716982	99.0476
meerlaan	1	716983	99.0478
meeslepen	1	716984	99.0479
meesleuren	1	716985	99.048
meespele	1	716986	99.0482
meesteressen	1	716987	99.0483
meetinstrument	1	716988	99.0485
meetlint	1	716989	99.0486
meetmethode	1	716990	99.0487
meetrainen	1	716991	99.0489
meeuebben	1	716992	99.049
meeuw	1	716993	99.0491
meevolgen	1	716994	99.0493
meewarig	1	716995	99.0494
meeying	1	716996	99.0496
meezoeken	1	716997	99.0497
mefrou	1	716998	99.0498
meg	1	716999	99.05
mega-gay-mark	1	717000	99.0501
megaafwas	1	717001	99.0503
megadruk	1	717002	99.0504
megagoe	1	717003	99.0505
megamaagpijn	1	717004	99.0507
megasfeer	1	717005	99.0508
megawarm	1	717006	99.0509
megen	1	717007	99.0511
mehr	1	717008	99.0512
meibloem	1	717009	99.0514
meidenavond	1	717010	99.0515
meidenfilm	1	717011	99.0516
meike	1	717012	99.0518
meimarkt	1	717013	99.0519
meins	1	717014	99.052
meisjelief	1	717015	99.0522
meisjesding	1	717016	99.0523
meisjesspulletjes	1	717017	99.0525
meiske	1	717018	99.0526
meivakantie	1	717019	99.0527
mejor	1	717020	99.0529
mekelpark	1	717021	99.053
mel	1	717022	99.0532
melange	1	717023	99.0533
melanomen	1	717024	99.0534
melissa	1	717025	99.0536
melkschuim	1	717026	99.0537
melktand	1	717027	99.0538
melkzuur	1	717028	99.054
melly	1	717029	99.0541
memchecker	1	717030	99.0543
memento	1	717031	99.0544
memorabel	1	717032	99.0545
memorie	1	717033	99.0547
memphis	1	717034	99.0548
memreep	1	717035	99.0549
mengen	1	717036	99.0551
menm	1	717037	99.0552
menno's	1	717038	99.0554
mensdom	1	717039	99.0555
mensen-mensenfaculteit	1	717040	99.0556
mensenmedicijn	1	717041	99.0558
mensenpuist	1	717042	99.0559
mensensmokkel	1	717043	99.0561
mentioned	1	717044	99.0562
mep	1	717045	99.0563
meppel-meppel	1	717046	99.0565
merccikens	1	717047	99.0566
merchandisestand	1	717048	99.0567
merciii	1	717049	99.0569
merde	1	717050	99.057
merel	1	717051	99.0572
merg	1	717052	99.0573
merge	1	717053	99.0574
mergelgrot	1	717054	99.0576
mergelpret	1	717055	99.0577
mergpijp	1	717056	99.0578
merguez	1	717057	99.058
merijn	1	717058	99.0581
merk't	1	717059	99.0583
merkbaar	1	717060	99.0584
merknaam	1	717061	99.0585
merksplas	1	717062	99.0587
merkwaardig	1	717063	99.0588
merode	1	717064	99.059
mesch	1	717065	99.0591
mesh	1	717066	99.0592
mess	1	717067	99.0594
messed	1	717068	99.0595
messenslijper	1	717069	99.0596
met.mij	1	717070	99.0598
meta-artikel	1	717071	99.0599
metaal-organisch	1	717072	99.0601
metaalorg	1	717073	99.0602
metafoor	1	717074	99.0603
metaldome	1	717075	99.0605
metallica	1	717076	99.0606
metamorfose	1	717077	99.0608
metee	1	717078	99.0609
meterkast	1	717079	99.061
methods	1	717080	99.0612
metje	1	717081	99.0613
metrokaart	1	717082	99.0614
metroovergang	1	717083	99.0616
metropool	1	717084	99.0617
metvde	1	717085	99.0619
meubelmaker	1	717086	99.062
meueen	1	717087	99.0621
meuk	1	717088	99.0623
meulestede	1	717089	99.0624
meus	1	717090	99.0625
mevrou	1	717091	99.0627
mevrouweland	1	717092	99.0628
mex-griep	1	717093	99.063
mexican	1	717094	99.0631
mexique	1	717095	99.0632
mey	1	717096	99.0634
mez	1	717097	99.0635
mezebollekes	1	717098	99.0637
mezz	1	717099	99.0638
mezz.nl	1	717100	99.0639
mff	1	717101	99.0641
mg	1	717102	99.0642
mgmen	1	717103	99.0643
mgrt	1	717104	99.0645
mhh	1	717105	99.0646
miauw	1	717106	99.0648
miauwende	1	717107	99.0649
miauwer	1	717108	99.065
miauwken	1	717109	99.0652
mic	1	717110	99.0653
mick	1	717111	99.0654
micrigolf	1	717112	99.0656
microforestry	1	717113	99.0657
microsoft	1	717114	99.0659
microtech	1	717115	99.066
microusb-kabel	1	717116	99.0661
middagdut	1	717117	99.0663
middagploeg	1	717118	99.0664
middagpot	1	717119	99.0666
middah	1	717120	99.0667
middelkerke	1	717121	99.0668
middellang	1	717122	99.067
middelst	1	717123	99.0671
midden-brabantweg	1	717124	99.0672
middenacht	1	717125	99.0674
middenberm	1	717126	99.0675
middernachtskus	1	717127	99.0677
middg	1	717128	99.0678
middle-of-the-road	1	717129	99.0679
midi	1	717130	99.0681
midlifecrisis	1	717131	99.0682
midnight	1	717132	99.0683
midterm	1	717133	99.0685
miep	1	717134	99.0686
miepen	1	717135	99.0688
miepmiepmiep	1	717136	99.0689
miezerig	1	717137	99.069
mignon	1	717138	99.0692
migrane	1	717139	99.0693
migreren	1	717140	99.0695
miijn	1	717141	99.0696
mij.ik	1	717142	99.0697
mij.t	1	717143	99.0699
mijden	1	717144	99.07
mijnes	1	717145	99.0701
mijnwerker	1	717146	99.0703
mijs	1	717147	99.0704
mijvan	1	717148	99.0706
mikakatoekakasata	1	717149	99.0707
mikal	1	717150	99.0708
mikeeej	1	717151	99.071
milaan	1	717152	99.0711
mild	1	717153	99.0712
milda	1	717154	99.0714
milf	1	717155	99.0715
milieuvriendelijk	1	717156	99.0717
militair	1	717157	99.0718
miljonair-to-be	1	717158	99.0719
miljonaire	1	717159	99.0721
milkshake	1	717160	99.0722
mimo	1	717161	99.0724
min-halfuur	1	717162	99.0725
mina	1	717163	99.0726
minded	1	717164	99.0728
minderheid	1	717165	99.0729
minderjarig	1	717166	99.073
mindfullness	1	717167	99.0732
minds	1	717168	99.0733
mineraal	1	717169	99.0735
minibreak	1	717170	99.0736
minibreaken	1	717171	99.0737
minicolleges	1	717172	99.0739
miniem	1	717173	99.074
minifiets	1	717174	99.0742
minigipsje	1	717175	99.0743
minigolf	1	717176	99.0744
minigolfkwaliteit	1	717177	99.0746
minigreep	1	717178	99.0747
minimalistisch	1	717179	99.0748
miniparty	1	717180	99.075
minke's	1	717181	99.0751
minnares	1	717182	99.0753
minnesota	1	717183	99.0754
minue	1	717184	99.0755
minus	1	717185	99.0757
minutenwerk	1	717186	99.0758
mirabello	1	717187	99.0759
mirabellostraat	1	717188	99.0761
misbruik	1	717189	99.0762
miscommunicatie	1	717190	99.0764
misdaad	1	717191	99.0765
misdoen	1	717192	99.0766
misdragen	1	717193	99.0768
mise	1	717194	99.0769
misjewel	1	717195	99.0771
miskraam	1	717196	99.0772
misleidende	1	717197	99.0773
misliep	1	717198	99.0775
misloop	1	717199	99.0776
mismatch	1	717200	99.0777
misread	1	717201	99.0779
misrekening	1	717202	99.078
missen(a)	1	717203	99.0782
missenxd	1	717204	99.0783
misshien	1	717205	99.0784
missie	1	717206	99.0786
missionair	1	717207	99.0787
mistake	1	717208	99.0788
mistellen	1	717209	99.079
miszen	1	717210	99.0791
mix	1	717211	99.0793
mixdrank	1	717212	99.0794
mjam	1	717213	99.0795
mkay	1	717214	99.0797
mmaar	1	717215	99.0798
mmco	1	717216	99.08
mme	1	717217	99.0801
mmerci	1	717218	99.0802
mmmjammy	1	717219	99.0804
mmmmmmm	1	717220	99.0805
mmol	1	717221	99.0806
mnd	1	717222	99.0808
mnf	1	717223	99.0809
mnm	1	717224	99.0811
moah	1	717225	99.0812
moar	1	717226	99.0813
moby	1	717227	99.0815
moc	1	717228	99.0816
mochte	1	717229	99.0817
mocksh	1	717230	99.0819
mocochousse	1	717231	99.082
mocro	1	717232	99.0822
modaal	1	717233	99.0823
modder	1	717234	99.0824
mode	1	717235	99.0826
modelleren	1	717236	99.0827
modem	1	717237	99.0829
modem-reset	1	717238	99.083
moderns	1	717239	99.0831
modetrend	1	717240	99.0833
module	1	717241	99.0834
moeat	1	717242	99.0835
moederkesdag	1	717243	99.0837
moederland	1	717244	99.0838
moederschap	1	717245	99.084
moederziel	1	717246	99.0841
moedig	1	717247	99.0842
moedr	1	717248	99.0844
moeftie	1	717249	99.0845
moegekookt	1	717250	99.0846
moegestreden	1	717251	99.0848
moehahahahaha	1	717252	99.0849
moeilijkheid	1	717253	99.0851
moeiteloos	1	717254	99.0852
moeiziek	1	717255	99.0853
moej	1	717256	99.0855
moejt	1	717257	99.0856
moemoe	1	717258	99.0858
moenie	1	717259	99.0859
moerdijk	1	717260	99.086
moes	1	717261	99.0862
moesel	1	717262	99.0863
moesjiewoesjie	1	717263	99.0864
moestuin	1	717264	99.0866
moetk	1	717265	99.0867
moetn	1	717266	99.0869
moezelwijn	1	717267	99.087
mogelijks	1	717268	99.0871
mogelyke	1	717269	99.0873
mogelykheid	1	717270	99.0874
mogenlijk	1	717271	99.0876
mogenlijkheid	1	717272	99.0877
mogge	1	717273	99.0878
mogguh	1	717274	99.088
mohen	1	717275	99.0881
mohsen	1	717276	99.0882
moiiii	1	717277	99.0884
mojitos	1	717278	99.0885
mokke	1	717279	99.0887
moksh	1	717280	99.0888
molecule	1	717281	99.0889
molengracht	1	717282	99.0891
molenpoort	1	717283	99.0892
molester	1	717284	99.0893
mollen	1	717285	99.0895
mompelen	1	717286	99.0896
monde	1	717287	99.0898
monee	1	717288	99.0899
moneys	1	717289	99.09
moneystressing	1	717290	99.0902
mongolendriehoek	1	717291	99.0903
mongool	1	717292	99.0905
monic	1	717293	99.0906
monkey	1	717294	99.0907
monkeykreet	1	717295	99.0909
monogeluid	1	717296	99.091
monsieur	1	717297	99.0911
monstereclipse	1	717298	99.0913
monsterscore	1	717299	99.0914
monstertruck	1	717300	99.0916
mont	1	717301	99.0917
monument	1	717302	99.0918
monumentendag	1	717303	99.092
monuments	1	717304	99.0921
mooe	1	717305	99.0922
moog	1	717306	99.0924
moooooi	1	717307	99.0925
moooovie	1	717308	99.0927
moor	1	717309	99.0928
moore	1	717310	99.0929
moot	1	717311	99.0931
moppentopper	1	717312	99.0932
moraal	1	717313	99.0934
moral	1	717314	99.0935
morfine	1	717315	99.0936
morga	1	717316	99.0938
morgek	1	717317	99.0939
morgen(avond)	1	717318	99.094
morgenaaf	1	717319	99.0942
morgenavpnd	1	717320	99.0943
morgennacht	1	717321	99.0945
morgenook	1	717322	99.0946
morgent	1	717323	99.0947
morgenvm	1	717324	99.0949
morgnavn	1	717325	99.095
morgrn	1	717326	99.0951
morgwb	1	717327	99.0953
mormel	1	717328	99.0954
mornink	1	717329	99.0956
morsen	1	717330	99.0957
mosca.be	1	717331	99.0958
mosh	1	717332	99.096
moskee	1	717333	99.0961
mosselaar	1	717334	99.0963
mosselpaleis	1	717335	99.0964
mosselsaus	1	717336	99.0965
mosselsouper	1	717337	99.0967
most	1	717338	99.0968
mostly	1	717339	99.0969
motel	1	717340	99.0971
mother's	1	717341	99.0972
motherfucking	1	717342	99.0974
motilium	1	717343	99.0975
motor(pak)	1	717344	99.0976
motorenbeurs	1	717345	99.0978
motoreren	1	717346	99.0979
motorfriends	1	717347	99.098
motorkleding-shoppen	1	717348	99.0982
motorrijden	1	717349	99.0983
motortrip	1	717350	99.0985
motorweer	1	717351	99.0986
motten	1	717352	99.0987
moulin	1	717353	99.0989
moulin-ronse	1	717354	99.099
mount	1	717355	99.0992
mountainbike	1	717356	99.0993
mountainbiking	1	717357	99.0994
mountaineer	1	717358	99.0996
mountains	1	717359	99.0997
mousquetaires	1	717360	99.0998
moved	1	717361	99.1
moves	1	717362	99.1001
movieworld	1	717363	99.1003
mozaïek	1	717364	99.1004
mozzarellasalade	1	717365	99.1005
mq	1	717366	99.1007
mrja	1	717367	99.1008
msar	1	717368	99.101
msg	1	717369	99.1011
mskeken	1	717370	99.1012
msngesprek	1	717371	99.1014
mstrg	1	717372	99.1015
mtjou	1	717373	99.1016
mua	1	717374	99.1018
muahaha	1	717375	99.1019
muak	1	717376	99.1021
muchi	1	717377	99.1022
mugdokter	1	717378	99.1023
mugen	1	717379	99.1025
muggebeet	1	717380	99.1026
muggebeten	1	717381	99.1027
muik	1	717382	99.1029
muil	1	717383	99.103
muipimuipi	1	717384	99.1032
muisstil	1	717385	99.1033
muizenval	1	717386	99.1034
mule	1	717387	99.1036
multatuli	1	717388	99.1037
multi	1	717389	99.1039
multifunctioneel	1	717390	99.104
multitasken	1	717391	99.1041
munchkin	1	717392	99.1043
mundo	1	717393	99.1044
munten	1	717394	99.1045
muntstraat	1	717395	99.1047
mupzen	1	717396	99.1048
murphy	1	717397	99.105
murt	1	717398	99.1051
murwer	1	717399	99.1052
museumkaart	1	717400	99.1054
mushimushi	1	717401	99.1055
mushroom	1	717402	99.1056
musica	1	717403	99.1058
musicafe	1	717404	99.1059
musicalposter	1	717405	99.1061
musqito	1	717406	99.1062
muss	1	717407	99.1063
mussel	1	717408	99.1065
mussie	1	717409	99.1066
muszeum	1	717410	99.1068
mutiek	1	717411	99.1069
mutisme	1	717412	99.107
muurkalender	1	717413	99.1072
muurverf	1	717414	99.1073
muy	1	717415	99.1074
muzeme	1	717416	99.1076
muziekaler	1	717417	99.1077
muziekant	1	717418	99.1079
muziekkapellid	1	717419	99.108
muziekles	1	717420	99.1081
muzieknacht	1	717421	99.1083
muziekquiz	1	717422	99.1084
muziekronde	1	717423	99.1085
muzikant	1	717424	99.1087
mwaaah	1	717425	99.1088
mwuha	1	717426	99.109
mwwwwwaaaaaaah	1	717427	99.1091
myladies	1	717428	99.1092
mynen	1	717429	99.1094
myriam	1	717430	99.1095
myrth	1	717431	99.1097
mythe	1	717432	99.1098
mzungu	1	717433	99.1099
màg	1	717434	99.1101
màn	1	717435	99.1102
máánd	1	717436	99.1103
mäar	1	717437	99.1105
mèn	1	717438	99.1106
méén	1	717439	99.1108
müsse	1	717440	99.1109
n-va	1	717441	99.111
n.	1	717442	99.1112
n.br	1	717443	99.1113
na-drank	1	717444	99.1115
na-kerst	1	717445	99.1116
na-partyen	1	717446	99.1117
naa	1	717447	99.1119
naaiatelier	1	717448	99.112
naaktslak	1	717449	99.1121
naamgenoot	1	717450	99.1123
naamlozevis	1	717451	99.1124
naamsestraat	1	717452	99.1126
naamwoord	1	717453	99.1127
naar't	1	717454	99.1128
naarbrussel	1	717455	99.113
naarr	1	717456	99.1131
naaruit	1	717457	99.1132
naastde	1	717458	99.1134
nabewerkingsuur	1	717459	99.1135
naborrelen	1	717460	99.1137
nac	1	717461	99.1138
nachos	1	717462	99.1139
nachtbrakerke	1	717463	99.1141
nachtegaal	1	717464	99.1142
nachtelijk	1	717465	99.1144
nachtfeest	1	717466	99.1145
nachtkast	1	717467	99.1146
nachtknuffel	1	717468	99.1148
nachtlamp	1	717469	99.1149
nachtmuts	1	717470	99.115
nachtoernooi	1	717471	99.1152
nachtshoot	1	717472	99.1153
nachtuil	1	717473	99.1155
nachtvoorraad	1	717474	99.1156
nachtwandeling	1	717475	99.1157
nacompetitie	1	717476	99.1159
nacompetitiewedstrijd	1	717477	99.116
nadagen	1	717478	99.1161
nadenkbaan	1	717479	99.1163
nadenkem	1	717480	99.1164
nadia	1	717481	99.1166
nadoop	1	717482	99.1167
nafte	1	717483	99.1168
nag	1	717484	99.117
nagar	1	717485	99.1171
nagasadinges	1	717486	99.1173
nagellak	1	717487	99.1174
nagelles	1	717488	99.1175
nagenieten	1	717489	99.1177
nagerecht	1	717490	99.1178
nahar	1	717491	99.1179
nahet	1	717492	99.1181
nai	1	717493	99.1182
nail	1	717494	99.1184
naked	1	717495	99.1185
nakend	1	717496	99.1186
nakijkn	1	717497	99.1188
nakijkwerk	1	717498	99.1189
nakomen	1	717499	99.119
nalahaja	1	717500	99.1192
nalaten	1	717501	99.1193
nalu	1	717502	99.1195
nalus	1	717503	99.1196
namaste	1	717504	99.1197
name	1	717505	99.1199
nano	1	717506	99.12
napoli	1	717507	99.1202
narcose	1	717508	99.1203
narigheid	1	717509	99.1204
nariman	1	717510	99.1206
nasaal	1	717511	99.1207
naschools	1	717512	99.1208
nasdaq	1	717513	99.121
naseizoen	1	717514	99.1211
nash	1	717515	99.1213
nasibal	1	717516	99.1214
nasmaak	1	717517	99.1215
nastreven	1	717518	99.1217
nasty	1	717519	99.1218
nasynchroniseren	1	717520	99.1219
natalie	1	717521	99.1221
natascha	1	717522	99.1222
natdie	1	717523	99.1224
nathan	1	717524	99.1225
national	1	717525	99.1226
natmaken	1	717526	99.1228
natregent	1	717527	99.1229
nattig	1	717528	99.1231
nattigheid	1	717529	99.1232
nature	1	717530	99.1233
naturlich	1	717531	99.1235
natuurfoto	1	717532	99.1236
natuurgebied	1	717533	99.1237
natuurkunde	1	717534	99.1239
natuurlojk	1	717535	99.124
natuurslager	1	717536	99.1242
natuuurlijk	1	717537	99.1243
nausica	1	717538	99.1244
nauwkeurig	1	717539	99.1246
navarone	1	717540	99.1247
navergadering	1	717541	99.1249
navi	1	717542	99.125
navigatie	1	717543	99.1251
navraag	1	717544	99.1253
nawerking	1	717545	99.1254
nazi-vogel	1	717546	99.1255
nazoeken	1	717547	99.1257
nbeetje	1	717548	99.1258
nbij	1	717549	99.126
ncell	1	717550	99.1261
ncz	1	717551	99.1262
nd	1	717552	99.1264
ndaag	1	717553	99.1265
ndag	1	717554	99.1266
nden	1	717555	99.1268
nearly	1	717556	99.1269
nec	1	717557	99.1271
necrofilie	1	717558	99.1272
nederlaag	1	717559	99.1273
nederlanden	1	717560	99.1275
nederlander	1	717561	99.1276
nederlanders	1	717562	99.1278
nederlandeursky	1	717563	99.1279
nederlandstalig	1	717564	99.128
nedl	1	717565	99.1282
needcompany	1	717566	99.1283
needs	1	717567	99.1284
neeeeeee	1	717568	99.1286
neeeeeeeeeeee	1	717569	99.1287
neeeeeeeeeeeeeeeeeeeeeee	1	717570	99.1289
neeeeh	1	717571	99.129
neeen	1	717572	99.1291
neejeneeje	1	717573	99.1293
neelr	1	717574	99.1294
neemek	1	717575	99.1295
neeneen	1	717576	99.1297
neent	1	717577	99.1298
neerboscheweg	1	717578	99.13
neergemept	1	717579	99.1301
neerhof	1	717580	99.1302
neerlandistiek	1	717581	99.1304
neerschieten	1	717582	99.1305
neerslachtig	1	717583	99.1307
neerstorten	1	717584	99.1308
neertellen	1	717585	99.1309
neeuh	1	717586	99.1311
neffe	1	717587	99.1312
neffens	1	717588	99.1313
negentien	1	717589	99.1315
negerfeest	1	717590	99.1316
negermagneet	1	717591	99.1318
negermuziek	1	717592	99.1319
negro	1	717593	99.132
neighbourhood	1	717594	99.1322
neiging	1	717595	99.1323
neine	1	717596	99.1324
neke	1	717597	99.1326
nekspier	1	717598	99.1327
nel	1	717599	99.1329
nem	1	717600	99.133
nemn	1	717601	99.1331
nemocna	1	717602	99.1333
nemuzu	1	717603	99.1334
neo	1	717604	99.1336
neocutigenol	1	717605	99.1337
nep-it	1	717606	99.1338
nephew	1	717607	99.134
nepkrab	1	717608	99.1341
nepneus	1	717609	99.1342
nerdbieb	1	717610	99.1344
nerdpower	1	717611	99.1345
nerdy	1	717612	99.1347
nerves	1	717613	99.1348
nes	1	717614	99.1349
nescafe	1	717615	99.1351
nesivine	1	717616	99.1352
nespresso	1	717617	99.1353
nespressoapparaat	1	717618	99.1355
nestor	1	717619	99.1356
nesu	1	717620	99.1358
netbeans	1	717621	99.1359
netbook	1	717622	99.136
netcoordinator	1	717623	99.1362
netwer	1	717624	99.1363
netwerk-geheugen-schijf	1	717625	99.1365
netwerkkaart	1	717626	99.1366
netwerkstoring	1	717627	99.1367
netwerkverbinding	1	717628	99.1369
network	1	717629	99.137
networking	1	717630	99.1371
neu	1	717631	99.1373
neude	1	717632	99.1374
neuj	1	717633	99.1376
neun	1	717634	99.1377
neuneu	1	717635	99.1378
neurolinguïstisch	1	717636	99.138
neuroot	1	717637	99.1381
neusaap	1	717638	99.1383
neushoorn	1	717639	99.1384
neuspeuteraar	1	717640	99.1385
neusspray	1	717641	99.1387
neut	1	717642	99.1388
neute	1	717643	99.1389
neutraal	1	717644	99.1391
neutraliseren	1	717645	99.1392
neuzelen	1	717646	99.1394
nevada	1	717647	99.1395
nevele	1	717648	99.1396
nevelig	1	717649	99.1398
newly	1	717650	99.1399
news	1	717651	99.14
newton	1	717652	99.1402
nexr	1	717653	99.1403
ngal	1	717654	99.1405
ngen	1	717655	99.1406
nicet	1	717656	99.1407
nicoise	1	717657	99.1409
nicolassee	1	717658	99.141
niek@photo40.nl	1	717659	99.1412
niekbrun	1	717660	99.1413
niekerk	1	717661	99.1414
niem	1	717662	99.1416
niemandsland	1	717663	99.1417
nienke	1	717664	99.1418
niente	1	717665	99.142
nierstenen	1	717666	99.1421
niet-autist	1	717667	99.1423
niet-keven	1	717668	99.1424
niet-latinist	1	717669	99.1425
niet-opbel-actie	1	717670	99.1427
niet-vrolijk	1	717671	99.1428
nietbdat	1	717672	99.1429
nietkan	1	717673	99.1431
nietsdoen	1	717674	99.1432
nietsen	1	717675	99.1434
nieuwegein	1	717676	99.1435
nieuwjaarsdrink	1	717677	99.1436
nieuwjaarseten	1	717678	99.1438
nieuwjaarsgroet	1	717679	99.1439
nieuwjaarskaart	1	717680	99.1441
nieuwjaarskoffie	1	717681	99.1442
nieuwjaarsreceptie	1	717682	99.1443
nieuwjaarswens	1	717683	99.1445
nieuwsblad	1	717684	99.1446
nieuwsspecial	1	717685	99.1447
nieuwstraat	1	717686	99.1449
niews	1	717687	99.145
niey	1	717688	99.1452
nigger	1	717689	99.1453
nijhoff	1	717690	99.1454
nijkerk	1	717691	99.1456
nijlpaard	1	717692	99.1457
nijmegenaar	1	717693	99.1458
niket	1	717694	99.146
nikki	1	717695	99.1461
niklaas	1	717696	99.1463
niklaasstr	1	717697	99.1464
nikolas	1	717698	99.1465
nikos	1	717699	99.1467
niksdoen	1	717700	99.1468
niksen	1	717701	99.147
niksken	1	717702	99.1471
nile	1	717703	99.1472
nimeren	1	717704	99.1474
nimma	1	717705	99.1475
nimmer	1	717706	99.1476
ninetie	1	717707	99.1478
nineties	1	717708	99.1479
ninja	1	717709	99.1481
ninove	1	717710	99.1482
ninovestraat	1	717711	99.1483
niret	1	717712	99.1485
nise	1	717713	99.1486
niveautest	1	717714	99.1487
niveel	1	717715	99.1489
njamnjamnjamnjamnjam	1	717716	99.149
nje	1	717717	99.1492
nko-arts	1	717718	99.1493
nl-er	1	717719	99.1494
nmbs-medewerkster	1	717720	99.1496
nmbs-probleem	1	717721	99.1497
nmbssong	1	717722	99.1499
nnt	1	717723	99.15
no-fly	1	717724	99.1501
no-fly-beleid	1	717725	99.1503
no-fly-zone-blik	1	717726	99.1504
no-lifen	1	717727	99.1505
noa	1	717728	99.1507
noal	1	717729	99.1508
noami	1	717730	99.151
nob	1	717731	99.1511
nobelaer	1	717732	99.1512
nobelprijswinnaar	1	717733	99.1514
nobody	1	717734	99.1515
noc.gpshosting.nl	1	717735	99.1517
noc.vpshosting.nl	1	717736	99.1518
nodeloos	1	717737	99.1519
nodig.id	1	717738	99.1521
noeme	1	717739	99.1522
noemer	1	717740	99.1523
noene	1	717741	99.1525
noes	1	717742	99.1526
noest	1	717743	99.1528
noet	1	717744	99.1529
noeuw	1	717745	99.153
nof	1	717746	99.1532
nog.in	1	717747	99.1533
nog.mee	1	717748	99.1534
noga	1	717749	99.1536
nogat	1	717750	99.1537
noge	1	717751	99.1539
nogni	1	717752	99.154
nogniet	1	717753	99.1541
nogsteeds	1	717754	99.1543
nogthans	1	717755	99.1544
nogwa	1	717756	99.1546
noig	1	717757	99.1547
noise	1	717758	99.1548
noises	1	717759	99.155
nolbert	1	717760	99.1551
nomaals	1	717761	99.1552
nominaal	1	717762	99.1554
non	1	717763	99.1555
non-onderwerp	1	717764	99.1557
non-stop	1	717765	99.1558
non-studiedag	1	717766	99.1559
nonchalant	1	717767	99.1561
nonde	1	717768	99.1562
nondedjaar	1	717769	99.1563
nondeju	1	717770	99.1565
nondepie	1	717771	99.1566
nondetju	1	717772	99.1568
nonsens	1	717773	99.1569
noo	1	717774	99.157
noodgedwongen	1	717775	99.1572
noodgerief	1	717776	99.1573
noodlift	1	717777	99.1575
noodnummer	1	717778	99.1576
noodoplossing	1	717779	99.1577
noodplan	1	717780	99.1579
noodsituatie	1	717781	99.158
noodweer	1	717782	99.1581
noooo	1	717783	99.1583
noooodig	1	717784	99.1584
noooooo	1	717785	99.1586
nooooooooooit	1	717786	99.1587
noorderterras	1	717787	99.1588
noordoost	1	717788	99.159
noordpool	1	717789	99.1591
noordwal	1	717790	99.1592
noordzandstraat	1	717791	99.1594
noors	1	717792	99.1595
noorweg	1	717793	99.1597
nooteboom	1	717794	99.1598
nootjesdag	1	717795	99.1599
noq	1	717796	99.1601
norg	1	717797	99.1602
norm	1	717798	99.1604
normal	1	717799	99.1605
normalement	1	717800	99.1606
normandie	1	717801	99.1608
normgezien	1	717802	99.1609
nors	1	717803	99.161
north	1	717804	99.1612
noticed	1	717805	99.1613
notitieboekje	1	717806	99.1615
notre	1	717807	99.1616
noviet	1	717808	99.1617
noyelle	1	717809	99.1619
npen	1	717810	99.162
npg	1	717811	99.1621
nrcnext	1	717812	99.1623
nrg	1	717813	99.1624
nrml	1	717814	99.1626
nrormaal	1	717815	99.1627
ns-site	1	717816	99.1628
ns.x	1	717817	99.163
nsdeel	1	717818	99.1631
nsv-vriend	1	717819	99.1633
ntg	1	717820	99.1634
ntl	1	717821	99.1635
nu'n	1	717822	99.1637
nu-interview	1	717823	99.1638
nu.bij	1	717824	99.1639
nu.pas	1	717825	99.1641
nu.wat	1	717826	99.1642
nu.xr	1	717827	99.1644
nuanceterra	1	717828	99.1645
nueqen	1	717829	99.1646
nuja	1	717830	99.1648
nujah	1	717831	99.1649
nuk	1	717832	99.1651
nuke	1	717833	99.1652
nuked	1	717834	99.1653
nultweebier	1	717835	99.1655
numbat	1	717836	99.1656
nummerbord	1	717837	99.1657
nummering	1	717838	99.1659
nummeromzetting	1	717839	99.166
nummerplaat	1	717840	99.1662
nur	1	717841	99.1663
nurburgring	1	717842	99.1664
nurse	1	717843	99.1666
nurses	1	717844	99.1667
nutini	1	717845	99.1668
nutrologie	1	717846	99.167
nuts	1	717847	99.1671
nutteloos	1	717848	99.1673
nwe	1	717849	99.1674
ny	1	717850	99.1675
nyc-reis	1	717851	99.1677
nèrgens	1	717852	99.1678
néé	1	717853	99.168
nòg	1	717854	99.1681
o-malle	1	717855	99.1682
o.b.v.	1	717856	99.1684
o.i.d	1	717857	99.1685
o.i.d.	1	717858	99.1686
oamda	1	717859	99.1688
oana	1	717860	99.1689
oase	1	717861	99.1691
oasis	1	717862	99.1692
oat	1	717863	99.1693
ober	1	717864	99.1695
obier	1	717865	99.1696
object	1	717866	99.1697
objection	1	717867	99.1699
obligaat	1	717868	99.17
observeren	1	717869	99.1702
obsessief	1	717870	99.1703
ocarina	1	717871	99.1704
occassion	1	717872	99.1706
occult	1	717873	99.1707
occuperen	1	717874	99.1709
ocharm	1	717875	99.171
ochjee	1	717876	99.1711
ochtendbbb	1	717877	99.1713
ochtendbericht	1	717878	99.1714
ochtendconcert	1	717879	99.1715
ochtendspits	1	717880	99.1717
ochtendzoen	1	717881	99.1718
ochtens	1	717882	99.172
ocle	1	717883	99.1721
ocmw	1	717884	99.1722
odd	1	717885	99.1724
odds	1	717886	99.1725
oddstream	1	717887	99.1726
ods	1	717888	99.1728
oe-hoe	1	717889	99.1729
oefenmatch	1	717890	99.1731
oehhh	1	717891	99.1732
oej	1	717892	99.1733
oek	1	717893	99.1735
oekraine	1	717894	99.1736
oeral	1	717895	99.1738
oergeluiden	1	717896	99.1739
oerinstinct	1	717897	99.174
oersaai	1	717898	99.1742
oersimpel	1	717899	99.1743
oester	1	717900	99.1744
oesterdam	1	717901	99.1746
oetker	1	717902	99.1747
oeverloos	1	717903	99.1749
oewe	1	717904	99.175
of.di	1	717905	99.1751
of.is	1	717906	99.1753
ofda	1	717907	99.1754
off-limits	1	717908	99.1755
off-line	1	717909	99.1757
offer	1	717910	99.1758
official	1	717911	99.176
ofk	1	717912	99.1761
ofso	1	717913	99.1762
ofsoo	1	717914	99.1764
ofzi	1	717915	99.1765
ofzoxd	1	717916	99.1767
ogenblik	1	717917	99.1768
ohjaaaa	1	717918	99.1769
oho	1	717919	99.1771
ohw	1	717920	99.1772
oilsjt	1	717921	99.1773
oioioioioiijee	1	717922	99.1775
oirschot	1	717923	99.1776
oisterwijk	1	717924	99.1778
oj	1	717925	99.1779
okedoei	1	717926	99.178
okee^^	1	717927	99.1782
okeeee	1	717928	99.1783
okeeeee	1	717929	99.1785
okhok	1	717930	99.1786
okidooooo	1	717931	99.1787
okie	1	717932	99.1789
okie-kie-dokie	1	717933	99.179
okii	1	717934	99.1791
okj	1	717935	99.1793
okt.	1	717936	99.1794
oktober-december	1	717937	99.1796
ol	1	717938	99.1797
olaf	1	717939	99.1798
olague	1	717940	99.18
olato	1	717941	99.1801
oldebarneveldstraat	1	717942	99.1802
oldie	1	717943	99.1804
ole	1	717944	99.1805
oliebo	1	717945	99.1807
oliebollenkraam	1	717946	99.1808
olifant	1	717947	99.1809
olifantenmuisjes	1	717948	99.1811
olijfboom	1	717949	99.1812
olijfolie	1	717950	99.1814
olive	1	717951	99.1815
olives	1	717952	99.1816
ollik	1	717953	99.1818
oma-weekend	1	717954	99.1819
omar	1	717955	99.182
omboeken	1	717956	99.1822
ombouwen	1	717957	99.1823
ombudsvrouw	1	717958	99.1825
omdawe	1	717959	99.1826
omelet	1	717960	99.1827
omelets	1	717961	99.1829
omer	1	717962	99.183
omgekeerd	1	717963	99.1831
omgeleide	1	717964	99.1833
omhaal	1	717965	99.1834
omhalen	1	717966	99.1836
omheen	1	717967	99.1837
omhoelaat	1	717968	99.1838
omid	1	717969	99.184
omji	1	717970	99.1841
omkome	1	717971	99.1843
omkoopbaar	1	717972	99.1844
omleiding	1	717973	99.1845
omloop	1	717974	99.1847
ommekeer	1	717975	99.1848
ommeunig	1	717976	99.1849
ompdat	1	717977	99.1851
omringen	1	717978	99.1852
omroep	1	717979	99.1854
omroepen	1	717980	99.1855
omruilen	1	717981	99.1856
omschrijven	1	717982	99.1858
omschrijving	1	717983	99.1859
omsingelen	1	717984	99.186
omslaan	1	717985	99.1862
omslachtig	1	717986	99.1863
omslag	1	717987	99.1865
omspringen	1	717988	99.1866
omstreeks	1	717989	99.1867
omt	1	717990	99.1869
omte	1	717991	99.187
omvalaktie	1	717992	99.1872
omvallen	1	717993	99.1873
omver	1	717994	99.1874
omvormen	1	717995	99.1876
omw	1	717996	99.1877
omweg	1	717997	99.1878
omwille	1	717998	99.188
omwisselen	1	717999	99.1881
omzwerving	1	718000	99.1883
on-screen	1	718001	99.1884
on-vrolijk	1	718002	99.1885
onaandachtig	1	718003	99.1887
onaangekondigd	1	718004	99.1888
onaangenaam	1	718005	99.1889
onafgebroken	1	718006	99.1891
onafhankelijk	1	718007	99.1892
onbegrensd	1	718008	99.1894
onbekwaam	1	718009	99.1895
onbelangrijk	1	718010	99.1896
onbemeubeld	1	718011	99.1898
onbenut	1	718012	99.1899
onbereikbaarheid	1	718013	99.1901
onberpekken	1	718014	99.1902
onbestaand	1	718015	99.1903
onbetaalbaar	1	718016	99.1905
onbetrouwbaar	1	718017	99.1906
onbewoond	1	718018	99.1907
onbezorgd	1	718019	99.1909
oncoloog	1	718020	99.191
oncze	1	718021	99.1912
ondankbaar	1	718022	99.1913
onderaande	1	718023	99.1914
onderbemand	1	718024	99.1916
onderbinden	1	718025	99.1917
onderbreking	1	718026	99.1919
onderbrengen	1	718027	99.192
onderbuik	1	718028	99.1921
onderbuur	1	718029	99.1923
onderdaan	1	718030	99.1924
ondergaan	1	718031	99.1925
ondergetekende	1	718032	99.1927
ondergrond	1	718033	99.1928
onderhand	1	718034	99.193
onderhands	1	718035	99.1931
onderhuurder	1	718036	99.1932
onderkant	1	718037	99.1934
ondermeer	1	718038	99.1935
ondernemen	1	718039	99.1936
ondernemer	1	718040	99.1938
onderoeksplek	1	718041	99.1939
onderop	1	718042	99.1941
onderpissen	1	718043	99.1942
onderplassen	1	718044	99.1943
onderrug	1	718045	99.1945
onderschatten	1	718046	99.1946
onderscheiding	1	718047	99.1948
ondersneeuwen	1	718048	99.1949
onderstaan	1	718049	99.195
ondersteuning	1	718050	99.1952
ondertatoeeren	1	718051	99.1953
ondertitelen	1	718052	99.1954
onderverhuren	1	718053	99.1956
ondervinden	1	718054	99.1957
ondervoorzitter	1	718055	99.1959
ondervraging	1	718056	99.196
onderwatergadget	1	718057	99.1961
onderwegkus	1	718058	99.1963
onderwg	1	718059	99.1964
onderzoeker	1	718060	99.1965
onderzoeksgroep	1	718061	99.1967
onderzoeksversl	1	718062	99.1968
ondetailleren	1	718063	99.197
ondraaglijk	1	718064	99.1971
ondubbelzinnig	1	718065	99.1972
oneindig	1	718066	99.1974
onenigheid	1	718067	99.1975
onevenredig	1	718068	99.1977
ongecompliceerd	1	718069	99.1978
ongekend	1	718070	99.1979
ongemakkelijk	1	718071	99.1981
ongepland	1	718072	99.1982
ongeregeldheid	1	718073	99.1983
ongerief	1	718074	99.1985
ongerustheid	1	718075	99.1986
ongeschikt	1	718076	99.1988
ongesneden	1	718077	99.1989
ongesteld	1	718078	99.199
ongevoelig	1	718079	99.1992
ongewisse	1	718080	99.1993
ongezelligheid	1	718081	99.1994
ongeïnspireerd	1	718082	99.1996
onherroepelijk	1	718083	99.1997
onhip	1	718084	99.1999
oninneembaar	1	718085	99.2
oninteressant	1	718086	99.2001
onklaar	1	718087	99.2003
onklopbaar	1	718088	99.2004
onkruid	1	718089	99.2006
onkyo	1	718090	99.2007
onlaaaaaaaiaaaaaaaaiaaaaiaaaaan	1	718091	99.2008
onlangs	1	718092	99.201
online-toegangscode	1	718093	99.2011
onmenselijk	1	718094	99.2012
onmetelijk	1	718095	99.2014
onnoemelijk	1	718096	99.2015
onnozelheid	1	718097	99.2017
onontkoombaar	1	718098	99.2018
onophoudelijk	1	718099	99.2019
onozel	1	718100	99.2021
onplezierig	1	718101	99.2022
onprettig	1	718102	99.2023
onrechtstreeks	1	718103	99.2025
onromantisch	1	718104	99.2026
ons.za	1	718105	99.2028
onsamenhangend	1	718106	99.2029
onsterfelijk	1	718107	99.203
onszelf	1	718108	99.2032
ontbering	1	718109	99.2033
ontbijtachtig	1	718110	99.2035
ontbijtfase	1	718111	99.2036
ontbijtkoeken	1	718112	99.2037
ontbijtn	1	718113	99.2039
ontbijtplank	1	718114	99.204
ontbijtvergadering	1	718115	99.2041
ontblood	1	718116	99.2043
ontbrakt	1	718117	99.2044
ontbrekend	1	718118	99.2046
ontbréékt	1	718119	99.2047
ontbyen	1	718120	99.2048
ontdekking	1	718121	99.205
ontdekkingsreizigerskamp	1	718122	99.2051
ontdooien	1	718123	99.2053
ontelbaar	1	718124	99.2054
ontevreden	1	718125	99.2055
ontfacebookt	1	718126	99.2057
ontfermen	1	718127	99.2058
ontfutselen	1	718128	99.2059
ontgrendelen	1	718129	99.2061
onthaal	1	718130	99.2062
ontkenning	1	718131	99.2064
ontknoping	1	718132	99.2065
ontladen	1	718133	99.2066
ontlopen	1	718134	99.2068
ontnuchteren	1	718135	99.2069
ontpok	1	718136	99.207
ontpoppen	1	718137	99.2072
ontrafelen	1	718138	99.2073
ontruimen	1	718139	99.2075
ontspannend	1	718140	99.2076
ontsporen	1	718141	99.2077
ontstaan	1	718142	99.2079
ontstekingsremmen	1	718143	99.208
ontstopper	1	718144	99.2082
onttrainingstage	1	718145	99.2083
ontvanger	1	718146	99.2084
ontvangstbevestiging	1	718147	99.2086
ontvangstsms	1	718148	99.2087
ontvlooien	1	718149	99.2088
ontvluchten	1	718150	99.209
ontw	1	718151	99.2091
ontwaken	1	718152	99.2093
ontwenningsverschijnsel	1	718153	99.2094
ontwerp	1	718154	99.2095
ontwikkelaar	1	718155	99.2097
ontwikkelingsland	1	718156	99.2098
ontwikkelingswebsite	1	718157	99.2099
ontzien	1	718158	99.2101
onverantwoord	1	718159	99.2102
onverantwoordelijk	1	718160	99.2104
onvermijdelijk	1	718161	99.2105
onverstandig	1	718162	99.2106
onverwachts	1	718163	99.2108
onvoldoende	1	718164	99.2109
onvoorzien	1	718165	99.2111
onwaarschijnlijk	1	718166	99.2112
onweerachtig	1	718167	99.2113
onwetend	1	718168	99.2115
onzinnig	1	718169	99.2116
oodje	1	718170	99.2117
ooee	1	718171	99.2119
ooeee	1	718172	99.212
ooggetuige	1	718173	99.2122
ooglid	1	718174	99.2123
oogschaduw	1	718175	99.2124
oohlaaa	1	718176	99.2126
oohw	1	718177	99.2127
ook.no	1	718178	99.2128
ookl	1	718179	99.213
ooo-yeah	1	718180	99.2131
oooe	1	718181	99.2133
oookeeee	1	718182	99.2134
ooooo	1	718183	99.2135
oooooew	1	718184	99.2137
ooooooh	1	718185	99.2138
ooooooo	1	718186	99.214
ooooooook	1	718187	99.2141
ooowww	1	718188	99.2142
oorbloed	1	718189	99.2144
oord	1	718190	99.2145
oorlog	1	718191	99.2146
oorlogje	1	718192	99.2148
oorlogspad	1	718193	99.2149
oostblokker	1	718194	99.2151
oostduinkerke	1	718195	99.2152
oostenrijk	1	718196	99.2153
oostenrijk-themed	1	718197	99.2155
oosterbuur	1	718198	99.2156
oosterhout	1	718199	99.2157
oostkamp	1	718200	99.2159
ootmarsum	1	718201	99.216
oow	1	718202	99.2162
op't	1	718203	99.2163
op.	1	718204	99.2164
op.za	1	718205	99.2166
opabad	1	718206	99.2167
opak	1	718207	99.2169
opbellen	1	718208	99.217
opblazen	1	718209	99.2171
opblinken	1	718210	99.2173
opbreng	1	718211	99.2174
opdat	1	718212	99.2175
opdoeken	1	718213	99.2177
opdraaien	1	718214	99.2178
opdrachtbundel	1	718215	99.218
opdring	1	718216	99.2181
opeisen	1	718217	99.2182
opel	1	718218	99.2184
openbarsten	1	718219	99.2185
opendagentijd	1	718220	99.2187
opendaggen	1	718221	99.2188
openhartig	1	718222	99.2189
openingsdans	1	718223	99.2191
openingsdrink	1	718224	99.2192
openingssessie	1	718225	99.2193
openingstijd	1	718226	99.2195
openingsuur	1	718227	99.2196
openkrabben	1	718228	99.2198
openlaten	1	718229	99.2199
openlucht	1	718230	99.22
openminded	1	718231	99.2202
openstellen	1	718232	99.2203
opentrekken	1	718233	99.2204
openzijn	1	718234	99.2206
operation	1	718235	99.2207
opfokken	1	718236	99.2209
opgaaf	1	718237	99.221
opgeschreven	1	718238	99.2211
opgeslagen	1	718239	99.2213
opgeve	1	718240	99.2214
ophaalpoging	1	718241	99.2216
ophasselt	1	718242	99.2217
ophelderen	1	718243	99.2218
ophen	1	718244	99.222
ophogen	1	718245	99.2221
opinion	1	718246	99.2222
opklaren	1	718247	99.2224
opklaring	1	718248	99.2225
opkuiswerk	1	718249	99.2227
oplaaien	1	718250	99.2228
opleidig	1	718251	99.2229
oploskoffie	1	718252	99.2231
opme	1	718253	99.2232
opmeet	1	718254	99.2233
opmerken	1	718255	99.2235
opmerling	1	718256	99.2236
opmete	1	718257	99.2238
opnaaien	1	718258	99.2239
opneme	1	718259	99.224
oponthoud	1	718260	99.2242
opp	1	718261	99.2243
oppasplan	1	718262	99.2245
opperdepop	1	718263	99.2246
oppervlakte	1	718264	99.2247
opplakken	1	718265	99.2249
oppompen	1	718266	99.225
opportunities	1	718267	99.2251
opposed	1	718268	99.2253
opposite	1	718269	99.2254
opps	1	718270	99.2256
oprichten	1	718271	99.2257
oproer	1	718272	99.2258
oprotpremie	1	718273	99.226
opruim	1	718274	99.2261
opruimdag	1	718275	99.2262
opruimen=memorie	1	718276	99.2264
opschepen	1	718277	99.2265
opscheplepel	1	718278	99.2267
opschonen	1	718279	99.2268
opschrift	1	718280	99.2269
opslag	1	718281	99.2271
opslokken	1	718282	99.2272
opsmikkelen	1	718283	99.2274
opsomming	1	718284	99.2275
opsporen	1	718285	99.2276
opsporing	1	718286	99.2278
opspuiten	1	718287	99.2279
opstapplaats	1	718288	99.228
opstapt	1	718289	99.2282
opstart	1	718290	99.2283
opstartgeluid	1	718291	99.2285
opstiefelen	1	718292	99.2286
opstoken	1	718293	99.2287
opstrijken	1	718294	99.2289
optelefoneren	1	718295	99.229
optiek	1	718296	99.2291
optieker	1	718297	99.2293
optimisme	1	718298	99.2294
optimist	1	718299	99.2296
optipil	1	718300	99.2297
optisch	1	718301	99.2298
optrekken	1	718302	99.23
opu	1	718303	99.2301
opvang	1	718304	99.2303
opvatten	1	718305	99.2304
opvoering	1	718306	99.2305
opvolger	1	718307	99.2307
opvolging	1	718308	99.2308
opvouwen	1	718309	99.2309
opvrolijken	1	718310	99.2311
opwaarderen	1	718311	99.2312
opwachting	1	718312	99.2314
opwekking	1	718313	99.2315
opwinden	1	718314	99.2316
opze	1	718315	99.2318
opzitten	1	718316	99.2319
opzoek	1	718317	99.2321
opzoeke	1	718318	99.2322
opzuigen	1	718319	99.2323
oranjewoud	1	718320	99.2325
orbital	1	718321	99.2326
orchid	1	718322	99.2327
orchidee	1	718323	99.2329
ordenen	1	718324	99.233
order	1	718325	99.2332
orderboek	1	718326	99.2333
ordering	1	718327	99.2334
ordinair	1	718328	99.2336
ordner	1	718329	99.2337
ordnung	1	718330	99.2338
oreo	1	718331	99.234
orf	1	718332	99.2341
organisator	1	718333	99.2343
organisatorisch	1	718334	99.2344
orgasme	1	718335	99.2345
orgel	1	718336	99.2347
orval	1	718337	99.2348
orvallekes	1	718338	99.235
orviedo	1	718339	99.2351
oslo-kano	1	718340	99.2352
osoby	1	718341	99.2354
ostentatief	1	718342	99.2355
ot	1	718343	99.2356
otter	1	718344	99.2358
ottogracht	1	718345	99.2359
ou	1	718346	99.2361
ouais	1	718347	99.2362
oud-bestuurder	1	718348	99.2363
oud-duits	1	718349	99.2365
oudbier	1	718350	99.2366
ouderavond	1	718351	99.2367
ouderfeest	1	718352	99.2369
oudergesprek	1	718353	99.237
ouderschapsgeluk	1	718354	99.2372
ouderspreekavond	1	718355	99.2373
ouderwe	1	718356	99.2374
ouderwetsch	1	718357	99.2376
oudlid	1	718358	99.2377
oudoom	1	718359	99.2379
ouds	1	718360	99.238
oudtante	1	718361	99.2381
oupeerzaag	1	718362	99.2383
outdoor	1	718363	99.2384
outen	1	718364	99.2385
outfitproblemen	1	718365	99.2387
outfitters	1	718366	99.2388
outlets	1	718367	99.239
outletstore	1	718368	99.2391
output	1	718369	99.2392
outsvan	1	718370	99.2394
ov-chipkaart-site	1	718371	99.2395
ovenpatat	1	718372	99.2396
overbevolkt	1	718373	99.2398
overblijfsel	1	718374	99.2399
overboden	1	718375	99.2401
overbooked	1	718376	99.2402
overbrengen	1	718377	99.2403
overbuurvrouw	1	718378	99.2405
overclocken	1	718379	99.2406
overdoen	1	718380	99.2408
overdracht	1	718381	99.2409
overduidelijk	1	718382	99.241
overeind	1	718383	99.2412
overeten	1	718384	99.2413
overgangskleur	1	718385	99.2414
overgehoudn	1	718386	99.2416
overhand	1	718387	99.2417
overhead	1	718388	99.2419
overheerlijk	1	718389	99.242
overheersen	1	718390	99.2421
overhoort	1	718391	99.2423
overhoring	1	718392	99.2424
overhuizen	1	718393	99.2425
overkijken	1	718394	99.2427
overkoop	1	718395	99.2428
overkopen	1	718396	99.243
overladen	1	718397	99.2431
overlaten	1	718398	99.2432
overloop	1	718399	99.2434
overlopen	1	718400	99.2435
overmacht	1	718401	99.2437
overmoedig	1	718402	99.2438
overnachting	1	718403	99.2439
overneem	1	718404	99.2441
overnite	1	718405	99.2442
overpakken	1	718406	99.2443
overroepen	1	718407	99.2445
overrompelen	1	718408	99.2446
overschaduwen	1	718409	99.2448
overschakelen	1	718410	99.2449
overschilderen	1	718411	99.245
overschrijving	1	718412	99.2452
overslept	1	718413	99.2453
overspannen	1	718414	99.2455
overstag	1	718415	99.2456
overstuur	1	718416	99.2457
overtreding	1	718417	99.2459
overtypen	1	718418	99.246
overv	1	718419	99.2461
overvecht	1	718420	99.2463
oververhit	1	718421	99.2464
overvloed	1	718422	99.2466
overvloedig	1	718423	99.2467
overweldigend	1	718424	99.2468
overwerken	1	718425	99.247
overwicht	1	718426	99.2471
overzien	1	718427	99.2472
ovkaart	1	718428	99.2474
ovum	1	718429	99.2475
owee	1	718430	99.2477
owfuk	1	718431	99.2478
owh	1	718432	99.2479
owkeet	1	718433	99.2481
owkej	1	718434	99.2482
oxfam	1	718435	99.2484
oxkeej	1	718436	99.2485
oy	1	718437	99.2486
ozo	1	718438	99.2488
ozon	1	718439	99.2489
p-cel	1	718440	99.249
p-gebouw	1	718441	99.2492
p-vak	1	718442	99.2493
pa-dochter	1	718443	99.2495
paai	1	718444	99.2496
paapie	1	718445	99.2497
paardemiddel	1	718446	99.2499
paars-groen	1	718447	99.25
paasbezoek	1	718448	99.2501
paasdag	1	718449	99.2503
paaseierenraap	1	718450	99.2504
paasmaandag	1	718451	99.2506
paasmis	1	718452	99.2507
paasweekend	1	718453	99.2508
pabo	1	718454	99.251
pacific	1	718455	99.2511
pacis	1	718456	99.2513
packed	1	718457	99.2514
paddys	1	718458	99.2515
padre	1	718459	99.2517
paf	1	718460	99.2518
paginablabla	1	718461	99.2519
painkillers	1	718462	99.2521
paintballen	1	718463	99.2522
pair	1	718464	99.2524
pakhuis	1	718465	99.2525
pakjes-postbode	1	718466	99.2526
pakjesavond	1	718467	99.2528
pakkendag	1	718468	99.2529
pakkert	1	718469	99.253
paklijst	1	718470	99.2532
pakspul	1	718471	99.2533
pakweg	1	718472	99.2535
pakzak	1	718473	99.2536
pakzakerazzi	1	718474	99.2537
palace	1	718475	99.2539
palacio	1	718476	99.254
paleistuin	1	718477	99.2542
pali	1	718478	99.2543
palingrokerij	1	718479	99.2544
palinkafestival	1	718480	99.2546
pallet	1	718481	99.2547
palletjes	1	718482	99.2548
palmboom	1	718483	99.255
palmer	1	718484	99.2551
palyaudvar	1	718485	99.2553
pama	1	718486	99.2554
pampelmees	1	718487	99.2555
pampelpampel	1	718488	99.2557
pampertime	1	718489	99.2558
pampus	1	718490	99.2559
pancreas	1	718491	99.2561
panda	1	718492	99.2562
pandora	1	718493	99.2564
pang	1	718494	99.2565
paniekerig	1	718495	99.2566
paniekzaaien	1	718496	99.2568
panikeren	1	718497	99.2569
panjaki	1	718498	99.2571
pann	1	718499	99.2572
pannekoeken	1	718500	99.2573
pannenkoekenles	1	718501	99.2575
pannenset	1	718502	99.2576
panorama's	1	718503	99.2577
panoramadak	1	718504	99.2579
panoramafotos	1	718505	99.258
panter	1	718506	99.2582
pantoffelheld	1	718507	99.2583
pantomiene	1	718508	99.2584
pants	1	718509	99.2586
paolo	1	718510	99.2587
papaaaa	1	718511	99.2589
papamulder	1	718512	99.259
papegaai	1	718513	99.2591
papenstraatje	1	718514	99.2593
paperclip	1	718515	99.2594
papers	1	718516	99.2595
papertoy	1	718517	99.2597
papi	1	718518	99.2598
papierliggn	1	718519	99.26
papiervlokken	1	718520	99.2601
papierwerk	1	718521	99.2602
papies	1	718522	99.2604
pappenheimer	1	718523	99.2605
paprikas	1	718524	99.2606
para	1	718525	99.2608
paraceta	1	718526	99.2609
paracetemol	1	718527	99.2611
paradijs	1	718528	99.2612
paradijslijk	1	718529	99.2613
paradise	1	718530	99.2615
paraglide	1	718531	99.2616
paragraaf	1	718532	99.2618
paraguay	1	718533	99.2619
parallelweg	1	718534	99.262
param	1	718535	99.2622
paraplutje	1	718536	99.2623
parasiet	1	718537	99.2624
parelen	1	718538	99.2626
parelwit	1	718539	99.2627
parfumerie	1	718540	99.2629
parijs-nu	1	718541	99.263
parkeerautomaat	1	718542	99.2631
parkeerboete	1	718543	99.2633
parkeervergunning	1	718544	99.2634
parklaan	1	718545	99.2635
parkplein	1	718546	99.2637
parkweg	1	718547	99.2638
parmaham	1	718548	99.264
pars	1	718549	99.2641
partially	1	718550	99.2642
particular	1	718551	99.2644
partie	1	718552	99.2645
partnerruil	1	718553	99.2647
partout	1	718554	99.2648
parttime	1	718555	99.2649
partu	1	718556	99.2651
party-bier	1	718557	99.2652
partyanimal	1	718558	99.2653
partyday	1	718559	99.2655
partydress	1	718560	99.2656
partypeople	1	718561	99.2658
partysquad	1	718562	99.2659
partytime	1	718563	99.266
parvis	1	718564	99.2662
pary	1	718565	99.2663
parys	1	718566	99.2664
pasata	1	718567	99.2666
pasfoto	1	718568	99.2667
pasgeboren	1	718569	99.2669
pashokje	1	718570	99.267
paskot	1	718571	99.2671
pasoa	1	718572	99.2673
pasop	1	718573	99.2674
paspoortcontrole	1	718574	99.2676
paspoortding	1	718575	99.2677
paspoortgegeven	1	718576	99.2678
passage	1	718577	99.268
passagier	1	718578	99.2681
passagiersstoel	1	718579	99.2682
passagierszetel	1	718580	99.2684
passed	1	718581	99.2685
passende	1	718582	99.2687
passert	1	718583	99.2688
passie	1	718584	99.2689
passief-agressief	1	718585	99.2691
passievol	1	718586	99.2692
passing	1	718587	99.2693
passn	1	718588	99.2695
password	1	718589	99.2696
past	1	718590	99.2698
pastaat	1	718591	99.2699
pastalijmen	1	718592	99.27
pastaxd	1	718593	99.2702
pastelkleur	1	718594	99.2703
paswoord	1	718595	99.2705
patan	1	718596	99.2706
patattebolletje	1	718597	99.2707
pate	1	718598	99.2709
patersholsfeest	1	718599	99.271
paterswoldse	1	718600	99.2711
patiënt	1	718601	99.2713
patrol	1	718602	99.2714
patrolfreak	1	718603	99.2716
patrouille	1	718604	99.2717
pats	1	718605	99.2718
patseren	1	718606	99.272
paula	1	718607	99.2721
paulien	1	718608	99.2723
paulus	1	718609	99.2724
pauperfeest	1	718610	99.2725
pauperkostuum	1	718611	99.2727
pauw	1	718612	99.2728
pauze-bak	1	718613	99.2729
pax	1	718614	99.2731
pay	1	718615	99.2732
payment	1	718616	99.2734
pb	1	718617	99.2735
pbl	1	718618	99.2736
pcnaam	1	718619	99.2738
pct	1	718620	99.2739
pe	1	718621	99.274
peache	1	718622	99.2742
peanutbutter	1	718623	99.2743
peasant	1	718624	99.2745
peasy	1	718625	99.2746
pecas	1	718626	99.2747
pechdag	1	718627	99.2749
pedagogie	1	718628	99.275
pedopriester	1	718629	99.2752
pedro	1	718630	99.2753
pee	1	718631	99.2754
peepz	1	718632	99.2756
peet	1	718633	99.2757
peetneef	1	718634	99.2758
peetoom	1	718635	99.276
peeënstamp	1	718636	99.2761
peilen	1	718637	99.2763
peizen	1	718638	99.2764
peizet	1	718639	99.2765
pekuul	1	718640	99.2767
pellen	1	718641	99.2768
peloe	1	718642	99.2769
penaltics	1	718643	99.2771
penaltys	1	718644	99.2772
pendel	1	718645	99.2774
penetrant	1	718646	99.2775
penetratie	1	718647	99.2776
penicilline	1	718648	99.2778
penisverkleiner	1	718649	99.2779
penne	1	718650	99.2781
pennenbak	1	718651	99.2782
pennenzak	1	718652	99.2783
penningmeester	1	718653	99.2785
penny	1	718654	99.2786
pensioenpolis	1	718655	99.2787
pension	1	718656	99.2789
pensioneren	1	718657	99.279
penthouse	1	718658	99.2792
pentigrijven	1	718659	99.2793
peoductief	1	718660	99.2794
pepe	1	718661	99.2796
peperkoek	1	718662	99.2797
peperkoekenhuis	1	718663	99.2798
peppen	1	718664	99.28
pepperoni	1	718665	99.2801
perception	1	718666	99.2803
perchance	1	718667	99.2804
perdolan	1	718668	99.2805
perez	1	718669	99.2807
perfectamundi	1	718670	99.2808
perfectomundi	1	718671	99.281
perfectos	1	718672	99.2811
permanentie	1	718673	99.2812
permitteren	1	718674	99.2814
perplex	1	718675	99.2815
perros	1	718676	99.2816
persbericht	1	718677	99.2818
persconferentie	1	718678	99.2819
persee	1	718679	99.2821
persie	1	718680	99.2822
persil	1	718681	99.2823
persistentiecontroller	1	718682	99.2825
persn	1	718683	99.2826
personage	1	718684	99.2828
personeelsfeest	1	718685	99.2829
personeelskaart	1	718686	99.283
personlijk	1	718687	99.2832
persons	1	718688	99.2833
persoonlijkheidsding	1	718689	99.2834
persoonlijkheidslijst	1	718690	99.2836
persoonlijkheidtest	1	718691	99.2837
persoonsbroodje	1	718692	99.2839
persr	1	718693	99.284
pertinent	1	718694	99.2841
peruaans	1	718695	99.2843
perugia	1	718696	99.2844
peruviaans	1	718697	99.2845
pestengasthuis	1	718698	99.2847
peterseliekweker	1	718699	99.2848
petet	1	718700	99.285
petit	1	718701	99.2851
petrov	1	718702	99.2852
petsen	1	718703	99.2854
petto	1	718704	99.2855
petöfi	1	718705	99.2857
peugeot	1	718706	99.2858
peut	1	718707	99.2859
peut-tu	1	718708	99.2861
peuter	1	718709	99.2862
peuteren	1	718710	99.2863
peuterpubertijd	1	718711	99.2865
pfannekuch	1	718712	99.2866
pfdfffft	1	718713	99.2868
pfew	1	718714	99.2869
pffff	1	718715	99.287
pfieuw	1	718716	99.2872
pfjew	1	718717	99.2873
pfjoew	1	718718	99.2874
pfuuh	1	718719	99.2876
pgb	1	718720	99.2877
pgb-gezin	1	718721	99.2879
ph.d.	1	718722	99.288
phaar	1	718723	99.2881
phd's	1	718724	99.2883
phew	1	718725	99.2884
phietje	1	718726	99.2886
phili-zalm	1	718727	99.2887
philio	1	718728	99.2888
phillipe	1	718729	99.289
philup	1	718730	99.2891
phocas	1	718731	99.2892
phonelover	1	718732	99.2894
photomerge	1	718733	99.2895
phuuuw	1	718734	99.2897
physical	1	718735	99.2898
pianist	1	718736	99.2899
pianospel	1	718737	99.2901
pic	1	718738	99.2902
pica	1	718739	99.2903
piccolo	1	718740	99.2905
picknick	1	718741	99.2906
picknicken	1	718742	99.2908
picknicktafel	1	718743	99.2909
pico	1	718744	99.291
pics	1	718745	99.2912
pictionary	1	718746	99.2913
pie	1	718747	99.2915
pieces	1	718748	99.2916
piecken	1	718749	99.2917
piedro	1	718750	99.2919
piekfijn	1	718751	99.292
piel	1	718752	99.2921
piens	1	718753	99.2923
pieper	1	718754	99.2924
pieps	1	718755	99.2926
piercing	1	718756	99.2927
pierke	1	718757	99.2928
pietersch	1	718758	99.293
pietersplein	1	718759	99.2931
piezier	1	718760	99.2932
pig	1	718761	99.2934
pigeon	1	718762	99.2935
piiiil	1	718763	99.2937
pijama	1	718764	99.2938
pijnlijkxd	1	718765	99.2939
pijnloos	1	718766	99.2941
pijnstilling	1	718767	99.2942
pijnvrij	1	718768	99.2944
pijpbeurt	1	718769	99.2945
pik	1	718770	99.2946
pikkemoos	1	718771	99.2948
piknik	1	718772	99.2949
pikzwart	1	718773	99.295
pilgrim	1	718774	99.2952
pilot	1	718775	99.2953
pilsener	1	718776	99.2955
pilsken	1	718777	99.2956
pilsze	1	718778	99.2957
pimp-ish	1	718779	99.2959
pimpampoentjesslof	1	718780	99.296
pimpen	1	718781	99.2962
pinanty	1	718782	99.2963
pinautomaat	1	718783	99.2964
pincet	1	718784	99.2966
pinda-aar	1	718785	99.2967
pindaar	1	718786	99.2968
pineau	1	718787	99.297
pingelen	1	718788	99.2971
pingen	1	718789	99.2973
pingpongkameraad	1	718790	99.2974
pinguïn	1	718791	99.2975
pinkstermaandag	1	718792	99.2977
pinksterweekend	1	718793	99.2978
pinnig	1	718794	99.2979
pinoccio	1	718795	99.2981
pinte	1	718796	99.2982
pintjespak	1	718797	99.2984
pipi	1	718798	99.2985
pipo-opmerking	1	718799	99.2986
piraat-man	1	718800	99.2988
pirate	1	718801	99.2989
piro	1	718802	99.2991
pisa	1	718803	99.2992
pisa-firenze	1	718804	99.2993
piskopkes	1	718805	99.2995
pissing	1	718806	99.2996
pist	1	718807	99.2997
pistool	1	718808	99.2999
pitchen	1	718809	99.3
pitential	1	718810	99.3002
pits	1	718811	99.3003
pitspoes	1	718812	99.3004
pittem	1	718813	99.3006
pitten	1	718814	99.3007
pittoresque	1	718815	99.3008
pity	1	718816	99.301
piusstraat	1	718817	99.3011
piza	1	718818	99.3013
pizaatjr	1	718819	99.3014
pizz	1	718820	99.3015
pizza`	1	718821	99.3017
pizzabezorger	1	718822	99.3018
pizzafestijn	1	718823	99.302
pizzas	1	718824	99.3021
pj	1	718825	99.3022
plaaster	1	718826	99.3024
plaatreiniger	1	718827	99.3025
plaatselijk	1	718828	99.3026
plaatsgebrek	1	718829	99.3028
plaatsingscode	1	718830	99.3029
places	1	718831	99.3031
plagen	1	718832	99.3032
plakboek	1	718833	99.3033
plakkerig	1	718834	99.3035
plamuurmes	1	718835	99.3036
planckendael	1	718836	99.3037
planne	1	718837	99.3039
plantenafdeling	1	718838	99.304
plané	1	718839	99.3042
plasseren	1	718840	99.3043
plastiek	1	718841	99.3044
plastieken	1	718842	99.3046
plastisch	1	718843	99.3047
platbombarderen	1	718844	99.3049
platdrukken	1	718845	99.305
plateau	1	718846	99.3051
platform	1	718847	99.3053
platknuffelen	1	718848	99.3054
plato's	1	718849	99.3055
platobestuur	1	718850	99.3057
platoon	1	718851	99.3058
platteland	1	718852	99.306
plattelandsvrouw	1	718853	99.3061
platvoet	1	718854	99.3062
playa	1	718855	99.3064
playbackt	1	718856	99.3065
playlist	1	718857	99.3066
plaza	1	718858	99.3068
pleazzzzze	1	718859	99.3069
plectrum	1	718860	99.3071
pleeeeease	1	718861	99.3072
pleier	1	718862	99.3073
pleinfeest	1	718863	99.3075
pleiten	1	718864	99.3076
plessy	1	718865	99.3078
plet-trein	1	718866	99.3079
pletsen	1	718867	99.308
pletter	1	718868	99.3082
pleu	1	718869	99.3083
pleujer	1	718870	99.3084
pleuris	1	718871	99.3086
plexier	1	718872	99.3087
pleziergroet	1	718873	99.3089
plezierr	1	718874	99.309
plezir	1	718875	99.3091
plezr	1	718876	99.3093
plint	1	718877	99.3094
ploegen	1	718878	99.3096
plonsen	1	718879	99.3097
plonzen	1	718880	99.3098
plooibak	1	718881	99.31
plooister	1	718882	99.3101
plotje	1	718883	99.3102
plu-bezorgservice	1	718884	99.3104
pluche	1	718885	99.3105
pluimen	1	718886	99.3107
pluimgewicht	1	718887	99.3108
pluimke	1	718888	99.3109
pluimken	1	718889	99.3111
pluizen	1	718890	99.3112
plumeau	1	718891	99.3113
plunderen	1	718892	99.3115
pmd	1	718893	99.3116
poberen	1	718894	99.3118
pod	1	718895	99.3119
poeder	1	718896	99.312
poeh	1	718897	99.3122
poema	1	718898	99.3123
poen	1	718899	99.3125
poene	1	718900	99.3126
poepapotheek	1	718901	99.3127
poepchinees	1	718902	99.3129
poepdag	1	718903	99.313
poepdoos	1	718904	99.3131
poeper	1	718905	99.3133
poepgezicht	1	718906	99.3134
poephol	1	718907	99.3136
poepievol	1	718908	99.3137
poeping	1	718909	99.3138
poepluier	1	718910	99.314
poepsie	1	718911	99.3141
poepzak	1	718912	99.3142
poetsdienst	1	718913	99.3144
poezenbezoek	1	718914	99.3145
poezenpatiënt	1	718915	99.3147
poezie	1	718916	99.3148
poffen	1	718917	99.3149
poh	1	718918	99.3151
points	1	718919	99.3152
poission	1	718920	99.3154
poker	1	718921	99.3155
pokerprijs	1	718922	99.3156
pokerroom	1	718923	99.3158
pokertafel	1	718924	99.3159
pokkemuziek	1	718925	99.316
pokkesaai	1	718926	99.3162
pola	1	718927	99.3163
polder	1	718928	99.3165
pole	1	718929	99.3166
police	1	718930	99.3167
politie-uniform	1	718931	99.3169
politieinval	1	718932	99.317
pollerupvej	1	718933	99.3171
polly	1	718934	99.3173
polyvalent	1	718935	99.3174
pomedorisoep	1	718936	99.3176
pompen	1	718937	99.3177
pompiedom	1	718938	99.3178
pong	1	718939	99.318
pont	1	718940	99.3181
poolbar	1	718941	99.3183
poolcafe	1	718942	99.3184
poolparty	1	718943	99.3185
poooeees	1	718944	99.3187
pooolonaise	1	718945	99.3188
pooook	1	718946	99.3189
pooped	1	718947	99.3191
poopyface	1	718948	99.3192
popcorn	1	718949	99.3194
popelen	1	718950	99.3195
popelucht	1	718951	99.3196
popeye	1	718952	99.3198
poppodium	1	718953	99.3199
popquiz	1	718954	99.32
populariteit	1	718955	99.3202
porcheresse	1	718956	99.3203
porcupine	1	718957	99.3205
porn	1	718958	99.3206
porte	1	718959	99.3207
portfolio	1	718960	99.3209
portret	1	718961	99.321
portsmouth	1	718962	99.3212
posh	1	718963	99.3213
positie	1	718964	99.3214
posse	1	718965	99.3216
possession	1	718966	99.3217
possibility	1	718967	99.3218
post-it-blok	1	718968	99.322
post-stress	1	718969	99.3221
postbus	1	718970	99.3223
posterformaat	1	718971	99.3224
postzegel	1	718972	99.3225
pot-verhuizing	1	718973	99.3227
potc	1	718974	99.3228
potdicht	1	718975	99.323
potent	1	718976	99.3231
potentieel	1	718977	99.3232
potgrond	1	718978	99.3234
potloodtekening	1	718979	99.3235
potma	1	718980	99.3236
potterstr	1	718981	99.3238
potverdorie	1	718982	99.3239
potvertiefus	1	718983	99.3241
poule	1	718984	99.3242
pouring	1	718985	99.3243
pouts	1	718986	99.3245
powell	1	718987	99.3246
powerknop	1	718988	99.3247
powernappen	1	718989	99.3249
powervrouw	1	718990	99.325
powrr	1	718991	99.3252
pozdeji	1	718992	99.3253
poëtisch	1	718993	99.3254
pp.das	1	718994	99.3256
ppf	1	718995	99.3257
ppi	1	718996	99.3259
pprtefulde	1	718997	99.326
ppt	1	718998	99.3261
pqpop	1	718999	99.3263
pqs	1	719000	99.3264
pr.in	1	719001	99.3265
praatstoel	1	719002	99.3267
pracht	1	719003	99.3268
prachtdag	1	719004	99.327
prachtexemplaren	1	719005	99.3271
prachtfeest	1	719006	99.3272
prachtjaar	1	719007	99.3274
prachtreis	1	719008	99.3275
prachtstad	1	719009	99.3276
prachttuin	1	719010	99.3278
prachtweer	1	719011	99.3279
practicumopdr	1	719012	99.3281
practisch	1	719013	99.3282
prado	1	719014	99.3283
praeses	1	719015	99.3285
praesesslet	1	719016	99.3286
praga	1	719017	99.3288
praise	1	719018	99.3289
praiseavond	1	719019	99.329
prakrica	1	719020	99.3292
prate	1	719021	99.3293
pre-Katy	1	719022	99.3294
pre-a	1	719023	99.3296
pre-bier	1	719024	99.3297
pre-carnavallen	1	719025	99.3299
pre-christmas	1	719026	99.33
pre-echtelijk	1	719027	99.3301
pre-kerst	1	719028	99.3303
pre-kerst-zondag	1	719029	99.3304
pre-show	1	719030	99.3305
pre-werchter	1	719031	99.3307
preboozin	1	719032	99.3308
preciekomen	1	719033	99.331
precir	1	719034	99.3311
precise	1	719035	99.3312
predrink	1	719036	99.3314
preek	1	719037	99.3315
prefer	1	719038	99.3317
pregnant	1	719039	99.3318
prego	1	719040	99.3319
prehistorisch	1	719041	99.3321
premaman.com	1	719042	99.3322
premier	1	719043	99.3323
premiere	1	719044	99.3325
prent	1	719045	99.3326
prente	1	719046	99.3328
prepaiden	1	719047	99.3329
preparations	1	719048	99.333
preparing	1	719049	99.3332
pres.	1	719050	99.3333
presentaie	1	719051	99.3334
presidium	1	719052	99.3336
pressure	1	719053	99.3337
prestatieband	1	719054	99.3339
prestatieregeling	1	719055	99.334
presteren	1	719056	99.3341
preventief	1	719057	99.3343
preview	1	719058	99.3344
prices	1	719059	99.3346
priezen	1	719060	99.3347
prijslijst	1	719061	99.3348
prijsofferte	1	719062	99.335
prijstechnisch	1	719063	99.3351
prijsverschil	1	719064	99.3352
prijzenstrategie	1	719065	99.3354
prikalcohol	1	719066	99.3355
prikje	1	719067	99.3357
prikkelbaar	1	719068	99.3358
prikker	1	719069	99.3359
primaat	1	719070	99.3361
primadeluxe	1	719071	99.3362
primperan	1	719072	99.3364
primus	1	719073	99.3365
prinslief	1	719074	99.3366
print-werk	1	719075	99.3368
printboy	1	719076	99.3369
printgeld	1	719077	99.337
prints	1	719078	99.3372
printscreen	1	719079	99.3373
prio	1	719080	99.3375
prisc	1	719081	99.3376
prison	1	719082	99.3377
prisoner's	1	719083	99.3379
privaat	1	719084	99.338
privacy	1	719085	99.3381
prive	1	719086	99.3383
privefeest	1	719087	99.3384
privegebruik	1	719088	99.3386
privé-serenade	1	719089	99.3387
privéchauffeur	1	719090	99.3388
privéleven	1	719091	99.339
privézwembad	1	719092	99.3391
prizemoney	1	719093	99.3393
proactief	1	719094	99.3394
probaat	1	719095	99.3395
probeer	1	719096	99.3397
probeernoa	1	719097	99.3398
probeten	1	719098	99.3399
probleem.be	1	719099	99.3401
probleemo	1	719100	99.3402
probos	1	719101	99.3404
proc	1	719102	99.3405
procederen	1	719103	99.3406
proceeded	1	719104	99.3408
proces	1	719105	99.3409
proces-overleg	1	719106	99.341
produce	1	719107	99.3412
produceren	1	719108	99.3413
productie	1	719109	99.3415
productivity	1	719110	99.3416
productpresentatie	1	719111	99.3417
proeftijd	1	719112	99.3419
profeet	1	719113	99.342
proffessional	1	719114	99.3422
profielfoto	1	719115	99.3423
progr	1	719116	99.3424
programma-onderdeel	1	719117	99.3426
programmaboek	1	719118	99.3427
programmeerdingen	1	719119	99.3428
programmeeropdracht	1	719120	99.343
programmeerprobleem	1	719121	99.3431
programmeerwerk	1	719122	99.3433
programmeur	1	719123	99.3434
progress	1	719124	99.3435
progressie	1	719125	99.3437
projectie	1	719126	99.3438
projectmeetup	1	719127	99.3439
projectvoorstelling	1	719128	99.3441
prolly	1	719129	99.3442
promise	1	719130	99.3444
promising	1	719131	99.3445
promo-job	1	719132	99.3446
promostiek	1	719133	99.3448
promotion	1	719134	99.3449
promotoraverleg	1	719135	99.3451
prompt	1	719136	99.3452
proms	1	719137	99.3453
pronomaster	1	719138	99.3455
pronostiek	1	719139	99.3456
prop	1	719140	99.3457
propageren	1	719141	99.3459
properc	1	719142	99.346
propolis	1	719143	99.3462
propos	1	719144	99.3463
propose	1	719145	99.3464
proposel	1	719146	99.3466
proschacht	1	719147	99.3467
prosecco	1	719148	99.3468
prosit	1	719149	99.347
protesteren	1	719150	99.3471
protocolzaal	1	719151	99.3473
proton	1	719152	99.3474
prov	1	719153	99.3475
proved	1	719154	99.3477
provence	1	719155	99.3478
provided	1	719156	99.348
provinciaal	1	719157	99.3481
provincie	1	719158	99.3482
prozent	1	719159	99.3484
prpbleem	1	719160	99.3485
prrrrrr	1	719161	99.3486
prrsoneelsuitje	1	719162	99.3488
prueba	1	719163	99.3489
pruik	1	719164	99.3491
pruillip	1	719165	99.3492
pruim	1	719166	99.3493
pruts	1	719167	99.3495
prutswerk	1	719168	99.3496
pruttelen	1	719169	99.3498
pruttelpot	1	719170	99.3499
prys	1	719171	99.35
présence	1	719172	99.3502
pshychopaat	1	719173	99.3503
psv	1	719174	99.3504
psych	1	719175	99.3506
psychiatrisch	1	719176	99.3507
psychisch	1	719177	99.3509
psychologie	1	719178	99.351
psychologie-koffie	1	719179	99.3511
psychologisch	1	719180	99.3513
psychology	1	719181	99.3514
psychopaat	1	719182	99.3515
psydirect	1	719183	99.3517
ptain	1	719184	99.3518
ptg	1	719185	99.352
ptgui	1	719186	99.3521
ptn	1	719187	99.3522
pu	1	719188	99.3524
puberaal	1	719189	99.3525
puberen	1	719190	99.3527
puberstreken	1	719191	99.3528
pubkwissen	1	719192	99.3529
publiceren	1	719193	99.3531
pubquis	1	719194	99.3532
puccini	1	719195	99.3533
puffen	1	719196	99.3535
puist	1	719197	99.3536
puk	1	719198	99.3538
pul	1	719199	99.3539
pula	1	719200	99.354
pulp	1	719201	99.3542
puma	1	719202	99.3543
punctual	1	719203	99.3544
punished	1	719204	99.3546
punk	1	719205	99.3547
punta	1	719206	99.3549
puntmuts	1	719207	99.355
punto	1	719208	99.3551
puppy	1	719209	99.3553
puppyeyes	1	719210	99.3554
purac	1	719211	99.3556
purg	1	719212	99.3557
purmerend	1	719213	99.3558
push	1	719214	99.356
pushup	1	719215	99.3561
pussying	1	719216	99.3562
pussyness	1	719217	99.3564
putten	1	719218	99.3565
putting	1	719219	99.3567
puyenbroeck	1	719220	99.3568
puzzelen	1	719221	99.3569
puzzelmap	1	719222	99.3571
puzzelstukje	1	719223	99.3572
puzzle	1	719224	99.3573
puzzled	1	719225	99.3575
pvc	1	719226	99.3576
pweek	1	719227	99.3578
pwnd	1	719228	99.3579
qf	1	719229	99.358
qmusic	1	719230	99.3582
qn	1	719231	99.3583
qq	1	719232	99.3585
qry	1	719233	99.3586
qu	1	719234	99.3587
quack	1	719235	99.3589
quaint	1	719236	99.359
qualitytime	1	719237	99.3591
quarter	1	719238	99.3593
queck	1	719239	99.3594
quelle	1	719240	99.3596
questioning	1	719241	99.3597
questions	1	719242	99.3598
qui	1	719243	99.36
quichevorm	1	719244	99.3601
quitte	1	719245	99.3602
quitter	1	719246	99.3604
quizde	1	719247	99.3605
quizm	1	719248	99.3607
quizte	1	719249	99.3608
quizteam	1	719250	99.3609
quizzen	1	719251	99.3611
quoi	1	719252	99.3612
quoten	1	719253	99.3614
quotient	1	719254	99.3615
raaah	1	719255	99.3616
raadpleging	1	719256	99.3618
raalte	1	719257	99.3619
raat	1	719258	99.362
rabbit	1	719259	99.3622
rabbn	1	719260	99.3623
rabobank	1	719261	99.3625
racesimulator	1	719262	99.3626
racespel	1	719263	99.3627
racketlon	1	719264	99.3629
racoon	1	719265	99.363
rad	1	719266	99.3632
raday	1	719267	99.3633
radbraken	1	719268	99.3634
radiator	1	719269	99.3636
radicaal	1	719270	99.3637
radical	1	719271	99.3638
radiogesprek	1	719272	99.364
radiohead	1	719273	99.3641
radioloog	1	719274	99.3643
radiozender	1	719275	99.3644
raffinage	1	719276	99.3645
raggen	1	719277	99.3647
raid	1	719278	99.3648
rainbows	1	719279	99.3649
rakker	1	719280	99.3651
ralph	1	719281	99.3652
rambler	1	719282	99.3654
rambo	1	719283	99.3655
rammelen	1	719284	99.3656
rammelenbammelen	1	719285	99.3658
rammen	1	719286	99.3659
rampdown	1	719287	99.3661
rampenplan	1	719288	99.3662
rampup	1	719289	99.3663
rampzalig	1	719290	99.3665
ramvol	1	719291	99.3666
rana's	1	719292	99.3667
randap	1	719293	99.3669
randfenomeen	1	719294	99.367
randweg-export	1	719295	99.3672
rangeren	1	719296	99.3673
rangers	1	719297	99.3674
rango	1	719298	99.3676
rangorde	1	719299	99.3677
ranking	1	719300	99.3678
ranlp	1	719301	99.368
rapareren	1	719302	99.3681
rapedn	1	719303	99.3683
rappeler	1	719304	99.3684
rapper	1	719305	99.3685
rapportvergadering	1	719306	99.3687
rasjneeti	1	719307	99.3688
raspen	1	719308	99.369
rassenvermenging	1	719309	99.3691
rat=	1	719310	99.3692
rata	1	719311	99.3694
rataplan	1	719312	99.3695
rate	1	719313	99.3696
ratelen	1	719314	99.3698
rattensnuffelneus	1	719315	99.3699
raversijde	1	719316	99.3701
ray	1	719317	99.3702
raymond	1	719318	99.3703
rayonhoofd	1	719319	99.3705
razendsnel	1	719320	99.3706
razor	1	719321	99.3707
rcd	1	719322	99.3709
rdam	1	719323	99.371
react	1	719324	99.3712
reaction	1	719325	99.3713
reageer	1	719326	99.3714
real-life	1	719327	99.3716
realise	1	719328	99.3717
realistisch	1	719329	99.3719
reality	1	719330	99.372
rears	1	719331	99.3721
reasons	1	719332	99.3723
rebooten	1	719333	99.3724
rebound	1	719334	99.3725
recapituleren	1	719335	99.3727
receive	1	719336	99.3728
recensent	1	719337	99.373
recensie	1	719338	99.3731
receptenfolder	1	719339	99.3732
rechtenprobleem	1	719340	99.3734
rechtenstudie	1	719341	99.3735
rechterhand	1	719342	99.3736
rechthoek	1	719343	99.3738
rechtlijnig	1	719344	99.3739
rechtover	1	719345	99.3741
rechtstaan	1	719346	99.3742
rechtstaat	1	719347	99.3743
rechtsvoor	1	719348	99.3745
recidivist	1	719349	99.3746
recjterkant	1	719350	99.3748
reclameren	1	719351	99.3749
reclamespot	1	719352	99.375
reconstructie	1	719353	99.3752
reconstrueren	1	719354	99.3753
record	1	719355	99.3754
recordpogingfilm	1	719356	99.3756
recover	1	719357	99.3757
recovery	1	719358	99.3759
recreatiepark	1	719359	99.376
recruit	1	719360	99.3761
rectangular	1	719361	99.3763
redactie	1	719362	99.3764
redbull	1	719363	99.3766
reduce	1	719364	99.3767
reduceren	1	719365	99.3768
reep	1	719366	99.377
reesers	1	719367	99.3771
reeshof	1	719368	99.3772
reference	1	719369	99.3774
referentie	1	719370	99.3775
refrein	1	719371	99.3777
refterachtig	1	719372	99.3778
regarding	1	719373	99.3779
regardless	1	719374	99.3781
regelmiep	1	719375	99.3782
regenachtig	1	719376	99.3783
regenboog	1	719377	99.3785
regendans	1	719378	99.3786
regenkleding	1	719379	99.3788
regent	1	719380	99.3789
regenweer	1	719381	99.379
regieren	1	719382	99.3792
regionaal	1	719383	99.3793
regisseur	1	719384	99.3795
registreren	1	719385	99.3796
regulier	1	719386	99.3797
regulus	1	719387	99.3799
rei	1	719388	99.38
reich	1	719389	99.3801
reinforcement	1	719390	99.3803
reinheid	1	719391	99.3804
reinigen	1	719392	99.3806
reisadvies	1	719393	99.3807
reisbordspel	1	719394	99.3808
reisgezelschap	1	719395	99.381
reisgids	1	719396	99.3811
reisidee	1	719397	99.3812
reiske	1	719398	99.3814
reisopleiding	1	719399	99.3815
reisorganisatie	1	719400	99.3817
reisorganisator	1	719401	99.3818
reisprogramma	1	719402	99.3819
reisverz	1	719403	99.3821
reize	1	719404	99.3822
rek.nr	1	719405	99.3824
rekening(en)	1	719406	99.3825
rekeningsaldo	1	719407	99.3826
rekensom	1	719408	99.3828
rekker	1	719409	99.3829
reklame	1	719410	99.383
reknr	1	719411	99.3832
relaaaaaaaxed	1	719412	99.3833
relaaaaaxed	1	719413	99.3835
relateren	1	719414	99.3836
relatie's	1	719415	99.3837
relatiegesprek	1	719416	99.3839
relatieprobleem	1	719417	99.384
relation	1	719418	99.3841
relationeel	1	719419	99.3843
relationship	1	719420	99.3844
relatively	1	719421	99.3846
relaxbank	1	719422	99.3847
relaxstand	1	719423	99.3848
relaxtime	1	719424	99.385
relschopper	1	719425	99.3851
remake	1	719426	99.3853
rembours	1	719427	99.3854
remembered	1	719428	99.3855
reminderen	1	719429	99.3857
remuneration	1	719430	99.3858
rendabel	1	719431	99.3859
renee	1	719432	99.3861
rennies	1	719433	99.3862
renovatie	1	719434	99.3864
renoveren	1	719435	99.3865
renske	1	719436	99.3866
rent	1	719437	99.3868
rené	1	719438	99.3869
reparatiebewijs	1	719439	99.387
repeat	1	719440	99.3872
repeated	1	719441	99.3873
repetitie-weekend	1	719442	99.3875
replaced	1	719443	99.3876
repliceren	1	719444	99.3877
replied	1	719445	99.3879
replying	1	719446	99.388
report	1	719447	99.3882
reproduct	1	719448	99.3883
reputatie	1	719449	99.3884
requiem	1	719450	99.3886
res	1	719451	99.3887
reservation	1	719452	99.3888
reservations	1	719453	99.389
reservenavigatietelefoon	1	719454	99.3891
reserveringsnummer	1	719455	99.3893
reset	1	719456	99.3894
resette	1	719457	99.3895
resetten	1	719458	99.3897
residentie	1	719459	99.3898
resist	1	719460	99.39
resolutie	1	719461	99.3901
respectabel	1	719462	99.3902
respecteren	1	719463	99.3904
responsible	1	719464	99.3905
restafval	1	719465	99.3906
restant	1	719466	99.3908
restart	1	719467	99.3909
restaurants	1	719468	99.3911
rester	1	719469	99.3912
restless	1	719470	99.3913
restoot	1	719471	99.3915
restore	1	719472	99.3916
restrain	1	719473	99.3917
resubmit	1	719474	99.3919
result	1	719475	99.392
ret	1	719476	99.3922
retarded	1	719477	99.3923
reteketet	1	719478	99.3924
retepijn	1	719479	99.3926
retouche	1	719480	99.3927
retourneren	1	719481	99.3929
retreated	1	719482	99.393
rettekettet	1	719483	99.3931
reunie	1	719484	99.3933
reunist	1	719485	99.3934
reus	1	719486	99.3935
reuzenieuwsgierigdochookbraafgrieksleren	1	719487	99.3937
reuzenrad	1	719488	99.3938
revanche	1	719489	99.394
reviewers	1	719490	99.3941
reviseren	1	719491	99.3942
revision	1	719492	99.3944
revolving	1	719493	99.3945
reyes	1	719494	99.3946
reïncarnatie	1	719495	99.3948
rhcp	1	719496	99.3949
rheres	1	719497	99.3951
rhetorical	1	719498	99.3952
rhuis	1	719499	99.3953
ria	1	719500	99.3955
ribbe	1	719501	99.3956
ribster	1	719502	99.3958
riches	1	719503	99.3959
richtungen	1	719504	99.396
richtuur	1	719505	99.3962
rick	1	719506	99.3963
rid	1	719507	99.3964
ridderstraat	1	719508	99.3966
rider	1	719509	99.3967
riedel	1	719510	99.3969
rien	1	719511	99.397
riet	1	719512	99.3971
rietje	1	719513	99.3973
rigoreus	1	719514	99.3974
rigting	1	719515	99.3975
rih	1	719516	99.3977
riigen	1	719517	99.3978
rijde	1	719518	99.398
rijdn	1	719519	99.3981
rijkelijk	1	719520	99.3982
rijklaar	1	719521	99.3984
rijksregisternummer	1	719522	99.3985
rijp	1	719523	99.3987
rijs	1	719524	99.3988
rijssel	1	719525	99.3989
rijsttafel	1	719526	99.3991
rikke	1	719527	99.3992
riksha-able	1	719528	99.3993
rilling	1	719529	99.3995
rimbah	1	719530	99.3996
rimpel	1	719531	99.3998
rina	1	719532	99.3999
ringenkoper	1	719533	99.4
ringtone	1	719534	99.4002
riolering	1	719535	99.4003
rioter	1	719536	99.4004
ripley	1	719537	99.4006
risk	1	719538	99.4007
ritchie	1	719539	99.4009
ritprijs	1	719540	99.401
ritselen	1	719541	99.4011
rivella	1	719542	99.4013
rivers	1	719543	99.4014
rivierenwijk	1	719544	99.4016
rj	1	719545	99.4017
rlapen	1	719546	99.4018
rloor	1	719547	99.402
rlx	1	719548	99.4021
ro	1	719549	99.4022
roadrunner	1	719550	99.4024
roadtrip	1	719551	99.4025
roaming	1	719552	99.4027
roan	1	719553	99.4028
roast	1	719554	99.4029
robnt	1	719555	99.4031
roborally	1	719556	99.4032
robot	1	719557	99.4034
rochekle	1	719558	99.4035
rochelle	1	719559	99.4036
rochus	1	719560	99.4038
rock-and-roll-dans	1	719561	99.4039
rockchef	1	719562	99.404
rocken	1	719563	99.4042
rocket	1	719564	99.4043
rockte	1	719565	99.4045
roda	1	719566	99.4046
rodddelen	1	719567	99.4047
rodelbaan	1	719568	99.4049
rodenburg	1	719569	99.405
rodenburg-van	1	719570	99.4051
rodman	1	719571	99.4053
roe-hoe	1	719572	99.4054
roekeloos	1	719573	99.4056
roel	1	719574	99.4057
roemeens	1	719575	99.4058
roemeentjes	1	719576	99.406
roenschoen	1	719577	99.4061
roerbakken	1	719578	99.4063
roerei	1	719579	99.4064
roeren	1	719580	99.4065
roermond	1	719581	99.4067
roest	1	719582	99.4068
roesten	1	719583	99.4069
roestig	1	719584	99.4071
roestvrijstalen	1	719585	99.4072
roet	1	719586	99.4074
roflmao	1	719587	99.4075
roike	1	719588	99.4076
rokert	1	719589	99.4078
rokkostuum	1	719590	99.4079
role	1	719591	99.408
rolercoaster	1	719592	99.4082
roll-haar	1	719593	99.4083
rollade	1	719594	99.4085
rollenpatroonbevestigende	1	719595	99.4086
rolstoeljongen	1	719596	99.4087
roltrap	1	719597	99.4089
roma	1	719598	99.409
romances	1	719599	99.4092
romantic	1	719600	99.4093
romee	1	719601	99.4094
romelu	1	719602	99.4096
rommelig	1	719603	99.4097
rompuy	1	719604	99.4098
ronald	1	719605	99.41
ronda	1	719606	99.4101
ronddelen	1	719607	99.4103
rondgaan	1	719608	99.4104
rondgelopen	1	719609	99.4105
rondhoren	1	719610	99.4107
rondke	1	719611	99.4108
rondleiden	1	719612	99.4109
rondleidingk	1	719613	99.4111
rondneuzen	1	719614	99.4112
rondom	1	719615	99.4114
rondreis	1	719616	99.4115
rondrit	1	719617	99.4116
rondryden	1	719618	99.4118
rondsturen	1	719619	99.4119
ronduit	1	719620	99.4121
rondvaart	1	719621	99.4122
rondvraag	1	719622	99.4123
ronf	1	719623	99.4125
ronkosaurus	1	719624	99.4126
ronnie	1	719625	99.4127
roodharigen	1	719626	99.4129
roodharigendag	1	719627	99.413
roodkapje	1	719628	99.4132
roof	1	719629	99.4133
rookgeur	1	719630	99.4134
rookie	1	719631	99.4136
roomboter	1	719632	99.4137
roomsaus	1	719633	99.4138
roomservicemeisje	1	719634	99.414
roomweg	1	719635	99.4141
roosbeekstraat	1	719636	99.4143
roosendaal	1	719637	99.4144
roosendaal-survival	1	719638	99.4145
root	1	719639	99.4147
rootfs	1	719640	99.4148
ros	1	719641	99.415
rosa	1	719642	99.4151
rosr	1	719643	99.4152
rosseel	1	719644	99.4154
rotaract	1	719645	99.4155
rotding	1	719646	99.4156
rothand	1	719647	99.4158
rothond	1	719648	99.4159
rotles	1	719649	99.4161
rotleven	1	719650	99.4162
rotonde	1	719651	99.4163
rots	1	719652	99.4165
rotstuk	1	719653	99.4166
rotten	1	719654	99.4168
rotterdammer	1	719655	99.4169
rotterdammert	1	719656	99.417
rottig	1	719657	99.4172
roubaix	1	719658	99.4173
rouge	1	719659	99.4174
roundabout	1	719660	99.4176
rounds	1	719661	99.4177
routebeschr	1	719662	99.4179
routebeschriving	1	719663	99.418
routeding	1	719664	99.4181
routeplanner	1	719665	99.4183
routervraag	1	719666	99.4184
roy	1	719667	99.4185
rozebeke	1	719668	99.4187
rozebroekn	1	719669	99.4188
rozemarijnbrug	1	719670	99.419
rozenblaadjes	1	719671	99.4191
rozenburg	1	719672	99.4192
rozie	1	719673	99.4194
rozier	1	719674	99.4195
rrr	1	719675	99.4197
rrrrraaaaawwwww	1	719676	99.4198
rsi	1	719677	99.4199
rst	1	719678	99.4201
rubber	1	719679	99.4202
rubberen	1	719680	99.4203
rubdown	1	719681	99.4205
ruben	1	719682	99.4206
rubenkan	1	719683	99.4208
rude	1	719684	99.4209
rudebox	1	719685	99.421
rudimentary	1	719686	99.4212
rudy	1	719687	99.4213
rudybox	1	719688	99.4214
rugbindweefsel	1	719689	99.4216
rugbyclubhuis	1	719690	99.4217
ruggenprik	1	719691	99.4219
rugklacht	1	719692	99.422
rugoefening	1	719693	99.4221
ruig	1	719694	99.4223
ruiling	1	719695	99.4224
ruined	1	719696	99.4226
rulen	1	719697	99.4227
rumoerig	1	719698	99.4228
rundergehakt	1	719699	99.423
rundsstoofvlees	1	719700	99.4231
runne	1	719701	99.4232
runway	1	719702	99.4234
rupees	1	719703	99.4235
ruruka	1	719704	99.4237
rus	1	719705	99.4238
russisch	1	719706	99.4239
rustgevend	1	719707	99.4241
rustmoment	1	719708	99.4242
rustmomenten	1	719709	99.4243
rusty	1	719710	99.4245
rut	1	719711	99.4246
rutmer	1	719712	99.4248
ruudiebooooj	1	719713	99.4249
ruw	1	719714	99.425
ruzie-jongen	1	719715	99.4252
ruziemaken	1	719716	99.4253
rver	1	719717	99.4255
rvs	1	719718	99.4256
rw	1	719719	99.4257
rx	1	719720	99.4259
rxzaal	1	719721	99.426
ryden	1	719722	99.4261
ryen	1	719723	99.4263
ryexamen	1	719724	99.4264
s-crisis	1	719725	99.4266
s-nummer	1	719726	99.4267
s-relaps	1	719727	99.4268
s-video	1	719728	99.427
saaaaaaaaaai	1	719729	99.4271
saaaaaaai	1	719730	99.4272
saaaai	1	719731	99.4274
saaiemensenwereld	1	719732	99.4275
saaien	1	719733	99.4277
saampjes	1	719734	99.4278
saau	1	719735	99.4279
sabiet	1	719736	99.4281
saboteren	1	719737	99.4282
saboteur	1	719738	99.4284
sachem	1	719739	99.4285
sachemtent	1	719740	99.4286
sachimi	1	719741	99.4288
sack	1	719742	99.4289
safari	1	719743	99.429
safetycar	1	719744	99.4292
saffre	1	719745	99.4293
safke	1	719746	99.4295
sag's	1	719747	99.4296
sage	1	719748	99.4297
sahara	1	719749	99.4299
sailen	1	719750	99.43
sailor	1	719751	99.4302
saints	1	719752	99.4303
sakura	1	719753	99.4304
salami	1	719754	99.4306
salary	1	719755	99.4307
salesrush	1	719756	99.4308
sallinger	1	719757	99.431
salon	1	719758	99.4311
salope	1	719759	99.4313
salto	1	719760	99.4314
salueren	1	719761	99.4315
salut	1	719762	99.4317
samaritanen	1	719763	99.4318
sambal	1	719764	99.4319
sambuca	1	719765	99.4321
samedisoir	1	719766	99.4322
samendoen	1	719767	99.4324
samenhokken	1	719768	99.4325
samenleven	1	719769	99.4326
samenstellen	1	719770	99.4328
samenvallen	1	719771	99.4329
samenvoegen	1	719772	99.4331
samenzetten	1	719773	99.4332
samenzijn	1	719774	99.4333
samenzitten	1	719775	99.4335
samenzoeken	1	719776	99.4336
samenzoekn	1	719777	99.4337
sammy	1	719778	99.4339
samn	1	719779	99.434
samurai	1	719780	99.4342
sandaal	1	719781	99.4343
sandeep	1	719782	99.4344
sandrine	1	719783	99.4346
sanepa	1	719784	99.4347
sanka	1	719785	99.4348
sanseveria	1	719786	99.435
santigold	1	719787	99.4351
santino	1	719788	99.4353
sapcentrifuge	1	719789	99.4354
sapkuur	1	719790	99.4355
sapna	1	719791	99.4357
sapph	1	719792	99.4358
sappig	1	719793	99.436
sar	1	719794	99.4361
sarang	1	719795	99.4362
sarcofaag	1	719796	99.4364
sardientjesdoos	1	719797	99.4365
sardinia	1	719798	99.4366
sarrah	1	719799	99.4368
satan	1	719800	99.4369
satc-film	1	719801	99.4371
sate's	1	719802	99.4372
satéprikket	1	719803	99.4373
sauerbraten	1	719804	99.4375
saunderson	1	719805	99.4376
sausen	1	719806	99.4377
sausmix	1	719807	99.4379
sauzen	1	719808	99.438
save	1	719809	99.4382
saved	1	719810	99.4383
saw	1	719811	99.4384
sawé	1	719812	99.4386
saxo	1	719813	99.4387
saya	1	719814	99.4389
sayin	1	719815	99.439
scandinavisch	1	719816	99.4391
scanne	1	719817	99.4393
scanner-pc	1	719818	99.4394
scapino	1	719819	99.4395
scared	1	719820	99.4397
scarf	1	719821	99.4398
scarlet	1	719822	99.44
scart	1	719823	99.4401
scary	1	719824	99.4402
scenes	1	719825	99.4404
sceptisch	1	719826	99.4405
schAt	1	719827	99.4407
schaamte	1	719828	99.4408
schaapsweg	1	719829	99.4409
schaarbeek	1	719830	99.4411
schaars	1	719831	99.4412
schaatsdag	1	719832	99.4413
schaatstalent	1	719833	99.4415
schachtenexamen	1	719834	99.4416
schadeformulier	1	719835	99.4418
schaduw	1	719836	99.4419
schagen	1	719837	99.442
schakel	1	719838	99.4422
schakelen	1	719839	99.4423
schalk	1	719840	99.4424
schandelijk	1	719841	99.4426
schansstraat	1	719842	99.4427
schapenstraat	1	719843	99.4429
schappelijk	1	719844	99.443
scharrelei	1	719845	99.4431
scharrelkip	1	719846	99.4433
schatje(s)	1	719847	99.4434
schatke	1	719848	99.4436
schats	1	719849	99.4437
schattigste	1	719850	99.4438
schattinge	1	719851	99.444
schatzieeee	1	719852	99.4441
scheel	1	719853	99.4442
scheenbeen	1	719854	99.4444
scheet	1	719855	99.4445
scheetis	1	719856	99.4447
scheidsrechtersvak	1	719857	99.4448
schelde	1	719858	99.4449
schelde-aud	1	719859	99.4451
schelmes	1	719860	99.4452
schematisch	1	719861	99.4453
schemeren	1	719862	99.4455
schep	1	719863	99.4456
scherf	1	719864	99.4458
scherme	1	719865	99.4459
schermen	1	719866	99.446
scheut	1	719867	99.4462
schev	1	719868	99.4463
schiedams	1	719869	99.4465
schijt	1	719870	99.4466
schijtbeest	1	719871	99.4467
schijtebeu	1	719872	99.4469
schijtedure	1	719873	99.447
schijten	1	719874	99.4471
schijter	1	719875	99.4473
schijtexamen	1	719876	99.4474
schijthogeschool	1	719877	99.4476
schijtlawaai	1	719878	99.4477
schijtplaneet	1	719879	99.4478
schil	1	719880	99.448
schilderhulp	1	719881	99.4481
schildersbedrijf	1	719882	99.4482
schildklier	1	719883	99.4484
schilperoord	1	719884	99.4485
schlafen	1	719885	99.4487
schlaggen	1	719886	99.4488
schlampe	1	719887	99.4489
schlemielig	1	719888	99.4491
schmub	1	719889	99.4492
schmucks	1	719890	99.4494
schnel	1	719891	99.4495
schnitzeln	1	719892	99.4496
schocking	1	719893	99.4498
schoemakerstraat	1	719894	99.4499
schoene	1	719895	99.45
schoenenjacht	1	719896	99.4502
schoenenzaak	1	719897	99.4503
schoepen	1	719898	99.4505
schokkaert	1	719899	99.4506
scholier	1	719900	99.4507
scholieren.com	1	719901	99.4509
schommelen	1	719902	99.451
schonen	1	719903	99.4511
schoolfeest	1	719904	99.4513
schoolghrls	1	719905	99.4514
schoolkamp	1	719906	99.4516
schoolkind	1	719907	99.4517
schoolmail	1	719908	99.4518
schooltaak	1	719909	99.452
schoolvakantie	1	719910	99.4521
schoolweek	1	719911	99.4523
schoolziek	1	719912	99.4524
schoonfamilieverplichting	1	719913	99.4525
schoonheidssalon	1	719914	99.4527
schoonmaakbui	1	719915	99.4528
schoonmoeder	1	719916	99.4529
schoontjes	1	719917	99.4531
schoonzoon	1	719918	99.4532
schoonzuslief	1	719919	99.4534
schoorsteenmantel	1	719920	99.4535
schor	1	719921	99.4536
schorsen	1	719922	99.4538
schorseneer	1	719923	99.4539
schotenaar	1	719924	99.4541
schotland	1	719925	99.4542
schouderklop	1	719926	99.4543
schout	1	719927	99.4545
schouwburgring	1	719928	99.4546
schouwder	1	719929	99.4547
schreeuw	1	719930	99.4549
schrift	1	719931	99.455
schrijfdag	1	719932	99.4552
schrijfopdracht	1	719933	99.4553
schrijfstuk	1	719934	99.4554
schrijfwijzeren	1	719935	99.4556
schrivn	1	719936	99.4557
schrobelaar	1	719937	99.4558
schroeven	1	719938	99.456
schroevendraaier	1	719939	99.4561
schroevendraaiertje	1	719940	99.4563
schrokaanval	1	719941	99.4564
schroom	1	719942	99.4565
schryf	1	719943	99.4567
schuilen	1	719944	99.4568
schuilplaats	1	719945	99.457
schuim	1	719946	99.4571
schuimpje	1	719947	99.4572
schuimwijn	1	719948	99.4574
schuune	1	719949	99.4575
schuur	1	719950	99.4576
schuurdeur	1	719951	99.4578
schuurmachine	1	719952	99.4579
schuurpapier	1	719953	99.4581
schweg	1	719954	99.4582
schweinerei	1	719955	99.4583
schwere	1	719956	99.4585
schyn	1	719957	99.4586
schynt	1	719958	99.4587
schäffer	1	719959	99.4589
schöne	1	719960	99.459
schönes	1	719961	99.4592
science	1	719962	99.4593
sciences	1	719963	99.4594
scoop	1	719964	99.4596
scootah	1	719965	99.4597
scooter	1	719966	99.4599
scootmobiel	1	719967	99.46
scopie	1	719968	99.4601
scoreboek	1	719969	99.4603
scott	1	719970	99.4604
scoubidou	1	719971	99.4605
scouting	1	719972	99.4607
scoutsbal	1	719973	99.4608
scoutshubertus	1	719974	99.461
scoutskamp	1	719975	99.4611
scoutswoord	1	719976	99.4612
scrabblen	1	719977	99.4614
screen	1	719978	99.4615
screens	1	719979	99.4616
screenshots	1	719980	99.4618
scriptie-en	1	719981	99.4619
scriptie-gang	1	719982	99.4621
scriptie-weer	1	719983	99.4622
scriptie.to	1	719984	99.4623
scriptiebegeleider	1	719985	99.4625
scriptiecommentaar	1	719986	99.4626
scriptiegesprek	1	719987	99.4628
scriptieresultaat	1	719988	99.4629
scriptieschrijven	1	719989	99.463
scriptiestress	1	719990	99.4632
scriptieweer	1	719991	99.4633
scriptorium-kritiek	1	719992	99.4634
scrotum	1	719993	99.4636
scruffy	1	719994	99.4637
sctiptie	1	719995	99.4639
sculpt	1	719996	99.464
scusie	1	719997	99.4641
scène	1	719998	99.4643
sdcaard	1	719999	99.4644
sddp	1	720000	99.4645
seagate	1	720001	99.4647
seakingvlucht	1	720002	99.4648
seal	1	720003	99.465
sealife	1	720004	99.4651
seating	1	720005	99.4652
seats	1	720006	99.4654
seb	1	720007	99.4655
sebs	1	720008	99.4657
sec.	1	720009	99.4658
secondelijm	1	720010	99.4659
secr	1	720011	99.4661
secret	1	720012	99.4662
sectie-einde	1	720013	99.4663
section	1	720014	99.4665
sector	1	720015	99.4666
sectoraal	1	720016	99.4668
sedaris	1	720017	99.4669
sedici	1	720018	99.467
seduce	1	720019	99.4672
seducing	1	720020	99.4673
seed	1	720021	99.4675
seeing	1	720022	99.4676
seffes	1	720023	99.4677
seksbom	1	720024	99.4679
seksen	1	720025	99.468
seksfilm	1	720026	99.4681
sekslied	1	720027	99.4683
sel	1	720028	99.4684
selah	1	720029	99.4686
selecta	1	720030	99.4687
selectiebijeenkomst	1	720031	99.4688
selectief	1	720032	99.469
seleen	1	720033	99.4691
selexyz	1	720034	99.4692
sell	1	720035	99.4694
selling	1	720036	99.4695
selma	1	720037	99.4697
semi-bikkelen	1	720038	99.4698
semi-verjaardagsfeest	1	720039	99.4699
semi-voorbehoud	1	720040	99.4701
seminarie	1	720041	99.4702
seminariewerk	1	720042	99.4704
semoliens	1	720043	99.4705
senaaszaal	1	720044	99.4706
senior	1	720045	99.4708
seniorenklasse	1	720046	99.4709
sensationeel	1	720047	99.471
sense	1	720048	99.4712
sep	1	720049	99.4713
sequel	1	720050	99.4715
ser	1	720051	99.4716
seringenstraat	1	720052	99.4717
serious	1	720053	99.4719
serre	1	720054	99.472
serverbeheerder	1	720055	99.4721
serverprobleem	1	720056	99.4723
servicekosten	1	720057	99.4724
servisch	1	720058	99.4726
servo	1	720059	99.4727
ses	1	720060	99.4728
sese	1	720061	99.473
setchehoem	1	720062	99.4731
setkat	1	720063	99.4733
seulement	1	720064	99.4734
seut	1	720065	99.4735
seventeenth	1	720066	99.4737
seviyorum	1	720067	99.4738
sex	1	720068	99.4739
sexbomb	1	720069	99.4741
sexytime	1	720070	99.4742
sexyvriend	1	720071	99.4744
seymour	1	720072	99.4745
sgooee	1	720073	99.4746
sh	1	720074	99.4748
shabby	1	720075	99.4749
shaddap	1	720076	99.475
shade	1	720077	99.4752
shakeapeare	1	720078	99.4753
shaken	1	720079	99.4755
shamala	1	720080	99.4756
shameboy	1	720081	99.4757
shangri	1	720082	99.4759
share-mail	1	720083	99.476
sharen	1	720084	99.4762
shaved	1	720085	99.4763
shawl	1	720086	99.4764
shazam	1	720087	99.4766
she's	1	720088	99.4767
sheet	1	720089	99.4768
sheets	1	720090	99.477
shelve	1	720091	99.4771
sherlock	1	720092	99.4773
shertogenbosch	1	720093	99.4774
shift	1	720094	99.4775
shiiiejiiit	1	720095	99.4777
shiiiiiit	1	720096	99.4778
shiiiiit	1	720097	99.4779
shipping	1	720098	99.4781
shitload	1	720099	99.4782
shitstorm	1	720100	99.4784
shizzle	1	720101	99.4785
shneller	1	720102	99.4786
shocking	1	720103	99.4788
shoe	1	720104	99.4789
shooting	1	720105	99.4791
shopdag	1	720106	99.4792
shoppingcenter	1	720107	99.4793
shopse	1	720108	99.4795
shorts	1	720109	99.4796
shotgun	1	720110	99.4797
shouldf	1	720111	99.4799
shouldve	1	720112	99.48
showed	1	720113	99.4802
showing	1	720114	99.4803
showken	1	720115	99.4804
shristis	1	720116	99.4806
shtupied	1	720117	99.4807
shuffle	1	720118	99.4809
shutdown	1	720119	99.481
shy	1	720120	99.4811
si	1	720121	99.4813
siam	1	720122	99.4814
siberische	1	720123	99.4815
sieglinde	1	720124	99.4817
siepel	1	720125	99.4818
sieren	1	720126	99.482
siets	1	720127	99.4821
sigaar	1	720128	99.4822
sigmakantine	1	720129	99.4824
signaleren	1	720130	99.4825
sigur	1	720131	99.4826
sikkies	1	720132	99.4828
silhouet	1	720133	99.4829
siliconencase	1	720134	99.4831
silva	1	720135	99.4832
silverstone-camping	1	720136	99.4833
sim-kaart	1	720137	99.4835
simlock	1	720138	99.4836
simmen	1	720139	99.4838
simpelweg	1	720140	99.4839
simple	1	720141	99.484
simplicity	1	720142	99.4842
sims	1	720143	99.4843
simultaan	1	720144	99.4844
sin	1	720145	99.4846
sinaai	1	720146	99.4847
sinaas	1	720147	99.4849
sinasappel	1	720148	99.485
sindskort	1	720149	99.4851
sing	1	720150	99.4853
singapore	1	720151	99.4854
singelloop	1	720152	99.4855
singer	1	720153	99.4857
singing	1	720154	99.4858
singstars	1	720155	99.486
sinking	1	720156	99.4861
sinon	1	720157	99.4862
sint-godelieve	1	720158	99.4864
sint-michielsschool	1	720159	99.4865
sint-niklaas	1	720160	99.4867
sinterklaasavond	1	720161	99.4868
sinterklaasdrukte	1	720162	99.4869
sinterklaaskado	1	720163	99.4871
sinterklaasverlanglijst	1	720164	99.4872
sinterklaasweekend	1	720165	99.4873
sintjacobs	1	720166	99.4875
sintkado	1	720167	99.4876
sinusitis	1	720168	99.4878
sirene	1	720169	99.4879
siska	1	720170	99.488
sit	1	720171	99.4882
sixpack	1	720172	99.4883
sixteenth	1	720173	99.4884
size	1	720174	99.4886
sjabloon	1	720175	99.4887
sjag	1	720176	99.4889
sjakojs	1	720177	99.489
sjandawé	1	720178	99.4891
sjansen	1	720179	99.4893
sjarel	1	720180	99.4894
sjatz	1	720181	99.4896
sjauwer	1	720182	99.4897
sjem	1	720183	99.4898
sjeuj	1	720184	99.49
sjienees	1	720185	99.4901
sjlen	1	720186	99.4902
sjmoesjie	1	720187	99.4904
sjmoesjiewoesjie	1	720188	99.4905
sjoek	1	720189	99.4907
sjoen	1	720190	99.4908
sjoerdbak	1	720191	99.4909
sjoerden	1	720192	99.4911
sjorhout	1	720193	99.4912
sjorring	1	720194	99.4913
sjortouw	1	720195	99.4915
sjouwert	1	720196	99.4916
sjwemp	1	720197	99.4918
skaaaaat	1	720198	99.4919
skaat	1	720199	99.492
skars	1	720200	99.4922
skatepark	1	720201	99.4923
skatie	1	720202	99.4925
skatje	1	720203	99.4926
skelet	1	720204	99.4927
skiduim	1	720205	99.4929
skiing	1	720206	99.493
skilled	1	720207	99.4931
skillz	1	720208	99.4933
skipak	1	720209	99.4934
skipas	1	720210	99.4936
skireis	1	720211	99.4937
skitas	1	720212	99.4938
skiënderwijs	1	720213	99.494
skone	1	720214	99.4941
skoop	1	720215	99.4943
skot	1	720216	99.4944
skruffie	1	720217	99.4945
skullkoptelefoon	1	720218	99.4947
skypie	1	720219	99.4948
slaaaaapen	1	720220	99.4949
slaapable	1	720221	99.4951
slaapbank	1	720222	99.4952
slaapdronken	1	720223	99.4954
slaapgebrek	1	720224	99.4955
slaapgerief	1	720225	99.4956
slaapgrafiek	1	720226	99.4958
slaaping	1	720227	99.4959
slaapkleding	1	720228	99.496
slaaplekker	1	720229	99.4962
slaaplekkerkus	1	720230	99.4963
slaapliedje	1	720231	99.4965
slaaplocatie	1	720232	99.4966
slaapos	1	720233	99.4967
slaaps	1	720234	99.4969
slaapsmsen	1	720235	99.497
slaapte	1	720236	99.4972
slaaptent	1	720237	99.4973
slaapverwekkend	1	720238	99.4974
slaapwelknuffel	1	720239	99.4976
slaapzaal	1	720240	99.4977
slaapze	1	720241	99.4978
slaapzetel	1	720242	99.498
slachtkuiken	1	720243	99.4981
sladressing	1	720244	99.4983
slagaderlijk	1	720245	99.4984
slagboom	1	720246	99.4985
slagveld	1	720247	99.4987
slagvolgorde	1	720248	99.4988
slak	1	720249	99.4989
slakkentempo	1	720250	99.4991
slalombaar	1	720251	99.4992
slank	1	720252	99.4994
slapen-voor-de-borrel-plan	1	720253	99.4995
slapengaan	1	720254	99.4996
slaperig	1	720255	99.4998
slapzak	1	720256	99.4999
slashermovie	1	720257	99.5001
slasoep	1	720258	99.5002
slavendrijver	1	720259	99.5003
sleepstraat	1	720260	99.5005
slegte	1	720261	99.5006
sleijderink	1	720262	99.5007
slide	1	720263	99.5009
slideshow	1	720264	99.501
sliding	1	720265	99.5012
slidings	1	720266	99.5013
sliep	1	720267	99.5014
sliepen	1	720268	99.5016
slijm	1	720269	99.5017
slijmbal	1	720270	99.5018
slijmbeurs	1	720271	99.502
slikonderzoek	1	720272	99.5021
slimmen	1	720273	99.5023
slimmerd	1	720274	99.5024
slimx	1	720275	99.5025
slingeren	1	720276	99.5027
slipjesdief	1	720277	99.5028
slippen	1	720278	99.503
sloefkesdag	1	720279	99.5031
slof	1	720280	99.5032
slogan	1	720281	99.5034
sloggy	1	720282	99.5035
sloot	1	720283	99.5036
slordig	1	720284	99.5038
slotbarbecue	1	720285	99.5039
slotborrel	1	720286	99.5041
slotdag	1	720287	99.5042
slotdienst	1	720288	99.5043
sloterdijk	1	720289	99.5045
slotfeest	1	720290	99.5046
sloven	1	720291	99.5047
slowly	1	720292	99.5049
sluipen	1	720293	99.505
sluisdeur	1	720294	99.5052
sluitborrel	1	720295	99.5053
slurf	1	720296	99.5054
slurpen	1	720297	99.5056
slype	1	720298	99.5057
smaakvol	1	720299	99.5059
smachten	1	720300	99.506
smahak	1	720301	99.5061
smak-er-de-smak	1	720302	99.5063
smakk	1	720303	99.5064
smakken	1	720304	99.5065
smakker	1	720305	99.5067
smakkert	1	720306	99.5068
smakkk	1	720307	99.507
smakkkk	1	720308	99.5071
smallekes	1	720309	99.5072
smartiesronde	1	720310	99.5074
smatch	1	720311	99.5075
smeerboter	1	720312	99.5077
smeerlap	1	720313	99.5078
smekelijk	1	720314	99.5079
smell	1	720315	99.5081
smeyers	1	720316	99.5082
smiek	1	720317	99.5083
smiezen	1	720318	99.5085
smile	1	720319	99.5086
smiling	1	720320	99.5088
smk	1	720321	99.5089
smoakt	1	720322	99.509
smoelenboek	1	720323	99.5092
smoesjie	1	720324	99.5093
smoezel	1	720325	99.5094
smoked	1	720326	99.5096
smoothie	1	720327	99.5097
smoren	1	720328	99.5099
smorgens	1	720329	99.51
sms-bundel	1	720330	99.5101
sms-gedrag	1	720331	99.5103
sms-kost	1	720332	99.5104
sms-t	1	720333	99.5106
sms-te	1	720334	99.5107
sms-teller	1	720335	99.5108
sms-zoen	1	720336	99.511
sms.ik	1	720337	99.5111
smskn	1	720338	99.5112
smsplan	1	720339	99.5114
smsverkeer	1	720340	99.5115
smug	1	720341	99.5117
smulleke	1	720342	99.5118
smurfen	1	720343	99.5119
smurfenhouse	1	720344	99.5121
smzen	1	720345	99.5122
smäkelijk	1	720346	99.5123
småkelyk	1	720347	99.5125
sn	1	720348	99.5126
snackbar	1	720349	99.5128
snackietime	1	720350	99.5129
snackjes	1	720351	99.513
snap	1	720352	99.5132
sneak	1	720353	99.5133
sneaken	1	720354	99.5135
sneaky	1	720355	99.5136
sneeuwbal	1	720356	99.5137
sneeuwbui	1	720357	99.5139
sneeuwhappert	1	720358	99.514
sneeuwhoogte.nl	1	720359	99.5141
sneeuwig	1	720360	99.5143
sneeuwscooter	1	720361	99.5144
snelbus	1	720362	99.5146
snelcurcus	1	720363	99.5147
snelcursus	1	720364	99.5148
sneldam	1	720365	99.515
sneldienstbus	1	720366	99.5151
snellen	1	720367	99.5152
snellerden	1	720368	99.5154
snels	1	720369	99.5155
sneppe	1	720370	99.5157
snickersijs	1	720371	99.5158
sniffen	1	720372	99.5159
snipelepipke	1	720373	99.5161
snoeihard	1	720374	99.5162
snoek	1	720375	99.5164
snoepie	1	720376	99.5165
snoepverkoop	1	720377	99.5166
snoodaard	1	720378	99.5168
snookerclub	1	720379	99.5169
snookeren	1	720380	99.517
snooze	1	720381	99.5172
snor-tas	1	720382	99.5173
snorkelen	1	720383	99.5175
snorreken	1	720384	99.5176
snorrie	1	720385	99.5177
snotneus	1	720386	99.5179
snottebel	1	720387	99.518
snotter	1	720388	99.5181
snotterig	1	720389	99.5183
snow	1	720390	99.5184
snugger	1	720391	99.5186
snuifzout	1	720392	99.5187
snuister	1	720393	99.5188
snuisteren	1	720394	99.519
snuiven	1	720395	99.5191
snurk	1	720396	99.5193
snurker	1	720397	99.5194
so'n	1	720398	99.5195
so-so	1	720399	99.5197
soa	1	720400	99.5198
soc.	1	720401	99.5199
sochtends	1	720402	99.5201
socialis	1	720403	99.5202
socializing	1	720404	99.5204
socks	1	720405	99.5205
sodexonummer	1	720406	99.5206
soepbakje	1	720407	99.5208
soepelheid	1	720408	99.5209
soesafoon	1	720409	99.5211
soete	1	720410	99.5212
softbal	1	720411	99.5213
softbaltastisch	1	720412	99.5215
softbalveld	1	720413	99.5216
softbox	1	720414	99.5217
softie	1	720415	99.5219
software-aanpassing	1	720416	99.522
sog-activitei	1	720417	99.5222
soirée	1	720418	99.5223
soit	1	720419	99.5224
soldenaanwinst	1	720420	99.5226
soldlen	1	720421	99.5227
soleil	1	720422	99.5228
solex-tocht	1	720423	99.523
solid	1	720424	99.5231
solidair	1	720425	99.5233
solist	1	720426	99.5234
sollicatie	1	720427	99.5235
sollicitant	1	720428	99.5237
sollicitatieding	1	720429	99.5238
sollicitatieformulier	1	720430	99.524
solsleutel	1	720431	99.5241
solveld	1	720432	99.5242
sombrero	1	720433	99.5244
somehow	1	720434	99.5245
someplace	1	720435	99.5246
sommes	1	720436	99.5248
songwriter	1	720437	99.5249
sonsbeek	1	720438	99.5251
soo	1	720439	99.5252
soonish	1	720440	99.5253
sooooo	1	720441	99.5255
soortgelijk	1	720442	99.5256
sophisticated	1	720443	99.5257
sorce	1	720444	99.5259
sorey	1	720445	99.526
sorrat	1	720446	99.5262
sorray	1	720447	99.5263
sorriekus	1	720448	99.5264
sorrv	1	720449	99.5266
sorryyy	1	720450	99.5267
sorteren	1	720451	99.5269
sortof	1	720452	99.527
sos	1	720453	99.5271
sossen	1	720454	99.5273
souhaite	1	720455	99.5274
soulfly	1	720456	99.5275
soundcheckr	1	720457	99.5277
soundtrack	1	720458	99.5278
soup	1	720459	99.528
source	1	720460	99.5281
sousafoon	1	720461	99.5282
souschef	1	720462	99.5284
sowry	1	720463	99.5285
spaak	1	720464	99.5286
spaarbank	1	720465	99.5288
spaarbekken	1	720466	99.5289
spaarboekje	1	720467	99.5291
spaarkas	1	720468	99.5292
spaarpot	1	720469	99.5293
spaarzaam	1	720470	99.5295
spacecake	1	720471	99.5296
spakes	1	720472	99.5298
spam-macaroni	1	720473	99.5299
spammen	1	720474	99.53
spammer	1	720475	99.5302
spammerdespam	1	720476	99.5303
spamt	1	720477	99.5304
spangas	1	720478	99.5306
spanish	1	720479	99.5307
spanjaarden	1	720480	99.5309
spareribs	1	720481	99.531
sparrow	1	720482	99.5311
spatader	1	720483	99.5313
spe	1	720484	99.5314
speak	1	720485	99.5315
speakers	1	720486	99.5317
spear	1	720487	99.5318
speciaalbieravond	1	720488	99.532
specialisatie	1	720489	99.5321
specialiteit	1	720490	99.5322
specificatie	1	720491	99.5324
specifieren	1	720492	99.5325
specs	1	720493	99.5327
speculoos	1	720494	99.5328
speedgebruiker	1	720495	99.5329
speekselspeeksel	1	720496	99.5331
speel-o-theek	1	720497	99.5332
speelbos	1	720498	99.5333
speelervaring	1	720499	99.5335
speelfilm	1	720500	99.5336
speelgoedwinkel	1	720501	99.5338
speelkameraad	1	720502	99.5339
speen	1	720503	99.534
speer	1	720504	99.5342
spefifiek	1	720505	99.5343
spekglad	1	720506	99.5345
spekkeboer	1	720507	99.5346
speldenmeebrengen	1	720508	99.5347
spele	1	720509	99.5349
spelet	1	720510	99.535
spelkeuze	1	720511	99.5351
spelkledij	1	720512	99.5353
spellenavond	1	720513	99.5354
spellenclub	1	720514	99.5356
spellingshorror	1	720515	99.5357
speln	1	720516	99.5358
spelvorm	1	720517	99.536
spenderen	1	720518	99.5361
spends	1	720519	99.5362
spermalie	1	720520	99.5364
sperzieboon	1	720521	99.5365
spettie	1	720522	99.5367
speulen	1	720523	99.5368
spider	1	720524	99.5369
spiegelincident	1	720525	99.5371
spiegelreflex	1	720526	99.5372
spieghel	1	720527	99.5374
spierings	1	720528	99.5375
spiermoeheid	1	720529	99.5376
spierpijngel	1	720530	99.5378
spijkerbroek	1	720531	99.5379
spikkel	1	720532	99.538
spiksplinternieuw	1	720533	99.5382
spil	1	720534	99.5383
spinazi	1	720535	99.5385
spinneke	1	720536	99.5386
spinnewyn	1	720537	99.5387
spion	1	720538	99.5389
spirt	1	720539	99.539
spit	1	720540	99.5391
spitburger	1	720541	99.5393
spitsbergen	1	720542	99.5394
spjannen	1	720543	99.5396
splinter	1	720544	99.5397
splinternieuw	1	720545	99.5398
splitsen	1	720546	99.54
splitsing	1	720547	99.5401
splitten	1	720548	99.5403
spoedafdeling	1	720549	99.5404
spoedcursus	1	720550	99.5405
spoedeisend	1	720551	99.5407
spoedvergadering	1	720552	99.5408
spoke	1	720553	99.5409
spoken	1	720554	99.5411
spongebob	1	720555	99.5412
spons	1	720556	99.5414
spook	1	720557	99.5415
spooks	1	720558	99.5416
spoon	1	720559	99.5418
spoorbrug	1	720560	99.5419
spoorkuil	1	720561	99.542
spoormans	1	720562	99.5422
spoorweg	1	720563	99.5423
sporen	1	720564	99.5425
sportband	1	720565	99.5426
sportgerief	1	720566	99.5427
sporthal	1	720567	99.5429
sportkaartvrije	1	720568	99.543
sportkleding	1	720569	99.5432
sportmarkt	1	720570	99.5433
sportpak	1	720571	99.5434
sportpaleis	1	720572	99.5436
sportplan	1	720573	99.5437
sportspul	1	720574	99.5438
sportuitslagen	1	720575	99.544
sportvrouw	1	720576	99.5441
sportweekend	1	720577	99.5443
sportzak	1	720578	99.5444
sppntaan	1	720579	99.5445
spr	1	720580	99.5447
spraakbesturing	1	720581	99.5448
spraakpathologie	1	720582	99.5449
sprankelend	1	720583	99.5451
spray	1	720584	99.5452
spreaks	1	720585	99.5454
sprechen	1	720586	99.5455
spreekbeurt	1	720587	99.5456
spreektempo	1	720588	99.5458
spreekuur	1	720589	99.5459
sprekrn	1	720590	99.5461
spriet	1	720591	99.5462
spring.in	1	720592	99.5463
springbreakparty.nl	1	720593	99.5465
springkasteel	1	720594	99.5466
springlevend	1	720595	99.5467
springn	1	720596	99.5469
springuur	1	720597	99.547
sprinkasteel	1	720598	99.5472
sprint	1	720599	99.5473
sprinten	1	720600	99.5474
sprinter	1	720601	99.5476
sproeien	1	720602	99.5477
sprong	1	720603	99.5479
sprookje	1	720604	99.548
spss	1	720605	99.5481
spteek	1	720606	99.5483
spu	1	720607	99.5484
spuitje	1	720608	99.5485
spuitkaas	1	720609	99.5487
spulln	1	720610	99.5488
spurt	1	720611	99.549
spuughetti	1	720612	99.5491
spuugn	1	720613	99.5492
spuugslecht	1	720614	99.5494
spy	1	720615	99.5495
spytig	1	720616	99.5496
spätig	1	720617	99.5498
spé	1	720618	99.5499
square	1	720619	99.5501
squashing	1	720620	99.5502
squashracket	1	720621	99.5503
squashweddenschap	1	720622	99.5505
squatters	1	720623	99.5506
squeeze	1	720624	99.5508
srr	1	720625	99.5509
sruurden	1	720626	99.551
ssc	1	720627	99.5512
sshn	1	720628	99.5513
ssssssht	1	720629	99.5514
ssst	1	720630	99.5516
ssstt	1	720631	99.5517
sta-pel-en	1	720632	99.5519
staa	1	720633	99.552
staafmixer	1	720634	99.5521
staandegehouden	1	720635	99.5523
staargedrag	1	720636	99.5524
staartjes-safe	1	720637	99.5525
staatslot	1	720638	99.5527
staatsloterij	1	720639	99.5528
staden	1	720640	99.553
stadhuis	1	720641	99.5531
stadhuisstraat	1	720642	99.5532
stadsbrink	1	720643	99.5534
stadsbus	1	720644	99.5535
stadswerker	1	720645	99.5537
staf	1	720646	99.5538
stag	1	720647	99.5539
stageairs	1	720648	99.5541
stagebegeleider	1	720649	99.5542
stagegedrag	1	720650	99.5543
stagegids	1	720651	99.5545
stagenieuws	1	720652	99.5546
stagepresentatie	1	720653	99.5548
stageverdediging	1	720654	99.5549
stagevoorstelling	1	720655	99.555
staion	1	720656	99.5552
stairs	1	720657	99.5553
stakerspiket	1	720658	99.5554
staks	1	720659	99.5556
stalked	1	720660	99.5557
stalking	1	720661	99.5559
stalling	1	720662	99.556
stalpoot	1	720663	99.5561
stamcafe	1	720664	99.5563
stamlid	1	720665	99.5564
standaardmaat	1	720666	99.5566
standaardwaarde	1	720667	99.5567
stapkleed	1	720668	99.5568
stapleton	1	720669	99.557
stapma	1	720670	99.5571
stappe	1	720671	99.5572
star	1	720672	99.5574
stardag	1	720673	99.5575
starmovies	1	720674	99.5577
start-schotte	1	720675	99.5578
startblok	1	720676	99.5579
startlijst	1	720677	99.5581
startschot	1	720678	99.5582
stat	1	720679	99.5583
statafel	1	720680	99.5585
state	1	720681	99.5586
stated	1	720682	99.5588
statement	1	720683	99.5589
statenlaan	1	720684	99.559
states	1	720685	99.5592
statiegeldmeuk	1	720686	99.5593
stationeren	1	720687	99.5595
stationsplein	1	720688	99.5596
stationsrest	1	720689	99.5597
stationsweg	1	720690	99.5599
statistical	1	720691	99.56
statistics	1	720692	99.5601
statistiekboek	1	720693	99.5603
statistiekcursus	1	720694	99.5604
statistisch	1	720695	99.5606
statue	1	720696	99.5607
status.mobilevikings.be	1	720697	99.5608
stayed	1	720698	99.561
stayin	1	720699	99.5611
steal	1	720700	99.5613
steam	1	720701	99.5614
steamer	1	720702	99.5615
stedenbouw	1	720703	99.5617
stedentocht	1	720704	99.5618
stedentrip	1	720705	99.5619
steeksleutel	1	720706	99.5621
steenbok	1	720707	99.5622
steendood	1	720708	99.5624
steengril	1	720709	99.5625
steengrillen	1	720710	99.5626
steenkoud	1	720711	99.5628
steenstrate	1	720712	99.5629
steffanie	1	720713	99.563
steffen	1	720714	99.5632
stefke	1	720715	99.5633
steigerbouwer	1	720716	99.5635
steigerhout	1	720717	99.5636
steinar	1	720718	99.5637
stejaars	1	720719	99.5639
stekeblind	1	720720	99.564
stekelenburg	1	720721	99.5642
stelebos	1	720722	99.5643
stella	1	720723	99.5644
stelletjesmonster	1	720724	99.5646
stembediening	1	720725	99.5647
stemrecht	1	720726	99.5648
stemronde	1	720727	99.565
stencil	1	720728	99.5651
stephan	1	720729	99.5653
stepmum	1	720730	99.5654
steppen	1	720731	99.5655
sterfdag	1	720732	99.5657
sterilisatie	1	720733	99.5658
steriliseren	1	720734	99.5659
sterkt	1	720735	99.5661
sterreke	1	720736	99.5662
sterrenbeeld	1	720737	99.5664
sterspeler	1	720738	99.5665
stervens	1	720739	99.5666
steunwiel	1	720740	99.5668
steward	1	720741	99.5669
sticks	1	720742	99.5671
stiefbroer	1	720743	99.5672
stiefpa	1	720744	99.5673
stiffy	1	720745	99.5675
stiil	1	720746	99.5676
stij	1	720747	99.5677
stijging	1	720748	99.5679
stijladvies	1	720749	99.568
stik	1	720750	99.5682
stikgezellig	1	720751	99.5683
stikjaloers	1	720752	99.5684
stikkapot	1	720753	99.5686
stilaan	1	720754	99.5687
stiletto	1	720755	99.5688
stilstand	1	720756	99.569
stilvallen	1	720757	99.5691
stimpy	1	720758	99.5693
sting	1	720759	99.5694
stinker	1	720760	99.5695
stnr	1	720761	99.5697
stock	1	720762	99.5698
stockverkoop	1	720763	99.57
stoefen	1	720764	99.5701
stoeln	1	720765	99.5702
stoeme	1	720766	99.5704
stoemerik	1	720767	99.5705
stoepa	1	720768	99.5706
stoepklinker	1	720769	99.5708
stoepranden	1	720770	99.5709
stoeremannenclub	1	720771	99.5711
stoerheid	1	720772	99.5712
stoffel	1	720773	99.5713
stoffig	1	720774	99.5715
stoflong	1	720775	99.5716
stofzuigeren	1	720776	99.5717
stofzuigerzak	1	720777	99.5719
stoken	1	720778	99.572
stolberglaan	1	720779	99.5722
stomachache	1	720780	99.5723
stomdronken	1	720781	99.5724
stomst	1	720782	99.5726
stoned	1	720783	99.5727
stonede	1	720784	99.5729
stones	1	720785	99.573
stoofpeertjes	1	720786	99.5731
stoofpotje	1	720787	99.5733
stoomboot	1	720788	99.5734
stopbus	1	720789	99.5735
stopproces	1	720790	99.5737
store	1	720791	99.5738
stories	1	720792	99.574
stort	1	720793	99.5741
stortbui	1	720794	99.5742
stortkoker	1	720795	99.5744
storyboard	1	720796	99.5745
stoten	1	720797	99.5747
stouterd	1	720798	99.5748
str	1	720799	99.5749
straal	1	720800	99.5751
straatjager	1	720801	99.5752
strack	1	720802	99.5753
straffen	1	720803	99.5755
straight	1	720804	99.5756
straits	1	720805	99.5758
strakblauw	1	720806	99.5759
strakkie	1	720807	99.576
straks^^	1	720808	99.5762
straksnog	1	720809	99.5763
strand.no	1	720810	99.5764
strandsletsen	1	720811	99.5766
strasse	1	720812	99.5767
strategy	1	720813	99.5769
stratum	1	720814	99.577
streamen	1	720815	99.5771
strebertjes-h	1	720816	99.5773
stredentrip	1	720817	99.5774
streeds	1	720818	99.5776
streeess	1	720819	99.5777
streek	1	720820	99.5778
streekbier	1	720821	99.578
streepjes-ovehemd	1	720822	99.5781
streepjescode	1	720823	99.5782
street's	1	720824	99.5784
streng	1	720825	99.5785
strengheidsquotum	1	720826	99.5787
strepen	1	720827	99.5788
strervens	1	720828	99.5789
stressing	1	720829	99.5791
stresskip	1	720830	99.5792
stressssssss	1	720831	99.5793
stressvol	1	720832	99.5795
stressy	1	720833	99.5796
stretcher	1	720834	99.5798
stretchoefening	1	720835	99.5799
streven	1	720836	99.58
strever	1	720837	99.5802
strijdvaardig	1	720838	99.5803
strik	1	720839	99.5805
strikes	1	720840	99.5806
strippenkaart	1	720841	99.5807
stripwinkel	1	720842	99.5809
stroef	1	720843	99.581
stromae	1	720844	99.5811
stromen	1	720845	99.5813
strondfout	1	720846	99.5814
strondploeg	1	720847	99.5816
stront	1	720848	99.5817
strontbeu	1	720849	99.5818
strontzat	1	720850	99.582
strooiwagen	1	720851	99.5821
stroop	1	720852	99.5822
stroopwafel	1	720853	99.5824
structurelers	1	720854	99.5825
struikelblok	1	720855	99.5827
strykyzer	1	720856	99.5828
sttaks	1	720857	99.5829
studeerdag	1	720858	99.5831
studeerflow	1	720859	99.5832
studeerkamer	1	720860	99.5834
studeerweer	1	720861	99.5835
studente	1	720862	99.5836
studenten-ov	1	720863	99.5838
studentenabbo	1	720864	99.5839
studentenbalie	1	720865	99.584
studentenhockeyclub	1	720866	99.5842
studentenpauper	1	720867	99.5843
studentie	1	720868	99.5845
studentikoos	1	720869	99.5846
studentnummer	1	720870	99.5847
students	1	720871	99.5849
studeon	1	720872	99.585
studieadv	1	720873	99.5851
studieavond	1	720874	99.5853
studiebol	1	720875	99.5854
studiedag	1	720876	99.5856
studiepik	1	720877	99.5857
studiepunt	1	720878	99.5858
studieren	1	720879	99.586
studierichting	1	720880	99.5861
studieruimte	1	720881	99.5863
studietalen	1	720882	99.5864
studietip	1	720883	99.5865
studievoorziening	1	720884	99.5867
studievriendin	1	720885	99.5868
studieweekend	1	720886	99.5869
studiewerk	1	720887	99.5871
studiewijzer	1	720888	99.5872
studiën	1	720889	99.5874
studystore	1	720890	99.5875
stufi	1	720891	99.5876
stui	1	720892	99.5878
stuiken	1	720893	99.5879
stuitje	1	720894	99.5881
stukging	1	720895	99.5882
stukl	1	720896	99.5883
stulp	1	720897	99.5885
stunt	1	720898	99.5886
stuntman	1	720899	99.5887
sture	1	720900	99.5889
stut-materiaal	1	720901	99.589
stuwsluis	1	720902	99.5892
styf	1	720903	99.5893
stylesheet	1	720904	99.5894
styn	1	720905	99.5896
subgr	1	720906	99.5897
subsidie	1	720907	99.5898
substantie	1	720908	99.59
substantieel	1	720909	99.5901
subtely	1	720910	99.5903
subwoofer	1	720911	99.5904
succes-liefs-kus	1	720912	99.5905
succesopjestagedagkus	1	720913	99.5907
succeswensing	1	720914	99.5908
sucken	1	720915	99.591
sud	1	720916	99.5911
sud'n	1	720917	99.5912
sudderen	1	720918	99.5914
suderen	1	720919	99.5915
sue	1	720920	99.5916
suerte	1	720921	99.5918
suffer	1	720922	99.5919
sufferd	1	720923	99.5921
suffering	1	720924	99.5922
sugarboy	1	720925	99.5923
sugarlip	1	720926	99.5925
sugarlips	1	720927	99.5926
sugars	1	720928	99.5927
suggereren	1	720929	99.5929
suggesties	1	720930	99.593
suggesting	1	720931	99.5932
suggsts	1	720932	99.5933
suicide	1	720933	99.5934
suikerbeest	1	720934	99.5936
suikerbeestdingen	1	720935	99.5937
suikerbeestje	1	720936	99.5939
suikerbeestmaakspul	1	720937	99.594
suikerboon	1	720938	99.5941
suikerspin	1	720939	99.5943
suikerspul	1	720940	99.5944
suit	1	720941	99.5945
sukkelen	1	720942	99.5947
summaries	1	720943	99.5948
summary	1	720944	99.595
sunset	1	720945	99.5951
supa	1	720946	99.5952
supadupah	1	720947	99.5954
superbelangrijk	1	720948	99.5955
superbly	1	720949	99.5956
supercup	1	720950	99.5958
superdicht	1	720951	99.5959
superduper	1	720952	99.5961
superdure	1	720953	99.5962
superduur	1	720954	99.5963
supereng	1	720955	99.5965
superfiesta	1	720956	99.5966
superflink	1	720957	99.5968
supergaaf	1	720958	99.5969
supergaafvetretekoel	1	720959	99.597
supergeweldigleuk	1	720960	99.5972
supergoeie	1	720961	99.5973
supergraag	1	720962	99.5974
superhaarbal	1	720963	99.5976
superheet	1	720964	99.5977
superirritant	1	720965	99.5979
superjammer	1	720966	99.598
superkerel	1	720967	99.5981
superkus	1	720968	99.5983
superlang	1	720969	99.5984
superlange	1	720970	99.5986
superlekker	1	720971	99.5987
supermama	1	720972	99.5988
supermarket	1	720973	99.599
supermatch	1	720974	99.5991
supermoeilijk	1	720975	99.5992
supernetje	1	720976	99.5994
supernice	1	720977	99.5995
supernieuws	1	720978	99.5997
superplezant	1	720979	99.5998
superrelaxed	1	720980	99.5999
superrrr	1	720981	99.6001
superrustig	1	720982	99.6002
supersjiek	1	720983	99.6003
superslechten	1	720984	99.6005
supersnelrecht	1	720985	99.6006
supersupergoe	1	720986	99.6008
supertam	1	720987	99.6009
supertoll	1	720988	99.601
supervast	1	720989	99.6012
supervet	1	720990	99.6013
supervisie	1	720991	99.6015
supervlotte	1	720992	99.6016
supervoeder	1	720993	99.6017
supervroeg	1	720994	99.6019
superweek	1	720995	99.602
superweer	1	720996	99.6021
superwelkom	1	720997	99.6023
superzat	1	720998	99.6024
superzwaar	1	720999	99.6026
supet	1	721000	99.6027
suplize	1	721001	99.6028
supplier	1	721002	99.603
supplies	1	721003	99.6031
suppliiiiise	1	721004	99.6032
supporten	1	721005	99.6034
supporteren	1	721006	99.6035
supportersfeest	1	721007	99.6037
suppose	1	721008	99.6038
supposed	1	721009	99.6039
supriseparty	1	721010	99.6041
sur	1	721011	99.6042
surfdudes	1	721012	99.6044
surfnet	1	721013	99.6045
surfweer	1	721014	99.6046
surinaamse	1	721015	99.6048
surpriseparty	1	721016	99.6049
surrealistisch	1	721017	99.605
surrogaatzus	1	721018	99.6052
surround	1	721019	99.6053
surveillant	1	721020	99.6055
survey	1	721021	99.6056
survived	1	721022	99.6057
surya	1	721023	99.6059
susan	1	721024	99.606
sustainability	1	721025	99.6061
sustainabla	1	721026	99.6063
sustainable	1	721027	99.6064
suu	1	721028	99.6066
suuper	1	721029	99.6067
suuuper	1	721030	99.6068
suuuperchill	1	721031	99.607
suuuperveel	1	721032	99.6071
suuuperverliefd	1	721033	99.6073
suuuuper	1	721034	99.6074
suuuupervet	1	721035	99.6075
suuuuuuuperveel	1	721036	99.6077
suzuki	1	721037	99.6078
suïcidaal	1	721038	99.6079
svn	1	721039	99.6081
svp	1	721040	99.6082
sw	1	721041	99.6084
swaffel	1	721042	99.6085
swalmen	1	721043	99.6086
swampy	1	721044	99.6088
swan	1	721045	99.6089
swanjeerd	1	721046	99.609
swatch-horloge	1	721047	99.6092
sweaty	1	721048	99.6093
swedish	1	721049	99.6095
sweetiepie	1	721050	99.6096
swell	1	721051	99.6097
swingen	1	721052	99.6099
swingend	1	721053	99.61
swirl	1	721054	99.6102
swoon	1	721055	99.6103
syberisch	1	721056	99.6104
sybille	1	721057	99.6106
sygic	1	721058	99.6107
sylvia	1	721059	99.6108
sylvie	1	721060	99.611
symboliseren	1	721061	99.6111
symbool	1	721062	99.6113
sympath	1	721063	99.6114
sympathiseren	1	721064	99.6115
symposium	1	721065	99.6117
symposiumcommissie	1	721066	99.6118
symptoom	1	721067	99.612
sync	1	721068	99.6121
syndicus	1	721069	99.6122
synthetisch	1	721070	99.6124
sytycd-ze	1	721071	99.6125
sytyct	1	721072	99.6126
szoot	1	721073	99.6128
súperchill	1	721074	99.6129
t.Ik	1	721075	99.6131
t.e.m.	1	721076	99.6132
t.n.v.	1	721077	99.6133
t.o.	1	721078	99.6135
ta	1	721079	99.6136
taaaaaaart	1	721080	99.6137
taakbalk	1	721081	99.6139
taalgrens	1	721082	99.614
taalhoek	1	721083	99.6142
taalissue	1	721084	99.6143
taalportaal	1	721085	99.6144
taalpraktijk	1	721086	99.6146
taalstage	1	721087	99.6147
taalstructuur	1	721088	99.6149
taalwetenshapper	1	721089	99.615
taartfan	1	721090	99.6151
taartlunch	1	721091	99.6153
tabl	1	721092	99.6154
tacho	1	721093	99.6155
taco	1	721094	99.6157
tactics	1	721095	99.6158
tactisch	1	721096	99.616
tad	1	721097	99.6161
tadaaa	1	721098	99.6162
taede	1	721099	99.6164
tafeldroog	1	721100	99.6165
tafelheer	1	721101	99.6166
tafelkleed	1	721102	99.6168
tafeltennissen	1	721103	99.6169
tafeltennistafel	1	721104	99.6171
tafelvoetbal	1	721105	99.6172
tafelvoetballen	1	721106	99.6173
taffyjaffy	1	721107	99.6175
tagliatell	1	721108	99.6176
tai-aanvraag	1	721109	99.6178
takelen	1	721110	99.6179
takes	1	721111	99.618
takken	1	721112	99.6182
taktiek	1	721113	99.6183
talmen	1	721114	99.6184
taloor	1	721115	99.6186
tam	1	721116	99.6187
tamas	1	721117	99.6189
tamusemen	1	721118	99.619
tamzak	1	721119	99.6191
tandartsafspraak	1	721120	99.6193
tandartsbehandeling	1	721121	99.6194
tandem	1	721122	99.6195
tandsoldaat	1	721123	99.6197
tane	1	721124	99.6198
tanja	1	721125	99.62
tanktas	1	721126	99.6201
tannhauserdreef	1	721127	99.6202
tantôt	1	721128	99.6204
tapasachtig	1	721129	99.6205
tapasreceptie	1	721130	99.6207
tapasrestaurant	1	721131	99.6208
tape	1	721132	99.6209
tapen	1	721133	99.6211
taperest	1	721134	99.6212
tapijtwinkel	1	721135	99.6213
tapken	1	721136	99.6215
tapoban	1	721137	99.6216
tapvaatje	1	721138	99.6218
tapvat	1	721139	99.6219
tara	1	721140	99.622
tard	1	721141	99.6222
target	1	721142	99.6223
tarrif	1	721143	99.6224
tartaar	1	721144	99.6226
tarwe	1	721145	99.6227
tarzan	1	721146	99.6229
taskkiller	1	721147	99.623
tassen	1	721148	99.6231
tassie	1	721149	99.6233
tasty	1	721150	99.6234
tatoo	1	721151	99.6236
tats	1	721152	99.6237
tattoo-plan	1	721153	99.6238
taugé	1	721154	99.624
tav	1	721155	99.6241
tavernier	1	721156	99.6242
tax-free	1	721157	99.6244
taxirit	1	721158	99.6245
taxis	1	721159	99.6247
tb-sfeer	1	721160	99.6248
tbier	1	721161	99.6249
tblijven	1	721162	99.6251
tbv	1	721163	99.6252
tcentrum	1	721164	99.6254
tdm	1	721165	99.6255
te-luisteren-lijst	1	721166	99.6256
teabag	1	721167	99.6258
teacher's	1	721168	99.6259
teamdrink	1	721169	99.626
teamer	1	721170	99.6262
teamie	1	721171	99.6263
teammanager	1	721172	99.6265
teamnaam	1	721173	99.6266
teamshirt	1	721174	99.6267
teamspeakserver	1	721175	99.6269
teamuitje	1	721176	99.627
tears	1	721177	99.6271
teas	1	721178	99.6273
techmisch	1	721179	99.6274
technicie	1	721180	99.6276
techniekteam	1	721181	99.6277
techno	1	721182	99.6278
technogabberpunk	1	721183	99.628
technology	1	721184	99.6281
technoot	1	721185	99.6283
teddybeer	1	721186	99.6284
teef	1	721187	99.6285
teelkien	1	721188	99.6287
teelkiens	1	721189	99.6288
teerling	1	721190	99.6289
tegelijkertijd	1	721191	99.6291
tegemoed	1	721192	99.6292
tegenactie	1	721193	99.6294
tegendraads	1	721194	99.6295
tegengas	1	721195	99.6296
tegengoal	1	721196	99.6298
tegengoeste	1	721197	99.6299
tegenin	1	721198	99.63
tegenkunnen	1	721199	99.6302
tegenop	1	721200	99.6303
tegenoverstellen	1	721201	99.6305
tegenspeler	1	721202	99.6306
tegenstander	1	721203	99.6307
tegenvaller	1	721204	99.6309
tegenwerken	1	721205	99.631
tegenzit	1	721206	99.6312
tegoedbon	1	721207	99.6313
tegoedkaart	1	721208	99.6314
tehalen	1	721209	99.6316
tehen	1	721210	99.6317
teinde	1	721211	99.6318
teisman	1	721212	99.632
tek	1	721213	99.6321
tekeer	1	721214	99.6323
tekenblok	1	721215	99.6324
tekenfilm	1	721216	99.6325
tekik	1	721217	99.6327
tekstvaardigheid	1	721218	99.6328
tel.nr	1	721219	99.6329
tele	1	721220	99.6331
telecoil	1	721221	99.6332
teleconference	1	721222	99.6334
telefoonkabel	1	721223	99.6335
telefoonverbinding	1	721224	99.6336
telegramstijl	1	721225	99.6338
teletop	1	721226	99.6339
teleurstelling	1	721227	99.6341
teleurstelln	1	721228	99.6342
televisiedebuut	1	721229	99.6343
teller	1	721230	99.6345
tellie	1	721231	99.6346
telling	1	721232	99.6347
tells	1	721233	99.6349
telly	1	721234	99.635
temmen	1	721235	99.6352
temperen	1	721236	99.6353
tempokaart	1	721237	99.6354
temporary	1	721238	99.6356
temps	1	721239	99.6357
temptation	1	721240	99.6358
tempted	1	721241	99.636
temse	1	721242	99.6361
tendes	1	721243	99.6363
tenenkrommen	1	721244	99.6364
tenet	1	721245	99.6365
tengel	1	721246	99.6367
tenigste	1	721247	99.6368
tennisafspraak	1	721248	99.637
tennisbaan	1	721249	99.6371
tennisclub	1	721250	99.6372
tennisles	1	721251	99.6374
tennisvereniging	1	721252	99.6375
tenonder	1	721253	99.6376
tentamencijfer	1	721254	99.6378
tentamendrukte	1	721255	99.6379
tentamenkoning	1	721256	99.6381
tentamenperiode	1	721257	99.6382
tentamenpunt	1	721258	99.6383
tentamenstof	1	721259	99.6385
tentamenstress	1	721260	99.6386
tentamentijd	1	721261	99.6388
tentamenupdate	1	721262	99.6389
tentamenzaal	1	721263	99.639
tentenloting	1	721264	99.6392
tentenplan	1	721265	99.6393
tentfoto	1	721266	99.6394
tenth	1	721267	99.6396
tentoon	1	721268	99.6397
tentoonspreiden	1	721269	99.6399
tentoonstelping	1	721270	99.64
tentruimte	1	721271	99.6401
tentstok	1	721272	99.6403
tepa	1	721273	99.6404
tepinjakkiman	1	721274	99.6405
terdag	1	721275	99.6407
terhagen	1	721276	99.6408
teringbende	1	721277	99.641
terloops	1	721278	99.6411
terminal	1	721279	99.6412
terminator	1	721280	99.6414
terminologie-extract	1	721281	99.6415
ternauwernood	1	721282	99.6417
terneuzen	1	721283	99.6418
terrace	1	721284	99.6419
terras-tv	1	721285	99.6421
terrasbijdrage	1	721286	99.6422
terrasdag	1	721287	99.6423
terrasdienst	1	721288	99.6425
terrashangen	1	721289	99.6426
terrible	1	721290	99.6428
territorium	1	721291	99.6429
terror	1	721292	99.643
terrorkat	1	721293	99.6432
terschelling	1	721294	99.6433
terschellingweer	1	721295	99.6434
tert	1	721296	99.6436
terten	1	721297	99.6437
terugbreng	1	721298	99.6439
terugbrengn	1	721299	99.644
terugfietsen	1	721300	99.6441
teruggekust	1	721301	99.6443
teruggepakt	1	721302	99.6444
teruggereden	1	721303	99.6446
teruggesmst	1	721304	99.6447
terughebben	1	721305	99.6448
terughoren	1	721306	99.645
terugknijpen	1	721307	99.6451
terugkomst	1	721308	99.6452
teruglezen	1	721309	99.6454
terugliggen	1	721310	99.6455
terugrijden	1	721311	99.6457
terugspoelen	1	721312	99.6458
terugval	1	721313	99.6459
terugvallen	1	721314	99.6461
terugvragen	1	721315	99.6462
terugwerken	1	721316	99.6463
terugzoenen	1	721317	99.6465
terusten	1	721318	99.6466
tervuursestraat	1	721319	99.6468
terwille	1	721320	99.6469
test-aankoop	1	721321	99.647
testboard	1	721322	99.6472
testbriefje	1	721323	99.6473
teste	1	721324	99.6475
tester	1	721325	99.6476
testosteron	1	721326	99.6477
testrijden	1	721327	99.6479
testrun	1	721328	99.648
testwebsite	1	721329	99.6481
teten	1	721330	99.6483
tetteren	1	721331	99.6484
tetteversleten	1	721332	99.6486
tevenkomen	1	721333	99.6487
tevredenheid	1	721334	99.6488
tex	1	721335	99.649
texteditor	1	721336	99.6491
tgalabal	1	721337	99.6492
tgen	1	721338	99.6494
tggekomen	1	721339	99.6495
tguis	1	721340	99.6497
tgy	1	721341	99.6498
thad	1	721342	99.6499
thailand	1	721343	99.6501
thalen	1	721344	99.6502
thawan	1	721345	99.6504
theaterbezoek	1	721346	99.6505
theedoek	1	721347	99.6506
theeft	1	721348	99.6508
theej	1	721349	99.6509
theeleut	1	721350	99.651
theelichtje	1	721351	99.6512
theemens	1	721352	99.6513
theepot	1	721353	99.6515
theeten	1	721354	99.6516
theezeefachtig	1	721355	99.6517
thehe	1	721356	99.6519
thema-avond	1	721357	99.652
themakamp	1	721358	99.6522
thematisch	1	721359	99.6523
theologie	1	721360	99.6524
theoretically	1	721361	99.6526
theoretiseren	1	721362	99.6527
theoriecertificaat	1	721363	99.6528
ther	1	721364	99.653
therapy	1	721365	99.6531
there's	1	721366	99.6533
there.in	1	721367	99.6534
theres	1	721368	99.6535
thermoskan	1	721369	99.6537
theroux	1	721370	99.6538
thesauritiaaaaaaaaaa	1	721371	99.6539
thesis-deadline	1	721372	99.6541
thesis-time	1	721373	99.6542
thesis-wise	1	721374	99.6544
thesisbegeleider	1	721375	99.6545
thesismeeting	1	721376	99.6546
thesisplanning	1	721377	99.6548
thesispromotor	1	721378	99.6549
thesisstudent	1	721379	99.6551
thesisverdedigingstijd	1	721380	99.6552
theyre	1	721381	99.6553
thialf	1	721382	99.6555
thienponden	1	721383	99.6556
thierry	1	721384	99.6557
thighs	1	721385	99.6559
thijs	1	721386	99.656
thin	1	721387	99.6562
thol	1	721388	99.6563
thoughts	1	721389	99.6564
threesome	1	721390	99.6566
thrones	1	721391	99.6567
throttle	1	721392	99.6568
throttlesignaal	1	721393	99.657
throttlesignaalprobleem	1	721394	99.6571
throttling	1	721395	99.6573
thuir	1	721396	99.6574
thuis^^	1	721397	99.6575
thuisadres	1	721398	99.6577
thuisben	1	721399	99.6578
thuisblijf	1	721400	99.658
thuisbrengen	1	721401	99.6581
thuisgeblevn	1	721402	99.6582
thuisgekomen	1	721403	99.6584
thuisgekomn	1	721404	99.6585
thuisgezet	1	721405	99.6586
thuishoren	1	721406	99.6588
thuislaten	1	721407	99.6589
thuisnr	1	721408	99.6591
thuisnummer	1	721409	99.6592
thuisplaat	1	721410	99.6593
thuisstad	1	721411	99.6595
thuissturen	1	721412	99.6596
thuisthuis	1	721413	99.6597
thunderstorm	1	721414	99.6599
thuusgezet	1	721415	99.66
thv	1	721416	99.6602
thymen	1	721417	99.6603
thzeir	1	721418	99.6604
ti's	1	721419	99.6606
tiburg	1	721420	99.6607
tich	1	721421	99.6609
tidied	1	721422	99.661
tiefusvermoeiend	1	721423	99.6611
tiem	1	721424	99.6613
tiener	1	721425	99.6614
tienermeisje	1	721426	99.6615
tierentuynmosterd	1	721427	99.6617
tiesto	1	721428	99.6618
tiewraps	1	721429	99.662
tig	1	721430	99.6621
tiger	1	721431	99.6622
tij	1	721432	99.6624
tijd-verhaal	1	721433	99.6625
tijdig	1	721434	99.6626
tijdloos	1	721435	99.6628
tijdnood	1	721436	99.6629
tijdplanning	1	721437	99.6631
tijdreisfilm	1	721438	99.6632
tijdrekker	1	721439	99.6633
tijdrijden	1	721440	99.6635
tijdsbesteding	1	721441	99.6636
tijdschema	1	721442	99.6638
tijdschriftgeld	1	721443	99.6639
tijdsplanning	1	721444	99.664
tijdsverspilling	1	721445	99.6642
tijdvoorlezen.nl	1	721446	99.6643
tijgerkloten	1	721447	99.6644
tijgermuggen	1	721448	99.6646
tijgerprint	1	721449	99.6647
tijgerslip	1	721450	99.6649
tijl	1	721451	99.665
tijlje	1	721452	99.6651
tijs	1	721453	99.6653
tikfout	1	721454	99.6654
tilburg-carnavals-sjaal	1	721455	99.6656
tilburgsche	1	721456	99.6657
time-out	1	721457	99.6658
timea	1	721458	99.666
timeline	1	721459	99.6661
timen	1	721460	99.6662
timeout	1	721461	99.6664
timespan	1	721462	99.6665
timewise	1	721463	99.6667
timmes	1	721464	99.6668
timming	1	721465	99.6669
timmmoooooooooooooooooooooooooooooooooooooooooooooooooooooooooooooooooooooooooooooooooos	1	721466	99.6671
timmooooooooooooooooooooooooooooooooooooooooooooooooooooooooooooooooooooooooooooooooooooooooooooos	1	721467	99.6672
timmooooooooooos	1	721468	99.6673
timmoooooooos	1	721469	99.6675
timmooos	1	721470	99.6676
timmyboy	1	721471	99.6678
timoooooooos	1	721472	99.6679
timos	1	721473	99.668
timur	1	721474	99.6682
tinat	1	721475	99.6683
ting	1	721476	99.6685
tings	1	721477	99.6686
tinky	1	721478	99.6687
tintelen	1	721479	99.6689
tinternet	1	721480	99.669
tinto	1	721481	99.6691
tiptop	1	721482	99.6693
tir	1	721483	99.6694
tirz	1	721484	99.6696
tisda	1	721485	99.6697
tissue	1	721486	99.6698
tit	1	721487	99.67
titanic	1	721488	99.6701
titelen	1	721489	99.6702
tix.nl	1	721490	99.6704
tjaa	1	721491	99.6705
tjakka	1	721492	99.6707
tjakkaaaaaaaa	1	721493	99.6708
tjapkew	1	721494	99.6709
tjas	1	721495	99.6711
tjerk	1	721496	99.6712
tjijn	1	721497	99.6714
tjoc	1	721498	99.6715
tjokvol	1	721499	99.6716
tjongejonge	1	721500	99.6718
tju	1	721501	99.6719
tjugo	1	721502	99.672
tk	1	721503	99.6722
tkan	1	721504	99.6723
tklinken	1	721505	99.6725
tkortst	1	721506	99.6726
tlang	1	721507	99.6727
tlaptop	1	721508	99.6729
tleek	1	721509	99.673
tlijken	1	721510	99.6731
tmaag	1	721511	99.6733
tmag	1	721512	99.6734
tmeeste	1	721513	99.6736
tmobile	1	721514	99.6737
tmoest	1	721515	99.6738
tmoet	1	721516	99.674
tmoeten	1	721517	99.6741
tmorrow	1	721518	99.6743
tmz.com	1	721519	99.6744
tng	1	721520	99.6745
tniveau	1	721521	99.6747
tnt	1	721522	99.6748
to-do	1	721523	99.6749
to.ch	1	721524	99.6751
to.the	1	721525	99.6752
toast	1	721526	99.6754
tobi	1	721527	99.6755
tocb	1	721528	99.6756
toch>	1	721529	99.6758
tochliever	1	721530	99.6759
tochp	1	721531	99.676
tochtgat	1	721532	99.6762
tochwel	1	721533	99.6763
todo	1	721534	99.6765
todolist	1	721535	99.6766
toe-toe-doe-toeoe	1	721536	99.6767
toe.of	1	721537	99.6769
toedel	1	721538	99.677
toedeloe	1	721539	99.6772
toefluisteren	1	721540	99.6773
toegangskaart	1	721541	99.6774
toegekmn	1	721542	99.6776
toegift	1	721543	99.6777
toekoer	1	721544	99.6778
toekomstplan	1	721545	99.678
toelating	1	721546	99.6781
toenaaien	1	721547	99.6783
toenet	1	721548	99.6784
toenstraks	1	721549	99.6785
toepassing	1	721550	99.6787
toepen	1	721551	99.6788
toereken	1	721552	99.679
toerist	1	721553	99.6791
toeristenbelasting	1	721554	99.6792
toeristenweer	1	721555	99.6794
toeristisch	1	721556	99.6795
toertocht	1	721557	99.6796
toespijs	1	721558	99.6798
toespraak	1	721559	99.6799
toestaan	1	721560	99.6801
toestappen	1	721561	99.6802
toestrak	1	721562	99.6803
toeteraar	1	721563	99.6805
toetje	1	721564	99.6806
toetsie	1	721565	99.6807
toetsweek	1	721566	99.6809
toev	1	721567	99.681
toevalligerwijs	1	721568	99.6812
toevertrouwen	1	721569	99.6813
toevoeging	1	721570	99.6814
tofu	1	721571	99.6816
toho	1	721572	99.6817
toiletgerief	1	721573	99.6819
toiletkus	1	721574	99.682
toiletzak	1	721575	99.6821
tokio	1	721576	99.6823
tokyo	1	721577	99.6824
tol	1	721578	99.6825
toledo	1	721579	99.6827
tolijd	1	721580	99.6828
tolv	1	721581	99.683
tomatenkas	1	721582	99.6831
tomatenoverschot	1	721583	99.6832
tomatenplant	1	721584	99.6834
tomatensaus	1	721585	99.6835
tomatensoep	1	721586	99.6836
tomatoes	1	721587	99.6838
tomme	1	721588	99.6839
tommeke	1	721589	99.6841
tomorrowland	1	721590	99.6842
tomorrows	1	721591	99.6843
tompoes	1	721592	99.6845
toneelstuk	1	721593	99.6846
toni	1	721594	99.6848
tonights	1	721595	99.6849
tonijn-perzik	1	721596	99.685
toninght	1	721597	99.6852
tonnie	1	721598	99.6853
tooghanger	1	721599	99.6854
tool	1	721600	99.6856
toooo	1	721601	99.6857
tootallie	1	721602	99.6859
top-wedstrijd	1	721603	99.686
topcopy	1	721604	99.6861
topdrukte	1	721605	99.6863
topfilm	1	721606	99.6864
topgear	1	721607	99.6865
topgears	1	721608	99.6867
topic	1	721609	99.6868
topjesweer	1	721610	99.687
topless	1	721611	99.6871
toplijst	1	721612	99.6872
toplijsten	1	721613	99.6874
topmodel	1	721614	99.6875
toppiejop	1	721615	99.6877
toppresentatie	1	721616	99.6878
toppunt	1	721617	99.6879
topscorerpositie	1	721618	99.6881
topstuk	1	721619	99.6882
topvakantie	1	721620	99.6883
torenflat	1	721621	99.6885
torhout	1	721622	99.6886
torhout-zott	1	721623	99.6888
torn	1	721624	99.6889
tornooi	1	721625	99.689
torrent	1	721626	99.6892
torrentsite	1	721627	99.6893
torrentz.com	1	721628	99.6894
torres	1	721629	99.6896
tos	1	721630	99.6897
tosti	1	721631	99.6899
tosti-tijd	1	721632	99.69
totaaaaal	1	721633	99.6901
totaalbedrag	1	721634	99.6903
totemisatie	1	721635	99.6904
toto's	1	721636	99.6906
tots	1	721637	99.6907
totstraksie	1	721638	99.6908
totzox	1	721639	99.691
touche	1	721640	99.6911
tough	1	721641	99.6912
tourist	1	721642	99.6914
touristisch	1	721643	99.6915
tourverslag	1	721644	99.6917
tovenaarsding	1	721645	99.6918
toverbal	1	721646	99.6919
toversteen	1	721647	99.6921
towards	1	721648	99.6922
tower	1	721649	99.6924
toxoplasmose	1	721650	99.6925
toy	1	721651	99.6926
toyboy	1	721652	99.6928
toyota	1	721653	99.6929
tplein	1	721654	99.693
traagie	1	721655	99.6932
traanklier	1	721656	99.6933
traanoog	1	721657	99.6935
traant	1	721658	99.6936
trabajar	1	721659	99.6937
trabajo	1	721660	99.6939
tracked	1	721661	99.694
tracken	1	721662	99.6941
tracker	1	721663	99.6943
trackingnummer	1	721664	99.6944
tracteren	1	721665	99.6946
tradeoff	1	721666	99.6947
trague	1	721667	99.6948
trainee	1	721668	99.695
traineeship	1	721669	99.6951
trainert	1	721670	99.6953
trainingsbroek	1	721671	99.6954
trainingsdag	1	721672	99.6955
trainingsjas	1	721673	99.6957
trainingsloop	1	721674	99.6958
trainingsschema	1	721675	99.6959
trainsteren	1	721676	99.6961
traiteur	1	721677	99.6962
trakteer	1	721678	99.6964
tralalalalaaa	1	721679	99.6965
tralalalalooo	1	721680	99.6966
tralalaleelee	1	721681	99.6968
tralalaouti	1	721682	99.6969
tramkaartje	1	721683	99.697
trampoline	1	721684	99.6972
tramstop	1	721685	99.6973
tramwerk	1	721686	99.6975
tranentrekker	1	721687	99.6976
transaction	1	721688	99.6977
transcriberen	1	721689	99.6979
transformeren	1	721690	99.698
transit	1	721691	99.6982
tranzit	1	721692	99.6983
traplopen	1	721693	99.6984
trappe	1	721694	99.6986
trashen	1	721695	99.6987
trauma	1	721696	99.6988
travacho	1	721697	99.699
travail	1	721698	99.6991
travel	1	721699	99.6993
travelling	1	721700	99.6994
travels	1	721701	99.6995
travis	1	721702	99.6997
travos	1	721703	99.6998
trees	1	721704	99.6999
treinabo	1	721705	99.7001
treinbestuurder	1	721706	99.7002
treinconducteur	1	721707	99.7004
treindeel	1	721708	99.7005
treindelen	1	721709	99.7006
treinen	1	721710	99.7008
treiners	1	721711	99.7009
treiningen	1	721712	99.7011
treinlijn	1	721713	99.7012
treinongeluk	1	721714	99.7013
treinprobleem	1	721715	99.7015
treinstaking	1	721716	99.7016
treinuren	1	721717	99.7017
treinverbinding	1	721718	99.7019
treinze	1	721719	99.702
trekband	1	721720	99.7022
trekkn	1	721721	99.7023
trekpleister	1	721722	99.7024
treuren	1	721723	99.7026
treuzelchauffeur	1	721724	99.7027
treuzelen	1	721725	99.7028
tri	1	721726	99.703
triangular	1	721727	99.7031
triangulatie	1	721728	99.7033
triathlon	1	721729	99.7034
triatlon	1	721730	99.7035
tribhuvandas	1	721731	99.7037
tricky	1	721732	99.7038
tricnont	1	721733	99.704
trics	1	721734	99.7041
tried	1	721735	99.7042
triggerfinger	1	721736	99.7044
trilplaat	1	721737	99.7045
trimmen	1	721738	99.7046
tripke	1	721739	99.7048
tripple	1	721740	99.7049
tripples	1	721741	99.7051
triptip	1	721742	99.7052
troelie	1	721743	99.7053
trois	1	721744	99.7055
troisieme	1	721745	99.7056
trol	1	721746	99.7058
trollenkelder	1	721747	99.7059
trolley	1	721748	99.706
trolleys	1	721749	99.7062
trommel	1	721750	99.7063
trommelen	1	721751	99.7064
troostkus	1	721752	99.7066
trop	1	721753	99.7067
trotseren	1	721754	99.7069
trottoir	1	721755	99.707
troubadoer	1	721756	99.7071
troubadour	1	721757	99.7073
trousers	1	721758	99.7074
trouvé	1	721759	99.7075
trouwerij	1	721760	99.7077
trouwes	1	721761	99.7078
trouwfoto	1	721762	99.708
truck	1	721763	99.7081
trudy	1	721764	99.7082
truffel	1	721765	99.7084
trugbelln	1	721766	99.7085
trugbrengen	1	721767	99.7087
truggeve	1	721768	99.7088
trugkomen	1	721769	99.7089
trugkomn	1	721770	99.7091
trugweg	1	721771	99.7092
trulwesten	1	721772	99.7093
truly	1	721773	99.7095
trunten	1	721774	99.7096
trup	1	721775	99.7098
trust	1	721776	99.7099
trusteee	1	721777	99.71
trustenkus	1	721778	99.7102
truth	1	721779	99.7103
trààg	1	721780	99.7104
très	1	721781	99.7106
tsal	1	721782	99.7107
tschiet	1	721783	99.7109
tschijnen	1	721784	99.711
tsenama	1	721785	99.7111
tshirts	1	721786	99.7113
tsjanne	1	721787	99.7114
tsjechen	1	721788	99.7116
tsjollen	1	721789	99.7117
tsjool	1	721790	99.7118
tslaat	1	721791	99.712
tspit	1	721792	99.7121
tsssk	1	721793	99.7122
tsta	1	721794	99.7124
tsteek	1	721795	99.7125
tsunami	1	721796	99.7127
tt's	1	721797	99.7128
ttalalalaaaa	1	721798	99.7129
tu	1	721799	99.7131
tubbergen	1	721800	99.7132
tubx	1	721801	99.7133
tudor	1	721802	99.7135
tuinbar	1	721803	99.7136
tuinbeits	1	721804	99.7138
tuinkot	1	721805	99.7139
tuinman	1	721806	99.714
tuinstoel	1	721807	99.7142
tuintafel	1	721808	99.7143
tuinzetel	1	721809	99.7145
tuk	1	721810	99.7146
tukkie	1	721811	99.7147
tulp	1	721812	99.7149
tulp-scart	1	721813	99.715
tune	1	721814	99.7151
turboken	1	721815	99.7153
turbulentie	1	721816	99.7154
turismo	1	721817	99.7156
turkoois	1	721818	99.7157
turning	1	721819	99.7158
turqoise	1	721820	99.716
tussenbier	1	721821	99.7161
tussenevaluatie	1	721822	99.7162
tussenklassement	1	721823	99.7164
tussenmuur	1	721824	99.7165
tussenpersoon	1	721825	99.7167
tussenruimte	1	721826	99.7168
tussenseizoenjas	1	721827	99.7169
tussentoets	1	721828	99.7171
tussrn	1	721829	99.7172
tutoraat	1	721830	99.7174
tuttebel	1	721831	99.7175
tutti	1	721832	99.7176
tuuluk	1	721833	99.7178
tuurlxk	1	721834	99.7179
tuut	1	721835	99.718
tuuttuut	1	721836	99.7182
tuutuut	1	721837	99.7183
tuvebo	1	721838	99.7185
tv-experiment	1	721839	99.7186
tv-gids	1	721840	99.7187
tv-kanaal	1	721841	99.7189
tv-out	1	721842	99.719
tv-presentator	1	721843	99.7192
tv-verhuur	1	721844	99.7193
tvallen	1	721845	99.7194
tverlengen	1	721846	99.7196
tviel	1	721847	99.7197
tvoelt	1	721848	99.7198
twaalfwerkenvergadering	1	721849	99.72
twaalven	1	721850	99.7201
twaifelen	1	721851	99.7203
tweedejaars	1	721852	99.7204
tweejarig	1	721853	99.7205
tweelingbroer	1	721854	99.7207
tweepersoonsappartementen	1	721855	99.7208
tweepersoonsbed	1	721856	99.7209
tweetdeck	1	721857	99.7211
tweeten	1	721858	99.7212
tweets	1	721859	99.7214
tweezitten	1	721860	99.7215
twents	1	721861	99.7216
twerkt	1	721862	99.7218
twice	1	721863	99.7219
twijfel=ook	1	721864	99.7221
twijfelgeval	1	721865	99.7222
twingo	1	721866	99.7223
twittah	1	721867	99.7225
twjs	1	721868	99.7226
two-three	1	721869	99.7227
twocooks	1	721870	99.7229
tword	1	721871	99.723
twst	1	721872	99.7232
twyfelen	1	721873	99.7233
tyden	1	721874	99.7234
tydnu	1	721875	99.7236
typ	1	721876	99.7237
typefout	1	721877	99.7238
typenr	1	721878	99.724
typo	1	721879	99.7241
typze	1	721880	99.7243
tzak	1	721881	99.7244
tzee	1	721882	99.7245
tzey	1	721883	99.7247
tzij	1	721884	99.7248
tzo	1	721885	99.725
tzox	1	721886	99.7251
tzql	1	721887	99.7252
tzyn	1	721888	99.7254
tér	1	721889	99.7255
tòch	1	721890	99.7256
tøt	1	721891	99.7258
uber-burgerlijk	1	721892	99.7259
uberdood	1	721893	99.7261
uberhaunt	1	721894	99.7262
uberheerlijk	1	721895	99.7263
ubernerd	1	721896	99.7265
uche	1	721897	99.7266
uden	1	721898	99.7267
udenhout	1	721899	99.7269
ueberhaupt	1	721900	99.727
ueberhip	1	721901	99.7272
uefa	1	721902	99.7273
uffra	1	721903	99.7274
ug	1	721904	99.7276
uhmm	1	721905	99.7277
uhuh	1	721906	99.7279
uiensoep	1	721907	99.728
uil	1	721908	99.7281
uilenburg	1	721909	99.7283
uir	1	721910	99.7284
uistekende	1	721911	99.7285
uit(a)	1	721912	99.7287
uit.ik	1	721913	99.7288
uit.x	1	721914	99.729
uitbaatster	1	721915	99.7291
uitbetalen	1	721916	99.7292
uitblazen	1	721917	99.7294
uitbundig	1	721918	99.7295
uitdagen	1	721919	99.7296
uitdenken	1	721920	99.7298
uitdoen	1	721921	99.7299
uitdraai	1	721922	99.7301
uitdrukkelijk	1	721923	99.7302
uitdrukking	1	721924	99.7303
uitduwen	1	721925	99.7305
uiteen	1	721926	99.7306
uiteenzetten	1	721927	99.7308
uiteraar	1	721928	99.7309
uiteraardi	1	721929	99.731
uitermate	1	721930	99.7312
uitetenplan	1	721931	99.7313
uitgaansleven	1	721932	99.7314
uitgangspunt	1	721933	99.7316
uitgebogen	1	721934	99.7317
uitgebreid	1	721935	99.7319
uitgeest	1	721936	99.732
uitgekafferd	1	721937	99.7321
uitgelezen	1	721938	99.7323
uitgemikt	1	721939	99.7324
uitgerust	1	721940	99.7326
uitgesalixt	1	721941	99.7327
uitgeslaapt	1	721942	99.7328
uitgesmeten	1	721943	99.733
uitgesteld	1	721944	99.7331
uitgevaj	1	721945	99.7332
uitgevalln	1	721946	99.7334
uitgeverij	1	721947	99.7335
uitgevn	1	721948	99.7337
uitgeweest	1	721949	99.7338
uitgeziekt	1	721950	99.7339
uitgezongen	1	721951	99.7341
uitglijden	1	721952	99.7342
uitgraven	1	721953	99.7343
uithaal	1	721954	99.7345
uithaln	1	721955	99.7346
uithang	1	721956	99.7348
uithijgen	1	721957	99.7349
uithouden	1	721958	99.735
uiting	1	721959	99.7352
uitkan	1	721960	99.7353
uitkijk	1	721961	99.7355
uitkijkdek	1	721962	99.7356
uitknokken	1	721963	99.7357
uitkuis	1	721964	99.7359
uitlaat	1	721965	99.736
uitlaatgas	1	721966	99.7361
uitleven	1	721967	99.7363
uitloggen	1	721968	99.7364
uitmeten	1	721969	99.7366
uitmoet	1	721970	99.7367
uitn	1	721971	99.7368
uitneembaar	1	721972	99.737
uitnodigd	1	721973	99.7371
uitpluizen	1	721974	99.7372
uitpuzzelen	1	721975	99.7374
uitregenen	1	721976	99.7375
uitrijden	1	721977	99.7377
uitruimen	1	721978	99.7378
uitrusting	1	721979	99.7379
uitschieter	1	721980	99.7381
uitschijnen	1	721981	99.7382
uitschrijf	1	721982	99.7384
uitschrijvn	1	721983	99.7385
uitslaapdienst	1	721984	99.7386
uitsluiting	1	721985	99.7388
uitsluitsel	1	721986	99.7389
uitspattijgen	1	721987	99.739
uitspoken	1	721988	99.7392
uitspreken	1	721989	99.7393
uitstaan	1	721990	99.7395
uitstappen.to	1	721991	99.7396
uitstrooien	1	721992	99.7397
uitvaart	1	721993	99.7399
uitval	1	721994	99.74
uitverkoop	1	721995	99.7401
uitvogelen	1	721996	99.7403
uitvraag	1	721997	99.7404
uitwaaien	1	721998	99.7406
uitwedstrijd	1	721999	99.7407
uitz	1	722000	99.7408
uitzendinggemist	1	722001	99.741
uitzie	1	722002	99.7411
uitzonderl	1	722003	99.7413
uitzonderlijk	1	722004	99.7414
uizicht	1	722005	99.7415
ull	1	722006	99.7417
ulslev	1	722007	99.7418
umbrellas	1	722008	99.7419
umbretti	1	722009	99.7421
umcg	1	722010	99.7422
unaniem	1	722011	99.7424
unattended	1	722012	99.7425
unbeatable	1	722013	99.7426
unbelievably	1	722014	99.7428
uncool	1	722015	99.7429
understanding	1	722016	99.743
understood	1	722017	99.7432
underwear	1	722018	99.7433
unharmed	1	722019	99.7435
uni.x	1	722020	99.7436
unibet	1	722021	99.7437
unicef	1	722022	99.7439
unicode	1	722023	99.744
unif	1	722024	99.7442
union	1	722025	99.7443
unit	1	722026	99.7444
universeel	1	722027	99.7446
universiteitskrant	1	722028	99.7447
unk	1	722029	99.7448
unlikely	1	722030	99.745
unninkhuis	1	722031	99.7451
unnr	1	722032	99.7453
uno	1	722033	99.7454
unpack	1	722034	99.7455
unpackedn	1	722035	99.7457
unplanned	1	722036	99.7458
unreliable	1	722037	99.746
unstuck	1	722038	99.7461
unsure	1	722039	99.7462
untill	1	722040	99.7464
unyc@unyc.nl	1	722041	99.7465
uodate	1	722042	99.7466
uodaten	1	722043	99.7468
uoh	1	722044	99.7469
uoloog	1	722045	99.7471
updated	1	722046	99.7472
updating	1	722047	99.7473
updaye	1	722048	99.7475
upergave	1	722049	99.7476
upgrade	1	722050	99.7477
upload	1	722051	99.7479
uppen	1	722052	99.748
upperdare	1	722053	99.7482
upps	1	722054	99.7483
ups-bezorger	1	722055	99.7484
upset	1	722056	99.7486
urban	1	722057	99.7487
ureek	1	722058	99.7489
uri	1	722059	99.749
urig	1	722060	99.7491
usa	1	722061	99.7493
usb-kabel	1	722062	99.7494
usb-stik	1	722063	99.7495
useful	1	722064	99.7497
useless	1	722065	99.7498
username	1	722066	99.75
usine	1	722067	99.7501
utiliseren	1	722068	99.7502
utopisch	1	722069	99.7504
utp	1	722070	99.7505
utterly	1	722071	99.7506
utøyake	1	722072	99.7508
uuche	1	722073	99.7509
uuh	1	722074	99.7511
uurboord	1	722075	99.7512
uurenhalf	1	722076	99.7513
uurke-half	1	722077	99.7515
uurrooster	1	722078	99.7516
uurtarief	1	722079	99.7518
uurxd	1	722080	99.7519
uuuh	1	722081	99.752
uuum	1	722082	99.7522
uvt-contract	1	722083	99.7523
uvt-hok	1	722084	99.7524
uvt-pas	1	722085	99.7526
uvthuis	1	722086	99.7527
uwbel	1	722087	99.7529
uwe	1	722088	99.753
uwv	1	722089	99.7531
uz	1	722090	99.7533
uzen	1	722091	99.7534
uzij	1	722092	99.7535
v-batterij	1	722093	99.7537
v-knuffel	1	722094	99.7538
v.	1	722095	99.754
v.a.	1	722096	99.7541
vaalzwart	1	722097	99.7542
vaandag	1	722098	99.7544
vaatdoek	1	722099	99.7545
vab	1	722100	99.7547
vacc	1	722101	99.7548
vaccinatiekaart	1	722102	99.7549
vader-zoon	1	722103	99.7551
vaderkesdag	1	722104	99.7552
vagabond	1	722105	99.7553
vagant	1	722106	99.7555
vaginaaaa	1	722107	99.7556
vaguely	1	722108	99.7558
vaiddag	1	722109	99.7559
vakantieadres	1	722110	99.756
vakantiebeurs	1	722111	99.7562
vakantiedag	1	722112	99.7563
vakantiedinges	1	722113	99.7564
vakantiedorp	1	722114	99.7566
vakantieganger	1	722115	99.7567
vakantiegroet	1	722116	99.7569
vakantieoverleg	1	722117	99.757
vakantieplan	1	722118	99.7571
vakantieplanning	1	722119	99.7573
vakantierooster	1	722120	99.7574
vakantiespul	1	722121	99.7576
vakantieverhaal	1	722122	99.7577
vakblad	1	722123	99.7578
vakvergadering	1	722124	99.758
valenta	1	722125	99.7581
valentie	1	722126	99.7582
valentijnsdag	1	722127	99.7584
valentijnservaring	1	722128	99.7585
validatie	1	722129	99.7587
valkenswaard	1	722130	99.7588
vallie	1	722131	99.7589
valling	1	722132	99.7591
valpartij	1	722133	99.7592
valsspelert	1	722134	99.7594
vam	1	722135	99.7595
vamaf	1	722136	99.7596
vamavnd	1	722137	99.7598
vampier	1	722138	99.7599
van-tot	1	722139	99.76
vana	1	722140	99.7602
vanabond	1	722141	99.7603
vanacht	1	722142	99.7605
vananvd	1	722143	99.7606
vanavd	1	722144	99.7607
vanavjd	1	722145	99.7609
vanavoje	1	722146	99.761
vanboven	1	722147	99.7611
vand	1	722148	99.7613
vandaa	1	722149	99.7614
vandaag+	1	722150	99.7616
vandaagh	1	722151	99.7617
vandaal	1	722152	99.7618
vandage	1	722153	99.762
vandana	1	722154	99.7621
vandar	1	722155	99.7623
vandelaba	1	722156	99.7624
vandemorgen	1	722157	99.7625
vandenborre	1	722158	99.7627
vanderwoud	1	722159	99.7628
vandewalle	1	722160	99.7629
vandeweekend	1	722161	99.7631
vandezomer	1	722162	99.7632
vangrail	1	722163	99.7634
vanhecke	1	722164	99.7635
vanilla	1	722165	99.7636
vanille	1	722166	99.7638
vanilley	1	722167	99.7639
vanlume	1	722168	99.764
vanmiddg	1	722169	99.7642
vanne	1	722170	99.7643
vannmiddag	1	722171	99.7645
vannochted	1	722172	99.7646
vanochtn	1	722173	99.7647
vanroose-kleurenconsulente	1	722174	99.7649
vanselphst	1	722175	99.765
vantussen	1	722176	99.7652
vanvnd	1	722177	99.7653
vanvond	1	722178	99.7654
vapiano	1	722179	99.7656
varia	1	722180	99.7657
varken	1	722181	99.7658
varkensgriep	1	722182	99.766
varkenskotelet	1	722183	99.7661
varkensvlees	1	722184	99.7663
vaseline	1	722185	99.7664
vastgelijmen	1	722186	99.7665
vastgoed	1	722187	99.7667
vasthoudendheid	1	722188	99.7668
vastloper	1	722189	99.7669
vastnam	1	722190	99.7671
vastrijden	1	722191	99.7672
vaststellen	1	722192	99.7674
vaststelling	1	722193	99.7675
vatan	1	722194	99.7676
vati	1	722195	99.7678
vavn	1	722196	99.7679
vb	1	722197	99.7681
vdab	1	722198	99.7682
vdb	1	722199	99.7683
vdg	1	722200	99.7685
vdl	1	722201	99.7686
vds	1	722202	99.7687
vecer	1	722203	99.7689
vecht	1	722204	99.769
vedette	1	722205	99.7692
vedubbelden	1	722206	99.7693
veeeeeet	1	722207	99.7694
veelbelovend	1	722208	99.7696
veelste	1	722209	99.7697
veerboot	1	722210	99.7699
veerkrachtig	1	722211	99.77
veerle	1	722212	99.7701
vega	1	722213	99.7703
vega-bami	1	722214	99.7704
vegan	1	722215	99.7705
vegetarier	1	722216	99.7707
vegetariër	1	722217	99.7708
vegeten	1	722218	99.771
veggiedag	1	722219	99.7711
vegi	1	722220	99.7712
vego	1	722221	99.7714
vehuis	1	722222	99.7715
veiligheids	1	722223	99.7716
veiligheidscoordinator	1	722224	99.7718
veiligheidshalve	1	722225	99.7719
veiligstellen	1	722226	99.7721
vekeman	1	722227	99.7722
velaerts	1	722228	99.7723
veldbeheerder	1	722229	99.7725
veldegem	1	722230	99.7726
veldhoven	1	722231	99.7728
veldhovenring	1	722232	99.7729
veldrijden	1	722233	99.773
veldsla	1	722234	99.7732
veldstraatje	1	722235	99.7733
velede	1	722236	99.7734
velg	1	722237	99.7736
venetie	1	722238	99.7737
venir	1	722239	99.7739
venkel	1	722240	99.774
vensterbaank	1	722241	99.7741
venti	1	722242	99.7743
ventiel	1	722243	99.7744
venusheuvel	1	722244	99.7745
ver-assebroek	1	722245	99.7747
veranda	1	722246	99.7748
verantwoordelijkheid	1	722247	99.775
verantwoordelijlheid	1	722248	99.7751
verantwoording	1	722249	99.7752
verassingsavn	1	722250	99.7754
verassingsoptreden	1	722251	99.7755
verbatim	1	722252	99.7757
verbazend	1	722253	99.7758
verbergen	1	722254	99.7759
verbetere	1	722255	99.7761
verbindingsstuk	1	722256	99.7762
verblijven	1	722257	99.7763
verbluffend	1	722258	99.7765
verbod	1	722259	99.7766
verbonder	1	722260	99.7768
verbondsleidster	1	722261	99.7769
verbouwereerd	1	722262	99.777
verbroedering	1	722263	99.7772
verdediger	1	722264	99.7773
verdeeld	1	722265	99.7774
verderhelpen	1	722266	99.7776
verdi	1	722267	99.7777
verdienste	1	722268	99.7779
verdiepen	1	722269	99.778
verdoeme	1	722270	99.7781
verdommen	1	722271	99.7783
verdoven	1	722272	99.7784
verdrietelig	1	722273	99.7786
verdubbelen	1	722274	99.7787
verduidelijking	1	722275	99.7788
verduisterd	1	722276	99.779
verduisteren	1	722277	99.7791
verduiveld	1	722278	99.7792
vereisen	1	722279	99.7794
veren	1	722280	99.7795
verenigingsactiviteit	1	722281	99.7797
vererg	1	722282	99.7798
veres	1	722283	99.7799
vereten	1	722284	99.7801
verfkrabber	1	722285	99.7802
verfrissen	1	722286	99.7803
verfrommelen	1	722287	99.7805
verfspul	1	722288	99.7806
vergaderdag	1	722289	99.7808
vergaderingn	1	722290	99.7809
vergaderkamer	1	722291	99.781
vergaderkus	1	722292	99.7812
vergaderse	1	722293	99.7813
vergadertijger	1	722294	99.7815
vergat	1	722295	99.7816
verges	1	722296	99.7817
vergezellen	1	722297	99.7819
vergif	1	722298	99.782
vergiftiging	1	722299	99.7821
vergrijpen	1	722300	99.7823
vergunning	1	722301	99.7824
verhangen	1	722302	99.7826
verhoevie	1	722303	99.7827
verhoevy	1	722304	99.7828
verhogen	1	722305	99.783
verhouding	1	722306	99.7831
verhuisdrukte	1	722307	99.7833
verhuiswagen	1	722308	99.7834
verhuiswerkzaamheid	1	722309	99.7835
verhuiszooi	1	722310	99.7837
verhuizenhebben	1	722311	99.7838
verhullen	1	722312	99.7839
verhulst	1	722313	99.7841
verifieren	1	722314	99.7842
verijdelen	1	722315	99.7844
verj	1	722316	99.7845
verjaadag	1	722317	99.7846
verjaardagsbezoek	1	722318	99.7848
verjaardagsdrink	1	722319	99.7849
verjaardagseks	1	722320	99.785
verjaardagsgelukwensbericht	1	722321	99.7852
verjaardagsgevoel	1	722322	99.7853
verjaardagskaart	1	722323	99.7855
verjaardagsshow	1	722324	99.7856
verjaardagsstress	1	722325	99.7857
verjaardagszoen	1	722326	99.7859
verjaardagwense	1	722327	99.786
verjaardaq	1	722328	99.7862
verjaren	1	722329	99.7863
verkandie	1	722330	99.7864
verkassen	1	722331	99.7866
verkaveling	1	722332	99.7867
verkeer.to	1	722333	99.7868
verkeersbord	1	722334	99.787
verkeersplan	1	722335	99.7871
verkenner	1	722336	99.7873
verkenning	1	722337	99.7874
verkeren	1	722338	99.7875
verkiezing	1	722339	99.7877
verkleedfeest	1	722340	99.7878
verkleedkleren	1	722341	99.7879
verklikker	1	722342	99.7881
verkloot	1	722343	99.7882
verknallen	1	722344	99.7884
verkondigen	1	722345	99.7885
verkoop	1	722346	99.7886
verkooptruc	1	722347	99.7888
verkoperen	1	722348	99.7889
verkoppen	1	722349	99.7891
verkorten	1	722350	99.7892
verkoudheids-hoofd	1	722351	99.7893
verkrijgbaar	1	722352	99.7895
verkrijgen	1	722353	99.7896
verl	1	722354	99.7897
verlagen	1	722355	99.7899
verlangs	1	722356	99.79
verlatingsangst	1	722357	99.7902
verleiding	1	722358	99.7903
verlenen	1	722359	99.7904
verlichting	1	722360	99.7906
verliefdheid	1	722361	99.7907
verlinden	1	722362	99.7908
verloopdatum	1	722363	99.791
verloskwartier	1	722364	99.7911
verlossen	1	722365	99.7913
verloven	1	722366	99.7914
verlovingsring	1	722367	99.7915
verluiden	1	722368	99.7917
vermaak	1	722369	99.7918
vermeire-roobroeck	1	722370	99.792
verminderen	1	722371	99.7921
verminken	1	722372	99.7922
vermoeidheid	1	722373	99.7924
vernemen	1	722374	99.7925
verneuken	1	722375	99.7926
vernevelaar	1	722376	99.7928
vernieuwen	1	722377	99.7929
vero	1	722378	99.7931
veronderstellen	1	722379	99.7932
veronderstelling	1	722380	99.7933
veronique	1	722381	99.7935
verontrusten	1	722382	99.7936
verontschuldiging	1	722383	99.7937
verontwaardigen	1	722384	99.7939
veroorzaken	1	722385	99.794
verouderen	1	722386	99.7942
verpakking	1	722387	99.7943
verplanken	1	722388	99.7944
verpleegkunde	1	722389	99.7946
verpleger	1	722390	99.7947
verra	1	722391	99.7949
verradelijk	1	722392	99.795
verraden	1	722393	99.7951
verraderlijk	1	722394	99.7953
verrasdingskus	1	722395	99.7954
verrassing(kje)	1	722396	99.7955
verrassingsbrood	1	722397	99.7957
verrassingseten	1	722398	99.7958
verrassingsfeest	1	722399	99.796
verrastl	1	722400	99.7961
verre	1	722401	99.7962
verregenen	1	722402	99.7964
verrok	1	722403	99.7965
verrotten	1	722404	99.7967
versa	1	722405	99.7968
verschansen	1	722406	99.7969
verscheiden	1	722407	99.7971
verschijnen.to	1	722408	99.7972
verschijnsel	1	722409	99.7973
verschonen	1	722410	99.7975
verschrikkellijo	1	722411	99.7976
verser	1	722412	99.7978
version	1	722413	99.7979
verslaafd	1	722414	99.798
verslavend	1	722415	99.7982
verslaving	1	722416	99.7983
versmaden	1	722417	99.7984
versnapering	1	722418	99.7986
versnellingsbak	1	722419	99.7987
verspreid	1	722420	99.7989
verspreiden	1	722421	99.799
versteken	1	722422	99.7991
versterker	1	722423	99.7993
verstichel	1	722424	99.7994
verstoken	1	722425	99.7996
verstopt	1	722426	99.7997
verstoten	1	722427	99.7998
verstrengelen	1	722428	99.8
verstrooid	1	722429	99.8001
versvooru.nl	1	722430	99.8002
vertaal-ding	1	722431	99.8004
vertaalkunde	1	722432	99.8005
vertaalopdracht	1	722433	99.8007
vertaalsoftware	1	722434	99.8008
vertaler	1	722435	99.8009
verte	1	722436	99.8011
vertel	1	722437	99.8012
vertelde	1	722438	99.8013
verteot	1	722439	99.8015
verteren	1	722440	99.8016
vertering	1	722441	99.8018
vertikaal	1	722442	99.8019
vertok	1	722443	99.802
vertoon	1	722444	99.8022
vertrekk	1	722445	99.8023
vertrekke	1	722446	99.8025
vertrekstress	1	722447	99.8026
vertrektijd	1	722448	99.8027
vertrokkn	1	722449	99.8029
verts	1	722450	99.803
verté	1	722451	99.8031
verval	1	722452	99.8033
vervaldatum	1	722453	99.8034
vervangcafe	1	722454	99.8036
verversen	1	722455	99.8037
vervlechting	1	722456	99.8038
vervloeken	1	722457	99.804
vervoersbewijs	1	722458	99.8041
vervolgprogramma	1	722459	99.8042
vervorming	1	722460	99.8044
vervéél	1	722461	99.8045
verwaaarrendd	1	722462	99.8047
verwach	1	722463	99.8048
verward	1	722464	99.8049
verwarmn	1	722465	99.8051
verwarring	1	722466	99.8052
verwelkomen	1	722467	99.8054
verwenverassing	1	722468	99.8055
verwerkingssnelheid	1	722469	99.8056
verwerpelijk	1	722470	99.8058
verwijt	1	722471	99.8059
verwijten	1	722472	99.806
verwijzing	1	722473	99.8062
verwonderen	1	722474	99.8063
verwonding	1	722475	99.8065
verwoorden	1	722476	99.8066
verwyderen	1	722477	99.8067
verwyten	1	722478	99.8069
verzadigd	1	722479	99.807
verzakken	1	722480	99.8071
verzamelverpakking	1	722481	99.8073
verzegelen	1	722482	99.8074
verzekeraar	1	722483	99.8076
verzekeringskaart	1	722484	99.8077
verzeketen	1	722485	99.8078
verzele-haems	1	722486	99.808
verzending	1	722487	99.8081
verzoeknummer	1	722488	99.8083
verzoening	1	722489	99.8084
verzonden	1	722490	99.8085
verzorgd	1	722491	99.8087
verzorgingskus	1	722492	99.8088
verzorgingstafel	1	722493	99.8089
verzuim	1	722494	99.8091
verzuimen	1	722495	99.8092
verzuipen	1	722496	99.8094
verzuren	1	722497	99.8095
verzwikken	1	722498	99.8096
vesalius	1	722499	99.8098
vespa	1	722500	99.8099
vestie	1	722501	99.8101
vestinfdag	1	722502	99.8102
vestingdag	1	722503	99.8103
vestmon	1	722504	99.8105
vestzak	1	722505	99.8106
vetgedrukt	1	722506	99.8107
vetraging	1	722507	99.8109
vetrokken	1	722508	99.811
vetstuur	1	722509	99.8112
vette	1	722510	99.8113
vetteshizzle	1	722511	99.8114
veulen	1	722512	99.8116
veurne	1	722513	99.8117
veurns	1	722514	99.8118
vewwie	1	722515	99.812
veys	1	722516	99.8121
vezelrijk	1	722517	99.8123
vfrans	1	722518	99.8124
vgavond	1	722519	99.8125
vgl	1	722520	99.8127
vgsd	1	722521	99.8128
vhz	1	722522	99.813
viagera	1	722523	99.8131
vibden	1	722524	99.8132
vibe	1	722525	99.8134
viben	1	722526	99.8135
viberen	1	722527	99.8136
vibes	1	722528	99.8138
vibrations	1	722529	99.8139
vici	1	722530	99.8141
vico	1	722531	99.8142
victoria	1	722532	99.8143
vidal	1	722533	99.8145
video-en	1	722534	99.8146
video-expert	1	722535	99.8147
videoband	1	722536	99.8149
videocollege	1	722537	99.815
videokaart	1	722538	99.8152
videoprojectie	1	722539	99.8153
videoverslag	1	722540	99.8154
videt	1	722541	99.8156
vidi	1	722542	99.8157
viele	1	722543	99.8159
vienna	1	722544	99.816
vierdaags	1	722545	99.8161
vierdaagsecoordinator	1	722546	99.8163
vierdaagsevriendin	1	722547	99.8164
viergastest	1	722548	99.8165
viering	1	722549	99.8167
vieruurtje	1	722550	99.8168
viewty	1	722551	99.817
vij	1	722552	99.8171
vijand	1	722553	99.8172
vijvestraat	1	722554	99.8174
viking	1	722555	99.8175
vikingpuntengekregen	1	722556	99.8176
villareal	1	722557	99.8178
vilvoorde	1	722558	99.8179
vinci	1	722559	99.8181
vindek	1	722560	99.8182
vinden.ko	1	722561	99.8183
vindjet	1	722562	99.8185
vindtxd	1	722563	99.8186
vineaux	1	722564	99.8188
vingerende	1	722565	99.8189
vingerverven	1	722566	99.819
vinkhuizen	1	722567	99.8192
vinnek	1	722568	99.8193
vino	1	722569	99.8194
vint	1	722570	99.8196
vintage	1	722571	99.8197
vinyl	1	722572	99.8199
violate	1	722573	99.82
vior	1	722574	99.8201
viorzichtig	1	722575	99.8203
vipachtig	1	722576	99.8204
vipbar	1	722577	99.8205
virtuoso	1	722578	99.8207
visabak	1	722579	99.8208
visamachine	1	722580	99.821
visited	1	722581	99.8211
visitekaartjesboer	1	722582	99.8212
visiting	1	722583	99.8214
viskoffer	1	722584	99.8215
viso	1	722585	99.8217
visrestaurant	1	722586	99.8218
vista	1	722587	99.8219
vitaly	1	722588	99.8221
vitaminepil	1	722589	99.8222
vitaya	1	722590	99.8223
vitro-keramisch	1	722591	99.8225
vivabox	1	722592	99.8226
viño	1	722593	99.8228
vk	1	722594	99.8229
vla	1	722595	99.823
vlaanderen	1	722596	99.8232
vlaggengroet	1	722597	99.8233
vlakby	1	722598	99.8235
vlamingpolder	1	722599	99.8236
vlampijp	1	722600	99.8237
vlarbaltaxi	1	722601	99.8239
vlash	1	722602	99.824
vleermuis	1	722603	99.8241
vleesbrood	1	722604	99.8243
vleesetend	1	722605	99.8244
vlegveld	1	722606	99.8246
vlek	1	722607	99.8247
vlekkeloos	1	722608	99.8248
vlerick	1	722609	99.825
vlg	1	722610	99.8251
vlgd	1	722611	99.8252
vlgde	1	722612	99.8254
vlgs	1	722613	99.8255
vliegenvanger	1	722614	99.8257
vliegpunt	1	722615	99.8258
vliegshow	1	722616	99.8259
vliegticket	1	722617	99.8261
vliegtickets	1	722618	99.8262
vliegtuigticket	1	722619	99.8264
vliegverbod	1	722620	99.8265
vliegvertraging	1	722621	99.8266
vlieland	1	722622	99.8268
vlien	1	722623	99.8269
vlijm	1	722624	99.827
vlijmenseweg	1	722625	99.8272
vlinder	1	722626	99.8273
vlinderdinges	1	722627	99.8275
vlliegticketmaatschappij	1	722628	99.8276
vlo	1	722629	99.8277
vloeibaar	1	722630	99.8279
vlooien	1	722631	99.828
vlooienband	1	722632	99.8281
vm	1	722633	99.8283
vma	1	722634	99.8284
vna	1	722635	99.8286
vnav	1	722636	99.8287
vnj-dienst	1	722637	99.8288
vnj-feest	1	722638	99.829
vnj-tshirt	1	722639	99.8291
vnjou	1	722640	99.8293
vnswwptw	1	722641	99.8294
vnvd	1	722642	99.8295
voc	1	722643	99.8297
vochtig	1	722644	99.8298
vochtvreter	1	722645	99.8299
vod	1	722646	99.8301
voebal	1	722647	99.8302
voeballen	1	722648	99.8304
voeden	1	722649	99.8305
voederen	1	722650	99.8306
voedselstrooptocht	1	722651	99.8308
voedselvergiftigingsprobleem	1	722652	99.8309
voedzaam	1	722653	99.831
voegwoord	1	722654	99.8312
voele	1	722655	99.8313
voertuigbeheersing	1	722656	99.8315
voetbal-les	1	722657	99.8316
voetbalclub	1	722658	99.8317
voetbaldag	1	722659	99.8319
voetbalfeest	1	722660	99.832
voetbalgids	1	722661	99.8322
voetbalkrant	1	722662	99.8323
voetbalkwaliteit	1	722663	99.8324
voetballeeeuuuh	1	722664	99.8326
voetballer	1	722665	99.8327
voetbalpoules	1	722666	99.8328
voetbalschotel	1	722667	99.833
voetbalstories	1	722668	99.8331
voetbaltafel	1	722669	99.8333
voetbalteam	1	722670	99.8334
voetbaltoernooi	1	722671	99.8335
voetbaltube	1	722672	99.8337
voetbalveld	1	722673	99.8338
voete	1	722674	99.8339
voetgolf	1	722675	99.8341
voetpad	1	722676	99.8342
voettekst	1	722677	99.8344
voettocht	1	722678	99.8345
voie	1	722679	99.8346
voit	1	722680	99.8348
vojf	1	722681	99.8349
vokgensmij	1	722682	99.8351
vold	1	722683	99.8352
voldoende	1	722684	99.8353
volendam-annotatie	1	722685	99.8355
volendammerkaars	1	722686	99.8356
volgaarne	1	722687	99.8357
volgeboekt	1	722688	99.8359
volgend	1	722689	99.836
volgende-knop	1	722690	99.8362
volgendeweek	1	722691	99.8363
volgensmij	1	722692	99.8364
volges	1	722693	99.8366
volgestoken	1	722694	99.8367
volgns	1	722695	99.8369
volhou	1	722696	99.837
volkan	1	722697	99.8371
volkorenmeel	1	722698	99.8373
volksdans	1	722699	99.8374
volksdanstoer	1	722700	99.8375
volksfeest	1	722701	99.8377
volksstaat	1	722702	99.8378
volladen	1	722703	99.838
vollen	1	722704	99.8381
vollenbak	1	722705	99.8382
vollenhove	1	722706	99.8384
volley	1	722707	99.8385
volleybalclub	1	722708	99.8386
volleybalnet	1	722709	99.8388
volleybalschoen	1	722710	99.8389
volleybaltoernooi	1	722711	99.8391
volleybalwedstrijd	1	722712	99.8392
volonté	1	722713	99.8393
volslank	1	722714	99.8395
voltallig	1	722715	99.8396
voltaren	1	722716	99.8398
volvo	1	722717	99.8399
vondbhet	1	722718	99.84
vondek	1	722719	99.8402
vondth	1	722720	99.8403
vonnis	1	722721	99.8404
vont	1	722722	99.8406
vooordeur	1	722723	99.8407
voor'n	1	722724	99.8409
voor-de-zekerheid-sm	1	722725	99.841
vooraanzicht	1	722726	99.8411
voorafje	1	722727	99.8413
vooravnd	1	722728	99.8414
voorbeeldexamen	1	722729	99.8415
voorbereidingsmateriaal	1	722730	99.8417
voorbeschouwing	1	722731	99.8418
voorbespreking	1	722732	99.842
voorbijgaan	1	722733	99.8421
voorbijrijden	1	722734	99.8422
voorbijvliegen	1	722735	99.8424
voordeelurenabo	1	722736	99.8425
voordeursleutel	1	722737	99.8427
voordien	1	722738	99.8428
voordoen	1	722739	99.8429
voordragen	1	722740	99.8431
voorgaan	1	722741	99.8432
voorgemixte	1	722742	99.8433
voorgevoel	1	722743	99.8435
voorgoed	1	722744	99.8436
voorheen	1	722745	99.8438
voorheffing	1	722746	99.8439
voorhoofdsholte	1	722747	99.844
voorhouden	1	722748	99.8442
voorjaar	1	722749	99.8443
voorkeurslocatie	1	722750	99.8444
voorkeursmaand	1	722751	99.8446
voorleesexpress-avond	1	722752	99.8447
voorlicht	1	722753	99.8449
voorlijk	1	722754	99.845
voorlopge	1	722755	99.8451
voormiddagpint	1	722756	99.8453
voornl	1	722757	99.8454
voorrang	1	722758	99.8456
voorschot	1	722759	99.8457
voorspelbaar	1	722760	99.8458
voorsprong	1	722761	99.846
voorstander	1	722762	99.8461
voorstelln	1	722763	99.8462
voortbewegen	1	722764	99.8464
voorteken	1	722765	99.8465
voortvloeien	1	722766	99.8467
voortzetten	1	722767	99.8468
voortzetting	1	722768	99.8469
vooruitmin	1	722769	99.8471
voorval	1	722770	99.8472
voorvallen	1	722771	99.8473
voorverkoop	1	722772	99.8475
voorverwarmen	1	722773	99.8476
voorw	1	722774	99.8478
voorzaal	1	722775	99.8479
voorzicht	1	722776	99.848
voorziening	1	722777	99.8482
voorzijde	1	722778	99.8483
voot	1	722779	99.8485
voozien	1	722780	99.8486
vopgen	1	722781	99.8487
vopro	1	722782	99.8489
voralleer	1	722783	99.849
voriue	1	722784	99.8491
vorosmarty	1	722785	99.8493
vortbal	1	722786	99.8494
vortzak	1	722787	99.8496
vosken	1	722788	99.8497
vossendijk	1	722789	99.8498
vostro	1	722790	99.85
voud	1	722791	99.8501
voudig	1	722792	99.8503
voudigduifwinnaar	1	722793	99.8504
voyage	1	722794	99.8505
vp-eten	1	722795	99.8507
vpn	1	722796	99.8508
vppr	1	722797	99.8509
vr-avond	1	722798	99.8511
vr.is	1	722799	99.8512
vraagbak	1	722800	99.8514
vraagprijs	1	722801	99.8515
vraagstelling	1	722802	99.8516
vrachtwagenchauffeur	1	722803	99.8518
vraf	1	722804	99.8519
vragenlijst	1	722805	99.852
vragenuurtje	1	722806	99.8522
vraqen	1	722807	99.8523
vre	1	722808	99.8525
vredelievend	1	722809	99.8526
vredestraat	1	722810	99.8527
vreedzaam	1	722811	99.8529
vreemdeling	1	722812	99.853
vreesk	1	722813	99.8532
vreeswijk	1	722814	99.8533
vreezek	1	722815	99.8534
vreugd	1	722816	99.8536
vreugdevuren	1	722817	99.8537
vriende	1	722818	99.8538
vrienden-feest	1	722819	99.854
vriendenfeest	1	722820	99.8541
vriendengroep	1	722821	99.8543
vriendinlief	1	722822	99.8544
vriendinnetjesdag	1	722823	99.8545
vriendloos	1	722824	99.8547
vriendschapsverzoek	1	722825	99.8548
vrii	1	722826	99.8549
vrijdagavnd	1	722827	99.8551
vrijdaggevoel	1	722828	99.8552
vrijdagmiddagbier	1	722829	99.8554
vrijdagmiddagborrel	1	722830	99.8555
vrijdagmorgen	1	722831	99.8556
vrijdagritueel	1	722832	99.8558
vrijen	1	722833	99.8559
vrijgezellenavond	1	722834	99.8561
vrijgo	1	722835	99.8562
vrijkaart	1	722836	99.8563
vrijmidb	1	722837	99.8565
vrijster	1	722838	99.8566
vrijuit	1	722839	99.8567
vrijwillig	1	722840	99.8569
vrijwilliger	1	722841	99.857
vrijwilligeren	1	722842	99.8572
vrijwilligersbalie	1	722843	99.8573
vroeger	1	722844	99.8574
vroegte	1	722845	99.8576
vroemvroem	1	722846	99.8577
vrolijkst	1	722847	99.8578
vrouwenavond	1	722848	99.858
vrouwenvergadering	1	722849	99.8581
vrouwenwc	1	722850	99.8583
vrouwloos	1	722851	99.8584
vrt	1	722852	99.8585
vruchtensap	1	722853	99.8587
vrwdag	1	722854	99.8588
vryd	1	722855	99.859
vsn	1	722856	99.8591
vsoeger	1	722857	99.8592
vtax	1	722858	99.8594
vtw	1	722859	99.8595
vuilbak	1	722860	99.8596
vuilgrijs	1	722861	99.8598
vuiligheid	1	722862	99.8599
vuilkar	1	722863	99.8601
vuilnisbak	1	722864	99.8602
vuilniszak	1	722865	99.8603
vuilzak	1	722866	99.8605
vuist	1	722867	99.8606
vuurken	1	722868	99.8607
vuurspugen	1	722869	99.8609
vuurstaart	1	722870	99.861
vuurtoren	1	722871	99.8612
vuurwapen	1	722872	99.8613
vuvuzelas	1	722873	99.8614
vvergeten	1	722874	99.8616
vverkleedklern	1	722875	99.8617
vvv	1	722876	99.8619
vw	1	722877	99.862
vwb	1	722878	99.8621
vweder	1	722879	99.8623
vwo	1	722880	99.8624
vwoers	1	722881	99.8625
vz	1	722882	99.8627
véél	1	722883	99.8628
vānåvõñ	1	722884	99.863
w.krul@greenchoice-forze.com	1	722885	99.8631
waa	1	722886	99.8632
waaa	1	722887	99.8634
waaaaaaaaaaaaaaaaaaaaaaaaaaaaaaaaaaaaaaaaaaaaaaaaaaaaaaaaaaaaaaw	1	722888	99.8635
waaaaaaah	1	722889	99.8637
waaaaacht	1	722890	99.8638
waaaaah	1	722891	99.8639
waaaaauw	1	722892	99.8641
waaahaa	1	722893	99.8642
waag	1	722894	99.8643
waakkat	1	722895	99.8645
waal	1	722896	99.8646
waalwijk	1	722897	99.8648
waalzinnig	1	722898	99.8649
waan	1	722899	99.865
waanbeeld	1	722900	99.8652
waanzin	1	722901	99.8653
waardelois	1	722902	99.8654
waardig	1	722903	99.8656
waarie	1	722904	99.8657
waarnaartoe	1	722905	99.8659
waarnemen	1	722906	99.866
waarneming	1	722907	99.8661
waaromxd	1	722908	99.8663
waarschijlijk	1	722909	99.8664
waarsdhijnlijk	1	722910	99.8666
waarvandaan	1	722911	99.8667
waarzegger	1	722912	99.8668
waat	1	722913	99.867
wachthouding	1	722914	99.8671
wachtkamer	1	722915	99.8672
wachtlijst	1	722916	99.8674
wachttijd	1	722917	99.8675
wachtzaal	1	722918	99.8677
wadde	1	722919	99.8678
waddist	1	722920	99.8679
waggelen	1	722921	99.8681
waggelgat	1	722922	99.8682
wagi	1	722923	99.8683
wah	1	722924	99.8685
waiter	1	722925	99.8686
waj	1	722926	99.8688
wak	1	722927	99.8689
wake-up	1	722928	99.869
waket	1	722929	99.8692
wakkerbellen	1	722930	99.8693
wakkerblijven	1	722931	99.8695
wakkergesmst	1	722932	99.8696
wakkermaak	1	722933	99.8697
wakkermaken	1	722934	99.8699
wakkie	1	722935	99.87
wakr	1	722936	99.8701
walibi	1	722937	99.8703
walken	1	722938	99.8704
walker	1	722939	99.8706
wallez	1	722940	99.8707
wallpost	1	722941	99.8708
wally	1	722942	99.871
walter	1	722943	99.8711
walter's	1	722944	99.8712
wamt	1	722945	99.8714
wanbeleid	1	722946	99.8715
wandelbabbel	1	722947	99.8717
wandelfestijn	1	722948	99.8718
wandeln	1	722949	99.8719
wandelschoen	1	722950	99.8721
wandelweg	1	722951	99.8722
waneer	1	722952	99.8724
waneren	1	722953	99.8725
wang	1	722954	99.8726
wanhopig	1	722955	99.8728
wannebe	1	722956	99.8729
wannr	1	722957	99.873
wannsee	1	722958	99.8732
wantkheb	1	722959	99.8733
wap-menu	1	722960	99.8735
wapen	1	722961	99.8736
warande	1	722962	99.8737
warcraft	1	722963	99.8739
warempel	1	722964	99.874
warenhuis	1	722965	99.8741
warez-bb	1	722966	99.8743
warhoofd	1	722967	99.8744
warmen	1	722968	99.8746
warmoesstraat	1	722969	99.8747
warmtepomp	1	722970	99.8748
warout	1	722971	99.875
warr	1	722972	99.8751
warrig	1	722973	99.8753
was-ie	1	722974	99.8754
was-nu-moet	1	722975	99.8755
was.er	1	722976	99.8757
was.is	1	722977	99.8758
was.kun	1	722978	99.8759
wasbeer	1	722979	99.8761
wasdraad	1	722980	99.8762
wasgerief	1	722981	99.8764
washand	1	722982	99.8765
washed	1	722983	99.8766
waslijn	1	722984	99.8768
wasmachien	1	722985	99.8769
wasmand	1	722986	99.8771
wasopvouwactie	1	722987	99.8772
wassenaarweg	1	722988	99.8773
wassie	1	722989	99.8775
wassjop	1	722990	99.8776
wassup	1	722991	99.8777
wassut	1	722992	99.8779
wasyl	1	722993	99.878
wat-ie	1	722994	99.8782
wat-moet-ik-met-mn-leven	1	722995	99.8783
watchme	1	722996	99.8784
watchmen	1	722997	99.8786
watchtrueblood.net	1	722998	99.8787
waterbed	1	722999	99.8788
waterfles	1	723000	99.879
waterkant	1	723001	99.8791
waterkraan	1	723002	99.8793
waterkwartier	1	723003	99.8794
watermanagement	1	723004	99.8795
watermoorke	1	723005	99.8797
waterpeil	1	723006	99.8798
waterpomp	1	723007	99.88
waterrat	1	723008	99.8801
waterskien	1	723009	99.8802
watersportwinkel	1	723010	99.8804
watertank	1	723011	99.8805
waterzuiger	1	723012	99.8806
waterzuivering	1	723013	99.8808
watklus	1	723014	99.8809
watou	1	723015	99.8811
watt	1	723016	99.8812
wattan	1	723017	99.8813
wattt	1	723018	99.8815
wave	1	723019	99.8816
wawa	1	723020	99.8817
wax	1	723021	99.8819
wb	1	723022	99.882
wcborstel	1	723023	99.8822
wear	1	723024	99.8823
web-site	1	723025	99.8824
webapp	1	723026	99.8826
webbe	1	723027	99.8827
webben	1	723028	99.8829
webber	1	723029	99.883
webcam	1	723030	99.8831
weber	1	723031	99.8833
weblog	1	723032	99.8834
webmaster	1	723033	99.8835
webpages	1	723034	99.8837
webpagina	1	723035	99.8838
webshop	1	723036	99.884
website-cursus	1	723037	99.8841
website-enquete	1	723038	99.8842
websiteklus	1	723039	99.8844
webz	1	723040	99.8845
wechel	1	723041	99.8846
weckpot	1	723042	99.8848
wed	1	723043	99.8849
weddings	1	723044	99.8851
wederkeren	1	723045	99.8852
wederopzegging	1	723046	99.8853
wederpartij	1	723047	99.8855
wedge	1	723048	99.8856
wedren	1	723049	99.8858
wedsteijden	1	723050	99.8859
wedstrijdleider	1	723051	99.886
wedstrijdsport	1	723052	99.8862
week(weken)	1	723053	99.8863
week-ov	1	723054	99.8864
weekeind	1	723055	99.8866
weekend(en)	1	723056	99.8867
weekendbiljet	1	723057	99.8869
weekenddienstregeling	1	723058	99.887
weekenden	1	723059	99.8871
weekendkamp	1	723060	99.8873
weekendkus	1	723061	99.8874
weekendmodus	1	723062	99.8875
weekendretour	1	723063	99.8877
weekendtas	1	723064	99.8878
weekendtoerist	1	723065	99.888
weekendverhaal	1	723066	99.8881
weekloon	1	723067	99.8882
weekoverzicht	1	723068	99.8884
weekresult	1	723069	99.8885
weekwnd	1	723070	99.8887
weel	1	723071	99.8888
weemoed	1	723072	99.8889
weenie	1	723073	99.8891
weens	1	723074	99.8892
weeoejd	1	723075	99.8893
weeps	1	723076	99.8895
weer.in	1	723077	99.8896
weeralarm	1	723078	99.8898
weerga	1	723079	99.8899
weergeven	1	723080	99.89
weerken	1	723081	99.8902
weerkeren	1	723082	99.8903
weerman	1	723083	99.8905
weeromstuit	1	723084	99.8906
weers	1	723085	99.8907
weerslag	1	723086	99.8909
weersomstandigheid	1	723087	99.891
weerstand	1	723088	99.8911
weerstechnisch	1	723089	99.8913
weervinden	1	723090	99.8914
weervrouw	1	723091	99.8916
weerwolf	1	723092	99.8917
weerzien	1	723093	99.8918
weet	1	723094	99.892
weetek	1	723095	99.8921
weeten	1	723096	99.8922
weetk	1	723097	99.8924
weett	1	723098	99.8925
weewj	1	723099	99.8927
weg.is	1	723100	99.8928
wegbewijzering	1	723101	99.8929
wegblijven	1	723102	99.8931
wegcijferen	1	723103	99.8932
wegdek	1	723104	99.8934
wegdrink	1	723105	99.8935
wegener	1	723106	99.8936
weggefikte	1	723107	99.8938
weggever	1	723108	99.8939
weghalen	1	723109	99.894
weghouden	1	723110	99.8942
wegjagen	1	723111	99.8943
wegkijken	1	723112	99.8945
wegrennen	1	723113	99.8946
wegrestaurant	1	723114	99.8947
wegschelden	1	723115	99.8949
wegsmelten	1	723116	99.895
wegsteken	1	723117	99.8951
wegstofzuigen	1	723118	99.8953
wegsturen	1	723119	99.8954
wegtrekken	1	723120	99.8956
wegvallen	1	723121	99.8957
wegvegen	1	723122	99.8958
wegwaaien	1	723123	99.896
wegwerp	1	723124	99.8961
wegzijn	1	723125	99.8963
weil	1	723126	99.8964
weir	1	723127	99.8965
weirdo	1	723128	99.8967
wekkerradio	1	723129	99.8968
wektewepten	1	723130	99.8969
wel.bij	1	723131	99.8971
wel.br	1	723132	99.8972
wel.t	1	723133	99.8974
wel.x	1	723134	99.8975
wel.xxx	1	723135	99.8976
welgezind	1	723136	99.8978
welhaast	1	723137	99.8979
welk(e)	1	723138	99.898
welkse	1	723139	99.8982
welmee	1	723140	99.8983
welnee	1	723141	99.8985
welongeveer	1	723142	99.8986
welwel	1	723143	99.8987
wenende	1	723144	99.8989
wenk	1	723145	99.899
wenuur	1	723146	99.8992
wepaweewen	1	723147	99.8993
werden	1	723148	99.8994
werder	1	723149	99.8996
wereldbol	1	723150	99.8997
wereldoorlog	1	723151	99.8998
wereldrecord	1	723152	99.9
wereldreiziger	1	723153	99.9001
wereldschokkend	1	723154	99.9003
wereldwijd	1	723155	99.9004
weren	1	723156	99.9005
werent	1	723157	99.9007
werkaanbieding	1	723158	99.9008
werkbaar	1	723159	99.9009
werkbijeenkomst	1	723160	99.9011
werkdrink	1	723161	99.9012
werkelijks	1	723162	99.9014
werkenshow	1	723163	99.9015
werkerke	1	723164	99.9016
werketentje	1	723165	99.9018
werkgever	1	723166	99.9019
werkgroepavond	1	723167	99.9021
werkkamer	1	723168	99.9022
werkkamp	1	723169	99.9023
werkleven	1	723170	99.9025
werkm	1	723171	99.9026
werkman	1	723172	99.9027
werkmodus	1	723173	99.9029
werkperiode	1	723174	99.903
werkplaats	1	723175	99.9032
werkproef	1	723176	99.9033
werks	1	723177	99.9034
werkschoen	1	723178	99.9036
werksleutel	1	723179	99.9037
werktitel	1	723180	99.9039
werkuitje	1	723181	99.904
werkuur	1	723182	99.9041
werkwijz	1	723183	99.9043
werkwoord	1	723184	99.9044
werkza	1	723185	99.9045
werkzaam	1	723186	99.9047
wert	1	723187	99.9048
werveling	1	723188	99.905
werven	1	723189	99.9051
wesp	1	723190	99.9052
wespensteek	1	723191	99.9054
westcoast	1	723192	99.9055
westenwind	1	723193	99.9056
wester	1	723194	99.9058
westergasfabriek	1	723195	99.9059
westerkwartier	1	723196	99.9061
westkust	1	723197	99.9062
westmalles	1	723198	99.9063
westside	1	723199	99.9065
westvlaams	1	723200	99.9066
westvleteren	1	723201	99.9068
wet-willy	1	723202	99.9069
wetek	1	723203	99.907
wetenschap	1	723204	99.9072
wetenschappelijk	1	723205	99.9073
wetenschapper	1	723206	99.9074
wetenschapsquiz	1	723207	99.9076
wetsuit	1	723208	99.9077
weweer	1	723209	99.9079
wg	1	723210	99.908
whaaaaaaaa	1	723211	99.9081
whaaaaaaaaaa	1	723212	99.9083
whahaaa	1	723213	99.9084
whatapp	1	723214	99.9085
whatcha	1	723215	99.9087
whatev	1	723216	99.9088
whatnot	1	723217	99.909
whatsappbericht	1	723218	99.9091
whatsappcontactenlijst	1	723219	99.9092
whatsappklootzak	1	723220	99.9094
whatssapp	1	723221	99.9095
whatsupp	1	723222	99.9097
whatup	1	723223	99.9098
whazzup	1	723224	99.9099
whenever	1	723225	99.9101
whenish	1	723226	99.9102
whhahahaha	1	723227	99.9103
whirlpool	1	723228	99.9105
whiskey	1	723229	99.9106
whisten	1	723230	99.9108
whit	1	723231	99.9109
whitest	1	723232	99.911
whius	1	723233	99.9112
whoa	1	723234	99.9113
whoehaha	1	723235	99.9114
whoehoewww	1	723236	99.9116
whoep	1	723237	99.9117
wholaaaaaa	1	723238	99.9119
whoohoo	1	723239	99.912
whoooo	1	723240	99.9121
whoopwhoop	1	723241	99.9123
whose	1	723242	99.9124
wick	1	723243	99.9126
wide	1	723244	99.9127
widm	1	723245	99.9128
wiebe	1	723246	99.913
wiebestijl	1	723247	99.9131
wiegen	1	723248	99.9132
wiehoew	1	723249	99.9134
wiekeeee	1	723250	99.9135
wielerronde	1	723251	99.9137
wielertoerist	1	723252	99.9138
wielophanging	1	723253	99.9139
wielsbeke	1	723254	99.9141
wienerberger	1	723255	99.9142
wienerhaus	1	723256	99.9143
wienerschnitzel	1	723257	99.9145
wierrook	1	723258	99.9146
wiet	1	723259	99.9148
wietplantage	1	723260	99.9149
wiew	1	723261	99.915
wifinetwerk	1	723262	99.9152
wihoo	1	723263	99.9153
wii-en	1	723264	99.9155
wii-tennist	1	723265	99.9156
wii-verslaafd	1	723266	99.9157
wiiii	1	723267	99.9159
wiiiinight	1	723268	99.916
wiimote	1	723269	99.9161
wijd	1	723270	99.9163
wijden	1	723271	99.9164
wijhe	1	723272	99.9166
wijlen	1	723273	99.9167
wijnberg	1	723274	99.9168
wijnfles	1	723275	99.917
wijnglas	1	723276	99.9171
wijnmaker	1	723277	99.9173
wijnruitstr	1	723278	99.9174
wijntip	1	723279	99.9175
wijsheid	1	723280	99.9177
wijsneus	1	723281	99.9178
wijvenfeest	1	723282	99.9179
wikipedia	1	723283	99.9181
wiktionary	1	723284	99.9182
wil.je	1	723285	99.9184
wil.jij.mij	1	723286	99.9185
wildbaan	1	723287	99.9186
wildernis	1	723288	99.9188
wilders	1	723289	99.9189
wildn	1	723290	99.919
wilhelminabrug	1	723291	99.9192
wilhelminapark	1	723292	99.9193
wilje	1	723293	99.9195
wilke	1	723294	99.9196
willeb	1	723295	99.9197
willek	1	723296	99.9199
willemijns	1	723297	99.92
williams	1	723298	99.9202
wilr	1	723299	99.9203
wilskracht	1	723300	99.9204
wimpel	1	723301	99.9206
win-win	1	723302	99.9207
wineke	1	723303	99.9208
wing	1	723304	99.921
wingding	1	723305	99.9211
wink	1	723306	99.9213
winkelcentrum	1	723307	99.9214
winkelgebied	1	723308	99.9215
winkelhaak	1	723309	99.9217
winnerke	1	723310	99.9218
winterbbq	1	723311	99.9219
winterberg	1	723312	99.9221
winterlook	1	723313	99.9222
winters	1	723314	99.9224
winterschade	1	723315	99.9225
winterslaap	1	723316	99.9226
wintersporten	1	723317	99.9228
wip	1	723318	99.9229
wippen	1	723319	99.9231
wired	1	723320	99.9232
wishing	1	723321	99.9233
wiskey	1	723322	99.9235
wiskundevak	1	723323	99.9236
wiskundig	1	723324	99.9237
wispelturig	1	723325	99.9239
wisselreceptie	1	723326	99.924
wisseltrofee	1	723327	99.9242
wistjedat	1	723328	99.9243
wit-rood-wit	1	723329	99.9244
witbrant	1	723330	99.9246
withdrawing	1	723331	99.9247
witlof	1	723332	99.9248
witnie	1	723333	99.925
witsel	1	723334	99.9251
witteman	1	723335	99.9253
witteman-pocket	1	723336	99.9254
wittenberg	1	723337	99.9255
wizzair	1	723338	99.9257
wjten	1	723339	99.9258
wklt	1	723340	99.926
wkn	1	723341	99.9261
wknd	1	723342	99.9262
wkonn	1	723343	99.9264
wl	1	723344	99.9265
wnkl	1	723345	99.9266
wnnr	1	723346	99.9268
woede	1	723347	99.9269
woehoeeeiiiii	1	723348	99.9271
woelig	1	723349	99.9272
woensdags	1	723350	99.9273
woensdagvond	1	723351	99.9275
woensels	1	723352	99.9276
woepie	1	723353	99.9278
woerden	1	723354	99.9279
woet	1	723355	99.928
wok-takeaway	1	723356	99.9282
wokchinees	1	723357	99.9283
wokgroente	1	723358	99.9284
wolkbreuk	1	723359	99.9286
wollig	1	723360	99.9287
wolters	1	723361	99.9289
women	1	723362	99.929
wondelgem	1	723363	99.9291
wonderflux	1	723364	99.9293
wonderkus	1	723365	99.9294
wonderlijk	1	723366	99.9295
woningmarkt	1	723367	99.9297
woom	1	723368	99.9298
woonachtig	1	723369	99.93
woonboelevaren	1	723370	99.9301
woonboot	1	723371	99.9302
woonplaats	1	723372	99.9304
woonrecht	1	723373	99.9305
woonruimte	1	723374	99.9307
woonservice	1	723375	99.9308
woonwagen	1	723376	99.9309
woonwinkel	1	723377	99.9311
wooohoohoo	1	723378	99.9312
wooooooooooooooow	1	723379	99.9313
wooooooow	1	723380	99.9315
woooow	1	723381	99.9316
wooot	1	723382	99.9318
wooow	1	723383	99.9319
woops	1	723384	99.932
woopwoop	1	723385	99.9322
woordenboekfunctie	1	723386	99.9323
woordencollage	1	723387	99.9324
woordkeuze	1	723388	99.9326
woot	1	723389	99.9327
wop	1	723390	99.9329
woppa	1	723391	99.933
wordet	1	723392	99.9331
wordfeud	1	723393	99.9333
wordfeuddate	1	723394	99.9334
woren	1	723395	99.9336
worked	1	723396	99.9337
works	1	723397	99.9338
workspace	1	723398	99.934
worrying	1	723399	99.9341
worse	1	723400	99.9342
worstebroodje	1	723401	99.9344
worstenfeest	1	723402	99.9345
worteltjestaart	1	723403	99.9347
wost	1	723404	99.9348
woud	1	723405	99.9349
wouik	1	723406	99.9351
wouldve	1	723407	99.9352
wouwersdreef	1	723408	99.9353
wouwersnest	1	723409	99.9355
wprk	1	723410	99.9356
wraak	1	723411	99.9358
wraauuwwwwww	1	723412	99.9359
wriemelen	1	723413	99.936
writers	1	723414	99.9362
writes	1	723415	99.9363
wrom	1	723416	99.9365
wrsl	1	723417	99.9366
wryving	1	723418	99.9367
wslijk	1	723419	99.9369
wsregem	1	723420	99.937
wsrschlk	1	723421	99.9371
wsschnlijk	1	723422	99.9373
wt	1	723423	99.9374
wten	1	723424	99.9376
wuj	1	723425	99.9377
wulle	1	723426	99.9378
wunderbar	1	723427	99.938
wundwrbar	1	723428	99.9381
wuoj	1	723429	99.9382
wussies	1	723430	99.9384
wut	1	723431	99.9385
wuvet	1	723432	99.9387
wvttk	1	723433	99.9388
wwekend	1	723434	99.9389
www	1	723435	99.9391
www.aaro-sa.com	1	723436	99.9392
www.celluloid-heroes.com	1	723437	99.9394
www.chirowvl.be	1	723438	99.9395
www.comedycentral.nl/newkids	1	723439	99.9396
www.dfib.net	1	723440	99.9398
www.dirkjekuik.com	1	723441	99.9399
www.janne-en-tobe.be	1	723442	99.94
www.kbc.be/gsapart	1	723443	99.9402
www.perspectief.nu	1	723444	99.9403
www.rotaractnijmegen.nl	1	723445	99.9405
www.ruuster.nl	1	723446	99.9406
www.sonarproject.be	1	723447	99.9407
www.versvooru.nl	1	723448	99.9409
wys	1	723449	99.941
wyze	1	723450	99.9412
wàt	1	723451	99.9413
wéten	1	723452	99.9414
wìl	1	723453	99.9416
x-factor	1	723454	99.9417
x-msn	1	723455	99.9418
xM	1	723456	99.942
xX	1	723457	99.9421
xa	1	723458	99.9423
xdenise	1	723459	99.9424
xfm	1	723460	99.9425
xich	1	723461	99.9427
xkxk	1	723462	99.9428
xl	1	723463	99.9429
xlat	1	723464	99.9431
xmaar	1	723465	99.9432
xmar	1	723466	99.9434
xmas	1	723467	99.9435
xo	1	723468	99.9436
xs	1	723469	99.9438
xtje	1	723470	99.9439
xxX	1	723471	99.9441
xxj	1	723472	99.9442
xxwillemijn	1	723473	99.9443
xxxk	1	723474	99.9445
xxxxxoxoxoxoxoxo	1	723475	99.9446
xxxxxxxxxx@hotmail.com	1	723476	99.9447
xxxxxxxxxxcxxxxx	1	723477	99.9449
xxxxxxxxxxxx	1	723478	99.945
xxxxxxxxxxxxxxxxxxxxxxx	1	723479	99.9452
xxxxxxxxxxxxxxxxxxxxxxxxxxxxxxxx	1	723480	99.9453
xxxxxxxxxxxxxxxxxxxxxxxxxxxxxxxxxx	1	723481	99.9454
xxxxxxxxxxxxxxxxxxxxxxxxxxxxxxxxxxxxxx	1	723482	99.9456
xxxxxxxxxxxxxxxxxxxxxxxxxxxxxxxxxxxxxxxxx	1	723483	99.9457
xxxxxxxxxxxxxxxxxxxxxxxxxxxxxxxxxxxxxxxxxx	1	723484	99.9458
xxxxxxxxxxxxxxxxxxxxxxxxxxxxxxxxxxxxxxxxxxxxxxxxx	1	723485	99.946
xxxxxxxxxxxxxxxxxxxxxxxxxxxxxxxxxxxxxxxxxxxxxxxxxx	1	723486	99.9461
xxxxxxxxxxxxxxxxxxxxxxxxxxxxxxxxxxxxxxxxxxxxxxxxxxx	1	723487	99.9463
xxxxxxxxxxxxxxxxxxxxxxxxxxxxxxxxxxxxxxxxxxxxxxxxxxxxxxxxxxxxxxxxxxxxxxxxxxxxx	1	723488	99.9464
xxxxxxxxxxxxxxxxxxxxxxxxxxxxxxxxxxxxxxxxxxxxxxxxxxxxxxxxxxxxxxxxxxxxxxxxxxxxxxxxxxxxxxxxxxxdxxxxxxxxxxxxxxxxxxxxxxxxx	1	723489	99.9465
xxxxxxxxxxxxxxxxxxxxxxxxxxxxxxxxxxxxxxxxxxxxxxxxxxxxxxxxxxxxxxxxxxxxxxxxxxxxxxxxxxxxxxxxxxxxxxxxxxxxxxxxxxxxxxxxxxxxxxxxxxxxxxxxxxxxxxxxxxxxxxxxxx	1	723490	99.9467
xxxxxxxxxxxxxxxzzzzzzzzzzzzzzzzzzzzzzz	1	723491	99.9468
xxxz	1	723492	99.947
xxy	1	723493	99.9471
xy	1	723494	99.9472
xz	1	723495	99.9474
xzx	1	723496	99.9475
yah	1	723497	99.9476
yahoo	1	723498	99.9478
yan	1	723499	99.9479
year-off-hell	1	723500	99.9481
year-old	1	723501	99.9482
years	1	723502	99.9483
yeee	1	723503	99.9485
yeeeeaaAhhhh	1	723504	99.9486
yeh	1	723505	99.9487
yellowmind	1	723506	99.9489
yen	1	723507	99.949
yeo	1	723508	99.9492
yey	1	723509	99.9493
yihaa	1	723510	99.9494
yihaaa	1	723511	99.9496
yihaaaaaaaaaa	1	723512	99.9497
ynknown	1	723513	99.9499
yoghurtpot	1	723514	99.95
yolande	1	723515	99.9501
yolene	1	723516	99.9503
yoo	1	723517	99.9504
yooo	1	723518	99.9505
yord	1	723519	99.9507
yosemite	1	723520	99.9508
you.can	1	723521	99.951
youjizz	1	723522	99.9511
yourself	1	723523	99.9512
youtube-film	1	723524	99.9514
youuuu	1	723525	99.9515
youuuuuuuu	1	723526	99.9516
yoy	1	723527	99.9518
yp	1	723528	99.9519
yr	1	723529	99.9521
yrein	1	723530	99.9522
yuliuskilometermooi	1	723531	99.9523
yum	1	723532	99.9525
yuuuw	1	723533	99.9526
yv	1	723534	99.9528
yvan	1	723535	99.9529
yvank	1	723536	99.953
yvon	1	723537	99.9532
yypen	1	723538	99.9533
z-as	1	723539	99.9534
z-blok	1	723540	99.9536
z.	1	723541	99.9537
zEla	1	723542	99.9539
za-team	1	723543	99.954
za.	1	723544	99.9541
za^^	1	723545	99.9543
zaadvinger	1	723546	99.9544
zaagmans	1	723547	99.9546
zaalvoetbal	1	723548	99.9547
zaats	1	723549	99.9548
zachtaardigheid	1	723550	99.955
zachtheid	1	723551	99.9551
zachtmoedigheid	1	723552	99.9552
zadden	1	723553	99.9554
zagreb	1	723554	99.9555
zakenreis	1	723555	99.9557
zakgeldverhoging	1	723556	99.9558
zallek	1	723557	99.9559
zalmquiche	1	723558	99.9561
zang	1	723559	99.9562
zanggeweld	1	723560	99.9563
zanglesstudent	1	723561	99.9565
zarzadzajacej	1	723562	99.9566
zatdrinken	1	723563	99.9568
zatedag	1	723564	99.9569
zaterdagavn	1	723565	99.957
zaterdagen	1	723566	99.9572
zaterdagmorgen	1	723567	99.9573
zaterdags	1	723568	99.9575
zaterdagsessie	1	723569	99.9576
zaterdagvm	1	723570	99.9577
zaterden	1	723571	99.9579
zaterfag	1	723572	99.958
zateroverdag	1	723573	99.9581
zatrdagmiddag	1	723574	99.9583
zatte	1	723575	99.9584
zattie	1	723576	99.9586
zattigheid	1	723577	99.9587
zaveri	1	723578	99.9588
zazie	1	723579	99.959
zchilderen	1	723580	99.9591
ze.be	1	723581	99.9592
ze.x	1	723582	99.9594
zebbe	1	723583	99.9595
zebben	1	723584	99.9597
zebra-papier	1	723585	99.9598
zebrakoek	1	723586	99.9599
zebrastr	1	723587	99.9601
zedelgem	1	723588	99.9602
zeebaars	1	723589	99.9604
zeebrugge	1	723590	99.9605
zeedijk	1	723591	99.9606
zeeen	1	723592	99.9608
zeeer	1	723593	99.9609
zeef	1	723594	99.961
zeeker	1	723595	99.9612
zeeland	1	723596	99.9613
zeemonster	1	723597	99.9615
zeerste	1	723598	99.9616
zeevrucht	1	723599	99.9617
zeezicht	1	723600	99.9619
zeeziek	1	723601	99.962
zeezottentijd	1	723602	99.9621
zeeën	1	723603	99.9623
zeg	1	723604	99.9624
zege	1	723605	99.9626
zegenen	1	723606	99.9627
zegg	1	723607	99.9628
zeggen-dat	1	723608	99.963
zeggen.se	1	723609	99.9631
zegget	1	723610	99.9633
zeggwn	1	723611	99.9634
zegmaar	1	723612	99.9635
zegn	1	723613	99.9637
zegt	1	723614	99.9638
zegtem	1	723615	99.9639
zei.hij	1	723616	99.9641
zeikerd	1	723617	99.9642
zeil-toevoeging	1	723618	99.9644
zeilboot	1	723619	99.9645
zeilmeisje	1	723620	99.9646
zeilplezier	1	723621	99.9648
zeilweekend	1	723622	99.9649
zeilweer	1	723623	99.965
zeilze	1	723624	99.9652
zeistpas	1	723625	99.9653
zekah	1	723626	99.9655
zekerheidskwestie	1	723627	99.9656
zekerheidsrecht	1	723628	99.9657
zekert	1	723629	99.9659
zeket	1	723630	99.966
zelde	1	723631	99.9662
zeldzaam	1	723632	99.9663
zelfbevrediging	1	723633	99.9664
zelfcursus	1	723634	99.9666
zelfgemaakte	1	723635	99.9667
zelfmoordpreventie	1	723636	99.9668
zelfst.	1	723637	99.967
zelfstandig	1	723638	99.9671
zelfstandigheid	1	723639	99.9673
zell	1	723640	99.9674
zelve	1	723641	99.9675
zemelachtig	1	723642	99.9677
zemmet	1	723643	99.9678
zencursus	1	723644	99.968
zending	1	723645	99.9681
zene	1	723646	99.9682
zengerink	1	723647	99.9684
zenuwslopend	1	723648	99.9685
zeppelin	1	723649	99.9686
zeshonderd	1	723650	99.9688
zestien	1	723651	99.9689
zestig	1	723652	99.9691
zeuntje	1	723653	99.9692
zeur-hoofdpijn	1	723654	99.9693
zeus	1	723655	99.9695
zevenbergen	1	723656	99.9696
zevental	1	723657	99.9697
zever	1	723658	99.9699
zhem	1	723659	99.97
zichy	1	723660	99.9702
zidewinde	1	723661	99.9703
zieet	1	723662	99.9704
ziekenbezoek	1	723663	99.9706
ziekenfonds	1	723664	99.9707
ziekenhuisapparatuur	1	723665	99.9709
ziekenhuisbal	1	723666	99.971
ziekenhuisboek	1	723667	99.9711
ziekig	1	723668	99.9713
ziekskes	1	723669	99.9714
ziekte	1	723670	99.9715
ziekteverlof	1	723671	99.9717
ziektewet	1	723672	99.9718
zielepot	1	723673	99.972
zielloos	1	723674	99.9721
zielsveel	1	723675	99.9722
zietsewel	1	723676	99.9724
zigeuner	1	723677	99.9725
ziin	1	723678	99.9726
ziiten	1	723679	99.9728
zijb	1	723680	99.9729
zijkan	1	723681	99.9731
zijlijn	1	723682	99.9732
zijlschip	1	723683	99.9733
zijm	1	723684	99.9735
zijn.to	1	723685	99.9736
zijnxd	1	723686	99.9738
zijvak	1	723687	99.9739
zijwiel	1	723688	99.974
zillegem	1	723689	99.9742
zilleghem	1	723690	99.9743
zilver	1	723691	99.9744
zilveren	1	723692	99.9746
zilverpapier	1	723693	99.9747
zinebben	1	723694	99.9749
zinin	1	723695	99.975
zinken	1	723696	99.9751
zinnigers	1	723697	99.9753
zino	1	723698	99.9754
zippen	1	723699	99.9755
zir	1	723700	99.9757
zit.no	1	723701	99.9758
zita	1	723702	99.976
zitin	1	723703	99.9761
zitj	1	723704	99.9762
zitmeubilair	1	723705	99.9764
zitplek	1	723706	99.9765
zittek	1	723707	99.9767
zittem	1	723708	99.9768
zittijd	1	723709	99.9769
zittnwe	1	723710	99.9771
zitzakzetel	1	723711	99.9772
zitze	1	723712	99.9773
ziën	1	723713	99.9775
zjelòne	1	723714	99.9776
zjoke	1	723715	99.9778
zju	1	723716	99.9779
zn.	1	723717	99.978
zo-ochtend	1	723718	99.9782
zo-zo	1	723719	99.9783
zoal	1	723720	99.9784
zocht	1	723721	99.9786
zodawe	1	723722	99.9787
zodirect	1	723723	99.9789
zodus	1	723724	99.979
zoekactie	1	723725	99.9791
zoeker	1	723726	99.9793
zoekkaart	1	723727	99.9794
zoekresultaat	1	723728	99.9796
zoem	1	723729	99.9797
zoene	1	723730	99.9798
zoenie	1	723731	99.98
zoey	1	723732	99.9801
zogenaamd	1	723733	99.9802
zoja	1	723734	99.9804
zojn	1	723735	99.9805
zomedrekkies	1	723736	99.9807
zomeravond	1	723737	99.9808
zomerbroek	1	723738	99.9809
zomerklaar	1	723739	99.9811
zomers	1	723740	99.9812
zomerslaap	1	723741	99.9814
zomertype	1	723742	99.9815
zomerweer	1	723743	99.9816
zondad	1	723744	99.9818
zondagactiviteit	1	723745	99.9819
zondagmuziek	1	723746	99.982
zondagnamiddag	1	723747	99.9822
zondagschool	1	723748	99.9823
zondagvoormiddag	1	723749	99.9825
zondigen	1	723750	99.9826
zondvloed	1	723751	99.9827
zonlicht	1	723752	99.9829
zonnaturadchap	1	723753	99.983
zonne	1	723754	99.9831
zonneallergie	1	723755	99.9833
zonnebanktegoed	1	723756	99.9834
zonnecreme	1	723757	99.9836
zonnegloed	1	723758	99.9837
zonnepaneel	1	723759	99.9838
zonneslag	1	723760	99.984
zool	1	723761	99.9841
zoom	1	723762	99.9843
zooooo	1	723763	99.9844
zoooooo	1	723764	99.9845
zoow	1	723765	99.9847
zopas	1	723766	99.9848
zopie	1	723767	99.9849
zorgd	1	723768	99.9851
zorgn	1	723769	99.9852
zorgvoorziening	1	723770	99.9854
zorgvuldig	1	723771	99.9855
zorgzaam	1	723772	99.9856
zotgrappig	1	723773	99.9858
zotjes	1	723774	99.9859
zottekot	1	723775	99.986
zottin	1	723776	99.9862
zou.	1	723777	99.9863
zoudn	1	723778	99.9865
zovaak	1	723779	99.9866
zowé	1	723780	99.9867
zoxxx	1	723781	99.9869
zr	1	723782	99.987
zstudio	1	723783	99.9872
zuden	1	723784	99.9873
zuidpoort	1	723785	99.9874
zuidwaarts	1	723786	99.9876
zuidwesten	1	723787	99.9877
zuidwilhelmsvaart	1	723788	99.9878
zuienkerke	1	723789	99.988
zuip	1	723790	99.9881
zuipend	1	723791	99.9883
zuipinge	1	723792	99.9884
zuipkaart	1	723793	99.9885
zuipschuit	1	723794	99.9887
zuiptime	1	723795	99.9888
zuiver	1	723796	99.9889
zullm	1	723797	99.9891
zulu	1	723798	99.9892
zumbale	1	723799	99.9894
zusch	1	723800	99.9895
zuse	1	723801	99.9896
zuslief	1	723802	99.9898
zussendag	1	723803	99.9899
zusta	1	723804	99.9901
zustah	1	723805	99.9902
zusterlief	1	723806	99.9903
zutendaal	1	723807	99.9905
zuuh	1	723808	99.9906
zuurkoolstamp	1	723809	99.9907
zuuuuuuup	1	723810	99.9909
zwaaaar	1	723811	99.991
zwaaar	1	723812	99.9912
zwaagmans	1	723813	99.9913
zwaai	1	723814	99.9914
zwaaikunst	1	723815	99.9916
zwaailicht	1	723816	99.9917
zwaargewonde	1	723817	99.9918
zwaartekracht	1	723818	99.992
zwaartepunt	1	723819	99.9921
zwager	1	723820	99.9923
zwangerschapsdementie	1	723821	99.9924
zwangerschapstest	1	723822	99.9925
zware	1	723823	99.9927
zwartgeblakerd	1	723824	99.9928
zweetband	1	723825	99.993
zweetcoma	1	723826	99.9931
zwei	1	723827	99.9932
zwellen	1	723828	99.9934
zwembadfeest	1	723829	99.9935
zwemband	1	723830	99.9936
zwembril	1	723831	99.9938
zwemkaart	1	723832	99.9939
zwemluier	1	723833	99.9941
zwemme	1	723834	99.9942
zwempas	1	723835	99.9943
zwemsessie	1	723836	99.9945
zwemshort	1	723837	99.9946
zwieren	1	723838	99.9948
zwijn	1	723839	99.9949
zwijnaarde	1	723840	99.995
zwijnaardse	1	723841	99.9952
zwine	1	723842	99.9953
zwitsers	1	723843	99.9954
zwoegen	1	723844	99.9956
zwoeien	1	723845	99.9957
zym	1	723846	99.9959
zzz	1	723847	99.996
zzzzzzzzzzz	1	723848	99.9961
zzzzzzzzzzzzzzz	1	723849	99.9963
zéér	1	723850	99.9964
zíe	1	723851	99.9965
zó'n	1	723852	99.9967
zóveel	1	723853	99.9968
zürich	1	723854	99.997
{	1	723855	99.9971
~	1	723856	99.9972
´k	1	723857	99.9974
¿	1	723858	99.9975
Øt	1	723859	99.9977
álles	1	723860	99.9978
ándere	1	723861	99.9979
áán	1	723862	99.9981
älskar	1	723863	99.9982
är	1	723864	99.9983
éf	1	723865	99.9985
épuisée	1	723866	99.9986
één	1	723867	99.9988
ík	1	723868	99.9989
óveral	1	723869	99.999
ôôght	1	723870	99.9992
õcko	1	723871	99.9993
über	1	723872	99.9994
überafhaak	1	723873	99.9996
καλή	1	723874	99.9997
μητέρα	1	723875	99.9999
jes	1	723876	100
