.	28810	28810	3.97996
!	23820	52630	7.27058
,	23603	76233	10.5312
?	16978	93211	12.8767
je	12776	105987	14.6416
ik	11431	117418	16.2207
de	10789	128207	17.7112
het	8676	136883	18.9097
en	7515	144398	19.9479
een	6981	151379	20.9123
in	6948	158327	21.8721
is	6703	165030	22.7981
Ik	6271	171301	23.6644
...	6249	177550	24.5277
niet	6081	183631	25.3677
nog	6000	189631	26.1966
dat	5845	195476	27.0041
van	5707	201183	27.7925
wel	4924	206107	28.4727
op	4840	210947	29.1413
maar	4541	215488	29.7686
ook	4398	219886	30.3762
X	4393	224279	30.9831
'	4296	228575	31.5765
met	4216	232791	32.159
te	4144	236935	32.7314
voor	4119	241054	33.3005
er	3624	244678	33.8011
dan	3307	247985	34.2579
naar	3205	251190	34.7007
ben	3173	254363	35.139
nu	3112	257475	35.5689
al	3058	260533	35.9914
heb	3046	263579	36.4122
om	3006	266585	36.8274
zijn	2904	269489	37.2286
we	2884	272373	37.627
:)	2863	275236	38.0225
aan	2721	277957	38.3984
:	2719	280676	38.774
:-)	2681	283357	39.1444
goed	2601	285958	39.5037
bij	2590	288548	39.8615
was	2404	290952	40.1936
)	2295	293247	40.5107
of	2157	295404	40.8086
weer	2080	297484	41.096
zo	2057	299541	41.3802
..	2048	301589	41.6631
morgen	2043	303632	41.9453
die	2019	305651	42.2242
kan	1994	307645	42.4997
dus	1960	309605	42.7704
u	1910	311515	43.0343
als	1884	313399	43.2946
jou	1801	315200	43.5434
gaan	1763	316963	43.7869
Ja	1740	318703	44.0273
ze	1732	320435	44.2666
ga	1717	322152	44.5038
me	1705	323857	44.7393
wat	1690	325547	44.9728
jij	1665	327212	45.2028
mijn	1604	328816	45.4244
Ben	1546	330362	45.6379
even	1517	331879	45.8475
Heb	1515	333394	46.0568
moet	1497	334891	46.2636
thuis	1495	336386	46.4701
En	1494	337880	46.6765
toch	1461	339341	46.8783
vanavond	1450	340791	47.0786
veel	1381	342172	47.2694
doen	1351	343523	47.4561
jullie	1342	344865	47.6414
mij	1339	346204	47.8264
;)	1325	347529	48.0095
lekker	1297	348826	48.1886
Hey	1295	350121	48.3675
daar	1243	351364	48.5393
tot	1242	352606	48.7108
mee	1232	353838	48.881
Tot	1227	355065	49.0505
Hoe	1216	356281	49.2185
gaat	1208	357489	49.3854
geen	1199	358688	49.551
"	1192	359880	49.7157
hier	1165	361045	49.8766
over	1162	362207	50.0372
(	1161	363368	50.1975
iets	1159	364527	50.3577
laat	1157	365684	50.5175
vandaag	1157	366841	50.6773
net	1132	367973	50.8337
komen	1128	369101	50.9895
eten	1121	370222	51.1444
t	1110	371332	51.2977
hoor	1102	372434	51.45
uit	1099	373533	51.6018
x	1089	374622	51.7522
hoe	1082	375704	51.9017
hebben	1067	376771	52.0491
uur	1058	377829	52.1953
We	1054	378883	52.3409
straks	1040	379923	52.4845
meer	1027	380950	52.6264
zal	1000	381950	52.7646
leuk	976	382926	52.8994
denk	972	383898	53.0337
kom	963	384861	53.1667
eens	955	385816	53.2986
Haha	938	386754	53.4282
;-)	924	387678	53.5559
echt	922	388600	53.6832
kunnen	905	389505	53.8082
zit	878	390383	53.9295
-	865	391248	54.049
:p	862	392110	54.1681
had	853	392963	54.286
Maar	838	393801	54.4017
heel	825	394626	54.5157
1	821	395447	54.6291
Groetjes	819	396266	54.7422
Kus	808	397074	54.8539
Kusjes	808	397882	54.9655
ja	802	398684	55.0763
wil	796	399480	55.1862
Is	787	400267	55.295
week	781	401048	55.4029
tijd	754	401802	55.507
weet	754	402556	55.6112
ff	752	403308	55.7151
komt	751	404059	55.8188
weten	751	404810	55.9226
Het	739	405549	56.0247
da	725	406274	56.1248
Hoi	724	406998	56.2248
Xx	719	407717	56.3241
he	719	408436	56.4235
Nee	709	409145	56.5214
3	708	409853	56.6192
half	708	410561	56.717
Je	707	411268	56.8147
dag	703	411971	56.9118
<	697	412668	57.0081
heeft	696	413364	57.1043
2	695	414059	57.2003
you	691	414750	57.2957
beetje	689	415439	57.3909
plezier	688	416127	57.486
trein	682	416809	57.5802
bent	681	417490	57.6742
hebt	680	418170	57.7682
zin	677	418847	57.8617
anders	665	419512	57.9536
Xxx	659	420171	58.0446
kijken	647	420818	58.134
kus	647	421465	58.2234
alles	645	422110	58.3125
Ok	636	422746	58.4003
af	636	423382	58.4882
zou	634	424016	58.5758
terug	631	424647	58.6629
Wat	619	425266	58.7485
Dat	615	425881	58.8334
huis	608	426489	58.9174
n	607	427096	59.0013
!!	601	427697	59.0843
werk	599	428296	59.167
weg	597	428893	59.2495
;	594	429487	59.3316
Veel	592	430079	59.4134
Als	590	430669	59.4949
pas	586	431255	59.5758
De	585	431840	59.6566
lief	574	432414	59.7359
keer	570	432984	59.8147
gewoon	565	433549	59.8927
weekend	561	434110	59.9702
mn	560	434670	60.0476
Hou	554	435224	60.1241
Persoon	553	435777	60.2005
/	546	436323	60.2759
zeker	545	436868	60.3512
Kusje	544	437412	60.4264
ma	544	437956	60.5015
na	543	438499	60.5765
Nu	542	439041	60.6514
hij	538	439579	60.7257
waar	537	440116	60.7999
:P	536	440652	60.874
door	536	441188	60.948
rond	534	441722	61.0218
zien	530	442252	61.095
Nog	528	442780	61.1679
moeten	520	443300	61.2398
Ga	516	443816	61.3111
Was	510	444326	61.3815
mag	509	444835	61.4518
werken	506	445341	61.5217
ons	504	445845	61.5913
alleen	498	446343	61.6601
Oh	496	446839	61.7287
the	494	447333	61.7969
ok	490	447823	61.8646
:D	489	448312	61.9322
to	489	448801	61.9997
mooi	488	449289	62.0671
zitten	485	449774	62.1341
Dan	483	450257	62.2008
erg	483	450740	62.2676
Dikke	482	451222	62.3342
want	478	451700	62.4002
gehad	477	452177	62.4661
zie	475	452652	62.5317
gedaan	467	453119	62.5962
snel	465	453584	62.6605
slapen	464	454048	62.7246
>	460	454508	62.7881
ni	459	454967	62.8515
prima	451	455418	62.9138
tegen	449	455867	62.9758
I	448	456315	63.0377
m'n	448	456763	63.0996
trouwens	443	457206	63.1608
Jij	442	457648	63.2219
graag	441	458089	63.2828
hé	440	458529	63.3436
wordt	439	458968	63.4042
beter	435	459403	63.4643
....	434	459837	63.5243
misschien	431	460268	63.5838
#	425	460693	63.6425
a	422	461115	63.7008
ging	418	461533	63.7586
He	417	461950	63.8162
bellen	414	462364	63.8734
deze	412	462776	63.9303
Zal	408	463184	63.9866
later	408	463592	64.043
klaar	405	463997	64.099
10	396	464393	64.1537
dit	396	464789	64.2084
Wij	395	465184	64.2629
Ha	392	465576	64.3171
bijna	392	465968	64.3712
gezellig	391	466359	64.4253
Kom	390	466749	64.4791
hem	390	467139	64.533
maken	387	467526	64.5865
Sorry	386	467912	64.6398
Morgen	385	468297	64.693
haar	383	468680	64.7459
Kan	380	469060	64.7984
:(	379	469439	64.8507
nr	378	469817	64.903
kusjes	372	470189	64.9544
Hee	371	470560	65.0056
drinken	369	470929	65.0566
ge	369	471298	65.1076
bed	366	471664	65.1581
Zit	364	472028	65.2084
5	362	472390	65.2584
laten	358	472748	65.3079
Gr	357	473105	65.3572
verjaardag	356	473461	65.4064
geweest	355	473816	65.4554
worden	354	474170	65.5043
gisteren	352	474522	65.5529
hou	350	474872	65.6013
lang	350	475222	65.6496
staat	346	475568	65.6974
succes	343	475911	65.7448
langs	342	476253	65.7921
liefje	341	476594	65.8392
halen	340	476934	65.8861
Goed	338	477272	65.9328
volgende	337	477609	65.9794
vr	336	477945	66.0258
Succes	335	478280	66.0721
binnen	335	478615	66.1184
8	334	478949	66.1645
hoop	333	479282	66.2105
xx	332	479614	66.2564
altijd	327	479941	66.3015
eigenlijk	327	480268	66.3467
staan	327	480595	66.3919
sms	326	480921	66.4369
Slaap	325	481246	66.4818
vroeg	324	481570	66.5266
XxX	321	481891	66.5709
6	319	482210	66.615
't	318	482528	66.6589
zaterdag	317	482845	66.7027
auto	314	483159	66.7461
gezien	314	483473	66.7895
vrijdag	314	483787	66.8329
sorry	313	484100	66.8761
verder	312	484412	66.9192
steeds	308	484720	66.9617
7	307	485027	67.0042
Waar	307	485334	67.0466
doe	307	485641	67.089
nie	307	485948	67.1314
wij	307	486255	67.1738
Moet	306	486561	67.2161
best	305	486866	67.2582
4	304	487170	67.3002
bezig	302	487472	67.3419
Weet	301	487773	67.3835
druk	300	488073	67.4249
ofzo	298	488371	67.4661
wanneer	298	488669	67.5073
<DECIMAL>	295	488964	67.548
Laat	295	489259	67.5888
Zo	294	489553	67.6294
vergeten	293	489846	67.6699
hele	292	490138	67.7102
m	288	490426	67.75
Ze	287	490713	67.7896
jouw	287	491000	67.8293
Of	286	491286	67.8688
helemaal	286	491572	67.9083
aant	284	491856	67.9475
eerst	284	492140	67.9868
and	283	492423	68.0259
schatje	281	492704	68.0647
zondag	281	492985	68.1035
andere	279	493264	68.1421
natuurlijk	279	493543	68.1806
Ah	278	493821	68.219
samen	278	494099	68.2574
zelf	278	494377	68.2958
nieuwe	276	494653	68.3339
!?	273	494926	68.3717
Geen	273	495199	68.4094
Jeroen	273	495472	68.4471
vind	271	495743	68.4845
min	269	496012	68.5217
wachten	269	496281	68.5588
Groeten	267	496548	68.5957
wakker	267	496815	68.6326
Dus	266	497081	68.6694
niets	266	497347	68.7061
niks	266	497613	68.7429
Die	264	497877	68.7793
Hier	263	498140	68.8157
Wel	263	498403	68.852
zeggen	263	498666	68.8883
mail	262	498928	68.9245
allemaal	261	499189	68.9606
avond	261	499450	68.9966
nodig	260	499710	69.0325
laatste	259	499969	69.0683
9	258	500227	69.104
Al	257	500484	69.1395
fijn	257	500741	69.175
vast	255	500996	69.2102
Bedankt	254	501250	69.2453
Alles	253	501503	69.2802
&	251	501754	69.3149
Lekker	250	502004	69.3494
idee	250	502254	69.384
stad	249	502503	69.4184
dikke	245	502748	69.4522
geslapen	245	502993	69.4861
ie	245	503238	69.5199
maandag	244	503482	69.5536
vakantie	244	503726	69.5873
Niet	242	503968	69.6208
Zie	241	504209	69.6541
groetjes	241	504450	69.6873
schat	241	504691	69.7206
Ela	239	504930	69.7537
Wil	239	505169	69.7867
vanaf	239	505408	69.8197
Denk	237	505645	69.8524
bel	235	505880	69.8849
for	235	506115	69.9174
vanmiddag	235	506350	69.9498
willen	235	506585	69.9823
20	234	506819	70.0146
daarna	233	507052	70.0468
dacht	232	507284	70.0789
12	231	507515	70.1108
hè	231	507746	70.1427
at	230	507976	70.1744
alweer	228	508204	70.2059
vragen	228	508432	70.2374
idd	227	508659	70.2688
kunt	226	508885	70.3
bedankt	225	509110	70.3311
!!!	220	509330	70.3615
tis	219	509549	70.3918
helaas	218	509767	70.4219
jaar	218	509985	70.452
bus	217	510202	70.482
station	217	510419	70.5119
vrij	217	510636	70.5419
probleem	216	510852	70.5718
zeg	216	511068	70.6016
Xje	215	511283	70.6313
moest	215	511498	70.661
nee	215	511713	70.6907
omdat	215	511928	70.7204
wa	215	512143	70.7501
Dag	214	512357	70.7797
Zijn	213	512570	70.8091
30	212	512782	70.8384
eerste	212	512994	70.8677
Liefs	211	513205	70.8968
Mijn	211	513416	70.926
lukken	209	513625	70.9548
Vanavond	207	513832	70.9834
Zou	207	514039	71.012
donderdag	207	514246	71.0406
plan	207	514453	71.0692
Hmm	206	514659	71.0977
Misschien	206	514865	71.1261
das	206	515071	71.1546
doet	205	515276	71.1829
ergens	205	515481	71.2112
leuke	205	515686	71.2395
twee	205	515891	71.2679
xxx	205	516096	71.2962
Er	204	516300	71.3244
Had	204	516504	71.3526
:-(	203	516707	71.3806
Een	203	516910	71.4086
In	203	517113	71.4367
Met	203	517316	71.4647
Me	202	517518	71.4926
e	201	517719	71.5204
Hij	200	517919	71.548
mss	200	518119	71.5757
wilde	198	518317	71.603
Heej	197	518514	71.6302
Leuk	197	518711	71.6574
Nou	197	518908	71.6847
geven	197	519105	71.7119
mama	197	519302	71.7391
woensdag	197	519499	71.7663
kun	196	519695	71.7934
toe	196	519891	71.8204
Wanneer	195	520086	71.8474
Anders	194	520280	71.8742
Tilburg	194	520474	71.901
man	194	520668	71.9278
achter	193	520861	71.9545
liggen	193	521054	71.9811
fiets	192	521246	72.0076
reis	192	521438	72.0342
telefoon	192	521630	72.0607
mooie	191	521821	72.0871
be	190	522011	72.1133
dingen	190	522201	72.1396
mensen	189	522390	72.1657
blij	188	522578	72.1916
dagen	188	522766	72.2176
kusje	188	522954	72.2436
slaap	188	523142	72.2696
super	188	523330	72.2955
paar	187	523517	72.3214
buiten	186	523703	72.3471
alle	185	523888	72.3726
Doe	184	524072	72.398
dinsdag	183	524255	72.4233
i	183	524438	72.4486
wilt	183	524621	72.4739
*	182	524803	72.499
Hé	182	524985	72.5242
zullen	182	525167	72.5493
'm	181	525348	72.5743
Van	181	525529	72.5993
onderweg	181	525710	72.6243
Anke	180	525890	72.6492
onze	180	526070	72.674
uni	180	526250	72.6989
gefeliciteerd	179	526429	72.7236
nummer	179	526608	72.7484
on	179	526787	72.7731
rustig	179	526966	72.7978
Oke	178	527144	72.8224
meenemen	178	527322	72.847
moe	178	527500	72.8716
ouders	178	527678	72.8962
afspreken	177	527855	72.9206
blijven	177	528032	72.9451
proberen	177	528209	72.9695
wie	177	528386	72.994
Mooi	176	528562	73.0183
benieuwd	176	528738	73.0426
genoeg	176	528914	73.0669
mis	176	529090	73.0912
spreken	176	529266	73.1156
waren	176	529442	73.1399
Heel	175	529617	73.1641
iemand	175	529792	73.1882
lieveke	175	529967	73.2124
tussen	175	530142	73.2366
vond	175	530317	73.2608
Geniet	174	530491	73.2848
inderdaad	174	530665	73.3088
ist	173	530838	73.3327
kon	173	531011	73.3566
Zin	172	531183	73.3804
rijden	172	531355	73.4041
vinden	172	531527	73.4279
my	171	531698	73.4515
euro	170	531868	73.475
sturen	169	532037	73.4984
uurtje	169	532206	73.5217
elkaar	168	532374	73.5449
jammer	168	532542	73.5681
volgens	168	532710	73.5913
kopen	167	532877	73.6144
ligt	167	533044	73.6375
lijkt	167	533211	73.6605
Tis	166	533377	73.6835
minuten	166	533543	73.7064
Kga	165	533708	73.7292
Mis	165	533873	73.752
toevallig	165	534038	73.7748
gebeld	164	534202	73.7974
gegaan	164	534366	73.8201
kwart	164	534530	73.8428
neem	164	534694	73.8654
Hopelijk	163	534857	73.8879
nemen	163	535020	73.9104
11	162	535182	73.9328
lopen	162	535344	73.9552
Oei	161	535505	73.9774
Oké	161	535666	73.9997
open	161	535827	74.0219
plannen	161	535988	74.0442
Bij	159	536147	74.0661
Kun	159	536306	74.0881
Wiel	159	536465	74.1101
gij	159	536624	74.132
meisje	159	536783	74.154
eet	158	536941	74.1758
gelukkig	158	537099	74.1977
geval	158	537257	74.2195
horen	158	537415	74.2413
p	158	537573	74.2631
precies	158	537731	74.285
via	158	537889	74.3068
zat	158	538047	74.3286
denken	157	538204	74.3503
zonder	157	538361	74.372
feestje	156	538517	74.3935
gevonden	156	538673	74.4151
koffie	156	538829	74.4366
toen	156	538985	74.4582
Hallo	155	539140	74.4796
Jaro	155	539295	74.501
iig	155	539450	74.5224
15	154	539604	74.5437
goede	154	539758	74.565
Fijn	153	539911	74.5861
rest	153	540064	74.6073
zo'n	153	540217	74.6284
Love	152	540369	74.6494
Super	152	540521	74.6704
Gaat	151	540672	74.6912
Ook	150	540822	74.712
lukt	150	540972	74.7327
mam	150	541122	74.7534
knuffels	149	541271	74.774
<TIME>	148	541419	74.7944
Paul	148	541567	74.8149
gehoord	148	541715	74.8353
kijk	148	541863	74.8558
nooit	148	542011	74.8762
Redczus	147	542158	74.8965
vertrekken	147	542305	74.9168
Gefeliciteerd	145	542450	74.9369
Prima	145	542595	74.9569
Voor	145	542740	74.9769
es	145	542885	74.997
it	145	543030	75.017
zelfs	144	543174	75.0369
Slaapwel	143	543317	75.0566
Yes	143	543460	75.0764
film	143	543603	75.0961
know	143	543746	75.1159
les	143	543889	75.1357
Bel	142	544031	75.1553
den	142	544173	75.1749
gent	142	544315	75.1945
k	142	544457	75.2141
ongeveer	142	544599	75.2337
's	141	544740	75.2532
nou	141	544881	75.2727
Net	140	545021	75.292
Op	140	545161	75.3114
gehaald	140	545301	75.3307
gekregen	140	545441	75.3501
Echt	139	545580	75.3693
gister	138	545718	75.3883
Das	137	545855	75.4073
geld	137	545992	75.4262
gemaakt	137	546129	75.4451
foto's	136	546265	75.4639
goe	136	546401	75.4827
goeie	136	546537	75.5015
sta	136	546673	75.5203
18	135	546808	75.5389
kheb	135	546943	75.5576
middag	135	547078	75.5762
papa	135	547213	75.5949
uw	135	547348	75.6135
waarschijnlijk	135	547483	75.6322
Lief	134	547617	75.6507
zag	134	547751	75.6692
zei	134	547885	75.6877
Ma	133	548018	75.7061
lieve	132	548150	75.7243
richting	132	548282	75.7425
Jammer	131	548413	75.7606
Kben	131	548544	75.7787
Om	131	548675	75.7968
Vele	129	548804	75.8146
iedereen	129	548933	75.8325
direct	128	549061	75.8501
enzo	128	549189	75.8678
kga	128	549317	75.8855
minder	128	549445	75.9032
nieuws	127	549572	75.9207
vnvnd	127	549699	75.9383
:-P	126	549825	75.9557
Dank	126	549951	75.9731
Gelukkig	126	550077	75.9905
beginnen	126	550203	76.0079
eerder	126	550329	76.0253
alvast	125	550454	76.0426
dak	125	550579	76.0599
gestuurd	125	550704	76.0771
harte	125	550829	76.0944
houden	125	550954	76.1117
ophalen	125	551079	76.1289
school	125	551204	76.1462
Thanks	123	551327	76.1632
are	123	551450	76.1802
gelukt	123	551573	76.1972
begint	122	551695	76.214
kant	122	551817	76.2309
ng	122	551939	76.2477
pakken	122	552061	76.2646
weinig	122	552183	76.2814
Kheb	121	552304	76.2982
bericht	121	552425	76.3149
haha	121	552546	76.3316
hopelijk	121	552667	76.3483
liever	121	552788	76.365
sowieso	121	552909	76.3817
der	120	553029	76.3983
koken	120	553149	76.4149
onder	120	553269	76.4315
there	120	553389	76.448
with	120	553509	76.4646
Jan	119	553628	76.4811
afgesproken	119	553747	76.4975
deur	119	553866	76.5139
ll	119	553985	76.5304
that	119	554104	76.5468
zich	119	554223	76.5633
+	118	554341	76.5796
gezegd	118	554459	76.5959
going	118	554577	76.6122
sebiet	118	554695	76.6285
ziek	118	554813	76.6448
Jep	117	554930	76.6609
Maartje	117	555047	76.6771
Vandaag	117	555164	76.6932
fijne	117	555281	76.7094
groeten	117	555398	76.7256
leren	117	555515	76.7417
vooral	117	555632	76.7579
blijf	116	555748	76.7739
kwam	116	555864	76.7899
per	116	555980	76.806
slecht	116	556096	76.822
Merci	115	556211	76.8379
internet	115	556326	76.8538
klein	115	556441	76.8697
lieverd	115	556556	76.8855
oké	115	556671	76.9014
orde	115	556786	76.9173
Hi	113	556899	76.9329
M	113	557012	76.9485
blijkbaar	113	557125	76.9641
helpen	113	557238	76.9798
zon	113	557351	76.9954
ervan	112	557463	77.0108
have	112	557575	77.0263
maakt	112	557687	77.0418
moeilijk	112	557799	77.0573
s	112	557911	77.0727
weken	112	558023	77.0882
binnenkort	111	558134	77.1035
kamer	111	558245	77.1189
no	111	558356	77.1342
vannacht	111	558467	77.1495
zoeken	111	558578	77.1649
blijft	110	558688	77.1801
heerlijk	110	558798	77.1953
mogen	110	558908	77.2105
normaal	110	559018	77.2257
Hoop	109	559127	77.2407
Kunnen	109	559236	77.2558
krijg	109	559345	77.2708
meteen	109	559454	77.2859
naast	109	559563	77.3009
voel	109	559672	77.316
zetten	109	559781	77.3311
Dankje	108	559889	77.346
Jan.	108	559997	77.3609
gegeten	108	560105	77.3758
now	108	560213	77.3907
vol	108	560321	77.4057
17	107	560428	77.4204
Hebben	107	560535	77.4352
Nijmegen	107	560642	77.45
ben.	107	560749	77.4648
gekocht	107	560856	77.4796
ontzettend	107	560963	77.4943
smsen	107	561070	77.5091
vertrek	107	561177	77.5239
zegt	107	561284	77.5387
Hihi	106	561390	77.5533
geworden	106	561496	77.568
tentamen	106	561602	77.5826
d	105	561707	77.5971
Gaan	104	561811	77.6115
by	104	561915	77.6259
gemist	104	562019	77.6402
hadden	104	562123	77.6546
hard	104	562227	77.669
juist	104	562331	77.6833
studeren	104	562435	77.6977
vanuit	104	562539	77.7121
verwacht	104	562643	77.7264
vraag	104	562747	77.7408
zyn	104	562851	77.7552
college	103	562954	77.7694
do	103	563057	77.7836
krijgen	103	563160	77.7979
maak	103	563263	77.8121
?!	102	563365	77.8262
Xxxx	102	563467	77.8403
Zeg	102	563569	77.8544
geleden	102	563671	77.8684
gn	102	563773	77.8825
heen	102	563875	77.8966
Komt	101	563976	77.9106
Mag	101	564077	77.9245
bier	101	564178	77.9385
just	101	564279	77.9524
persoon	101	564380	77.9664
v	101	564481	77.9803
zoveel	101	564582	77.9943
Daar	100	564682	78.0081
Hvj	100	564782	78.0219
Jullie	100	564882	78.0357
Maaike	100	564982	78.0496
afspraak	100	565082	78.0634
dagje	100	565182	78.0772
geniet	100	565282	78.091
ne	100	565382	78.1048
valt	100	565482	78.1186
Hai	99	565581	78.1323
Niek	99	565680	78.146
kaartje	99	565779	78.1597
mogelijk	99	565878	78.1733
ziet	99	565977	78.187
19	98	566075	78.2005
Fijne	98	566173	78.2141
Groet	98	566271	78.2276
adres	98	566369	78.2412
begin	98	566467	78.2547
beste	98	566565	78.2682
erbij	98	566663	78.2818
waarom	98	566761	78.2953
gelijk	97	566858	78.3087
koen	97	566955	78.3221
last	97	567052	78.3355
morgenavond	97	567149	78.3489
grote	96	567245	78.3622
z'n	96	567341	78.3754
Hm	95	567436	78.3886
boodschappen	95	567531	78.4017
warm	95	567626	78.4148
14	94	567720	78.4278
Volgens	94	567814	78.4408
You	94	567908	78.4538
biertje	94	568002	78.4668
eraan	94	568096	78.4797
geloof	94	568190	78.4927
james	94	568284	78.5057
smsje	94	568378	78.5187
spelen	94	568472	78.5317
Verder	93	568565	78.5445
gsm	93	568658	78.5574
mailtje	93	568751	78.5702
Dankjewel	92	568843	78.5829
Volgende	92	568935	78.5956
klinkt	92	569027	78.6084
lig	92	569119	78.6211
vertraging	92	569211	78.6338
A	91	569302	78.6463
Bart	91	569393	78.6589
Zullen	91	569484	78.6715
genieten	91	569575	78.6841
P	90	569665	78.6965
Smakelijk	90	569755	78.7089
ermee	90	569845	78.7214
gekeken	90	569935	78.7338
late	90	570025	78.7462
leven	90	570115	78.7587
your	90	570205	78.7711
Beetje	89	570294	78.7834
Ciao	89	570383	78.7957
Erik	89	570472	78.808
Hej	89	570561	78.8203
Joost	89	570650	78.8326
Straks	89	570739	78.8449
afgelopen	89	570828	78.8572
liefste	89	570917	78.8694
loop	89	571006	78.8817
sporten	89	571095	78.894
veilig	89	571184	78.9063
ver	89	571273	78.9186
zorgen	89	571362	78.9309
??	88	571450	78.9431
Breda	88	571538	78.9552
Waarom	88	571626	78.9674
go	88	571714	78.9795
lezen	88	571802	78.9917
re	88	571890	79.0039
zoals	88	571978	79.016
extra	87	572065	79.028
feest	87	572152	79.0401
fietsen	87	572239	79.0521
love	87	572326	79.0641
welkom	87	572413	79.0761
zouden	87	572500	79.0881
dank	86	572586	79.1
moment	86	572672	79.1119
wou	86	572758	79.1238
aangekomen	85	572843	79.1355
boek	85	572928	79.1473
flink	85	573013	79.159
gek	85	573098	79.1707
hoorde	85	573183	79.1825
not	85	573268	79.1942
vindt	85	573353	79.206
:o	84	573437	79.2176
al.	84	573521	79.2292
kwijt	84	573605	79.2408
stuur	84	573689	79.2524
vorige	84	573773	79.264
€	84	573857	79.2756
@	83	573940	79.2871
Eindhoven	83	574023	79.2985
gesprek	83	574106	79.31
mocht	83	574189	79.3215
oma	83	574272	79.3329
time	83	574355	79.3444
too	83	574438	79.3559
wist	83	574521	79.3673
:-D	82	574603	79.3787
Goeie	82	574685	79.39
Utrecht	82	574767	79.4013
handig	82	574849	79.4126
kzal	82	574931	79.424
stuk	82	575013	79.4353
vnv	82	575095	79.4466
So	81	575176	79.4578
Yo	81	575257	79.469
elk	81	575338	79.4802
leeg	81	575419	79.4914
redelijk	81	575500	79.5026
stond	81	575581	79.5138
vergadering	81	575662	79.5249
werkt	81	575743	79.5361
Kzal	80	575823	79.5472
bedoel	80	575903	79.5582
gekomen	80	575983	79.5693
hoeft	80	576063	79.5803
inmiddels	80	576143	79.5914
lastig	80	576223	79.6024
nacht	80	576303	79.6135
pa	80	576383	79.6245
reactie	80	576463	79.6356
rij	80	576543	79.6467
drie	79	576622	79.6576
mailen	79	576701	79.6685
nieuw	79	576780	79.6794
welke	79	576859	79.6903
zeer	79	576938	79.7012
zij	79	577017	79.7121
Gezellig	78	577095	79.7229
Over	78	577173	79.7337
Toch	78	577251	79.7445
XXX	78	577329	79.7552
gebruiken	78	577407	79.766
hun	78	577485	79.7768
r	78	577563	79.7876
tv	78	577641	79.7983
up	78	577719	79.8091
Goedemorgen	77	577796	79.8197
Kijk	77	577873	79.8304
Kussie	77	577950	79.841
Sterkte	77	578027	79.8517
avonds	77	578104	79.8623
ieder	77	578181	79.8729
mr	77	578258	79.8836
Dit	76	578334	79.8941
Rond	76	578410	79.9046
Vond	76	578486	79.9151
bieb	76	578562	79.9256
dokter	76	578638	79.9361
enkel	76	578714	79.9466
fun	76	578790	79.9571
ke	76	578866	79.9676
liefs	76	578942	79.9781
so	76	579018	79.9886
voetbal	76	579094	79.9991
13	75	579169	80.0094
D	75	579244	80.0198
Finn	75	579319	80.0301
Gelukkige	75	579394	80.0405
Goeiemorgen	75	579469	80.0509
Ow	75	579544	80.0612
hoi	75	579619	80.0716
int	75	579694	80.0819
langskomen	75	579769	80.0923
scriptie	75	579844	80.1027
tonight	75	579919	80.113
No	74	579993	80.1233
U	74	580067	80.1335
Zeker	74	580141	80.1437
kben	74	580215	80.1539
kleine	74	580289	80.1641
kreeg	74	580363	80.1744
plaats	74	580437	80.1846
studie	74	580511	80.1948
tof	74	580585	80.205
word	74	580659	80.2153
25	73	580732	80.2253
40	73	580805	80.2354
Eet	73	580878	80.2455
brengen	73	580951	80.2556
ding	73	581024	80.2657
foto	73	581097	80.2758
ineens	73	581170	80.2859
knuffel	73	581243	80.2959
laptop	73	581316	80.306
moeder	73	581389	80.3161
niemand	73	581462	80.3262
één	73	581535	80.3363
Ge	72	581607	80.3462
Maak	72	581679	80.3562
berichtje	72	581751	80.3661
erop	72	581823	80.3761
lunch	72	581895	80.386
nogal	72	581967	80.396
party	72	582039	80.4059
regelen	72	582111	80.4158
teveel	72	582183	80.4258
vet	72	582255	80.4357
zoen	72	582327	80.4457
zus	72	582399	80.4556
Wie	71	582470	80.4654
bank	71	582541	80.4752
bedje	71	582612	80.4851
eindelijk	71	582683	80.4949
geregeld	71	582754	80.5047
kut	71	582825	80.5145
vanmorgen	71	582896	80.5243
Greetz	70	582966	80.534
vieren	70	583036	80.5436
vroeger	70	583106	80.5533
'n	69	583175	80.5628
Da	69	583244	80.5724
Koen	69	583313	80.5819
The	69	583382	80.5914
boven	69	583451	80.601
home	69	583520	80.6105
leuven	69	583589	80.62
nice	69	583658	80.6296
raar	69	583727	80.6391
vrienden	69	583796	80.6486
:s	68	583864	80.658
Alleen	68	583932	80.6674
Lig	68	584000	80.6768
Nope	68	584068	80.6862
Wordt	68	584136	80.6956
groot	68	584204	80.705
hoeveel	68	584272	80.7144
missen	68	584340	80.7238
or	68	584408	80.7332
oude	68	584476	80.7426
right	68	584544	80.752
spannend	68	584612	80.7613
utrecht	68	584680	80.7707
when	68	584748	80.7801
xXx	68	584816	80.7895
Anne	67	584883	80.7988
Geof	67	584950	80.808
Smak	67	585017	80.8173
Z	67	585084	80.8266
ander	67	585151	80.8358
but	67	585218	80.8451
lunchen	67	585285	80.8543
stage	67	585352	80.8636
xp	67	585419	80.8728
zacht	67	585486	80.8821
16	66	585552	80.8912
22	66	585618	80.9003
Hahaha	66	585684	80.9094
Half	66	585750	80.9186
Helaas	66	585816	80.9277
Jazeker	66	585882	80.9368
Jou	66	585948	80.9459
Neem	66	586014	80.955
Remko	66	586080	80.9641
See	66	586146	80.9733
T	66	586212	80.9824
Uhm	66	586278	80.9915
Werk	66	586344	81.0006
Will	66	586410	81.0097
baan	66	586476	81.0188
elke	66	586542	81.028
gewonnen	66	586608	81.0371
kot	66	586674	81.0462
spullen	66	586740	81.0553
tijdens	66	586806	81.0644
vanavnd	66	586872	81.0736
wacht	66	586938	81.0827
Check	65	587003	81.0917
Just	65	587068	81.1006
Tuurlijk	65	587133	81.1096
allebei	65	587198	81.1186
id	65	587263	81.1276
komende	65	587328	81.1365
naam	65	587393	81.1455
probeer	65	587458	81.1545
sterkte	65	587523	81.1635
buurt	64	587587	81.1723
dicht	64	587651	81.1812
douchen	64	587715	81.19
et	64	587779	81.1989
geraken	64	587843	81.2077
koud	64	587907	81.2165
nt	64	587971	81.2254
pap	64	588035	81.2342
regen	64	588099	81.2431
tomorrow	64	588163	81.2519
vertrokken	64	588227	81.2607
21	63	588290	81.2694
Aan	63	588353	81.2781
Iets	63	588416	81.2869
Jo	63	588479	81.2956
Lijkt	63	588542	81.3043
Na	63	588605	81.313
Vind	63	588668	81.3217
Wouter	63	588731	81.3304
as	63	588794	81.3391
haal	63	588857	81.3478
hoofd	63	588920	81.3565
kwartier	63	588983	81.3652
okee	63	589046	81.3739
pak	63	589109	81.3826
rust	63	589172	81.3913
tweede	63	589235	81.4
Have	62	589297	81.4086
Joepie	62	589359	81.4171
Weer	62	589421	81.4257
broer	62	589483	81.4343
gauw	62	589545	81.4428
gemaild	62	589607	81.4514
jongen	62	589669	81.4599
karlien	62	589731	81.4685
nl	62	589793	81.4771
sleutel	62	589855	81.4856
twas	62	589917	81.4942
141	61	589978	81.5026
50	61	590039	81.5111
Gent	61	590100	81.5195
acht	61	590161	81.5279
daarvoor	61	590222	81.5363
eentje	61	590283	81.5448
ken	61	590344	81.5532
meeting	61	590405	81.5616
this	61	590466	81.57
vanochtend	61	590527	81.5785
zodat	61	590588	81.5869
Euh	60	590648	81.5952
HJ	60	590708	81.6035
Lisette	60	590768	81.6118
duurt	60	590828	81.6201
good	60	590888	81.6283
mar	60	590948	81.6366
merci	60	591008	81.6449
morgenochtend	60	591068	81.6532
ondertussen	60	591128	81.6615
tien	60	591188	81.6698
Bijna	59	591247	81.6779
Euhm	59	591306	81.6861
Heeft	59	591365	81.6942
Mocht	59	591424	81.7024
Wolf	59	591483	81.7105
from	59	591542	81.7187
gratis	59	591601	81.7268
moeite	59	591660	81.735
proficiat	59	591719	81.7431
soms	59	591778	81.7513
trots	59	591837	81.7594
vervelend	59	591896	81.7676
vier	59	591955	81.7757
vo	59	592014	81.7839
water	59	592073	81.792
zn	59	592132	81.8002
zorg	59	592191	81.8083
Arno	58	592249	81.8164
Elaba	58	592307	81.8244
Even	58	592365	81.8324
Huh	58	592423	81.8404
Lukt	58	592481	81.8484
examen	58	592539	81.8564
geeft	58	592597	81.8644
if	58	592655	81.8724
kapot	58	592713	81.8805
klopt	58	592771	81.8885
men	58	592829	81.8965
slaapt	58	592887	81.9045
snap	58	592945	81.9125
vriend	58	593003	81.9205
way	58	593061	81.9285
will	58	593119	81.9365
xxk	58	593177	81.9446
zoek	58	593235	81.9526
zometeen	58	593293	81.9606
Kissies	57	593350	81.9685
Ruud	57	593407	81.9763
baby	57	593464	81.9842
bar	57	593521	81.9921
belde	57	593578	82
hotel	57	593635	82.0078
huisje	57	593692	82.0157
kort	57	593749	82.0236
namelijk	57	593806	82.0315
namiddag	57	593863	82.0393
ontvangen	57	593920	82.0472
oud	57	593977	82.0551
past	57	594034	82.063
wouter	57	594091	82.0708
wss	57	594148	82.0787
Am	56	594204	82.0864
Graag	56	594260	82.0942
Idd	56	594316	82.1019
Nice	56	594372	82.1096
bbq	56	594428	82.1174
btw	56	594484	82.1251
dr	56	594540	82.1329
geef	56	594596	82.1406
leuks	56	594652	82.1483
online	56	594708	82.1561
ter	56	594764	82.1638
vd	56	594820	82.1715
And	55	594875	82.1791
B	55	594930	82.1867
Mark	55	594985	82.1943
Okee	55	595040	82.2019
Pff	55	595095	82.2095
Vanaf	55	595150	82.2171
an	55	595205	82.2247
avondje	55	595260	82.2323
eh	55	595315	82.2399
gevraagd	55	595370	82.2475
gezet	55	595425	82.2551
hetzelfde	55	595480	82.2627
ipv	55	595535	82.2703
stil	55	595590	82.2779
vrees	55	595645	82.2855
R	54	595699	82.293
Tom	54	595753	82.3004
agenda	54	595807	82.3079
brood	54	595861	82.3153
eindhoven	54	595915	82.3228
gesproken	54	595969	82.3303
hand	54	596023	82.3377
hopen	54	596077	82.3452
kans	54	596131	82.3526
meet	54	596185	82.3601
pauze	54	596239	82.3676
saai	54	596293	82.375
thanks	54	596347	82.3825
top	54	596401	82.3899
zijt	54	596455	82.3974
%	53	596508	82.4047
:S	53	596561	82.412
O	53	596614	82.4194
Staat	53	596667	82.4267
Zitten	53	596720	82.434
aub	53	596773	82.4413
baas	53	596826	82.4487
begonnen	53	596879	82.456
cool	53	596932	82.4633
get	53	596985	82.4706
gewenst	53	597038	82.4779
gingen	53	597091	82.4853
hoef	53	597144	82.4926
oke	53	597197	82.4999
presentatie	53	597250	82.5072
rug	53	597303	82.5145
tentamens	53	597356	82.5219
think	53	597409	82.5292
website	53	597462	82.5365
Hele	52	597514	82.5437
Komen	52	597566	82.5509
Maakt	52	597618	82.5581
Moest	52	597670	82.5652
Spannend	52	597722	82.5724
Sta	52	597774	82.5796
about	52	597826	82.5868
bezoek	52	597878	82.594
gegeven	52	597930	82.6012
heet	52	597982	82.6083
lange	52	598034	82.6155
liev	52	598086	82.6227
then	52	598138	82.6299
though	52	598190	82.6371
verhuizen	52	598242	82.6443
vijf	52	598294	82.6514
zes	52	598346	82.6586
All	51	598397	82.6657
Donderdag	51	598448	82.6727
K	51	598499	82.6798
What	51	598550	82.6868
aangezien	51	598601	82.6939
antwoord	51	598652	82.7009
contact	51	598703	82.7079
dromen	51	598754	82.715
kaarten	51	598805	82.722
krijgt	51	598856	82.7291
lag	51	598907	82.7361
ochtend	51	598958	82.7432
soort	51	599009	82.7502
wensen	51	599060	82.7573
winkel	51	599111	82.7643
Btw	50	599161	82.7712
Leuke	50	599211	82.7781
Wa	50	599261	82.785
Welterusten	50	599311	82.7919
bang	50	599361	82.7988
beneden	50	599411	82.8058
date	50	599461	82.8127
droog	50	599511	82.8196
gewerkt	50	599561	82.8265
gr	50	599611	82.8334
hoort	50	599661	82.8403
ivm	50	599711	82.8472
jarig	50	599761	82.8541
miss	50	599811	82.861
muziek	50	599861	82.8679
nen	50	599911	82.8748
out	50	599961	82.8817
terras	50	600011	82.8886
tickets	50	600061	82.8956
tilburg	50	600111	82.9025
wijn	50	600161	82.9094
zee	50	600211	82.9163
zet	50	600261	82.9232
100	49	600310	82.9299
Hoor	49	600359	82.9367
How	49	600408	82.9435
Jaja	49	600457	82.9503
bakkie	49	600506	82.957
here	49	600555	82.9638
kaart	49	600604	82.9706
kerel	49	600653	82.9773
loopt	49	600702	82.9841
maand	49	600751	82.9909
park	49	600800	82.9976
straat	49	600849	83.0044
vertrekt	49	600898	83.0112
voorbij	49	600947	83.0179
wedstrijd	49	600996	83.0247
Elke	48	601044	83.0313
Liefje	48	601092	83.038
Lol	48	601140	83.0446
Te	48	601188	83.0512
Want	48	601236	83.0579
Zondag	48	601284	83.0645
all	48	601332	83.0711
cadeau	48	601380	83.0778
drink	48	601428	83.0844
eind	48	601476	83.091
gedacht	48	601524	83.0977
hanne	48	601572	83.1043
lekkere	48	601620	83.1109
opnieuw	48	601668	83.1176
pc	48	601716	83.1242
stappen	48	601764	83.1308
vertellen	48	601812	83.1374
voelt	48	601860	83.1441
45	47	601907	83.1506
Daarna	47	601954	83.1571
Druk	47	602001	83.1636
Erg	47	602048	83.17
bedoelde	47	602095	83.1765
collega	47	602142	83.183
deed	47	602189	83.1895
geraakt	47	602236	83.196
gerust	47	602283	83.2025
meebrengen	47	602330	83.209
nijmegen	47	602377	83.2155
passen	47	602424	83.222
pizza	47	602471	83.2285
schoenen	47	602518	83.235
vader	47	602565	83.2415
vallen	47	602612	83.248
vriendin	47	602659	83.2545
ws	47	602706	83.2609
24	46	602752	83.2673
=	46	602798	83.2737
Delft	46	602844	83.28
Dieter	46	602890	83.2864
Goede	46	602936	83.2927
Helemaal	46	602982	83.2991
Kak	46	603028	83.3054
Later	46	603074	83.3118
Wow	46	603120	83.3181
betalen	46	603166	83.3245
einde	46	603212	83.3308
hangen	46	603258	83.3372
hoogte	46	603304	83.3436
jan	46	603350	83.3499
juli	46	603396	83.3563
km	46	603442	83.3626
opt	46	603488	83.369
stap	46	603534	83.3753
stoppen	46	603580	83.3817
ten	46	603626	83.388
tzal	46	603672	83.3944
vanaaf	46	603718	83.4007
vriendje	46	603764	83.4071
werd	46	603810	83.4135
23	45	603855	83.4197
Amai	45	603900	83.4259
Dacht	45	603945	83.4321
Gewoon	45	603990	83.4383
Good	45	604035	83.4445
Tegen	45	604080	83.4508
Xoxo	45	604125	83.457
bekijken	45	604170	83.4632
duren	45	604215	83.4694
gaaf	45	604260	83.4756
helft	45	604305	83.4818
tent	45	604350	83.4881
treinen	45	604395	83.4943
volgend	45	604440	83.5005
:'(	44	604484	83.5066
Den	44	604528	83.5126
Facebook	44	604572	83.5187
Gisteren	44	604616	83.5248
Klinkt	44	604660	83.5309
Kzit	44	604704	83.537
Marike	44	604748	83.543
Marjan	44	604792	83.5491
Welke	44	604836	83.5552
beterschap	44	604880	83.5613
can	44	604924	83.5674
dood	44	604968	83.5734
geweldig	44	605012	83.5795
honger	44	605056	83.5856
joh	44	605100	83.5917
negen	44	605144	83.5977
ooit	44	605188	83.6038
slaapwel	44	605232	83.6099
slechte	44	605276	83.616
some	44	605320	83.6221
welk	44	605364	83.6281
Heerlijk	43	605407	83.6341
Jaap	43	605450	83.64
Proficiat	43	605493	83.646
Trein	43	605536	83.6519
Vrijdag	43	605579	83.6578
Xxk	43	605622	83.6638
aardig	43	605665	83.6697
checken	43	605708	83.6757
doorsturen	43	605751	83.6816
enige	43	605794	83.6875
filmpje	43	605837	83.6935
genomen	43	605880	83.6994
juni	43	605923	83.7054
kiezen	43	605966	83.7113
like	43	606009	83.7172
marianne	43	606052	83.7232
myn	43	606095	83.7291
night	43	606138	83.7351
ns	43	606181	83.741
perfect	43	606224	83.7469
rechts	43	606267	83.7529
redden	43	606310	83.7588
schrijven	43	606353	83.7648
see	43	606396	83.7707
sinds	43	606439	83.7766
snoesje	43	606482	83.7826
terwijl	43	606525	83.7885
trainen	43	606568	83.7945
ur	43	606611	83.8004
whatsapp	43	606654	83.8063
Aha	42	606696	83.8121
Baas	42	606738	83.8179
Inderdaad	42	606780	83.8237
Kiss	42	606822	83.8296
Stuur	42	606864	83.8354
Thuis	42	606906	83.8412
Tja	42	606948	83.847
Top	42	606990	83.8528
Toppie	42	607032	83.8586
back	42	607074	83.8644
daarom	42	607116	83.8702
dadelijk	42	607158	83.876
file	42	607200	83.8818
hoelaat	42	607242	83.8876
info	42	607284	83.8934
meerijden	42	607326	83.8992
spel	42	607368	83.905
taart	42	607410	83.9108
tas	42	607452	83.9166
where	42	607494	83.9224
Doen	41	607535	83.928
Droom	41	607576	83.9337
Ging	41	607617	83.9394
Heey	41	607658	83.945
Mama	41	607699	83.9507
Moeten	41	607740	83.9564
Shit	41	607781	83.962
UvT	41	607822	83.9677
Zaterdag	41	607863	83.9734
boeken	41	607904	83.979
call	41	607945	83.9847
enorm	41	607986	83.9904
erik	41	608027	83.996
gelezen	41	608068	84.0017
langer	41	608109	84.0073
markt	41	608150	84.013
praten	41	608191	84.0187
something	41	608232	84.0243
uitnodiging	41	608273	84.03
vraagt	41	608314	84.0357
1e	40	608354	84.0412
D.	40	608394	84.0467
Krijg	40	608434	84.0522
LOL	40	608474	84.0578
Tim	40	608514	84.0633
Xxxxxxxxxxxxxxxxxxxxxxxx	40	608554	84.0688
breng	40	608594	84.0743
broodje	40	608634	84.0799
duidelijk	40	608674	84.0854
familie	40	608714	84.0909
fout	40	608754	84.0964
gang	40	608794	84.102
kater	40	608834	84.1075
links	40	608874	84.113
pijn	40	608914	84.1186
schijnt	40	608954	84.1241
strakjes	40	608994	84.1296
vergeet	40	609034	84.1351
wit	40	609074	84.1407
Ach	39	609113	84.146
Ai	39	609152	84.1514
Bosch	39	609191	84.1568
C	39	609230	84.1622
Deze	39	609269	84.1676
Juist	39	609308	84.173
Marloes	39	609347	84.1784
On	39	609386	84.1838
Remke	39	609425	84.1891
bad	39	609464	84.1945
boos	39	609503	84.1999
borrel	39	609542	84.2053
coming	39	609581	84.2107
gelukkige	39	609620	84.2161
gepland	39	609659	84.2215
girl	39	609698	84.2269
groep	39	609737	84.2322
haast	39	609776	84.2376
jezelf	39	609815	84.243
kruipen	39	609854	84.2484
kwartiertje	39	609893	84.2538
kweet	39	609932	84.2592
lees	39	609971	84.2646
mezelf	39	610010	84.27
o	39	610049	84.2753
opruimen	39	610088	84.2807
place	39	610127	84.2861
vanwege	39	610166	84.2915
wekker	39	610205	84.2969
wereld	39	610244	84.3023
!!!!	38	610282	84.3075
Aja	38	610320	84.3128
Baasje	38	610358	84.318
Geef	38	610396	84.3233
Hehe	38	610434	84.3285
M'n	38	610472	84.3338
Peter	38	610510	84.339
Pfff	38	610548	84.3443
Vergeet	38	610586	84.3495
Wilde	38	610624	84.3548
Xxxxx	38	610662	84.36
check	38	610700	84.3653
eigen	38	610738	84.3705
gevoel	38	610776	84.3758
let	38	610814	84.381
liefde	38	610852	84.3863
nergens	38	610890	84.3915
prachtig	38	610928	84.3968
really	38	610966	84.402
recht	38	611004	84.4073
rekening	38	611042	84.4125
rijdt	38	611080	84.4178
sneeuw	38	611118	84.423
speciaal	38	611156	84.4283
stel	38	611194	84.4335
stukje	38	611232	84.4388
tafel	38	611270	84.444
tram	38	611308	84.4493
vaak	38	611346	84.4545
verhaal	38	611384	84.4598
viel	38	611422	84.465
work	38	611460	84.4703
zot	38	611498	84.4755
Amsterdam	37	611535	84.4806
Beterschap	37	611572	84.4857
But	37	611609	84.4909
Haai	37	611646	84.496
Im	37	611683	84.5011
Mooie	37	611720	84.5062
Natuurlijk	37	611757	84.5113
Twas	37	611794	84.5164
Vet	37	611831	84.5215
already	37	611868	84.5266
bandra	37	611905	84.5317
bart	37	611942	84.5369
behalve	37	611979	84.542
brief	37	612016	84.5471
centraal	37	612053	84.5522
chillen	37	612090	84.5573
da's	37	612127	84.5624
day	37	612164	84.5675
duur	37	612201	84.5726
kado	37	612238	84.5777
kast	37	612275	84.5829
knuffelen	37	612312	84.588
morgenvroeg	37	612349	84.5931
next	37	612386	84.5982
opa	37	612423	84.6033
site	37	612460	84.6084
stom	37	612497	84.6135
training	37	612534	84.6186
trws	37	612571	84.6237
vreemd	37	612608	84.6289
vrije	37	612645	84.634
zoet	37	612682	84.6391
Amuseer	36	612718	84.6441
Binnen	36	612754	84.649
Fuck	36	612790	84.654
Jawel	36	612826	84.659
Kweet	36	612862	84.6639
Laatste	36	612898	84.6689
Neeje	36	612934	84.6739
Okay	36	612970	84.6789
Schatje	36	613006	84.6838
Voel	36	613042	84.6888
Yeah	36	613078	84.6938
aantal	36	613114	84.6988
ad	36	613150	84.7037
b	36	613186	84.7087
bon	36	613222	84.7137
bureau	36	613258	84.7187
centrum	36	613294	84.7236
computer	36	613330	84.7286
deel	36	613366	84.7336
drank	36	613402	84.7385
drinkn	36	613438	84.7435
echte	36	613474	84.7485
enen	36	613510	84.7535
engel	36	613546	84.7584
geluk	36	613582	84.7634
gevallen	36	613618	84.7684
kerk	36	613654	84.7734
keuken	36	613690	84.7783
lenen	36	613726	84.7833
netjes	36	613762	84.7883
overleggen	36	613798	84.7933
post	36	613834	84.7982
qua	36	613870	84.8032
serieus	36	613906	84.8082
spijt	36	613942	84.8131
voorlopig	36	613978	84.8181
vrouw	36	614014	84.8231
werkdag	36	614050	84.8281
what	36	614086	84.833
wolf	36	614122	84.838
35	35	614157	84.8428
Eerste	35	614192	84.8477
Hans	35	614227	84.8525
Moesjie	35	614262	84.8574
Neen	35	614297	84.8622
Tijd	35	614332	84.867
When	35	614367	84.8719
\	35	614402	84.8767
brugge	35	614437	84.8815
bruin	35	614472	84.8864
denkt	35	614507	84.8912
eventueel	35	614542	84.896
examens	35	614577	84.9009
grappig	35	614612	84.9057
halve	35	614647	84.9105
hoofdpijn	35	614682	84.9154
kussen	35	614717	84.9202
mop	35	614752	84.925
neemt	35	614787	84.9299
punten	35	614822	84.9347
smakelijk	35	614857	84.9395
tel	35	614892	84.9444
terecht	35	614927	84.9492
totaal	35	614962	84.9541
trek	35	614997	84.9589
vandaar	35	615032	84.9637
witte	35	615067	84.9686
ziekenhuis	35	615102	84.9734
zwaar	35	615137	84.9782
Monika	34	615171	84.9829
Mss	34	615205	84.9876
XX	34	615239	84.9923
Zet	34	615273	84.997
bedacht	34	615307	85.0017
concert	34	615341	85.0064
dam	34	615375	85.0111
enkele	34	615409	85.0158
ervoor	34	615443	85.0205
hapje	34	615477	85.0252
ingang	34	615511	85.0299
leggen	34	615545	85.0346
lift	34	615579	85.0393
los	34	615613	85.044
meter	34	615647	85.0487
momenteel	34	615681	85.0534
more	34	615715	85.0581
much	34	615749	85.0628
oktober	34	615783	85.0675
overal	34	615817	85.0722
overdag	34	615851	85.0769
plek	34	615885	85.0816
plots	34	615919	85.0863
punt	34	615953	85.091
reden	34	615987	85.0957
shit	34	616021	85.1003
spreek	34	616055	85.105
stiekem	34	616089	85.1097
tim	34	616123	85.1144
tom	34	616157	85.1191
uurtjes	34	616191	85.1238
wellicht	34	616225	85.1285
'k	33	616258	85.1331
2e	33	616291	85.1376
Bob	33	616324	85.1422
Emma	33	616357	85.1468
Frank	33	616390	85.1513
Ikke	33	616423	85.1559
J	33	616456	85.1604
Kon	33	616489	85.165
balen	33	616522	85.1696
bestellen	33	616555	85.1741
come	33	616588	85.1787
daarnet	33	616621	85.1832
dienst	33	616654	85.1878
dieter	33	616687	85.1924
drukke	33	616720	85.1969
fris	33	616753	85.2015
gespeeld	33	616786	85.206
kzit	33	616819	85.2106
leen	33	616852	85.2151
moppie	33	616885	85.2197
opnemen	33	616918	85.2243
stress	33	616951	85.2288
uitkomt	33	616984	85.2334
volledig	33	617017	85.2379
well	33	617050	85.2425
zeven	33	617083	85.2471
zoiets	33	617116	85.2516
Dico	32	617148	85.256
Hoeveel	32	617180	85.2605
L	32	617212	85.2649
Mieke	32	617244	85.2693
Naar	32	617276	85.2737
Niks	32	617308	85.2781
Oeps	32	617340	85.2826
Twente	32	617372	85.287
Uurtje	32	617404	85.2914
Wauw	32	617436	85.2958
Woensdag	32	617468	85.3002
Zag	32	617500	85.3047
ah	32	617532	85.3091
augustus	32	617564	85.3135
been	32	617596	85.3179
bereiken	32	617628	85.3223
doorgeven	32	617660	85.3268
floor	32	617692	85.3312
gedronken	32	617724	85.3356
hulp	32	617756	85.34
klote	32	617788	85.3445
la	32	617820	85.3489
meis	32	617852	85.3533
middags	32	617884	85.3577
minuutjes	32	617916	85.3621
off	32	617948	85.3666
oh	32	617980	85.371
prijs	32	618012	85.3754
relaxed	32	618044	85.3798
rik	32	618076	85.3842
san	32	618108	85.3887
scheelt	32	618140	85.3931
slag	32	618172	85.3975
strand	32	618204	85.4019
take	32	618236	85.4063
today	32	618268	85.4108
va	32	618300	85.4152
would	32	618332	85.4196
zetel	32	618364	85.424
Brugge	31	618395	85.4283
Dinsdag	31	618426	85.4326
Eerst	31	618457	85.4369
Ist	31	618488	85.4412
Klopt	31	618519	85.4454
Kwart	31	618550	85.4497
Meisje	31	618581	85.454
Papa	31	618612	85.4583
Skype	31	618643	85.4626
Where	31	618674	85.4668
Woehoew	31	618705	85.4711
Zoen	31	618736	85.4754
aanbod	31	618767	85.4797
again	31	618798	85.484
am	31	618829	85.4883
anke	31	618860	85.4925
antwoorden	31	618891	85.4968
bekend	31	618922	85.5011
bruiloft	31	618953	85.5054
cursus	31	618984	85.5097
datum	31	619015	85.514
ene	31	619046	85.5182
facebook	31	619077	85.5225
gezeten	31	619108	85.5268
hey	31	619139	85.5311
jy	31	619170	85.5354
liefst	31	619201	85.5397
mark	31	619232	85.5439
ongeluk	31	619263	85.5482
ontbijt	31	619294	85.5525
pilsje	31	619325	85.5568
reserveren	31	619356	85.5611
shoppen	31	619387	85.5653
sleutels	31	619418	85.5696
speelt	31	619449	85.5739
verkeerd	31	619480	85.5782
vlucht	31	619511	85.5825
vorig	31	619542	85.5868
vriendinnetje	31	619573	85.591
wens	31	619604	85.5953
Alvast	30	619634	85.5995
Eh	30	619664	85.6036
Jup	30	619694	85.6078
Yep	30	619724	85.6119
dezelfde	30	619754	85.616
drama	30	619784	85.6202
hahaha	30	619814	85.6243
heur	30	619844	85.6285
jong	30	619874	85.6326
kak	30	619904	85.6368
lachen	30	619934	85.6409
lijst	30	619964	85.6451
mannen	30	619994	85.6492
mijne	30	620024	85.6533
minuut	30	620054	85.6575
morgenmiddag	30	620084	85.6616
opdracht	30	620114	85.6658
optreden	30	620144	85.6699
paper	30	620174	85.6741
regent	30	620204	85.6782
september	30	620234	85.6824
spoor	30	620264	85.6865
tomo	30	620294	85.6906
topper	30	620324	85.6948
uiteindelijk	30	620354	85.6989
vlot	30	620384	85.7031
wast	30	620414	85.7072
:-*	29	620443	85.7112
Alle	29	620472	85.7152
Bis	29	620501	85.7192
Ilse	29	620530	85.7232
Not	29	620559	85.7273
Saar	29	620588	85.7313
Schat	29	620617	85.7353
Stel	29	620646	85.7393
Welk	29	620675	85.7433
café	29	620704	85.7473
dankjewel	29	620733	85.7513
douche	29	620762	85.7553
erna	29	620791	85.7593
fantastisch	29	620820	85.7633
gebeuren	29	620849	85.7673
geland	29	620878	85.7713
gisteravond	29	620907	85.7753
hen	29	620936	85.7793
kleren	29	620965	85.7833
koop	29	620994	85.7873
kroeg	29	621023	85.7914
kxal	29	621052	85.7954
ogen	29	621081	85.7994
rode	29	621110	85.8034
still	29	621139	85.8074
tip	29	621168	85.8114
tuin	29	621197	85.8154
uitgenodigd	29	621226	85.8194
uitzoeken	29	621255	85.8234
verwachten	29	621284	85.8274
volgen	29	621313	85.8314
voorstellen	29	621342	85.8354
voorzichtig	29	621371	85.8394
zaal	29	621400	85.8434
zaterdagavond	29	621429	85.8474
28	28	621457	85.8513
<EMAIL>	28	621485	85.8552
Dont	28	621513	85.859
Gij	28	621541	85.8629
K.	28	621569	85.8668
Lieve	28	621597	85.8706
Maandag	28	621625	85.8745
Morrie	28	621653	85.8784
Nouja	28	621681	85.8823
Oeie	28	621709	85.8861
Tralala	28	621737	85.89
Vanmiddag	28	621765	85.8939
Zeun	28	621793	85.8977
afkomen	28	621821	85.9016
bak	28	621849	85.9055
begrijp	28	621877	85.9093
beide	28	621905	85.9132
bevalt	28	621933	85.9171
brak	28	621961	85.9209
c	28	621989	85.9248
di	28	622017	85.9287
drankje	28	622045	85.9325
em	28	622073	85.9364
eruit	28	622101	85.9403
eventjes	28	622129	85.9441
gereserveerd	28	622157	85.948
graden	28	622185	85.9519
helpt	28	622213	85.9557
jas	28	622241	85.9596
kapper	28	622269	85.9635
kerst	28	622297	85.9673
knap	28	622325	85.9712
meestal	28	622353	85.9751
overleefd	28	622381	85.979
problemen	28	622409	85.9828
rijd	28	622437	85.9867
rsca	28	622465	85.9906
se	28	622493	85.9944
st	28	622521	85.9983
terrasje	28	622549	86.0022
vaker	28	622577	86.006
verloren	28	622605	86.0099
voet	28	622633	86.0138
voicemail	28	622661	86.0176
vonden	28	622689	86.0215
zekerheid	28	622717	86.0254
31	27	622744	86.0291
Best	27	622771	86.0328
Da's	27	622798	86.0366
Enjoy	27	622825	86.0403
Hè	27	622852	86.044
Jeuj	27	622879	86.0477
Kzr	27	622906	86.0515
Laura	27	622933	86.0552
Ligt	27	622960	86.0589
Miss	27	622987	86.0627
Oja	27	623014	86.0664
Sms	27	623041	86.0701
Staan	27	623068	86.0739
allerliefste	27	623095	86.0776
band	27	623122	86.0813
betere	27	623149	86.085
betreft	27	623176	86.0888
briefje	27	623203	86.0925
cadeautje	27	623230	86.0962
content	27	623257	86.1
dik	27	623284	86.1037
els	27	623311	86.1074
email	27	623338	86.1112
erin	27	623365	86.1149
gebleven	27	623392	86.1186
got	27	623419	86.1223
im	27	623446	86.1261
it's	27	623473	86.1298
kaas	27	623500	86.1335
keppeke	27	623527	86.1373
mails	27	623554	86.141
meedoen	27	623581	86.1447
oid	27	623608	86.1485
parkeren	27	623635	86.1522
podium	27	623662	86.1559
reageren	27	623689	86.1596
should	27	623716	86.1634
steken	27	623743	86.1671
stop	27	623770	86.1708
tenminste	27	623797	86.1746
vrouwen	27	623824	86.1783
wonen	27	623851	86.182
zak	27	623878	86.1858
zult	27	623905	86.1895
:-p	26	623931	86.1931
Confide	26	623957	86.1967
Damn	26	623983	86.2003
Google	26	624009	86.2039
Hoera	26	624035	86.2074
Jow	26	624061	86.211
Juij	26	624087	86.2146
Oeh	26	624113	86.2182
Relaxed	26	624139	86.2218
Sjon	26	624165	86.2254
Thomas	26	624191	86.229
Timmos	26	624217	86.2326
Vertel	26	624243	86.2362
Wacht	26	624269	86.2398
buikje	26	624295	86.2434
etentje	26	624321	86.247
evt	26	624347	86.2505
genoten	26	624373	86.2541
gesmst	26	624399	86.2577
guust	26	624425	86.2613
hangt	26	624451	86.2649
houd	26	624477	86.2685
houdt	26	624503	86.2721
interessant	26	624529	86.2757
jes	26	624555	86.2793
keuze	26	624581	86.2829
klas	26	624607	86.2865
koorts	26	624633	86.2901
kwas	26	624659	86.2936
lessen	26	624685	86.2972
licht	26	624711	86.3008
luisteren	26	624737	86.3044
meegaan	26	624763	86.308
officieel	26	624789	86.3116
opgelost	26	624815	86.3152
overmorgen	26	624841	86.3188
partij	26	624867	86.3224
passeren	26	624893	86.326
pasta	26	624919	86.3296
planning	26	624945	86.3332
rap	26	624971	86.3367
regenen	26	624997	86.3403
reizen	26	625023	86.3439
skypen	26	625049	86.3475
smste	26	625075	86.3511
stem	26	625101	86.3547
tijdje	26	625127	86.3583
trip	26	625153	86.3619
xd	26	625179	86.3655
yet	26	625205	86.3691
zojuist	26	625231	86.3727
zonnetje	26	625257	86.3763
26	25	625282	86.3797
47	25	625307	86.3832
Bestelling	25	625332	86.3866
H.	25	625357	86.3901
Hmmm	25	625382	86.3935
Jeej	25	625407	86.397
N	25	625432	86.4004
Pas	25	625457	86.4039
Welkom	25	625482	86.4073
alsnog	25	625507	86.4108
alsof	25	625532	86.4142
anneleen	25	625557	86.4177
april	25	625582	86.4212
bereikbaar	25	625607	86.4246
besteld	25	625632	86.4281
bollie	25	625657	86.4315
cantus	25	625682	86.435
derde	25	625707	86.4384
efkes	25	625732	86.4419
feesten	25	625757	86.4453
gereden	25	625782	86.4488
geschreven	25	625807	86.4522
gy	25	625832	86.4557
hoog	25	625857	86.4591
ingeschreven	25	625882	86.4626
kdenk	25	625907	86.4661
kennen	25	625932	86.4695
kinderen	25	625957	86.473
maat	25	625982	86.4764
make	25	626007	86.4799
makkelijk	25	626032	86.4833
meeten	25	626057	86.4868
móet	25	626082	86.4902
ong	25	626107	86.4937
ouwe	25	626132	86.4971
ruim	25	626157	86.5006
stellen	25	626182	86.504
trekken	25	626207	86.5075
us	25	626232	86.5109
verdiend	25	626257	86.5144
verrassing	25	626282	86.5179
vertel	25	626307	86.5213
volk	25	626332	86.5248
volle	25	626357	86.5282
voorbereiden	25	626382	86.5317
wandelen	25	626407	86.5351
zelfde	25	626432	86.5386
zware	25	626457	86.542
;d	24	626481	86.5453
Bah	24	626505	86.5487
Bro	24	626529	86.552
Clercq	24	626553	86.5553
Danku	24	626577	86.5586
F	24	626601	86.5619
Groningen	24	626625	86.5652
Hoorde	24	626649	86.5686
Joke	24	626673	86.5719
KH	24	626697	86.5752
Kmoet	24	626721	86.5785
Lang	24	626745	86.5818
Let	24	626769	86.5851
My	24	626793	86.5884
Ooh	24	626817	86.5918
Pak	24	626841	86.5951
Plooier	24	626865	86.5984
Rijn	24	626889	86.6017
Thx	24	626913	86.605
Truste	24	626937	86.6083
Vnvnd	24	626961	86.6117
Werkze	24	626985	86.615
Xr	24	627009	86.6183
bib	24	627033	86.6216
blauwe	24	627057	86.6249
blijkt	24	627081	86.6282
brussel	24	627105	86.6316
camping	24	627129	86.6349
don't	24	627153	86.6382
drukte	24	627177	86.6415
duimen	24	627201	86.6448
elmo	24	627225	86.6481
fb	24	627249	86.6514
frietjes	24	627273	86.6548
gelegen	24	627297	86.6581
gemak	24	627321	86.6614
geslaagd	24	627345	86.6647
gestopt	24	627369	86.668
h	24	627393	86.6713
jip	24	627417	86.6747
job	24	627441	86.678
jongens	24	627465	86.6813
kaartjes	24	627489	86.6846
kent	24	627513	86.6879
kmoe	24	627537	86.6912
konden	24	627561	86.6945
kost	24	627585	86.6979
leuker	24	627609	86.7012
maanden	24	627633	86.7045
maarten	24	627657	86.7078
mei	24	627681	86.7111
nat	24	627705	86.7144
nieuwjaar	24	627729	86.7178
oe	24	627753	86.7211
one	24	627777	86.7244
oog	24	627801	86.7277
oppikken	24	627825	86.731
people	24	627849	86.7343
sneller	24	627873	86.7376
soon	24	627897	86.741
start	24	627921	86.7443
sterk	24	627945	86.7476
stijn	24	627969	86.7509
terugweg	24	627993	86.7542
testen	24	628017	86.7575
tevoren	24	628041	86.7609
vak	24	628065	86.7642
verschijnen	24	628089	86.7675
vliegtuig	24	628113	86.7708
voordat	24	628137	86.7741
vraagje	24	628161	86.7774
wennen	24	628185	86.7807
woon	24	628209	86.7841
zodra	24	628233	86.7874
-0	23	628256	86.7906
2011	23	628279	86.7937
Awel	23	628302	86.7969
Cool	23	628325	86.8001
Hola	23	628348	86.8033
Kut	23	628371	86.8064
Margje	23	628394	86.8096
Martijn	23	628417	86.8128
NL	23	628440	86.816
Onze	23	628463	86.8192
Probeer	23	628486	86.8223
S	23	628509	86.8255
UB	23	628532	86.8287
anne	23	628555	86.8319
appartement	23	628578	86.835
bedenken	23	628601	86.8382
cm	23	628624	86.8414
code	23	628647	86.8446
coffee	23	628670	86.8477
etten	23	628693	86.8509
haag	23	628716	86.8541
handiger	23	628739	86.8573
her	23	628762	86.8605
hihi	23	628785	86.8636
ier	23	628808	86.8668
ietsje	23	628831	86.87
ijs	23	628854	86.8732
kamp	23	628877	86.8763
kantoor	23	628900	86.8795
kat	23	628923	86.8827
laatst	23	628946	86.8859
leek	23	628969	86.8891
live	23	628992	86.8922
lol	23	629015	86.8954
mens	23	629038	86.8986
midden	23	629061	86.9018
moesten	23	629084	86.9049
new	23	629107	86.9081
nummers	23	629130	86.9113
oei	23	629153	86.9145
onthouden	23	629176	86.9176
ontspannen	23	629199	86.9208
opstaan	23	629222	86.924
overigens	23	629245	86.9272
peter	23	629268	86.9304
poging	23	629291	86.9335
probably	23	629314	86.9367
red	23	629337	86.9399
studenten	23	629360	86.9431
stuurt	23	629383	86.9462
tante	23	629406	86.9494
tekst	23	629429	86.9526
tenzij	23	629452	86.9558
thee	23	629475	86.959
uiteraard	23	629498	86.9621
val	23	629521	86.9653
verkeerde	23	629544	86.9685
verliefd	23	629567	86.9717
verstuurd	23	629590	86.9748
vooraan	23	629613	86.978
wim	23	629636	86.9812
zalig	23	629659	86.9844
zielig	23	629682	86.9876
zusje	23	629705	86.9907
‘	23	629728	86.9939
0	22	629750	86.9969
200	22	629772	87
Anita	22	629794	87.003
Are	22	629816	87.0061
Arme	22	629838	87.0091
Arnhem	22	629860	87.0121
As	22	629882	87.0152
Beste	22	629904	87.0182
Estee	22	629926	87.0213
Eten	22	629948	87.0243
Ff	22	629970	87.0273
Gvd	22	629992	87.0304
H	22	630014	87.0334
Iedereen	22	630036	87.0365
Its	22	630058	87.0395
Kreeg	22	630080	87.0425
Mail	22	630102	87.0456
Marieke	22	630124	87.0486
Niets	22	630146	87.0516
Normaal	22	630168	87.0547
P.	22	630190	87.0577
Still	22	630212	87.0608
Toen	22	630234	87.0638
VDZ	22	630256	87.0668
Valt	22	630278	87.0699
Veilig	22	630300	87.0729
Viel	22	630322	87.076
Waarschijnlijk	22	630344	87.079
bakken	22	630366	87.082
bedoeling	22	630388	87.0851
betaald	22	630410	87.0881
birthday	22	630432	87.0912
bosch	22	630454	87.0942
bussen	22	630476	87.0972
cafe	22	630498	87.1003
dames	22	630520	87.1033
denkek	22	630542	87.1064
eerlijk	22	630564	87.1094
elf	22	630586	87.1124
fit	22	630608	87.1155
g	22	630630	87.1185
gebruikt	22	630652	87.1216
goesting	22	630674	87.1246
gwn	22	630696	87.1276
happy	22	630718	87.1307
has	22	630740	87.1337
him	22	630762	87.1367
how	22	630784	87.1398
it.	22	630806	87.1428
j	22	630828	87.1459
join	22	630850	87.1489
khad	22	630872	87.1519
kmoet	22	630894	87.155
kop	22	630916	87.158
korte	22	630938	87.1611
krant	22	630960	87.1641
kyken	22	630982	87.1671
leo	22	631004	87.1702
lijn	22	631026	87.1732
max	22	631048	87.1763
minstens	22	631070	87.1793
mist	22	631092	87.1823
need	22	631114	87.1854
number	22	631136	87.1884
oefenen	22	631158	87.1915
office	22	631180	87.1945
our	22	631202	87.1975
plat	22	631224	87.2006
pocket	22	631246	87.2036
rare	22	631268	87.2066
restaurant	22	631290	87.2097
schoon	22	631312	87.2127
squashen	22	631334	87.2158
stonden	22	631356	87.2188
stuurde	22	631378	87.2218
taxi	22	631400	87.2249
tevreden	22	631422	87.2279
thuisgekomen	22	631444	87.231
till	22	631466	87.234
train	22	631488	87.237
verhalen	22	631510	87.2401
verlof	22	631532	87.2431
versie	22	631554	87.2462
verteld	22	631576	87.2492
very	22	631598	87.2522
vlak	22	631620	87.2553
voormiddag	22	631642	87.2583
vrijdagavond	22	631664	87.2614
wann	22	631686	87.2644
welterusten	22	631708	87.2674
wezen	22	631730	87.2705
winnen	22	631752	87.2735
yes	22	631774	87.2766
zenne	22	631796	87.2796
zomer	22	631818	87.2826
zwemmen	22	631840	87.2857
...?	21	631861	87.2886
06	21	631882	87.2915
Begin	21	631903	87.2944
Binnenkort	21	631924	87.2973
Feestje	21	631945	87.3002
Guust	21	631966	87.3031
Haag	21	631987	87.306
Hoezo	21	632008	87.3089
If	21	632029	87.3118
It	21	632050	87.3147
Jaaa	21	632071	87.3176
Jasper	21	632092	87.3205
Kdenk	21	632113	87.3234
Ken	21	632134	87.3263
Leuven	21	632155	87.3292
M.	21	632176	87.3321
Maargoed	21	632197	87.335
Maarten	21	632218	87.3379
Mn	21	632239	87.3408
Now	21	632260	87.3437
Perfect	21	632281	87.3466
Philip	21	632302	87.3495
Tentamen	21	632323	87.3524
Trusten	21	632344	87.3553
Zat	21	632365	87.3582
Zonde	21	632386	87.3611
aankomende	21	632407	87.364
afwachten	21	632428	87.3669
belangrijk	21	632449	87.3698
beloofd	21	632470	87.3727
bereik	21	632491	87.3756
besloten	21	632512	87.3785
brievenbus	21	632533	87.3814
cava	21	632554	87.3843
club	21	632575	87.3872
controle	21	632596	87.3901
daarmee	21	632617	87.393
did	21	632638	87.3959
duim	21	632659	87.3988
evening	21	632680	87.4017
feel	21	632701	87.4046
fles	21	632722	87.4075
gebouw	21	632743	87.4104
gok	21	632764	87.4133
guys	21	632785	87.4162
hvj	21	632806	87.4191
kip	21	632827	87.422
klimmen	21	632848	87.4249
klussen	21	632869	87.4278
kosten	21	632890	87.4307
las	21	632911	87.4336
leg	21	632932	87.4365
luck	21	632953	87.4394
maart	21	632974	87.4423
makkelijker	21	632995	87.4452
match	21	633016	87.4481
meegenomen	21	633037	87.451
meneer	21	633058	87.4539
michiel	21	633079	87.4568
msn	21	633100	87.4597
nachtje	21	633121	87.4626
namens	21	633142	87.4655
optie	21	633163	87.4684
plekje	21	633184	87.4713
quiz	21	633205	87.4742
schiet	21	633226	87.4771
seizoen	21	633247	87.48
sgoe	21	633268	87.4829
sjoekie	21	633289	87.4858
tijden	21	633310	87.4887
tukken	21	633331	87.4916
update	21	633352	87.4945
verkopen	21	633373	87.4974
woont	21	633394	87.5003
zaten	21	633415	87.5032
zoekt	21	633436	87.5061
zuid	21	633457	87.509
80	20	633477	87.5118
Aah	20	633497	87.5146
Alweer	20	633517	87.5173
Don't	20	633537	87.5201
Drie	20	633557	87.5229
Drink	20	633577	87.5256
Fiets	20	633597	87.5284
Guus	20	633617	87.5312
Happy	20	633637	87.5339
Jaa	20	633657	87.5367
Jaaaa	20	633677	87.5394
Laten	20	633697	87.5422
Ledeberg	20	633717	87.545
Mart	20	633737	87.5477
Maybe	20	633757	87.5505
Mmm	20	633777	87.5533
Morgenavond	20	633797	87.556
NS	20	633817	87.5588
Ons	20	633837	87.5615
Or	20	633857	87.5643
Pieter	20	633877	87.5671
Roen	20	633897	87.5698
Samen	20	633917	87.5726
Snel	20	633937	87.5754
Spreek	20	633957	87.5781
Toevallig	20	633977	87.5809
Tzal	20	633997	87.5836
XXx	20	634017	87.5864
Zorg	20	634037	87.5892
afmaken	20	634057	87.5919
after	20	634077	87.5947
around	20	634097	87.5975
braaf	20	634117	87.6002
cinema	20	634137	87.603
ck	20	634157	87.6058
collega's	20	634177	87.6085
compleet	20	634197	87.6113
dajje	20	634217	87.614
december	20	634237	87.6168
donker	20	634257	87.6196
down	20	634277	87.6223
draaien	20	634297	87.6251
dronken	20	634317	87.6279
flat	20	634337	87.6306
flesje	20	634357	87.6334
gast	20	634377	87.6361
geantwoord	20	634397	87.6389
gegevens	20	634417	87.6417
geleerd	20	634437	87.6444
gelopen	20	634457	87.6472
gezellige	20	634477	87.65
hart	20	634497	87.6527
hoek	20	634517	87.6555
hostel	20	634537	87.6582
huisgenoot	20	634557	87.661
jaren	20	634577	87.6638
kletsen	20	634597	87.6665
l	20	634617	87.6693
liefie	20	634637	87.6721
locatie	20	634657	87.6748
logeren	20	634677	87.6776
ma.	20	634697	87.6803
michel	20	634717	87.6831
november	20	634737	87.6859
ondanks	20	634757	87.6886
ontbijten	20	634777	87.6914
opzoeken	20	634797	87.6942
oven	20	634817	87.6969
overleg	20	634837	87.6997
pakt	20	634857	87.7025
pieter	20	634877	87.7052
project	20	634897	87.708
slaatje	20	634917	87.7107
soep	20	634937	87.7135
sollicitatie	20	634957	87.7163
spijtig	20	634977	87.719
sure	20	634997	87.7218
thesis	20	635017	87.7246
toffe	20	635037	87.7273
uitrusten	20	635057	87.7301
uitslapen	20	635077	87.7328
verkocht	20	635097	87.7356
vlakbij	20	635117	87.7384
voetballen	20	635137	87.7411
voldoende	20	635157	87.7439
vriendinnen	20	635177	87.7467
waard	20	635197	87.7494
weekendje	20	635217	87.7522
weekje	20	635237	87.7549
wk	20	635257	87.7577
wo	20	635277	87.7605
za	20	635297	87.7632
zover	20	635317	87.766
én	20	635337	87.7688
1,5	19	635356	87.7714
;p	19	635375	87.774
???	19	635394	87.7766
Blij	19	635413	87.7793
Buur	19	635432	87.7819
E	19	635451	87.7845
Eindelijk	19	635470	87.7871
Feest	19	635489	87.7898
Geeft	19	635508	87.7924
Heee	19	635527	87.795
Hoelaat	19	635546	87.7976
Hope	19	635565	87.8003
Héhé	19	635584	87.8029
Joow	19	635603	87.8055
Jos	19	635622	87.8081
Kelly	19	635641	87.8108
Kwam	19	635660	87.8134
Lieke	19	635679	87.816
Loe	19	635698	87.8186
Maureen	19	635717	87.8213
Nederland	19	635736	87.8239
Nieuwe	19	635755	87.8265
Nyugati	19	635774	87.8291
Oki	19	635793	87.8318
Rob	19	635812	87.8344
Stijn	19	635831	87.837
Trouwens	19	635850	87.8396
Vertrek	19	635869	87.8423
Zijde	19	635888	87.8449
afwas	19	635907	87.8475
allen	19	635926	87.8501
anderen	19	635945	87.8528
apart	19	635964	87.8554
bedoelt	19	635983	87.858
bende	19	636002	87.8606
bezet	19	636021	87.8633
blok	19	636040	87.8659
broertje	19	636059	87.8685
buren	19	636078	87.8711
cijfer	19	636097	87.8738
could	19	636116	87.8764
course	19	636135	87.879
dankje	19	636154	87.8816
doorgaan	19	636173	87.8843
downloaden	19	636192	87.8869
dringend	19	636211	87.8895
drinks	19	636230	87.8921
du	19	636249	87.8947
elisa	19	636268	87.8974
festival	19	636287	87.9
flinke	19	636306	87.9026
friend	19	636325	87.9052
gedoe	19	636344	87.9079
gepakt	19	636363	87.9105
gooien	19	636382	87.9131
haasten	19	636401	87.9157
hans	19	636420	87.9184
help	19	636439	87.921
hierheen	19	636458	87.9236
hoera	19	636477	87.9262
ideaal	19	636496	87.9289
ingeleverd	19	636515	87.9315
keertje	19	636534	87.9341
kr	19	636553	87.9367
kwamen	19	636572	87.9394
land	19	636591	87.942
lekkers	19	636610	87.9446
lijstje	19	636629	87.9472
lui	19	636648	87.9499
lust	19	636667	87.9525
melk	19	636686	87.9551
name	19	636705	87.9577
pen	19	636724	87.9604
problemo	19	636743	87.963
roze	19	636762	87.9656
simon	19	636781	87.9682
smsjes	19	636800	87.9709
spaghetti	19	636819	87.9735
stuff	19	636838	87.9761
tegenover	19	636857	87.9787
tegenwoordig	19	636876	87.9814
tellen	19	636895	87.984
uitslag	19	636914	87.9866
vakken	19	636933	87.9892
vent	19	636952	87.9919
vervelen	19	636971	87.9945
voorkeur	19	636990	87.9971
vooruit	19	637009	87.9997
were	19	637028	88.0024
worries	19	637047	88.005
zottegem	19	637066	88.0076
013	18	637084	88.0101
60	18	637102	88.0126
Begint	18	637120	88.0151
Blijf	18	637138	88.0176
Blijkbaar	18	637156	88.02
Bram	18	637174	88.0225
Deal	18	637192	88.025
Got	18	637210	88.0275
Hahahaha	18	637228	88.03
KUSJES	18	637246	88.0325
Klaar	18	637264	88.035
Koffie	18	637282	88.0375
Kuss	18	637300	88.0399
Kwas	18	637318	88.0424
Lennart	18	637336	88.0449
Linda	18	637354	88.0474
Omdat	18	637372	88.0499
Oooh	18	637390	88.0524
That	18	637408	88.0549
Verjaardag	18	637426	88.0573
Weekend	18	637444	88.0598
Wens	18	637462	88.0623
Willem	18	637480	88.0648
Would	18	637498	88.0673
Xxxxxxxxxxxxxxxxxxxx	18	637516	88.0698
Zonder	18	637534	88.0723
Zouden	18	637552	88.0748
achteraan	18	637570	88.0772
amsterdam	18	637588	88.0797
app	18	637606	88.0822
bah	18	637624	88.0847
beschikbaar	18	637642	88.0872
biertjes	18	637660	88.0897
bijgekomen	18	637678	88.0922
bijzonder	18	637696	88.0946
blauw	18	637714	88.0971
breda	18	637732	88.0996
broek	18	637750	88.1021
broodjes	18	637768	88.1046
ca	18	637786	88.1071
ciao	18	637804	88.1096
deal	18	637822	88.1121
didn't	18	637840	88.1145
doorgestuurd	18	637858	88.117
effe	18	637876	88.1195
eng	18	637894	88.122
ernaar	18	637912	88.1245
friday	18	637930	88.127
gebeurd	18	637948	88.1295
gehouden	18	637966	88.1319
geloven	18	637984	88.1344
geprobeerd	18	638002	88.1369
gisterenavond	18	638020	88.1394
héél	18	638038	88.1419
interesse	18	638056	88.1444
katten	18	638074	88.1469
kelder	18	638092	88.1494
komend	18	638110	88.1518
leveren	18	638128	88.1543
lezing	18	638146	88.1568
liep	18	638164	88.1593
maandagavond	18	638182	88.1618
manier	18	638200	88.1643
mitchaux	18	638218	88.1668
nú	18	638236	88.1692
ochtends	18	638254	88.1717
oppassen	18	638272	88.1742
overstappen	18	638290	88.1767
plaatsen	18	638308	88.1792
plans	18	638326	88.1817
programma	18	638344	88.1842
robbert	18	638362	88.1867
rock	18	638380	88.1891
roeselare	18	638398	88.1916
rood	18	638416	88.1941
sint	18	638434	88.1966
tekenen	18	638452	88.1991
test	18	638470	88.2016
trug	18	638488	88.2041
tyd	18	638506	88.2065
ve	18	638524	88.209
versturen	18	638542	88.2115
vertrouwen	18	638560	88.214
vlees	18	638578	88.2165
vliegen	18	638596	88.219
vree	18	638614	88.2215
war	18	638632	88.2239
wassen	18	638650	88.2264
wrs	18	638668	88.2289
zonde	18	638686	88.2314
écht	18	638704	88.2339
...!	17	638721	88.2362
29	17	638738	88.2386
Aalst	17	638755	88.2409
Alexander	17	638772	88.2433
Altijd	17	638789	88.2456
Beter	17	638806	88.248
Daarom	17	638823	88.2503
Hadden	17	638840	88.2527
Hoest	17	638857	88.255
It's	17	638874	88.2574
Khoop	17	638891	88.2597
Marco	17	638908	88.2621
Marleen	17	638925	88.2644
Meer	17	638942	88.2668
Meileken	17	638959	88.2691
Neenee	17	638976	88.2715
New	17	638993	88.2738
Precies	17	639010	88.2762
Ps	17	639027	88.2785
Rutger	17	639044	88.2809
Stom	17	639061	88.2832
Stomme	17	639078	88.2856
Twee	17	639095	88.2879
Waren	17	639112	88.2903
Wilke	17	639129	88.2926
YES	17	639146	88.295
Yup	17	639163	88.2973
Ziet	17	639180	88.2997
also	17	639197	88.302
arme	17	639214	88.3044
baasje	17	639231	88.3067
babbelen	17	639248	88.309
balkon	17	639265	88.3114
batterij	17	639282	88.3137
before	17	639299	88.3161
behoorlijk	17	639316	88.3184
belt	17	639333	88.3208
berichten	17	639350	88.3231
beu	17	639367	88.3255
beurs	17	639384	88.3278
boel	17	639401	88.3302
chill	17	639418	88.3325
cola	17	639435	88.3349
daagjes	17	639452	88.3372
dansen	17	639469	88.3396
details	17	639486	88.3419
dont	17	639503	88.3443
duurde	17	639520	88.3466
evy	17	639537	88.349
gebruik	17	639554	88.3513
gekozen	17	639571	88.3537
gelegenheid	17	639588	88.356
gemerkt	17	639605	88.3584
getting	17	639622	88.3607
gezond	17	639639	88.3631
goal	17	639656	88.3654
halfuurtje	17	639673	88.3678
harde	17	639690	88.3701
hour	17	639707	88.3725
ikea	17	639724	88.3748
inpakken	17	639741	88.3772
kampterrein	17	639758	88.3795
keelpijn	17	639775	88.3818
kennis	17	639792	88.3842
khoop	17	639809	88.3865
kik	17	639826	88.3889
kindjes	17	639843	88.3912
kleur	17	639860	88.3936
kloten	17	639877	88.3959
koelkast	17	639894	88.3983
kwil	17	639911	88.4006
little	17	639928	88.403
long	17	639945	88.4053
lucht	17	639962	88.4077
maja	17	639979	88.41
mee-eten	17	639996	88.4124
meepakken	17	640013	88.4147
merk	17	640030	88.4171
mobiel	17	640047	88.4194
motor	17	640064	88.4218
mozzarella	17	640081	88.4241
netwerk	17	640098	88.4265
neus	17	640115	88.4288
nl.	17	640132	88.4312
oefeningen	17	640149	88.4335
opeens	17	640166	88.4359
other	17	640183	88.4382
phone	17	640200	88.4406
poepie	17	640217	88.4429
printen	17	640234	88.4453
scheetie	17	640251	88.4476
shirt	17	640268	88.45
sla	17	640285	88.4523
slaan	17	640302	88.4547
stoel	17	640319	88.457
student	17	640336	88.4593
studio	17	640353	88.4617
team	17	640370	88.464
terugreis	17	640387	88.4664
tuurlijk	17	640404	88.4687
uren	17	640421	88.4711
vermaakt	17	640438	88.4734
verzonden	17	640455	88.4758
vloer	17	640472	88.4781
vnj	17	640489	88.4805
voorstel	17	640506	88.4828
vrydag	17	640523	88.4852
west	17	640540	88.4875
wilden	17	640557	88.4899
xxxkk	17	640574	88.4922
xxxx	17	640591	88.4946
zolang	17	640608	88.4969
zu	17	640625	88.4993
à	17	640642	88.5016
2010	16	640658	88.5038
32	16	640674	88.506
:d	16	640690	88.5083
AH	16	640706	88.5105
Allez	16	640722	88.5127
Anneleen	16	640738	88.5149
Dju	16	640754	88.5171
Do	16	640770	88.5193
Eric	16	640786	88.5215
Hebt	16	640802	88.5237
Help	16	640818	88.5259
James	16	640834	88.5281
Johan	16	640850	88.5304
Joo	16	640866	88.5326
Khad	16	640882	88.5348
Klote	16	640898	88.537
Kwil	16	640914	88.5392
Liefst	16	640930	88.5414
Mam	16	640946	88.5436
Morrisons	16	640962	88.5458
Oe	16	640978	88.548
Okido	16	640994	88.5502
Raar	16	641010	88.5525
Sava	16	641026	88.5547
Sure	16	641042	88.5569
VCARD	16	641058	88.5591
Werkse	16	641074	88.5613
^^	16	641090	88.5635
aanbieding	16	641106	88.5657
achteraf	16	641122	88.5679
allerlei	16	641138	88.5701
arno	16	641154	88.5724
artikel	16	641170	88.5746
bedenk	16	641186	88.5768
bit	16	641202	88.579
bloed	16	641218	88.5812
blokken	16	641234	88.5834
bowling	16	641250	88.5856
casino	16	641266	88.5878
cv	16	641282	88.59
deadline	16	641298	88.5922
dinner	16	641314	88.5945
diploma	16	641330	88.5967
donderdagavond	16	641346	88.5989
done	16	641362	88.6011
etc	16	641378	88.6033
excuses	16	641394	88.6055
f	16	641410	88.6077
films	16	641426	88.6099
gedachten	16	641442	88.6121
geholpen	16	641458	88.6143
geluid	16	641474	88.6166
gewend	16	641490	88.6188
gezelligheid	16	641506	88.621
gps	16	641522	88.6232
grap	16	641538	88.6254
grapje	16	641554	88.6276
groet	16	641570	88.6298
haalt	16	641586	88.632
huisgenoten	16	641602	88.6342
hy	16	641618	88.6365
jeroen	16	641634	88.6387
kei	16	641650	88.6409
kies	16	641666	88.6431
knallen	16	641682	88.6453
leaving	16	641698	88.6475
left	16	641714	88.6497
lotte	16	641730	88.6519
maaike	16	641746	88.6541
mailbox	16	641762	88.6563
mams	16	641778	88.6586
menno	16	641794	88.6608
mind	16	641810	88.663
moogt	16	641826	88.6652
mooier	16	641842	88.6674
morning	16	641858	88.6696
muur	16	641874	88.6718
nadat	16	641890	88.674
nadenken	16	641906	88.6762
nederland	16	641922	88.6784
nodige	16	641938	88.6807
oesje	16	641954	88.6829
omhoog	16	641970	88.6851
onderzoek	16	641986	88.6873
opgehaald	16	642002	88.6895
oproep	16	642018	88.6917
overtuigen	16	642034	88.6939
prins	16	642050	88.6961
prinsesje	16	642066	88.6983
problem	16	642082	88.7006
receptie	16	642098	88.7028
rechtstreeks	16	642114	88.705
scherm	16	642130	88.7072
set	16	642146	88.7094
sleep	16	642162	88.7116
sliep	16	642178	88.7138
smst	16	642194	88.716
tandarts	16	642210	88.7182
tell	16	642226	88.7204
terugbellen	16	642242	88.7227
tessa	16	642258	88.7249
text	16	642274	88.7271
than	16	642290	88.7293
thing	16	642306	88.7315
ticket	16	642322	88.7337
toegekomen	16	642338	88.7359
tonen	16	642354	88.7381
town	16	642370	88.7403
trap	16	642386	88.7425
vandaan	16	642402	88.7448
veranderen	16	642418	88.747
verdienen	16	642434	88.7492
verlang	16	642450	88.7514
vermoeiend	16	642466	88.7536
verstandig	16	642482	88.7558
vette	16	642498	88.758
waarvoor	16	642514	88.7602
wc	16	642530	88.7624
wegens	16	642546	88.7647
xxxxxxxxxxxxxxxxxxxx	16	642562	88.7669
zomaar	16	642578	88.7691
-1	15	642593	88.7711
Ajax	15	642608	88.7732
Antwerpen	15	642623	88.7753
Boedapest	15	642638	88.7774
Bon	15	642653	88.7794
Brussel	15	642668	88.7815
Doei	15	642683	88.7836
Doet	15	642698	88.7856
Ehm	15	642713	88.7877
Enschede	15	642728	88.7898
Foto's	15	642743	88.7919
Gizmo	15	642758	88.7939
Goe	15	642773	88.796
Gwendoline	15	642788	88.7981
Iemand	15	642803	88.8002
Joehoe	15	642818	88.8022
Jouw	15	642833	88.8043
Kitty	15	642848	88.8064
Knuffel	15	642863	88.8084
Kzou	15	642878	88.8105
Leeds	15	642893	88.8126
London	15	642908	88.8147
Marcella	15	642923	88.8167
Martin	15	642938	88.8188
Michel	15	642953	88.8209
Nogmaals	15	642968	88.8229
Pakt	15	642983	88.825
Skat	15	642998	88.8271
Slapen	15	643013	88.8292
Spanje	15	643028	88.8312
Test	15	643043	88.8333
Tgaat	15	643058	88.8354
Uiteraard	15	643073	88.8375
Volgend	15	643088	88.8395
Vooral	15	643103	88.8416
Wist	15	643118	88.8437
_	15	643133	88.8457
afhankelijk	15	643148	88.8478
afspraken	15	643163	88.8499
anything	15	643178	88.852
arnhem	15	643193	88.854
bal	15	643208	88.8561
beeld	15	643223	88.8582
bespreken	15	643238	88.8602
betekent	15	643253	88.8623
bezorgd	15	643268	88.8644
bleef	15	643283	88.8665
boeiend	15	643298	88.8685
brand	15	643313	88.8706
brengt	15	643328	88.8727
camera	15	643343	88.8748
carnaval	15	643358	88.8768
change	15	643373	88.8789
close	15	643388	88.881
daje	15	643403	88.883
dien	15	643418	88.8851
doei	15	643433	88.8872
droom	15	643448	88.8893
dubbel	15	643463	88.8913
ebt	15	643478	88.8934
echter	15	643493	88.8955
energie	15	643508	88.8975
enig	15	643523	88.8996
etc.	15	643538	88.9017
eva	15	643553	88.9038
fam	15	643568	88.9058
first	15	643583	88.9079
five	15	643598	88.91
fixen	15	643613	88.9121
fysio	15	643628	88.9141
gebeurt	15	643643	88.9162
geduld	15	643658	88.9183
gelegd	15	643673	88.9203
gestaan	15	643688	88.9224
gonna	15	643703	88.9245
great	15	643718	88.9266
green	15	643733	88.9286
groene	15	643748	88.9307
grond	15	643763	88.9328
groningen	15	643778	88.9348
halfuur	15	643793	88.9369
herinneren	15	643808	88.939
hond	15	643823	88.9411
iPhone	15	643838	88.9431
indruk	15	643853	88.9452
its	15	643868	88.9473
januari	15	643883	88.9494
jarige	15	643898	88.9514
keb	15	643913	88.9535
kermis	15	643928	88.9556
kzou	15	643943	88.9576
leave	15	643958	88.9597
lik	15	643973	88.9618
master	15	643988	88.9639
meid	15	644003	88.9659
melden	15	644018	88.968
minke	15	644033	88.9701
mooiste	15	644048	88.9721
nouja	15	644063	88.9742
opdrachten	15	644078	88.9763
oplader	15	644093	88.9784
oplossing	15	644108	88.9804
overmaken	15	644123	88.9825
papier	15	644138	88.9846
politie	15	644153	88.9866
positief	15	644168	88.9887
road	15	644183	88.9908
sauna	15	644198	88.9929
schattie	15	644213	88.9949
schilderen	15	644228	88.997
skype	15	644243	88.9991
slot	15	644258	89.0012
solliciteren	15	644273	89.0032
springen	15	644288	89.0053
stand	15	644303	89.0074
statistiek	15	644318	89.0094
trui	15	644333	89.0115
twijfel	15	644348	89.0136
twijfelen	15	644363	89.0157
two	15	644378	89.0177
typen	15	644393	89.0198
verbinding	15	644408	89.0219
verdieping	15	644423	89.0239
verslapen	15	644438	89.026
vervangen	15	644453	89.0281
vies	15	644468	89.0302
volg	15	644483	89.0322
woorden	15	644498	89.0343
wrschlk	15	644513	89.0364
zaken	15	644528	89.0385
zitte	15	644543	89.0405
zittn	15	644558	89.0426
zoenen	15	644573	89.0447
zondagavond	15	644588	89.0467
1230	14	644602	89.0487
39	14	644616	89.0506
70	14	644630	89.0525
90	14	644644	89.0545
:-S	14	644658	89.0564
Albert	14	644672	89.0583
At	14	644686	89.0603
Auto	14	644700	89.0622
Bier	14	644714	89.0641
Budapest	14	644728	89.0661
Call	14	644742	89.068
Chill	14	644756	89.07
Could	14	644770	89.0719
Duitsland	14	644784	89.0738
Es	14	644798	89.0758
Gaaf	14	644812	89.0777
Goh	14	644826	89.0796
Jah	14	644840	89.0816
Jippie	14	644854	89.0835
Kijken	14	644868	89.0854
Kunt	14	644882	89.0874
Kzie	14	644896	89.0893
Lieveke	14	644910	89.0912
Liset	14	644924	89.0932
Londen	14	644938	89.0951
Louis	14	644952	89.097
Maastricht	14	644966	89.099
Marianne	14	644980	89.1009
Menno	14	644994	89.1028
Mij	14	645008	89.1048
Mika	14	645022	89.1067
Mogen	14	645036	89.1086
Orphée	14	645050	89.1106
Pap	14	645064	89.1125
Robin	14	645078	89.1144
Rotterdam	14	645092	89.1164
Snap	14	645106	89.1183
Spreken	14	645120	89.1202
Tijl	14	645134	89.1222
Trots	14	645148	89.1241
True	14	645162	89.126
Word	14	645176	89.128
aanwezig	14	645190	89.1299
aanzetten	14	645204	89.1318
afscheid	14	645218	89.1338
alst	14	645232	89.1357
antwerpen	14	645246	89.1376
armen	14	645260	89.1396
aug	14	645274	89.1415
badkamer	14	645288	89.1434
bagage	14	645302	89.1454
ballen	14	645316	89.1473
bday	14	645330	89.1492
begrepen	14	645344	89.1512
beleid	14	645358	89.1531
binne	14	645372	89.155
brommer	14	645386	89.157
btw.	14	645400	89.1589
buur	14	645414	89.1609
charlotte	14	645428	89.1628
contract	14	645442	89.1647
daarop	14	645456	89.1667
data	14	645470	89.1686
david	14	645484	89.1705
dec	14	645498	89.1725
doing	14	645512	89.1744
dom	14	645526	89.1763
durf	14	645540	89.1783
dvd	14	645554	89.1802
erdoor	14	645568	89.1821
erger	14	645582	89.1841
eur	14	645596	89.186
evt.	14	645610	89.1879
excuus	14	645624	89.1899
fitness	14	645638	89.1918
frankrijk	14	645652	89.1937
free	14	645666	89.1957
friet	14	645680	89.1976
garage	14	645694	89.1995
gaten	14	645708	89.2015
gedroomd	14	645722	89.2034
guy	14	645736	89.2053
hardlopen	14	645750	89.2073
hartstikke	14	645764	89.2092
hawai	14	645778	89.2111
heerlijke	14	645792	89.2131
hiep	14	645806	89.215
intussen	14	645820	89.2169
invullen	14	645834	89.2189
jaloers	14	645848	89.2208
jelmer	14	645862	89.2227
kamers	14	645876	89.2247
kilo	14	645890	89.2266
koffer	14	645904	89.2285
kou	14	645918	89.2305
kruip	14	645932	89.2324
laus	14	645946	89.2343
letten	14	645960	89.2363
maag	14	645974	89.2382
materiaal	14	645988	89.2401
meekomen	14	646002	89.2421
meest	14	646016	89.244
mo	14	646030	89.2459
monday	14	646044	89.2479
moois	14	646058	89.2498
naartoe	14	646072	89.2518
neer	14	646086	89.2537
nogmaals	14	646100	89.2556
nonkel	14	646114	89.2576
ofwel	14	646128	89.2595
overgemaakt	14	646142	89.2614
paul	14	646156	89.2634
philip	14	646170	89.2653
prettig	14	646184	89.2672
ps	14	646198	89.2692
pub	14	646212	89.2711
pukkelpop	14	646226	89.273
radio	14	646240	89.275
remke	14	646254	89.2769
rennen	14	646268	89.2788
route	14	646282	89.2808
ruilen	14	646296	89.2827
say	14	646310	89.2846
schieten	14	646324	89.2866
schitterend	14	646338	89.2885
schuld	14	646352	89.2904
server	14	646366	89.2924
snor	14	646380	89.2943
sociaal	14	646394	89.2962
sport	14	646408	89.2982
starten	14	646422	89.3001
stof	14	646436	89.302
stomme	14	646450	89.304
tobeke	14	646464	89.3059
uitgerust	14	646478	89.3078
uitgeslapen	14	646492	89.3098
uitleg	14	646506	89.3117
uitleggen	14	646520	89.3136
vant	14	646534	89.3156
vele	14	646548	89.3175
vergaderen	14	646562	89.3194
verhuizing	14	646576	89.3214
verlopen	14	646590	89.3233
verschil	14	646604	89.3252
vervolgens	14	646618	89.3272
vierde	14	646632	89.3291
voelen	14	646646	89.331
voeten	14	646660	89.333
vroege	14	646674	89.3349
wachtwoord	14	646688	89.3368
wifi	14	646702	89.3388
wint	14	646716	89.3407
woe	14	646730	89.3426
workshop	14	646744	89.3446
wè	14	646758	89.3465
yesterday	14	646772	89.3485
zagen	14	646786	89.3504
zen	14	646800	89.3523
zwart	14	646814	89.3543
1000	13	646827	89.356
27	13	646840	89.3578
54	13	646853	89.3596
:-s	13	646866	89.3614
:|	13	646879	89.3632
;))	13	646892	89.365
Afh	13	646905	89.3668
Afhalen	13	646918	89.3686
Ahh	13	646931	89.3704
Aiaiai	13	646944	89.3722
Aida	13	646957	89.374
Breng	13	646970	89.3758
Der	13	646983	89.3776
Dries	13	646996	89.3794
Duurt	13	647009	89.3812
Eva	13	647022	89.383
Flink	13	647035	89.3848
Frans	13	647048	89.3866
Grote	13	647061	89.3884
Haal	13	647074	89.3902
Hangt	13	647087	89.392
Hanne	13	647100	89.3938
Hard	13	647113	89.3956
Harm	13	647126	89.3974
Hilde	13	647139	89.3992
II	13	647152	89.4009
Ikea	13	647165	89.4027
Ill	13	647178	89.4045
Janneke	13	647191	89.4063
Joe	13	647204	89.4081
Keb	13	647217	89.4099
Komende	13	647230	89.4117
Lien	13	647243	89.4135
Lieverd	13	647256	89.4153
Mar	13	647269	89.4171
Michiel	13	647282	89.4189
NYC	13	647295	89.4207
Ni	13	647308	89.4225
Nie	13	647321	89.4243
Patrick	13	647334	89.4261
Skattie	13	647347	89.4279
Stefan	13	647360	89.4297
Thanx	13	647373	89.4315
Tussen	13	647386	89.4333
Vorige	13	647399	89.4351
Walter	13	647412	89.4369
Why	13	647425	89.4387
Wss	13	647438	89.4405
XXXXXXXXXXXXXXXXXXXXXXXX	13	647451	89.4423
Yow	13	647464	89.444
Zalig	13	647477	89.4458
Zoals	13	647490	89.4476
aangenomen	13	647503	89.4494
aapke	13	647516	89.4512
ach	13	647529	89.453
actie	13	647542	89.4548
almost	13	647555	89.4566
amper	13	647568	89.4584
anderhalf	13	647581	89.4602
arrived	13	647594	89.462
berichtjes	13	647607	89.4638
better	13	647620	89.4656
bijkomen	13	647633	89.4674
bijzonders	13	647646	89.4692
blyven	13	647659	89.471
bos	13	647672	89.4728
bouwen	13	647685	89.4746
bril	13	647698	89.4764
busy	13	647711	89.4782
cijfers	13	647724	89.48
city	13	647737	89.4818
colruyt	13	647750	89.4836
daarvan	13	647763	89.4854
doodmoe	13	647776	89.4871
doorwerken	13	647789	89.4889
dutje	13	647802	89.4907
e-mail	13	647815	89.4925
enigszins	13	647828	89.4943
enthousiast	13	647841	89.4961
exact	13	647854	89.4979
food	13	647867	89.4997
forum	13	647880	89.5015
fotos	13	647893	89.5033
frank	13	647906	89.5051
fuck	13	647919	89.5069
gasten	13	647932	89.5087
gelaten	13	647945	89.5105
gemiste	13	647958	89.5123
gestudeerd	13	647971	89.5141
google	13	647984	89.5159
hang	13	647997	89.5177
happening	13	648010	89.5195
hebbe	13	648023	89.5213
hebbn	13	648036	89.5231
hehe	13	648049	89.5249
hmmm	13	648062	89.5267
iedere	13	648075	89.5285
indien	13	648088	89.5303
inleveren	13	648101	89.532
jerom	13	648114	89.5338
joyce	13	648127	89.5356
keihard	13	648140	89.5374
keren	13	648153	89.5392
kind	13	648166	89.541
klok	13	648179	89.5428
korting	13	648192	89.5446
kunn	13	648205	89.5464
lader	13	648218	89.5482
langskomt	13	648231	89.55
langzaam	13	648244	89.5518
lasagne	13	648257	89.5536
lau	13	648270	89.5554
lege	13	648283	89.5572
letterlijk	13	648296	89.559
lieffie	13	648309	89.5608
life	13	648322	89.5626
link	13	648335	89.5644
lot	13	648348	89.5662
mannetje	13	648361	89.568
meeeten	13	648374	89.5698
mega	13	648387	89.5716
metro	13	648400	89.5734
movie	13	648413	89.5751
mumbai	13	648426	89.5769
nagedacht	13	648439	89.5787
nagekeken	13	648452	89.5805
neen	13	648465	89.5823
noemt	13	648478	89.5841
nuchter	13	648491	89.5859
opgeruimd	13	648504	89.5877
opweg	13	648517	89.5895
overleden	13	648530	89.5913
pintje	13	648543	89.5931
plakken	13	648556	89.5949
pubquiz	13	648569	89.5967
raak	13	648582	89.5985
raam	13	648595	89.6003
relaxt	13	648608	89.6021
roken	13	648621	89.6039
royal	13	648634	89.6057
salade	13	648647	89.6075
schema	13	648660	89.6093
schoonmaken	13	648673	89.6111
schrik	13	648686	89.6129
seintje	13	648699	89.6147
seks	13	648712	89.6165
sommige	13	648725	89.6182
sparen	13	648738	89.62
stan	13	648751	89.6218
stukken	13	648764	89.6236
teleurgesteld	13	648777	89.6254
times	13	648790	89.6272
tips	13	648803	89.629
tje	13	648816	89.6308
traag	13	648829	89.6326
twintig	13	648842	89.6344
utca	13	648855	89.6362
vermaken	13	648868	89.638
vermoedelijk	13	648881	89.6398
vervoer	13	648894	89.6416
verzinnen	13	648907	89.6434
viert	13	648920	89.6452
vliegveld	13	648933	89.647
voorbereid	13	648946	89.6488
voorzien	13	648959	89.6506
vriendjes	13	648972	89.6524
vuurwerk	13	648985	89.6542
warme	13	648998	89.656
wijntje	13	649011	89.6578
woord	13	649024	89.6596
worry	13	649037	89.6614
ww	13	649050	89.6631
zalm	13	649063	89.6649
zoon	13	649076	89.6667
zucht	13	649089	89.6685
zwarte	13	649102	89.6703
zwolle	13	649115	89.6721
é	13	649128	89.6739
..?	12	649140	89.6756
05	12	649152	89.6772
2,5	12	649164	89.6789
36	12	649176	89.6806
44	12	649188	89.6822
75	12	649200	89.6839
BBQ	12	649212	89.6855
Balen	12	649224	89.6872
Breau	12	649236	89.6888
Bus	12	649248	89.6905
CS	12	649260	89.6922
Can	12	649272	89.6938
Daan	12	649284	89.6955
Done	12	649296	89.6971
Eigenlijk	12	649308	89.6988
Enig	12	649320	89.7004
FB	12	649332	89.7021
Fantastisch	12	649344	89.7038
Geweldig	12	649356	89.7054
Going	12	649368	89.7071
Hiep	12	649380	89.7087
Hoeist	12	649392	89.7104
Iris	12	649404	89.7121
Jaaaah	12	649416	89.7137
Karel	12	649428	89.7154
Karlien	12	649440	89.717
Knuf	12	649452	89.7187
Lag	12	649464	89.7203
Leef	12	649476	89.722
Lees	12	649488	89.7237
Leg	12	649500	89.7253
Lynn	12	649512	89.727
Mandy	12	649524	89.7286
Onderweg	12	649536	89.7303
PS	12	649548	89.7319
Pango	12	649560	89.7336
René	12	649572	89.7353
Rij	12	649584	89.7369
Rsca	12	649596	89.7386
Rust	12	649608	89.7402
Sjors	12	649620	89.7419
Slecht	12	649632	89.7435
Stap	12	649644	89.7452
Sytske	12	649656	89.7469
Telefoon	12	649668	89.7485
That's	12	649680	89.7502
Then	12	649692	89.7518
Tof	12	649704	89.7535
Vanmorgen	12	649716	89.7552
Vier	12	649728	89.7568
Vr	12	649740	89.7585
Vraag	12	649752	89.7601
Willen	12	649764	89.7618
Zeer	12	649776	89.7634
Zometeen	12	649788	89.7651
Zucht	12	649800	89.7668
aandoen	12	649812	89.7684
activiteit	12	649824	89.7701
afgestudeerd	12	649836	89.7717
afgezegd	12	649848	89.7734
aflevering	12	649860	89.775
afstuderen	12	649872	89.7767
always	12	649884	89.7784
amuseer	12	649896	89.78
begon	12	649908	89.7817
behoefte	12	649920	89.7833
beurt	12	649932	89.785
bezorgen	12	649944	89.7866
bleek	12	649956	89.7883
boekje	12	649968	89.79
burger	12	649980	89.7916
congé	12	649992	89.7933
daarheen	12	650004	89.7949
damn	12	650016	89.7966
delft	12	650028	89.7983
dichtbij	12	650040	89.7999
diner	12	650052	89.8016
discussie	12	650064	89.8032
doden	12	650076	89.8049
doodop	12	650088	89.8065
doorgaat	12	650100	89.8082
doorheen	12	650112	89.8099
fluiten	12	650124	89.8115
formulier	12	650136	89.8132
geboekt	12	650148	89.8148
gebracht	12	650160	89.8165
geldig	12	650172	89.8181
gemakkelijk	12	650184	89.8198
genk	12	650196	89.8215
geraak	12	650208	89.8231
gerief	12	650220	89.8248
getraind	12	650232	89.8264
gezelschap	12	650244	89.8281
goedkoop	12	650256	89.8297
groter	12	650268	89.8314
hartendiefje	12	650280	89.8331
having	12	650292	89.8347
heeeel	12	650304	89.8364
herhaling	12	650316	89.838
his	12	650328	89.8397
hoesten	12	650340	89.8414
hoge	12	650352	89.843
inschrijven	12	650364	89.8447
interview	12	650376	89.8463
joe	12	650388	89.848
jonge	12	650400	89.8496
juiste	12	650412	89.8513
karliensong	12	650424	89.853
karlientje	12	650436	89.8546
keek	12	650448	89.8563
keurig	12	650460	89.8579
kijkt	12	650472	89.8596
komn	12	650484	89.8612
koopt	12	650496	89.8629
kuisen	12	650508	89.8646
kwaad	12	650520	89.8662
kwaliteit	12	650532	89.8679
lap	12	650544	89.8695
lokaal	12	650556	89.8712
maatje	12	650568	89.8729
meevalt	12	650580	89.8745
meiden	12	650592	89.8762
meisjes	12	650604	89.8778
monifa	12	650616	89.8795
nachten	12	650628	89.8811
nieuwsgierig	12	650640	89.8828
olga	12	650652	89.8845
ontmoet	12	650664	89.8861
onweer	12	650676	89.8878
oor	12	650688	89.8894
own	12	650700	89.8911
pad	12	650712	89.8927
passeer	12	650724	89.8944
pff	12	650736	89.8961
photo	12	650748	89.8977
piefje	12	650760	89.8994
pik	12	650772	89.901
pils	12	650784	89.9027
pint	12	650796	89.9043
plezant	12	650808	89.906
practicum	12	650820	89.9077
present	12	650832	89.9093
prob	12	650844	89.911
proper	12	650856	89.9126
raken	12	650868	89.9143
reacties	12	650880	89.916
reageerde	12	650892	89.9176
relatie	12	650904	89.9193
rot	12	650916	89.9209
ruud	12	650928	89.9226
schijf	12	650940	89.9242
schoonheid	12	650952	89.9259
schrijf	12	650964	89.9276
sept	12	650976	89.9292
slechts	12	650988	89.9309
spass	12	651000	89.9325
spreekt	12	651012	89.9342
stam	12	651024	89.9358
tegenaan	12	651036	89.9375
terrein	12	651048	89.9392
tralala	12	651060	89.9408
twaalf	12	651072	89.9425
uurke	12	651084	89.9441
verkouden	12	651096	89.9458
verzamelen	12	651108	89.9474
villa	12	651120	89.9491
vn	12	651132	89.9508
voelde	12	651144	89.9524
voorbereiding	12	651156	89.9541
voordeur	12	651168	89.9557
voort	12	651180	89.9574
waardoor	12	651192	89.9591
waarvan	12	651204	89.9607
ward	12	651216	89.9624
wegbrengen	12	651228	89.964
weggaan	12	651240	89.9657
went	12	651252	89.9673
xtase	12	651264	89.969
zaak	12	651276	89.9707
zenuwachtig	12	651288	89.9723
ziekjes	12	651300	89.974
zoo	12	651312	89.9756
zwaaien	12	651324	89.9773
zwanger	12	651336	89.9789
zyt	12	651348	89.9806
zó	12	651360	89.9823
!!!!!	11	651371	89.9838
--	11	651382	89.9853
09	11	651393	89.9868
150	11	651404	89.9883
2de	11	651415	89.9899
300	11	651426	89.9914
500	11	651437	89.9929
55	11	651448	89.9944
86	11	651459	89.9959
Allemaal	11	651470	89.9975
Any	11	651481	89.999
Auke	11	651492	90.0005
Awesome	11	651503	90.002
Bas	11	651514	90.0035
Bellen	11	651525	90.0051
Berlijn	11	651536	90.0066
Bordeaux	11	651547	90.0081
Bregje	11	651558	90.0096
Chinees	11	651569	90.0111
Cul	11	651580	90.0127
Eej	11	651591	90.0142
Engels	11	651602	90.0157
Enorm	11	651613	90.0172
Feel	11	651624	90.0187
Film	11	651635	90.0203
Go	11	651646	90.0218
Graard	11	651657	90.0233
Grappig	11	651668	90.0248
Indien	11	651679	90.0263
Ivm	11	651690	90.0279
Jiha	11	651701	90.0294
Jups	11	651712	90.0309
Kerel	11	651723	90.0324
Loop	11	651734	90.0339
Marcel	11	651745	90.0354
Margreet	11	651756	90.037
Meet	11	651767	90.0385
Mignon	11	651778	90.04
Nele	11	651789	90.0415
Oef	11	651800	90.043
Oeioei	11	651811	90.0446
PHOTO	11	651822	90.0461
PREF	11	651833	90.0476
Refter	11	651844	90.0491
Roel	11	651855	90.0506
Ruby	11	651866	90.0522
St	11	651877	90.0537
Steve	11	651888	90.0552
Tnx	11	651899	90.0567
Tots	11	651910	90.0582
V	11	651921	90.0598
Voetbal	11	651932	90.0613
Vrijdagavond	11	651943	90.0628
Weinig	11	651954	90.0643
Wendy	11	651965	90.0658
Wiebe	11	651976	90.0674
Wou	11	651987	90.0689
XD	11	651998	90.0704
Xxxxxx	11	652009	90.0719
York	11	652020	90.0734
Zo'n	11	652031	90.075
Zoek	11	652042	90.0765
aandacht	11	652053	90.078
aankomen	11	652064	90.0795
afdrukken	11	652075	90.081
afwassen	11	652086	90.0826
afzeggen	11	652097	90.0841
afzetten	11	652108	90.0856
allez	11	652119	90.0871
altyd	11	652130	90.0886
ask	11	652141	90.0902
awesome	11	652152	90.0917
bakker	11	652163	90.0932
bbqen	11	652174	90.0947
bedoeld	11	652185	90.0962
belangrijker	11	652196	90.0978
belgie	11	652207	90.0993
benauwd	11	652218	90.1008
bewaren	11	652229	90.1023
bezoeken	11	652240	90.1038
big	11	652251	90.1053
borrelen	11	652262	90.1069
bro	11	652273	90.1084
buggenhout	11	652284	90.1099
called	11	652295	90.1114
chick	11	652306	90.1129
contacten	11	652317	90.1145
d'n	11	652328	90.116
daardoor	11	652339	90.1175
des	11	652350	90.119
doos	11	652361	90.1205
dries	11	652372	90.1221
drunk	11	652383	90.1236
early	11	652394	90.1251
eat	11	652405	90.1266
emma	11	652416	90.1281
engels	11	652427	90.1297
eric	11	652438	90.1312
erover	11	652449	90.1327
essay	11	652460	90.1342
februari	11	652471	90.1357
feeling	11	652482	90.1373
feit	11	652493	90.1388
feliciteren	11	652504	90.1403
ffe	11	652515	90.1418
ffkes	11	652526	90.1433
finale	11	652537	90.1449
find	11	652548	90.1464
fine	11	652559	90.1479
fitnessen	11	652570	90.1494
foutje	11	652581	90.1509
frederik	11	652592	90.1525
front	11	652603	90.154
fucking	11	652614	90.1555
gaadet	11	652625	90.157
gans	11	652636	90.1585
gate	11	652647	90.1601
gefietst	11	652658	90.1616
gefixt	11	652669	90.1631
geheugen	11	652680	90.1646
gepraat	11	652691	90.1661
gesport	11	652702	90.1677
gevoeld	11	652713	90.1692
gezicht	11	652724	90.1707
gezocht	11	652735	90.1722
godver	11	652746	90.1737
goedgekeurd	11	652757	90.1753
goedkoper	11	652768	90.1768
gooi	11	652779	90.1783
gr.	11	652790	90.1798
halverwege	11	652801	90.1813
heftig	11	652812	90.1828
helder	11	652823	90.1844
heus	11	652834	90.1859
house	11	652845	90.1874
huh	11	652856	90.1889
huur	11	652867	90.1904
ikke	11	652878	90.192
ill	11	652889	90.1935
invite	11	652900	90.195
ish	11	652911	90.1965
jee	11	652922	90.198
jiha	11	652933	90.1996
joh.	11	652944	90.2011
jouwe	11	652955	90.2026
kbc	11	652966	90.2041
keep	11	652977	90.2056
keppekes	11	652988	90.2072
kijkavond	11	652999	90.2087
klaas	11	653010	90.2102
kleedje	11	653021	90.2117
kloppen	11	653032	90.2132
klus	11	653043	90.2148
koers	11	653054	90.2163
kopje	11	653065	90.2178
kortrijk	11	653076	90.2193
kunne	11	653087	90.2208
kzie	11	653098	90.2224
laura	11	653109	90.2239
lichaam	11	653120	90.2254
liedje	11	653131	90.2269
lievio	11	653142	90.2284
lijken	11	653153	90.23
liter	11	653164	90.2315
living	11	653175	90.233
maarja	11	653186	90.2345
maps	11	653197	90.236
merelbeke	11	653208	90.2376
message	11	653219	90.2391
mevrouw	11	653230	90.2406
mgl	11	653241	90.2421
moed	11	653252	90.2436
moetjes	11	653263	90.2452
morgn	11	653274	90.2467
naart	11	653285	90.2482
nakijken	11	653296	90.2497
nek	11	653307	90.2512
niels	11	653318	90.2528
noemen	11	653329	90.2543
ofwa	11	653340	90.2558
only	11	653351	90.2573
operatie	11	653362	90.2588
opeten	11	653373	90.2603
opgenomen	11	653384	90.2619
opleiding	11	653395	90.2634
opslaan	11	653406	90.2649
overleeft	11	653417	90.2664
pannenkoeken	11	653428	90.2679
papieren	11	653439	90.2695
part	11	653450	90.271
pass	11	653461	90.2725
perron	11	653472	90.274
pick	11	653483	90.2755
pikken	11	653494	90.2771
plein	11	653505	90.2786
poes	11	653516	90.2801
poster	11	653527	90.2816
pp	11	653538	90.2831
prettige	11	653549	90.2847
raad	11	653560	90.2862
reed	11	653571	90.2877
refter	11	653582	90.2892
resultaat	11	653593	90.2907
rit	11	653604	90.2923
rondje	11	653615	90.2938
rooster	11	653626	90.2953
ruil	11	653637	90.2968
rustige	11	653648	90.2983
schaatsen	11	653659	90.2999
schade	11	653670	90.3014
schoonouders	11	653681	90.3029
schrikken	11	653692	90.3044
seppe	11	653703	90.3059
sfeer	11	653714	90.3075
sgoed	11	653725	90.309
show	11	653736	90.3105
side	11	653747	90.312
simpel	11	653758	90.3135
situatie	11	653769	90.3151
slagroom	11	653780	90.3166
spanje	11	653791	90.3181
speciale	11	653802	90.3196
spelletje	11	653813	90.3211
spelletjes	11	653824	90.3227
sprak	11	653835	90.3242
steek	11	653846	90.3257
stoelen	11	653857	90.3272
strak	11	653868	90.3287
strx	11	653879	90.3302
sunday	11	653890	90.3318
supermarkt	11	653901	90.3333
superveel	11	653912	90.3348
systeem	11	653923	90.3363
tamusement	11	653934	90.3378
tegelijk	11	653945	90.3394
telefoontje	11	653956	90.3409
them	11	653967	90.3424
twitter	11	653978	90.3439
ub	11	653989	90.3454
uitgaan	11	654000	90.347
uitnodigen	11	654011	90.3485
uwen	11	654022	90.35
vaag	11	654033	90.3515
veld	11	654044	90.353
vermoed	11	654055	90.3546
verschrikkelijk	11	654066	90.3561
verveel	11	654077	90.3576
verzetten	11	654088	90.3591
volgt	11	654099	90.3606
volop	11	654110	90.3622
vreselijk	11	654121	90.3637
vrijdagmiddag	11	654132	90.3652
vrolijk	11	654143	90.3667
vullen	11	654154	90.3682
w	11	654165	90.3698
wagen	11	654176	90.3713
wenen	11	654187	90.3728
what's	11	654198	90.3743
why	11	654209	90.3758
wind	11	654220	90.3774
winst	11	654231	90.3789
zicht	11	654242	90.3804
zoentjes	11	654253	90.3819
zwembad	11	654264	90.3834
èn	11	654275	90.385
$	10	654285	90.3863
108	10	654295	90.3877
38	10	654305	90.3891
59	10	654315	90.3905
:))	10	654325	90.3919
<naam>	10	654335	90.3932
Adres	10	654345	90.3946
Alex	10	654355	90.396
Allé	10	654365	90.3974
Andere	10	654375	90.3988
Anna	10	654385	90.4002
Be	10	654395	90.4015
Charlotte	10	654405	90.4029
College	10	654415	90.4043
Did	10	654425	90.4057
Dirk	10	654435	90.4071
Dokter	10	654445	90.4084
Drukke	10	654455	90.4098
Els	10	654465	90.4112
Enkel	10	654475	90.4126
Etten	10	654485	90.414
FZ	10	654495	90.4153
G	10	654505	90.4167
Gedaan	10	654515	90.4181
Geloof	10	654525	90.4195
Gevonden	10	654535	90.4209
Gezondheidseconomie	10	654545	90.4223
Gijs	10	654555	90.4236
Gister	10	654565	90.425
Goedzo	10	654575	90.4264
Gsm	10	654585	90.4278
Hanneke	10	654595	90.4292
Harry	10	654605	90.4305
Hartelijk	10	654615	90.4319
Hediye	10	654625	90.4333
Heijn	10	654635	90.4347
Hela	10	654645	90.4361
Hoeft	10	654655	90.4375
Hoii	10	654665	90.4388
Hèhè	10	654675	90.4402
Ingrid	10	654685	90.4416
Internet	10	654695	90.443
Iva	10	654705	90.4444
Jaaaaa	10	654715	90.4457
Keep	10	654725	90.4471
Leiden	10	654735	90.4485
Lenny	10	654745	90.4499
Loetje	10	654755	90.4513
Lunch	10	654765	90.4526
Maeike	10	654775	90.454
Mike	10	654785	90.4554
Milou	10	654795	90.4568
Mr	10	654805	90.4582
Mwah	10	654815	90.4596
NY	10	654825	90.4609
Next	10	654835	90.4623
Niemand	10	654845	90.4637
Noh	10	654855	90.4651
Nooit	10	654865	90.4665
OK	10	654875	90.4678
Okidoki	10	654885	90.4692
Ola	10	654895	90.4706
Oost	10	654905	90.472
Oss	10	654915	90.4734
Prof.	10	654925	90.4747
Rudy	10	654935	90.4761
Saturday	10	654945	90.4775
Score	10	654955	90.4789
Sebiet	10	654965	90.4803
Sjarlot	10	654975	90.4817
Stond	10	654985	90.483
Studie	10	654995	90.4844
Sven	10	655005	90.4858
Take	10	655015	90.4872
They	10	655025	90.4886
Think	10	655035	90.4899
Tomorrow	10	655045	90.4913
Too	10	655055	90.4927
Vakantie	10	655065	90.4941
Vast	10	655075	90.4955
Vera	10	655085	90.4969
Vreemd	10	655095	90.4982
W	10	655105	90.4996
Were	10	655115	90.501
Whats	10	655125	90.5024
Wim	10	655135	90.5038
Wnn	10	655145	90.5051
Wtf	10	655155	90.5065
Zoja	10	655165	90.5079
a.s.	10	655175	90.5093
aanpassen	10	655185	90.5107
aansluiting	10	655195	90.512
able	10	655205	90.5134
accu	10	655215	90.5148
actually	10	655225	90.5162
advies	10	655235	90.5176
afhalen	10	655245	90.519
afstand	10	655255	90.5203
ajax	10	655265	90.5217
akkoord	10	655275	90.5231
alcohol	10	655285	90.5245
alleszins	10	655295	90.5259
alternatief	10	655305	90.5272
alzek	10	655315	90.5286
ardennen	10	655325	90.53
arm	10	655335	90.5314
arrive	10	655345	90.5328
babysitten	10	655355	90.5342
barbecue	10	655365	90.5355
bedanken	10	655375	90.5369
begreep	10	655385	90.5383
bekomen	10	655395	90.5397
belln	10	655405	90.5411
beslissen	10	655415	90.5424
bestaat	10	655425	90.5438
bestel	10	655435	90.5452
bijv	10	655445	90.5466
bios	10	655455	90.548
boom	10	655465	90.5493
boot	10	655475	90.5507
boterhammen	10	655485	90.5521
bram	10	655495	90.5535
bruine	10	655505	90.5549
buik	10	655515	90.5563
buy	10	655525	90.5576
byna	10	655535	90.559
care	10	655545	90.5604
cd	10	655555	90.5618
chips	10	655565	90.5632
collegas	10	655575	90.5645
congres	10	655585	90.5659
coupe	10	655595	90.5673
crashen	10	655605	90.5687
dachten	10	655615	90.5701
diederik	10	655625	90.5715
dieje	10	655635	90.5728
diepvries	10	655645	90.5742
dinsdagavond	10	655655	90.5756
do.	10	655665	90.577
dolle	10	655675	90.5784
domme	10	655685	90.5797
draait	10	655695	90.5811
droomzacht	10	655705	90.5825
dropbox	10	655715	90.5839
drukken	10	655725	90.5853
earlier	10	655735	90.5866
eergisteren	10	655745	90.588
ellende	10	655755	90.5894
etten-leur	10	655765	90.5908
euh	10	655775	90.5922
exam	10	655785	90.5936
far	10	655795	90.5949
felicitaties	10	655805	90.5963
foute	10	655815	90.5977
gaar	10	655825	90.5991
gaatje	10	655835	90.6005
gaf	10	655845	90.6018
game	10	655855	90.6032
gat	10	655865	90.6046
gert	10	655875	90.606
gesloopt	10	655885	90.6074
getrokken	10	655895	90.6088
gevierd	10	655905	90.6101
gewone	10	655915	90.6115
goedemorgen	10	655925	90.6129
goeiemorgen	10	655935	90.6143
gras	10	655945	90.6157
griep	10	655955	90.617
groen	10	655965	90.6184
handen	10	655975	90.6198
handigst	10	655985	90.6212
hear	10	655995	90.6226
held	10	656005	90.6239
hihihi	10	656015	90.6253
hoest	10	656025	90.6267
hoeven	10	656035	90.6281
hoger	10	656045	90.6295
hours	10	656055	90.6309
iet	10	656065	90.6322
inhalen	10	656075	90.6336
inhouden	10	656085	90.635
interessante	10	656095	90.6364
irish	10	656105	90.6378
irritant	10	656115	90.6391
jo	10	656125	90.6405
joker	10	656135	90.6419
jorn	10	656145	90.6433
jurk	10	656155	90.6447
kadootje	10	656165	90.646
kadootjes	10	656175	90.6474
kampioen	10	656185	90.6488
kdacht	10	656195	90.6502
kick	10	656205	90.6516
klonk	10	656215	90.653
knie	10	656225	90.6543
kregen	10	656235	90.6557
kring	10	656245	90.6571
kunde	10	656255	90.6585
least	10	656265	90.6599
leve	10	656275	90.6612
lid	10	656285	90.6626
liedjes	10	656295	90.664
londen	10	656305	90.6654
look	10	656315	90.6668
lowlands	10	656325	90.6682
maaltijd	10	656335	90.6695
matig	10	656345	90.6709
mensa	10	656355	90.6723
mephisto	10	656365	90.6737
might	10	656375	90.6751
mine	10	656385	90.6764
nauwelijks	10	656395	90.6778
near	10	656405	90.6792
nest	10	656415	90.6806
nichtje	10	656425	90.682
nochtans	10	656435	90.6833
nood	10	656445	90.6847
noortje	10	656455	90.6861
oeps	10	656465	90.6875
offline	10	656475	90.6889
okt	10	656485	90.6903
omda	10	656495	90.6916
omkleden	10	656505	90.693
onhandig	10	656515	90.6944
opening	10	656525	90.6958
opgeslagen	10	656535	90.6972
opletten	10	656545	90.6985
oproep(en)	10	656555	90.6999
opsturen	10	656565	90.7013
p.	10	656575	90.7027
panini	10	656585	90.7041
pat	10	656595	90.7055
perhaps	10	656605	90.7068
pot	10	656615	90.7082
pretty	10	656625	90.7096
pro	10	656635	90.711
probeerde	10	656645	90.7124
puzzel	10	656655	90.7137
quite	10	656665	90.7151
reageert	10	656675	90.7165
reken	10	656685	90.7179
rekeningnummer	10	656695	90.7193
rich	10	656705	90.7206
ring	10	656715	90.722
ronde	10	656725	90.7234
rondleiding	10	656735	90.7248
room	10	656745	90.7262
ruzie	10	656755	90.7276
savonds	10	656765	90.7289
scouts	10	656775	90.7303
send	10	656785	90.7317
sexy	10	656795	90.7331
shinen	10	656805	90.7345
six	10	656815	90.7358
sluiten	10	656825	90.7372
smaak	10	656835	90.7386
snoezepoesje	10	656845	90.74
stelde	10	656855	90.7414
stevig	10	656865	90.7428
stopt	10	656875	90.7441
stoptrein	10	656885	90.7455
storen	10	656895	90.7469
storing	10	656905	90.7483
suf	10	656915	90.7497
tegengekomen	10	656925	90.751
th	10	656935	90.7524
thinking	10	656945	90.7538
toernooi	10	656955	90.7552
toevoegen	10	656965	90.7566
trillen	10	656975	90.7579
trompetterke	10	656985	90.7593
trouw	10	656995	90.7607
tss	10	657005	90.7621
tussendoor	10	657015	90.7635
tv.	10	657025	90.7649
uitstellen	10	657035	90.7662
uvt	10	657045	90.7676
valies	10	657055	90.769
vanalles	10	657065	90.7704
vanzelf	10	657075	90.7718
vat	10	657085	90.7731
veggie	10	657095	90.7745
verdacht	10	657105	90.7759
verplicht	10	657115	90.7773
verschillende	10	657125	90.7787
verse	10	657135	90.7801
verzenden	10	657145	90.7814
vest	10	657155	90.7828
vlug	10	657165	90.7842
volhouden	10	657175	90.7856
voordeel	10	657185	90.787
wanna	10	657195	90.7883
weggaat	10	657205	90.7897
werden	10	657215	90.7911
werkse	10	657225	90.7925
werkte	10	657235	90.7939
who	10	657245	90.7952
wijs	10	657255	90.7966
wnn	10	657265	90.798
wok	10	657275	90.7994
xxxxx	10	657285	90.8008
y	10	657295	90.8022
yeah	10	657305	90.8035
zeuren	10	657315	90.8049
zichzelf	10	657325	90.8063
zondagmiddag	10	657335	90.8077
zonnig	10	657345	90.8091
zul	10	657355	90.8104
zulln	10	657365	90.8118
zweden	10	657375	90.8132
.!	9	657384	90.8144
105	9	657393	90.8157
198	9	657402	90.8169
48	9	657411	90.8182
58	9	657420	90.8194
64	9	657429	90.8207
66	9	657438	90.8219
76	9	657447	90.8232
900	9	657456	90.8244
:-|	9	657465	90.8256
<NAAM>	9	657474	90.8269
Allebei	9	657483	90.8281
Anneke	9	657492	90.8294
Anneloes	9	657501	90.8306
Anything	9	657510	90.8319
Argh	9	657519	90.8331
Boven	9	657528	90.8343
Club	9	657537	90.8356
Costa	9	657546	90.8368
Dirkie	9	657555	90.8381
Door	9	657564	90.8393
Efteling	9	657573	90.8406
Ehv	9	657582	90.8418
El	9	657591	90.843
Elisa	9	657600	90.8443
Ellen	9	657609	90.8455
Engeland	9	657618	90.8468
Esther	9	657627	90.848
Evertslaan	9	657636	90.8493
Gek	9	657645	90.8505
Geld	9	657654	90.8517
Gelukt	9	657663	90.853
Godver	9	657672	90.8542
Gratis	9	657681	90.8555
Grtz	9	657690	90.8567
Haay	9	657699	90.858
Hello	9	657708	90.8592
Hoewel	9	657717	90.8605
Hoihoi	9	657726	90.8617
Holland	9	657735	90.8629
Hopen	9	657744	90.8642
Ich	9	657753	90.8654
Kandinsky	9	657762	90.8667
Kei	9	657771	90.8679
Klaas	9	657780	90.8692
Komde	9	657789	90.8704
Kort	9	657798	90.8716
Kortrijk	9	657807	90.8729
Kusjee	9	657816	90.8741
La	9	657825	90.8754
Lau	9	657834	90.8766
Leen	9	657843	90.8779
Leren	9	657852	90.8791
Lies	9	657861	90.8803
Lotte	9	657870	90.8816
Lucas	9	657879	90.8828
Marlies	9	657888	90.8841
Moe	9	657897	90.8853
Moi	9	657906	90.8866
Morgenmiddag	9	657915	90.8878
Naja	9	657924	90.889
Natasha	9	657933	90.8903
Ne	9	657942	90.8915
Nick	9	657951	90.8928
Niels	9	657960	90.894
Nothing	9	657969	90.8953
OV	9	657978	90.8965
Olaf	9	657987	90.8978
Ondanks	9	657996	90.899
Onder	9	658005	90.9002
Ongeveer	9	658014	90.9015
Oslo	9	658023	90.9027
Party	9	658032	90.904
Peacestreet	9	658041	90.9052
Pffff	9	658050	90.9065
Plus	9	658059	90.9077
Q	9	658068	90.9089
R.	9	658077	90.9102
Rare	9	658086	90.9114
Roos	9	658095	90.9127
Ruben	9	658104	90.9139
Rustig	9	658113	90.9152
San	9	658122	90.9164
Sanne	9	658131	90.9176
Saskia	9	658140	90.9189
Sgoed	9	658149	90.9201
Soms	9	658158	90.9214
Sounds	9	658167	90.9226
Spijtig	9	658176	90.9239
TB	9	658185	90.9251
TEL	9	658194	90.9263
TOT	9	658203	90.9276
Tenzij	9	658212	90.9288
Ter	9	658221	90.9301
Terug	9	658230	90.9313
Tessa	9	658239	90.9326
Uw	9	658248	90.9338
Valerie	9	658257	90.935
Vermaak	9	658266	90.9363
VoiceMail	9	658275	90.9375
Voorlopig	9	658284	90.9388
Vroeg	9	658293	90.94
Wanna	9	658302	90.9413
Wees	9	658311	90.9425
Wellicht	9	658320	90.9438
Wenen	9	658329	90.945
Werner	9	658338	90.9462
West	9	658347	90.9475
Who	9	658356	90.9487
Wo	9	658365	90.95
Woohoow	9	658374	90.9512
Ws	9	658383	90.9525
Yay	9	658392	90.9537
Yilmaz	9	658401	90.9549
Zelfs	9	658410	90.9562
Ziezo	9	658419	90.9574
Zij	9	658428	90.9587
Zoveel	9	658437	90.9599
aangenaam	9	658446	90.9612
aangepast	9	658455	90.9624
aankomt	9	658464	90.9636
address	9	658473	90.9649
afgelast	9	658482	90.9661
afgeschaft	9	658491	90.9674
afsluiten	9	658500	90.9686
ahja	9	658509	90.9699
alsjeblieft	9	658518	90.9711
amuseren	9	658527	90.9723
any	9	658536	90.9736
av	9	658545	90.9748
badmintonnen	9	658554	90.9761
bedrijf	9	658563	90.9773
begrijpt	9	658572	90.9786
bessie	9	658581	90.9798
bezoekje	9	658590	90.9811
bloemen	9	658599	90.9823
blue	9	658608	90.9835
boarden	9	658617	90.9848
bob	9	658626	90.986
bord	9	658635	90.9873
boterham	9	658644	90.9885
budapest	9	658653	90.9898
burgerwolf	9	658662	90.991
buurman	9	658671	90.9922
cadeautjes	9	658680	90.9935
can't	9	658689	90.9947
carnavallen	9	658698	90.996
ce	9	658707	90.9972
centjes	9	658716	90.9985
champagne	9	658725	90.9997
chatten	9	658734	91.0009
chembur	9	658743	91.0022
clubavond	9	658752	91.0034
combi	9	658761	91.0047
deventer	9	658770	91.0059
dichter	9	658779	91.0072
didnt	9	658788	91.0084
dierenarts	9	658797	91.0096
dn	9	658806	91.0109
dodo	9	658815	91.0121
dragen	9	658824	91.0134
dubbele	9	658833	91.0146
durft	9	658842	91.0159
eenmaal	9	658851	91.0171
ehm	9	658860	91.0184
ers	9	658869	91.0196
ervaring	9	658878	91.0208
feestjes	9	658887	91.0221
fier	9	658896	91.0233
flauw	9	658905	91.0246
forgot	9	658914	91.0258
formule	9	658923	91.0271
forward	9	658932	91.0283
fre	9	658941	91.0295
fzo	9	658950	91.0308
gas	9	658959	91.032
gedoucht	9	658968	91.0333
geldt	9	658977	91.0345
gele	9	658986	91.0358
geniaal	9	658995	91.037
gereageerd	9	659004	91.0382
gezondheid	9	659013	91.0395
goedmaken	9	659022	91.0407
grens	9	659031	91.042
guitar	9	659040	91.0432
guustje	9	659049	91.0445
harry	9	659058	91.0457
hoelang	9	659067	91.0469
hoezo	9	659076	91.0482
holland	9	659085	91.0494
housewarming	9	659094	91.0507
huizen	9	659103	91.0519
idea	9	659112	91.0532
informatie	9	659121	91.0544
ingepakt	9	659130	91.0557
inloggen	9	659139	91.0569
internetverbinding	9	659148	91.0581
inzetten	9	659157	91.0594
isda	9	659166	91.0606
jasper	9	659175	91.0619
jr	9	659184	91.0631
kantine	9	659193	91.0644
kassa	9	659202	91.0656
keel	9	659211	91.0668
kende	9	659220	91.0681
keus	9	659229	91.0693
kiest	9	659238	91.0706
kome	9	659247	91.0718
korenmarkt	9	659256	91.0731
kris	9	659265	91.0743
kvrees	9	659274	91.0755
kwestie	9	659283	91.0768
kwist	9	659292	91.078
langskom	9	659301	91.0793
le	9	659310	91.0805
ledeberg	9	659319	91.0818
leef	9	659328	91.083
leeftijd	9	659337	91.0842
lekkerder	9	659346	91.0855
lokeren	9	659355	91.0867
loodjes	9	659364	91.088
maakte	9	659373	91.0892
maandagochtend	9	659382	91.0905
main	9	659391	91.0917
marktplaats	9	659400	91.0929
matje	9	659409	91.0942
matras	9	659418	91.0954
meekomt	9	659427	91.0967
meen	9	659436	91.0979
meeste	9	659445	91.0992
merken	9	659454	91.1004
mms	9	659463	91.1017
moeders	9	659472	91.1029
moeilijker	9	659481	91.1041
moen	9	659490	91.1054
moete	9	659499	91.1066
mogelijke	9	659508	91.1079
mol	9	659517	91.1091
morge	9	659526	91.1104
morgens	9	659535	91.1116
moto	9	659544	91.1128
museum	9	659553	91.1141
nachts	9	659562	91.1153
nam	9	659571	91.1166
nele	9	659580	91.1178
ner	9	659589	91.1191
nimmeer	9	659598	91.1203
nipt	9	659607	91.1215
nix	9	659616	91.1228
normaalgezien	9	659625	91.124
normale	9	659634	91.1253
nov	9	659643	91.1265
nuttig	9	659652	91.1278
oa	9	659661	91.129
old	9	659670	91.1302
ontdekt	9	659679	91.1315
oom	9	659688	91.1327
oost	9	659697	91.134
openen	9	659706	91.1352
opgegeven	9	659715	91.1365
opgeschoten	9	659724	91.1377
oranje	9	659733	91.139
pagina	9	659742	91.1402
paraplu	9	659751	91.1414
parkeerplaats	9	659760	91.1427
paspoort	9	659769	91.1439
planten	9	659778	91.1452
plekken	9	659787	91.1464
plus	9	659796	91.1477
poekie	9	659805	91.1489
polé	9	659814	91.1501
positieve	9	659823	91.1514
principe	9	659832	91.1526
proclamatie	9	659841	91.1539
raden	9	659850	91.1551
reageer	9	659859	91.1564
recept	9	659868	91.1576
regel	9	659877	91.1588
relatief	9	659886	91.1601
rugzak	9	659895	91.1613
ruiken	9	659904	91.1626
rusten	9	659913	91.1638
same	9	659922	91.1651
samenvatting	9	659931	91.1663
sara	9	659940	91.1675
schiphol	9	659949	91.1688
schone	9	659958	91.17
sec	9	659967	91.1713
she	9	659976	91.1725
sjiek	9	659985	91.1738
slaapkamer	9	659994	91.175
slaapzak	9	660003	91.1763
slim	9	660012	91.1775
snelheid	9	660021	91.1787
soepel	9	660030	91.18
spellen	9	660039	91.1812
spoed	9	660048	91.1825
spontaan	9	660057	91.1837
stef	9	660066	91.185
stelt	9	660075	91.1862
stemmen	9	660084	91.1874
sterke	9	660093	91.1887
sterker	9	660102	91.1899
storm	9	660111	91.1912
subiet	9	660120	91.1924
supermooi	9	660129	91.1937
sushi	9	660138	91.1949
talking	9	660147	91.1961
tege	9	660156	91.1974
teken	9	660165	91.1986
thema	9	660174	91.1999
tijdstip	9	660183	91.2011
toetje	9	660192	91.2024
trefpunt	9	660201	91.2036
troosten	9	660210	91.2048
true	9	660219	91.2061
twente	9	660228	91.2073
u-half	9	660237	91.2086
uiterlijk	9	660246	91.2098
uitgesteld	9	660255	91.2111
uitgevallen	9	660264	91.2123
verdient	9	660273	91.2136
verkoudheid	9	660282	91.2148
verzorg	9	660291	91.216
vis	9	660300	91.2173
voeren	9	660309	91.2185
voortaan	9	660318	91.2198
vriendelijk	9	660327	91.221
vuur	9	660336	91.2223
waart	9	660345	91.2235
waiting	9	660354	91.2247
wauw	9	660363	91.226
weltrusten	9	660372	91.2272
wen	9	660381	91.2285
werkze	9	660390	91.2297
whether	9	660399	91.231
wijf	9	660408	91.2322
wild	9	660417	91.2334
wisselen	9	660426	91.2347
without	9	660435	91.2359
wy	9	660444	91.2372
york	9	660453	91.2384
zachte	9	660462	91.2397
zijde	9	660471	91.2409
zingen	9	660480	91.2421
zowaar	9	660489	91.2434
zowel	9	660498	91.2446
zsm	9	660507	91.2459
zuster	9	660516	91.2471
óók	9	660525	91.2484
..!	8	660533	91.2495
00	8	660541	91.2506
04	8	660549	91.2517
1500	8	660557	91.2528
18:00	8	660565	91.2539
387	8	660573	91.255
41	8	660581	91.2561
56	8	660589	91.2572
;D	8	660597	91.2583
<NAME>	8	660605	91.2594
<URL>	8	660613	91.2605
Already	8	660621	91.2616
Also	8	660629	91.2627
Ander	8	660637	91.2638
Annelieke	8	660645	91.2649
Annemarie	8	660653	91.266
Anouk	8	660661	91.2672
Arjan	8	660669	91.2683
Aswin	8	660677	91.2694
BEGIN	8	660685	91.2705
Blijft	8	660693	91.2716
Bluh	8	660701	91.2727
Brabant	8	660709	91.2738
CELL	8	660717	91.2749
Carnaval	8	660725	91.276
Dadelijk	8	660733	91.2771
Davy	8	660741	91.2782
Day	8	660749	91.2793
END	8	660757	91.2804
Edwin	8	660765	91.2815
Eerder	8	660773	91.2826
Ergens	8	660781	91.2837
Evelien	8	660789	91.2848
Excuses	8	660797	91.2859
Floor	8	660805	91.287
Florence	8	660813	91.2881
Frankrijk	8	660821	91.2893
GO	8	660829	91.2904
Get	8	660837	91.2915
Gezien	8	660845	91.2926
HK	8	660853	91.2937
Hema	8	660861	91.2948
Herman	8	660869	91.2959
Hmmmm	8	660877	91.297
Home	8	660885	91.2981
Honger	8	660893	91.2992
Idem	8	660901	91.3003
Iig	8	660909	91.3014
Inge	8	660917	91.3025
Inmiddels	8	660925	91.3036
Interesse	8	660933	91.3047
Italië	8	660941	91.3058
JJ	8	660949	91.3069
Jap	8	660957	91.308
Jezus	8	660965	91.3091
Joh	8	660973	91.3103
Joker	8	660981	91.3114
Kging	8	660989	91.3125
Kies	8	660997	91.3136
Klein	8	661005	91.3147
Kleine	8	661013	91.3158
Kortom	8	661021	91.3169
Korvelseweg	8	661029	91.318
Kvondet	8	661037	91.3191
L.	8	661045	91.3202
LL	8	661053	91.3213
Leek	8	661061	91.3224
Lekkere	8	661069	91.3235
Lena	8	661077	91.3246
Loopt	8	661085	91.3257
Maja	8	661093	91.3268
Marnix	8	661101	91.3279
McGraard	8	661109	91.329
Medisoc	8	661117	91.3301
Mezz	8	661125	91.3313
Michael	8	661133	91.3324
Might	8	661141	91.3335
Mitchauxke	8	661149	91.3346
Mja	8	661157	91.3357
Moeilijk	8	661165	91.3368
Morgenochtend	8	661173	91.3379
Muh	8	661181	91.339
NAME	8	661189	91.3401
Nederlands	8	661197	91.3412
Nmgn	8	661205	91.3423
Nr	8	661213	91.3434
Owkeej	8	661221	91.3445
Paulus	8	661229	91.3456
Pizza	8	661237	91.3467
Please	8	661245	91.3478
Praag	8	661253	91.3489
Prachtig	8	661261	91.35
Ramon	8	661269	91.3511
Red	8	661277	91.3522
Rest	8	661285	91.3534
Rijden	8	661293	91.3545
Robbert	8	661301	91.3556
Sander	8	661309	91.3567
Sarah	8	661317	91.3578
Schiphol	8	661325	91.3589
Seba	8	661333	91.36
Seg	8	661341	91.3611
Should	8	661349	91.3622
Simon	8	661357	91.3633
Sinterklaas	8	661365	91.3644
Skypen	8	661373	91.3655
Sofie	8	661381	91.3666
Sowieso	8	661389	91.3677
Spaanse	8	661397	91.3688
St.	8	661405	91.3699
Stefanie	8	661413	91.371
TV	8	661421	91.3721
Tel	8	661429	91.3732
Tell	8	661437	91.3744
Thijs	8	661445	91.3755
Tie	8	661453	91.3766
Tomas	8	661461	91.3777
Toon	8	661469	91.3788
Tri	8	661477	91.3799
Tss	8	661485	91.381
Typisch	8	661493	91.3821
VERSION	8	661501	91.3832
Vandaar	8	661509	91.3843
Vannacht	8	661517	91.3854
Verlang	8	661525	91.3865
Vertraging	8	661533	91.3876
Vertrekken	8	661541	91.3887
Vervelend	8	661549	91.3898
Vraagje	8	661557	91.3909
Waalwijk	8	661565	91.392
Warm	8	661573	91.3931
Waw	8	661581	91.3942
Werd	8	661589	91.3953
Yvonne	8	661597	91.3965
Zeb	8	661605	91.3976
Zeeland	8	661613	91.3987
Zweden	8	661621	91.3998
^	8	661629	91.4009
aantrekken	8	661637	91.402
aanwezigheid	8	661645	91.4031
absoluut	8	661653	91.4042
achternaam	8	661661	91.4053
afgesloten	8	661669	91.4064
afgezet	8	661677	91.4075
afwerken	8	661685	91.4086
ai	8	661693	91.4097
allang	8	661701	91.4108
along	8	661709	91.4119
artikelen	8	661717	91.413
auto's	8	661725	91.4141
away	8	661733	91.4152
bandje	8	661741	91.4163
bas	8	661749	91.4175
battle	8	661757	91.4186
baudelo	8	661765	91.4197
because	8	661773	91.4208
beer	8	661781	91.4219
begrijpelijk	8	661789	91.423
belangrijkste	8	661797	91.4241
belkrediet	8	661805	91.4252
belletje	8	661813	91.4263
bennek	8	661821	91.4274
bergen	8	661829	91.4285
bevallen	8	661837	91.4296
beweging	8	661845	91.4307
blykbaar	8	661853	91.4318
bodem	8	661861	91.4329
bol	8	661869	91.434
branden	8	661877	91.4351
break	8	661885	91.4362
bring	8	661893	91.4373
broere	8	661901	91.4385
brunch	8	661909	91.4396
btje	8	661917	91.4407
buikpijn	8	661925	91.4418
buitenland	8	661933	91.4429
bv	8	661941	91.444
car	8	661949	91.4451
cc	8	661957	91.4462
cell	8	661965	91.4473
chat	8	661973	91.4484
claire	8	661981	91.4495
clock	8	661989	91.4506
cocktails	8	661997	91.4517
colleges	8	662005	91.4528
combineren	8	662013	91.4539
communicatie	8	662021	91.455
compenseren	8	662029	91.4561
curry	8	662037	91.4572
daarstraks	8	662045	91.4583
dame	8	662053	91.4594
dankzij	8	662061	91.4606
db	8	662069	91.4617
delhaize	8	662077	91.4628
desnoods	8	662085	91.4639
dessert	8	662093	91.465
dingetjes	8	662101	91.4661
dochter	8	662109	91.4672
document	8	662117	91.4683
doordat	8	662125	91.4694
doorgegeven	8	662133	91.4705
east	8	662141	91.4716
eb	8	662149	91.4727
eeft	8	662157	91.4738
eenzaam	8	662165	91.4749
eigl	8	662173	91.476
else	8	662181	91.4771
enal	8	662189	91.4782
enorme	8	662197	91.4793
enz.	8	662205	91.4804
ernstig	8	662213	91.4816
ernstigs	8	662221	91.4827
extreem	8	662229	91.4838
fantastische	8	662237	91.4849
fatsoenlijk	8	662245	91.486
feb	8	662253	91.4871
few	8	662261	91.4882
fifa	8	662269	91.4893
finished	8	662277	91.4904
foon	8	662285	91.4915
fotograferen	8	662293	91.4926
france	8	662301	91.4937
frans	8	662309	91.4948
friends	8	662317	91.4959
frisse	8	662325	91.497
fruit	8	662333	91.4981
fruitig	8	662341	91.4992
gaak	8	662349	91.5003
gade	8	662357	91.5014
gay	8	662365	91.5026
gearriveerd	8	662373	91.5037
geduurd	8	662381	91.5048
geheel	8	662389	91.5059
gelachen	8	662397	91.507
geluncht	8	662405	91.5081
gentse	8	662413	91.5092
geshopt	8	662421	91.5103
gesloten	8	662429	91.5114
gespot	8	662437	91.5125
gg	8	662445	91.5136
girls	8	662453	91.5147
glazen	8	662461	91.5158
god	8	662469	91.5169
goedkomen	8	662477	91.518
groeien	8	662485	91.5191
gvd	8	662493	91.5202
ha	8	662501	91.5213
hallo	8	662509	91.5224
handjes	8	662517	91.5235
hectisch	8	662525	91.5247
heette	8	662533	91.5258
hi	8	662541	91.5269
hing	8	662549	91.528
hogeschool	8	662557	91.5291
honey	8	662565	91.5302
hotmail	8	662573	91.5313
huid	8	662581	91.5324
huilen	8	662589	91.5335
huisfeest	8	662597	91.5346
huisnummer	8	662605	91.5357
iPad	8	662613	91.5368
incl	8	662621	91.5379
informeren	8	662629	91.539
ingevuld	8	662637	91.5401
inschrijvingen	8	662645	91.5412
intercity	8	662653	91.5423
jaarwisseling	8	662661	91.5434
janne	8	662669	91.5445
jeetsels	8	662677	91.5457
jenever	8	662685	91.5468
joepie	8	662693	91.5479
joost	8	662701	91.549
kader	8	662709	91.5501
katinka	8	662717	91.5512
kinders	8	662725	91.5523
klaarmaken	8	662733	91.5534
klagen	8	662741	91.5545
knapen	8	662749	91.5556
koes	8	662757	91.5567
komde	8	662765	91.5578
kook	8	662773	91.5589
kookt	8	662781	91.56
koppijn	8	662789	91.5611
korter	8	662797	91.5622
krediet	8	662805	91.5633
kunal	8	662813	91.5644
lazy	8	662821	91.5655
leest	8	662829	91.5666
lekkah	8	662837	91.5678
lentekriebel	8	662845	91.5689
lijf	8	662853	91.57
lijk	8	662861	91.5711
liset	8	662869	91.5722
looking	8	662877	91.5733
louis	8	662885	91.5744
luchthaven	8	662893	91.5755
mac	8	662901	91.5766
made	8	662909	91.5777
mailtjes	8	662917	91.5788
maj	8	662925	91.5799
makelaar	8	662933	91.581
management	8	662941	91.5821
marathon	8	662949	91.5832
maybe	8	662957	91.5843
medicijnen	8	662965	91.5854
meegeven	8	662973	91.5865
meerdere	8	662981	91.5876
mening	8	662989	91.5888
mercikes	8	662997	91.5899
mieke	8	663005	91.591
minst	8	663013	91.5921
miste	8	663021	91.5932
mochten	8	663029	91.5943
moederdag	8	663037	91.5954
moek	8	663045	91.5965
morgenavnd	8	663053	91.5976
mottig	8	663061	91.5987
nachtjes	8	663069	91.5998
nachtrust	8	663077	91.6009
nare	8	663085	91.602
neeje	8	663093	91.6031
nekeer	8	663101	91.6042
never	8	663109	91.6053
nimr	8	663117	91.6064
nml	8	663125	91.6075
nope	8	663133	91.6086
nóg	8	663141	91.6098
ome	8	663149	91.6109
ongemak	8	663157	91.612
ontsteking	8	663165	91.6131
onverwacht	8	663173	91.6142
oostende	8	663181	91.6153
opgestaan	8	663189	91.6164
opgeven	8	663197	91.6175
opgezocht	8	663205	91.6186
opwarmen	8	663213	91.6197
orphée	8	663221	91.6208
ouder	8	663229	91.6219
outside	8	663237	91.623
overnemen	8	663245	91.6241
overslapen	8	663253	91.6252
paard	8	663261	91.6263
pakje	8	663269	91.6274
pampel	8	663277	91.6285
parking	8	663285	91.6296
pasen	8	663293	91.6307
paste	8	663301	91.6319
pech	8	663309	91.633
pieters	8	663317	91.6341
pilske	8	663325	91.6352
pilzen	8	663333	91.6363
pintjes	8	663341	91.6374
plastic	8	663349	91.6385
poep	8	663357	91.6396
potje	8	663365	91.6407
praktisch	8	663373	91.6418
prikken	8	663381	91.6429
queen	8	663389	91.644
race	8	663397	91.6451
ready	8	663405	91.6462
rechtenkantine	8	663413	91.6473
reisje	8	663421	91.6484
rekenen	8	663429	91.6495
remember	8	663437	91.6506
rijk	8	663445	91.6517
roddels	8	663453	91.6529
roepen	8	663461	91.654
romantisch	8	663469	91.6551
saaie	8	663477	91.6562
safe	8	663485	91.6573
sangria	8	663493	91.6584
sanne	8	663501	91.6595
schoot	8	663509	91.6606
serieuze	8	663517	91.6617
sluit	8	663525	91.6628
smaakt	8	663533	91.6639
smak	8	663541	91.665
sollicitatiegesprek	8	663549	91.6661
spanning	8	663557	91.6672
speel	8	663565	91.6683
stay	8	663573	91.6694
stefan	8	663581	91.6705
stefanie	8	663589	91.6716
stelletje	8	663597	91.6727
streel	8	663605	91.6739
superleuk	8	663613	91.675
sweet	8	663621	91.6761
sziget	8	663629	91.6772
t.	8	663637	91.6783
talk	8	663645	91.6794
tanken	8	663653	91.6805
tegemoet	8	663661	91.6816
telefoonnummer	8	663669	91.6827
thursday	8	663677	91.6838
thx	8	663685	91.6849
tijdelijk	8	663693	91.686
tiramisu	8	663701	91.6871
tired	8	663709	91.6882
tocht	8	663717	91.6893
toets	8	663725	91.6904
told	8	663733	91.6915
tour	8	663741	91.6926
trouwdag	8	663749	91.6937
tt	8	663757	91.6948
uitdaging	8	663765	91.696
uitgang	8	663773	91.6971
uitkijken	8	663781	91.6982
uitkomen	8	663789	91.6993
uitverkocht	8	663797	91.7004
uk	8	663805	91.7015
und	8	663813	91.7026
uniform	8	663821	91.7037
universiteit	8	663829	91.7048
valerie	8	663837	91.7059
vanav	8	663845	91.707
vaste	8	663853	91.7081
ven	8	663861	91.7092
veranderd	8	663869	91.7103
vergist	8	663877	91.7114
verhuisd	8	663885	91.7125
verloopt	8	663893	91.7136
verplaatst	8	663901	91.7147
vers	8	663909	91.7158
verslag	8	663917	91.717
verslagen	8	663925	91.7181
verstaan	8	663933	91.7192
vertraagd	8	663941	91.7203
verwerken	8	663949	91.7214
verzet	8	663957	91.7225
verzorgen	8	663965	91.7236
volledige	8	663973	91.7247
vooraf	8	663981	91.7258
voorhand	8	663989	91.7269
voorspeld	8	663997	91.728
voorzitter	8	664005	91.7291
vriezer	8	664013	91.7302
waarop	8	664021	91.7313
waarover	8	664029	91.7324
waarsch	8	664037	91.7335
weekjes	8	664045	91.7346
weeral	8	664053	91.7357
werkcollege	8	664061	91.7368
werkgroep	8	664069	91.7379
won't	8	664077	91.7391
xr	8	664085	91.7402
year	8	664093	91.7413
z	8	664101	91.7424
zakken	8	664109	91.7435
zalt	8	664117	91.7446
zaterdagochtend	8	664125	91.7457
zeiden	8	664133	91.7468
zeilen	8	664141	91.7479
zenuwen	8	664149	91.749
zotte	8	664157	91.7501
zuipen	8	664165	91.7512
zuur	8	664173	91.7523
zweet	8	664181	91.7534
'S	7	664188	91.7544
.?	7	664195	91.7554
127	7	664202	91.7563
18:30	7	664209	91.7573
1ste	7	664216	91.7583
2006	7	664223	91.7592
33	7	664230	91.7602
49	7	664237	91.7612
79	7	664244	91.7621
85	7	664251	91.7631
96	7	664258	91.7641
?!?	7	664265	91.765
Aaahn	7	664272	91.766
Abir	7	664279	91.767
Ahn	7	664286	91.7679
Akkoord	7	664293	91.7689
Ale	7	664300	91.7699
Allee	7	664307	91.7708
Amersfoort	7	664314	91.7718
Annchen	7	664321	91.7728
Apple	7	664328	91.7737
Arentien	7	664335	91.7747
Arjen	7	664342	91.7757
Arwen	7	664349	91.7766
Assebroek	7	664356	91.7776
Bacchus	7	664363	91.7786
Balkan	7	664370	91.7795
Bbq	7	664377	91.7805
Big	7	664384	91.7815
Blijven	7	664391	91.7824
Boe	7	664398	91.7834
Bovendien	7	664405	91.7844
Brechtje	7	664412	91.7853
Brood	7	664419	91.7863
Ca	7	664426	91.7873
Café	7	664433	91.7882
Chick	7	664440	91.7892
Cleo	7	664447	91.7902
Delhaize	7	664454	91.7911
Deventer	7	664461	91.7921
Dik	7	664468	91.7931
Dingen	7	664475	91.794
Directie	7	664482	91.795
Don	7	664489	91.796
Dutch	7	664496	91.7969
E.	7	664503	91.7979
EJ	7	664510	91.7989
Eddy	7	664517	91.7998
Enne	7	664524	91.8008
Erwin	7	664531	91.8018
Ey	7	664538	91.8027
Famke	7	664545	91.8037
Floris	7	664552	91.8047
Foei	7	664559	91.8056
Foto	7	664566	91.8066
France	7	664573	91.8076
GGZ	7	664580	91.8085
Geoffie	7	664587	91.8095
Gerard	7	664594	91.8105
Haar	7	664601	91.8114
Halleej	7	664608	91.8124
Harco	7	664615	91.8134
Hihihi	7	664622	91.8143
Huis	7	664629	91.8153
IK	7	664636	91.8163
Instant	7	664643	91.8172
Jee	7	664650	91.8182
Jess	7	664657	91.8192
Johannes	7	664664	91.8201
Jokio	7	664671	91.8211
Joren	7	664678	91.8221
José	7	664685	91.823
Kdacht	7	664692	91.824
Kezour	7	664699	91.825
Kristin	7	664706	91.8259
Kusss	7	664713	91.8269
Kvertrek	7	664720	91.8279
LUD	7	664727	91.8288
Las	7	664734	91.8298
Lemme	7	664741	91.8308
Lieven	7	664748	91.8318
Liever	7	664755	91.8327
Links	7	664762	91.8337
Madrid	7	664769	91.8347
Margriet	7	664776	91.8356
Matt	7	664783	91.8366
Mee	7	664790	91.8376
Mercikes	7	664797	91.8385
Mijne	7	664804	91.8395
Morgenvroeg	7	664811	91.8405
Moss	7	664818	91.8414
Mvg	7	664825	91.8424
NAAM	7	664832	91.8434
Nah	7	664839	91.8443
Neuh	7	664846	91.8453
Nighty	7	664853	91.8463
Och	7	664860	91.8472
Ohhhh	7	664867	91.8482
Ohoh	7	664874	91.8492
Parijs	7	664881	91.8501
Pat	7	664888	91.8511
Porto	7	664895	91.8521
Prettig	7	664902	91.853
Pulles	7	664909	91.854
Redelijk	7	664916	91.855
Reis	7	664923	91.8559
Rem	7	664930	91.8569
Ryan	7	664937	91.8579
Schiet	7	664944	91.8588
Schoemakerstraat	7	664951	91.8598
School	7	664958	91.8608
Simone	7	664965	91.8617
Sow	7	664972	91.8627
Teun	7	664979	91.8637
Thank	7	664986	91.8646
This	7	664993	91.8656
Tine	7	665000	91.8666
Toe	7	665007	91.8675
Trek	7	665014	91.8685
Tsss	7	665021	91.8695
Tuurlyk	7	665028	91.8704
Tweede	7	665035	91.8714
USB	7	665042	91.8724
Und	7	665049	91.8733
Uur	7	665056	91.8743
Vergeten	7	665063	91.8753
Via	7	665070	91.8762
Wachten	7	665077	91.8772
Wer	7	665084	91.8782
Whaha	7	665091	91.8791
What's	7	665098	91.8801
Whoehoe	7	665105	91.8811
Wilma	7	665112	91.882
Wognum	7	665119	91.883
Xp	7	665126	91.884
Zei	7	665133	91.8849
Zelfde	7	665140	91.8859
Zien	7	665147	91.8869
Zolang	7	665154	91.8878
Zooo	7	665161	91.8888
Zozo	7	665168	91.8898
ZzZ	7	665175	91.8907
aah	7	665182	91.8917
aai	7	665189	91.8927
aalst	7	665196	91.8936
aanbellen	7	665203	91.8946
aap	7	665210	91.8956
abend	7	665217	91.8965
abseilen	7	665224	91.8975
achterop	7	665231	91.8985
adam	7	665238	91.8994
adem	7	665245	91.9004
administratie	7	665252	91.9014
afkom	7	665259	91.9023
afschuwelijk	7	665266	91.9033
aftellen	7	665273	91.9043
airco	7	665280	91.9052
alive	7	665287	91.9062
amuseert	7	665294	91.9072
annelien	7	665301	91.9081
anyway	7	665308	91.9091
apartment	7	665315	91.9101
apotheek	7	665322	91.911
apparaat	7	665329	91.912
arbeid	7	665336	91.913
automatisch	7	665343	91.9139
avondeten	7	665350	91.9149
baal	7	665357	91.9159
baarddag	7	665364	91.9168
bakje	7	665371	91.9178
bakkies	7	665378	91.9188
banen	7	665385	91.9197
barcelona	7	665392	91.9207
bedrag	7	665399	91.9217
begrafenis	7	665406	91.9226
belgië	7	665413	91.9236
bepaald	7	665420	91.9246
berg	7	665427	91.9256
berging	7	665434	91.9265
besproken	7	665441	91.9275
bestelling	7	665448	91.9285
bestuur	7	665455	91.9294
betaal	7	665462	91.9304
beveiliging	7	665469	91.9314
bevestigd	7	665476	91.9323
bevestiging	7	665483	91.9333
bewust	7	665490	91.9343
bien	7	665497	91.9352
binn	7	665504	91.9362
blackboard	7	665511	91.9372
bly	7	665518	91.9381
bod	7	665525	91.9391
boeg	7	665532	91.9401
boekhouden	7	665539	91.941
boodschapjes	7	665546	91.942
book	7	665553	91.943
borne	7	665560	91.9439
boxen	7	665567	91.9449
breed	7	665574	91.9459
brug	7	665581	91.9468
bushalte	7	665588	91.9478
bxl	7	665595	91.9488
came	7	665602	91.9497
cent	7	665609	91.9507
chance	7	665616	91.9517
chaos	7	665623	91.9526
cheap	7	665630	91.9536
christine	7	665637	91.9546
competitie	7	665644	91.9555
conge	7	665651	91.9565
corner	7	665658	91.9575
costa	7	665665	91.9584
crash	7	665672	91.9594
crib	7	665679	91.9604
crisis	7	665686	91.9613
cute	7	665693	91.9623
daniel	7	665700	91.9633
dankbaar	7	665707	91.9642
dans	7	665714	91.9652
definitief	7	665721	91.9662
died	7	665728	91.9671
does	7	665735	91.9681
doesnt	7	665742	91.9691
dorp	7	665749	91.97
drinkt	7	665756	91.971
dromenland	7	665763	91.972
drunen	7	665770	91.9729
duidelijkheid	7	665777	91.9739
duitsland	7	665784	91.9749
dure	7	665791	91.9758
durven	7	665798	91.9768
dusja	7	665805	91.9778
economie	7	665812	91.9787
ed	7	665819	91.9797
ede	7	665826	91.9807
edward	7	665833	91.9816
eea	7	665840	91.9826
eeuw	7	665847	91.9836
ei	7	665854	91.9845
eight	7	665861	91.9855
eiland	7	665868	91.9865
eisen	7	665875	91.9874
ellen	7	665882	91.9884
enge	7	665889	91.9894
espresso	7	665896	91.9903
evelien	7	665903	91.9913
ever	7	665910	91.9923
everything	7	665917	91.9932
extreme	7	665924	91.9942
fan	7	665931	91.9952
filmke	7	665938	91.9961
filmpjes	7	665945	91.9971
flessen	7	665952	91.9981
forget	7	665959	91.999
found	7	665966	92
frigo	7	665973	92.001
gaje	7	665980	92.0019
gb	7	665987	92.0029
gebakken	7	665994	92.0039
gecheckt	7	666001	92.0048
gedownload	7	666008	92.0058
gedraaid	7	666015	92.0068
gegooid	7	666022	92.0077
geheim	7	666029	92.0087
gehoopt	7	666036	92.0097
gejat	7	666043	92.0106
gekke	7	666050	92.0116
gemakkelijker	7	666057	92.0126
gemeen	7	666064	92.0135
genen	7	666071	92.0145
genoteerd	7	666078	92.0155
geparkeerd	7	666085	92.0165
gescoord	7	666092	92.0174
gestolen	7	666099	92.0184
getekend	7	666106	92.0194
getrouwd	7	666113	92.0203
gevecht	7	666120	92.0213
gevolgd	7	666127	92.0223
geweldige	7	666134	92.0232
goeste	7	666141	92.0242
gordijnen	7	666148	92.0252
grof	7	666155	92.0261
guess	7	666162	92.0271
haak	7	666169	92.0281
haat	7	666176	92.029
halte	7	666183	92.03
haren	7	666190	92.031
heard	7	666197	92.0319
hebbek	7	666204	92.0329
heute	7	666211	92.0339
hield	7	666218	92.0348
hiervan	7	666225	92.0358
hmm	7	666232	92.0368
hobby	7	666239	92.0377
homie	7	666246	92.0387
hope	7	666253	92.0397
hot	7	666260	92.0406
hout	7	666267	92.0416
huisbaas	7	666274	92.0426
huiswerk	7	666281	92.0435
huren	7	666288	92.0445
ideale	7	666295	92.0455
ideeën	7	666302	92.0464
idioot	7	666309	92.0474
ijsje	7	666316	92.0484
inclusief	7	666323	92.0493
indian	7	666330	92.0503
ingesproken	7	666337	92.0513
inkopen	7	666344	92.0522
inside	7	666351	92.0532
inspreken	7	666358	92.0542
instant	7	666365	92.0551
instellingen	7	666372	92.0561
into	7	666379	92.0571
intro	7	666386	92.058
inzien	7	666393	92.059
iphone	7	666400	92.06
italiaans	7	666407	92.0609
jaartje	7	666414	92.0619
jacobs	7	666421	92.0629
jazz	7	666428	92.0638
jet	7	666435	92.0648
jumbo	7	666442	92.0658
ka	7	666449	92.0667
kaka	7	666456	92.0677
kampkrantje	7	666463	92.0687
katjes	7	666470	92.0696
kijkn	7	666477	92.0706
kim	7	666484	92.0716
klappen	7	666491	92.0725
knopje	7	666498	92.0735
koedie	7	666505	92.0745
koekjes	7	666512	92.0754
koel	7	666519	92.0764
koffietje	7	666526	92.0774
koning	7	666533	92.0783
kont	7	666540	92.0793
kopiëren	7	666547	92.0803
koude	7	666554	92.0812
kratjes	7	666561	92.0822
kyke	7	666568	92.0832
laag	7	666575	92.0841
lama	7	666582	92.0851
langsgaan	7	666589	92.0861
lastige	7	666596	92.087
leden	7	666603	92.088
leeft	7	666610	92.089
leer	7	666617	92.0899
lelijke	7	666624	92.0909
let's	7	666631	92.0919
library	7	666638	92.0928
liet	7	666645	92.0938
light	7	666652	92.0948
lukte	7	666659	92.0957
maal	7	666666	92.0967
maandagmiddag	7	666673	92.0977
mailde	7	666680	92.0986
mat	7	666687	92.0996
max.	7	666694	92.1006
mazzel	7	666701	92.1015
mc	7	666708	92.1025
mean	7	666715	92.1035
meega	7	666722	92.1044
meegaat	7	666729	92.1054
mein	7	666736	92.1064
meisie	7	666743	92.1073
mentor	7	666750	92.1083
middernacht	7	666757	92.1093
miljoen	7	666764	92.1103
mini	7	666771	92.1112
minute	7	666778	92.1122
minutes	7	666785	92.1132
mmm	7	666792	92.1141
moeilijke	7	666799	92.1151
moeke	7	666806	92.1161
momenten	7	666813	92.117
mond	7	666820	92.118
mood	7	666827	92.119
morgennamiddag	7	666834	92.1199
mosselen	7	666841	92.1209
muffins	7	666848	92.1219
muntjes	7	666855	92.1228
myself	7	666862	92.1238
namen	7	666869	92.1248
natuur	7	666876	92.1257
nederlands	7	666883	92.1267
neef	7	666890	92.1277
nepal	7	666897	92.1286
nick	7	666904	92.1296
niemeer	7	666911	92.1306
noggis	7	666918	92.1315
noord	7	666925	92.1325
okay	7	666932	92.1335
ong.	7	666939	92.1344
onmogelijk	7	666946	92.1354
ontmoeten	7	666953	92.1364
ontvangst	7	666960	92.1373
onzin	7	666967	92.1383
oorzaak	7	666974	92.1393
opgelucht	7	666981	92.1402
opladen	7	666988	92.1412
opstellen	7	666995	92.1422
optredens	7	667002	92.1431
otto	7	667009	92.1441
ouderwets	7	667016	92.1451
ov	7	667023	92.146
overkant	7	667030	92.147
overlegd	7	667037	92.148
overleven	7	667044	92.1489
overschot	7	667051	92.1499
overtuigd	7	667058	92.1509
owk	7	667065	92.1518
paella	7	667072	92.1528
pakketje	7	667079	92.1538
paracetamol	7	667086	92.1547
parijs	7	667093	92.1557
penis	7	667100	92.1567
persoonlijk	7	667107	92.1576
pitta	7	667114	92.1586
pittig	7	667121	92.1596
plak	7	667128	92.1605
platte	7	667135	92.1615
please	7	667142	92.1625
ploeg	7	667149	92.1634
pokeren	7	667156	92.1644
portefeuille	7	667163	92.1654
possible	7	667170	92.1663
posted	7	667177	92.1673
powernap	7	667184	92.1683
prachtige	7	667191	92.1692
praeses	7	667198	92.1702
printer	7	667205	92.1712
proeven	7	667212	92.1721
profiteren	7	667219	92.1731
programmeren	7	667226	92.1741
psycholoog	7	667233	92.175
put	7	667240	92.176
quizzen	7	667247	92.177
reach	7	667254	92.1779
real	7	667261	92.1789
rechten	7	667268	92.1799
redenen	7	667275	92.1808
reeds	7	667282	92.1818
relax	7	667289	92.1828
relaxen	7	667296	92.1837
resto	7	667303	92.1847
retard	7	667310	92.1857
ringbaan	7	667317	92.1866
rinkelen	7	667324	92.1876
roos	7	667331	92.1886
rotterdam	7	667338	92.1895
ruimen	7	667345	92.1905
ruimte	7	667352	92.1915
run	7	667359	92.1924
rustiger	7	667366	92.1934
sarah	7	667373	92.1944
schaap	7	667380	92.1953
scheveningen	7	667387	92.1963
schitteren	7	667394	92.1973
schoten	7	667401	92.1982
schouwburg	7	667408	92.1992
scoren	7	667415	92.2002
service	7	667422	92.2012
sinterklaas	7	667429	92.2021
sir	7	667436	92.2031
siri	7	667443	92.2041
slightly	7	667450	92.205
snapte	7	667457	92.206
snelle	7	667464	92.207
soir	7	667471	92.2079
solar	7	667478	92.2089
spa	7	667485	92.2099
spaanse	7	667492	92.2108
spiegel	7	667499	92.2118
spierpijn	7	667506	92.2128
spring	7	667513	92.2137
squash	7	667520	92.2147
stabiel	7	667527	92.2157
ste	7	667534	92.2166
sten	7	667541	92.2176
steun	7	667548	92.2186
stijl	7	667555	92.2195
storten	7	667562	92.2205
stuks	7	667569	92.2215
sybo	7	667576	92.2224
t-shirt	7	667583	92.2234
taai	7	667590	92.2244
takraad	7	667597	92.2253
tanden	7	667604	92.2263
tassen	7	667611	92.2273
tegenkomen	7	667618	92.2282
teksten	7	667625	92.2292
tempo	7	667632	92.2302
terugkomen	7	667639	92.2311
things	7	667646	92.2321
those	7	667653	92.2331
thought	7	667660	92.234
through	7	667667	92.235
thuisfront	7	667674	92.236
thuiskomst	7	667681	92.2369
timing	7	667688	92.2379
toall	7	667695	92.2389
toeren	7	667702	92.2398
toestand	7	667709	92.2408
toestel	7	667716	92.2418
toeval	7	667723	92.2427
toilet	7	667730	92.2437
traject	7	667737	92.2447
tranen	7	667744	92.2456
truste	7	667751	92.2466
trusten	7	667758	92.2476
twijfelde	7	667765	92.2485
type	7	667772	92.2495
uitgebreid	7	667779	92.2505
uitgelopen	7	667786	92.2514
uitzicht	7	667793	92.2524
un	7	667800	92.2534
updates	7	667807	92.2543
uploaden	7	667814	92.2553
uwe	7	667821	92.2563
vacature	7	667828	92.2572
vake	7	667835	92.2582
vanop	7	667842	92.2592
vatbaar	7	667849	92.2601
vechten	7	667856	92.2611
verdwenen	7	667863	92.2621
verhuis	7	667870	92.263
verlaten	7	667877	92.264
vermaak	7	667884	92.265
vermoeden	7	667891	92.2659
verpest	7	667898	92.2669
verplaatsen	7	667905	92.2679
verrassend	7	667912	92.2688
verre	7	667919	92.2698
verstand	7	667926	92.2708
vertelde	7	667933	92.2717
vervanger	7	667940	92.2727
vervelende	7	667947	92.2737
verveling	7	667954	92.2746
vh	7	667961	92.2756
video	7	667968	92.2766
visite	7	667975	92.2775
vitamientje	7	667982	92.2785
voedsel	7	667989	92.2795
voorstelling	7	667996	92.2804
voren	7	668003	92.2814
vorm	7	668010	92.2824
vroegen	7	668017	92.2833
vvd	7	668024	92.2843
waarde	7	668031	92.2853
waarmee	7	668038	92.2862
wandeling	7	668045	92.2872
wanted	7	668052	92.2882
watching	7	668059	92.2891
webstek	7	668066	92.2901
weegt	7	668073	92.2911
westen	7	668080	92.2921
whatsappen	7	668087	92.293
which	7	668094	92.294
while	7	668101	92.295
whoehoe	7	668108	92.2959
wijntjes	7	668115	92.2969
winkelen	7	668122	92.2979
wognum	7	668129	92.2988
woonkamer	7	668136	92.2998
worst	7	668143	92.3008
wr	7	668150	92.3017
xje	7	668157	92.3027
xkxkx	7	668164	92.3037
xxxxxxxxxxxxxxxxxxxxxxxx	7	668171	92.3046
zakje	7	668178	92.3056
zessen	7	668185	92.3066
zonet	7	668192	92.3075
zowiezo	7	668199	92.3085
zuiden	7	668206	92.3095
zulke	7	668213	92.3104
!!!!!!	6	668219	92.3113
-7	6	668225	92.3121
-8	6	668231	92.3129
01	6	668237	92.3137
02	6	668243	92.3146
12:00	6	668249	92.3154
140	6	668255	92.3162
15:00	6	668261	92.3171
19:00	6	668267	92.3179
2030	6	668273	92.3187
20:00	6	668279	92.3195
25e	6	668285	92.3204
31616868581	6	668291	92.3212
37	6	668297	92.322
42	6	668303	92.3229
43	6	668309	92.3237
51	6	668315	92.3245
52	6	668321	92.3253
53	6	668327	92.3262
65	6	668333	92.327
72	6	668339	92.3278
:$	6	668345	92.3287
:-[	6	668351	92.3295
Aangekomen	6	668357	92.3303
Aangezien	6	668363	92.3311
Acht	6	668369	92.332
Ad	6	668375	92.3328
Afrika	6	668381	92.3336
Afspraak	6	668387	92.3345
Ahja	6	668393	92.3353
Ahnee	6	668399	92.3361
Alhoewel	6	668405	92.3369
An	6	668411	92.3378
Android	6	668417	92.3386
Aniek	6	668423	92.3394
Anyway	6	668429	92.3403
Apeldoorn	6	668435	92.3411
BBC	6	668441	92.3419
BTW	6	668447	92.3427
Bakmans	6	668453	92.3436
Bandra	6	668459	92.3444
Belgie	6	668465	92.3452
Belle	6	668471	92.3461
Bestival	6	668477	92.3469
Biertje	6	668483	92.3477
Bisous	6	668489	92.3486
Bol	6	668495	92.3494
Boris	6	668501	92.3502
Buggenhout	6	668507	92.351
Cafe	6	668513	92.3519
Carlijn	6	668519	92.3527
Chuck	6	668525	92.3535
Coming	6	668531	92.3544
DB	6	668537	92.3552
Dalijk	6	668543	92.356
Danilo	6	668549	92.3568
Date	6	668555	92.3577
Desnoods	6	668561	92.3585
Didnt	6	668567	92.3593
Dorien	6	668573	92.3602
Ede	6	668579	92.361
Eens	6	668585	92.3618
Ej	6	668591	92.3626
Eline	6	668597	92.3635
Ernstjan	6	668603	92.3643
Eum	6	668609	92.3651
Evt	6	668615	92.366
Extra	6	668621	92.3668
FN	6	668627	92.3676
Fer	6	668633	92.3684
Feyenoord	6	668639	92.3693
Fietert	6	668645	92.3701
Finale	6	668651	92.3709
Flotje	6	668657	92.3718
For	6	668663	92.3726
Fred	6	668669	92.3734
Fucking	6	668675	92.3742
Fun	6	668681	92.3751
GaGa	6	668687	92.3759
Gade	6	668693	92.3767
Gesprek	6	668699	92.3776
Girl	6	668705	92.3784
Grr	6	668711	92.3792
Haast	6	668717	92.38
Hmmmmmmmm	6	668723	92.3809
Ho	6	668729	92.3817
Hoef	6	668735	92.3825
Horsforth	6	668741	92.3834
Houd	6	668747	92.3842
Hows	6	668753	92.385
Hug	6	668759	92.3859
Hugo	6	668765	92.3867
Huizen	6	668771	92.3875
Hyves	6	668777	92.3883
ING	6	668783	92.3892
Ideaal	6	668789	92.39
Jaaaaah	6	668795	92.3908
Janne	6	668801	92.3917
Jeeej	6	668807	92.3925
Jiska	6	668813	92.3933
John	6	668819	92.3941
Jooo	6	668825	92.395
Jorn	6	668831	92.3958
Kaatsheuvel	6	668837	92.3966
Karin	6	668843	92.3975
Keer	6	668849	92.3983
Keulen	6	668855	92.3991
Kussies	6	668861	92.3999
Kussss	6	668867	92.4008
Kwestie	6	668873	92.4016
Late	6	668879	92.4024
Leo	6	668885	92.4033
Linde	6	668891	92.4041
Man	6	668897	92.4049
Markt	6	668903	92.4057
Miriam	6	668909	92.4066
Mjah	6	668915	92.4074
Mm	6	668921	92.4082
Moppie	6	668927	92.4091
Mumbai	6	668933	92.4099
NU	6	668939	92.4107
Need	6	668945	92.4115
Nieuw	6	668951	92.4124
Noorwegen	6	668957	92.4132
Nummer	6	668963	92.414
Oesje	6	668969	92.4149
Ofwel	6	668975	92.4157
Ohhh	6	668981	92.4165
Ole	6	668987	92.4173
One	6	668993	92.4182
Open	6	668999	92.419
Oude	6	669005	92.4198
Ouders	6	669011	92.4207
PC	6	669017	92.4215
Past	6	669023	92.4223
Piet	6	669029	92.4231
Pils	6	669035	92.424
Poeh	6	669041	92.4248
Poor	6	669047	92.4256
Poppel	6	669053	92.4265
Presentatie	6	669059	92.4273
Qua	6	669065	92.4281
Rash	6	669071	92.429
Regen	6	669077	92.4298
Relaxt	6	669083	92.4306
Reni	6	669089	92.4314
Ringbaan	6	669095	92.4323
Saai	6	669101	92.4331
Seppe	6	669107	92.4339
Sunday	6	669113	92.4348
Supergoed	6	669119	92.4356
Suus	6	669125	92.4364
Tenminste	6	669131	92.4372
Tentamens	6	669137	92.4381
Tging	6	669143	92.4389
Thats	6	669149	92.4397
Thnx	6	669155	92.4406
Though	6	669161	92.4414
Tijdens	6	669167	92.4422
Tineke	6	669173	92.443
Tip	6	669179	92.4439
Tjerk	6	669185	92.4447
To	6	669191	92.4455
Training	6	669197	92.4464
Tsja	6	669203	92.4472
Uden	6	669209	92.448
Uit	6	669215	92.4488
Vanaaf	6	669221	92.4497
Vooruit	6	669227	92.4505
Vreete	6	669233	92.4513
Vrouwen	6	669239	92.4522
Waaaah	6	669245	92.453
Wast	6	669251	92.4538
Weltrusten	6	669257	92.4546
Werken	6	669263	92.4555
Wit	6	669269	92.4563
Woon	6	669275	92.4571
X.	6	669281	92.458
XXxxxxxxxxxxxxxxxxxxxxxx	6	669287	92.4588
Y	6	669293	92.4596
Yeay	6	669299	92.4604
YouTube	6	669305	92.4613
Your	6	669311	92.4621
Zijt	6	669317	92.4629
Zoetermeer	6	669323	92.4638
aanbevolen	6	669329	92.4646
aangeboden	6	669335	92.4654
aangeschoten	6	669341	92.4663
aankomst	6	669347	92.4671
aanschuiven	6	669353	92.4679
aantrekkelijk	6	669359	92.4687
aardbeving	6	669365	92.4696
aardige	6	669371	92.4704
account	6	669377	92.4712
actief	6	669383	92.4721
afdeling	6	669389	92.4729
afleggen	6	669395	92.4737
afloopt	6	669401	92.4745
afternoon	6	669407	92.4754
afwezigheid	6	669413	92.4762
aiaiai	6	669419	92.477
aldi	6	669425	92.4779
algemeen	6	669431	92.4787
algemene	6	669437	92.4795
alledrie	6	669443	92.4803
allerbeste	6	669449	92.4812
amai	6	669455	92.482
andrs	6	669461	92.4828
anish	6	669467	92.4837
another	6	669473	92.4845
antibiotica	6	669479	92.4853
antwoordt	6	669485	92.4861
apparently	6	669491	92.487
aula	6	669497	92.4878
automaat	6	669503	92.4886
babies	6	669509	92.4895
backup	6	669515	92.4903
banaan	6	669521	92.4911
banken	6	669527	92.4919
bankje	6	669533	92.4928
bb	6	669539	92.4936
beautiful	6	669545	92.4944
beest	6	669551	92.4953
begeleiding	6	669557	92.4961
bekeken	6	669563	92.4969
bekijk	6	669569	92.4977
belachelijk	6	669575	92.4986
belangrijke	6	669581	92.4994
beleven	6	669587	92.5002
beloof	6	669593	92.5011
berlijn	6	669599	92.5019
beschikking	6	669605	92.5027
bespreking	6	669611	92.5036
bestaan	6	669617	92.5044
bestanden	6	669623	92.5052
bestemming	6	669629	92.506
betaalt	6	669635	92.5069
bevestigen	6	669641	92.5077
bijpraten	6	669647	92.5085
bijt	6	669653	92.5094
binnensteken	6	669659	92.5102
bis	6	669665	92.511
bizar	6	669671	92.5118
blaasontsteking	6	669677	92.5127
black	6	669683	92.5135
blad	6	669689	92.5143
blote	6	669695	92.5152
boeren	6	669701	92.516
bondstraat	6	669707	92.5168
borden	6	669713	92.5176
bordspel	6	669719	92.5185
boterhamworst	6	669725	92.5193
boxtel	6	669731	92.5201
brandweer	6	669737	92.521
brecht	6	669743	92.5218
brugpensioen	6	669749	92.5226
buikgriep	6	669755	92.5234
bulgarije	6	669761	92.5243
business	6	669767	92.5251
buurvrouw	6	669773	92.5259
cadeaus	6	669779	92.5268
case	6	669785	92.5276
cat	6	669791	92.5284
chocola	6	669797	92.5292
chocolade	6	669803	92.5301
classic	6	669809	92.5309
cocktail	6	669815	92.5317
commentaar	6	669821	92.5326
company	6	669827	92.5334
concentreren	6	669833	92.5342
conferentie	6	669839	92.535
crazy	6	669845	92.5359
croque	6	669851	92.5367
cul	6	669857	92.5375
cva	6	669863	92.5384
daaraan	6	669869	92.5392
daarbij	6	669875	92.54
daarin	6	669881	92.5408
dance	6	669887	92.5417
danku	6	669893	92.5425
definitieve	6	669899	92.5433
delen	6	669905	92.5442
dermee	6	669911	92.545
deugd	6	669917	92.5458
dezen	6	669923	92.5467
dezer	6	669929	92.5475
dichterbij	6	669935	92.5483
diep	6	669941	92.5491
dikken	6	669947	92.55
doel	6	669953	92.5508
doesn't	6	669959	92.5516
dol	6	669965	92.5525
dond	6	669971	92.5533
donderdagavnd	6	669977	92.5541
doorgemaild	6	669983	92.5549
doormailen	6	669989	92.5558
doorrijden	6	669995	92.5566
dr.	6	670001	92.5574
draai	6	670007	92.5583
dreams	6	670013	92.5591
droge	6	670019	92.5599
droger	6	670025	92.5607
durfde	6	670031	92.5616
duts	6	670037	92.5624
dutten	6	670043	92.5632
ee	6	670049	92.5641
eem	6	670055	92.5649
efteling	6	670061	92.5657
end	6	670067	92.5665
entrance	6	670073	92.5674
envelop	6	670079	92.5682
erachter	6	670085	92.569
erheen	6	670091	92.5699
ernaast	6	670097	92.5707
eveline	6	670103	92.5715
exacte	6	670109	92.5723
extase	6	670115	92.5732
externe	6	670121	92.574
factuur	6	670127	92.5748
feedback	6	670133	92.5757
feestdagen	6	670139	92.5765
files	6	670145	92.5773
flexibel	6	670151	92.5781
folder	6	670157	92.579
french	6	670163	92.5798
frieten	6	670169	92.5806
fuif	6	670175	92.5815
fulltime	6	670181	92.5823
ganges	6	670187	92.5831
gaslab	6	670193	92.584
geamuseerd	6	670199	92.5848
geboren	6	670205	92.5856
gebroken	6	670211	92.5864
gedachte	6	670217	92.5873
gedragen	6	670223	92.5881
gefeest	6	670229	92.5889
geinstalleerd	6	670235	92.5898
geklust	6	670241	92.5906
geluiden	6	670247	92.5914
gene	6	670253	92.5922
georganiseerd	6	670259	92.5931
gepost	6	670265	92.5939
geschikt	6	670271	92.5947
gesmeerd	6	670277	92.5956
gestoken	6	670283	92.5964
gestort	6	670289	92.5972
getest	6	670295	92.598
getroffen	6	670301	92.5989
geubels	6	670307	92.5997
gewassen	6	670313	92.6005
geweten	6	670319	92.6014
gezwommen	6	670325	92.6022
gigantisch	6	670331	92.603
ginder	6	670337	92.6038
gitaar	6	670343	92.6047
give	6	670349	92.6055
glas	6	670355	92.6063
godverdomme	6	670361	92.6072
goedkope	6	670367	92.608
gokken	6	670373	92.6088
grieperig	6	670379	92.6096
griepje	6	670385	92.6105
grootste	6	670391	92.6113
géén	6	670397	92.6121
hal	6	670403	92.613
hanzie	6	670409	92.6138
hap	6	670415	92.6146
harmonie	6	670421	92.6154
helaesch	6	670427	92.6163
hell	6	670433	92.6171
hemel	6	670439	92.6179
heren	6	670445	92.6188
herkansing	6	670451	92.6196
herrie	6	670457	92.6204
herstellen	6	670463	92.6213
hint	6	670469	92.6221
hockey	6	670475	92.6229
hoewel	6	670481	92.6237
honderd	6	670487	92.6246
hoofdingang	6	670493	92.6254
hopeloos	6	670499	92.6262
houten	6	670505	92.6271
hr	6	670511	92.6279
huisarts	6	670517	92.6287
hup	6	670523	92.6295
hypotheek	6	670529	92.6304
ijsjes	6	670535	92.6312
immers	6	670541	92.632
indeling	6	670547	92.6329
inge	6	670553	92.6337
instructies	6	670559	92.6345
intensieve	6	670565	92.6353
intern	6	670571	92.6362
internations	6	670577	92.637
inzitten	6	670583	92.6378
ipod	6	670589	92.6387
irritante	6	670595	92.6395
jaja	6	670601	92.6403
java	6	670607	92.6411
jeugd	6	670613	92.642
jongetje	6	670619	92.6428
jurgen	6	670625	92.6436
jurkje	6	670631	92.6445
kabel	6	670637	92.6453
kalender	6	670643	92.6461
kansen	6	670649	92.6469
kanten	6	670655	92.6478
kapoenen	6	670661	92.6486
kapotte	6	670667	92.6494
karen	6	670673	92.6503
kastje	6	670679	92.6511
keiveel	6	670685	92.6519
kerels	6	670691	92.6527
kerstdag	6	670697	92.6536
kids	6	670703	92.6544
kindje	6	670709	92.6552
kiss	6	670715	92.6561
kk	6	670721	92.6569
kliniek	6	670727	92.6577
klusjes	6	670733	92.6585
komst	6	670739	92.6594
kopie	6	670745	92.6602
kraan	6	670751	92.661
krap	6	670757	92.6619
krish	6	670763	92.6627
ksta	6	670769	92.6635
kvind	6	670775	92.6644
lady	6	670781	92.6652
landmark	6	670787	92.666
latertje	6	670793	92.6668
leerlingen	6	670799	92.6677
leert	6	670805	92.6685
leiden	6	670811	92.6693
leiding	6	670817	92.6702
lek	6	670823	92.671
lekke	6	670829	92.6718
lelijk	6	670835	92.6726
less	6	670841	92.6735
lieviootje	6	670847	92.6743
limburg	6	670853	92.6751
lizzy	6	670859	92.676
logo	6	670865	92.6768
losse	6	670871	92.6776
lossen	6	670877	92.6784
lost	6	670883	92.6793
luister	6	670889	92.6801
lul	6	670895	92.6809
luxe	6	670901	92.6818
maan	6	670907	92.6826
maargoed	6	670913	92.6834
magnetron	6	670919	92.6842
mailadres	6	670925	92.6851
market	6	670931	92.6859
meebrengn	6	670937	92.6867
meegekregen	6	670943	92.6876
meeneemt	6	670949	92.6884
melding	6	670955	92.6892
menu	6	670961	92.69
mer	6	670967	92.6909
michael	6	670973	92.6917
middle	6	670979	92.6925
mijnen	6	670985	92.6934
minste	6	670991	92.6942
missed	6	670997	92.695
misselijk	6	671003	92.6958
mogelijkheden	6	671009	92.6967
mojito	6	671015	92.6975
motivatie	6	671021	92.6983
mozza	6	671027	92.6992
musical	6	671033	92.7
muts	6	671039	92.7008
nader	6	671045	92.7017
nancy	6	671051	92.7025
natje	6	671057	92.7033
neger	6	671063	92.7041
neje	6	671069	92.705
nette	6	671075	92.7058
nike	6	671081	92.7066
noem	6	671087	92.7075
noor	6	671093	92.7083
oktogon	6	671099	92.7091
onbekend	6	671105	92.7099
onderwerp	6	671111	92.7108
ongelooflijk	6	671117	92.7116
ongerust	6	671123	92.7124
onmiddellijk	6	671129	92.7133
ontbeten	6	671135	92.7141
ontvang	6	671141	92.7149
onverwachts	6	671147	92.7157
openbaar	6	671153	92.7166
opgegeten	6	671159	92.7174
opgelopen	6	671165	92.7182
opgevallen	6	671171	92.7191
ophangen	6	671177	92.7199
oplossen	6	671183	92.7207
opmerking	6	671189	92.7215
opzet	6	671195	92.7224
opzetten	6	671201	92.7232
organisatie	6	671207	92.724
overdreven	6	671213	92.7249
overschrijven	6	671219	92.7257
overslaan	6	671225	92.7265
overstap	6	671231	92.7273
pannen	6	671237	92.7282
parcours	6	671243	92.729
parkeerkaart	6	671249	92.7298
parti	6	671255	92.7307
partner	6	671261	92.7315
passeert	6	671267	92.7323
patat	6	671273	92.7331
pauper	6	671279	92.734
pfff	6	671285	92.7348
piekeren	6	671291	92.7356
piet	6	671297	92.7365
pilsen	6	671303	92.7373
pinpas	6	671309	92.7381
plaatjes	6	671315	92.7389
plant	6	671321	92.7398
plekke	6	671327	92.7406
plotseling	6	671333	92.7414
pluis	6	671339	92.7423
poepen	6	671345	92.7431
popje	6	671351	92.7439
portemonnee	6	671357	92.7448
potten	6	671363	92.7456
praesidium	6	671369	92.7464
pret	6	671375	92.7472
productief	6	671381	92.7481
promotor	6	671387	92.7489
ps.	6	671393	92.7497
puf	6	671399	92.7506
puntje	6	671405	92.7514
puntjes	6	671411	92.7522
rash	6	671417	92.753
rem	6	671423	92.7539
reservesleutel	6	671429	92.7547
respect	6	671435	92.7555
reünie	6	671441	92.7564
rijn	6	671447	92.7572
rimke	6	671453	92.758
rollen	6	671459	92.7588
rommelmarkt	6	671465	92.7597
rondjes	6	671471	92.7605
ruit	6	671477	92.7613
safely	6	671483	92.7622
salaris	6	671489	92.763
sas	6	671495	92.7638
saturday	6	671501	92.7646
sava	6	671507	92.7655
schattig	6	671513	92.7663
scheetje	6	671519	92.7671
schitterende	6	671525	92.768
score	6	671531	92.7688
semester	6	671537	92.7696
sessie	6	671543	92.7704
setje	6	671549	92.7713
seven	6	671555	92.7721
sharp	6	671561	92.7729
shirts	6	671567	92.7738
shithole	6	671573	92.7746
shop	6	671579	92.7754
shopping	6	671585	92.7762
sick	6	671591	92.7771
slaag	6	671597	92.7779
slaapspullen	6	671603	92.7787
slaat	6	671609	92.7796
slechter	6	671615	92.7804
slimpie	6	671621	92.7812
smart	6	671627	92.7821
sms't	6	671633	92.7829
sms-en	6	671639	92.7837
som	6	671645	92.7845
sound	6	671651	92.7854
spaans	6	671657	92.7862
spannende	6	671663	92.787
speciaals	6	671669	92.7879
special	6	671675	92.7887
spelletjesavond	6	671681	92.7895
spinazie	6	671687	92.7903
spinnen	6	671693	92.7912
spul	6	671699	92.792
stadje	6	671705	92.7928
standaard	6	671711	92.7937
staying	6	671717	92.7945
stevige	6	671723	92.7953
stick	6	671729	92.7961
stijf	6	671735	92.797
stinken	6	671741	92.7978
stoep	6	671747	92.7986
strategie	6	671753	92.7995
strax	6	671759	92.8003
stressen	6	671765	92.8011
studeer	6	671771	92.8019
studies	6	671777	92.8028
stukjes	6	671783	92.8036
suggesties	6	671789	92.8044
sun	6	671795	92.8053
superlief	6	671801	92.8061
supermoe	6	671807	92.8069
taak	6	671813	92.8077
tafeltje	6	671819	92.8086
tango	6	671825	92.8094
tank	6	671831	92.8102
technische	6	671837	92.8111
temperatuur	6	671843	92.8119
tennissen	6	671849	92.8127
tenslotte	6	671855	92.8135
termijn	6	671861	92.8144
tgaat	6	671867	92.8152
that's	6	671873	92.816
they	6	671879	92.8169
thomas	6	671885	92.8177
thou	6	671891	92.8185
tijger	6	671897	92.8194
toestemming	6	671903	92.8202
toi	6	671909	92.821
tomaat	6	671915	92.8218
tonijn	6	671921	92.8227
totally	6	671927	92.8235
touw	6	671933	92.8243
trailer	6	671939	92.8252
trakteer	6	671945	92.826
treffen	6	671951	92.8268
troep	6	671957	92.8276
trying	6	671963	92.8285
uitje	6	671969	92.8293
uitreiking	6	671975	92.8301
uitstappen	6	671981	92.831
uitstel	6	671987	92.8318
uitwisseling	6	671993	92.8326
until	6	671999	92.8334
vaders	6	672005	92.8343
vangen	6	672011	92.8351
verbeteren	6	672017	92.8359
verbondsraad	6	672023	92.8368
verbouwing	6	672029	92.8376
verbrand	6	672035	92.8384
verdediging	6	672041	92.8392
verjaardagsfeestje	6	672047	92.8401
verkennen	6	672053	92.8409
verliezen	6	672059	92.8417
verschillen	6	672065	92.8426
verwend	6	672071	92.8434
verwijderd	6	672077	92.8442
verzekering	6	672083	92.845
verzoek	6	672089	92.8459
vlieg	6	672095	92.8467
vlieger	6	672101	92.8475
vliegt	6	672107	92.8484
vlotter	6	672113	92.8492
vogel	6	672119	92.85
volkomen	6	672125	92.8508
voorbereidingen	6	672131	92.8517
voorin	6	672137	92.8525
voorraad	6	672143	92.8533
vragn	6	672149	92.8542
vreemde	6	672155	92.855
vry	6	672161	92.8558
vóór	6	672167	92.8566
wake	6	672173	92.8575
warmer	6	672179	92.8583
warmte	6	672185	92.8591
wasmachine	6	672191	92.86
weekenden	6	672197	92.8608
wees	6	672203	92.8616
welcome	6	672209	92.8625
weliswaar	6	672215	92.8633
werchter	6	672221	92.8641
werkelijk	6	672227	92.8649
werkzaamheden	6	672233	92.8658
wieke	6	672239	92.8666
winkels	6	672245	92.8674
winter	6	672251	92.8683
woensdagavond	6	672257	92.8691
working	6	672263	92.8699
wout	6	672269	92.8707
wraps	6	672275	92.8716
wschlk	6	672281	92.8724
wéér	6	672287	92.8732
xD	6	672293	92.8741
xbox	6	672299	92.8749
youtube	6	672305	92.8757
zalk	6	672311	92.8765
zije	6	672317	92.8774
zoetie	6	672323	92.8782
zombie	6	672329	92.879
zondagochtend	6	672335	92.8799
zonnebril	6	672341	92.8807
zooi	6	672347	92.8815
zooo	6	672353	92.8823
zorgt	6	672359	92.8832
zumba	6	672365	92.884
zwangere	6	672371	92.8848
°	6	672377	92.8857
ècht	6	672383	92.8865
-10	5	672388	92.8872
-6	5	672393	92.8879
-9	5	672398	92.8886
07	5	672403	92.8893
120	5	672408	92.8899
125	5	672413	92.8906
13.30	5	672418	92.8913
136	5	672423	92.892
137	5	672428	92.8927
14.00	5	672433	92.8934
14:00	5	672438	92.8941
2009	5	672443	92.8948
20:15	5	672448	92.8955
21.15	5	672453	92.8962
22e	5	672458	92.8968
34	5	672463	92.8975
3e	5	672468	92.8982
400	5	672473	92.8989
439	5	672478	92.8996
57	5	672483	92.9003
5e	5	672488	92.901
6,5	5	672493	92.9017
63	5	672498	92.9024
6462611	5	672503	92.9031
87	5	672508	92.9038
89	5	672513	92.9044
9050	5	672518	92.9051
:'-(	5	672523	92.9058
:O	5	672528	92.9065
;o	5	672533	92.9072
;s	5	672538	92.9079
?.	5	672543	92.9086
ALV	5	672548	92.9093
Aaaah	5	672553	92.91
Aahn	5	672558	92.9107
Absoluut	5	672563	92.9114
After	5	672568	92.912
Aight	5	672573	92.9127
Almost	5	672578	92.9134
Alright	5	672583	92.9141
Anja	5	672588	92.9148
Annelies	5	672593	92.9155
Annie	5	672598	92.9162
Ans	5	672603	92.9169
Antje	5	672608	92.9176
Appie	5	672613	92.9183
Aruba	5	672618	92.919
BA	5	672623	92.9196
BE	5	672628	92.9203
Bakkie	5	672633	92.921
Bedoel	5	672638	92.9217
Belachelijk	5	672643	92.9224
Belde	5	672648	92.9231
België	5	672653	92.9238
Bieb	5	672658	92.9245
Blaha	5	672663	92.9252
Bleh	5	672668	92.9259
Boek	5	672673	92.9266
Bradford	5	672678	92.9272
Brand	5	672683	92.9279
Brunninkhuis	5	672688	92.9286
Burgerwolf	5	672693	92.9293
Bwa	5	672698	92.93
Cant	5	672703	92.9307
Cava	5	672708	92.9314
Christoph	5	672713	92.9321
Clooske	5	672718	92.9328
Coffee	5	672723	92.9335
Come	5	672728	92.9341
Concert	5	672733	92.9348
Count	5	672738	92.9355
Cv	5	672743	92.9362
Cya	5	672748	92.9369
DE	5	672753	92.9376
DVD	5	672758	92.9383
Daaag	5	672763	92.939
Daag	5	672768	92.9397
Daarnaast	5	672773	92.9404
Daarvoor	5	672778	92.9411
Dagmar	5	672783	92.9417
Dames	5	672788	92.9424
Dankuwel	5	672793	92.9431
Dante	5	672798	92.9438
David	5	672803	92.9445
Delilah	5	672808	92.9452
Diederik	5	672813	92.9459
Dieren	5	672818	92.9466
Dinner	5	672823	92.9473
Ditto	5	672828	92.948
Doeii	5	672833	92.9487
Doing	5	672838	92.9493
Dom	5	672843	92.95
Donderdagavond	5	672848	92.9507
Dr	5	672853	92.9514
Dronken	5	672858	92.9521
Duits	5	672863	92.9528
Duizend	5	672868	92.9535
Dunno	5	672873	92.9542
Duurde	5	672878	92.9549
ETA	5	672883	92.9556
Edward	5	672888	92.9563
Eef	5	672893	92.9569
Eentje	5	672898	92.9576
Elle	5	672903	92.9583
Emily	5	672908	92.959
Enige	5	672913	92.9597
Et	5	672918	92.9604
Everything	5	672923	92.9611
Ewel	5	672928	92.9618
Examen	5	672933	92.9625
Extase	5	672938	92.9632
Fienelot	5	672943	92.9639
File	5	672948	92.9645
Foutje	5	672953	92.9652
Frannie	5	672958	92.9659
Franse	5	672963	92.9666
Fwd	5	672968	92.9673
Gast	5	672973	92.968
Gefeli	5	672978	92.9687
Geland	5	672983	92.9694
Geweldige	5	672988	92.9701
Gezellige	5	672993	92.9708
Gimme	5	672998	92.9714
Godverdomme	5	673003	92.9721
Gok	5	673008	92.9728
Greets	5	673013	92.9735
Grietha	5	673018	92.9742
Grietje	5	673023	92.9749
Groot	5	673028	92.9756
Grrr	5	673033	92.9763
Grtjs	5	673038	92.977
Grunn	5	673043	92.9777
Guess	5	673048	92.9784
Guustje	5	673053	92.979
Hahah	5	673058	92.9797
Hahahahaha	5	673063	92.9804
Hartelijke	5	673068	92.9811
Havent	5	673073	92.9818
Heleen	5	673078	92.9825
Her	5	673083	92.9832
Hihihihihi	5	673088	92.9839
Hippie	5	673093	92.9846
Howdy	5	673098	92.9853
Hy	5	673103	92.986
IKEA	5	673108	92.9866
IRC	5	673113	92.9873
Ie	5	673118	92.988
Ilyana	5	673123	92.9887
India	5	673128	92.9894
International	5	673133	92.9901
Irene	5	673138	92.9908
Italiaanse	5	673143	92.9915
J.	5	673148	92.9922
JE	5	673153	92.9929
Jas	5	673158	92.9936
Jeff	5	673163	92.9942
Jelmer	5	673168	92.9949
Jeps	5	673173	92.9956
Joa	5	673178	92.9963
Joris	5	673183	92.997
Karlijn	5	673188	92.9977
Kel	5	673193	92.9984
Kim	5	673198	92.9991
Kkan	5	673203	92.9998
Klaat	5	673208	93.0005
Kmag	5	673213	93.0011
Koldewee	5	673218	93.0018
Koop	5	673223	93.0025
Koorts	5	673228	93.0032
Kost	5	673233	93.0039
Krakow	5	673238	93.0046
Ksta	5	673243	93.0053
Kunde	5	673248	93.006
Kuskuskus	5	673253	93.0067
Kvind	5	673258	93.0074
Kvond	5	673263	93.0081
Kvrees	5	673268	93.0087
LU	5	673273	93.0094
Lange	5	673278	93.0101
Lap	5	673283	93.0108
Last	5	673288	93.0115
Lastig	5	673293	93.0122
Leer	5	673298	93.0129
Let's	5	673303	93.0136
Lidka	5	673308	93.0143
Liefde	5	673313	93.015
Like	5	673318	93.0157
Lisa	5	673323	93.0163
Loes	5	673328	93.017
Lul	5	673333	93.0177
MB	5	673338	93.0184
Maarre	5	673343	93.0191
Maaske	5	673348	93.0198
Machteld	5	673353	93.0205
Majja	5	673358	93.0212
Make	5	673363	93.0219
Manchester	5	673368	93.0226
Marie-Rose	5	673373	93.0233
Marjolijn	5	673378	93.0239
Martje	5	673383	93.0246
Mayke	5	673388	93.0253
Meen	5	673393	93.026
Meestal	5	673398	93.0267
Meis	5	673403	93.0274
Miem	5	673408	93.0281
Mikee	5	673413	93.0288
Minder	5	673418	93.0295
Mirjam	5	673423	93.0302
Momenteel	5	673428	93.0309
Mooizo	5	673433	93.0315
Mop	5	673438	93.0322
Mulder	5	673443	93.0329
Mumus	5	673448	93.0336
Murphy	5	673453	93.0343
Mzzl	5	673458	93.035
NAC	5	673463	93.0357
NOT	5	673468	93.0364
Naast	5	673473	93.0371
Nacht	5	673478	93.0378
Nadine	5	673483	93.0384
Neeeee	5	673488	93.0391
Negeer	5	673493	93.0398
Ng	5	673498	93.0405
Night	5	673503	93.0412
Nol	5	673508	93.0419
Ocharme	5	673513	93.0426
Ohja	5	673518	93.0433
Oma	5	673523	93.044
Omg	5	673528	93.0447
Ondertussen	5	673533	93.0454
Online	5	673538	93.046
Ontbijt	5	673543	93.0467
Oops	5	673548	93.0474
Oscar	5	673553	93.0481
Oswald	5	673558	93.0488
Oud	5	673563	93.0495
Paar	5	673568	93.0502
Palinka	5	673573	93.0509
Passeer	5	673578	93.0516
Pasta	5	673583	93.0523
Paula	5	673588	93.053
Pauls	5	673593	93.0536
Pauze	5	673598	93.0543
Petra	5	673603	93.055
Pintje	5	673608	93.0557
Plannen	5	673613	93.0564
Poe	5	673618	93.0571
Portugal	5	673623	93.0578
Prettige	5	673628	93.0585
Prihima	5	673633	93.0592
Prince	5	673638	93.0599
Proost	5	673643	93.0606
Puik	5	673648	93.0612
Quite	5	673653	93.0619
Really	5	673658	93.0626
Renske	5	673663	93.0633
Richard	5	673668	93.064
Rick	5	673673	93.0647
Rijd	5	673678	93.0654
Rood	5	673683	93.0661
Roosendaal	5	673688	93.0668
Schande	5	673693	93.0675
Schitterend	5	673698	93.0681
Sint	5	673703	93.0688
Skaat	5	673708	93.0695
Slaapt	5	673713	93.0702
Slaapzacht	5	673718	93.0709
Sleep	5	673723	93.0716
Soest	5	673728	93.0723
Spass	5	673733	93.073
Spoor	5	673738	93.0737
Sporten	5	673743	93.0744
Stappen	5	673748	93.0751
Steek	5	673753	93.0757
Stef	5	673758	93.0764
Stiekem	5	673763	93.0771
Stonden	5	673768	93.0778
Studio	5	673773	93.0785
Stuk	5	673778	93.0792
Suzanne	5	673783	93.0799
Sweet	5	673788	93.0806
THE	5	673793	93.0813
There	5	673798	93.082
Tinus	5	673803	93.0827
Tomo	5	673808	93.0833
Tonight	5	673813	93.084
Tous	5	673818	93.0847
Tt	5	673823	93.0854
Twitter	5	673828	93.0861
Tzey	5	673833	93.0868
Uh	5	673838	93.0875
Uhr	5	673843	93.0882
Ur	5	673848	93.0889
VNJ	5	673853	93.0896
VS	5	673858	93.0903
Verdorie	5	673863	93.0909
Vergadering	5	673868	93.0916
Verkeerde	5	673873	93.0923
Verstandig	5	673878	93.093
Verveel	5	673883	93.0937
Verwacht	5	673888	93.0944
Very	5	673893	93.0951
Vijf	5	673898	93.0958
Vlaamse	5	673903	93.0965
Vredestraat	5	673908	93.0972
Vrees	5	673913	93.0979
Vrij	5	673918	93.0985
W.	5	673923	93.0992
Waalkade	5	673928	93.0999
Wageningen	5	673933	93.1006
Week	5	673938	93.1013
Weg	5	673943	93.102
Well	5	673948	93.1027
Welles	5	673953	93.1034
WhatsApp	5	673958	93.1041
Whatsapp	5	673963	93.1048
Windows	5	673968	93.1054
Woensdagavond	5	673973	93.1061
XL	5	673978	93.1068
XXXXXXXXX	5	673983	93.1075
XXXXXXXXXXXXXXXXXXXX	5	673988	93.1082
Xjes	5	673993	93.1089
XxXxX	5	673998	93.1096
Yesss	5	674003	93.1103
ZO	5	674008	93.111
Zeggen	5	674013	93.1117
Ziek	5	674018	93.1124
Zon	5	674023	93.113
Zondagavond	5	674028	93.1137
Zoo	5	674033	93.1144
Zwolle	5	674038	93.1151
[	5	674043	93.1158
aangesloten	5	674048	93.1165
aangezet	5	674053	93.1172
aanhankelijk	5	674058	93.1179
aankleden	5	674063	93.1186
aanleiding	5	674068	93.1193
aanpassingen	5	674073	93.12
aanraden	5	674078	93.1206
aansluiten	5	674083	93.1213
aanspreken	5	674088	93.122
aanvraag	5	674093	93.1227
aanvulling	5	674098	93.1234
aar	5	674103	93.1241
aardbeien	5	674108	93.1248
accepteren	5	674113	93.1255
achtergelaten	5	674118	93.1262
achterin	5	674123	93.1269
activiteiten	5	674128	93.1276
adressen	5	674133	93.1282
afgegeven	5	674138	93.1289
afgemaakt	5	674143	93.1296
afgerond	5	674148	93.1303
afgeven	5	674153	93.131
afgewerkt	5	674158	93.1317
afleveringen	5	674163	93.1324
afronden	5	674168	93.1331
afterwards	5	674173	93.1338
ak	5	674178	93.1345
alarm	5	674183	93.1352
album	5	674188	93.1358
alegria	5	674193	93.1365
alletwee	5	674198	93.1372
alsk	5	674203	93.1379
ambiance	5	674208	93.1386
amersfoort	5	674213	93.1393
amuseleute	5	674218	93.14
andersom	5	674223	93.1407
anna	5	674228	93.1414
annemarie	5	674233	93.1421
annoying	5	674238	93.1427
anymore	5	674243	93.1434
anyone	5	674248	93.1441
aparte	5	674253	93.1448
aperitieven	5	674258	93.1455
art	5	674263	93.1462
asociaal	5	674268	93.1469
augurk	5	674273	93.1476
autootje	5	674278	93.1483
avonden	5	674283	93.149
b-day	5	674288	93.1497
bachelor	5	674293	93.1503
bag	5	674298	93.151
balie	5	674303	93.1517
bastards	5	674308	93.1524
beach	5	674313	93.1531
beats	5	674318	93.1538
bedrijfskunde	5	674323	93.1545
beestig	5	674328	93.1552
beestje	5	674333	93.1559
begrip	5	674338	93.1566
beiden	5	674343	93.1573
being	5	674348	93.1579
beke	5	674353	93.1586
bekenden	5	674358	93.1593
bekennen	5	674363	93.16
belga	5	674368	93.1607
belgacom	5	674373	93.1614
bella	5	674378	93.1621
beloning	5	674383	93.1628
beltegoed	5	674388	93.1635
benen	5	674393	93.1642
benk	5	674398	93.1649
bereiden	5	674403	93.1655
besteden	5	674408	93.1662
betaling	5	674413	93.1669
bezocht	5	674418	93.1676
bijdrage	5	674423	93.1683
bijeenkomst	5	674428	93.169
bijkletsen	5	674433	93.1697
bijslapen	5	674438	93.1704
bijtjes	5	674443	93.1711
bijvoorbeeld	5	674448	93.1718
bijzondere	5	674453	93.1724
bikini	5	674458	93.1731
binden	5	674463	93.1738
binnenspringen	5	674468	93.1745
blaarmeersen	5	674473	93.1752
blanco	5	674478	93.1759
blessure	5	674483	93.1766
blikje	5	674488	93.1773
blond	5	674493	93.178
body	5	674498	93.1787
boksen	5	674503	93.1794
bommen	5	674508	93.18
boor	5	674513	93.1807
boss	5	674518	93.1814
bot	5	674523	93.1821
bouwput	5	674528	93.1828
bovenste	5	674533	93.1835
box	5	674538	93.1842
brakheid	5	674543	93.1849
brasserie	5	674548	93.1856
buffet	5	674553	93.1863
bui	5	674558	93.187
bundel	5	674563	93.1876
carrière	5	674568	93.1883
cash	5	674573	93.189
cd's	5	674578	93.1897
chauffeur	5	674583	93.1904
chica	5	674588	93.1911
chunkie	5	674593	93.1918
cl	5	674598	93.1925
clercq	5	674603	93.1932
colff	5	674608	93.1939
coma	5	674613	93.1946
combinatie	5	674618	93.1952
commissies	5	674623	93.1959
computers	5	674628	93.1966
concept	5	674633	93.1973
conclusie	5	674638	93.198
confirm	5	674643	93.1987
coole	5	674648	93.1994
costa's	5	674653	93.2001
creche	5	674658	93.2008
creme	5	674663	93.2015
cross	5	674668	93.2022
cursussen	5	674673	93.2028
daadwerkelijk	5	674678	93.2035
daagse	5	674683	93.2042
daaro	5	674688	93.2049
dalijk	5	674693	93.2056
daten	5	674698	93.2063
dawwe	5	674703	93.207
deadlines	5	674708	93.2077
deb	5	674713	93.2084
degelijk	5	674718	93.2091
dennis	5	674723	93.2097
departement	5	674728	93.2104
dertig	5	674733	93.2111
di.	5	674738	93.2118
diarree	5	674743	93.2125
dienen	5	674748	93.2132
digitaal	5	674753	93.2139
doc	5	674758	93.2146
docu	5	674763	93.2153
dollar	5	674768	93.216
don	5	674773	93.2167
doosje	5	674778	93.2173
dorien	5	674783	93.218
download	5	674788	93.2187
dozen	5	674793	93.2194
drankjes	5	674798	93.2201
drop	5	674803	93.2208
dude	5	674808	93.2215
duif	5	674813	93.2222
duik	5	674818	93.2229
duits	5	674823	93.2236
dunne	5	674828	93.2243
duvel	5	674833	93.2249
dweilen	5	674838	93.2256
easy	5	674843	93.2263
ebbn	5	674848	93.227
edde	5	674853	93.2277
eeuwig	5	674858	93.2284
effectief	5	674863	93.2291
eig	5	674868	93.2298
eigenwijs	5	674873	93.2305
eindje	5	674878	93.2312
eitjes	5	674883	93.2319
ej	5	674888	93.2325
ela	5	674893	93.2332
elegast	5	674898	93.2339
emailadres	5	674903	93.2346
english	5	674908	93.2353
enne	5	674913	93.236
ergs	5	674918	93.2367
error	5	674923	93.2374
etiketten	5	674928	93.2381
euri	5	674933	93.2388
evaluatie	5	674938	93.2394
every	5	674943	93.2401
evio	5	674948	93.2408
expres	5	674953	93.2415
eye	5	674958	93.2422
fail	5	674963	93.2429
family	5	674968	93.2436
fanny's	5	674973	93.2443
femke	5	674978	93.245
fenna	5	674983	93.2457
fietsenstalling	5	674988	93.2464
filmen	5	674993	93.247
filmfestival	5	674998	93.2477
fliefje	5	675003	93.2484
flow	5	675008	93.2491
fototoestel	5	675013	93.2498
four	5	675018	93.2505
frituur	5	675023	93.2512
fuik	5	675028	93.2519
full	5	675033	93.2526
gaga	5	675038	93.2533
games	5	675043	93.254
gangetje	5	675048	93.2546
garnalen	5	675053	93.2553
gastvrijheid	5	675058	93.256
gave	5	675063	93.2567
gebied	5	675068	93.2574
geblesseerd	5	675073	93.2581
gebrek	5	675078	93.2588
gedrukt	5	675083	93.2595
geestig	5	675088	93.2602
gekost	5	675093	93.2609
genaaid	5	675098	93.2616
genoemd	5	675103	93.2622
gepasseerd	5	675108	93.2629
geregend	5	675113	93.2636
gerekend	5	675118	93.2643
geroepen	5	675123	93.265
geschitterd	5	675128	93.2657
geselecteerd	5	675133	93.2664
gesprongen	5	675138	93.2671
gesteld	5	675143	93.2678
gevaarlijk	5	675148	93.2685
gewild	5	675153	93.2692
gewoonlijk	5	675158	93.2698
gezichtje	5	675163	93.2705
gezin	5	675168	93.2712
gmail	5	675173	93.2719
golven	5	675178	93.2726
gone	5	675183	93.2733
gram	5	675188	93.274
guesthouse	5	675193	93.2747
gulder	5	675198	93.2754
haalbaar	5	675203	93.2761
hairdresser	5	675208	93.2767
handdoeken	5	675213	93.2774
handleiding	5	675218	93.2781
hangover	5	675223	93.2788
hapjes	5	675228	93.2795
harder	5	675233	93.2802
hardrock	5	675238	93.2809
hash	5	675243	93.2816
hasselt	5	675248	93.2823
hause	5	675253	93.283
heem	5	675258	93.2837
hemd	5	675263	93.2843
hengelo	5	675268	93.285
herexamens	5	675273	93.2857
herfstvakantie	5	675278	93.2864
herinner	5	675283	93.2871
herken	5	675288	93.2878
herkenbaar	5	675293	93.2885
hersenen	5	675298	93.2892
herstel	5	675303	93.2899
hete	5	675308	93.2906
hetgeen	5	675313	93.2913
hilarisch	5	675318	93.2919
hippe	5	675323	93.2926
hoefde	5	675328	93.2933
hoeveelheid	5	675333	93.294
homies	5	675338	93.2947
hoorn	5	675343	93.2954
ich	5	675348	93.2961
ideeen	5	675353	93.2968
idem	5	675358	93.2975
iem	5	675363	93.2982
ij	5	675368	93.2989
inception	5	675373	93.2995
indrinken	5	675378	93.3002
informatica	5	675383	93.3009
interested	5	675388	93.3016
internationale	5	675393	93.3023
ipad	5	675398	93.303
jam	5	675403	93.3037
jammergenoeg	5	675408	93.3044
jb	5	675413	93.3051
jeans	5	675418	93.3058
jeuj	5	675423	93.3065
joke	5	675428	93.3071
joris	5	675433	93.3078
julie	5	675438	93.3085
jups	5	675443	93.3092
juuk	5	675448	93.3099
kaarsje	5	675453	93.3106
kado's	5	675458	93.3113
kalm	5	675463	93.312
kamperen	5	675468	93.3127
kampvuur	5	675473	93.3134
karin	5	675478	93.314
kdv	5	675483	93.3147
kerstmarkt	5	675488	93.3154
kg	5	675493	93.3161
kging	5	675498	93.3168
kijkje	5	675503	93.3175
kill	5	675508	93.3182
kinda	5	675513	93.3189
king	5	675518	93.3196
kissies	5	675523	93.3203
klant	5	675528	93.321
klanten	5	675533	93.3216
klassen	5	675538	93.3223
kleding	5	675543	93.323
kleiner	5	675548	93.3237
kleuren	5	675553	93.3244
klop	5	675558	93.3251
kmag	5	675563	93.3258
kmoest	5	675568	93.3265
knows	5	675573	93.3272
knuffeltijd	5	675578	93.3279
knus	5	675583	93.3286
koek	5	675588	93.3292
koekie	5	675593	93.3299
komkommer	5	675598	93.3306
konijntje	5	675603	93.3313
koopzondag	5	675608	93.332
kussie	5	675613	93.3327
kusss	5	675618	93.3334
kutweer	5	675623	93.3341
kvertrek	5	675628	93.3348
kvond	5	675633	93.3355
kzalt	5	675638	93.3362
laan	5	675643	93.3368
lach	5	675648	93.3375
lacht	5	675653	93.3382
laden	5	675658	93.3389
ladies	5	675663	93.3396
lamp	5	675668	93.3403
lampje	5	675673	93.341
landen	5	675678	93.3417
landlord	5	675683	93.3424
langsgekomen	5	675688	93.3431
langsgeweest	5	675693	93.3437
lastigvallen	5	675698	93.3444
lazimpat	5	675703	93.3451
leukere	5	675708	93.3458
lieke	5	675713	93.3465
lien	5	675718	93.3472
lies	5	675723	93.3479
liesbeth	5	675728	93.3486
line	5	675733	93.3493
loko	5	675738	93.35
luie	5	675743	93.3507
lullen	5	675748	93.3513
maaaar	5	675753	93.352
mailt	5	675758	93.3527
mamsie	5	675763	93.3534
many	5	675768	93.3541
map	5	675773	93.3548
marieke	5	675778	93.3555
massa	5	675783	93.3562
mechelen	5	675788	93.3569
medewerker	5	675793	93.3576
media	5	675798	93.3583
meegevallen	5	675803	93.3589
meezit	5	675808	93.3596
meld	5	675813	93.3603
mentaal	5	675818	93.361
microgolf	5	675823	93.3617
middagdutje	5	675828	93.3624
minouk	5	675833	93.3631
mobiele	5	675838	93.3638
mogelijkheid	5	675843	93.3645
monika	5	675848	93.3652
mtc	5	675853	93.3659
nathalie	5	675858	93.3665
ned	5	675863	93.3672
neefje	5	675868	93.3679
neenee	5	675873	93.3686
negatief	5	675878	93.3693
nerveus	5	675883	93.37
neuken	5	675888	93.3707
nicht	5	675893	93.3714
nicole	5	675898	93.3721
nieuwschierig	5	675903	93.3728
nieuwste	5	675908	93.3735
nine	5	675913	93.3741
niveau	5	675918	93.3748
nodigt	5	675923	93.3755
noorden	5	675928	93.3762
notities	5	675933	93.3769
nsv	5	675938	93.3776
nul	5	675943	93.3783
oef	5	675948	93.379
oeie	5	675953	93.3797
ofzoiets	5	675958	93.3804
oja	5	675963	93.381
okeetjes	5	675968	93.3817
olie	5	675973	93.3824
omgaan	5	675978	93.3831
omgeving	5	675983	93.3838
onderuit	5	675988	93.3845
onduidelijk	5	675993	93.3852
onnozel	5	675998	93.3859
onrustig	5	676003	93.3866
onwijs	5	676008	93.3873
onzekerheid	5	676013	93.388
oordopjes	5	676018	93.3886
opendoen	5	676023	93.3893
opgedaan	5	676028	93.39
opgestuurd	5	676033	93.3907
opluchting	5	676038	93.3914
opmaken	5	676043	93.3921
opschieten	5	676048	93.3928
opschrijven	5	676053	93.3935
optimaal	5	676058	93.3942
oudejaar	5	676063	93.3949
oudjaar	5	676068	93.3956
overheen	5	676073	93.3962
overkomt	5	676078	93.3969
overweeg	5	676083	93.3976
overweg	5	676088	93.3983
overwegen	5	676093	93.399
overwinning	5	676098	93.3997
ow	5	676103	93.4004
paal	5	676108	93.4011
pack	5	676113	93.4018
pannekoeken	5	676118	93.4025
pappie	5	676123	93.4032
paraat	5	676128	93.4038
parfum	5	676133	93.4045
partytent	5	676138	93.4052
peinzen	5	676143	93.4059
penalty	5	676148	93.4066
personen	5	676153	93.4073
persoonlijke	5	676158	93.408
pesten	5	676163	93.4087
pesto	5	676168	93.4094
phil	5	676173	93.4101
pikt	5	676178	93.4107
pillen	5	676183	93.4114
pissed	5	676188	93.4121
plaat	5	676193	93.4128
plafond	5	676198	93.4135
planeet	5	676203	93.4142
plantjes	5	676208	93.4149
poedie	5	676213	93.4156
poesjes	5	676218	93.4163
point	5	676223	93.417
polépolé	5	676228	93.4177
potter	5	676233	93.4183
pour	5	676238	93.419
ppm	5	676243	93.4197
praat	5	676248	93.4204
precieze	5	676253	93.4211
prijzen	5	676258	93.4218
prinses	5	676263	93.4225
print	5	676268	93.4232
probeert	5	676273	93.4239
probleempje	5	676278	93.4246
processor	5	676283	93.4253
proef	5	676288	93.4259
profiel	5	676293	93.4266
prono	5	676298	93.4273
próeven	5	676303	93.428
pubers	5	676308	93.4287
publiek	5	676313	93.4294
radiologie	5	676318	93.4301
rashmi	5	676323	93.4308
reading	5	676328	93.4315
reizigers	5	676333	93.4322
relaxte	5	676338	93.4329
relaxter	5	676343	93.4335
ren	5	676348	93.4342
repareren	5	676353	93.4349
repeteren	5	676358	93.4356
reply	5	676363	93.4363
research	5	676368	93.437
reservering	5	676373	93.4377
restaurants	5	676378	93.4384
rete	5	676383	93.4391
ri	5	676388	93.4398
ricardo	5	676393	93.4405
righty	5	676398	93.4411
rijbewijs	5	676403	93.4418
risico	5	676408	93.4425
robin	5	676413	93.4432
rol	5	676418	93.4439
rondlopen	5	676423	93.4446
rook	5	676428	93.4453
roomies	5	676433	93.446
router	5	676438	93.4467
ruth	5	676443	93.4474
rutuja	5	676448	93.448
samenwonen	5	676453	93.4487
samsung	5	676458	93.4494
saying	5	676463	93.4501
scanner	5	676468	93.4508
schandalig	5	676473	93.4515
scheids	5	676478	93.4522
schijtweer	5	676483	93.4529
schoentjes	5	676488	93.4536
schrijfwijzer	5	676493	93.4543
schuiven	5	676498	93.455
script	5	676503	93.4556
second	5	676508	93.4563
seconden	5	676513	93.457
seg	5	676518	93.4577
sent	5	676523	93.4584
shoot	5	676528	93.4591
shower	5	676533	93.4598
sie	5	676538	93.4605
sim	5	676543	93.4612
since	5	676548	93.4619
sis	5	676553	93.4626
sister	5	676558	93.4632
sjans	5	676563	93.4639
sjors	5	676568	93.4646
skag	5	676573	93.4653
slaapplaats	5	676578	93.466
slaatjes	5	676583	93.4667
slager	5	676588	93.4674
slappe	5	676593	93.4681
slides	5	676598	93.4688
sloerie	5	676603	93.4695
smerig	5	676608	93.4702
smetstraat	5	676613	93.4708
smiddags	5	676618	93.4715
snelweg	5	676623	93.4722
snijden	5	676628	93.4729
snoep	5	676633	93.4736
sociale	5	676638	93.4743
sollicitaties	5	676643	93.475
sort	5	676648	93.4757
south	5	676653	93.4764
spannender	5	676658	93.4771
specifieke	5	676663	93.4778
sporen	5	676668	93.4784
sportcentrum	5	676673	93.4791
sportief	5	676678	93.4798
sportkaart	5	676683	93.4805
stapel	5	676688	93.4812
staren	5	676693	93.4819
startdag	5	676698	93.4826
starts	5	676703	93.4833
steden	5	676708	93.484
steen	5	676713	93.4847
stekkie	5	676718	93.4853
steunen	5	676723	93.486
steven	5	676728	93.4867
stiefpapa	5	676733	93.4874
stille	5	676738	93.4881
stipt	5	676743	93.4888
stort	5	676748	93.4895
straf	5	676753	93.4902
strijken	5	676758	93.4909
structuur	5	676763	93.4916
suckt	5	676768	93.4923
supertrots	5	676773	93.4929
surfen	5	676778	93.4936
surprise	5	676783	93.4943
talent	5	676788	93.495
tapas	5	676793	93.4957
technisch	5	676798	93.4964
tegoed	5	676803	93.4971
tekort	5	676808	93.4978
telefonisch	5	676813	93.4985
telkens	5	676818	93.4992
tem	5	676823	93.4999
tenten	5	676828	93.5005
tetten	5	676833	93.5012
texel	5	676838	93.5019
thats	5	676843	93.5026
three	5	676848	93.5033
tilly	5	676853	93.504
tja	5	676858	93.5047
tjah	5	676863	93.5054
toegevoegd	5	676868	93.5061
toegewenst	5	676873	93.5068
toekomen	5	676878	93.5075
toekomstige	5	676883	93.5081
together	5	676888	93.5088
toog	5	676893	93.5095
toon	5	676898	93.5102
topdag	5	676903	93.5109
touchscreen	5	676908	93.5116
trakteren	5	676913	93.5123
tralalala	5	676918	93.513
trams	5	676923	93.5137
trappen	5	676928	93.5144
troela	5	676933	93.515
troost	5	676938	93.5157
trouble	5	676943	93.5164
trouwen	5	676948	93.5171
try	5	676953	93.5178
tstad	5	676958	93.5185
tweeling	5	676963	93.5192
tweetjes	5	676968	93.5199
tzelfde	5	676973	93.5206
tzou	5	676978	93.5213
ugent	5	676983	93.522
uhm	5	676988	93.5226
uitdelen	5	676993	93.5233
uitgelegd	5	676998	93.524
uitgeteld	5	677003	93.5247
uithangen	5	677008	93.5254
uitprinten	5	677013	93.5261
uitproberen	5	677018	93.5268
uitzetten	5	677023	93.5275
uitzieken	5	677028	93.5282
uj	5	677033	93.5289
use	5	677038	93.5296
vaderdag	5	677043	93.5302
vanbuiten	5	677048	93.5309
varen	5	677053	93.5316
vegetarisch	5	677058	93.5323
vel	5	677063	93.533
venster	5	677068	93.5337
verandering	5	677073	93.5344
verantwoord	5	677078	93.5351
verdedigen	5	677083	93.5358
verdere	5	677088	93.5365
verdien	5	677093	93.5372
vergaderingen	5	677098	93.5378
verlaat	5	677103	93.5385
verplichte	5	677108	93.5392
versleten	5	677113	93.5399
vertrok	5	677118	93.5406
verwachtte	5	677123	93.5413
verwarming	5	677128	93.542
verwennen	5	677133	93.5427
verwerkt	5	677138	93.5434
veur	5	677143	93.5441
vinger	5	677148	93.5448
vingers	5	677153	93.5454
visit	5	677158	93.5461
vissen	5	677163	93.5468
vlag	5	677168	93.5475
voetbalplaatjes	5	677173	93.5482
voldoen	5	677178	93.5489
voorbehoud	5	677183	93.5496
voorgesteld	5	677188	93.5503
voorkeuren	5	677193	93.551
voorspellen	5	677198	93.5517
vooruitgang	5	677203	93.5523
vr.	5	677208	93.553
vriendschap	5	677213	93.5537
vrijblijvend	5	677218	93.5544
vrijdagen	5	677223	93.5551
vrijwel	5	677228	93.5558
vroegst	5	677233	93.5565
vroegste	5	677238	93.5572
vuil	5	677243	93.5579
waait	5	677248	93.5586
waarbij	5	677253	93.5593
waardeloos	5	677258	93.5599
waarheid	5	677263	93.5606
wait	5	677268	93.5613
ware	5	677273	93.562
watten	5	677278	93.5627
webmail	5	677283	93.5634
wederom	5	677288	93.5641
weekeinde	5	677293	93.5648
weekends	5	677298	93.5655
ween	5	677303	93.5662
weertje	5	677308	93.5669
wegen	5	677313	93.5675
weggelaten	5	677318	93.5682
weggeweest	5	677323	93.5689
wegging	5	677328	93.5696
weird	5	677333	93.5703
werker	5	677338	93.571
werkweek	5	677343	93.5717
whats	5	677348	93.5724
wi	5	677353	93.5731
wife	5	677358	93.5738
wii	5	677363	93.5745
wijk	5	677368	93.5751
wijzer	5	677373	93.5758
winnie	5	677378	93.5765
wishes	5	677383	93.5772
wolken	5	677388	93.5779
woning	5	677393	93.5786
woonde	5	677398	93.5793
world	5	677403	93.58
wrm	5	677408	93.5807
xxxxxx	5	677413	93.5814
ya	5	677418	93.582
zatte	5	677423	93.5827
zekerst	5	677428	93.5834
zesde	5	677433	93.5841
zonnige	5	677438	93.5848
zuigen	5	677443	93.5855
zustertje	5	677448	93.5862
|	5	677453	93.5869
Ã	5	677458	93.5876
!!!!!!!	4	677462	93.5881
!?!	4	677466	93.5887
-20	4	677470	93.5892
-21	4	677474	93.5898
-3	4	677478	93.5903
-30	4	677482	93.5909
03	4	677486	93.5914
08	4	677490	93.592
10e	4	677494	93.5925
111	4	677498	93.5931
1145	4	677502	93.5937
11:00	4	677506	93.5942
123	4	677510	93.5948
12331	4	677514	93.5953
124	4	677518	93.5959
129	4	677522	93.5964
13:00	4	677526	93.597
14.45	4	677530	93.5975
15e	4	677534	93.5981
16:50	4	677538	93.5986
16e	4	677542	93.5992
18:10	4	677546	93.5997
2000	4	677550	93.6003
2100	4	677554	93.6008
22:22	4	677558	93.6014
239	4	677562	93.6019
24ste	4	677566	93.6025
3.0	4	677570	93.603
30e	4	677574	93.6036
360	4	677578	93.6042
46	4	677582	93.6047
4de	4	677586	93.6053
5de	4	677590	93.6058
68	4	677594	93.6064
69	4	677598	93.6069
6e	4	677602	93.6075
7,5	4	677606	93.608
74	4	677610	93.6086
78	4	677614	93.6091
8,5	4	677618	93.6097
92	4	677622	93.6102
93	4	677626	93.6108
94	4	677630	93.6113
:-$	4	677634	93.6119
AAN	4	677638	93.6124
ABN	4	677642	93.613
Aankomst	4	677646	93.6135
Ab	4	677650	93.6141
Achter	4	677654	93.6147
Afgesproken	4	677658	93.6152
Afspreken	4	677662	93.6158
Aiai	4	677666	93.6163
Allright	4	677670	93.6169
Almelo	4	677674	93.6174
Alst	4	677678	93.618
American	4	677682	93.6185
Amerikaanse	4	677686	93.6191
Amstel	4	677690	93.6196
Andalusie	4	677694	93.6202
André	4	677698	93.6207
Angelina	4	677702	93.6213
Angelo	4	677706	93.6218
Annaplein	4	677710	93.6224
Apparently	4	677714	93.6229
Ardennen	4	677718	93.6235
Arrived	4	677722	93.624
AskNow	4	677726	93.6246
Aske	4	677730	93.6252
Auw	4	677734	93.6257
Avond	4	677738	93.6263
Avondje	4	677742	93.6268
B.	4	677746	93.6274
BB	4	677750	93.6279
Back	4	677754	93.6285
Baddie	4	677758	93.629
Barbara	4	677762	93.6296
Baukje	4	677766	93.6301
Beats	4	677770	93.6307
Bedenk	4	677774	93.6312
Begrijpelijk	4	677778	93.6318
Behalve	4	677782	93.6323
Beide	4	677786	93.6329
Bende	4	677790	93.6334
Bert	4	677794	93.634
Bertine	4	677798	93.6345
Bestaat	4	677802	93.6351
Bestel	4	677806	93.6357
Beugel	4	677810	93.6362
Bevalt	4	677814	93.6368
Bewaar	4	677818	93.6373
Bien	4	677822	93.6379
Bijzonder	4	677826	93.6384
Birthday	4	677830	93.639
Bleg	4	677834	93.6395
Bo	4	677838	93.6401
Boer	4	677842	93.6406
Bolle	4	677846	93.6412
Bollie	4	677850	93.6417
Bonjour	4	677854	93.6423
Brian	4	677858	93.6428
Broodje	4	677862	93.6434
Bruiloft	4	677866	93.6439
Budget	4	677870	93.6445
Buiten	4	677874	93.645
Busy	4	677878	93.6456
By	4	677882	93.6461
CD	4	677886	93.6467
Canada	4	677890	93.6473
Centraal	4	677894	93.6478
Charles	4	677898	93.6484
Cheers	4	677902	93.6489
Chen	4	677906	93.6495
City	4	677910	93.65
Clancy's	4	677914	93.6506
Considering	4	677918	93.6511
Corinne	4	677922	93.6517
Crap	4	677926	93.6522
Currently	4	677930	93.6528
Céderik	4	677934	93.6533
Dankuuuu	4	677938	93.6539
Deed	4	677942	93.6544
Denkt	4	677946	93.655
Depends	4	677950	93.6555
Derna	4	677954	93.6561
Des	4	677958	93.6566
Dienst	4	677962	93.6572
Dinsdagavond	4	677966	93.6578
Directeur	4	677970	93.6583
Doh	4	677974	93.6589
Dr.	4	677978	93.6594
Draeck	4	677982	93.66
Drama	4	677986	93.6605
Drinks	4	677990	93.6611
Drukte	4	677994	93.6616
Drunen	4	677998	93.6622
Dude	4	678002	93.6627
EMAIL	4	678006	93.6633
EN	4	678010	93.6638
Edinburgh	4	678014	93.6644
Eela	4	678018	93.6649
Elk	4	678022	93.6655
Espla	4	678026	93.666
Etten-Leur	4	678030	93.6666
Eur	4	678034	93.6671
Ewout	4	678038	93.6677
FYI	4	678042	93.6683
Feeling	4	678046	93.6688
Femke	4	678050	93.6694
Fietsen	4	678054	93.6699
Filip	4	678058	93.6705
Fons	4	678062	93.671
Gdoetjes	4	678066	93.6716
Gear	4	678070	93.6721
Gelijk	4	678074	93.6727
Genieten	4	678078	93.6732
Genk	4	678082	93.6738
Genoeg	4	678086	93.6743
George	4	678090	93.6749
Germans	4	678094	93.6754
Geslaagd	4	678098	93.676
Getting	4	678102	93.6765
Glee	4	678106	93.6771
Gn	4	678110	93.6776
God	4	678114	93.6782
Goedele	4	678118	93.6788
Goesting	4	678122	93.6793
Gohja	4	678126	93.6799
Goodnight	4	678130	93.6804
Grrrr	4	678134	93.681
Grts	4	678138	93.6815
HC	4	678142	93.6821
HD	4	678146	93.6826
HEEL	4	678150	93.6832
Haa	4	678154	93.6837
Halte	4	678158	93.6843
Han	4	678162	93.6848
Heei	4	678166	93.6854
Hell	4	678170	93.6859
Hellevoet	4	678174	93.6865
Hooooi	4	678178	93.687
Houdt	4	678182	93.6876
Hulp	4	678186	93.6881
IS	4	678190	93.6887
Ineke	4	678194	93.6893
Ingeborg	4	678198	93.6898
Irish	4	678202	93.6904
Istanbul	4	678206	93.6909
Italiaans	4	678210	93.6915
Ivo	4	678214	93.692
JA	4	678218	93.6926
JB	4	678222	93.6931
JM	4	678226	93.6937
Jaaaaaa	4	678230	93.6942
Jacqueline	4	678234	93.6948
Jahoor	4	678238	93.6953
Jamesken	4	678242	93.6959
Janine	4	678246	93.6964
Jansen	4	678250	93.697
Jeuh	4	678254	93.6975
Jieter	4	678258	93.6981
Jim	4	678262	93.6986
Joah	4	678266	93.6992
Joan	4	678270	93.6997
Jokos	4	678274	93.7003
Jose	4	678278	93.7009
Jot	4	678282	93.7014
Joy	4	678286	93.702
Jozef	4	678290	93.7025
KAPOT	4	678294	93.7031
Kalvin	4	678298	93.7036
Karen	4	678302	93.7042
Katrin	4	678306	93.7047
Kay	4	678310	93.7053
Kees	4	678314	93.7058
Kemal	4	678318	93.7064
Kende	4	678322	93.7069
Khou	4	678326	93.7075
Kick	4	678330	93.708
Kids	4	678334	93.7086
Kijkt	4	678338	93.7091
King	4	678342	93.7097
Koers	4	678346	93.7102
Kong	4	678350	93.7108
Korenmarkt	4	678354	93.7114
Kpeis	4	678358	93.7119
Kusjeee	4	678362	93.7125
Kweetni	4	678366	93.713
Kwn	4	678370	93.7136
Kwou	4	678374	93.7141
LG	4	678378	93.7147
Landgraaf	4	678382	93.7152
Lasagne	4	678386	93.7158
Laureen	4	678390	93.7163
Leaving	4	678394	93.7169
Leeft	4	678398	93.7174
Les	4	678402	93.718
Lets	4	678406	93.7185
Lex	4	678410	93.7191
Liefste	4	678414	93.7196
Looking	4	678418	93.7202
Lui	4	678422	93.7207
Lust	4	678426	93.7213
Luv	4	678430	93.7219
Maarja	4	678434	93.7224
Maart	4	678438	93.723
MacBook	4	678442	93.7235
Maddy	4	678446	93.7241
Maestro	4	678450	93.7246
Manman	4	678454	93.7252
Marlon	4	678458	93.7257
Mayka	4	678462	93.7263
McDonald's	4	678466	93.7268
Mensen	4	678470	93.7274
Merelbeke	4	678474	93.7279
Merk	4	678478	93.7285
Michalak	4	678482	93.729
Michele	4	678486	93.7296
Milan	4	678490	93.7301
Mitchaux	4	678494	93.7307
Mo	4	678498	93.7312
Moeders	4	678502	93.7318
Mogelijk	4	678506	93.7324
Momentje	4	678510	93.7329
Myn	4	678514	93.7335
NIET	4	678518	93.734
Naam	4	678522	93.7346
Nederlanders	4	678526	93.7351
Neeee	4	678530	93.7357
Netjes	4	678534	93.7362
Never	4	678538	93.7368
Nico	4	678542	93.7373
Nietes	4	678546	93.7379
Nijmeegse	4	678550	93.7384
Ninja	4	678554	93.739
Nja	4	678558	93.7395
Njam	4	678562	93.7401
Noami	4	678566	93.7406
Nogal	4	678570	93.7412
Nora	4	678574	93.7417
OAD	4	678578	93.7423
Oeee	4	678582	93.7429
Oela	4	678586	93.7434
Oepsie	4	678590	93.744
Ohh	4	678594	93.7445
Oi	4	678598	93.7451
Omnom	4	678602	93.7456
Onee	4	678606	93.7462
Ong	4	678610	93.7467
Only	4	678614	93.7473
Ontvang	4	678618	93.7478
Oooo	4	678622	93.7484
Operatie	4	678626	93.7489
Opt	4	678630	93.7495
Oranje	4	678634	93.75
Orf	4	678638	93.7506
Ouwe	4	678642	93.7511
Owja	4	678646	93.7517
PSV	4	678650	93.7522
Pepijn	4	678654	93.7528
Per	4	678658	93.7534
Philippe	4	678662	93.7539
Pierre	4	678666	93.7545
Pieters	4	678670	93.755
Pillie	4	678674	93.7556
Pisa	4	678678	93.7561
Pittig	4	678682	93.7567
Polly	4	678686	93.7572
Ppm	4	678690	93.7578
Proberen	4	678694	93.7583
Pukkelpop	4	678698	93.7589
Queen	4	678702	93.7594
Queens	4	678706	93.76
RM	4	678710	93.7605
Raarrr	4	678714	93.7611
Rashmi	4	678718	93.7616
Ready	4	678722	93.7622
Recht	4	678726	93.7627
Rechts	4	678730	93.7633
Renata	4	678734	93.7638
Restaurant	4	678738	93.7644
Right	4	678742	93.765
Rijdt	4	678746	93.7655
Rinus	4	678750	93.7661
Rode	4	678754	93.7666
Roy	4	678758	93.7672
Rutuja	4	678762	93.7677
SQ	4	678766	93.7683
Same	4	678770	93.7688
Samson	4	678774	93.7694
Santiago	4	678778	93.7699
Schaam	4	678782	93.7705
Scheelt	4	678786	93.771
Scheveningen	4	678790	93.7716
Schikt	4	678794	93.7721
Schoten	4	678798	93.7727
Scriptie	4	678802	93.7732
Selma	4	678806	93.7738
Sgoe	4	678810	93.7743
Shall	4	678814	93.7749
Sinds	4	678818	93.7755
Sjoerd	4	678822	93.776
Sjorsmeister	4	678826	93.7766
Sleutel	4	678830	93.7771
Sollicitatie	4	678834	93.7777
Sonja	4	678838	93.7782
Sophie	4	678842	93.7788
Spaans	4	678846	93.7793
Speciaal	4	678850	93.7799
Spits	4	678854	93.7804
Stad	4	678858	93.781
Stage	4	678862	93.7815
Stapel	4	678866	93.7821
Starbucks	4	678870	93.7826
Start	4	678874	93.7832
Stoppen	4	678878	93.7837
Strak	4	678882	93.7843
StructuurCie	4	678886	93.7848
Studeer	4	678890	93.7854
Studeren	4	678894	93.786
Stupid	4	678898	93.7865
Succeskusje	4	678902	93.7871
Superlief	4	678906	93.7876
Swalmen	4	678910	93.7882
Sybo	4	678914	93.7887
T.	4	678918	93.7893
TE	4	678922	93.7898
TNO	4	678926	93.7904
Tess	4	678930	93.7909
Tga	4	678934	93.7915
Theeft	4	678938	93.792
Thought	4	678942	93.7926
Ti's	4	678946	93.7931
Tjits	4	678950	93.7937
Tommy	4	678954	93.7942
Tralalala	4	678958	93.7948
Troela	4	678962	93.7953
Trws	4	678966	93.7959
Tschuss	4	678970	93.7965
Tschüss	4	678974	93.797
Tssk	4	678978	93.7976
Tu	4	678982	93.7981
Tv	4	678986	93.7987
Twijfel	4	678990	93.7992
University	4	678994	93.7998
Update	4	678998	93.8003
VERJAARDAG	4	679002	93.8009
Vanochtend	4	679006	93.8014
Vanuit	4	679010	93.802
Ventoux	4	679014	93.8025
Verbinding	4	679018	93.8031
Verrassing	4	679022	93.8036
Vertrokken	4	679026	93.8042
Vette	4	679030	93.8047
Vielen	4	679034	93.8053
Vietnam	4	679038	93.8058
Vincent	4	679042	93.8064
Vlucht	4	679046	93.807
Vnv	4	679050	93.8075
Volendam	4	679054	93.8081
Vonden	4	679058	93.8086
Voorstel	4	679062	93.8092
Vreselijk	4	679066	93.8097
WTF	4	679070	93.8103
Waarde	4	679074	93.8108
Waarmee	4	679078	93.8114
Waarop	4	679082	93.8119
Waarvoor	4	679086	93.8125
Wait	4	679090	93.813
Warme	4	679094	93.8136
Watje	4	679098	93.8141
Wednesday	4	679102	93.8147
Werkt	4	679106	93.8152
Weten	4	679110	93.8158
Whaaa	4	679114	93.8163
Wifi	4	679118	93.8169
Wii	4	679122	93.8174
Wijs	4	679126	93.818
Woman	4	679130	93.8186
Woohoo	4	679134	93.8191
Woops	4	679138	93.8197
Woow	4	679142	93.8202
World	4	679146	93.8208
Wouters	4	679150	93.8213
Wr	4	679154	93.8219
Wreed	4	679158	93.8224
Wè	4	679162	93.823
XM	4	679166	93.8235
Xc	4	679170	93.8241
Xxxxxxxxxxxxx	4	679174	93.8246
Yours	4	679178	93.8252
Yvon	4	679182	93.8257
ZA	4	679186	93.8263
Za	4	679190	93.8268
Zielig	4	679194	93.8274
Zodra	4	679198	93.8279
Zoe	4	679202	93.8285
Zuid	4	679206	93.8291
Zutphen	4	679210	93.8296
Zweeds	4	679214	93.8302
]	4	679218	93.8307
aaie	4	679222	93.8313
aan't	4	679226	93.8318
aangedaan	4	679230	93.8324
aangeraden	4	679234	93.8329
aangeven	4	679238	93.8335
aangevraagd	4	679242	93.834
aanhang	4	679246	93.8346
aankomend	4	679250	93.8351
aankomsttijd	4	679254	93.8357
aanpakken	4	679258	93.8362
aantekeningen	4	679262	93.8368
aanvallen	4	679266	93.8373
aanwinst	4	679270	93.8379
aapje	4	679274	93.8384
aardbei	4	679278	93.839
achterbank	4	679282	93.8396
achterkant	4	679286	93.8401
achterlaten	4	679290	93.8407
achterlijk	4	679294	93.8412
achteruit	4	679298	93.8418
adapter	4	679302	93.8423
advocaat	4	679306	93.8429
aex	4	679310	93.8434
afgooien	4	679314	93.844
afhaker	4	679318	93.8445
afhangen	4	679322	93.8451
afkijken	4	679326	93.8456
afkomt	4	679330	93.8462
afwezig	4	679334	93.8467
ajb	4	679338	93.8473
allerleukste	4	679342	93.8478
allermooiste	4	679346	93.8484
allijk	4	679350	93.8489
allé	4	679354	93.8495
alom	4	679358	93.8501
altij	4	679362	93.8506
ambassade	4	679366	93.8512
ambetant	4	679370	93.8517
amstel	4	679374	93.8523
amusement	4	679378	93.8528
analyseren	4	679382	93.8534
anderlecht	4	679386	93.8539
anniek	4	679390	93.8545
answer	4	679394	93.855
anton	4	679398	93.8556
apen	4	679402	93.8561
appartementje	4	679406	93.8567
appeltaart	4	679410	93.8572
appie	4	679414	93.8578
apple	4	679418	93.8583
applicatie	4	679422	93.8589
area	4	679426	93.8594
arena	4	679430	93.86
arjen	4	679434	93.8606
arrogant	4	679438	93.8611
arts	4	679442	93.8617
assen	4	679446	93.8622
automatische	4	679450	93.8628
autostrade	4	679454	93.8633
aveve	4	679458	93.8639
avondles	4	679462	93.8644
avonturen	4	679466	93.865
avontuur	4	679470	93.8655
azzuri	4	679474	93.8661
baafs	4	679478	93.8666
baar	4	679482	93.8672
baard	4	679486	93.8677
babbel	4	679490	93.8683
babysit	4	679494	93.8688
bacchus	4	679498	93.8694
badminton	4	679502	93.8699
bars	4	679506	93.8705
barshi	4	679510	93.871
basically	4	679514	93.8716
basis	4	679518	93.8722
batt	4	679522	93.8727
beachen	4	679526	93.8733
beantwoord	4	679530	93.8738
beantwoorden	4	679534	93.8744
bedraagt	4	679538	93.8749
bedrijven	4	679542	93.8755
beenhesp	4	679546	93.876
begeleider	4	679550	93.8766
begeleiders	4	679554	93.8771
bek	4	679558	93.8777
belasting	4	679562	93.8782
bellers	4	679566	93.8788
belminuten	4	679570	93.8793
benzine	4	679574	93.8799
bepaalde	4	679578	93.8804
beperkt	4	679582	93.881
beschadigde	4	679586	93.8815
beslist	4	679590	93.8821
beteren	4	679594	93.8827
betwijfel	4	679598	93.8832
bewonderen	4	679602	93.8838
bezichtiging	4	679606	93.8843
bezwaar	4	679610	93.8849
bezwaren	4	679614	93.8854
bi	4	679618	93.886
bidden	4	679622	93.8865
biefstuk	4	679626	93.8871
bijkeuken	4	679630	93.8876
bijlage	4	679634	93.8882
biologisch	4	679638	93.8887
bitterballen	4	679642	93.8893
blabla	4	679646	93.8898
blanca	4	679650	93.8904
blazen	4	679654	93.8909
blijer	4	679658	93.8915
blood	4	679662	93.892
blyft	4	679666	93.8926
blz	4	679670	93.8932
boarding	4	679674	93.8937
boat	4	679678	93.8943
boe	4	679682	93.8948
boekjes	4	679686	93.8954
boer	4	679690	93.8959
boffen	4	679694	93.8965
boiler	4	679698	93.897
bok	4	679702	93.8976
bolle	4	679706	93.8981
bollen	4	679710	93.8987
boog	4	679714	93.8992
booked	4	679718	93.8998
borreltje	4	679722	93.9003
bosbrand	4	679726	93.9009
bouw	4	679730	93.9014
bovendien	4	679734	93.902
boyke	4	679738	93.9025
brakke	4	679742	93.9031
brandt	4	679746	93.9037
brave	4	679750	93.9042
breken	4	679754	93.9048
broeder	4	679758	93.9053
broers	4	679762	93.9059
brokken	4	679766	93.9064
buddy	4	679770	93.907
budget	4	679774	93.9075
building	4	679778	93.9081
buis	4	679782	93.9086
bummer	4	679786	93.9092
bunker	4	679790	93.9097
busstation	4	679794	93.9103
bèn	4	679798	93.9108
cabaret	4	679802	93.9114
cake	4	679806	93.9119
camille	4	679810	93.9125
cant	4	679814	93.913
cantussen	4	679818	93.9136
casa	4	679822	93.9142
catch	4	679826	93.9147
chagrijnig	4	679830	93.9153
chai	4	679834	93.9158
cheques	4	679838	93.9164
chillings	4	679842	93.9169
chip	4	679846	93.9175
chique	4	679850	93.918
cindy	4	679854	93.9186
claimen	4	679858	93.9191
class	4	679862	93.9197
clothes	4	679866	93.9202
colleague	4	679870	93.9208
collectie	4	679874	93.9213
compensatie	4	679878	93.9219
conditie	4	679882	93.9224
conducteur	4	679886	93.923
constant	4	679890	93.9235
container	4	679894	93.9241
copy	4	679898	93.9247
corrie	4	679902	93.9252
couple	4	679906	93.9258
coördinatiechemie	4	679910	93.9263
cs	4	679914	93.9269
ct	4	679918	93.9274
cultuur	4	679922	93.928
daan	4	679926	93.9285
daarjuist	4	679930	93.9291
dattem	4	679934	93.9296
datumprikker	4	679938	93.9302
days	4	679942	93.9307
ddl	4	679946	93.9313
dead	4	679950	93.9318
deden	4	679954	93.9324
defect	4	679958	93.9329
deftig	4	679962	93.9335
denkik	4	679966	93.934
derjust	4	679970	93.9346
dessertbuffet	4	679974	93.9351
destijds	4	679978	93.9357
detail	4	679982	93.9363
dichtste	4	679986	93.9368
diegene	4	679990	93.9374
diene	4	679994	93.9379
dierentuin	4	679998	93.9385
differences	4	680002	93.939
dingetje	4	680006	93.9396
dipje	4	680010	93.9401
direction	4	680014	93.9407
dispuut	4	680018	93.9412
dispuutsgenoot	4	680022	93.9418
docs	4	680026	93.9423
doek	4	680030	93.9429
doin	4	680034	93.9434
doorbrengen	4	680038	93.944
doordeweeks	4	680042	93.9445
doordoen	4	680046	93.9451
doorgegaan	4	680050	93.9456
doorgekomen	4	680054	93.9462
dorpsfeest	4	680058	93.9468
douane	4	680062	93.9473
downstairs	4	680066	93.9479
draag	4	680070	93.9484
dranktent	4	680074	93.949
dress	4	680078	93.9495
drogen	4	680082	93.9501
druppels	4	680086	93.9506
dt	4	680090	93.9512
dublin	4	680094	93.9517
duidelijke	4	680098	93.9523
duizend	4	680102	93.9528
duurder	4	680106	93.9534
dwars	4	680110	93.9539
dàn	4	680114	93.9545
délice	4	680118	93.955
each	4	680122	93.9556
eddy	4	680126	93.9561
eer	4	680130	93.9567
ehv	4	680134	93.9573
eieren	4	680138	93.9578
eigenaar	4	680142	93.9584
either	4	680146	93.9589
eitje	4	680150	93.9595
elien	4	680154	93.96
eline	4	680158	93.9606
emmer	4	680162	93.9611
engeltke	4	680166	93.9617
enjoy	4	680170	93.9622
enquete	4	680174	93.9628
enschede	4	680178	93.9633
enter	4	680182	93.9639
enthousiasme	4	680186	93.9644
entreprise	4	680190	93.965
enz	4	680194	93.9655
ergste	4	680198	93.9661
erwtensoep	4	680202	93.9666
est	4	680206	93.9672
euhm	4	680210	93.9678
evenement	4	680214	93.9683
evil	4	680218	93.9689
experimenten	4	680222	93.9694
face	4	680226	93.97
familiedag	4	680230	93.9705
fancy	4	680234	93.9711
fantasie	4	680238	93.9716
fast	4	680242	93.9722
ferm	4	680246	93.9727
fien	4	680250	93.9733
fietstocht	4	680254	93.9738
fifteen	4	680258	93.9744
fijner	4	680262	93.9749
financieel	4	680266	93.9755
flash	4	680270	93.976
folders	4	680274	93.9766
forfait	4	680278	93.9771
fotograaf	4	680282	93.9777
fotoshoot	4	680286	93.9783
frietkot	4	680290	93.9788
frisser	4	680294	93.9794
fruitsap	4	680298	93.9799
ftw	4	680302	93.9805
functie	4	680306	93.981
galerij	4	680310	93.9816
gall	4	680314	93.9821
gecondoleerd	4	680318	93.9827
gecontroleerd	4	680322	93.9832
gedeeltelijk	4	680326	93.9838
gedrag	4	680330	93.9843
geel	4	680334	93.9849
gegund	4	680338	93.9854
gehakt	4	680342	93.986
geht's	4	680346	93.9865
geile	4	680350	93.9871
gekend	4	680354	93.9876
gekkenhuis	4	680358	93.9882
gekker	4	680362	93.9887
gekund	4	680366	93.9893
gekust	4	680370	93.9899
gelooft	4	680374	93.9904
gelukkigen	4	680378	93.991
gemakje	4	680382	93.9915
gemeente	4	680386	93.9921
geniale	4	680390	93.9926
geopereerd	4	680394	93.9932
gepast	4	680398	93.9937
gepleegd	4	680402	93.9943
geprint	4	680406	93.9948
gered	4	680410	93.9954
gereedschap	4	680414	93.9959
gerend	4	680418	93.9965
gescheurd	4	680422	93.997
geschiedenis	4	680426	93.9976
gesmeten	4	680430	93.9981
gesprekken	4	680434	93.9987
gestapt	4	680438	93.9992
gestemd	4	680442	93.9998
gestreken	4	680446	94.0004
getuige	4	680450	94.0009
getypt	4	680454	94.0015
gevangen	4	680458	94.002
gewaardeerd	4	680462	94.0026
gewandeld	4	680466	94.0031
gewijzigd	4	680470	94.0037
gewist	4	680474	94.0042
gewond	4	680478	94.0048
geïnstalleerd	4	680482	94.0053
geïnteresseerd	4	680486	94.0059
ghb	4	680490	94.0064
giet	4	680494	94.007
gigantische	4	680498	94.0075
glad	4	680502	94.0081
goei	4	680506	94.0086
gozer	4	680510	94.0092
graad	4	680514	94.0097
grapjes	4	680518	94.0103
grijze	4	680522	94.0109
groente	4	680526	94.0114
groepje	4	680530	94.012
groepsraad	4	680534	94.0125
grotendeels	4	680538	94.0131
guusts	4	680542	94.0136
gwendoline	4	680546	94.0142
haande	4	680550	94.0147
halfjaar	4	680554	94.0153
hambo's	4	680558	94.0158
handbagage	4	680562	94.0164
handel	4	680566	94.0169
happen	4	680570	94.0175
happened	4	680574	94.018
heavy	4	680578	94.0186
hebk	4	680582	94.0191
hectische	4	680586	94.0197
heeeeel	4	680590	94.0202
heeel	4	680594	94.0208
heelhuids	4	680598	94.0214
heide	4	680602	94.0219
hein	4	680606	94.0225
heks	4	680610	94.023
helaasch	4	680614	94.0236
hersentumor	4	680618	94.0241
hielp	4	680622	94.0247
hierna	4	680626	94.0252
hiervoor	4	680630	94.0258
hobbelen	4	680634	94.0263
hockeyen	4	680638	94.0269
holiday	4	680642	94.0274
hollandse	4	680646	94.028
homo	4	680650	94.0285
honden	4	680654	94.0291
hood	4	680658	94.0296
hoofdstukken	4	680662	94.0302
hoogste	4	680666	94.0307
hooguit	4	680670	94.0313
hoopte	4	680674	94.0319
hoorden	4	680678	94.0324
hopduvel	4	680682	94.033
horloge	4	680686	94.0335
how's	4	680690	94.0341
hp	4	680694	94.0346
huidige	4	680698	94.0352
huissleutel	4	680702	94.0357
huize	4	680706	94.0363
humo	4	680710	94.0368
hyves	4	680714	94.0374
ice	4	680718	94.0379
ietwat	4	680722	94.0385
ijzerwake	4	680726	94.039
ikzelf	4	680730	94.0396
il	4	680734	94.0401
inchecken	4	680738	94.0407
indeed	4	680742	94.0412
indienen	4	680746	94.0418
indrukwekkend	4	680750	94.0423
ingecheckt	4	680754	94.0429
ingehaald	4	680758	94.0435
ingesteld	4	680762	94.044
ingezet	4	680766	94.0446
ingredienten	4	680770	94.0451
inhoud	4	680774	94.0457
initiatief	4	680778	94.0462
inkom	4	680782	94.0468
inleiding	4	680786	94.0473
inloggegevens	4	680790	94.0479
inorbit	4	680794	94.0484
installeren	4	680798	94.049
intake	4	680802	94.0495
internetten	4	680806	94.0501
invoeren	4	680810	94.0506
irc	4	680814	94.0512
issie	4	680818	94.0517
italie	4	680822	94.0523
jaarbeurs	4	680826	94.0528
janken	4	680830	94.0534
jaszak	4	680834	94.054
jawalakhel	4	680838	94.0545
jawel	4	680842	94.0551
jep	4	680846	94.0556
jobbeurs	4	680850	94.0562
joined	4	680854	94.0567
joor	4	680858	94.0573
jorien	4	680862	94.0578
jos	4	680866	94.0584
joy	4	680870	94.0589
jubileum	4	680874	94.0595
juf	4	680878	94.06
junior	4	680882	94.0606
kalkoen	4	680886	94.0611
kandidaat	4	680890	94.0617
kannek	4	680894	94.0622
karaoke	4	680898	94.0628
kasticketjes	4	680902	94.0633
katertje	4	680906	94.0639
katje	4	680910	94.0645
kend	4	680914	94.065
kennende	4	680918	94.0656
kenzo	4	680922	94.0661
ketting	4	680926	94.0667
keulen	4	680930	94.0672
kiado	4	680934	94.0678
kier	4	680938	94.0683
kirsten	4	680942	94.0689
klaarleggen	4	680946	94.0694
klaarzetten	4	680950	94.07
klaat	4	680954	94.0705
kleertjes	4	680958	94.0711
kleinere	4	680962	94.0716
kleintje	4	680966	94.0722
knappen	4	680970	94.0727
knopen	4	680974	94.0733
koffiepauze	4	680978	94.0738
konijn	4	680982	94.0744
konijntjes	4	680986	94.075
kookteam	4	680990	94.0755
koppen	4	680994	94.0761
koptelefoon	4	680998	94.0766
kortom	4	681002	94.0772
kraamvisite	4	681006	94.0777
kracht	4	681010	94.0783
krantje	4	681014	94.0788
kratje	4	681018	94.0794
krentenbollen	4	681022	94.0799
kringweekend	4	681026	94.0805
kstuur	4	681030	94.081
kurla	4	681034	94.0816
kust	4	681038	94.0821
kweetni	4	681042	94.0827
kwijtgeraakt	4	681046	94.0832
labo	4	681050	94.0838
lacanau	4	681054	94.0843
lager	4	681058	94.0849
lampen	4	681062	94.0855
lampiris	4	681066	94.086
langsbrengen	4	681070	94.0866
langste	4	681074	94.0871
lastiger	4	681078	94.0877
layout	4	681082	94.0882
leerzaam	4	681086	94.0888
leiderscursus	4	681090	94.0893
lens	4	681094	94.0899
lente	4	681098	94.0904
leon	4	681102	94.091
lever	4	681106	94.0915
lib	4	681110	94.0921
lichte	4	681114	94.0926
lichtervelde	4	681118	94.0932
lied	4	681122	94.0937
liefjes	4	681126	94.0943
liefke	4	681130	94.0948
lieven	4	681134	94.0954
lieverdje	4	681138	94.096
likjes	4	681142	94.0965
lille	4	681146	94.0971
linde	4	681150	94.0976
linkerkant	4	681154	94.0982
linking	4	681158	94.0987
lippen	4	681162	94.0993
lisettes	4	681166	94.0998
literatuurstudie	4	681170	94.1004
lobby	4	681174	94.1009
lodewijkscollege	4	681178	94.1015
loggen	4	681182	94.102
logisch	4	681186	94.1026
loket	4	681190	94.1031
loos	4	681194	94.1037
loslaten	4	681198	94.1042
luchtbed	4	681202	94.1048
luid	4	681206	94.1053
lumen	4	681210	94.1059
lunchpauze	4	681214	94.1064
lunetten	4	681218	94.107
lyk	4	681222	94.1076
m.	4	681226	94.1081
maastricht	4	681230	94.1087
machen	4	681234	94.1092
machinist	4	681238	94.1098
macht	4	681242	94.1103
machtig	4	681246	94.1109
madam	4	681250	94.1114
maffen	4	681254	94.112
makes	4	681258	94.1125
malad	4	681262	94.1131
malderen	4	681266	94.1136
mall	4	681270	94.1142
mand	4	681274	94.1147
manneke	4	681278	94.1153
mapje	4	681282	94.1158
margriet	4	681286	94.1164
marian	4	681290	94.1169
martijn	4	681294	94.1175
maten	4	681298	94.1181
materie	4	681302	94.1186
matthijs	4	681306	94.1192
maxim	4	681310	94.1197
mayo	4	681314	94.1203
meant	4	681318	94.1208
mededeling	4	681322	94.1214
medische	4	681326	94.1219
meedoet	4	681330	94.1225
meegemaakt	4	681334	94.123
meende	4	681338	94.1236
meeneme	4	681342	94.1241
meepakkn	4	681346	94.1247
merkt	4	681350	94.1252
meters	4	681354	94.1258
meubels	4	681358	94.1263
mi	4	681362	94.1269
mich	4	681366	94.1274
middagje	4	681370	94.128
middagpauze	4	681374	94.1286
middenin	4	681378	94.1291
mietjes	4	681382	94.1297
mik	4	681386	94.1302
minor	4	681390	94.1308
miserie	4	681394	94.1313
mixer	4	681398	94.1319
mjammie	4	681402	94.1324
mm	4	681406	94.133
model	4	681410	94.1335
moeizaam	4	681414	94.1341
mogelyk	4	681418	94.1346
money	4	681422	94.1352
monique	4	681426	94.1357
monk	4	681430	94.1363
mooiere	4	681434	94.1368
mopje	4	681438	94.1374
move	4	681442	94.1379
moving	4	681446	94.1385
mt	4	681450	94.1391
muggen	4	681454	94.1396
muis	4	681458	94.1402
mundial	4	681462	94.1407
muse	4	681466	94.1413
music	4	681470	94.1418
musketiers	4	681474	94.1424
naakt	4	681478	94.1429
nadien	4	681482	94.1435
nagels	4	681486	94.144
napraten	4	681490	94.1446
nasi	4	681494	94.1451
natte	4	681498	94.1457
navigator	4	681502	94.1462
navigeren	4	681506	94.1468
navragen	4	681510	94.1473
netwerken	4	681514	94.1479
njet	4	681518	94.1484
nmbs	4	681522	94.149
nous	4	681526	94.1496
nu.nl	4	681530	94.1501
nwe	4	681534	94.1507
obviously	4	681538	94.1512
od	4	681542	94.1518
often	4	681546	94.1523
oldenzaal	4	681550	94.1529
oliebollen	4	681554	94.1534
olijven	4	681558	94.154
olé	4	681562	94.1545
oma's	4	681566	94.1551
omdak	4	681570	94.1556
omlaag	4	681574	94.1562
onaardig	4	681578	94.1567
once	4	681582	94.1573
onderdeel	4	681586	94.1578
onduidelijkheid	4	681590	94.1584
ongeduldig	4	681594	94.1589
ongelofelijk	4	681598	94.1595
onnozele	4	681602	94.16
onschuldig	4	681606	94.1606
ontdekken	4	681610	94.1612
oogje	4	681614	94.1617
oogjes	4	681618	94.1623
oops	4	681622	94.1628
opgehouden	4	681626	94.1634
opgeladen	4	681630	94.1639
opgeschreven	4	681634	94.1645
opgevangen	4	681638	94.165
opjagen	4	681642	94.1656
oppakken	4	681646	94.1661
oppas	4	681650	94.1667
opstarten	4	681654	94.1672
opties	4	681658	94.1678
opwachten	4	681662	94.1683
opzij	4	681666	94.1689
oren	4	681670	94.1694
origineel	4	681674	94.17
others	4	681678	94.1705
oudjes	4	681682	94.1711
outfit	4	681686	94.1717
overbodig	4	681690	94.1722
overeen	4	681694	94.1728
overeenkomst	4	681698	94.1733
overgegeven	4	681702	94.1739
overgeschreven	4	681706	94.1744
overhemd	4	681710	94.175
overleef	4	681714	94.1755
overpoort	4	681718	94.1761
overtroffen	4	681722	94.1766
overvallen	4	681726	94.1772
overzicht	4	681730	94.1777
pagina's	4	681734	94.1783
pakket	4	681738	94.1788
paniek	4	681742	94.1794
panos	4	681746	94.1799
paperen	4	681750	94.1805
papers	4	681754	94.181
passe	4	681758	94.1816
patje	4	681762	94.1822
pdf	4	681766	94.1827
pennen	4	681770	94.1833
peptalk	4	681774	94.1838
perfecte	4	681778	94.1844
perongeluk	4	681782	94.1849
person	4	681786	94.1855
phd	4	681790	94.186
piano	4	681794	94.1866
piano's	4	681798	94.1871
piepen	4	681802	94.1877
pijnlijk	4	681806	94.1882
pilates	4	681810	94.1888
pinnen	4	681814	94.1893
pirates	4	681818	94.1899
pitch	4	681822	94.1904
plaatsje	4	681826	94.191
plas	4	681830	94.1915
player	4	681834	94.1921
playing	4	681838	94.1927
plegen	4	681842	94.1932
pm	4	681846	94.1938
poetsen	4	681850	94.1943
poezen	4	681854	94.1949
polo	4	681858	94.1954
polsen	4	681862	94.196
poolen	4	681866	94.1965
poort	4	681870	94.1971
populair	4	681874	94.1976
port	4	681878	94.1982
portugal	4	681882	94.1987
postcode	4	681886	94.1993
postersessie	4	681890	94.1998
postvakje	4	681894	94.2004
power	4	681898	94.2009
praesidiumlokaal	4	681902	94.2015
praktijk	4	681906	94.202
praktische	4	681910	94.2026
price	4	681914	94.2032
prik	4	681918	94.2037
prioriteiten	4	681922	94.2043
productieve	4	681926	94.2048
prof	4	681930	94.2054
promotie	4	681934	94.2059
pubkwis	4	681938	94.2065
puik	4	681942	94.207
quality	4	681946	94.2076
question	4	681950	94.2081
quote	4	681954	94.2087
raakt	4	681958	94.2092
raincheck	4	681962	94.2098
ramen	4	681966	94.2103
rats	4	681970	94.2109
rauw	4	681974	94.2114
reclame	4	681978	94.212
regeling	4	681982	94.2125
regelmatig	4	681986	94.2131
regelt	4	681990	94.2136
rek	4	681994	94.2142
rekeningnr	4	681998	94.2148
rekenmachine	4	682002	94.2153
rellen	4	682006	94.2159
resterend	4	682010	94.2164
resultaten	4	682014	94.217
richard	4	682018	94.2175
rijexamen	4	682022	94.2181
ringen	4	682026	94.2186
ritme	4	682030	94.2192
rob	4	682034	94.2197
robinson	4	682038	94.2203
rommel	4	682042	94.2208
rondkijken	4	682046	94.2214
rose	4	682050	94.2219
ru	4	682054	94.2225
ruben	4	682058	94.223
ruikt	4	682062	94.2236
rum	4	682066	94.2241
runs	4	682070	94.2247
sabbe	4	682074	94.2253
said	4	682078	94.2258
saldo	4	682082	94.2264
sander	4	682086	94.2269
sat	4	682090	94.2275
scannen	4	682094	94.228
schatjes	4	682098	94.2286
schattebol	4	682102	94.2291
schatteke	4	682106	94.2297
schatting	4	682110	94.2302
scheuren	4	682114	94.2308
schijven	4	682118	94.2313
schimmel	4	682122	94.2319
schoen	4	682126	94.2324
schoolwerk	4	682130	94.233
schoonbroer	4	682134	94.2335
schoonzusje	4	682138	94.2341
schraal	4	682142	94.2346
schuldig	4	682146	94.2352
schuren	4	682150	94.2358
scripting	4	682154	94.2363
sebiets	4	682158	94.2369
seems	4	682162	94.2374
sept.	4	682166	94.238
series	4	682170	94.2385
shame	4	682174	94.2391
shana	4	682178	94.2396
shine	4	682182	94.2402
shoarma	4	682186	94.2407
shopke	4	682190	94.2413
short	4	682194	94.2418
shot	4	682198	94.2424
simpele	4	682202	94.2429
sitting	4	682206	94.2435
sjakos	4	682210	94.244
sjorren	4	682214	94.2446
ski	4	682218	94.2451
skills	4	682222	94.2457
skip	4	682226	94.2463
skippen	4	682230	94.2468
skiën	4	682234	94.2474
sky	4	682238	94.2479
slaapie	4	682242	94.2485
slaaptekort	4	682246	94.249
slachtoffer	4	682250	94.2496
slap	4	682254	94.2501
sleeping	4	682258	94.2507
slepen	4	682262	94.2512
slimme	4	682266	94.2518
slopen	4	682270	94.2523
smakkerds	4	682274	94.2529
sms-je	4	682278	94.2534
smsn	4	682282	94.254
snapt	4	682286	94.2545
snellere	4	682290	94.2551
snoepjes	4	682294	94.2556
snoezepoes	4	682298	94.2562
soap	4	682302	94.2568
social	4	682306	94.2573
software	4	682310	94.2579
sokken	4	682314	94.2584
solderen	4	682318	94.259
soll	4	682322	94.2595
solo	4	682326	94.2601
somewhere	4	682330	94.2606
song	4	682334	94.2612
sounds	4	682338	94.2617
sp	4	682342	94.2623
spaar	4	682346	94.2628
space	4	682350	94.2634
spaghettiavond	4	682354	94.2639
spam	4	682358	94.2645
spar	4	682362	94.265
speciaalbiertje	4	682366	94.2656
speech	4	682370	94.2661
speeksel	4	682374	94.2667
speelsters	4	682378	94.2673
speeltuin	4	682382	94.2678
spele	4	682386	94.2684
spontane	4	682390	94.2689
spoorloos	4	682394	94.2695
sportdag	4	682398	94.27
spulletjes	4	682402	94.2706
squashbaan	4	682406	94.2711
stadium	4	682410	94.2717
stalen	4	682414	94.2722
stapavond	4	682418	94.2728
stapje	4	682422	94.2733
status	4	682426	94.2739
ster	4	682430	94.2744
sterven	4	682434	94.275
steve	4	682438	94.2755
stoer	4	682442	94.2761
stoom	4	682446	94.2766
story	4	682450	94.2772
stranden	4	682454	94.2777
straten	4	682458	94.2783
street	4	682462	94.2789
studieadviseur	4	682466	94.2794
studieboek	4	682470	94.28
studiegenoten	4	682474	94.2805
studying	4	682478	94.2811
subway	4	682482	94.2816
such	4	682486	94.2822
sucks	4	682490	94.2827
suffe	4	682494	94.2833
suiker	4	682498	94.2838
supergezellig	4	682502	94.2844
supergoed	4	682506	94.2849
superhard	4	682510	94.2855
superslecht	4	682514	94.286
supertof	4	682518	94.2866
support	4	682522	94.2871
taking	4	682526	94.2877
tappen	4	682530	94.2882
td	4	682534	94.2888
teams	4	682538	94.2894
tegenbericht	4	682542	94.2899
tegenkomt	4	682546	94.2905
tegenvallen	4	682550	94.291
tekstje	4	682554	94.2916
telefoons	4	682558	94.2921
telenet	4	682562	94.2927
teletekst	4	682566	94.2932
teruggebracht	4	682570	94.2938
terugvinden	4	682574	94.2943
theater	4	682578	94.2949
their	4	682582	94.2954
theorie	4	682586	94.296
thuisgeraakt	4	682590	94.2965
ti	4	682594	94.2971
tie	4	682598	94.2976
tijdelijke	4	682602	94.2982
titel	4	682606	94.2987
titels	4	682610	94.2993
tm	4	682614	94.2999
tobe	4	682618	94.3004
toekomst	4	682622	94.301
tolerantie	4	682626	94.3015
tomaten	4	682630	94.3021
tomtom	4	682634	94.3026
topidee	4	682638	94.3032
totale	4	682642	94.3037
trakteert	4	682646	94.3043
transparant	4	682650	94.3048
trekt	4	682654	94.3054
tuig	4	682658	94.3059
tunnel	4	682662	94.3065
turkije	4	682666	94.307
turnen	4	682670	94.3076
tussenstop	4	682674	94.3081
tweeen	4	682678	94.3087
tweeën	4	682682	94.3092
tzem	4	682686	94.3098
tzijn	4	682690	94.3104
tzt	4	682694	94.3109
tóch	4	682698	94.3115
uberhaupt	4	682702	94.312
uitgebracht	4	682706	94.3126
uitgekomen	4	682710	94.3131
uitgeleend	4	682714	94.3137
uitgelezen	4	682718	94.3142
uitgepakt	4	682722	94.3148
uitgeven	4	682726	94.3153
uithalen	4	682730	94.3159
uitlenen	4	682734	94.3164
uitloopt	4	682738	94.317
uitlopen	4	682742	94.3175
uitstekend	4	682746	94.3181
uitziet	4	682750	94.3186
uitzondering	4	682754	94.3192
under	4	682758	94.3197
uns	4	682762	94.3203
upstairs	4	682766	94.3209
usb	4	682770	94.3214
usc	4	682774	94.322
used	4	682778	94.3225
ut	4	682782	94.3231
vacatures	4	682786	94.3236
vaio	4	682790	94.3242
valkhof	4	682794	94.3247
vandeweek	4	682798	94.3253
vantevoren	4	682802	94.3258
vastleggen	4	682806	94.3264
verandert	4	682810	94.3269
verbeterd	4	682814	94.3275
verd	4	682818	94.328
verdrietig	4	682822	94.3286
verdronken	4	682826	94.3291
vergete	4	682830	94.3297
vergeven	4	682834	94.3302
verlies	4	682838	94.3308
verliest	4	682842	94.3313
vermijden	4	682846	94.3319
verrassen	4	682850	94.3325
verslaafd	4	682854	94.333
verstopt	4	682858	94.3336
vertrouw	4	682862	94.3341
vertrouwde	4	682866	94.3347
vervolg	4	682870	94.3352
verwachtingen	4	682874	94.3358
verwarmen	4	682878	94.3363
verwittigen	4	682882	94.3369
veto	4	682886	94.3374
vice	4	682890	94.338
vijfde	4	682894	94.3385
virus	4	682898	94.3391
visje	4	682902	94.3396
visum	4	682906	94.3402
vloog	4	682910	94.3407
vluchtnummer	4	682914	94.3413
vocht	4	682918	94.3418
voeding	4	682922	94.3424
voegen	4	682926	94.343
voila	4	682930	94.3435
voldaan	4	682934	94.3441
volkoren	4	682938	94.3446
volleyballen	4	682942	94.3452
voltage	4	682946	94.3457
volwassenen	4	682950	94.3463
voorbije	4	682954	94.3468
voornamelijk	4	682958	94.3474
voorwaarde	4	682962	94.3479
vp	4	682966	94.3485
vraagteken	4	682970	94.349
vrachtwagen	4	682974	94.3496
vrage	4	682978	94.3501
vreet	4	682982	94.3507
vreete	4	682986	94.3512
vriendelijke	4	682990	94.3518
vrijdagavnd	4	682994	94.3523
vrijgezellenfeest	4	682998	94.3529
vrind	4	683002	94.3535
vrolijke	4	683006	94.354
vuile	4	683010	94.3546
vuilnis	4	683014	94.3551
vuurtje	4	683018	94.3557
waarin	4	683022	94.3562
wachtn	4	683026	94.3568
walk	4	683030	94.3573
wandelingetje	4	683034	94.3579
wants	4	683038	94.3584
wasje	4	683042	94.359
wazig	4	683046	94.3595
wdj	4	683050	94.3601
websites	4	683054	94.3606
wedding	4	683058	94.3612
wegga	4	683062	94.3617
weggooien	4	683066	94.3623
weglopen	4	683070	94.3628
wehl	4	683074	94.3634
weigert	4	683078	94.364
weleens	4	683082	94.3645
welverdiende	4	683086	94.3651
wenst	4	683090	94.3656
werke	4	683094	94.3662
werkelijkheid	4	683098	94.3667
werkn	4	683102	94.3673
wet	4	683106	94.3678
wete	4	683110	94.3684
wh	4	683114	94.3689
whatever	4	683118	94.3695
wijven	4	683122	94.37
willem	4	683126	94.3706
wir	4	683130	94.3711
wiskunde	4	683134	94.3717
wisselt	4	683138	94.3722
witten	4	683142	94.3728
wodka	4	683146	94.3733
woensdagavnd	4	683150	94.3739
woensdagmiddag	4	683154	94.3745
woensdagnamiddag	4	683158	94.375
woke	4	683162	94.3756
wokken	4	683166	94.3761
woman	4	683170	94.3767
wonder	4	683174	94.3772
woodside	4	683178	94.3778
workshops	4	683182	94.3783
wèl	4	683186	94.3789
wél	4	683190	94.3794
xc	4	683194	94.38
xmen	4	683198	94.3805
zabzab	4	683202	94.3811
zadel	4	683206	94.3816
zalige	4	683210	94.3822
zand	4	683214	94.3827
zaza	4	683218	94.3833
zeggn	4	683222	94.3838
zeiknat	4	683226	94.3844
zeil	4	683230	94.3849
zette	4	683234	94.3855
zevende	4	683238	94.3861
zeveren	4	683242	94.3866
zieken	4	683246	94.3872
ziens	4	683250	94.3877
zinne	4	683254	94.3883
zocht	4	683258	94.3888
zoektocht	4	683262	94.3894
zomers	4	683266	94.3899
zoooo	4	683270	94.3905
zotjes	4	683274	94.391
zott	4	683278	94.3916
zowat	4	683282	94.3921
zuigt	4	683286	94.3927
zulle	4	683290	94.3932
zwembroek	4	683294	94.3938
zwynaarde	4	683298	94.3943
Én	4	683302	94.3949
ça	4	683306	94.3954
überhaupt	4	683310	94.396
,1	3	683313	94.3964
,5	3	683316	94.3968
-!	3	683319	94.3972
-11	3	683322	94.3977
-12	3	683325	94.3981
-18	3	683328	94.3985
-4	3	683331	94.3989
-5	3	683334	94.3993
0.00	3	683337	94.3997
1,8	3	683340	94.4001
10,2	3	683343	94.4006
10.30	3	683346	94.401
101	3	683349	94.4014
102	3	683352	94.4018
114	3	683355	94.4022
115	3	683358	94.4026
12.30	3	683361	94.403
1245	3	683364	94.4035
12:10	3	683367	94.4039
13.00	3	683370	94.4043
130	3	683373	94.4047
132	3	683376	94.4051
1330	3	683379	94.4055
13:15	3	683382	94.4059
14.30	3	683385	94.4064
1400	3	683388	94.4068
15.30	3	683391	94.4072
1530	3	683394	94.4076
160	3	683397	94.408
1600	3	683400	94.4084
1630	3	683403	94.4088
16:00	3	683406	94.4093
17.30	3	683409	94.4097
1700	3	683412	94.4101
1730	3	683415	94.4105
175	3	683418	94.4109
18.00	3	683421	94.4113
1830	3	683424	94.4118
18e	3	683427	94.4122
19.30	3	683430	94.4126
1900	3	683433	94.413
20.00	3	683436	94.4134
2015	3	683439	94.4138
20e	3	683442	94.4142
210	3	683445	94.4147
2130	3	683448	94.4151
2200	3	683451	94.4155
230	3	683454	94.4159
23:00	3	683457	94.4163
23ste	3	683460	94.4167
240	3	683463	94.4171
250	3	683466	94.4176
25ste	3	683469	94.418
305	3	683472	94.4184
31610728743	3	683475	94.4188
31e	3	683478	94.4192
350	3	683481	94.4196
3de	3	683484	94.42
450	3	683487	94.4205
459	3	683490	94.4209
4e	3	683493	94.4213
546	3	683496	94.4217
6,2	3	683499	94.4221
6.2	3	683502	94.4225
6.30	3	683505	94.4229
62	3	683508	94.4234
6543	3	683511	94.4238
67	3	683514	94.4242
71	3	683517	94.4246
7:45	3	683520	94.425
800	3	683523	94.4254
83	3	683526	94.4258
8310	3	683529	94.4263
84	3	683532	94.4267
8e	3	683535	94.4271
91	3	683538	94.4275
930	3	683541	94.4279
97	3	683544	94.4283
99	3	683547	94.4287
9:40	3	683550	94.4292
9e	3	683553	94.4296
:-o	3	683556	94.43
;(	3	683559	94.4304
;-(	3	683562	94.4308
;-))	3	683565	94.4312
AB	3	683568	94.4316
ALLES	3	683571	94.4321
AVC	3	683574	94.4325
Aaah	3	683577	94.4329
Aaargh	3	683580	94.4333
Aant	3	683583	94.4337
Aantal	3	683586	94.4341
Aard	3	683589	94.4345
Aber	3	683592	94.435
Achja	3	683595	94.4354
Adriaan	3	683598	94.4358
Algemeen	3	683601	94.4362
Allen	3	683604	94.4366
Alleszins	3	683607	94.437
Alphen	3	683610	94.4374
Alsjeblieft	3	683613	94.4379
Alstu	3	683616	94.4383
Anderlecht	3	683619	94.4387
Andreas	3	683622	94.4391
Angelique	3	683625	94.4395
Anne-Marie	3	683628	94.4399
Annika	3	683631	94.4403
Apart	3	683634	94.4408
Arie	3	683637	94.4412
Arm	3	683640	94.4416
Arne	3	683643	94.442
Arts	3	683646	94.4424
Asgerd	3	683649	94.4428
Australië	3	683652	94.4432
Avans	3	683655	94.4437
Avonds	3	683658	94.4441
Aw	3	683661	94.4445
BDK	3	683664	94.4449
BP	3	683667	94.4453
BV	3	683670	94.4457
Babysit	3	683673	94.4461
Barbie	3	683676	94.4466
Barca	3	683679	94.447
Barcelona	3	683682	94.4474
Barneveld	3	683685	94.4478
Basje	3	683688	94.4482
Basta	3	683691	94.4486
Batterij	3	683694	94.449
Beatles	3	683697	94.4495
Bed	3	683700	94.4499
Been	3	683703	94.4503
Beer	3	683706	94.4507
Bejaardcantus	3	683709	94.4511
Belangrijk	3	683712	94.4515
Belgische	3	683715	94.452
Belt	3	683718	94.4524
Benner	3	683721	94.4528
Bent	3	683724	94.4532
Berdieke	3	683727	94.4536
Bergen	3	683730	94.454
Bergschenhoek	3	683733	94.4544
Bericht	3	683736	94.4549
Bespreekbureau	3	683739	94.4553
Betalen	3	683742	94.4557
Bezig	3	683745	94.4561
Bierparadijs	3	683748	94.4565
Binne	3	683751	94.4569
Biomoleculen	3	683754	94.4573
Bizar	3	683757	94.4578
Black	3	683760	94.4582
Blijkt	3	683763	94.4586
Blykbaar	3	683766	94.459
Bonne	3	683769	94.4594
Borrel	3	683772	94.4598
Boxtel	3	683775	94.4602
Braaf	3	683778	94.4607
Brammetje	3	683781	94.4611
Broek	3	683784	94.4615
Brrrr	3	683787	94.4619
Bruin	3	683790	94.4623
Bruxelles	3	683793	94.4627
Butler	3	683796	94.4631
Bwino	3	683799	94.4636
C.S.R.	3	683802	94.464
CA	3	683805	94.4644
Camping	3	683808	94.4648
Carel	3	683811	94.4652
Cassius	3	683814	94.4656
Ceder	3	683817	94.466
Charleroi	3	683820	94.4665
Chem	3	683823	94.4669
Chicken	3	683826	94.4673
Chili	3	683829	94.4677
Chique	3	683832	94.4681
Civiel	3	683835	94.4685
Clinge	3	683838	94.4689
Clooney	3	683841	94.4694
Close	3	683844	94.4698
Cola	3	683847	94.4702
Collega	3	683850	94.4706
Comment	3	683853	94.471
Confused	3	683856	94.4714
Customs	3	683859	94.4718
DC	3	683862	94.4723
DH	3	683865	94.4727
Dagje	3	683868	94.4731
Dana	3	683871	94.4735
Daniel	3	683874	94.4739
Danke	3	683877	94.4743
Dankjulliewel	3	683880	94.4747
Dankzij	3	683883	94.4752
Danny	3	683886	94.4756
Darling	3	683889	94.476
Deak	3	683892	94.4764
Dear	3	683895	94.4768
Denise	3	683898	94.4772
Dexter	3	683901	94.4776
Di	3	683904	94.4781
Didi	3	683907	94.4785
Died	3	683910	94.4789
Diets	3	683913	94.4793
Dimitri	3	683916	94.4797
Doeg	3	683919	94.4801
Doeiii	3	683922	94.4805
Doelen	3	683925	94.481
Dolle	3	683928	94.4814
Domme	3	683931	94.4818
Donau	3	683934	94.4822
Donna	3	683937	94.4826
Dordt	3	683940	94.483
Drank	3	683943	94.4834
Dreamweaver	3	683946	94.4839
Drinken	3	683949	94.4843
Du	3	683952	94.4847
Duidelijk	3	683955	94.4851
Duitse	3	683958	94.4855
Dul	3	683961	94.4859
Duur	3	683964	94.4863
EWI	3	683967	94.4868
Early	3	683970	94.4872
Easy	3	683973	94.4876
Ee	3	683976	94.488
Effenaar	3	683979	94.4884
Efkes	3	683982	94.4888
Eldenia	3	683985	94.4892
Eldrid	3	683988	94.4897
Elmo	3	683991	94.4901
Elst	3	683994	94.4905
Emile	3	683997	94.4909
Eng	3	684000	94.4913
Eveline	3	684003	94.4917
Eventueel	3	684006	94.4922
Evy	3	684009	94.4926
Examens	3	684012	94.493
FIFA	3	684015	94.4934
Fail	3	684018	94.4938
Feliciteer	3	684021	94.4942
Felix	3	684024	94.4946
Filmpje	3	684027	94.4951
Finally	3	684030	94.4955
First	3	684033	94.4959
Fischer	3	684036	94.4963
Fitness	3	684039	94.4967
Flesje	3	684042	94.4971
Fliefje	3	684045	94.4975
Fogashaz	3	684048	94.498
Fout	3	684051	94.4984
Frederik	3	684054	94.4988
French	3	684057	94.4992
Friday	3	684060	94.4996
Friend	3	684063	94.5
Frikandel	3	684066	94.5004
Fuik	3	684069	94.5009
Fulltime	3	684072	94.5013
Fuuuck	3	684075	94.5017
GB	3	684078	94.5021
GEFELICITEERD	3	684081	94.5025
GELUKKIGE	3	684084	94.5029
GVD	3	684087	94.5033
Gaarne	3	684090	94.5038
Gebruik	3	684093	94.5042
Geil	3	684096	94.5046
Gekkenhuis	3	684099	94.505
Genoteerd	3	684102	94.5054
Gentstraat	3	684105	94.5058
Gereserveerd	3	684108	94.5062
Gerjanne	3	684111	94.5067
Gert	3	684114	94.5071
Geven	3	684117	94.5075
Gevoel	3	684120	94.5079
Gewone	3	684123	94.5083
Gingen	3	684126	94.5087
Gisteravond	3	684129	94.5091
Godor	3	684132	94.5096
Goedgoed	3	684135	94.51
Gogogo	3	684138	94.5104
Gouda	3	684141	94.5108
Gouden	3	684144	94.5112
Gps	3	684147	94.5116
Gracias	3	684150	94.512
Grand	3	684153	94.5125
Grapje	3	684156	94.5129
Graslei	3	684159	94.5133
Greetings	3	684162	94.5137
Greta	3	684165	94.5141
Grolsch	3	684168	94.5145
Gödör	3	684171	94.5149
HOERA	3	684174	94.5154
Haalt	3	684177	94.5158
Haarlem	3	684180	94.5162
Hade	3	684183	94.5166
Haja	3	684186	94.517
Harde	3	684189	94.5174
Hartstikke	3	684192	94.5178
Havana	3	684195	94.5183
Hebde	3	684198	94.5187
Heeey	3	684201	94.5191
Hehehe	3	684204	94.5195
Heidi	3	684207	94.5199
Helen	3	684210	94.5203
Hen	3	684213	94.5207
Hengelo	3	684216	94.5212
Hero	3	684219	94.5216
Hessel	3	684222	94.522
Heuj	3	684225	94.5224
Heul	3	684228	94.5228
Heya	3	684231	94.5232
Heyy	3	684234	94.5236
Hii	3	684237	94.5241
Hilke	3	684240	94.5245
Hmja	3	684243	94.5249
Hmz	3	684246	94.5253
Hoe's	3	684249	94.5257
Hoei	3	684252	94.5261
Hoeraaaa	3	684255	94.5265
Hoge	3	684258	94.527
Holy	3	684261	94.5274
Hongaarse	3	684264	94.5278
Hongarije	3	684267	94.5282
Hoofdpijn	3	684270	94.5286
Hooi	3	684273	94.529
Hopelyk	3	684276	94.5294
Hoppa	3	684279	94.5299
Hostel	3	684282	94.5303
Houdoe	3	684285	94.5307
Houten	3	684288	94.5311
Huilen	3	684291	94.5315
Hun	3	684294	94.5319
Hurry	3	684297	94.5324
Héél	3	684300	94.5328
ID	3	684303	94.5332
IVN	3	684306	94.5336
Ier	3	684309	94.534
Inception	3	684312	94.5344
Inorbit	3	684315	94.5348
Interessant	3	684318	94.5353
Internationale	3	684321	94.5357
Italie	3	684324	94.5361
JOU	3	684327	94.5365
JW	3	684330	94.5369
Jaah	3	684333	94.5373
Jackson	3	684336	94.5377
Jade	3	684339	94.5382
Jazekers	3	684342	94.5386
Jazz	3	684345	94.539
Jeeeej	3	684348	94.5394
Jeetje	3	684351	94.5398
Jef	3	684354	94.5402
Jelle	3	684357	94.5406
Jette	3	684360	94.5411
Job	3	684363	94.5415
Jobs	3	684366	94.5419
Johny	3	684369	94.5423
Join	3	684372	94.5427
Jonathan	3	684375	94.5431
Jonge	3	684378	94.5435
Joni	3	684381	94.544
Joooo	3	684384	94.5444
Joshua	3	684387	94.5448
Joyce	3	684390	94.5452
Judith	3	684393	94.5456
Julia	3	684396	94.546
Jupiter	3	684399	94.5464
Juste	3	684402	94.5469
Justus	3	684405	94.5473
Jy	3	684408	94.5477
KISS	3	684411	94.5481
KUS	3	684414	94.5485
Kaapstad	3	684417	94.5489
Kaartje	3	684420	94.5493
Kaas	3	684423	94.5498
Kaat	3	684426	94.5502
Kantine	3	684429	94.5506
Karlientje	3	684432	94.551
Kater	3	684435	94.5514
Kdenket	3	684438	94.5518
Keine	3	684441	94.5522
Keleti	3	684444	94.5527
Kelis	3	684447	94.5531
Kerk	3	684450	94.5535
Kerol	3	684453	94.5539
Kijkavond	3	684456	94.5543
Kind	3	684459	94.5547
Kinda	3	684462	94.5551
Kkom	3	684465	94.5556
Kmoe	3	684468	94.556
Knap	3	684471	94.5564
Knuppel	3	684474	94.5568
Koel	3	684477	94.5572
Koenraad	3	684480	94.5576
Koesje	3	684483	94.558
Koning	3	684486	94.5585
Kook	3	684489	94.5589
Kopi	3	684492	94.5593
Koppel	3	684495	94.5597
Kosten	3	684498	94.5601
Kruidvat	3	684501	94.5605
Kruip	3	684504	94.5609
Kuskus	3	684507	94.5614
Kussen	3	684510	94.5618
Kuus	3	684513	94.5622
Kwalbert	3	684516	94.5626
Kwartiertje	3	684519	94.563
Kzalt	3	684522	94.5634
Lacanau	3	684525	94.5638
Lachen	3	684528	94.5643
Lady	3	684531	94.5647
Laf	3	684534	94.5651
Lappe	3	684537	94.5655
Laters	3	684540	94.5659
Lebber	3	684543	94.5663
Lebbers	3	684546	94.5667
Lembeke	3	684549	94.5672
Lenie	3	684552	94.5676
Leve	3	684555	94.568
Licht	3	684558	94.5684
Lift	3	684561	94.5688
Liggen	3	684564	94.5692
Lionne	3	684567	94.5697
Live	3	684570	94.5701
Locatie	3	684573	94.5705
Loos	3	684576	94.5709
Lowlands	3	684579	94.5713
Luie	3	684582	94.5717
Lunchen	3	684585	94.5721
Luuk	3	684588	94.5726
Luwak	3	684591	94.573
Lyon	3	684594	94.5734
Lysanne	3	684597	94.5738
MADNESS	3	684600	94.5742
MIJN	3	684603	94.5746
MOET	3	684606	94.575
Maag	3	684609	94.5755
Mac	3	684612	94.5759
Macaroni	3	684615	94.5763
Madam	3	684618	94.5767
Madness	3	684621	94.5771
Malle	3	684624	94.5775
Malta	3	684627	94.5779
Manee	3	684630	94.5784
Margrietha	3	684633	94.5788
Mari	3	684636	94.5792
Maria	3	684639	94.5796
Mario	3	684642	94.58
Marjans	3	684645	94.5804
Marjet	3	684648	94.5808
Marks	3	684651	94.5813
Match	3	684654	94.5817
Matje	3	684657	94.5821
Mats	3	684660	94.5825
Maurits	3	684663	94.5829
Mazzel	3	684666	94.5833
Meerkerk	3	684669	94.5837
Merlin	3	684672	94.5842
Metro	3	684675	94.5846
Mexico	3	684678	94.585
Midi	3	684681	94.5854
Mietje	3	684684	94.5858
Milaan	3	684687	94.5862
Mini	3	684690	94.5866
Mochten	3	684693	94.5871
Moeder	3	684696	94.5875
Moek	3	684699	94.5879
Moguh	3	684702	94.5883
Mol	3	684705	94.5887
Most	3	684708	94.5891
Mr.	3	684711	94.5895
Muhahaha	3	684714	94.59
Mulisch	3	684717	94.5904
Mundial	3	684720	94.5908
NL.	3	684723	94.5912
NOG	3	684726	94.5916
Nachtkusje	3	684729	94.592
Name	3	684732	94.5924
Nancy	3	684735	94.5929
Nathalie	3	684738	94.5933
Neemt	3	684741	94.5937
Negen	3	684744	94.5941
Neje	3	684747	94.5945
Nergens	3	684750	94.5949
Nevermind	3	684753	94.5953
Nicole	3	684756	94.5958
Nonkel	3	684759	94.5962
Nultweevier	3	684762	94.5966
O.	3	684765	94.597
OMG	3	684768	94.5974
Ojaaa	3	684771	94.5978
Okel	3	684774	94.5982
Omda	3	684777	94.5987
Ongelofelijk	3	684780	94.5991
Ongelooflijk	3	684783	94.5995
Oor	3	684786	94.5999
Opa	3	684789	94.6003
Opera	3	684792	94.6007
Oppassen	3	684795	94.6011
Optreden	3	684798	94.6016
Overal	3	684801	94.602
Overigens	3	684804	94.6024
Overleg	3	684807	94.6028
Owh	3	684810	94.6032
Owjeej	3	684813	94.6036
Owkay	3	684816	94.604
Owla	3	684819	94.6045
Oww	3	684822	94.6049
Owww	3	684825	94.6053
PM	3	684828	94.6057
Pangaea	3	684831	94.6061
Paolo	3	684834	94.6065
Paracetamol	3	684837	94.6069
Paris	3	684840	94.6074
Pascal	3	684843	94.6078
Pearle	3	684846	94.6082
Pepsi	3	684849	94.6086
Pf	3	684852	94.609
Pffffft	3	684855	94.6094
Phone(Mobiel)	3	684858	94.6099
Photoshop	3	684861	94.6103
Pick	3	684864	94.6107
Pieterjan	3	684867	94.6111
Pij	3	684870	94.6115
Pijn	3	684873	94.6119
Ping	3	684876	94.6123
Pirates	3	684879	94.6128
Plaats	3	684882	94.6132
Plans	3	684885	94.6136
Plato	3	684888	94.614
Pleun	3	684891	94.6144
Polen	3	684894	94.6148
Politie	3	684897	94.6152
Print	3	684900	94.6157
Probably	3	684903	94.6161
Pub	3	684906	94.6165
Pure	3	684909	94.6169
Put	3	684912	94.6173
QM	3	684915	94.6177
Quantum	3	684918	94.6181
Quiz	3	684921	94.6186
RN	3	684924	94.619
Rabo	3	684927	94.6194
Radiohead	3	684930	94.6198
Regel	3	684933	94.6202
Remember	3	684936	94.6206
Remind	3	684939	94.621
Renni	3	684942	94.6215
Reuver	3	684945	94.6219
Rianne	3	684948	94.6223
Rijsel	3	684951	94.6227
Rik	3	684954	94.6231
Rina	3	684957	94.6235
Robert	3	684960	94.6239
Roemenie	3	684963	94.6244
Roeselare	3	684966	94.6248
Rolf	3	684969	94.6252
Ronald	3	684972	94.6256
Rosalie	3	684975	94.626
Rose	3	684978	94.6264
Rtl	3	684981	94.6268
Rudi	3	684984	94.6273
Ruilen	3	684987	94.6277
Ruim	3	684990	94.6281
Ruth	3	684993	94.6285
SMS	3	684996	94.6289
SUPER	3	684999	94.6293
Saartje	3	685002	94.6297
Sam	3	685005	94.6302
Samsung	3	685008	94.6306
Sara	3	685011	94.631
Schaaaat	3	685014	94.6314
Schade	3	685017	94.6318
Scheetje	3	685020	94.6322
Schieten	3	685023	94.6326
Schijf	3	685026	94.6331
Schijnt	3	685029	94.6335
Schneider	3	685032	94.6339
Schrijf	3	685035	94.6343
Sensatie	3	685038	94.6347
Serieus	3	685041	94.6351
Seven	3	685044	94.6355
Sevilla	3	685047	94.636
Share	3	685050	94.6364
She	3	685053	94.6368
Shmoezels	3	685056	94.6372
Siena	3	685059	94.6376
Site	3	685062	94.638
Sjonge	3	685065	94.6384
Slagroom	3	685068	94.6389
Slappen	3	685071	94.6393
Slim	3	685074	94.6397
Sluit	3	685077	94.6401
Snif	3	685080	94.6405
Soep	3	685083	94.6409
Something	3	685086	94.6413
Sommige	3	685089	94.6418
Sori	3	685092	94.6422
Souvenirs	3	685095	94.6426
Spanish	3	685098	94.643
Speeltuin	3	685101	94.6434
Sst	3	685104	94.6438
Stefaan	3	685107	94.6442
Stege	3	685110	94.6447
Stelletje	3	685113	94.6451
Sterk	3	685116	94.6455
Sterker	3	685119	94.6459
Steven	3	685122	94.6463
Stinkt	3	685125	94.6467
Stoffel	3	685128	94.6471
Storing	3	685131	94.6476
Stoute	3	685134	94.648
Stress	3	685137	94.6484
Suc	3	685140	94.6488
Supah	3	685143	94.6492
Superdikke	3	685146	94.6496
Superdruk	3	685149	94.6501
Superleuk	3	685152	94.6505
Surinaams	3	685155	94.6509
T-Mobile	3	685158	94.6513
TIM	3	685161	94.6517
Tante	3	685164	94.6521
Tanzania	3	685167	94.6525
Tegenover	3	685170	94.653
Ten	3	685173	94.6534
Tering	3	685176	94.6538
Terwijl	3	685179	94.6542
Teur	3	685182	94.6546
Text	3	685185	94.655
Thais	3	685188	94.6554
Thekla	3	685191	94.6559
Theo	3	685194	94.6563
Thursday	3	685197	94.6567
Tien	3	685200	94.6571
Tijs	3	685203	94.6575
Time	3	685206	94.6579
Timo	3	685209	94.6583
Tini	3	685212	94.6588
Tiny	3	685215	94.6592
Tisda	3	685218	94.6596
Tjah	3	685221	94.66
Tkan	3	685224	94.6604
Tobe	3	685227	94.6608
Tobeke	3	685230	94.6612
Toets	3	685233	94.6617
Toffe	3	685236	94.6621
Told	3	685239	94.6625
Tour	3	685242	94.6629
Train	3	685245	94.6633
Trainen	3	685248	94.6637
Treinen	3	685251	94.6641
Treurniet	3	685254	94.6646
Tristan	3	685257	94.665
Tsk	3	685260	94.6654
Turkse	3	685263	94.6658
Tze	3	685266	94.6662
Tzit	3	685269	94.6666
USC	3	685272	94.667
Uche	3	685275	94.6675
Uiteindelijk	3	685278	94.6679
Unreal	3	685281	94.6683
Utca	3	685284	94.6687
VAN	3	685287	94.6691
Valkenburg	3	685290	94.6695
Veerle	3	685293	94.6699
Vegas	3	685296	94.6704
Veggie	3	685299	94.6708
Verdikkeme	3	685302	94.6712
Verdoving	3	685305	94.6716
Verkeerd	3	685308	94.672
Verliefd	3	685311	94.6724
Verstand	3	685314	94.6728
Vieren	3	685317	94.6733
Vodafone	3	685320	94.6737
Voice	3	685323	94.6741
Volkskrant	3	685326	94.6745
Volledig	3	685329	94.6749
Vooraan	3	685332	94.6753
Voorkeur	3	685335	94.6757
Vree	3	685338	94.6762
Vries	3	685341	94.6766
Vroeger	3	685344	94.677
Waaaaaaah	3	685347	94.6774
Waarover	3	685350	94.6778
Waaw	3	685353	94.6782
Waiting	3	685356	94.6786
Wakefield	3	685359	94.6791
Wally	3	685362	94.6795
Wanted	3	685365	94.6799
Ware	3	685368	94.6803
Watt	3	685371	94.6807
Way	3	685374	94.6811
Webben	3	685377	94.6815
Weekendje	3	685380	94.682
Weird	3	685383	94.6824
Welken	3	685386	94.6828
Westen	3	685389	94.6832
Whahaha	3	685392	94.6836
Which	3	685395	94.684
Wiens	3	685398	94.6844
Wijntje	3	685401	94.6849
Wiljo	3	685404	94.6853
Wilko	3	685407	94.6857
Willy	3	685410	94.6861
Willy's	3	685413	94.6865
Wir	3	685416	94.6869
Woei	3	685419	94.6873
Wok	3	685422	94.6878
Woont	3	685425	94.6882
Wooooow	3	685428	94.6886
Work	3	685431	94.689
Ww	3	685434	94.6894
XO	3	685437	94.6898
XXXXXXXXXXXXXXXXXXX	3	685440	94.6903
XXXXXXXXXXXXXXXXXXXXX	3	685443	94.6907
XXxxXX	3	685446	94.6911
Xmen	3	685449	94.6915
Xxxxxxxx	3	685452	94.6919
Xxxxxxxxxxxxxx	3	685455	94.6923
Yoyo	3	685458	94.6927
Yuuw	3	685461	94.6932
Zaal	3	685464	94.6936
Zaterdagavond	3	685467	94.694
Zegt	3	685470	94.6944
Zkh	3	685473	94.6948
Zn	3	685476	94.6952
Zoentjes	3	685479	94.6956
Zoetje	3	685482	94.6961
Zoiets	3	685485	94.6965
Zojuist	3	685488	94.6969
Zoooo	3	685491	94.6973
Zumba	3	685494	94.6977
Zutendaal	3	685497	94.6981
Zware	3	685500	94.6985
Zwart	3	685503	94.699
Zyn	3	685506	94.6994
Zó	3	685509	94.6998
aandelen	3	685512	94.7002
aangegeven	3	685515	94.7006
aangemeld	3	685518	94.701
aangestoken	3	685521	94.7014
aanhanger	3	685524	94.7019
aanhouden	3	685527	94.7023
aankom	3	685530	94.7027
aanmelden	3	685533	94.7031
aanmelding	3	685536	94.7035
aannemer	3	685539	94.7039
aanrader	3	685542	94.7043
aanstaande	3	685545	94.7048
aanstaat	3	685548	94.7052
aantrekkelijke	3	685551	94.7056
aanvang	3	685554	94.706
aanvragen	3	685557	94.7064
aanwaaien	3	685560	94.7068
aanzet	3	685563	94.7072
aapjes	3	685566	94.7077
aardappelen	3	685569	94.7081
aardappels	3	685572	94.7085
abo	3	685575	94.7089
accent	3	685578	94.7093
access	3	685581	94.7097
according	3	685584	94.7101
accounting	3	685587	94.7106
achillespees	3	685590	94.711
achten	3	685593	94.7114
achterdeur	3	685596	94.7118
achterhoofd	3	685599	94.7122
act	3	685602	94.7126
activeren	3	685605	94.713
adviseur	3	685608	94.7135
afbreken	3	685611	94.7139
affectie	3	685614	94.7143
affiche	3	685617	94.7147
afgedrukt	3	685620	94.7151
afgegaan	3	685623	94.7155
afgeleid	3	685626	94.7159
afgeleverd	3	685629	94.7164
afgemeld	3	685632	94.7168
afgewassen	3	685635	94.7172
afhaak	3	685638	94.7176
afhandelen	3	685641	94.718
afleiding	3	685644	94.7184
afloop	3	685647	94.7188
afmetingen	3	685650	94.7193
afreageren	3	685653	94.7197
afslag	3	685656	94.7201
afspr	3	685659	94.7205
afspreekt	3	685662	94.7209
afstappen	3	685665	94.7213
aftap	3	685668	94.7217
afzien	3	685671	94.7222
age	3	685674	94.7226
agenda's	3	685677	94.723
agent	3	685680	94.7234
air	3	685683	94.7238
airport	3	685686	94.7242
ajuinfeesten	3	685689	94.7246
akelig	3	685692	94.7251
alex	3	685695	94.7255
alf	3	685698	94.7259
aller	3	685701	94.7263
allerlaatste	3	685704	94.7267
allerlekkerste	3	685707	94.7271
allright	3	685710	94.7276
almanak	3	685713	94.728
alright	3	685716	94.7284
alv	3	685719	94.7288
ambtenaar	3	685722	94.7292
anais	3	685725	94.7296
analyse	3	685728	94.73
anarchie	3	685731	94.7305
anderhalve	3	685734	94.7309
andy	3	685737	94.7313
aniek	3	685740	94.7317
ann	3	685743	94.7321
annelies	3	685746	94.7325
annerieke	3	685749	94.7329
annuleren	3	685752	94.7334
antwoordde	3	685755	94.7338
apeldoorn	3	685758	94.7342
appels	3	685761	94.7346
appeltje	3	685764	94.735
apr	3	685767	94.7354
architectuur	3	685770	94.7358
argument	3	685773	94.7363
artistiek	3	685776	94.7367
ass	3	685779	94.7371
assebroek	3	685782	94.7375
assessment	3	685785	94.7379
asus	3	685788	94.7383
aswolk	3	685791	94.7387
athena	3	685794	94.7392
attent	3	685797	94.7396
au	3	685800	94.74
auch	3	685803	94.7404
auditorium	3	685806	94.7408
aug.	3	685809	94.7412
autocross	3	685812	94.7416
autos	3	685815	94.7421
autosleutel	3	685818	94.7425
avondschool	3	685821	94.7429
awake	3	685824	94.7433
awel	3	685827	94.7437
baaldag	3	685830	94.7441
babe	3	685833	94.7445
babybezoek	3	685836	94.745
bach	3	685839	94.7454
bakjes	3	685842	94.7458
baksteen	3	685845	94.7462
bakt	3	685848	94.7466
ballerin	3	685851	94.747
balletjes	3	685854	94.7474
bananen	3	685857	94.7479
bandjes	3	685860	94.7483
bands	3	685863	94.7487
barsten	3	685866	94.7491
basgitaar	3	685869	94.7495
bbb	3	685872	94.7499
bbc	3	685875	94.7503
beamen	3	685878	94.7508
bedde	3	685881	94.7512
bedenker	3	685884	94.7516
bedtijd	3	685887	94.752
beelden	3	685890	94.7524
beentjes	3	685893	94.7528
beesten	3	685896	94.7532
beestjes	3	685899	94.7537
beffen	3	685902	94.7541
begb	3	685905	94.7545
behandeld	3	685908	94.7549
behind	3	685911	94.7553
bekende	3	685914	94.7557
belachelijke	3	685917	94.7561
belastingen	3	685920	94.7566
belden	3	685923	94.757
beleg	3	685926	94.7574
belgen	3	685929	94.7578
belgian	3	685932	94.7582
belgisch	3	685935	94.7586
belgische	3	685938	94.759
beloofde	3	685941	94.7595
belooft	3	685944	94.7599
benefits	3	685947	94.7603
beperken	3	685950	94.7607
bereid	3	685953	94.7611
bereikt	3	685956	94.7615
beroemd	3	685959	94.7619
beroerd	3	685962	94.7624
bert	3	685965	94.7628
beschermengel	3	685968	94.7632
besef	3	685971	94.7636
beslissing	3	685974	94.764
besloot	3	685977	94.7644
besluit	3	685980	94.7648
besmettelijk	3	685983	94.7653
bespeuren	3	685986	94.7657
bestand	3	685989	94.7661
bestandje	3	685992	94.7665
bestelde	3	685995	94.7669
bestival	3	685998	94.7673
betaalbaar	3	686001	94.7678
betekenen	3	686004	94.7682
beters	3	686007	94.7686
between	3	686010	94.769
beuken	3	686013	94.7694
beuren	3	686016	94.7698
bevalling	3	686019	94.7702
bevriezen	3	686022	94.7707
bewijs	3	686025	94.7711
bewolkt	3	686028	94.7715
bewoonde	3	686031	94.7719
bezichtigen	3	686034	94.7723
bied	3	686037	94.7727
bieden	3	686040	94.7731
biergarten	3	686043	94.7736
biermenu	3	686046	94.774
bijen	3	686049	94.7744
bijenkast	3	686052	94.7748
bijloke	3	686055	94.7752
bijzijn	3	686058	94.7756
bill	3	686061	94.776
billen	3	686064	94.7765
bin	3	686067	94.7769
binnengekopt	3	686070	94.7773
binnenstad	3	686073	94.7777
biomedische	3	686076	94.7781
bist	3	686079	94.7785
bisto	3	686082	94.7789
bizarre	3	686085	94.7794
bladeren	3	686088	94.7798
blame	3	686091	94.7802
blandijn	3	686094	94.7806
blijk	3	686097	94.781
blijken	3	686100	94.7814
blijvn	3	686103	94.7818
blik	3	686106	94.7823
bliksembezoek	3	686109	94.7827
bloem	3	686112	94.7831
blog	3	686115	94.7835
blokker	3	686118	94.7839
bluesette	3	686121	94.7843
bn	3	686124	94.7847
bobbys	3	686127	94.7852
boelie	3	686130	94.7856
bokalen	3	686133	94.786
bolletje	3	686136	94.7864
bommelding	3	686139	94.7868
boodschap	3	686142	94.7872
boombal	3	686145	94.7876
boris	3	686148	94.7881
borre	3	686151	94.7885
both	3	686154	94.7889
botter	3	686157	94.7893
boudewijn	3	686160	94.7897
bovenaan	3	686163	94.7901
bovenop	3	686166	94.7905
bowlen	3	686169	94.791
boy	3	686172	94.7914
boze	3	686175	94.7918
bp	3	686178	94.7922
br	3	686181	94.7926
brabant	3	686184	94.793
brabantse	3	686187	94.7934
breakfast	3	686190	94.7939
breau	3	686193	94.7943
brechtje	3	686196	94.7947
briefjes	3	686199	94.7951
brieven	3	686202	94.7955
briljant	3	686205	94.7959
bronnen	3	686208	94.7963
brother	3	686211	94.7968
brownie	3	686214	94.7972
brutaal	3	686217	94.7976
buien	3	686220	94.798
buienradar	3	686223	94.7984
buizen	3	686226	94.7988
burning	3	686229	94.7992
ca.	3	686232	94.7997
cab	3	686235	94.8001
calendar	3	686238	94.8005
cambio	3	686241	94.8009
campus	3	686244	94.8013
carine	3	686247	94.8017
carlijn	3	686250	94.8021
cause	3	686253	94.8026
challenge	3	686256	94.803
chaotisch	3	686259	94.8034
charge	3	686262	94.8038
charmes	3	686265	94.8042
cheers	3	686268	94.8046
cheese	3	686271	94.805
chili	3	686274	94.8055
china	3	686277	94.8059
chiro	3	686280	94.8063
chirurg	3	686283	94.8067
chocomel	3	686286	94.8071
chouffe	3	686289	94.8075
cig	3	686292	94.808
cirkel	3	686295	94.8084
closest	3	686298	94.8088
cm.	3	686301	94.8092
co	3	686304	94.8096
cocktailbar	3	686307	94.81
cocktailke	3	686310	94.8104
cognac	3	686313	94.8109
collegezaal	3	686316	94.8113
comment	3	686319	94.8117
comments	3	686322	94.8121
commissie	3	686325	94.8125
compagnie	3	686328	94.8129
completely	3	686331	94.8133
compliment	3	686334	94.8138
concentratie	3	686337	94.8142
concreet	3	686340	94.8146
concrete	3	686343	94.815
confrater	3	686346	94.8154
consequent	3	686349	94.8158
considering	3	686352	94.8162
consulaat	3	686355	94.8167
contactpersonen	3	686358	94.8171
containerpark	3	686361	94.8175
contant	3	686364	94.8179
context	3	686367	94.8183
controleren	3	686370	94.8187
coolste	3	686373	94.8191
correct	3	686376	94.8196
court	3	686379	94.82
cousin	3	686382	94.8204
coverage	3	686385	94.8208
crappy	3	686388	94.8212
creditcard	3	686391	94.8216
crematie	3	686394	94.822
cuba	3	686397	94.8225
cultural	3	686400	94.8229
cultureel	3	686403	94.8233
cum	3	686406	94.8237
cumel	3	686409	94.8241
cuyt	3	686412	94.8245
cuythoek	3	686415	94.8249
cynisch	3	686418	94.8254
da't	3	686421	94.8258
daarentegen	3	686424	94.8262
daarover	3	686427	94.8266
daartussen	3	686430	94.827
daaruit	3	686433	94.8274
daarzo	3	686436	94.8278
dachtek	3	686439	94.8283
dadar	3	686442	94.8287
daglicht	3	686445	94.8291
dampoort	3	686448	94.8295
dancing	3	686451	94.8299
dankuwel	3	686454	94.8303
dansje	3	686457	94.8307
database	3	686460	94.8312
dates	3	686463	94.8316
datk	3	686466	94.832
dawe	3	686469	94.8324
dazze	3	686472	94.8328
deak	3	686475	94.8332
debby	3	686478	94.8336
deels	3	686481	94.8341
def	3	686484	94.8345
degene	3	686487	94.8349
dekbed	3	686490	94.8353
dekens	3	686493	94.8357
del	3	686496	94.8361
demin	3	686499	94.8365
dentist	3	686502	94.837
derek	3	686505	94.8374
dergelijke	3	686508	94.8378
derrick	3	686511	94.8382
deurbel	3	686514	94.8386
dich	3	686517	94.839
dieet	3	686520	94.8394
diensten	3	686523	94.8399
dienstregeling	3	686526	94.8403
diesel	3	686529	94.8407
difficult	3	686532	94.8411
dijk	3	686535	94.8415
dikste	3	686538	94.8419
directeur	3	686541	94.8423
discussies	3	686544	94.8428
discussion	3	686547	94.8432
disk	3	686550	94.8436
ditmaal	3	686553	94.844
diverse	3	686556	94.8444
dobbelen	3	686559	94.8448
docent	3	686562	94.8452
doch	3	686565	94.8457
doctoraatsvoorstel	3	686568	94.8461
dokters	3	686571	94.8465
donder	3	686574	94.8469
donkere	3	686577	94.8473
doorgelezen	3	686580	94.8477
doorgenomen	3	686583	94.8482
doorgereden	3	686586	94.8486
doorhad	3	686589	94.849
doorhebben	3	686592	94.8494
doorzetten	3	686595	94.8498
dosis	3	686598	94.8502
draad	3	686601	94.8506
draagt	3	686604	94.8511
draaide	3	686607	94.8515
draft	3	686610	94.8519
dream	3	686613	94.8523
dresscode	3	686616	94.8527
dressing	3	686619	94.8531
drieën	3	686622	94.8535
drinking	3	686625	94.854
drive	3	686628	94.8544
driver	3	686631	94.8548
dropping	3	686634	94.8552
drukste	3	686637	94.8556
due	3	686640	94.856
duiken	3	686643	94.8564
duitse	3	686646	94.8569
dun	3	686649	94.8573
duwen	3	686652	94.8577
dvd's	3	686655	94.8581
e-mailadres	3	686658	94.8585
ebay	3	686661	94.8589
ebk	3	686664	94.8593
echo	3	686667	94.8598
ed.	3	686670	94.8602
eddie	3	686673	94.8606
ede-wageningen	3	686676	94.861
eend	3	686679	94.8614
eenzame	3	686682	94.8618
eetdate	3	686685	94.8622
eetplannen	3	686688	94.8627
eeuwen	3	686691	94.8631
eeuwige	3	686694	94.8635
effect	3	686697	94.8639
eikel	3	686700	94.8643
ein	3	686703	94.8647
eindigen	3	686706	94.8651
elbo	3	686709	94.8656
elders	3	686712	94.866
elias	3	686715	94.8664
elkaars	3	686718	94.8668
elsa	3	686721	94.8672
emiel	3	686724	94.8676
emmers	3	686727	94.868
emotioneel	3	686730	94.8685
engeland	3	686733	94.8689
engeltje	3	686736	94.8693
enigzins	3	686739	94.8697
enjoyed	3	686742	94.8701
enough	3	686745	94.8705
enthausiast	3	686748	94.8709
entree	3	686751	94.8714
eos	3	686754	94.8718
episch	3	686757	94.8722
eraf	3	686760	94.8726
erby	3	686763	94.873
ervaren	3	686766	94.8734
erwin	3	686769	94.8738
espla	3	686772	94.8743
essar	3	686775	94.8747
estafette	3	686778	94.8751
etage	3	686781	94.8755
eu	3	686784	94.8759
euroborg	3	686787	94.8763
ev	3	686790	94.8767
evalueren	3	686793	94.8772
eve	3	686796	94.8776
event	3	686799	94.878
eventuele	3	686802	94.8784
ex	3	686805	94.8788
excel	3	686808	94.8792
except	3	686811	94.8796
excursie	3	686814	94.8801
exemplaar	3	686817	94.8805
expensive	3	686820	94.8809
experiment	3	686823	94.8813
explain	3	686826	94.8817
facebooken	3	686829	94.8821
fair	3	686832	94.8825
famous	3	686835	94.883
fanatiek	3	686838	94.8834
fase	3	686841	94.8838
favor	3	686844	94.8842
favoriete	3	686847	94.8846
fc	3	686850	94.885
fftjes	3	686853	94.8854
fieste	3	686856	94.8859
fietst	3	686859	94.8863
fietste	3	686862	94.8867
filo	3	686865	94.8871
financiën	3	686868	94.8875
finish	3	686871	94.8879
fire	3	686874	94.8884
fjew	3	686877	94.8888
flater	3	686880	94.8892
fleur	3	686883	94.8896
flight	3	686886	94.89
flikken	3	686889	94.8904
flirt	3	686892	94.8908
florence	3	686895	94.8913
flyers	3	686898	94.8917
fonetiek	3	686901	94.8921
forceren	3	686904	94.8925
forest	3	686907	94.8929
formaat	3	686910	94.8933
formulieren	3	686913	94.8937
fouten	3	686916	94.8942
foutmelding	3	686919	94.8946
francisco	3	686922	94.895
frankfurt	3	686925	94.8954
freddy	3	686928	94.8958
frietje	3	686931	94.8962
frisjes	3	686934	94.8966
frustrated	3	686937	94.8971
frustrerend	3	686940	94.8975
ft	3	686943	94.8979
ftp	3	686946	94.8983
funda	3	686949	94.8987
funny	3	686952	94.8991
future	3	686955	94.8995
gaarheid	3	686958	94.9
gaatjes	3	686961	94.9004
gamma	3	686964	94.9008
gastbroertje	3	686967	94.9012
gd	3	686970	94.9016
geblokkeerd	3	686973	94.902
gebruikelijke	3	686976	94.9024
gecondenseerde	3	686979	94.9029
gecontacteerd	3	686982	94.9033
gedanst	3	686985	94.9037
gedeelte	3	686988	94.9041
geduwd	3	686991	94.9045
geert	3	686994	94.9049
gehandicapt	3	686997	94.9053
geinteresseerd	3	687000	94.9058
geitenkaas	3	687003	94.9062
gekletst	3	687006	94.9066
gekleurd	3	687009	94.907
gekookt	3	687012	94.9074
gekoppeld	3	687015	94.9078
gekropen	3	687018	94.9082
gekste	3	687021	94.9087
gel	3	687024	94.9091
geleend	3	687027	94.9095
geluisterd	3	687030	94.9099
gemakkelijkste	3	687033	94.9103
gemeld	3	687036	94.9107
gemene	3	687039	94.9111
gemiddeld	3	687042	94.9116
genoegen	3	687045	94.912
genre	3	687048	94.9124
geof	3	687051	94.9128
geopend	3	687054	94.9132
gepikt	3	687057	94.9136
gepoetst	3	687060	94.914
gereedschapskist	3	687063	94.9145
gerepareerd	3	687066	94.9149
gerookt	3	687069	94.9153
gerto	3	687072	94.9157
geschaatst	3	687075	94.9161
geschoren	3	687078	94.9165
gesjouwd	3	687081	94.9169
geslaagde	3	687084	94.9174
geslaapt	3	687087	94.9178
gesms't	3	687090	94.9182
gespannen	3	687093	94.9186
gesquasht	3	687096	94.919
gestart	3	687099	94.9194
gestorven	3	687102	94.9198
getankt	3	687105	94.9203
geveld	3	687108	94.9207
gevoelens	3	687111	94.9211
gevoerd	3	687114	94.9215
gevolgen	3	687117	94.9219
gevonde	3	687120	94.9223
gevuld	3	687123	94.9227
gezamenlijk	3	687126	94.9232
gezeik	3	687129	94.9236
gezelliger	3	687132	94.924
gezeur	3	687135	94.9244
gezondheidseconomie	3	687138	94.9248
geïnformeerd	3	687141	94.9252
gids	3	687144	94.9257
gig	3	687147	94.9261
gistere	3	687150	94.9265
gistermiddag	3	687153	94.9269
giverleiding	3	687156	94.9273
glijden	3	687159	94.9277
goals	3	687162	94.9281
goedkeuring	3	687165	94.9286
goedkoopste	3	687168	94.929
goedzo	3	687171	94.9294
goodbye	3	687174	94.9298
goud	3	687177	94.9302
gouwraad	3	687180	94.9306
gran	3	687183	94.931
grappen	3	687186	94.9315
graslei	3	687189	94.9319
gravensteen	3	687192	94.9323
groenten	3	687195	94.9327
groentjes	3	687198	94.9331
grootouders	3	687201	94.9335
grotere	3	687204	94.9339
grr	3	687207	94.9344
grrr	3	687210	94.9348
grrrr	3	687213	94.9352
grtjs	3	687216	94.9356
grtz	3	687219	94.936
grunn	3	687222	94.9364
gruwelijk	3	687225	94.9368
gs	3	687228	94.9373
guard	3	687231	94.9377
gudruns	3	687234	94.9381
guido	3	687237	94.9385
guinness	3	687240	94.9389
gulle	3	687243	94.9393
gunder	3	687246	94.9397
gunstig	3	687249	94.9402
haalde	3	687252	94.9406
hagel	3	687255	94.941
hai	3	687258	94.9414
halloween	3	687261	94.9418
hals	3	687264	94.9422
han	3	687267	94.9426
handigste	3	687270	94.9431
handmatig	3	687273	94.9435
handrem	3	687276	94.9439
harig	3	687279	94.9443
harmo	3	687282	94.9447
hartelijk	3	687285	94.9451
havent	3	687288	94.9455
hdmi	3	687291	94.946
he-le-maal	3	687294	94.9464
hebn	3	687297	94.9468
heden	3	687300	94.9472
hee	3	687303	94.9476
heilig	3	687306	94.948
heimwee	3	687309	94.9484
heiweg	3	687312	94.9489
hekel	3	687315	94.9493
hel	3	687318	94.9497
heleboel	3	687321	94.9501
helse	3	687324	94.9505
hemelvaart	3	687327	94.9509
herinnerde	3	687330	94.9513
herinnering	3	687333	94.9518
herinneringen	3	687336	94.9522
herinnert	3	687339	94.9526
herkansen	3	687342	94.953
herkennen	3	687345	94.9534
herkent	3	687348	94.9538
hernia	3	687351	94.9542
hero	3	687354	94.9547
hes	3	687357	94.9551
heten	3	687360	94.9555
heup	3	687363	94.9559
heuvel	3	687366	94.9563
hie	3	687369	94.9567
high	3	687372	94.9571
hilarische	3	687375	94.9576
hindi	3	687378	94.958
hindu	3	687381	94.9584
hispeed	3	687384	94.9588
hits	3	687387	94.9592
hm	3	687390	94.9596
ho	3	687393	94.96
hoeken	3	687396	94.9605
hoekje	3	687399	94.9609
hoeren	3	687402	94.9613
hof	3	687405	94.9617
hogent	3	687408	94.9621
hol	3	687411	94.9625
homo's	3	687414	94.9629
hoofdgerecht	3	687417	94.9634
hoofdpodium	3	687420	94.9638
hoofdstuk	3	687423	94.9642
hooi	3	687426	94.9646
horrible	3	687429	94.965
host	3	687432	94.9654
ht	3	687435	94.9659
hu	3	687438	94.9663
hubert	3	687441	94.9667
hug	3	687444	94.9671
huishouden	3	687447	94.9675
huishuur	3	687450	94.9679
huistelefoon	3	687453	94.9683
hungry	3	687456	94.9688
hunk	3	687459	94.9692
hypotheker	3	687462	94.9696
ietske	3	687465	94.97
igg	3	687468	94.9704
ii	3	687471	94.9708
indians	3	687474	94.9712
information	3	687477	94.9717
ing	3	687480	94.9721
ingelast	3	687483	94.9725
ingenomen	3	687486	94.9729
ingeschoten	3	687489	94.9733
ingeving	3	687492	94.9737
ingrid	3	687495	94.9741
inhoudelijk	3	687498	94.9746
inhoudelijke	3	687501	94.975
inkomen	3	687504	94.9754
inkruipen	3	687507	94.9758
inn	3	687510	94.9762
inno	3	687513	94.9766
inrichten	3	687516	94.977
inschrijving	3	687519	94.9775
inspiratie	3	687522	94.9779
instantie	3	687525	94.9783
interesseert	3	687528	94.9787
interieur	3	687531	94.9791
intratuin	3	687534	94.9795
invallen	3	687537	94.9799
invitatie	3	687540	94.9804
invited	3	687543	94.9808
inzet	3	687546	94.9812
ip	3	687549	94.9816
irene	3	687552	94.982
irssi	3	687555	94.9824
is't	3	687558	94.9828
isn't	3	687561	94.9833
italiaan	3	687564	94.9837
italië	3	687567	94.9841
item	3	687570	94.9845
jaargenoten	3	687573	94.9849
jacht	3	687576	94.9853
jack	3	687579	94.9857
jaloezie	3	687582	94.9862
jamie	3	687585	94.9866
jansen	3	687588	94.987
jatten	3	687591	94.9874
jeaaa	3	687594	94.9878
jeej	3	687597	94.9882
jetlag	3	687600	94.9886
jetzt	3	687603	94.9891
jeugdherberg	3	687606	94.9895
jeurn	3	687609	94.9899
jezus	3	687612	94.9903
jn	3	687615	94.9907
jobke	3	687618	94.9911
joehoe	3	687621	94.9915
john	3	687624	94.992
joining	3	687627	94.9924
jonas	3	687630	94.9928
jongeman	3	687633	94.9932
joni	3	687636	94.9936
jootje	3	687639	94.994
juhu	3	687642	94.9944
juichen	3	687645	94.9949
juij	3	687648	94.9953
jus	3	687651	94.9957
juul	3	687654	94.9961
kaak	3	687657	94.9965
kaakchirurg	3	687660	94.9969
kaal	3	687663	94.9973
kaarsen	3	687666	94.9978
kaaskroket	3	687669	94.9982
kabels	3	687672	94.9986
kabouter	3	687675	94.999
kados	3	687678	94.9994
kakken	3	687681	94.9998
kakkie	3	687684	95.0002
kamertje	3	687687	95.0007
kandinsky	3	687690	95.0011
kano	3	687693	95.0015
kapelweekend	3	687696	95.0019
kapsel	3	687699	95.0023
kar	3	687702	95.0027
kareltje	3	687705	95.0031
karig	3	687708	95.0036
kasten	3	687711	95.004
katrien	3	687714	95.0044
kbegin	3	687717	95.0048
kek	3	687720	95.0052
kekke	3	687723	95.0056
kelly's	3	687726	95.0061
kerkdienst	3	687729	95.0065
kerlinnen	3	687732	95.0069
kerstkaart	3	687735	95.0073
kerstpakket	3	687738	95.0077
keukenploeg	3	687741	95.0081
keuren	3	687744	95.0085
keuzes	3	687747	95.009
kevin	3	687750	95.0094
keyboard	3	687753	95.0098
kfc	3	687756	95.0102
ki	3	687759	95.0106
kicking	3	687762	95.011
kilo's	3	687765	95.0114
kinderboerderij	3	687768	95.0119
kinepolis	3	687771	95.0123
kinky	3	687774	95.0127
kisses	3	687777	95.0131
kisten	3	687780	95.0135
kits	3	687783	95.0139
kittens	3	687786	95.0143
klantenservice	3	687789	95.0148
klasse	3	687792	95.0152
klassiek	3	687795	95.0156
klassieke	3	687798	95.016
kleden	3	687801	95.0164
kleed	3	687804	95.0168
klef	3	687807	95.0172
kleintjes	3	687810	95.0177
kluizen	3	687813	95.0181
knapt	3	687816	95.0185
knew	3	687819	95.0189
knieen	3	687822	95.0193
knn	3	687825	95.0197
knokken	3	687828	95.0201
knopjes	3	687831	95.0206
knuf	3	687834	95.021
knutselen	3	687837	95.0214
kocht	3	687840	95.0218
koeien	3	687843	95.0222
koeken	3	687846	95.0226
koelt	3	687849	95.023
koer	3	687852	95.0235
koffiezaak	3	687855	95.0239
koksijde	3	687858	95.0243
kolonisten	3	687861	95.0247
kompas	3	687864	95.0251
kooi	3	687867	95.0255
kortste	3	687870	95.0259
korvelseweg	3	687873	95.0264
kostte	3	687876	95.0268
kotje	3	687879	95.0272
kotsen	3	687882	95.0276
kraam	3	687885	95.028
krampen	3	687888	95.0284
kranten	3	687891	95.0288
krat	3	687894	95.0293
kringboekje	3	687897	95.0297
kristof	3	687900	95.0301
kritiek	3	687903	95.0305
kroket	3	687906	95.0309
kromme	3	687909	95.0313
kruis	3	687912	95.0317
krygt	3	687915	95.0322
kunst	3	687918	95.0326
kuskuskuskus	3	687921	95.033
kuss	3	687924	95.0334
kussss	3	687927	95.0338
kutdag	3	687930	95.0342
kutten	3	687933	95.0346
kutwijf	3	687936	95.0351
kvoel	3	687939	95.0355
kvroeg	3	687942	95.0359
kw	3	687945	95.0363
kwaadaardig	3	687948	95.0367
kwalificatie	3	687951	95.0371
kwartierke	3	687954	95.0375
kwast	3	687957	95.038
kweetnie	3	687960	95.0384
kwou	3	687963	95.0388
kxie	3	687966	95.0392
kyk	3	687969	95.0396
kzen	3	687972	95.04
ké	3	687975	95.0404
laagje	3	687978	95.0409
laatsten	3	687981	95.0413
lack	3	687984	95.0417
laffe	3	687987	95.0421
lage	3	687990	95.0425
lagen	3	687993	95.0429
laks	3	687996	95.0433
lame	3	687999	95.0438
lamme	3	688002	95.0442
lanka	3	688005	95.0446
lately	3	688008	95.045
latere	3	688011	95.0454
laude	3	688014	95.0458
laurens	3	688017	95.0463
lawaai	3	688020	95.0467
leeuw	3	688023	95.0471
legaal	3	688026	95.0475
legendarische	3	688029	95.0479
leger	3	688032	95.0483
lego	3	688035	95.0487
legt	3	688038	95.0492
leider	3	688041	95.0496
lekkerding	3	688044	95.05
lekkerste	3	688047	95.0504
lekkertje	3	688050	95.0508
lening	3	688053	95.0512
lenz	3	688056	95.0516
leraar	3	688059	95.0521
lesgeven	3	688062	95.0525
lesje	3	688065	95.0529
letter	3	688068	95.0533
leutig	3	688071	95.0537
lezingen	3	688074	95.0541
liebe	3	688077	95.0545
liedjeslijst	3	688080	95.055
lieveling	3	688083	95.0554
lievelings	3	688086	95.0558
lieverds	3	688089	95.0562
liften	3	688092	95.0566
ligament	3	688095	95.057
lijsten	3	688098	95.0574
limiet	3	688101	95.0579
limonade	3	688104	95.0583
linkerduim	3	688107	95.0587
list	3	688110	95.0591
literatuur	3	688113	95.0595
liters	3	688116	95.0599
lo	3	688119	95.0603
locaties	3	688122	95.0608
loetje	3	688125	95.0612
logeerkamer	3	688128	95.0616
logistiek	3	688131	95.062
lokerse	3	688134	95.0624
lompe	3	688137	95.0628
london	3	688140	95.0632
longer	3	688143	95.0637
lord	3	688146	95.0641
lotje	3	688149	95.0645
lovely	3	688152	95.0649
lover	3	688155	95.0653
luc	3	688158	95.0657
lucky	3	688161	95.0661
luieren	3	688164	95.0666
luk	3	688167	95.067
lukaku	3	688170	95.0674
lukkn	3	688173	95.0678
lullig	3	688176	95.0682
lunchtijd	3	688179	95.0686
lungo	3	688182	95.069
luttele	3	688185	95.0695
lux	3	688188	95.0699
luxemburg	3	688191	95.0703
ly	3	688194	95.0707
lykt	3	688197	95.0711
maalcie	3	688200	95.0715
maaltijdcheques	3	688203	95.0719
maartje	3	688206	95.0724
machtiging	3	688209	95.0728
mailadressen	3	688212	95.0732
making	3	688215	95.0736
malle	3	688218	95.074
manager	3	688221	95.0744
mandje	3	688224	95.0748
manja	3	688227	95.0753
mankeert	3	688230	95.0757
marco	3	688233	95.0761
margi	3	688236	95.0765
marimain	3	688239	95.0769
marjan	3	688242	95.0773
marjolein	3	688245	95.0777
marloes	3	688248	95.0782
mart	3	688251	95.0786
masters	3	688254	95.079
matrasje	3	688257	95.0794
maud	3	688260	95.0798
mayonaise	3	688263	95.0802
mb	3	688266	95.0806
mechanica	3	688269	95.0811
medica	3	688272	95.0815
meegedaan	3	688275	95.0819
meegegeven	3	688278	95.0823
meegekomen	3	688281	95.0827
meegepakt	3	688284	95.0831
meej	3	688287	95.0836
meent	3	688290	95.084
meepikken	3	688293	95.0844
meevallen	3	688296	95.0848
mekaar	3	688299	95.0852
mentaliteit	3	688302	95.0856
mention	3	688305	95.086
menza	3	688308	95.0865
merkte	3	688311	95.0869
messages	3	688314	95.0873
methode	3	688317	95.0877
methoden	3	688320	95.0881
michele	3	688323	95.0885
migraine	3	688326	95.0889
miljard	3	688329	95.0894
milo	3	688332	95.0898
minibar	3	688335	95.0902
minimum	3	688338	95.0906
ministerie	3	688341	95.091
mink	3	688344	95.0914
mins	3	688347	95.0918
mislopen	3	688350	95.0923
mislukt	3	688353	95.0927
misselijkheid	3	688356	95.0931
misten	3	688359	95.0935
mister	3	688362	95.0939
misverstand	3	688365	95.0943
mits	3	688368	95.0947
mm.	3	688371	95.0952
mobile	3	688374	95.0956
modus	3	688377	95.096
moeheid	3	688380	95.0964
moeje	3	688383	95.0968
mogn	3	688386	95.0972
moi	3	688389	95.0976
mok	3	688392	95.0981
molen	3	688395	95.0985
mondeling	3	688398	95.0989
monne	3	688401	95.0993
monstertjes	3	688404	95.0997
monteur	3	688407	95.1001
morgenvoormiddag	3	688410	95.1005
morgnavnd	3	688413	95.101
mosterd	3	688416	95.1014
mother	3	688419	95.1018
motorfiets	3	688422	95.1022
mouwen	3	688425	95.1026
moves	3	688428	95.103
mozarella	3	688431	95.1034
mr.	3	688434	95.1039
mrt	3	688437	95.1043
mtv	3	688440	95.1047
muesli	3	688443	95.1051
muf	3	688446	95.1055
muffin	3	688449	95.1059
munten	3	688452	95.1063
muren	3	688455	95.1068
muzikale	3	688458	95.1072
myrthe	3	688461	95.1076
mét	3	688464	95.108
méér	3	688467	95.1084
naald	3	688470	95.1088
naborrel	3	688473	95.1092
nach	3	688476	95.1097
nachttrein	3	688479	95.1101
nachtwerk	3	688482	95.1105
nachtzoen	3	688485	95.1109
naderhand	3	688488	95.1113
nadine	3	688491	95.1117
naja	3	688494	95.1121
natuurijs	3	688497	95.1126
neergelegd	3	688500	95.113
neerzetten	3	688503	95.1134
nekkanacht	3	688506	95.1138
nerden	3	688509	95.1142
neurologische	3	688512	95.1146
nichtjes	3	688515	95.115
niek	3	688518	95.1155
nights	3	688521	95.1159
nmg	3	688524	95.1163
nodigen	3	688527	95.1167
noemde	3	688530	95.1171
noi	3	688533	95.1175
nonstop	3	688536	95.1179
noordeinde	3	688539	95.1184
nrt	3	688542	95.1188
ns.nl	3	688545	95.1192
nuit	3	688548	95.1196
nèt	3	688551	95.12
nét	3	688554	95.1204
o.	3	688557	95.1208
o_O	3	688560	95.1213
oad.nl	3	688563	95.1217
oefeningetjes	3	688566	95.1221
oest	3	688569	95.1225
offerte	3	688572	95.1229
oker	3	688575	95.1233
oliver	3	688578	95.1238
ombudsman	3	688581	95.1242
omgeleid	3	688584	95.1246
omkomen	3	688587	95.125
omreizen	3	688590	95.1254
omzeild	3	688593	95.1258
onbeleefd	3	688596	95.1262
onderbroek	3	688599	95.1267
onderdak	3	688602	95.1271
ondergoed	3	688605	95.1275
onderhandelen	3	688608	95.1279
onderste	3	688611	95.1283
ondersteboven	3	688614	95.1287
ondertiteling	3	688617	95.1291
ondertitels	3	688620	95.1296
onderwijs	3	688623	95.13
onderzoeken	3	688626	95.1304
onduidelijke	3	688629	95.1308
ontbijtje	3	688632	95.1312
onterecht	3	688635	95.1316
onthoud	3	688638	95.132
ontploft	3	688641	95.1325
ontslag	3	688644	95.1329
ontspan	3	688647	95.1333
ontspanning	3	688650	95.1337
ontstoken	3	688653	95.1341
onverwachte	3	688656	95.1345
onweert	3	688659	95.1349
onwerkelijk	3	688662	95.1354
onzeker	3	688665	95.1358
onzen	3	688668	95.1362
ooh	3	688671	95.1366
oordelen	3	688674	95.137
oostakker	3	688677	95.1374
oostrozebeke	3	688680	95.1378
opbeuren	3	688683	95.1383
opdrinken	3	688686	95.1387
opera	3	688689	95.1391
opgave	3	688692	95.1395
opgehangen	3	688695	95.1399
opgemaakt	3	688698	95.1403
opgemeten	3	688701	95.1407
opgepakt	3	688704	95.1412
opgezegd	3	688707	95.1416
ophouden	3	688710	95.142
opkuisen	3	688713	95.1424
opnam	3	688716	95.1428
oprecht	3	688719	95.1432
oprit	3	688722	95.1436
opstijgen	3	688725	95.1441
opzich	3	688728	95.1445
orfie	3	688731	95.1449
organiseren	3	688734	95.1453
originele	3	688737	95.1457
orleans	3	688740	95.1461
oss	3	688743	95.1465
ovenschotel	3	688746	95.147
overgeven	3	688749	95.1474
overhoop	3	688752	95.1478
overnachten	3	688755	95.1482
oversteken	3	688758	95.1486
page	3	688761	95.149
pain	3	688764	95.1494
pakkn	3	688767	95.1499
paleis	3	688770	95.1503
pan	3	688773	95.1507
pand	3	688776	95.1511
panels	3	688779	95.1515
panne	3	688782	95.1519
panty	3	688785	95.1523
paprika	3	688788	95.1528
parade	3	688791	95.1532
paraplu's	3	688794	95.1536
parents	3	688797	95.154
parkeergarage	3	688800	95.1544
parket	3	688803	95.1548
parttimedag	3	688806	95.1552
pascal	3	688809	95.1557
patatten	3	688812	95.1561
patershol	3	688815	95.1565
patrick	3	688818	95.1569
peda	3	688821	95.1573
peer	3	688824	95.1577
periode	3	688827	95.1581
pers	3	688830	95.1586
perse	3	688833	95.159
personeel	3	688836	95.1594
personeelsdienst	3	688839	95.1598
perspectief	3	688842	95.1602
peuken	3	688845	95.1606
peux	3	688848	95.161
philipe	3	688851	95.1615
philippe	3	688854	95.1619
picture	3	688857	95.1623
piepje	3	688860	95.1627
pijnlijke	3	688863	95.1631
pijnstillers	3	688866	95.1635
pijp	3	688869	95.164
pil	3	688872	95.1644
pilletje	3	688875	95.1648
pilsjes	3	688878	95.1652
pissen	3	688881	95.1656
pita	3	688884	95.166
pizzaatje	3	688887	95.1664
plaatje	3	688890	95.1669
plakband	3	688893	95.1673
plane	3	688896	95.1677
planken	3	688899	95.1681
plannetje	3	688902	95.1685
plassen	3	688905	95.1689
play	3	688908	95.1693
pleasant	3	688911	95.1698
pleintje	3	688914	95.1702
plekkie	3	688917	95.1706
ploegen	3	688920	95.171
poesje	3	688923	95.1714
polish	3	688926	95.1718
pols	3	688929	95.1722
pomp	3	688932	95.1727
popronde	3	688935	95.1731
por	3	688938	95.1735
porters	3	688941	95.1739
portie	3	688944	95.1743
porto	3	688947	95.1747
potkulcs	3	688950	95.1751
praag	3	688953	95.1756
practice	3	688956	95.176
pre-party	3	688959	95.1764
premaman	3	688962	95.1768
prepare	3	688965	95.1772
presentaties	3	688968	95.1776
prihima	3	688971	95.178
prince	3	688974	95.1785
printerpapier	3	688977	95.1789
procedures	3	688980	95.1793
prochaine	3	688983	95.1797
proefrit	3	688986	95.1801
proggen	3	688989	95.1805
promo	3	688992	95.1809
proof	3	688995	95.1814
proosten	3	688998	95.1818
propedeuse	3	689001	95.1822
proposal	3	689004	95.1826
proud	3	689007	95.183
provider	3	689010	95.1834
prutsen	3	689013	95.1838
psychiater	3	689016	95.1843
psycho	3	689019	95.1847
pubkwisje	3	689022	95.1851
puck	3	689025	95.1855
pussy	3	689028	95.1859
pw	3	689031	95.1863
quiche	3	689034	95.1867
quick	3	689037	95.1872
quiet	3	689040	95.1876
quinten	3	689043	95.188
raadsel	3	689046	95.1884
ramp	3	689049	95.1888
rapper	3	689052	95.1892
rat	3	689055	95.1896
rather	3	689058	95.1901
razend	3	689061	95.1905
realiseer	3	689064	95.1909
realiseerde	3	689067	95.1913
received	3	689070	95.1917
rechter	3	689073	95.1921
recordpoging	3	689076	95.1925
redt	3	689079	95.193
regenjas	3	689082	95.1934
reggae	3	689085	95.1938
reistijd	3	689088	95.1942
rekken	3	689091	95.1946
reparatie	3	689094	95.195
repetitie	3	689097	95.1954
rescue	3	689100	95.1959
reserve	3	689103	95.1963
reservesleutels	3	689106	95.1967
resterende	3	689109	95.1971
restje	3	689112	95.1975
restjes	3	689115	95.1979
retourtje	3	689118	95.1983
reviews	3	689121	95.1988
richten	3	689124	95.1992
rijke	3	689127	95.1996
rijles	3	689130	95.2
rijst	3	689133	95.2004
rijtje	3	689136	95.2008
rikh	3	689139	95.2012
ritje	3	689142	95.2017
rok	3	689145	95.2021
romantische	3	689148	95.2025
rondcrossen	3	689151	95.2029
ronselen	3	689154	95.2033
roommate	3	689157	95.2037
ros	3	689160	95.2042
rotdag	3	689163	95.2046
royale	3	689166	95.205
rtl	3	689169	95.2054
rugpijn	3	689172	95.2058
ruiten	3	689175	95.2062
ruk	3	689178	95.2066
rutger	3	689181	95.2071
sabbeltje	3	689184	95.2075
sachempakjes	3	689187	95.2079
saf	3	689190	95.2083
sake	3	689193	95.2087
salsa	3	689196	95.2091
sam	3	689199	95.2095
sandra	3	689202	95.21
sap	3	689205	95.2104
sate	3	689208	95.2108
saus	3	689211	95.2112
says	3	689214	95.2116
schaamhaar	3	689217	95.212
schattige	3	689220	95.2124
scheef	3	689223	95.2129
schelen	3	689226	95.2133
schenken	3	689229	95.2137
schermen	3	689232	95.2141
scheurtje	3	689235	95.2145
schijn	3	689238	95.2149
schillen	3	689241	95.2153
schnell	3	689244	95.2158
schooldag	3	689247	95.2162
schoonzus	3	689250	95.2166
schorpioen	3	689253	95.217
schot	3	689256	95.2174
schouders	3	689259	95.2178
schrobbeler	3	689262	95.2182
schuimparty	3	689265	95.2187
schuin	3	689268	95.2191
scrabble	3	689271	95.2195
scriptiehok	3	689274	95.2199
seat	3	689277	95.2203
sebas	3	689280	95.2207
sebbe	3	689283	95.2211
seconde	3	689286	95.2216
sehen	3	689289	95.222
serie	3	689292	95.2224
servaas	3	689295	95.2228
servies	3	689298	95.2232
shall	3	689301	95.2236
shamrock	3	689304	95.224
share	3	689307	95.2245
shirtje	3	689310	95.2249
shoestring	3	689313	95.2253
shuttle	3	689316	95.2257
sierra	3	689319	95.2261
sigaretje	3	689322	95.2265
simkaart	3	689325	95.2269
simone	3	689328	95.2274
sinaasappel	3	689331	95.2278
single	3	689334	95.2282
sion	3	689337	95.2286
sip	3	689340	95.229
sjaal	3	689343	95.2294
sjoe	3	689346	95.2298
skagerrak	3	689349	95.2303
skieen	3	689352	95.2307
slaapje	3	689355	95.2311
slaapzacht	3	689358	95.2315
slapie	3	689361	95.2319
slechtste	3	689364	95.2323
sleutelbos	3	689367	95.2327
sleutelen	3	689370	95.2332
sleutelhanger	3	689373	95.2336
sloom	3	689376	95.234
smaken	3	689379	95.2344
smeer	3	689382	95.2348
smoes	3	689385	95.2352
smssen	3	689388	95.2356
smullen	3	689391	95.2361
smullie	3	689394	95.2365
snachts	3	689397	95.2369
snappen	3	689400	95.2373
sneakers	3	689403	95.2377
sneeuwen	3	689406	95.2381
sneeuwstorm	3	689409	95.2385
snif	3	689412	95.239
snikheet	3	689415	95.2394
snorry	3	689418	95.2398
snurken	3	689421	95.2402
sober	3	689424	95.2406
society	3	689427	95.241
soft	3	689430	95.2415
sol	3	689433	95.2419
solution	3	689436	95.2423
someone	3	689439	95.2427
sometime	3	689442	95.2431
songfestival	3	689445	95.2435
soul	3	689448	95.2439
souvenir	3	689451	95.2444
souvenirs	3	689454	95.2448
spandoek	3	689457	95.2452
speciaalbier	3	689460	95.2456
specifiek	3	689463	95.246
specs	3	689466	95.2464
spectaculair	3	689469	95.2468
speelde	3	689472	95.2473
speelgoed	3	689475	95.2477
speelplaats	3	689478	95.2481
speler	3	689481	95.2485
spelfout	3	689484	95.2489
spelling	3	689487	95.2493
spetterend	3	689490	95.2497
speuren	3	689493	95.2502
speurtocht	3	689496	95.2506
spijker	3	689499	95.251
sponsoren	3	689502	95.2514
sportbroekje	3	689505	95.2518
sportpark	3	689508	95.2522
sports	3	689511	95.2526
spot	3	689514	95.2531
spotify	3	689517	95.2535
spreeks	3	689520	95.2539
sri	3	689523	95.2543
stadion	3	689526	95.2547
stadt	3	689529	95.2551
staken	3	689532	95.2555
staking	3	689535	95.256
stalken	3	689538	95.2564
stand-up	3	689541	95.2568
standard	3	689544	95.2572
standbeeld	3	689547	95.2576
stapelgek	3	689550	95.258
stapke	3	689553	95.2584
started	3	689556	95.2589
starting	3	689559	95.2593
stationshal	3	689562	95.2597
statistieken	3	689565	95.2601
steekt	3	689568	95.2605
steenweg	3	689571	95.2609
steil	3	689574	95.2613
stek	3	689577	95.2618
stekker	3	689580	95.2622
stekkers	3	689583	95.2626
stenen	3	689586	95.263
stephen	3	689589	95.2634
sterren	3	689592	95.2638
stiften	3	689595	95.2642
stilgestaan	3	689598	95.2647
stiller	3	689601	95.2651
stilzitten	3	689604	95.2655
stockholm	3	689607	95.2659
stofzuiger	3	689610	95.2663
stokbrood	3	689613	95.2667
stoofpeertjes	3	689616	95.2671
stoort	3	689619	95.2676
stoute	3	689622	95.268
strakkies	3	689625	95.2684
stralend	3	689628	95.2688
stralende	3	689631	95.2692
streepje	3	689634	95.2696
streepjes	3	689637	95.27
strepen	3	689640	95.2705
strijk	3	689643	95.2709
strip	3	689646	95.2713
stroom	3	689649	95.2717
stu	3	689652	95.2721
studiën	3	689655	95.2725
study	3	689658	95.2729
stuwmeer	3	689661	95.2734
subtiel	3	689664	95.2738
suck	3	689667	95.2742
sugar	3	689670	95.2746
suggest	3	689673	95.275
suggestie	3	689676	95.2754
suis	3	689679	95.2758
sukkels	3	689682	95.2763
sultan	3	689685	95.2767
sunblock	3	689688	95.2771
sunshine	3	689691	95.2775
superbenieuwd	3	689694	95.2779
superblij	3	689697	95.2783
superdruk	3	689700	95.2787
suz	3	689703	95.2792
sweetie	3	689706	95.2796
symfonie	3	689709	95.28
synchroniseren	3	689712	95.2804
taal	3	689715	95.2808
table	3	689718	95.2812
tak	3	689721	95.2817
taken	3	689724	95.2821
takraden	3	689727	95.2825
tantes	3	689730	95.2829
tea	3	689733	95.2833
teamgenoot	3	689736	95.2837
tekens	3	689739	95.2841
telefoonboek	3	689742	95.2846
telefoonnr	3	689745	95.285
telefoontjes	3	689748	95.2854
televee	3	689751	95.2858
televisie	3	689754	95.2862
telnr	3	689757	95.2866
tenen	3	689760	95.287
tennis	3	689763	95.2875
tentoonstelling	3	689766	95.2879
term	3	689769	95.2883
termen	3	689772	95.2887
teruggekomen	3	689775	95.2891
teruggekregen	3	689778	95.2895
teruggeven	3	689781	95.2899
teruggevonden	3	689784	95.2904
terugkeren	3	689787	95.2908
terugkijken	3	689790	95.2912
terugkomt	3	689793	95.2916
terugsmsen	3	689796	95.292
terugsturen	3	689799	95.2924
testshoot	3	689802	95.2928
tga	3	689805	95.2933
thalys	3	689808	95.2937
thamel	3	689811	95.2941
thank	3	689814	95.2945
thans	3	689817	95.2949
theoretisch	3	689820	95.2953
these	3	689823	95.2957
thuisblijven	3	689826	95.2962
thuiskomen	3	689829	95.2966
tiens	3	689832	95.297
tientje	3	689835	95.2974
tijdsverschil	3	689838	95.2978
tijgers	3	689841	95.2982
tijn	3	689844	95.2986
tik	3	689847	95.2991
tine	3	689850	95.2995
tnx	3	689853	95.2999
toegang	3	689856	95.3003
toegeven	3	689859	95.3007
toekomt	3	689862	95.3011
toerke	3	689865	95.3015
toertje	3	689868	95.302
toetsen	3	689871	95.3024
tog	3	689874	95.3028
tomas	3	689877	95.3032
toneel	3	689880	95.3036
tong	3	689883	95.304
tony	3	689886	95.3044
took	3	689889	95.3049
toont	3	689892	95.3053
topfit	3	689895	95.3057
toppertje	3	689898	95.3061
totdat	3	689901	95.3065
tout	3	689904	95.3069
transport	3	689907	95.3073
trappelen	3	689910	95.3078
treden	3	689913	95.3082
treinkaartjes	3	689916	95.3086
treinstel	3	689919	95.309
treintje	3	689922	95.3094
triest	3	689925	95.3098
trio	3	689928	95.3102
trommelvlies	3	689931	95.3107
tsja	3	689934	95.3111
tspijt	3	689937	95.3115
tsss	3	689940	95.3119
tsssss	3	689943	95.3123
tuesday	3	689946	95.3127
tuincentrum	3	689949	95.3131
turns	3	689952	95.3136
tussenuit	3	689955	95.314
tuur	3	689958	95.3144
tva	3	689961	95.3148
tweet	3	689964	95.3152
twerk	3	689967	95.3156
types	3	689970	95.316
typisch	3	689973	95.3165
typt	3	689976	95.3169
tze	3	689979	95.3173
tziet	3	689982	95.3177
tè	3	689985	95.3181
té	3	689988	95.3185
uitdrinken	3	689991	95.3189
uitgekozen	3	689994	95.3194
uitgeput	3	689997	95.3198
uitgespeeld	3	690000	95.3202
uitgezet	3	690003	95.3206
uitgezocht	3	690006	95.321
uitgezonden	3	690009	95.3214
uitkomst	3	690012	95.3219
uitloop	3	690015	95.3223
uitpakken	3	690018	95.3227
uitschrijven	3	690021	95.3231
uitspraak	3	690024	95.3235
uitsteken	3	690027	95.3239
uitvoeren	3	690030	95.3243
uitwerken	3	690033	95.3248
ulder	3	690036	95.3252
understand	3	690039	95.3256
une	3	690042	95.326
unief	3	690045	95.3264
univ	3	690048	95.3268
updaten	3	690051	95.3272
urgent	3	690054	95.3277
url	3	690057	95.3281
using	3	690060	95.3285
vaatwas	3	690063	95.3289
vaatwasser	3	690066	95.3293
vage	3	690069	95.3297
vagina	3	690072	95.3301
vakantiegeld	3	690075	95.3306
vakantieman	3	690078	95.331
valentijn	3	690081	95.3314
vandoor	3	690084	95.3318
variant	3	690087	95.3322
varkenshaas	3	690090	95.3326
vastgelopen	3	690093	95.333
vasthouden	3	690096	95.3335
veenendaal	3	690099	95.3339
vegetarische	3	690102	95.3343
veilige	3	690105	95.3347
veiligheid	3	690108	95.3351
veiling	3	690111	95.3355
venlo	3	690114	95.3359
vensterbank	3	690117	95.3364
verband	3	690120	95.3368
verbetering	3	690123	95.3372
verblijf	3	690126	95.3376
verboden	3	690129	95.338
verdelen	3	690132	95.3384
verderop	3	690135	95.3388
verdiep	3	690138	95.3393
verdoving	3	690141	95.3397
verdrinken	3	690144	95.3401
verdwijning	3	690147	95.3405
vergelijkbaar	3	690150	95.3409
vergelijken	3	690153	95.3413
vergis	3	690156	95.3417
verholpen	3	690159	95.3422
verjaardagsbiertje	3	690162	95.3426
verjaardagscadeautje	3	690165	95.343
verklapt	3	690168	95.3434
verklaring	3	690171	95.3438
verkoop	3	690174	95.3442
verkoopt	3	690177	95.3446
verkoper	3	690180	95.3451
verlanglijst	3	690183	95.3455
verleidelijk	3	690186	95.3459
verliep	3	690189	95.3463
vermeld	3	690192	95.3467
vermoeiende	3	690195	95.3471
vermoord	3	690198	95.3475
veronica	3	690201	95.348
verpesten	3	690204	95.3484
verplichtingen	3	690207	95.3488
verrassingen	3	690210	95.3492
verrast	3	690213	95.3496
versieren	3	690216	95.35
versies	3	690219	95.3504
verstoord	3	690222	95.3509
verstoppen	3	690225	95.3513
verstoring	3	690228	95.3517
vertelt	3	690231	95.3521
vertier	3	690234	95.3525
vertrekkn	3	690237	95.3529
verveelt	3	690240	95.3533
verven	3	690243	95.3538
vervroegd	3	690246	95.3542
verwachting	3	690249	95.3546
verwarrend	3	690252	95.355
verzameling	3	690255	95.3554
verzorgd	3	690258	95.3558
vesting	3	690261	95.3562
veul	3	690264	95.3567
vielen	3	690267	95.3571
vijven	3	690270	95.3575
vijzen	3	690273	95.3579
vin	3	690276	95.3583
vincent	3	690279	95.3587
vinder	3	690282	95.3591
vindn	3	690285	95.3596
visie	3	690288	95.36
vlaai	3	690291	95.3604
vlgd	3	690294	95.3608
vliegtuigen	3	690297	95.3612
vloei	3	690300	95.3616
vloek	3	690303	95.3621
vloeken	3	690306	95.3625
vlotjes	3	690309	95.3629
vlotte	3	690312	95.3633
vlotten	3	690315	95.3637
vndg	3	690318	95.3641
vnl	3	690321	95.3645
vogeltje	3	690324	95.365
voice	3	690327	95.3654
volgepland	3	690330	95.3658
volgorde	3	690333	95.3662
volkshuis	3	690336	95.3666
volkskrant	3	690339	95.367
voltijdse	3	690342	95.3674
volzet	3	690345	95.3679
von	3	690348	95.3683
vondet	3	690351	95.3687
vooralsnog	3	690354	95.3691
voorkomen	3	690357	95.3695
voornaamste	3	690360	95.3699
voornemen	3	690363	95.3703
voorprogramma	3	690366	95.3708
voorste	3	690369	95.3712
voortdurend	3	690372	95.3716
voortuin	3	690375	95.372
vooruitzicht	3	690378	95.3724
voorzitten	3	690381	95.3728
vorderingen	3	690384	95.3732
vork	3	690387	95.3737
vormen	3	690390	95.3741
vormt	3	690393	95.3745
vouwfiets	3	690396	95.3749
vreugde	3	690399	95.3753
vriendinneke	3	690402	95.3757
vrieskou	3	690405	95.3761
vriezen	3	690408	95.3766
vrijdagochtend	3	690411	95.377
vroegere	3	690414	95.3774
vrolijker	3	690417	95.3778
vrouwelijk	3	690420	95.3782
vrouwtjes	3	690423	95.3786
vs	3	690426	95.379
vu	3	690429	95.3795
vulling	3	690432	95.3799
vuvuzela	3	690435	95.3803
waardeloze	3	690438	95.3807
waaronder	3	690441	95.3811
waarschuwing	3	690444	95.3815
wad	3	690447	95.3819
wafels	3	690450	95.3824
wasn't	3	690453	95.3828
waterstof	3	690456	95.3832
watje	3	690459	95.3836
wc-papier	3	690462	95.384
weather	3	690465	95.3844
wee	3	690468	95.3848
weegschaal	3	690471	95.3853
weeks	3	690474	95.3857
weerhouden	3	690477	95.3861
weetje	3	690480	95.3865
weggegaan	3	690483	95.3869
weggegeven	3	690486	95.3873
weggelegd	3	690489	95.3877
wegrijden	3	690492	95.3882
werf	3	690495	95.3886
werkende	3	690498	95.389
werkgroepen	3	690501	95.3894
werking	3	690504	95.3898
werkje	3	690507	95.3902
werktijd	3	690510	95.3906
westermarkt	3	690513	95.3911
wetn	3	690516	95.3915
wheels	3	690519	95.3919
whisky	3	690522	95.3923
who's	3	690525	95.3927
whole	3	690528	95.3931
whom	3	690531	95.3935
wiek	3	690534	95.394
wijzigen	3	690537	95.3944
wille	3	690540	95.3948
windows	3	690543	95.3952
winnaars	3	690546	95.3956
winterbanden	3	690549	95.396
wisselvallig	3	690552	95.3964
wissen	3	690555	95.3969
woehoew	3	690558	95.3973
woelen	3	690561	95.3977
wondering	3	690564	95.3981
woordenboek	3	690567	95.3985
words	3	690570	95.3989
wouden	3	690573	95.3994
woutie	3	690576	95.3998
wow	3	690579	95.4002
wreed	3	690582	95.4006
wrong	3	690585	95.401
wssl	3	690588	95.4014
wtf	3	690591	95.4018
xtc	3	690594	95.4023
xxkirsten	3	690597	95.4027
xxxjes	3	690600	95.4031
xxxxxxx	3	690603	95.4035
yoga	3	690606	95.4039
yoghurt	3	690609	95.4043
yours	3	690612	95.4047
yvonne	3	690615	95.4052
zaagbal	3	690618	95.4056
zachter	3	690621	95.406
zakelijk	3	690624	95.4064
zanger	3	690627	95.4068
zangles	3	690630	95.4072
zaterdagmiddag	3	690633	95.4076
zaterdagnamiddag	3	690636	95.4081
zayco	3	690639	95.4085
zeehond	3	690642	95.4089
zeep	3	690645	95.4093
zegen	3	690648	95.4097
zegge	3	690651	95.4101
zelden	3	690654	95.4105
zelfmoord	3	690657	95.411
zere	3	690660	95.4114
zetels	3	690663	95.4118
zevenen	3	690666	95.4122
zieke	3	690669	95.4126
zielen	3	690672	95.413
zijkant	3	690675	95.4134
zijnen	3	690678	95.4139
zingt	3	690681	95.4143
zinnen	3	690684	95.4147
zis	3	690687	95.4151
zkh	3	690690	95.4155
zoe	3	690693	95.4159
zolder	3	690696	95.4163
zondagen	3	690699	95.4168
zonnebank	3	690702	95.4172
zonnen	3	690705	95.4176
zussen	3	690708	95.418
zut	3	690711	95.4184
zuurstof	3	690714	95.4188
zwaai	3	690717	95.4192
zweten	3	690720	95.4197
zz	3	690723	95.4201
£	3	690726	95.4205
Ça	3	690729	95.4209
Èn	3	690732	95.4213
Één	3	690735	95.4217
ál	3	690738	95.4221
érg	3	690741	95.4226
òf	3	690744	95.423
!!!!!!!!	2	690746	95.4232
!-	2	690748	95.4235
!.	2	690750	95.4238
!?!?	2	690752	95.4241
-.	2	690754	95.4244
-13	2	690756	95.4246
-17	2	690758	95.4249
-3,33	2	690760	95.4252
....!	2	690762	95.4255
.58	2	690764	95.4257
0,0	2	690766	95.426
040	2	690768	95.4263
043	2	690770	95.4266
0494	2	690772	95.4268
0499	2	690774	95.4271
05:00	2	690776	95.4274
0614814449	2	690778	95.4277
0900	2	690780	95.4279
1.3	2	690782	95.4282
106	2	690784	95.4285
10:00	2	690786	95.4288
10:10	2	690788	95.4291
110	2	690790	95.4293
112	2	690792	95.4296
117	2	690794	95.4299
118	2	690796	95.4302
11:45	2	690798	95.4304
11e	2	690800	95.4307
12.15	2	690802	95.431
1200	2	690804	95.4313
1220	2	690806	95.4315
128	2	690808	95.4318
12:15	2	690810	95.4321
12e	2	690812	95.4324
13.45	2	690814	95.4326
1300	2	690816	95.4329
131	2	690818	95.4332
133	2	690820	95.4335
1350	2	690822	95.4337
13:35	2	690824	95.434
1415	2	690826	95.4343
1430	2	690828	95.4346
14:15	2	690830	95.4349
14:20	2	690832	95.4351
14de?	2	690834	95.4354
14e	2	690836	95.4357
15.05	2	690838	95.436
15:15	2	690840	95.4362
15:50	2	690842	95.4365
15de	2	690844	95.4368
16.00	2	690846	95.4371
16.15	2	690848	95.4373
16:03	2	690850	95.4376
16:30	2	690852	95.4379
17.05	2	690854	95.4382
17.15	2	690856	95.4384
1755	2	690858	95.4387
176	2	690860	95.439
17:00	2	690862	95.4393
17:45	2	690864	95.4396
17e.	2	690866	95.4398
18.15	2	690868	95.4401
18.30	2	690870	95.4404
18.45	2	690872	95.4407
180	2	690874	95.4409
1815	2	690876	95.4412
1845	2	690878	95.4415
18:05	2	690880	95.4418
18:15	2	690882	95.442
18:53	2	690884	95.4423
18de.	2	690886	95.4426
19.00	2	690888	95.4429
19.20	2	690890	95.4431
1905	2	690892	95.4434
1915	2	690894	95.4437
1918	2	690896	95.444
19:20	2	690898	95.4442
19:30	2	690900	95.4445
2,50	2	690902	95.4448
20.30	2	690904	95.4451
2007	2	690906	95.4454
2012	2	690908	95.4456
20:30	2	690910	95.4459
21.30	2	690912	95.4462
212	2	690914	95.4465
219	2	690916	95.4467
21:00	2	690918	95.447
21:15	2	690920	95.4473
21:30	2	690922	95.4476
21ste	2	690924	95.4478
22,50	2	690926	95.4481
220	2	690928	95.4484
225	2	690930	95.4487
2434	2	690932	95.4489
24e	2	690934	95.4492
26e	2	690936	95.4495
28e	2	690938	95.4498
3,5	2	690940	95.45
3.30	2	690942	95.4503
3000	2	690944	95.4506
308	2	690946	95.4509
31ste	2	690948	95.4512
33000	2	690950	95.4514
3e.	2	690952	95.4517
410	2	690954	95.452
421	2	690956	95.4523
5,6	2	690958	95.4525
5.1	2	690960	95.4528
5025	2	690962	95.4531
6.37	2	690964	95.4534
61	2	690966	95.4536
6511	2	690968	95.4539
7,1	2	690970	95.4542
7.30	2	690972	95.4545
73	2	690974	95.4547
77	2	690976	95.455
7:30	2	690978	95.4553
7e	2	690980	95.4556
8,50	2	690982	95.4559
857748	2	690984	95.4561
88	2	690986	95.4564
98	2	690988	95.4567
9876	2	690990	95.457
9971	2	690992	95.4572
9:00	2	690994	95.4575
:'S	2	690996	95.4578
:*	2	690998	95.4581
:-@	2	691000	95.4583
;$	2	691002	95.4586
<KROEGNAAM>	2	691004	95.4589
<PLAATSNAAM>	2	691006	95.4592
><	2	691008	95.4594
?!!	2	691010	95.4597
?...	2	691012	95.46
????	2	691014	95.4603
??????	2	691016	95.4605
A-M	2	691018	95.4608
A-team	2	691020	95.4611
A.	2	691022	95.4614
A.s.	2	691024	95.4617
ACC	2	691026	95.4619
ADHD	2	691028	95.4622
AK	2	691030	95.4625
ANS	2	691032	95.4628
APK	2	691034	95.463
Aaaaah	2	691036	95.4633
Aachaa	2	691038	95.4636
Aanmoedigingskusje	2	691040	95.4639
Aardappels	2	691042	95.4641
Abel	2	691044	95.4644
Abma	2	691046	95.4647
Accidentally	2	691048	95.465
Achteraf	2	691050	95.4652
Achterlijk	2	691052	95.4655
Achzo	2	691054	95.4658
Actiaat	2	691056	95.4661
Actually	2	691058	95.4664
Adam	2	691060	95.4666
Af	2	691062	95.4669
Afgelopen	2	691064	95.4672
Afgestudeerd	2	691066	95.4675
Afhaker	2	691068	95.4677
Afhankelijk	2	691070	95.468
Afterparty	2	691072	95.4683
Afterwards	2	691074	95.4686
Afwachten	2	691076	95.4688
Ahaa	2	691078	95.4691
Ahhh	2	691080	95.4694
Ahnjaa	2	691082	95.4697
Aie	2	691084	95.4699
Aike	2	691086	95.4702
Ajaj	2	691088	95.4705
Alas	2	691090	95.4708
Aldus	2	691092	95.471
Alev	2	691094	95.4713
Alfred	2	691096	95.4716
Alicante	2	691098	95.4719
Alice	2	691100	95.4722
Alive	2	691102	95.4724
Allang	2	691104	95.4727
Alleman	2	691106	95.473
Allerlei	2	691108	95.4733
Allicht	2	691110	95.4735
Allstars	2	691112	95.4738
Alpha	2	691114	95.4741
Alv	2	691116	95.4744
Alwin	2	691118	95.4746
Amadeus	2	691120	95.4749
Amaiamai	2	691122	95.4752
Ambedkar	2	691124	95.4755
Amerika	2	691126	95.4757
Amistadt	2	691128	95.476
Amuse-toi	2	691130	95.4763
Anderhalve	2	691132	95.4766
Andy	2	691134	95.4768
Angela	2	691136	95.4771
Anish	2	691138	95.4774
Ankes	2	691140	95.4777
Ankeske	2	691142	95.478
Ankie	2	691144	95.4782
Annelien	2	691146	95.4785
Annelieske	2	691148	95.4788
Annelot	2	691150	95.4791
Annet	2	691152	95.4793
Anni	2	691154	95.4796
Annicka	2	691156	95.4799
Annoying	2	691158	95.4802
Anton	2	691160	95.4804
Antwoord	2	691162	95.4807
Anvers	2	691164	95.481
Arc	2	691166	95.4813
Argentijns	2	691168	95.4815
Arktos	2	691170	95.4818
Around	2	691172	95.4821
Arwenske	2	691174	95.4824
Askars	2	691176	95.4827
Atak	2	691178	95.4829
Atm	2	691180	95.4832
Attent	2	691182	95.4835
Au	2	691184	95.4838
Aukje	2	691186	95.484
Auschwitz	2	691188	95.4843
Austrian	2	691190	95.4846
Awh	2	691192	95.4849
Awoert	2	691194	95.4851
Aww	2	691196	95.4854
Aye	2	691198	95.4857
BATA	2	691200	95.486
BBQ-en	2	691202	95.4862
BDAY	2	691204	95.4865
BEN	2	691206	95.4868
BIER	2	691208	95.4871
BIRTHDAY	2	691210	95.4873
BMW	2	691212	95.4876
BREAKING	2	691214	95.4879
BVD	2	691216	95.4882
Ba	2	691218	95.4885
Baalde	2	691220	95.4887
Baby	2	691222	95.489
Bachlaan	2	691224	95.4893
Bad	2	691226	95.4896
Badmintonnen	2	691228	95.4898
Bakker	2	691230	95.4901
Bal	2	691232	95.4904
Bambino	2	691234	95.4907
Band	2	691236	95.4909
Bank	2	691238	95.4912
Barney	2	691240	95.4915
Barrie	2	691242	95.4918
Barst	2	691244	95.492
Bateman	2	691246	95.4923
Bauer	2	691248	95.4926
Because	2	691250	95.4929
Bedacht	2	691252	95.4932
Bedenkt	2	691254	95.4934
Beginnen	2	691256	95.4937
Begrijp	2	691258	95.494
Beikes	2	691260	95.4943
Belgen	2	691262	95.4945
Belgian	2	691264	95.4948
Belgium	2	691266	95.4951
Beloofd	2	691268	95.4954
Belooft	2	691270	95.4956
Belsfest	2	691272	95.4959
Benieuwd	2	691274	95.4962
Bereik	2	691276	95.4965
Berendien	2	691278	95.4967
Bernard	2	691280	95.497
Bernhard	2	691282	95.4973
Bertha	2	691284	95.4976
Betaal	2	691286	95.4978
Betaald	2	691288	95.4981
Beurs	2	691290	95.4984
Bevestiging	2	691292	95.4987
Bezoek	2	691294	95.499
Bibi	2	691296	95.4992
Bidden	2	691298	95.4995
Bikkel	2	691300	95.4998
Bin	2	691302	95.5001
Bio	2	691304	95.5003
Birmingham	2	691306	95.5006
Bitchin	2	691308	95.5009
Bjorn	2	691310	95.5012
Blanckestraat	2	691312	95.5014
Blankenbergestraat	2	691314	95.5017
Blegh	2	691316	95.502
Bloemetjes	2	691318	95.5023
Blood	2	691320	95.5025
Blue	2	691322	95.5028
Boarding	2	691324	95.5031
Boeckstaetehof	2	691326	95.5034
Boehoehoe	2	691328	95.5036
Boeka	2	691330	95.5039
Boekanier	2	691332	95.5042
Bohème	2	691334	95.5045
Bols	2	691336	95.5048
Bommen	2	691338	95.505
Bonen	2	691340	95.5053
Bonito	2	691342	95.5056
Bonnie	2	691344	95.5059
Boodschappen	2	691346	95.5061
Bore	2	691348	95.5064
Borluut	2	691350	95.5067
Borne	2	691352	95.507
Bosnie	2	691354	95.5072
Boss	2	691356	95.5075
Bossche	2	691358	95.5078
Boulevard	2	691360	95.5081
Bowlen	2	691362	95.5083
Bowling	2	691364	95.5086
Boxmeer	2	691366	95.5089
Boyke	2	691368	95.5092
Boys	2	691370	95.5095
Brabantse	2	691372	95.5097
Brak	2	691374	95.51
Brammie	2	691376	95.5103
Brengen	2	691378	95.5106
Bridge	2	691380	95.5108
Bring	2	691382	95.5111
Broecks	2	691384	95.5114
Broer	2	691386	95.5117
Broodjes	2	691388	95.5119
Brother	2	691390	95.5122
Brrr	2	691392	95.5125
Bruine	2	691394	95.5128
Btje	2	691396	95.513
Bummer	2	691398	95.5133
Buscemi	2	691400	95.5136
Bwaa	2	691402	95.5139
Bwaah	2	691404	95.5141
Bwaja	2	691406	95.5144
Bweik	2	691408	95.5147
Byna	2	691410	95.515
C.	2	691412	95.5153
CH	2	691414	95.5155
CJP	2	691416	95.5158
CREFIvakantie	2	691418	95.5161
Cadeautje	2	691420	95.5164
Camille	2	691422	95.5166
Campings	2	691424	95.5169
Cantor	2	691426	95.5172
Canvas	2	691428	95.5175
Cappuccino	2	691430	95.5177
Carola	2	691432	95.518
Carolus	2	691434	95.5183
Cause	2	691436	95.5186
Cavakes	2	691438	95.5188
Cc	2	691440	95.5191
Champagnebar	2	691442	95.5194
Chance	2	691444	95.5197
Chef	2	691446	95.52
China	2	691448	95.5202
Chouffe	2	691450	95.5205
Chowk	2	691452	95.5208
Christmas	2	691454	95.5211
Churchgate	2	691456	95.5213
Claes	2	691458	95.5216
Clasico	2	691460	95.5219
Classic	2	691462	95.5222
Classico	2	691464	95.5224
Cloos	2	691466	95.5227
Code	2	691468	95.523
Cognition	2	691470	95.5233
Colet	2	691472	95.5235
Column	2	691474	95.5238
Communal	2	691476	95.5241
Communication	2	691478	95.5244
Comomeer	2	691480	95.5246
Completely	2	691482	95.5249
Compromis	2	691484	95.5252
Computer	2	691486	95.5255
Contacten	2	691488	95.5258
Coos	2	691490	95.526
Cor	2	691492	95.5263
Corrie	2	691494	95.5266
Courage	2	691496	95.5269
Cranevelt	2	691498	95.5271
Culinaria	2	691500	95.5274
Cup	2	691502	95.5277
Cute	2	691504	95.528
DES	2	691506	95.5282
DING	2	691508	95.5285
DM	2	691510	95.5288
DNA	2	691512	95.5291
DNA-technologie	2	691514	95.5293
DONE	2	691516	95.5296
DONG	2	691518	95.5299
DTC	2	691520	95.5302
DWDD	2	691522	95.5304
DZ	2	691524	95.5307
Daaaag	2	691526	95.531
Daardoor	2	691528	95.5313
Daarmee	2	691530	95.5316
Dagpas	2	691532	95.5318
Dale	2	691534	95.5321
Dam	2	691536	95.5324
Dammit	2	691538	95.5327
Dance	2	691540	95.5329
Danielle	2	691542	95.5332
Darcy	2	691544	95.5335
Delden	2	691546	95.5338
Denderleeuw	2	691548	95.534
Denken	2	691550	95.5343
Dennis	2	691552	95.5346
Denter	2	691554	95.5349
Depressief	2	691556	95.5351
Desiree	2	691558	95.5354
Desondanks	2	691560	95.5357
Details	2	691562	95.536
Deur	2	691564	95.5363
Deutschland	2	691566	95.5365
Dicht	2	691568	95.5368
Dichtbij	2	691570	95.5371
Didn't	2	691572	95.5374
Difficult	2	691574	95.5376
Dijon	2	691576	95.5379
Diner	2	691578	95.5382
Direct	2	691580	95.5385
Dirkjan	2	691582	95.5387
Djee	2	691584	95.539
Docent	2	691586	95.5393
Dolf	2	691588	95.5396
Dollars	2	691590	95.5398
Dominiek	2	691592	95.5401
Donald	2	691594	95.5404
Dongen	2	691596	95.5407
Dood	2	691598	95.5409
Doordeweeks	2	691600	95.5412
Dopio	2	691602	95.5415
Douche	2	691604	95.5418
Down	2	691606	95.5421
Dozen	2	691608	95.5423
Draak	2	691610	95.5426
Drakenbootfestival	2	691612	95.5429
Drenthe	2	691614	95.5432
Drij	2	691616	95.5434
Drinking	2	691618	95.5437
Drinkt	2	691620	95.544
Droid	2	691622	95.5443
Dubai	2	691624	95.5445
Dubbel	2	691626	95.5448
Dubstep	2	691628	95.5451
Duck	2	691630	95.5454
Due	2	691632	95.5456
Duh	2	691634	95.5459
Duif	2	691636	95.5462
Duim	2	691638	95.5465
Dullaert	2	691640	95.5468
Duts	2	691642	95.547
Dutske	2	691644	95.5473
Dvořák	2	691646	95.5476
Dwaze	2	691648	95.5479
Dylan	2	691650	95.5481
EHBO	2	691652	95.5484
EHV	2	691654	95.5487
EINDELIJK	2	691656	95.549
ER	2	691658	95.5492
EV	2	691660	95.5495
East	2	691662	95.5498
Eating	2	691664	95.5501
Eck	2	691666	95.5503
Eco	2	691668	95.5506
Ed	2	691670	95.5509
Editors	2	691672	95.5512
Edo	2	691674	95.5514
Eefje	2	691676	95.5517
Eep	2	691678	95.552
Eerlijk	2	691680	95.5523
Eetsmakelijk	2	691682	95.5526
Eeuwige	2	691684	95.5528
Effect	2	691686	95.5531
Eftelingvla	2	691688	95.5534
Egypte	2	691690	95.5537
Ein	2	691692	95.5539
Einde	2	691694	95.5542
Elche	2	691696	95.5545
Elf	2	691698	95.5548
Elfde	2	691700	95.555
Elien	2	691702	95.5553
Elise	2	691704	95.5556
Elkje	2	691706	95.5559
Ellende	2	691708	95.5561
Ellis	2	691710	95.5564
Ello	2	691712	95.5567
Elmy	2	691714	95.557
Elsa	2	691716	95.5573
Emmeloord	2	691718	95.5575
Emmy	2	691720	95.5578
Ene	2	691722	95.5581
Enfin	2	691724	95.5584
Engelaar	2	691726	95.5586
Engelse	2	691728	95.5589
Enkele	2	691730	95.5592
Entourage	2	691732	95.5595
Erica	2	691734	95.5597
Eta	2	691736	95.56
Etenstijd	2	691738	95.5603
Etentje	2	691740	95.5606
Europa	2	691742	95.5608
Ewa	2	691744	95.5611
Excusez	2	691746	95.5614
Expendables	2	691748	95.5617
Extreem	2	691750	95.5619
Ez	2	691752	95.5622
FC	2	691754	95.5625
Fame	2	691756	95.5628
Familie	2	691758	95.5631
Family	2	691760	95.5633
Feesten	2	691762	95.5636
Felipe	2	691764	95.5639
Female	2	691766	95.5642
Feut	2	691768	95.5644
Ffe	2	691770	95.5647
Fier	2	691772	95.565
Fiew	2	691774	95.5653
Fine	2	691776	95.5655
Flappy	2	691778	95.5658
Flikken	2	691780	95.5661
Flinke	2	691782	95.5664
Flip	2	691784	95.5666
Forgot	2	691786	95.5669
Fortissio	2	691788	95.5672
Fotoboek	2	691790	95.5675
Fotos	2	691792	95.5677
Freddy	2	691794	95.568
Freek	2	691796	95.5683
Frenchies	2	691798	95.5686
Freya	2	691800	95.5689
Friesland	2	691802	95.5691
Frietjes	2	691804	95.5694
Fris	2	691806	95.5697
Frits	2	691808	95.57
Frodelinde	2	691810	95.5702
Full	2	691812	95.5705
Fys	2	691814	95.5708
Fysio	2	691816	95.5711
GLOW	2	691818	95.5713
GPS	2	691820	95.5716
GY	2	691822	95.5719
Gaby	2	691824	95.5722
Gado	2	691826	95.5724
Gait	2	691828	95.5727
Galaxy	2	691830	95.573
Gamma	2	691832	95.5733
Gandhi	2	691834	95.5736
Gans	2	691836	95.5738
Gatver	2	691838	95.5741
Gaux	2	691840	95.5744
Gave	2	691842	95.5747
Gay	2	691844	95.5749
Gebeld	2	691846	95.5752
Gebeurd	2	691848	95.5755
Gebod	2	691850	95.5758
Geburtstag	2	691852	95.576
Gedoe	2	691854	95.5763
Geduld	2	691856	95.5766
Geert	2	691858	95.5769
Gehaald	2	691860	95.5771
Gelderlander	2	691862	95.5774
Geldt	2	691864	95.5777
Gelredome	2	691866	95.578
Geluk	2	691868	95.5782
Gemist	2	691870	95.5785
Genaaid	2	691872	95.5788
Gene	2	691874	95.5791
Geniaal	2	691876	95.5794
Geoffrey	2	691878	95.5796
Gerda	2	691880	95.5799
Geregeld	2	691882	95.5802
Gerlinde	2	691884	95.5805
German	2	691886	95.5807
Germany	2	691888	95.581
Gerrie	2	691890	95.5813
Gerrita	2	691892	95.5816
Gerry	2	691894	95.5818
Gertjan	2	691896	95.5821
Gerto	2	691898	95.5824
Gewerkt	2	691900	95.5827
Gezelligheid	2	691902	95.5829
Gezocht	2	691904	95.5832
Gibraltar	2	691906	95.5835
Giselle	2	691908	95.5838
Give	2	691910	95.5841
Gizmo's	2	691912	95.5843
Glazen	2	691914	95.5846
Glitschen	2	691916	95.5849
Godvertetten	2	691918	95.5852
Goedenavond	2	691920	95.5854
Goedenmorgen	2	691922	95.5857
Goedkoop	2	691924	95.586
Goei	2	691926	95.5863
Goeiemiddag	2	691928	95.5865
Goes	2	691930	95.5868
Golf	2	691932	95.5871
Gooi	2	691934	95.5874
Gooik	2	691936	95.5876
Goooooeeed	2	691938	95.5879
Gore	2	691940	95.5882
GrMaartje	2	691942	95.5885
Grace	2	691944	95.5887
Grad	2	691946	95.589
Granada	2	691948	95.5893
Gretl	2	691950	95.5896
Griek	2	691952	95.5899
Griekenland	2	691954	95.5901
Grmbl	2	691956	95.5904
Grt	2	691958	95.5907
Guido	2	691960	95.591
Guitar	2	691962	95.5912
Guys	2	691964	95.5915
Gwn	2	691966	95.5918
Gy	2	691968	95.5921
HET	2	691970	95.5923
HIEPERDEPIEP	2	691972	95.5926
HOERAAAA	2	691974	95.5929
HOME	2	691976	95.5932
HOU	2	691978	95.5934
HQ	2	691980	95.5937
HS	2	691982	95.594
HTC	2	691984	95.5943
Ha-ha	2	691986	95.5945
Haaaaai	2	691988	95.5948
Hahahahahaha	2	691990	95.5951
Haiii	2	691992	95.5954
Hajraa	2	691994	95.5957
Hal	2	691996	95.5959
Halen	2	691998	95.5962
Hallee	2	692000	95.5965
Halleee	2	692002	95.5968
Hambrug	2	692004	95.597
Hamburgers	2	692006	95.5973
Handig	2	692008	95.5976
Hang	2	692010	95.5979
Hangover	2	692012	95.5981
Hannah	2	692014	95.5984
Hannes	2	692016	95.5987
Hansi	2	692018	95.599
Hapje	2	692020	95.5992
Hartelijks	2	692022	95.5995
Hash	2	692024	95.5998
Hatseflats	2	692026	95.6001
Having	2	692028	95.6004
Head	2	692030	95.6006
Hear	2	692032	95.6009
Heard	2	692034	95.6012
Heavy	2	692036	95.6015
Hectische	2	692038	95.6017
Hedde	2	692040	95.602
Heeeel	2	692042	95.6023
Heeej	2	692044	95.6026
Heer	2	692046	95.6028
Heftig	2	692048	95.6031
Heidrun	2	692050	95.6034
Hejhej	2	692052	95.6037
Helaasch	2	692054	95.6039
Held	2	692056	95.6042
Helpt	2	692058	95.6045
Hemant	2	692060	95.6048
Henderina	2	692062	95.605
Henk	2	692064	95.6053
Herinner	2	692066	95.6056
Herjan	2	692068	95.6059
Heroes	2	692070	95.6062
Hert	2	692072	95.6064
Hessels	2	692074	95.6067
Heu	2	692076	95.607
Heuvel	2	692078	95.6073
Heyhey	2	692080	95.6075
Hide	2	692082	95.6078
Hie	2	692084	95.6081
Hijgend	2	692086	95.6084
Hilarisch	2	692088	95.6086
Hilarische	2	692090	95.6089
Hill	2	692092	95.6092
His	2	692094	95.6095
Hitjes	2	692096	95.6097
Hjeppi	2	692098	95.61
Hoeda	2	692100	95.6103
Hoelang	2	692102	95.6106
Hoeve	2	692104	95.6109
Hoeven	2	692106	95.6111
Hoger	2	692108	95.6114
Holmes	2	692110	95.6117
Honderdduizend	2	692112	95.612
Honey	2	692114	95.6122
Hong	2	692116	95.6125
Hongaar	2	692118	95.6128
Hoofdstuk	2	692120	95.6131
Hoooooi	2	692122	95.6133
Hopla	2	692124	95.6136
Hoppestraat	2	692126	95.6139
Horen	2	692128	95.6142
Hotel	2	692130	95.6144
Houden	2	692132	95.6147
Huib	2	692134	95.615
Huiberts	2	692136	95.6153
Hungarian	2	692138	95.6155
Hup	2	692140	95.6158
Hwa	2	692142	95.6161
I.	2	692144	95.6164
IB	2	692146	95.6167
IC	2	692148	95.6169
IN	2	692150	95.6172
ISRR	2	692152	95.6175
IV	2	692154	95.6178
Ideetje	2	692156	95.618
Iedere	2	692158	95.6183
Ieper	2	692160	95.6186
Ies	2	692162	95.6189
Ijsjes	2	692164	95.6191
Il	2	692166	95.6194
Indiaase	2	692168	95.6197
Ingang	2	692170	95.62
Interesting	2	692172	95.6202
Intro	2	692174	95.6205
Ipad	2	692176	95.6208
Isis	2	692178	95.6211
Isle	2	692180	95.6213
Iss	2	692182	95.6216
Italia	2	692184	95.6219
Itz	2	692186	95.6222
JALOERS	2	692188	95.6225
JIJ	2	692190	95.6227
JOUW	2	692192	95.623
JP	2	692194	95.6233
JSK-raad	2	692196	95.6236
Jaaah	2	692198	95.6238
Jac	2	692200	95.6241
Jacco	2	692202	95.6244
Jack	2	692204	95.6247
Jacobus	2	692206	95.6249
Jaloers	2	692208	95.6252
Jam	2	692210	95.6255
Jama	2	692212	95.6258
Jammerrrrrr	2	692214	95.626
Jana	2	692216	95.6263
Jane	2	692218	95.6266
Janssen	2	692220	95.6269
Jarig	2	692222	95.6272
Jarige	2	692224	95.6274
Jawatte	2	692226	95.6277
Jazzfestival	2	692228	95.628
Jeans	2	692230	95.6283
Jedidiah	2	692232	95.6285
Jerom	2	692234	95.6288
Jet	2	692236	95.6291
Jetlags	2	692238	95.6294
Jetzt	2	692240	95.6296
Joelle	2	692242	95.6299
Joep	2	692244	95.6302
Joepiedepoepie	2	692246	95.6305
Johanna	2	692248	95.6307
Johnny	2	692250	95.631
Joint	2	692252	95.6313
Jolien	2	692254	95.6316
Jonas	2	692256	95.6318
Jongens	2	692258	95.6321
Jongleerde	2	692260	95.6324
Joooooooo	2	692262	95.6327
Joopie	2	692264	95.633
Jorien	2	692266	95.6332
Josh	2	692268	95.6335
Jowel	2	692270	95.6338
Judas	2	692272	95.6341
Jule	2	692274	95.6343
Julie's	2	692276	95.6346
July	2	692278	95.6349
Junior	2	692280	95.6352
Jurgen	2	692282	95.6354
Jurre	2	692284	95.6357
Juut	2	692286	95.636
KAK	2	692288	95.6363
KARAOKE	2	692290	95.6365
KH-city	2	692292	95.6368
KISSIES	2	692294	95.6371
KKplein	2	692296	95.6374
KUSSIES	2	692298	95.6377
Kaa	2	692300	95.6379
Kaartjes	2	692302	95.6382
Kamer	2	692304	95.6385
Kannek	2	692306	95.6388
Kans	2	692308	95.639
Kap	2	692310	95.6393
Kareltje	2	692312	95.6396
Katrijn	2	692314	95.6399
Katzenjammer	2	692316	95.6401
Kaushal	2	692318	95.6404
Kdoe	2	692320	95.6407
Ke	2	692322	95.641
Kedeng	2	692324	95.6412
Kedengkedengkedengkedeng	2	692326	95.6415
Keel	2	692328	95.6418
Keigoed	2	692330	95.6421
Kemkers	2	692332	95.6423
Kenia	2	692334	95.6426
Kenner	2	692336	95.6429
Kerst	2	692338	95.6432
Kevin	2	692340	95.6435
Keyzer	2	692342	95.6437
Kgeraak	2	692344	95.644
Kh	2	692346	95.6443
Khalid	2	692348	95.6446
Khoor	2	692350	95.6448
Kiado	2	692352	95.6451
Kimera	2	692354	95.6454
Kinky	2	692356	95.6457
Kiraly	2	692358	95.6459
Kiwi	2	692360	95.6462
Klaprooslaan	2	692362	95.6465
Kleintje	2	692364	95.6468
Klimles	2	692366	95.647
Kmis	2	692368	95.6473
Kmoest	2	692370	95.6476
Knie	2	692372	95.6479
Know	2	692374	95.6481
Knuffelen	2	692376	95.6484
Koenraadje	2	692378	95.6487
Koes	2	692380	95.649
Kok	2	692382	95.6493
Koken	2	692384	95.6495
Kollie	2	692386	95.6498
Koninginnedag	2	692388	95.6501
Kontje	2	692390	95.6504
Korte	2	692392	95.6506
Korvelplein	2	692394	95.6509
Koud	2	692396	95.6512
Koude	2	692398	95.6515
Kprobeer	2	692400	95.6517
Kraan	2	692402	95.652
Kreta	2	692404	95.6523
Krijgen	2	692406	95.6526
Kt	2	692408	95.6528
Kunal	2	692410	95.6531
Kusja	2	692412	95.6534
Kusjekus	2	692414	95.6537
Kusjesaanval	2	692416	95.654
Kutboel	2	692418	95.6542
Kutweer	2	692420	95.6545
Kuuuuuusssssss	2	692422	95.6548
Kvroeg	2	692424	95.6551
Kwartier	2	692426	95.6553
Kweeni	2	692428	95.6556
Kweenie	2	692430	95.6559
Kwik	2	692432	95.6562
Kwist	2	692434	95.6564
Kya	2	692436	95.6567
Kyra	2	692438	95.657
Kzet	2	692440	95.6573
LA	2	692442	95.6575
LB	2	692444	95.6578
LC	2	692446	95.6581
LIEF	2	692448	95.6584
LOM	2	692450	95.6586
Lala	2	692452	95.6589
Langs	2	692454	95.6592
Langskomen	2	692456	95.6595
Lara	2	692458	95.6598
Lassing	2	692460	95.66
Latertje	2	692462	95.6603
Le	2	692464	95.6606
Leave	2	692466	95.6609
Leerkracht	2	692468	95.6611
Leerzaam	2	692470	95.6614
Leidseplein	2	692472	95.6617
Leisure	2	692474	95.662
Lekkah	2	692476	95.6622
Lente	2	692478	95.6625
Lenzen	2	692480	95.6628
Leon	2	692482	95.6631
Leoni	2	692484	95.6633
Leopolds	2	692486	95.6636
Lermoos	2	692488	95.6639
Leur	2	692490	95.6642
Leuverink	2	692492	95.6645
Lev	2	692494	95.6647
Leven	2	692496	95.665
Liam	2	692498	95.6653
Lian	2	692500	95.6656
Lianne	2	692502	95.6658
Library	2	692504	95.6661
Liebe	2	692506	95.6664
Lied	2	692508	95.6667
Liehief	2	692510	95.6669
Liep	2	692512	95.6672
Liesbeth	2	692514	95.6675
Liese	2	692516	95.6678
Lieselotte	2	692518	95.668
Lijk	2	692520	95.6683
Limboland	2	692522	95.6686
Lin	2	692524	95.6689
Line	2	692526	95.6691
Lingen	2	692528	95.6694
LinkedIn	2	692530	95.6697
Linnaeus	2	692532	95.67
Lion	2	692534	95.6703
Lise	2	692536	95.6705
Lisetje	2	692538	95.6708
Lissie	2	692540	95.6711
Lodewijk	2	692542	95.6714
Lodewijkers	2	692544	95.6716
Loek	2	692546	95.6719
Lokeren	2	692548	95.6722
Lolz	2	692550	95.6725
Long	2	692552	95.6727
Lonneke	2	692554	95.673
Lopen	2	692556	95.6733
Lots	2	692558	95.6736
Louise	2	692560	95.6738
Lovely	2	692562	95.6741
Ltr	2	692564	95.6744
Lubach	2	692566	95.6747
Luc	2	692568	95.6749
Lucky	2	692570	95.6752
Luis	2	692572	95.6755
Lukkie	2	692574	95.6758
Lukte	2	692576	95.6761
Lullo	2	692578	95.6763
Luna	2	692580	95.6766
Luxemburg	2	692582	95.6769
Lynch	2	692584	95.6772
MAC	2	692586	95.6774
MC	2	692588	95.6777
MEER	2	692590	95.678
MM	2	692592	95.6783
MMS	2	692594	95.6785
MTO	2	692596	95.6788
MTV	2	692598	95.6791
MV	2	692600	95.6794
Ma.	2	692602	95.6796
Maaikie	2	692604	95.6799
Maalt	2	692606	95.6802
Maandagavond	2	692608	95.6805
Maat	2	692610	95.6808
Macca	2	692612	95.681
Machtig	2	692614	95.6813
Made	2	692616	95.6816
Magali	2	692618	95.6819
Maggy	2	692620	95.6821
Maharashtra	2	692622	95.6824
Mailtje	2	692624	95.6827
Mamsie	2	692626	95.683
Manhattan	2	692628	95.6832
Mannen	2	692630	95.6835
Manon	2	692632	95.6838
Mans	2	692634	95.6841
Manu	2	692636	95.6843
Marathon	2	692638	95.6846
Marcia	2	692640	95.6849
Marcos	2	692642	95.6852
Marf	2	692644	95.6854
Margaux	2	692646	95.6857
Marginale	2	692648	95.686
Margit	2	692650	95.6863
Marian	2	692652	95.6866
Mariek	2	692654	95.6868
Marij	2	692656	95.6871
Marije	2	692658	95.6874
Mariken	2	692660	95.6877
Marina	2	692662	95.6879
Marktplaats	2	692664	95.6882
Marloesmob	2	692666	95.6885
Martha	2	692668	95.6888
Martino	2	692670	95.689
Master	2	692672	95.6893
Masterchef	2	692674	95.6896
Matchmakers	2	692676	95.6899
Mathieu	2	692678	95.6901
Matrix	2	692680	95.6904
Matthijs	2	692682	95.6907
Maxime	2	692684	95.691
Mbit	2	692686	95.6913
Medisoc.be	2	692688	95.6915
Meeste	2	692690	95.6918
Meeten	2	692692	95.6921
Meeting	2	692694	95.6924
Meeuwis	2	692696	95.6926
Meh	2	692698	95.6929
Meijer	2	692700	95.6932
Meik	2	692702	95.6935
Melanie	2	692704	95.6937
Meld	2	692706	95.694
Meneer	2	692708	95.6943
Mensa	2	692710	95.6946
Merry	2	692712	95.6948
Meteen	2	692714	95.6951
Mezelf	2	692716	95.6954
Mhh	2	692718	95.6957
Miami	2	692720	95.6959
Mickey	2	692722	95.6962
Midden	2	692724	95.6965
Miebeth	2	692726	95.6968
Miekske	2	692728	95.6971
Miepmiep	2	692730	95.6973
Mijnes	2	692732	95.6976
Min	2	692734	95.6979
Mind	2	692736	95.6982
Minstens	2	692738	95.6984
Mischien	2	692740	95.6987
Missch	2	692742	95.699
Mjammie	2	692744	95.6993
Mmmm	2	692746	95.6995
Mmmmm	2	692748	95.6998
Mmmmmm	2	692750	95.7001
Mobiel	2	692752	95.7004
Moby	2	692754	95.7006
Moehaha	2	692756	95.7009
Moeheid	2	692758	95.7012
Moeilijke	2	692760	95.7015
Moenen	2	692762	95.7018
Moesjiemoesjie	2	692764	95.702
Mogge	2	692766	95.7023
Moh	2	692768	95.7026
Moins	2	692770	95.7029
Molenpad	2	692772	95.7031
Monday	2	692774	95.7034
Moni	2	692776	95.7037
Mont	2	692778	95.704
Mooiste	2	692780	95.7042
Mooo	2	692782	95.7045
More	2	692784	95.7048
Mossel	2	692786	95.7051
Mostar	2	692788	95.7053
Msn	2	692790	95.7056
Must	2	692792	95.7059
Muts	2	692794	95.7062
Muziek	2	692796	95.7064
Mwa	2	692798	95.7067
Mweh	2	692800	95.707
Mysterie	2	692802	95.7073
Mzzls	2	692804	95.7076
NAS	2	692806	95.7078
NEWS	2	692808	95.7081
NLse	2	692810	95.7084
Nachtkus	2	692812	95.7087
Nadia	2	692814	95.7089
Nam	2	692816	95.7092
Nationale	2	692818	95.7095
Natje	2	692820	95.7098
Ned.	2	692822	95.71
Nederlander	2	692824	95.7103
Nederlandse	2	692826	95.7106
Neeeeee	2	692828	95.7109
Neeeeeeee	2	692830	95.7111
Neehoor	2	692832	95.7114
Neeltje	2	692834	95.7117
Negatief	2	692836	95.712
Neh	2	692838	95.7122
Nemen	2	692840	95.7125
Nen	2	692842	95.7128
Nerd	2	692844	95.7131
Nespresso	2	692846	95.7134
Netcom	2	692848	95.7136
Neuken	2	692850	95.7139
Nic	2	692852	95.7142
Nieje	2	692854	95.7145
Nimma	2	692856	95.7147
Nm	2	692858	95.715
Nmbs	2	692860	95.7153
Noah	2	692862	95.7156
Nonski	2	692864	95.7158
Noone	2	692866	95.7161
Nooo	2	692868	95.7164
Noord	2	692870	95.7167
Noordwijk	2	692872	95.7169
Nuenen	2	692874	95.7172
Nunspeet	2	692876	95.7175
Nusselein	2	692878	95.7178
Nvm	2	692880	95.7181
Nyugayi	2	692882	95.7183
OB	2	692884	95.7186
OC	2	692886	95.7189
ONJUIST	2	692888	95.7192
Océan	2	692890	95.7194
OdG	2	692892	95.7197
Oehhh	2	692894	95.72
Oeioeioei	2	692896	95.7203
Oej	2	692898	95.7205
Oeveel	2	692900	95.7208
Oew	2	692902	95.7211
Oewist	2	692904	95.7214
Offerte	2	692906	95.7216
Officieel	2	692908	95.7219
Oftewel	2	692910	95.7222
Og	2	692912	95.7225
Ohnee	2	692914	95.7227
Okeee	2	692916	95.723
Okiedokie	2	692918	95.7233
Olde	2	692920	95.7236
Oldenzaal	2	692922	95.7239
Olivier	2	692924	95.7241
Onderaan	2	692926	95.7244
Ongeval	2	692928	95.7247
Onhandig	2	692930	95.725
Ontslag	2	692932	95.7252
Ontzettend	2	692934	95.7255
Oo	2	692936	95.7258
Ooit	2	692938	95.7261
Ooo	2	692940	95.7263
Ooooh	2	692942	95.7266
Ooooooh	2	692944	95.7269
Oostenrijk	2	692946	95.7272
Oosterhout	2	692948	95.7274
Oosterom	2	692950	95.7277
Oow	2	692952	95.728
Opgestaan	2	692954	95.7283
Opnemen	2	692956	95.7286
Opstaan	2	692958	95.7288
Opwekking	2	692960	95.7291
Ouch	2	692962	95.7294
Oui	2	692964	95.7297
Our	2	692966	95.7299
Out	2	692968	95.7302
Overleefd	2	692970	95.7305
Overleggen	2	692972	95.7308
Overstap	2	692974	95.731
Owkee	2	692976	95.7313
P.s.	2	692978	95.7316
PLAATSNAAM	2	692980	95.7319
PZL	2	692982	95.7321
Pa	2	692984	95.7324
Paddys	2	692986	95.7327
Pagina	2	692988	95.733
Pakken	2	692990	95.7332
Pampel	2	692992	95.7335
Paniek	2	692994	95.7338
Panos	2	692996	95.7341
Paper	2	692998	95.7344
Parade	2	693000	95.7346
Paraplu	2	693002	95.7349
Park	2	693004	95.7352
Parkeerroute	2	693006	95.7355
Parov	2	693008	95.7357
Pasen	2	693010	95.736
Patersholfeestje	2	693012	95.7363
Patrick's	2	693014	95.7366
Pauwl	2	693016	95.7368
Pc	2	693018	95.7371
Penalty	2	693020	95.7374
Perfecte	2	693022	95.7377
Perry	2	693024	95.7379
Perudo	2	693026	95.7382
Pfffft	2	693028	95.7385
Pffft	2	693030	95.7388
Pfft	2	693032	95.739
Pfoe	2	693034	95.7393
PhD	2	693036	95.7396
Phil	2	693038	95.7399
Phoe	2	693040	95.7402
Pien	2	693042	95.7404
Piepeloe	2	693044	95.7407
Pik	2	693046	95.741
Pim	2	693048	95.7413
Pindakaas	2	693050	95.7415
Place	2	693052	95.7418
Plafond	2	693054	95.7421
Planning	2	693056	95.7424
Plezier	2	693058	95.7426
Plien	2	693060	95.7429
Plse	2	693062	95.7432
Pluimke	2	693064	95.7435
Pluk	2	693066	95.7437
Pluto	2	693068	95.744
Poezen	2	693070	95.7443
Poke	2	693072	95.7446
Polé	2	693074	95.7449
Potkulcs	2	693076	95.7451
Potter	2	693078	95.7454
Pour	2	693080	95.7457
PowerPoint	2	693082	95.746
Prachtige	2	693084	95.7462
Praktisch	2	693086	95.7465
Prepare	2	693088	95.7468
Prins	2	693090	95.7471
Probleem	2	693092	95.7473
Problemen	2	693094	95.7476
Proximus	2	693096	95.7479
Pssst	2	693098	95.7482
Pul	2	693100	95.7484
Punt	2	693102	95.7487
Pursuit	2	693104	95.749
QOTSA	2	693106	95.7493
Qnap	2	693108	95.7495
QtgwerQD	2	693110	95.7498
Quick	2	693112	95.7501
Qué	2	693114	95.7504
RAM	2	693116	95.7507
Raad	2	693118	95.7509
Raday	2	693120	95.7512
Raimi	2	693122	95.7515
Ralf	2	693124	95.7518
Ralph	2	693126	95.752
Ram	2	693128	95.7523
Randstad	2	693130	95.7526
Rapper	2	693132	95.7529
Reactie	2	693134	95.7531
Read	2	693136	95.7534
Reden	2	693138	95.7537
Refresh	2	693140	95.754
Regi	2	693142	95.7542
Reken	2	693144	95.7545
Rembo	2	693146	95.7548
Remco	2	693148	95.7551
Remy	2	693150	95.7554
Renee	2	693152	95.7556
Rens	2	693154	95.7559
Rhodos	2	693156	95.7562
Ria	2	693158	95.7565
Rieba	2	693160	95.7567
Rijksmuseum	2	693162	95.757
Rijnstate	2	693164	95.7573
Rinkel	2	693166	95.7576
Rio	2	693168	95.7578
Risok	2	693170	95.7581
Robbin	2	693172	95.7584
Robrecht	2	693174	95.7587
Robyn	2	693176	95.7589
Rock	2	693178	95.7592
Rodenbach	2	693180	95.7595
Roe	2	693182	95.7598
Roemeense	2	693184	95.76
Roemenië	2	693186	95.7603
Roep	2	693188	95.7606
Roger	2	693190	95.7609
Rome	2	693192	95.7612
Romeo	2	693194	95.7614
Ron	2	693196	95.7617
Roosbeef	2	693198	95.762
Roosje	2	693200	95.7623
Rosa	2	693202	95.7625
Roselien	2	693204	95.7628
Rowan	2	693206	95.7631
Rowwen	2	693208	95.7634
Royal	2	693210	95.7636
Rudebox	2	693212	95.7639
Run	2	693214	95.7642
Rusland	2	693216	95.7645
Rut	2	693218	95.7647
Ruudje	2	693220	95.765
Ruuds	2	693222	95.7653
Ryckeghem	2	693224	95.7656
S.	2	693226	95.7658
SBS	2	693228	95.7661
SIM	2	693230	95.7664
SSC	2	693232	95.7667
STORTREGEN	2	693234	95.767
SVU	2	693236	95.7672
Sabine	2	693238	95.7675
Sac	2	693240	95.7678
Salade	2	693242	95.7681
Saldo	2	693244	95.7683
Samedi	2	693246	95.7686
Samuel	2	693248	95.7689
Sandra	2	693250	95.7692
Sarajevo	2	693252	95.7694
Sauna	2	693254	95.7697
Sauron	2	693256	95.77
Save	2	693258	95.7703
Savonds	2	693260	95.7705
Saw	2	693262	95.7708
Say	2	693264	95.7711
Schalkhaar	2	693266	95.7714
Schelde	2	693268	95.7717
Scheurbuik	2	693270	95.7719
Schoenen	2	693272	95.7722
Schrijfwijzer	2	693274	95.7725
Schrijfwijzerdag	2	693276	95.7728
Scotland	2	693278	95.773
Scriptiebespreking	2	693280	95.7733
Sebbe	2	693282	95.7736
Secondje	2	693284	95.7739
Seffes	2	693286	95.7741
Senna	2	693288	95.7744
Sent	2	693290	95.7747
Seriously	2	693292	95.775
Server	2	693294	95.7752
Sgooeee	2	693296	95.7755
Shantel	2	693298	95.7758
Share-mail	2	693300	95.7761
Sherlock	2	693302	95.7763
Shiny	2	693304	95.7766
Shrek	2	693306	95.7769
Siemens	2	693308	95.7772
Sierra	2	693310	95.7775
Singstar	2	693312	95.7777
Sinterweekend	2	693314	95.778
Sir	2	693316	95.7783
Sjaah	2	693318	95.7786
Sjannie	2	693320	95.7788
Sjiek	2	693322	95.7791
Skypie	2	693324	95.7794
Slechte	2	693326	95.7797
Slechts	2	693328	95.7799
Slept	2	693330	95.7802
Slet	2	693332	95.7805
Sleutels	2	693334	95.7808
Sliep	2	693336	95.781
Slightly	2	693338	95.7813
Smakkkk	2	693340	95.7816
Smaksmeksmak	2	693342	95.7819
Smeets	2	693344	95.7822
Smit	2	693346	95.7824
Smsje	2	693348	95.7827
Smste	2	693350	95.783
Sneeuwt	2	693352	95.7833
Snoesje	2	693354	95.7835
Snorry	2	693356	95.7838
Soc	2	693358	95.7841
Social	2	693360	95.7844
Solapur	2	693362	95.7846
Some	2	693364	95.7849
Sooo	2	693366	95.7852
Soort	2	693368	95.7855
Sound	2	693370	95.7857
Spaghetti	2	693372	95.786
Spanjaarden	2	693374	95.7863
Spannende	2	693376	95.7866
Spatel	2	693378	95.7868
Speelt	2	693380	95.7871
Spijkers	2	693382	95.7874
Spinazie	2	693384	95.7877
Sportze	2	693386	95.788
Sprak	2	693388	95.7882
Spring	2	693390	95.7885
Springbreak	2	693392	95.7888
Spullen	2	693394	95.7891
Srry	2	693396	95.7893
Sry	2	693398	95.7896
Sssst	2	693400	95.7899
Stadium	2	693402	95.7902
Standaard	2	693404	95.7904
Starts	2	693406	95.7907
Steef	2	693408	95.791
Stekkie	2	693410	95.7913
Sten	2	693412	95.7915
Stig	2	693414	95.7918
Stimmt	2	693416	95.7921
Stockholm	2	693418	95.7924
Stoer	2	693420	95.7926
Stofzuigen	2	693422	95.7929
Stokroos	2	693424	95.7932
Story	2	693426	95.7935
Stoverij	2	693428	95.7938
Straf	2	693430	95.794
Strakjes	2	693432	95.7943
StructuurCie-enquete	2	693434	95.7946
Student	2	693436	95.7949
Stuurt	2	693438	95.7951
Subiet	2	693440	95.7954
Succeskus	2	693442	95.7957
Suf	2	693444	95.796
Suggesties	2	693446	95.7962
Suiker	2	693448	95.7965
Sukkelaar	2	693450	95.7968
Superbedankt	2	693452	95.7971
Supergoe	2	693454	95.7973
Superrr	2	693456	95.7976
Superspannend	2	693458	95.7979
Supertof	2	693460	95.7982
Superwijs	2	693462	95.7985
Surinaamse	2	693464	95.7987
Surinamer	2	693466	95.799
Swan	2	693468	95.7993
Swinkels	2	693470	95.7996
Swype	2	693472	95.7998
Synthese	2	693474	95.8001
Sziget	2	693476	95.8004
Szimpla	2	693478	95.8007
TP	2	693480	95.8009
TT	2	693482	95.8012
TU	2	693484	95.8015
Taart	2	693486	95.8018
Tafelkleed	2	693488	95.802
Tak	2	693490	95.8023
Talk	2	693492	95.8026
Tanguy	2	693494	95.8029
Tanja	2	693496	95.8031
Team	2	693498	95.8034
Teas	2	693500	95.8037
Tech	2	693502	95.804
Technology	2	693504	95.8043
Tege	2	693506	95.8045
Teleurgesteld	2	693508	95.8048
Terecht	2	693510	95.8051
Terras	2	693512	95.8054
Tes	2	693514	95.8056
Teveel	2	693516	95.8059
Theorie	2	693518	95.8062
There's	2	693520	95.8065
Thermodynamica	2	693522	95.8067
Things	2	693524	95.807
Thinking	2	693526	95.8073
Thzey	2	693528	95.8076
Ti	2	693530	95.8078
Tiel	2	693532	95.8081
Tiemen	2	693534	95.8084
Tijdverlies	2	693536	95.8087
Tilburgse	2	693538	95.809
Tilly	2	693540	95.8092
Timer	2	693542	95.8095
Timmoooooos	2	693544	95.8098
Timon	2	693546	95.8101
Tims	2	693548	95.8103
Tips	2	693550	95.8106
Tiramisu	2	693552	95.8109
Tirza	2	693554	95.8112
Tit	2	693556	95.8114
Tjaa	2	693558	95.8117
Tjeerd	2	693560	95.812
Tjek	2	693562	95.8123
Tleek	2	693564	95.8125
Tlukt	2	693566	95.8128
Toall	2	693568	95.8131
Toeme	2	693570	95.8134
Toet	2	693572	95.8136
TomTom	2	693574	95.8139
Tommeke	2	693576	95.8142
Tons	2	693578	95.8145
Torsby	2	693580	95.8148
Totaal	2	693582	95.815
Toy	2	693584	95.8153
Toyota	2	693586	95.8156
Tram	2	693588	95.8159
Triepkes	2	693590	95.8161
Trinity	2	693592	95.8164
Trip	2	693594	95.8167
Trivial	2	693596	95.817
Tstaat	2	693598	95.8172
Tsts	2	693600	95.8175
Tststs	2	693602	95.8178
Tub	2	693604	95.8181
Tubbie	2	693606	95.8183
Tuesday	2	693608	95.8186
Turks	2	693610	95.8189
Turns	2	693612	95.8192
Tussenstand	2	693614	95.8194
Twaalf	2	693616	95.8197
Tweeling	2	693618	95.82
Twintig	2	693620	95.8203
Tycho	2	693622	95.8206
Tzijn	2	693624	95.8208
Tzou	2	693626	95.8211
UMC	2	693628	95.8214
US	2	693630	95.8217
UTF	2	693632	95.8219
Uhuh	2	693634	95.8222
Uhuu	2	693636	95.8225
Uiterlijk	2	693638	95.8228
Uitstekend	2	693640	95.823
Universiteit	2	693642	95.8233
Unless	2	693644	95.8236
Upstairs	2	693646	95.8239
VEEL	2	693648	95.8241
VET	2	693650	95.8244
VHZ	2	693652	95.8247
VL	2	693654	95.825
VOILA	2	693656	95.8253
VU	2	693658	95.8255
VVH	2	693660	95.8258
VVO	2	693662	95.8261
Vaag	2	693664	95.8264
Vaak	2	693666	95.8266
Valentijn	2	693668	95.8269
Valk	2	693670	95.8272
Vals	2	693672	95.8275
VanVelzen	2	693674	95.8277
Vanhecke	2	693676	95.828
Vdab	2	693678	95.8283
Venray	2	693680	95.8286
Ver	2	693682	95.8288
Verdomme	2	693684	95.8291
Verf	2	693686	95.8294
Verhuisdozen	2	693688	95.8297
Verhuizen	2	693690	95.8299
Verklaar	2	693692	95.8302
Verkouden	2	693694	95.8305
Verkoudheid	2	693696	95.8308
Vermeer	2	693698	95.8311
Vermeulen	2	693700	95.8313
Vermoeid	2	693702	95.8316
Verras	2	693704	95.8319
Verrassend	2	693706	95.8322
Vers	2	693708	95.8324
Verschillende	2	693710	95.8327
Verstuurd	2	693712	95.833
Vertaling	2	693714	95.8333
Vertellen	2	693716	95.8335
Verzorg	2	693718	95.8338
Vesper	2	693720	95.8341
Veul	2	693722	95.8344
Veurne	2	693724	95.8346
Vierlingsbeek	2	693726	95.8349
Vindt	2	693728	95.8352
Viola	2	693730	95.8355
Vliegen	2	693732	95.8358
Voelt	2	693734	95.836
Voet	2	693736	95.8363
Voicemail	2	693738	95.8366
Voila	2	693740	95.8369
Vol	2	693742	95.8371
Volbeat	2	693744	95.8374
Volendamse	2	693746	95.8377
Volop	2	693748	95.838
Voorbij	2	693750	95.8382
Voordat	2	693752	95.8385
Voorstelling	2	693754	95.8388
Voorts	2	693756	95.8391
Voorzichtig	2	693758	95.8393
Vorig	2	693760	95.8396
Vos	2	693762	95.8399
Voske	2	693764	95.8402
Vraagteken	2	693766	95.8404
Vragen	2	693768	95.8407
Vreetos	2	693770	95.841
Vreten	2	693772	95.8413
Vriend	2	693774	95.8416
Vrijdags	2	693776	95.8418
Vrijmibo	2	693778	95.8421
Vrouw	2	693780	95.8424
Véronique	2	693782	95.8427
Véél	2	693784	95.8429
WC	2	693786	95.8432
WEEKPAS	2	693788	95.8435
WEER	2	693790	95.8438
WK	2	693792	95.844
WOW	2	693794	95.8443
Waaah	2	693796	95.8446
Waaargh	2	693798	95.8449
Waarsch	2	693800	95.8451
Waarvan	2	693802	95.8454
Wachtebeke	2	693804	95.8457
Wah	2	693806	95.846
Wakker	2	693808	95.8462
Wann	2	693810	95.8465
War	2	693812	95.8468
Ward	2	693814	95.8471
Weather	2	693816	95.8474
Website	2	693818	95.8476
Wederom	2	693820	95.8479
Wedstrijd	2	693822	95.8482
Weekpas	2	693824	95.8485
Weergoden	2	693826	95.8487
Weight	2	693828	95.849
Weirdo	2	693830	95.8493
Weiss	2	693832	95.8496
Welcome	2	693834	95.8498
Weltruste	2	693836	95.8501
Went	2	693838	95.8504
Werchter	2	693840	95.8507
Wesley	2	693842	95.8509
Wet	2	693844	95.8512
Whale	2	693846	95.8515
Whatcha	2	693848	95.8518
Whereabouts	2	693850	95.8521
Whether	2	693852	95.8523
While	2	693854	95.8526
Who's	2	693856	95.8529
Whoa	2	693858	95.8532
Whoops	2	693860	95.8534
Wibi	2	693862	95.8537
Wieke	2	693864	95.854
Wieso	2	693866	95.8543
Wietse	2	693868	95.8545
Wight	2	693870	95.8548
Wijn	2	693872	95.8551
Wilt	2	693874	95.8554
Wimbledon	2	693876	95.8556
Wind	2	693878	95.8559
Wisselstoring	2	693880	95.8562
Woehoe	2	693882	95.8565
Woeps	2	693884	95.8567
Woet	2	693886	95.857
Wols	2	693888	95.8573
Wolverine	2	693890	95.8576
Wonen	2	693892	95.8579
Wooh	2	693894	95.8581
Worden	2	693896	95.8584
Workshop	2	693898	95.8587
Woutie	2	693900	95.859
Wove	2	693902	95.8592
Wrschlk	2	693904	95.8595
Wut	2	693906	95.8598
Wy	2	693908	95.8601
Wéér	2	693910	95.8603
XML	2	693912	95.8606
XXL	2	693914	95.8609
XXXXXXXXXXXXXX	2	693916	95.8612
XXXXXXXXXXXXXXXX	2	693918	95.8614
XXXXXXXXXXXXXXXXX	2	693920	95.8617
XXXXXXXXXXXXXXXXXX	2	693922	95.862
XXXXXXXXXXXXXXXXXXXXXX	2	693924	95.8623
Xbox	2	693926	95.8626
Xenos	2	693928	95.8628
Xja	2	693930	95.8631
Xkxkx	2	693932	95.8634
Xsch	2	693934	95.8637
XxXXxX	2	693936	95.8639
Xxxkk	2	693938	95.8642
YOU	2	693940	95.8645
Yessss	2	693942	95.8648
Yesssssssssss	2	693944	95.865
Yesterday	2	693946	95.8653
Yooow	2	693948	95.8656
Yoow	2	693950	95.8659
Yosemite	2	693952	95.8661
Young	2	693954	95.8664
Yus	2	693956	95.8667
Yvan	2	693958	95.867
Yves	2	693960	95.8672
Z-Afrika	2	693962	95.8675
ZEKER	2	693964	95.8678
ZKN	2	693966	95.8681
ZOEK	2	693968	95.8684
ZOOO	2	693970	95.8686
Zacht	2	693972	95.8689
Zalige	2	693974	95.8692
Zaza	2	693976	95.8695
Zelf	2	693978	95.8697
Zenden	2	693980	95.87
Zes	2	693982	95.8703
Zetten	2	693984	95.8706
Ziekenhuis	2	693986	95.8708
Zingt	2	693988	95.8711
Zjelòne	2	693990	95.8714
Zoeken	2	693992	95.8717
Zoenen	2	693994	95.8719
Zomaar	2	693996	95.8722
Zondagmiddag	2	693998	95.8725
Zooi	2	694000	95.8728
Zorgen	2	694002	95.8731
Zorgt	2	694004	95.8733
Zot	2	694006	95.8736
Zotte	2	694008	95.8739
Zottegem	2	694010	95.8742
Zoë	2	694012	95.8744
Zwaaien	2	694014	95.8747
Zwarte	2	694016	95.875
Zweedse	2	694018	95.8753
Zweet	2	694020	95.8755
Zwem	2	694022	95.8758
Zwembad	2	694024	95.8761
Zwijndrecht	2	694026	95.8764
Zzzzz	2	694028	95.8766
aa	2	694030	95.8769
aalter	2	694032	95.8772
aanbieden	2	694034	95.8775
aandragen	2	694036	95.8777
aangaf	2	694038	95.878
aangeduid	2	694040	95.8783
aangepaste	2	694042	95.8786
aangereden	2	694044	95.8789
aangeschaft	2	694046	95.8791
aangifte	2	694048	95.8794
aankan	2	694050	95.8797
aankijken	2	694052	95.88
aankoop	2	694054	95.8802
aanmeldingen	2	694056	95.8805
aanmoedigen	2	694058	95.8808
aannemen	2	694060	95.8811
aanpassing	2	694062	95.8813
aanrecht	2	694064	95.8816
aanrijding	2	694066	95.8819
aanschouwen	2	694068	95.8822
aansluit	2	694070	95.8824
aansluitend	2	694072	95.8827
aanstond	2	694074	95.883
aantallen	2	694076	95.8833
aantrekkelijkste	2	694078	95.8835
aanvaard	2	694080	95.8838
aardappel	2	694082	95.8841
aars	2	694084	95.8844
ab	2	694086	95.8847
abonnement	2	694088	95.8849
abuis	2	694090	95.8852
academic	2	694092	95.8855
accenten	2	694094	95.8858
acceptabel	2	694096	95.886
accountancy	2	694098	95.8863
achel	2	694100	95.8866
achterhalen	2	694102	95.8869
achterlangs	2	694104	95.8871
achterover	2	694106	95.8874
achterstallige	2	694108	95.8877
achterste	2	694110	95.888
achtige	2	694112	95.8882
achttien	2	694114	95.8885
acv	2	694116	95.8888
ademhalen	2	694118	95.8891
adios	2	694120	95.8894
adk	2	694122	95.8896
admit	2	694124	95.8899
adonis	2	694126	95.8902
advance	2	694128	95.8905
adviseren	2	694130	95.8907
afbakbroodjes	2	694132	95.891
afbeelding	2	694134	95.8913
afbellen	2	694136	95.8916
afblijven	2	694138	95.8918
afgaan	2	694140	95.8921
afgang	2	694142	95.8924
afgebeld	2	694144	95.8927
afgebroken	2	694146	95.8929
afgeknapt	2	694148	95.8932
afgestoken	2	694150	95.8935
afgewandeld	2	694152	95.8938
afgezien	2	694154	95.894
afh	2	694156	95.8943
afhakelarij	2	694158	95.8946
afhakers	2	694160	95.8949
afkicken	2	694162	95.8952
afknappen	2	694164	95.8954
afkomn	2	694166	95.8957
afkomstig	2	694168	95.896
aflossing	2	694170	95.8963
afrika	2	694172	95.8965
afrit	2	694174	95.8968
afscheidsfeestje	2	694176	95.8971
afscheuring	2	694178	95.8974
afstandje	2	694180	95.8976
afstemmen	2	694182	95.8979
afstudeerfeest	2	694184	95.8982
afstudeerfeestje	2	694186	95.8985
afterparty	2	694188	95.8987
afvalbak	2	694190	95.899
afvroeg	2	694192	95.8993
afwachting	2	694194	95.8996
afweten	2	694196	95.8999
afwisseling	2	694198	95.9001
agency	2	694200	95.9004
agge	2	694202	95.9007
ago	2	694204	95.901
aha	2	694206	95.9012
ahnung	2	694208	95.9015
aiai	2	694210	95.9018
aideen	2	694212	95.9021
ain't	2	694214	95.9023
aja	2	694216	95.9026
aka	2	694218	95.9029
alcoholstiften	2	694220	95.9032
alcoholvrij	2	694222	95.9034
aldus	2	694224	95.9037
ale	2	694226	95.904
alert	2	694228	95.9043
algebra	2	694230	95.9045
algehele	2	694232	95.9048
allee	2	694234	95.9051
allereerst	2	694236	95.9054
allergie	2	694238	95.9057
allowed	2	694240	95.9059
allready	2	694242	95.9062
alpha	2	694244	95.9065
alphen	2	694246	95.9068
alsek	2	694248	95.907
alsge	2	694250	95.9073
alstublieft	2	694252	95.9076
althans	2	694254	95.9079
amaretto	2	694256	95.9081
ambedkar	2	694258	95.9084
amerika	2	694260	95.9087
amerikaanse	2	694262	95.909
amstelveen	2	694264	95.9092
amused	2	694266	95.9095
amy	2	694268	95.9098
andermans	2	694270	95.9101
andheri	2	694272	95.9103
aneke	2	694274	95.9106
angst	2	694276	95.9109
animo	2	694278	95.9112
annastraat	2	694280	95.9115
anni	2	694282	95.9117
annoyed	2	694284	95.912
anorexia	2	694286	95.9123
ans	2	694288	95.9126
anti	2	694290	95.9128
antw	2	694292	95.9131
anytime	2	694294	95.9134
apero	2	694296	95.9137
apologies	2	694298	95.9139
apoorv	2	694300	95.9142
apostel	2	694302	95.9145
apotheker	2	694304	95.9148
appartementen	2	694306	95.915
appel	2	694308	95.9153
appelmans	2	694310	95.9156
appelsap	2	694312	95.9159
approved	2	694314	95.9162
apps	2	694316	95.9164
appt	2	694318	95.9167
apt	2	694320	95.917
aquila	2	694322	95.9173
aquisitie	2	694324	95.9175
arcachon	2	694326	95.9178
arelaxed	2	694328	95.9181
aren't	2	694330	95.9184
army	2	694332	95.9186
arrogante	2	694334	95.9189
asap	2	694336	95.9192
asbest	2	694338	95.9195
asiel	2	694340	95.9197
asked	2	694342	95.92
asking	2	694344	95.9203
asleep	2	694346	95.9206
aso	2	694348	95.9208
asperges	2	694350	95.9211
asses	2	694352	95.9214
assume	2	694354	95.9217
ate	2	694356	95.922
aten	2	694358	95.9222
atleet	2	694360	95.9225
attention	2	694362	95.9228
augurken	2	694364	95.9231
aukoerek	2	694366	95.9233
autocorrect	2	694368	95.9236
autocorrectie	2	694370	95.9239
autosleutels	2	694372	95.9242
ava	2	694374	95.9244
available	2	694376	95.9247
avans	2	694378	95.925
avenue	2	694380	95.9253
avoided	2	694382	95.9255
avondjes	2	694384	95.9258
avondspits	2	694386	95.9261
avondzonnetje	2	694388	95.9264
award	2	694390	95.9267
awkward	2	694392	95.9269
aye	2	694394	95.9272
ayesta	2	694396	95.9275
azo	2	694398	95.9278
baantje	2	694400	95.928
babbe	2	694402	95.9283
babyborrel	2	694404	95.9286
babyfoon	2	694406	95.9289
babysitter	2	694408	95.9291
bakske	2	694410	95.9294
balans	2	694412	95.9297
balk	2	694414	95.93
balkondeur	2	694416	95.9302
ballonnen	2	694418	95.9305
ballos	2	694420	95.9308
balpol	2	694422	95.9311
bami	2	694424	95.9313
bammer	2	694426	95.9316
bananenschil	2	694428	95.9319
banier	2	694430	95.9322
bankhangen	2	694432	95.9325
bankrekening	2	694434	95.9327
barbara	2	694436	95.933
barca	2	694438	95.9333
baron	2	694440	95.9336
basement	2	694442	95.9338
basisschool	2	694444	95.9341
bass	2	694446	95.9344
batavierenrace	2	694448	95.9347
batch	2	694450	95.9349
bathroom	2	694452	95.9352
batterijen	2	694454	95.9355
bazin	2	694456	95.9358
bbq'n	2	694458	95.936
bbq-en	2	694460	95.9363
bbqtje	2	694462	95.9366
bdaydrink	2	694464	95.9369
bdp	2	694466	95.9371
beachvolleybal	2	694468	95.9374
beamer	2	694470	95.9377
beat	2	694472	95.938
bedank	2	694474	95.9383
bedel	2	694476	95.9385
bedenkingen	2	694478	95.9388
bedienen	2	694480	95.9391
bedoelen	2	694482	95.9394
bedrijfsbezoek	2	694484	95.9396
bedrijfsleven	2	694486	95.9399
bedroeg	2	694488	95.9402
beduidend	2	694490	95.9405
beeb	2	694492	95.9407
beebie	2	694494	95.941
beek	2	694496	95.9413
beenhouwer	2	694498	95.9416
beerse	2	694500	95.9418
beestfeest	2	694502	95.9421
begeleiden	2	694504	95.9424
beginne	2	694506	95.9427
begonne	2	694508	95.943
begraven	2	694510	95.9432
behangen	2	694512	95.9435
behoeden	2	694514	95.9438
bekaf	2	694516	95.9441
bekendste	2	694518	95.9443
beker	2	694520	95.9446
bekerwedstrijd	2	694522	95.9449
bekroonde	2	694524	95.9452
bekyken	2	694526	95.9454
belabberd	2	694528	95.9457
belang	2	694530	95.946
belangrijks	2	694532	95.9463
belangryk	2	694534	95.9465
belangstellende	2	694536	95.9468
belangstellenden	2	694538	95.9471
belastingdienst	2	694540	95.9474
beledigen	2	694542	95.9476
beleefd	2	694544	95.9479
belg	2	694546	95.9482
believe	2	694548	95.9485
bell	2	694550	95.9488
belle	2	694552	95.949
belleghemstraat	2	694554	95.9493
bellenbord	2	694556	95.9496
bels	2	694558	95.9499
belwaarde	2	694560	95.9501
beminnen	2	694562	95.9504
ben.je	2	694564	95.9507
benaderd	2	694566	95.951
benadert	2	694568	95.9512
beneveld	2	694570	95.9515
benevelen	2	694572	95.9518
benjamin	2	694574	95.9521
bennen	2	694576	95.9523
bennu	2	694578	95.9526
benzinekosten	2	694580	95.9529
beoordelen	2	694582	95.9532
bepalen	2	694584	95.9535
berchem	2	694586	95.9537
berdine	2	694588	95.954
bere	2	694590	95.9543
berekening	2	694592	95.9546
berekeningen	2	694594	95.9548
beren	2	694596	95.9551
berghut	2	694598	95.9554
beroerte	2	694600	95.9557
bertje	2	694602	95.9559
bes	2	694604	95.9562
besant	2	694606	95.9565
beschaafd	2	694608	95.9568
beschadigen	2	694610	95.957
beschikbare	2	694612	95.9573
beseffen	2	694614	95.9576
besje	2	694616	95.9579
beslissingen	2	694618	95.9581
besluiten	2	694620	95.9584
besparen	2	694622	95.9587
bespottelijke	2	694624	95.959
bessen	2	694626	95.9593
besta	2	694628	95.9595
besteed	2	694630	95.9598
bestuah	2	694632	95.9601
bestuurshok	2	694634	95.9604
bet	2	694636	95.9606
betrapt	2	694638	95.9609
beurtdeei	2	694640	95.9612
beviel	2	694642	95.9615
bewaar	2	694644	95.9617
beweert	2	694646	95.962
bewegen	2	694648	95.9623
bewijzen	2	694650	95.9626
bezatten	2	694652	95.9628
bezighouden	2	694654	95.9631
bezoekers	2	694656	95.9634
bezoekerskaart	2	694658	95.9637
bezoekuur	2	694660	95.9639
bezopen	2	694662	95.9642
bezweet	2	694664	95.9645
bf	2	694666	95.9648
bibliotheek	2	694668	95.9651
bicky	2	694670	95.9653
biedt	2	694672	95.9656
bierfeesten	2	694674	95.9659
bierles	2	694676	95.9662
biet	2	694678	95.9664
bijdragen	2	694680	95.9667
bijeenkomsten	2	694682	95.967
bijgeleerd	2	694684	95.9673
bijgepraat	2	694686	95.9675
bijhouden	2	694688	95.9678
bijleggen	2	694690	95.9681
bijles	2	694692	95.9684
bijten	2	694694	95.9686
binding	2	694696	95.9689
bingo	2	694698	95.9692
binnengaan	2	694700	95.9695
binnenkomen	2	694702	95.9698
binnenkomt	2	694704	95.97
binnenland	2	694706	95.9703
binnenpret	2	694708	95.9706
bioscoop	2	694710	95.9709
bitch	2	694712	95.9711
bitche	2	694714	95.9714
bk	2	694716	95.9717
bkc	2	694718	95.972
blaadjes	2	694720	95.9722
blaar	2	694722	95.9725
blegh	2	694724	95.9728
bleken	2	694726	95.9731
bleven	2	694728	95.9733
blijbaar	2	694730	95.9736
blijve	2	694732	95.9739
blijvend	2	694734	95.9742
blikjes	2	694736	95.9744
blikken	2	694738	95.9747
blind	2	694740	95.975
block	2	694742	95.9753
bloedgeven	2	694744	95.9756
bloemenpers	2	694746	95.9758
bloemetjes	2	694748	95.9761
blokkeer	2	694750	95.9764
blonde	2	694752	95.9767
blondie	2	694754	95.9769
bloody	2	694756	95.9772
bloos	2	694758	95.9775
blouse	2	694760	95.9778
blues	2	694762	95.978
blunder	2	694764	95.9783
bnn	2	694766	95.9786
bocht	2	694768	95.9789
bochten	2	694770	95.9791
boden	2	694772	95.9794
bodybalance	2	694774	95.9797
boedapest	2	694776	95.98
boeiends	2	694778	95.9803
boekenbieb	2	694780	95.9805
boekenbon	2	694782	95.9808
boekhouder	2	694784	95.9811
boemel	2	694786	95.9814
boerin	2	694788	95.9816
boete	2	694790	95.9819
bol.com	2	694792	95.9822
bollekes	2	694794	95.9825
bom	2	694796	95.9827
bomen	2	694798	95.983
bonen	2	694800	95.9833
bonus	2	694802	95.9836
boodsch	2	694804	95.9838
boodschappenlijstje	2	694806	95.9841
boodschaps	2	694808	95.9844
boontjes	2	694810	95.9847
boooeee	2	694812	95.9849
boostcaps	2	694814	95.9852
bootje	2	694816	95.9855
booze	2	694818	95.9858
bordeaux	2	694820	95.9861
bordje	2	694822	95.9863
borg	2	694824	95.9866
borluut	2	694826	95.9869
borrels	2	694828	95.9872
borst	2	694830	95.9874
borsten	2	694832	95.9877
boscostraat	2	694834	95.988
bosje	2	694836	95.9883
bossen	2	694838	95.9885
boter	2	694840	95.9888
boterhammetjes	2	694842	95.9891
boterkoek	2	694844	95.9894
bottle	2	694846	95.9896
bourgondische	2	694848	95.9899
boutje	2	694850	95.9902
bouwkeet	2	694852	95.9905
bovenbeen	2	694854	95.9907
bovenin	2	694856	95.991
bowl	2	694858	95.9913
boys	2	694860	95.9916
braai	2	694862	95.9919
bracht	2	694864	95.9921
brah	2	694866	95.9924
brain	2	694868	95.9927
brains	2	694870	95.993
brainstormen	2	694872	95.9932
bredaseweg	2	694874	95.9935
brenda	2	694876	95.9938
brick	2	694878	95.9941
bridge	2	694880	95.9943
briljante	2	694882	95.9946
broccoli	2	694884	95.9949
broertjes	2	694886	95.9952
brokjes	2	694888	95.9954
brom	2	694890	95.9957
brr	2	694892	95.996
brrr	2	694894	95.9963
bruinen	2	694896	95.9966
bruise	2	694898	95.9968
brunchen	2	694900	95.9971
brunette	2	694902	95.9974
brusselse	2	694904	95.9977
bruut	2	694906	95.9979
brux	2	694908	95.9982
bueno	2	694910	95.9985
buggy	2	694912	95.9988
buitenaards	2	694914	95.999
buitengezet	2	694916	95.9993
buitenkomen	2	694918	95.9996
buitenlanders	2	694920	95.9999
bunch	2	694922	96.0001
bundels	2	694924	96.0004
bureau's	2	694926	96.0007
bureaulade	2	694928	96.001
burgemeester	2	694930	96.0012
burgers	2	694932	96.0015
burrel	2	694934	96.0018
buschauffeur	2	694936	96.0021
bush	2	694938	96.0024
businessmeeting	2	694940	96.0026
busje	2	694942	96.0029
buss	2	694944	96.0032
bustijden	2	694946	96.0035
buuf	2	694948	96.0037
buurjongen	2	694950	96.004
buurten	2	694952	96.0043
buurtfeest	2	694954	96.0046
cafeetje	2	694956	96.0048
caiperinhas	2	694958	96.0051
camion	2	694960	96.0054
cancelled	2	694962	96.0057
cantor	2	694964	96.0059
cantusbestuur	2	694966	96.0062
canvas	2	694968	96.0065
card	2	694970	96.0068
careerevent	2	694972	96.0071
cares	2	694974	96.0073
carla	2	694976	96.0076
carnavallers	2	694978	96.0079
carter	2	694980	96.0082
cartoon	2	694982	96.0084
castets	2	694984	96.0087
casus	2	694986	96.009
catan	2	694988	96.0093
catannen	2	694990	96.0095
categorie	2	694992	96.0098
cath	2	694994	96.0101
catherine	2	694996	96.0104
cats	2	694998	96.0106
cauwie	2	695000	96.0109
cc.	2	695002	96.0112
cds	2	695004	96.0115
celebrity	2	695006	96.0117
center	2	695008	96.012
central	2	695010	96.0123
centrumkant	2	695012	96.0126
ceremony	2	695014	96.0129
cerveza	2	695016	96.0131
ch	2	695018	96.0134
chagarijnig	2	695020	96.0137
champions	2	695022	96.014
channel	2	695024	96.0142
chantage	2	695026	96.0145
chantal	2	695028	96.0148
charleroi	2	695030	96.0151
charlie	2	695032	96.0153
charme	2	695034	96.0156
chauffage	2	695036	96.0159
check-in	2	695038	96.0162
checkt	2	695040	96.0164
checkte	2	695042	96.0167
chemische	2	695044	96.017
chemo	2	695046	96.0173
chess	2	695048	96.0175
chicken	2	695050	96.0178
chickies	2	695052	96.0181
chicks	2	695054	96.0184
chicky	2	695056	96.0187
chinees	2	695058	96.0189
chipknip	2	695060	96.0192
chocoladebollen	2	695062	96.0195
chocolates	2	695064	96.0198
chopper	2	695066	96.02
christophe	2	695068	96.0203
chunkietje	2	695070	96.0206
cio	2	695072	96.0209
circle	2	695074	96.0211
citroen	2	695076	96.0214
civ	2	695078	96.0217
civven	2	695080	96.022
cker	2	695082	96.0222
cking	2	695084	96.0225
cleo	2	695086	96.0228
closing	2	695088	96.0231
clublied	2	695090	96.0234
clubweekend	2	695092	96.0236
cms	2	695094	96.0239
coach	2	695096	96.0242
coast	2	695098	96.0245
cocktailparty	2	695100	96.0247
cocktailtje	2	695102	96.025
cod	2	695104	96.0253
codex	2	695106	96.0256
codima	2	695108	96.0258
collegebanken	2	695110	96.0261
column	2	695112	96.0264
com	2	695114	96.0267
combined	2	695116	96.0269
comedy	2	695118	96.0272
comes	2	695120	96.0275
comfortabel	2	695122	96.0278
commando	2	695124	96.028
commentaren	2	695126	96.0283
communiefeest	2	695128	96.0286
comp	2	695130	96.0289
compagnon	2	695132	96.0292
compassie	2	695134	96.0294
complaints	2	695136	96.0297
complete	2	695138	96.03
complex	2	695140	96.0303
complimenten	2	695142	96.0305
computeren	2	695144	96.0308
con	2	695146	96.0311
concertje	2	695148	96.0314
conclusies	2	695150	96.0316
confetti	2	695152	96.0319
confituur	2	695154	96.0322
confrontatie	2	695156	96.0325
confused	2	695158	96.0327
connecties	2	695160	96.033
conservatorium	2	695162	96.0333
constante	2	695164	96.0336
contacteren	2	695166	96.0339
continu	2	695168	96.0341
contractbespreking	2	695170	96.0344
contributie	2	695172	96.0347
conversatie	2	695174	96.035
coop	2	695176	96.0352
copycenter	2	695178	96.0355
corners	2	695180	96.0358
correctie	2	695182	96.0361
cost	2	695184	96.0363
coupure	2	695186	96.0366
courage	2	695188	96.0369
courgette	2	695190	96.0372
couscous	2	695192	96.0374
cover	2	695194	96.0377
cowboy	2	695196	96.038
coördinatiedienst	2	695198	96.0383
crack	2	695200	96.0385
cradle	2	695202	96.0388
crap	2	695204	96.0391
crashed	2	695206	96.0394
crasht	2	695208	96.0397
creatief	2	695210	96.0399
creativiteit	2	695212	96.0402
credits	2	695214	96.0405
crossed	2	695216	96.0408
crowded	2	695218	96.041
crown	2	695220	96.0413
cruisen	2	695222	96.0416
culture	2	695224	96.0419
cup	2	695226	96.0421
currently	2	695228	96.0424
cvaa	2	695230	96.0427
cycling	2	695232	96.043
d-reizen	2	695234	96.0432
daarnaast	2	695236	96.0435
daartussenin	2	695238	96.0438
dabei	2	695240	96.0441
dagelijks	2	695242	96.0444
dagjes	2	695244	96.0446
dagmar	2	695246	96.0449
dagtocht	2	695248	96.0452
dambert	2	695250	96.0455
dammen	2	695252	96.0457
dankbaarheid	2	695254	96.046
dar	2	695256	96.0463
dark	2	695258	96.0466
datacentrum	2	695260	96.0468
dato	2	695262	96.0471
datte	2	695264	96.0474
dberg	2	695266	96.0477
dc	2	695268	96.0479
dear	2	695270	96.0482
debiel	2	695272	96.0485
debielen	2	695274	96.0488
deca	2	695276	96.049
decenium	2	695278	96.0493
decided	2	695280	96.0496
deelname	2	695282	96.0499
deelt	2	695284	96.0502
deeltijds	2	695286	96.0504
dees	2	695288	96.0507
defecte	2	695290	96.051
degenen	2	695292	96.0513
degree	2	695294	96.0515
deira	2	695296	96.0518
deja	2	695298	96.0521
dekker	2	695300	96.0524
dekmantel	2	695302	96.0526
dekmatras	2	695304	96.0529
demo	2	695306	96.0532
denderend	2	695308	96.0535
denderleeuw	2	695310	96.0537
dendermonde	2	695312	96.054
denise	2	695314	96.0543
depauw	2	695316	96.0546
depressie	2	695318	96.0548
depri	2	695320	96.0551
dergelijks	2	695322	96.0554
derna	2	695324	96.0557
design	2	695326	96.056
desire	2	695328	96.0562
dessertje	2	695330	96.0565
deurklink	2	695332	96.0568
developer	2	695334	96.0571
development	2	695336	96.0573
dewinter	2	695338	96.0576
dexia	2	695340	96.0579
dexter	2	695342	96.0582
dgn	2	695344	96.0584
diablo	2	695346	96.0587
diagnose	2	695348	96.059
dial	2	695350	96.0593
diameter	2	695352	96.0595
dias	2	695354	96.0598
dichtdoen	2	695356	96.0601
dichte	2	695358	96.0604
dichtgedaan	2	695360	96.0607
dichtst	2	695362	96.0609
diejen	2	695364	96.0612
diepe	2	695366	96.0615
dieper	2	695368	96.0618
dier	2	695370	96.062
dieren	2	695372	96.0623
dierenwinkel	2	695374	96.0626
dies	2	695376	96.0629
diest	2	695378	96.0631
difficulty	2	695380	96.0634
dikte	2	695382	96.0637
dikwijls	2	695384	96.064
dilemma	2	695386	96.0642
dimf	2	695388	96.0645
dimitri	2	695390	96.0648
dineren	2	695392	96.0651
dinges	2	695394	96.0653
dinsd	2	695396	96.0656
dinsdagen	2	695398	96.0659
dinsdagmiddag	2	695400	96.0662
dinsdagochtend	2	695402	96.0665
dip	2	695404	96.0667
directe	2	695406	96.067
directions	2	695408	96.0673
director	2	695410	96.0676
dirk	2	695412	96.0678
discobar	2	695414	96.0681
discuss	2	695416	96.0684
discussieren	2	695418	96.0687
dispuutsavond	2	695420	96.0689
djakken	2	695422	96.0692
djok	2	695424	96.0695
dju	2	695426	96.0698
docenten	2	695428	96.07
doctor	2	695430	96.0703
documentaire	2	695432	96.0706
documenten	2	695434	96.0709
documentje	2	695436	96.0712
documentnummers	2	695438	96.0714
dode	2	695440	96.0717
dodelijk	2	695442	96.072
doej	2	695444	96.0723
doeje	2	695446	96.0725
doelen	2	695448	96.0728
doktersvoorschrift	2	695450	96.0731
dollars	2	695452	96.0734
dominant	2	695454	96.0736
dominee	2	695456	96.0739
domper	2	695458	96.0742
donalds	2	695460	96.0745
donderdagmiddag	2	695462	96.0747
donkerder	2	695464	96.075
donna	2	695466	96.0753
doodgaat	2	695468	96.0756
doodgeschoten	2	695470	96.0758
doodgraag	2	695472	96.0761
dooie	2	695474	96.0764
doopsuiker	2	695476	96.0767
doorbijten	2	695478	96.077
doorbikkelen	2	695480	96.0772
doorgedrongen	2	695482	96.0775
doorgeeft	2	695484	96.0778
doorgehaald	2	695486	96.0781
doorgeslapen	2	695488	96.0783
doorhak	2	695490	96.0786
doorlopen	2	695492	96.0789
doormidden	2	695494	96.0792
doornemen	2	695496	96.0794
doorrijdt	2	695498	96.0797
doorslaapt	2	695500	96.08
doorstaan	2	695502	96.0803
doorzettingsvermogen	2	695504	96.0805
doorzichtige	2	695506	96.0808
dop	2	695508	96.0811
dorine	2	695510	96.0814
dorpje	2	695512	96.0816
double	2	695514	96.0819
douce	2	695516	96.0822
draadloos	2	695518	96.0825
draakje	2	695520	96.0828
draeck	2	695522	96.083
dramatisch	2	695524	96.0833
dree	2	695526	96.0836
dreef	2	695528	96.0839
dreigde	2	695530	96.0841
dreigen	2	695532	96.0844
dreupelkot	2	695534	96.0847
drietjes	2	695536	96.085
drij	2	695538	96.0852
drijven	2	695540	96.0855
drives	2	695542	96.0858
drm	2	695544	96.0861
drnkn	2	695546	96.0863
dronkaard	2	695548	96.0866
droomliefje	2	695550	96.0869
droomt	2	695552	96.0872
droppen	2	695554	96.0875
drukker	2	695556	96.0877
drum	2	695558	96.088
drup	2	695560	96.0883
dtl	2	695562	96.0886
dubbeldate	2	695564	96.0888
dubbelganger	2	695566	96.0891
duinen	2	695568	96.0894
duistere	2	695570	96.0897
duivel	2	695572	96.0899
duivin	2	695574	96.0902
dulle	2	695576	96.0905
dumpen	2	695578	96.0908
dunkt	2	695580	96.091
during	2	695582	96.0913
dust	2	695584	96.0916
dutch	2	695586	96.0919
dutjes	2	695588	96.0921
dutske	2	695590	96.0924
duurs	2	695592	96.0927
duw	2	695594	96.093
dw	2	695596	96.0933
dwaze	2	695598	96.0935
dweil	2	695600	96.0938
dáár	2	695602	96.0941
dé	2	695604	96.0944
e.d.	2	695606	96.0946
eBay	2	695608	96.0949
eagle	2	695610	96.0952
eargasm	2	695612	96.0955
earliest	2	695614	96.0957
easier	2	695616	96.096
eaten	2	695618	96.0963
ebde	2	695620	96.0966
ebh	2	695622	96.0968
ec	2	695624	96.0971
ecoduellen	2	695626	96.0974
ecomat	2	695628	96.0977
eczeem	2	695630	96.098
eed	2	695632	96.0982
eee	2	695634	96.0985
eefje	2	695636	96.0988
eenvoudiger	2	695638	96.0991
eerste(n)	2	695640	96.0993
eetcafe	2	695642	96.0996
efjes	2	695644	96.0999
ego	2	695646	96.1002
ehandswinkel	2	695648	96.1004
eigenlyk	2	695650	96.1007
eiglijk	2	695652	96.101
eilanden	2	695654	96.1013
eindbaas	2	695656	96.1015
eindcijfer	2	695658	96.1018
eindstand	2	695660	96.1021
eis	2	695662	96.1024
el	2	695664	96.1026
elektrisch	2	695666	96.1029
elektrische	2	695668	96.1032
elemaal	2	695670	96.1035
element	2	695672	96.1038
eleven	2	695674	96.104
elftal	2	695676	96.1043
elizabeth	2	695678	96.1046
elleboogjes	2	695680	96.1049
ellendig	2	695682	96.1051
emily	2	695684	96.1054
employee	2	695686	96.1057
emte	2	695688	96.106
encore	2	695690	96.1062
enfin	2	695692	96.1065
engagement	2	695694	96.1068
engelsman	2	695696	96.1071
enigste	2	695698	96.1073
enneh	2	695700	96.1076
enschedese	2	695702	96.1079
entourage	2	695704	96.1082
enveloppe	2	695706	96.1084
enveloppen	2	695708	96.1087
environment	2	695710	96.109
erasmusbrug	2	695712	96.1093
erboven	2	695714	96.1096
eredames	2	695716	96.1098
erelid	2	695718	96.1101
ergere	2	695720	96.1104
ergernissen	2	695722	96.1107
erom	2	695724	96.1109
eronder	2	695726	96.1112
errors	2	695728	96.1115
ertegenover	2	695730	96.1118
esmee	2	695732	96.112
espressomachine	2	695734	96.1123
essentieels	2	695736	96.1126
etappe	2	695738	96.1129
etappes	2	695740	96.1131
etiket	2	695742	96.1134
etos	2	695744	96.1137
ets	2	695746	96.114
etters	2	695748	96.1143
etwa	2	695750	96.1145
etwas	2	695752	96.1148
eufemisme	2	695754	96.1151
euro's	2	695756	96.1154
euroots	2	695758	96.1156
europe	2	695760	96.1159
europees	2	695762	96.1162
eurostar	2	695764	96.1165
eurotrip	2	695766	96.1167
evah	2	695768	96.117
evenwicht	2	695770	96.1173
everybody	2	695772	96.1176
everyone	2	695774	96.1178
evident	2	695776	96.1181
ewn	2	695778	96.1184
ex-jarige	2	695780	96.1187
examenvragen	2	695782	96.1189
excited	2	695784	96.1192
excl.	2	695786	96.1195
exit	2	695788	96.1198
exp	2	695790	96.1201
expect	2	695792	96.1203
expectations	2	695794	96.1206
expected	2	695796	96.1209
experimenteren	2	695798	96.1212
expertise	2	695800	96.1214
exqi	2	695802	96.1217
ey	2	695804	96.122
faalde	2	695806	96.1223
fabriek	2	695808	96.1225
fac	2	695810	96.1228
facetten	2	695812	96.1231
fact	2	695814	96.1234
facturen	2	695816	96.1236
faculteit	2	695818	96.1239
fais	2	695820	96.1242
fak	2	695822	96.1245
fallen	2	695824	96.1248
famdag	2	695826	96.125
familiefeest	2	695828	96.1253
familiereünie	2	695830	96.1256
fanclub	2	695832	96.1259
fannys	2	695834	96.1261
farre	2	695836	96.1264
fatsoeneren	2	695838	96.1267
fatsoenlijke	2	695840	96.127
fault	2	695842	96.1272
favo	2	695844	96.1275
favour	2	695846	96.1278
fax	2	695848	96.1281
feedbacken	2	695850	96.1283
feestdag	2	695852	96.1286
feestpret	2	695854	96.1289
feitelijk	2	695856	96.1292
fel	2	695858	96.1294
feli	2	695860	96.1297
felicidas	2	695862	96.13
feliciteer	2	695864	96.1303
feller	2	695866	96.1306
ferme	2	695868	96.1308
ferry	2	695870	96.1311
feuten	2	695872	96.1314
fierljeppen	2	695874	96.1317
fiete	2	695876	96.1319
fietsband	2	695878	96.1322
fietsenmaker	2	695880	96.1325
fietskot	2	695882	96.1328
fietslampjes	2	695884	96.133
fietspad	2	695886	96.1333
fietspomp	2	695888	96.1336
fietstassen	2	695890	96.1339
fietstochtje	2	695892	96.1341
fifty	2	695894	96.1344
figuurlijk	2	695896	96.1347
fik	2	695898	96.135
fiksen	2	695900	96.1352
filerijden	2	695902	96.1355
filip	2	695904	96.1358
filliers	2	695906	96.1361
filmavonden	2	695908	96.1364
final	2	695910	96.1366
financien	2	695912	96.1369
financieren	2	695914	96.1372
financiering	2	695916	96.1375
finding	2	695918	96.1377
finger	2	695920	96.138
fingers	2	695922	96.1383
firenze	2	695924	96.1386
fiscus	2	695926	96.1388
fitting	2	695928	96.1391
flauwe	2	695930	96.1394
flauwgevallen	2	695932	96.1397
fleece	2	695934	96.1399
flesjes	2	695936	96.1402
fleust	2	695938	96.1405
flotje	2	695940	96.1408
flyer	2	695942	96.1411
flying	2	695944	96.1413
fm	2	695946	96.1416
fnac	2	695948	96.1419
fo	2	695950	96.1422
focus	2	695952	96.1424
foif	2	695954	96.1427
foleys	2	695956	96.143
followed	2	695958	96.1433
fonteinstraat	2	695960	96.1435
foodmaker	2	695962	96.1438
football	2	695964	96.1441
form	2	695966	96.1444
formules	2	695968	96.1446
fotografie	2	695970	96.1449
fotokopie	2	695972	96.1452
fourier	2	695974	96.1455
foyer	2	695976	96.1457
freak	2	695978	96.146
freek	2	695980	96.1463
fresh	2	695982	96.1466
freya	2	695984	96.1469
friesland	2	695986	96.1471
frisdrank	2	695988	96.1474
frodo	2	695990	96.1477
frog	2	695992	96.148
frro	2	695994	96.1482
fruitpap	2	695996	96.1485
fuk	2	695998	96.1488
functies	2	696000	96.1491
functioneren	2	696002	96.1493
fust	2	696004	96.1496
fysiek	2	696006	96.1499
gaarne	2	696008	96.1502
gadgets	2	696010	96.1504
gak	2	696012	96.1507
galaxy	2	696014	96.151
gamebeurs	2	696016	96.1513
gamen	2	696018	96.1516
gan	2	696020	96.1518
gangen	2	696022	96.1521
ganse	2	696024	96.1524
ganze	2	696026	96.1527
gardena	2	696028	96.1529
gasthuisberg	2	696030	96.1532
gastroscopie	2	696032	96.1535
gays	2	696034	96.1538
gazet	2	696036	96.154
geactiveerd	2	696038	96.1543
gear	2	696040	96.1546
gebaar	2	696042	96.1549
gebabbeld	2	696044	96.1551
gebarbecued	2	696046	96.1554
gebeten	2	696048	96.1557
gebeurde	2	696050	96.156
gebeurtenis	2	696052	96.1562
gebouwen	2	696054	96.1565
gebruiker	2	696056	96.1568
geburtstag	2	696058	96.1571
gechecked	2	696060	96.1574
geconcentreerd	2	696062	96.1576
gedag	2	696064	96.1579
gedeeld	2	696066	96.1582
gedicht	2	696068	96.1585
gedoken	2	696070	96.1587
gedouched	2	696072	96.159
gedronkn	2	696074	96.1593
gefaald	2	696076	96.1596
gefelciteerd	2	696078	96.1598
gefikst	2	696080	96.1601
gefilmd	2	696082	96.1604
geflikkerd	2	696084	96.1607
gefloten	2	696086	96.1609
gefocust	2	696088	96.1612
gegadigden	2	696090	96.1615
gegevn	2	696092	96.1618
gegoogled	2	696094	96.162
gegrepen	2	696096	96.1623
gehAd	2	696098	96.1626
gehalveerd	2	696100	96.1629
gehangen	2	696102	96.1632
gehockeyd	2	696104	96.1634
gehuld	2	696106	96.1637
geitjes	2	696108	96.164
gekalmeerd	2	696110	96.1643
gekeerd	2	696112	96.1645
geknapt	2	696114	96.1648
gekneusd	2	696116	96.1651
geknipt	2	696118	96.1654
gekotst	2	696120	96.1656
gekrabt	2	696122	96.1659
gekrege	2	696124	96.1662
gekroonde	2	696126	96.1665
geks	2	696128	96.1667
gekuist	2	696130	96.167
gekwetst	2	696132	96.1673
geladen	2	696134	96.1676
geldigheid	2	696136	96.1679
gelede	2	696138	96.1681
geleegd	2	696140	96.1684
gelet	2	696142	96.1687
geleverd	2	696144	96.169
geliefde	2	696146	96.1692
gelijkspel	2	696148	96.1695
gelik	2	696150	96.1698
geloot	2	696152	96.1701
gelul	2	696154	96.1703
gemakkie	2	696156	96.1706
gemeten	2	696158	96.1709
gemiddelde	2	696160	96.1712
gemoederen	2	696162	96.1714
gemoeten	2	696164	96.1717
gemountainbiked	2	696166	96.172
genaait	2	696168	96.1723
genant	2	696170	96.1725
geneeskunde	2	696172	96.1728
generale	2	696174	96.1731
geneukt	2	696176	96.1734
geniaalste	2	696178	96.1737
genot	2	696180	96.1739
gentbrugge	2	696182	96.1742
geoefend	2	696184	96.1745
geoogst	2	696186	96.1748
geplaatst	2	696188	96.175
geplande	2	696190	96.1753
geplukt	2	696192	96.1756
gepokerd	2	696194	96.1759
gerda	2	696196	96.1761
gere	2	696198	96.1764
gereed	2	696200	96.1767
gerelaxed	2	696202	96.177
gereserveerde	2	696204	96.1772
gerookte	2	696206	96.1775
geroosterde	2	696208	96.1778
geschatte	2	696210	96.1781
geschenk	2	696212	96.1784
geschift	2	696214	96.1786
geschikte	2	696216	96.1789
geschilderd	2	696218	96.1792
geschrokken	2	696220	96.1795
gesettled	2	696222	96.1797
geslagen	2	696224	96.18
gesmolten	2	696226	96.1803
gesnoept	2	696228	96.1806
gestalkt	2	696230	96.1808
gestresst	2	696232	96.1811
gestrest	2	696234	96.1814
gestrooid	2	696236	96.1817
geteld	2	696238	96.1819
getoond	2	696240	96.1822
geur	2	696242	96.1825
gevaarlijker	2	696244	96.1828
gevalletje	2	696246	96.183
geve	2	696248	96.1833
geveegd	2	696250	96.1836
gevoetbald	2	696252	96.1839
gevolg	2	696254	96.1842
gevorderd	2	696256	96.1844
gevulde	2	696258	96.1847
gewacht	2	696260	96.185
geweld	2	696262	96.1853
gewicht	2	696264	96.1855
gewijs	2	696266	96.1858
gewoonte	2	696268	96.1861
gewoonweg	2	696270	96.1864
gezaagd	2	696272	96.1866
gezamenlijke	2	696274	96.1869
gezegt	2	696276	96.1872
gezelige	2	696278	96.1875
gezind	2	696280	96.1877
gezinnetje	2	696282	96.188
gezoend	2	696284	96.1883
gezogen	2	696286	96.1886
gezopen	2	696288	96.1889
gezorgd	2	696290	96.1891
geëindigd	2	696292	96.1894
gierle	2	696294	96.1897
gift	2	696296	96.19
giletje	2	696298	96.1902
gillen	2	696300	96.1905
gimme	2	696302	96.1908
gingn	2	696304	96.1911
gips	2	696306	96.1913
girish	2	696308	96.1916
gistre	2	696310	96.1919
giver	2	696312	96.1922
givers	2	696314	96.1924
glaasje	2	696316	96.1927
gleuf	2	696318	96.193
glitterpen	2	696320	96.1933
glooooooriiiiaaaaaaaa	2	696322	96.1935
gloooriiia	2	696324	96.1938
gloria	2	696326	96.1941
gmm	2	696328	96.1944
gniffel	2	696330	96.1947
goederen	2	696332	96.1949
goederentrein	2	696334	96.1952
goedgemaakt	2	696336	96.1955
goedkomt	2	696338	96.1958
goedkoopst	2	696340	96.196
goeds	2	696342	96.1963
goeiekoper	2	696344	96.1966
goendzjie	2	696346	96.1969
goeroe	2	696348	96.1971
goes	2	696350	96.1974
gooik	2	696352	96.1977
goregaon	2	696354	96.198
gorinchem	2	696356	96.1982
gotten	2	696358	96.1985
gouden	2	696360	96.1988
gourmet	2	696362	96.1991
gouwmateriaal	2	696364	96.1993
gouwstempel	2	696366	96.1996
graaaag	2	696368	96.1999
grab	2	696370	96.2002
grace	2	696372	96.2005
gracias	2	696374	96.2007
graf	2	696376	96.201
grand	2	696378	96.2013
grapjas	2	696380	96.2016
grappigs	2	696382	96.2018
grappigste	2	696384	96.2021
graspop	2	696386	96.2024
graven	2	696388	96.2027
greet	2	696390	96.2029
greetz	2	696392	96.2032
grenoble	2	696394	96.2035
griek	2	696396	96.2038
griet	2	696398	96.204
grietje	2	696400	96.2043
groepen	2	696402	96.2046
groepsleiding	2	696404	96.2049
groepsnaam	2	696406	96.2052
grolschcafe	2	696408	96.2054
grolschtent	2	696410	96.2057
grootfeest	2	696412	96.206
grootte	2	696414	96.2063
group	2	696416	96.2065
groupon	2	696418	96.2068
grove	2	696420	96.2071
gsm-wissel	2	696422	96.2074
gsmst	2	696424	96.2076
gt	2	696426	96.2079
guidelines	2	696428	96.2082
guidogidsen	2	696430	96.2085
gullie	2	696432	96.2087
gusta	2	696434	96.209
gut	2	696436	96.2093
gwoon	2	696438	96.2096
gym	2	696440	96.2098
gympen	2	696442	96.2101
gynaecoloog	2	696444	96.2104
gzien	2	696446	96.2107
h.	2	696448	96.211
haai	2	696450	96.2112
haakt	2	696452	96.2115
haarkleur	2	696454	96.2118
haartjes	2	696456	96.2121
habe	2	696458	96.2123
haddek	2	696460	96.2126
hahah	2	696462	96.2129
haircut	2	696464	96.2132
halftijds	2	696466	96.2134
halfweg	2	696468	96.2137
halsoverkop	2	696470	96.214
ham	2	696472	96.2143
hamburgers	2	696474	96.2145
hamda	2	696476	96.2148
handcreme	2	696478	96.2151
handdoek	2	696480	96.2154
handelen	2	696482	96.2157
handle	2	696484	96.2159
handleidingen	2	696486	96.2162
hands	2	696488	96.2165
handtas	2	696490	96.2168
hanging	2	696492	96.217
hangmat	2	696494	96.2173
hannes	2	696496	96.2176
hannetje	2	696498	96.2179
hardstikke	2	696500	96.2181
hardwerkende	2	696502	96.2184
hardy	2	696504	96.2187
harm	2	696506	96.219
hartegefeliciteerd	2	696508	96.2192
hartje	2	696510	96.2195
hasnt	2	696512	96.2198
haus	2	696514	96.2201
hautaine	2	696516	96.2203
hazen	2	696518	96.2206
hbo-intro	2	696520	96.2209
he's	2	696522	96.2212
heading	2	696524	96.2215
hearing	2	696526	96.2217
hebde	2	696528	96.222
hed	2	696530	96.2223
hedde	2	696532	96.2226
heeeele	2	696534	96.2228
heeele	2	696536	96.2231
heej	2	696538	96.2234
heelal	2	696540	96.2237
heelkunde	2	696542	96.2239
heenweg	2	696544	96.2242
heerst	2	696546	96.2245
hees	2	696548	96.2248
heh	2	696550	96.225
hekken	2	696552	96.2253
helaasheid	2	696554	96.2256
heldin	2	696556	96.2259
helena	2	696558	96.2261
helikopter	2	696560	96.2264
hello	2	696562	96.2267
hengen	2	696564	96.227
henk	2	696566	96.2273
herfst	2	696568	96.2275
herhaald	2	696570	96.2278
herkansie	2	696572	96.2281
herkende	2	696574	96.2284
herrlich	2	696576	96.2286
hersenschudding	2	696578	96.2289
heul	2	696580	96.2292
heure	2	696582	96.2295
hezdekem	2	696584	96.2297
hieraan	2	696586	96.23
hierbij	2	696588	96.2303
hierdoor	2	696590	96.2306
hiere	2	696592	96.2308
hiero	2	696594	96.2311
hiet	2	696596	96.2314
hifi	2	696598	96.2317
hilversum	2	696600	96.232
hippie	2	696602	96.2322
hippies	2	696604	96.2325
historisch	2	696606	96.2328
hitsige	2	696608	96.2331
hitte	2	696610	96.2333
hl	2	696612	96.2336
hlf	2	696614	96.2339
hobbel	2	696616	96.2342
hoe's	2	696618	96.2344
hoed	2	696620	96.2347
hoer	2	696622	96.235
hoeraaa	2	696624	96.2353
hoesje	2	696626	96.2355
hogentmail	2	696628	96.2358
hok	2	696630	96.2361
hollanders	2	696632	96.2364
hondenweer	2	696634	96.2366
honderden	2	696636	96.2369
honk	2	696638	96.2372
hoofden	2	696640	96.2375
hoogdag	2	696642	96.2378
hoogstandje	2	696644	96.238
hoogstens	2	696646	96.2383
hoopvol	2	696648	96.2386
hopefully	2	696650	96.2389
horizon	2	696652	96.2391
horizontaal	2	696654	96.2394
horror	2	696656	96.2397
hosting	2	696658	96.24
houder	2	696660	96.2402
houdoe	2	696662	96.2405
houseparty	2	696664	96.2408
hrs	2	696666	96.2411
hst	2	696668	96.2413
htc	2	696670	96.2416
hubertus	2	696672	96.2419
hubo	2	696674	96.2422
hudo	2	696676	96.2425
huifkar	2	696678	96.2427
huilend	2	696680	96.243
huilende	2	696682	96.2433
huisavond	2	696684	96.2436
huiselijke	2	696686	96.2438
huisgenootje	2	696688	96.2441
huisgenote	2	696690	96.2444
huisjes	2	696692	96.2447
huissleutels	2	696694	96.2449
huiswaarts	2	696696	96.2452
huizenspel	2	696698	96.2455
hulplijn	2	696700	96.2458
humeur	2	696702	96.246
humor	2	696704	96.2463
humpe	2	696706	96.2466
husband	2	696708	96.2469
hut	2	696710	96.2471
huus	2	696712	96.2474
huzarensalade	2	696714	96.2477
hw	2	696716	96.248
hypo	2	696718	96.2483
i.p.v.	2	696720	96.2485
ibood	2	696722	96.2488
ic	2	696724	96.2491
ic-trein	2	696726	96.2494
icici	2	696728	96.2496
identiek	2	696730	96.2499
identiteitskaart	2	696732	96.2502
idioten	2	696734	96.2505
iederen	2	696736	96.2507
iers	2	696738	96.251
ies	2	696740	96.2513
ietsjes	2	696742	96.2516
ih	2	696744	96.2518
ijskoud	2	696746	96.2521
ijzer	2	696748	96.2524
ik.to	2	696750	96.2527
ilse	2	696752	96.2529
impress	2	696754	96.2532
improviseren	2	696756	96.2535
inbeelden	2	696758	96.2538
inbinden	2	696760	96.2541
inch	2	696762	96.2543
incidentloos	2	696764	96.2546
incl.	2	696766	96.2549
inde	2	696768	96.2552
indicatie	2	696770	96.2554
indier	2	696772	96.2557
indoen	2	696774	96.256
induiken	2	696776	96.2563
indy	2	696778	96.2565
ine	2	696780	96.2568
ineen	2	696782	96.2571
informeel	2	696784	96.2574
infos	2	696786	96.2576
ingaan	2	696788	96.2579
ingaat	2	696790	96.2582
ingecalculeerd	2	696792	96.2585
ingechecked	2	696794	96.2588
ingegaan	2	696796	96.259
ingekocht	2	696798	96.2593
ingeladen	2	696800	96.2596
ingelegd	2	696802	96.2599
ingemaakt	2	696804	96.2601
ingepland	2	696806	96.2604
ingestoken	2	696808	96.2607
ingetoetst	2	696810	96.261
ingezien	2	696812	96.2612
inhuren	2	696814	96.2615
inleidende	2	696816	96.2618
innemen	2	696818	96.2621
innig	2	696820	96.2623
inpassen	2	696822	96.2626
inrichting	2	696824	96.2629
ins	2	696826	96.2632
inschatten	2	696828	96.2634
insert	2	696830	96.2637
inslaan	2	696832	96.264
inspecteren	2	696834	96.2643
instellen	2	696836	96.2646
instelling	2	696838	96.2648
instuif	2	696840	96.2651
intact	2	696842	96.2654
integendeel	2	696844	96.2657
integrale	2	696846	96.2659
integreren	2	696848	96.2662
intensief	2	696850	96.2665
interessanter	2	696852	96.2668
interessants	2	696854	96.267
interest	2	696856	96.2673
internaat	2	696858	96.2676
interne	2	696860	96.2679
interpolis	2	696862	96.2681
interviewen	2	696864	96.2684
intiem	2	696866	96.2687
intocht	2	696868	96.269
intoxicated	2	696870	96.2693
intresse	2	696872	96.2695
introductie	2	696874	96.2698
investering	2	696876	96.2701
invliegen	2	696878	96.2704
invloed	2	696880	96.2706
invoegen	2	696882	96.2709
ipads	2	696884	96.2712
ipos	2	696886	96.2715
ironisch	2	696888	96.2717
isabelle	2	696890	96.272
isis	2	696892	96.2723
isolatie	2	696894	96.2726
ital	2	696896	96.2728
italia	2	696898	96.2731
italiano	2	696900	96.2734
ive	2	696902	96.2737
ivor	2	696904	96.2739
jaaaa	2	696906	96.2742
jaah	2	696908	96.2745
jaarlijkse	2	696910	96.2748
jaartjes	2	696912	96.2751
jaccuzi	2	696914	96.2753
jagen	2	696916	96.2756
jan.	2	696918	96.2759
jana	2	696920	96.2762
janata	2	696922	96.2764
jane	2	696924	96.2767
january	2	696926	96.277
japanese	2	696928	96.2773
jarigen	2	696930	96.2775
jasje	2	696932	96.2778
jassen	2	696934	96.2781
jazeker	2	696936	96.2784
jealous	2	696938	96.2786
jean	2	696940	96.2789
jeanine	2	696942	96.2792
jedidiah	2	696944	96.2795
jeeeeej	2	696946	96.2797
jeetje	2	696948	96.28
jeff	2	696950	96.2803
jelmers	2	696952	96.2806
jenevercantus	2	696954	96.2809
jer	2	696956	96.2811
jeroensel	2	696958	96.2814
jeroms	2	696960	96.2817
jetje	2	696962	96.282
jeugdbeweging	2	696964	96.2822
jeugddienst	2	696966	96.2825
jeugdrechter	2	696968	96.2828
jeux	2	696970	96.2831
jim	2	696972	96.2833
jippie	2	696974	96.2836
jj	2	696976	96.2839
jjj	2	696978	96.2842
jne	2	696980	96.2844
joan	2	696982	96.2847
jobstudenten	2	696984	96.285
joggen	2	696986	96.2853
jonagold	2	696988	96.2856
jonges	2	696990	96.2858
jongkerels	2	696992	96.2861
jongste	2	696994	96.2864
jonguh	2	696996	96.2867
jop	2	696998	96.2869
jort	2	697000	96.2872
journalist	2	697002	96.2875
ju	2	697004	96.2878
julia	2	697006	96.288
jungle	2	697008	96.2883
jupla	2	697010	96.2886
jury	2	697012	96.2889
juste	2	697014	96.2891
justitiepaleis	2	697016	96.2894
juust	2	697018	96.2897
kaai	2	697020	96.29
kaar	2	697022	96.2902
kaarslicht	2	697024	96.2905
kaas-royal	2	697026	96.2908
kaasjes	2	697028	96.2911
kaft	2	697030	96.2914
kalf	2	697032	96.2916
kalmer	2	697034	96.2919
kalmthoutse	2	697036	96.2922
kam	2	697038	96.2925
kamerdienst	2	697040	96.2927
kampdag	2	697042	96.293
kampeerlicht	2	697044	96.2933
kamptransport	2	697046	96.2936
kanaal	2	697048	96.2938
kanik	2	697050	96.2941
kank	2	697052	96.2944
kansberekening	2	697054	96.2947
kansberekeningen	2	697056	96.2949
kansloos	2	697058	96.2952
kantekleerstraat	2	697060	96.2955
kantooruren	2	697062	96.2958
kapaza	2	697064	96.2961
kapel	2	697066	96.2963
kapje	2	697068	96.2966
kapoet	2	697070	96.2969
kappert	2	697072	96.2972
kapstok	2	697074	96.2974
kapt	2	697076	96.2977
karakter	2	697078	96.298
karavaan	2	697080	96.2983
karel	2	697082	96.2985
karten	2	697084	96.2988
karton	2	697086	96.2991
kartonnen	2	697088	96.2994
kastar	2	697090	96.2996
kasteel	2	697092	96.2999
kawee	2	697094	96.3002
kbedoel	2	697096	96.3005
kdenket	2	697098	96.3007
keelontsteking	2	697100	96.301
keet	2	697102	96.3013
keigoed	2	697104	96.3016
keilief	2	697106	96.3019
keisimpel	2	697108	96.3021
keizersnee	2	697110	96.3024
kennelijk	2	697112	96.3027
kerken	2	697114	96.303
kerstborrel	2	697116	96.3032
kerstvakantie	2	697118	96.3035
kersverse	2	697120	96.3038
keukenhof	2	697122	96.3041
keukenkast	2	697124	96.3043
keukentafel	2	697126	96.3046
key	2	697128	96.3049
khar	2	697130	96.3052
kicked	2	697132	96.3054
kieskeurig	2	697134	96.3057
kijke	2	697136	96.306
killed	2	697138	96.3063
killing	2	697140	96.3065
kilt	2	697142	96.3068
kimmy	2	697144	96.3071
kin	2	697146	96.3074
kip-curry	2	697148	96.3077
kipnuggets	2	697150	96.3079
kippen	2	697152	96.3082
kitten	2	697154	96.3085
kl	2	697156	96.3088
klaargemaakt	2	697158	96.309
klaarstaan	2	697160	96.3093
klaarstaat	2	697162	96.3096
klaarwakker	2	697164	96.3099
klachten	2	697166	96.3101
klantennummer	2	697168	96.3104
klap	2	697170	96.3107
klaprooslaan	2	697172	96.311
klapte	2	697174	96.3112
klaren	2	697176	96.3115
klasgenoten	2	697178	96.3118
kleedkamer	2	697180	96.3121
kleins	2	697182	96.3124
kleurtje	2	697184	96.3126
kleurtjes	2	697186	96.3129
klierkoorts	2	697188	96.3132
klikken	2	697190	96.3135
klimpje	2	697192	96.3137
klinken	2	697194	96.314
klokje	2	697196	96.3143
klomp	2	697198	96.3146
kloot	2	697200	96.3148
klusdag	2	697202	96.3151
klusje	2	697204	96.3154
km.	2	697206	96.3157
kmocht	2	697208	96.3159
kmt	2	697210	96.3162
kn	2	697212	96.3165
knal	2	697214	96.3168
knallende	2	697216	96.317
knalt	2	697218	96.3173
knappe	2	697220	96.3176
knapper	2	697222	96.3179
kneiterdruk	2	697224	96.3182
knieën	2	697226	96.3184
knippen	2	697228	96.3187
kno	2	697230	96.319
knoflookpers	2	697232	96.3193
knokke	2	697234	96.3195
knop	2	697236	96.3198
knorren	2	697238	96.3201
knuffeltje	2	697240	96.3204
knul	2	697242	96.3206
knuppel	2	697244	96.3209
kodak	2	697246	96.3212
koekje	2	697248	96.3215
koekoek	2	697250	96.3217
koelhuis	2	697252	96.322
koepel	2	697254	96.3223
koest	2	697256	96.3226
koestraat	2	697258	96.3229
koffers	2	697260	96.3231
koffiebar	2	697262	96.3234
koffiebreak	2	697264	96.3237
komej	2	697266	96.324
kometen	2	697268	96.3242
kommer	2	697270	96.3245
konijnenhok	2	697272	96.3248
koninginnenacht	2	697274	96.3251
koningsplein	2	697276	96.3253
kookboek	2	697278	96.3256
kookkunst	2	697280	96.3259
kool	2	697282	96.3262
koopavond	2	697284	96.3264
koor	2	697286	96.3267
koortsig	2	697288	96.327
koos	2	697290	96.3273
kope	2	697292	96.3275
kopietje	2	697294	96.3278
kopietjes	2	697296	96.3281
kopjes	2	697298	96.3284
koppel	2	697300	96.3287
kortgesloten	2	697302	96.3289
korvelplein	2	697304	96.3292
kostuum	2	697306	96.3295
kostuum(s)	2	697308	96.3298
kotfeestje	2	697310	96.33
kotgenoten	2	697312	96.3303
kouder	2	697314	96.3306
kousen	2	697316	96.3309
kpeis	2	697318	96.3311
kpn	2	697320	96.3314
kraag	2	697322	96.3317
kraanlei	2	697324	96.332
krabbels	2	697326	96.3322
krachten	2	697328	96.3325
kraken	2	697330	96.3328
krefel	2	697332	96.3331
kriebelt	2	697334	96.3333
kringen	2	697336	96.3336
krisje	2	697338	96.3339
kristalgroei	2	697340	96.3342
krock	2	697342	96.3345
kroegen	2	697344	96.3347
kroegje	2	697346	96.335
kroonkurken	2	697348	96.3353
kruipt	2	697350	96.3356
kruisen	2	697352	96.3358
kruisland	2	697354	96.3361
kruispunt	2	697356	96.3364
kruist	2	697358	96.3367
kruithuisbrug	2	697360	96.3369
krullebol	2	697362	96.3372
krullen	2	697364	96.3375
kuipken	2	697366	96.3378
kuisvrouw	2	697368	96.338
kul	2	697370	96.3383
kunnn	2	697372	96.3386
kuren	2	697374	96.3389
kusjekusjekusje	2	697376	96.3392
kusjesaanval	2	697378	96.3394
kussens	2	697380	96.3397
kusserdekus	2	697382	96.34
kuste	2	697384	96.3403
kutherrie	2	697386	96.3405
kuur	2	697388	96.3408
kwadraat	2	697390	96.3411
kwalijk	2	697392	96.3414
kweken	2	697394	96.3416
kwijtgemaakt	2	697396	96.3419
kzeg	2	697398	96.3422
laaiend	2	697400	96.3425
laatje	2	697402	96.3427
laatkomers	2	697404	96.343
lab	2	697406	96.3433
lachje	2	697408	96.3436
lagere	2	697410	96.3438
lake	2	697412	96.3441
laken	2	697414	96.3444
lalala	2	697416	96.3447
lamaar	2	697418	96.345
landmarks	2	697420	96.3452
langdradig	2	697422	96.3455
langere	2	697424	96.3458
langsfietsen	2	697426	96.3461
langskomn	2	697428	96.3463
langst	2	697430	96.3466
language	2	697432	96.3469
langzamer	2	697434	96.3472
lantaarnpaal	2	697436	96.3474
lantern	2	697438	96.3477
lastminute	2	697440	96.348
laterz	2	697442	96.3483
latex	2	697444	96.3485
lattenbodem	2	697446	96.3488
lausanne	2	697448	96.3491
lcd	2	697450	96.3494
league	2	697452	96.3497
learning	2	697454	96.3499
lebber	2	697456	96.3502
lector	2	697458	96.3505
ledenlijst	2	697460	96.3508
leeghalen	2	697462	96.351
leenaerts	2	697464	96.3513
leenwardhanne	2	697466	96.3516
leesbaar	2	697468	96.3519
leffe	2	697470	96.3521
leid	2	697472	96.3524
leidingen	2	697474	96.3527
lekkage	2	697476	96.353
lentes	2	697478	96.3532
lesbisch	2	697480	96.3535
lesplezier	2	697482	96.3538
lessenrooster	2	697484	96.3541
letters	2	697486	96.3543
leukste	2	697488	96.3546
leur	2	697490	96.3549
levendig	2	697492	96.3552
lianne	2	697494	96.3555
liar	2	697496	96.3557
lichten	2	697498	96.356
lichtere	2	697500	96.3563
lichtjes	2	697502	96.3566
lichtstoet	2	697504	96.3568
lidl	2	697506	96.3571
lidnummer	2	697508	96.3574
liefdevol	2	697510	96.3577
lientje	2	697512	96.3579
lierde	2	697514	96.3582
liese	2	697516	96.3585
life's	2	697518	96.3588
ligamenten	2	697520	96.359
ligge	2	697522	96.3593
ligging	2	697524	96.3596
liggn	2	697526	96.3599
lights	2	697528	96.3602
lijden	2	697530	96.3604
lijm	2	697532	96.3607
lijmen	2	697534	96.361
lijntjes	2	697536	96.3613
liked	2	697538	96.3615
likes	2	697540	96.3618
likey	2	697542	96.3621
likje	2	697544	96.3624
limit	2	697546	96.3626
limitless	2	697548	96.3629
lineaire	2	697550	96.3632
linkedin	2	697552	96.3635
lipjes	2	697554	96.3637
lisa	2	697556	96.364
lisanne	2	697558	96.3643
lives	2	697560	96.3646
lln	2	697562	96.3648
llr	2	697564	96.3651
local	2	697566	96.3654
location	2	697568	96.3657
locksmith	2	697570	96.366
locomotief	2	697572	96.3662
loe	2	697574	96.3665
lof	2	697576	96.3668
lofjoe	2	697578	96.3671
lokale	2	697580	96.3673
lokken	2	697582	96.3676
lolletje	2	697584	96.3679
lolwut	2	697586	96.3682
lonneke	2	697588	96.3684
looks	2	697590	96.3687
loopschoenen	2	697592	96.369
lopend	2	697594	96.3693
lopende	2	697596	96.3695
losbarsten	2	697598	96.3698
lose	2	697600	96.3701
loser	2	697602	96.3704
losgaan	2	697604	96.3706
loss	2	697606	96.3709
lotr	2	697608	96.3712
louise	2	697610	96.3715
loveyou	2	697612	96.3718
loving	2	697614	96.372
low	2	697616	96.3723
lower	2	697618	96.3726
luchen	2	697620	96.3729
luchtje	2	697622	96.3731
luik	2	697624	96.3734
luistert	2	697626	96.3737
luzine	2	697628	96.374
lynen	2	697630	96.3742
lynn	2	697632	96.3745
ma's	2	697634	96.3748
maa	2	697636	96.3751
maaikie	2	697638	96.3753
maakten	2	697640	96.3756
maaltijdsalade	2	697642	96.3759
maaltje	2	697644	96.3762
maandagavnd	2	697646	96.3765
maandagmorgen	2	697648	96.3767
maarssen	2	697650	96.377
maas	2	697652	96.3773
maasje	2	697654	96.3776
maatschappelijke	2	697656	96.3778
macadres	2	697658	96.3781
macaroni	2	697660	96.3784
machine	2	697662	96.3787
mager	2	697664	96.3789
maggek	2	697666	96.3792
magische	2	697668	96.3795
magnat	2	697670	96.3798
maintenant	2	697672	96.38
maison	2	697674	96.3803
maitresse	2	697676	96.3806
maker	2	697678	96.3809
makkelijks	2	697680	96.3811
makkelijkst	2	697682	96.3814
makker	2	697684	96.3817
makn	2	697686	96.382
malen	2	697688	96.3823
manieren	2	697690	96.3825
manlief	2	697692	96.3828
mannelijk	2	697694	96.3831
mannenfilm	2	697696	96.3834
manydjs	2	697698	96.3836
marcel	2	697700	96.3839
march	2	697702	96.3842
marie	2	697704	96.3845
mariette	2	697706	96.3847
marije	2	697708	96.385
marja	2	697710	96.3853
marleen	2	697712	96.3856
marnix	2	697714	96.3858
martens	2	697716	96.3861
martin	2	697718	96.3864
martine	2	697720	96.3867
marty	2	697722	96.387
masculine	2	697724	96.3872
masjien	2	697726	96.3875
massage	2	697728	96.3878
masterclass	2	697730	96.3881
masterproef	2	697732	96.3883
masterstudenten	2	697734	96.3886
masturberen	2	697736	96.3889
mate	2	697738	96.3892
matige	2	697740	96.3894
matrix	2	697742	96.3897
matties	2	697744	96.39
mayor	2	697746	96.3903
me-time	2	697748	96.3905
means	2	697750	96.3908
mededelingen	2	697752	96.3911
medelijden	2	697754	96.3914
mediamarkt	2	697756	96.3916
medical	2	697758	96.3919
medicatie	2	697760	96.3922
mediterraan	2	697762	96.3925
mee-eet	2	697764	96.3928
meeet	2	697766	96.393
meegegaan	2	697768	96.3933
meegelopen	2	697770	96.3936
meegerekend	2	697772	96.3939
meegeweest	2	697774	96.3941
meeging	2	697776	96.3944
meehebben	2	697778	96.3947
meehelpen	2	697780	96.395
meekrijgen	2	697782	96.3952
meelevend	2	697784	96.3955
meelopen	2	697786	96.3958
meeneem	2	697788	96.3961
meerderheid	2	697790	96.3963
meerkeuzetoets	2	697792	96.3966
meespelen	2	697794	96.3969
meester	2	697796	96.3972
meesturen	2	697798	96.3974
meetelt	2	697800	96.3977
meevaller	2	697802	96.398
meeviel	2	697804	96.3983
meissie	2	697806	96.3986
meldt	2	697808	96.3988
melkert	2	697810	96.3991
melkje	2	697812	96.3994
meloen	2	697814	96.3997
memory	2	697816	96.3999
mercedes	2	697818	96.4002
merchandise	2	697820	96.4005
meritocratie	2	697822	96.4008
merket	2	697824	96.401
mes	2	697826	96.4013
mesje	2	697828	96.4016
metaal	2	697830	96.4019
metal	2	697832	96.4021
metalen	2	697834	96.4024
metingen	2	697836	96.4027
metrolijn	2	697838	96.403
meupi	2	697840	96.4033
mevr	2	697842	96.4035
mexicaanse	2	697844	96.4038
mexico	2	697846	96.4041
mia	2	697848	96.4044
miami	2	697850	96.4046
micro	2	697852	96.4049
microfoon	2	697854	96.4052
mid	2	697856	96.4055
middageten	2	697858	96.4057
middagmaal	2	697860	96.406
middel	2	697862	96.4063
middelbaar	2	697864	96.4066
middelbare	2	697866	96.4068
middelmatig	2	697868	96.4071
mie	2	697870	96.4074
miepmiep	2	697872	96.4077
miet	2	697874	96.4079
mietje	2	697876	96.4082
mike	2	697878	96.4085
mikee	2	697880	96.4088
mikeee	2	697882	96.4091
miles	2	697884	96.4093
milow	2	697886	96.4096
mindere	2	697888	96.4099
minderen	2	697890	96.4102
minderhout	2	697892	96.4104
minerva	2	697894	96.4107
minimaal	2	697896	96.411
minou	2	697898	96.4113
minpuntje	2	697900	96.4115
minuutje	2	697902	96.4118
mir	2	697904	96.4121
mira	2	697906	96.4124
misgaan	2	697908	96.4126
mislukken	2	697910	96.4129
missch	2	697912	96.4132
missing	2	697914	96.4135
mistig	2	697916	96.4138
mja	2	697918	96.414
ml	2	697920	96.4143
mnd	2	697922	96.4146
mobieltje	2	697924	96.4149
moddegen	2	697926	96.4151
modellen	2	697928	96.4154
moderne	2	697930	96.4157
modeshow	2	697932	96.416
moederbord	2	697934	96.4162
moederhuis	2	697936	96.4165
moedigen	2	697938	96.4168
moegefeest	2	697940	96.4171
moehaha	2	697942	96.4173
moeilyk	2	697944	96.4176
moesjie	2	697946	96.4179
moet-ie	2	697948	96.4182
mokkel	2	697950	96.4184
momentje	2	697952	96.4187
monaco	2	697954	96.419
mongol	2	697956	96.4193
monitor	2	697958	96.4196
monoloog	2	697960	96.4198
monotoon	2	697962	96.4201
monschau	2	697964	96.4204
monsterboard	2	697966	96.4207
monter	2	697968	96.4209
monteren	2	697970	96.4212
montey	2	697972	96.4215
month	2	697974	96.4218
months	2	697976	96.422
mooiboy	2	697978	96.4223
moooi	2	697980	96.4226
mopjes	2	697982	96.4229
morbach	2	697984	96.4231
morele	2	697986	96.4234
morrisons	2	697988	96.4237
motie	2	697990	96.424
motivatiebrief	2	697992	96.4242
motorcross	2	697994	96.4245
motorrijbewijs	2	697996	96.4248
motto	2	697998	96.4251
mountainbiken	2	698000	96.4254
moustache	2	698002	96.4256
mrgn	2	698004	96.4259
mssn	2	698006	96.4262
mug	2	698008	96.4265
muggenbulten	2	698010	96.4267
muh	2	698012	96.427
multimeter	2	698014	96.4273
multiplex	2	698016	96.4276
mun	2	698018	96.4278
mus	2	698020	96.4281
mushi	2	698022	96.4284
mutske	2	698024	96.4287
mutti	2	698026	96.4289
muze	2	698028	96.4292
muziekje	2	698030	96.4295
mw	2	698032	96.4298
myne	2	698034	96.4301
mysterie	2	698036	96.4303
mysterieuze	2	698038	96.4306
naambordje	2	698040	96.4309
naat	2	698042	96.4312
nabewerken	2	698044	96.4314
nachtdienst	2	698046	96.4317
nachtmerrie	2	698048	96.432
nachtploeg	2	698050	96.4323
nachtwinkel	2	698052	96.4325
nadelen	2	698054	96.4328
nah	2	698056	96.4331
nalezen	2	698058	96.4334
nap	2	698060	96.4336
nar	2	698062	96.4339
natgeregend	2	698064	96.4342
natuurlyk	2	698066	96.4345
natuurtalent	2	698068	96.4347
nav	2	698070	96.435
navond	2	698072	96.4353
necessary	2	698074	96.4356
neeltje	2	698076	96.4359
neergezet	2	698078	96.4361
neerleggen	2	698080	96.4364
negeer	2	698082	96.4367
negeert	2	698084	96.437
negeren	2	698086	96.4372
neig	2	698088	96.4375
nerd	2	698090	96.4378
netto	2	698092	96.4381
newyork	2	698094	96.4383
nhtv	2	698096	96.4386
nico	2	698098	96.4389
niemr	2	698100	96.4392
nier	2	698102	96.4394
nieuwbouw	2	698104	96.4397
nieuwjaarsborrel	2	698106	96.44
nieuwsgierigheid	2	698108	96.4403
nieuwtje	2	698110	96.4406
nieuwtjes	2	698112	96.4408
nikita	2	698114	96.4411
nite	2	698116	96.4414
nivea	2	698118	96.4417
njummie	2	698120	96.4419
noch	2	698122	96.4422
nogwat	2	698124	96.4425
nonnemeersstraat	2	698126	96.4428
noodzakelijk	2	698128	96.443
noon	2	698130	96.4433
nootjes	2	698132	96.4436
nostalgie	2	698134	96.4439
notaris	2	698136	96.4441
notas	2	698138	96.4444
note	2	698140	96.4447
noten	2	698142	96.445
noteren	2	698144	96.4452
nothing	2	698146	96.4455
nov.	2	698148	96.4458
nowhere	2	698150	96.4461
nr.	2	698152	96.4464
nrs	2	698154	96.4466
nsv-cantus	2	698156	96.4469
nuchterder	2	698158	96.4472
nuj	2	698160	96.4475
nurses	2	698162	96.4477
nut	2	698164	96.448
nuttige	2	698166	96.4483
nuttigs	2	698168	96.4486
nw	2	698170	96.4488
nyrstar	2	698172	96.4491
ná	2	698174	96.4494
o.a.	2	698176	96.4497
obligations	2	698178	96.4499
oceaan	2	698180	96.4502
ochja	2	698182	96.4505
ocht	2	698184	96.4508
ochtendhumeur	2	698186	96.451
oefening	2	698188	96.4513
oeh	2	698190	96.4516
oekiepoekie	2	698192	96.4519
ofdak	2	698194	96.4522
offence	2	698196	96.4524
offeren	2	698198	96.4527
officiele	2	698200	96.453
ofnie	2	698202	96.4533
oftewel	2	698204	96.4535
oger	2	698206	96.4538
ohja	2	698208	96.4541
okido	2	698210	96.4544
okidoki	2	698212	96.4546
olives	2	698214	96.4549
oma-taxi	2	698216	96.4552
omdraaien	2	698218	96.4555
omg	2	698220	96.4557
omgekeerd	2	698222	96.456
omgekeerde	2	698224	96.4563
omrijden	2	698226	96.4566
omstandigheden	2	698228	96.4569
omzetten	2	698230	96.4571
onbepaalde	2	698232	96.4574
onbereikbaar	2	698234	96.4577
onbewust	2	698236	96.458
onchristelijke	2	698238	96.4582
onderaan	2	698240	96.4585
onderbroeken	2	698242	96.4588
onderbroken	2	698244	96.4591
onderdelen	2	698246	96.4593
onderhoud	2	698248	96.4596
onderin	2	698250	96.4599
ondersteunen	2	698252	96.4602
ondertekend	2	698254	96.4604
ondertss	2	698256	96.4607
onderzoekje	2	698258	96.461
ongelijk	2	698260	96.4613
ongemakken	2	698262	96.4615
ongesteldheid	2	698264	96.4618
ongestoord	2	698266	96.4621
ongetwijfeld	2	698268	96.4624
ongezellig	2	698270	96.4627
onmisbaar	2	698272	96.4629
onrust	2	698274	96.4632
ontbreekt	2	698276	96.4635
ontgroening	2	698278	96.4638
ontgroeningscantus	2	698280	96.464
ontmoeting	2	698282	96.4643
ontslaan	2	698284	96.4646
ontsnapt	2	698286	96.4649
ontvangn	2	698288	96.4651
ontvangt	2	698290	96.4654
ontvoeren	2	698292	96.4657
ontwikkeling	2	698294	96.466
ontzettende	2	698296	96.4662
onveilig	2	698298	96.4665
onvoorbereid	2	698300	96.4668
onweerstaanbaar	2	698302	96.4671
onweren	2	698304	96.4674
oogarts	2	698306	96.4676
oogst	2	698308	96.4679
oogverblindend	2	698310	96.4682
ookal	2	698312	96.4685
oooh	2	698314	96.4687
oook	2	698316	96.469
oorbellen	2	698318	96.4693
oordeel	2	698320	96.4696
oorfoontjes	2	698322	96.4698
oorontsteking	2	698324	96.4701
oorwand	2	698326	96.4704
opbergen	2	698328	96.4707
opbrengst	2	698330	96.4709
opdagen	2	698332	96.4712
openbreken	2	698334	96.4715
opened	2	698336	96.4718
openstaande	2	698338	96.472
opent	2	698340	96.4723
openzetten	2	698342	96.4726
opgeborgen	2	698344	96.4729
opgegeve	2	698346	96.4732
opgeknapt	2	698348	96.4734
opgeschoven	2	698350	96.4737
opgesteld	2	698352	96.474
opgestoken	2	698354	96.4743
ophitsen	2	698356	96.4745
opkomt	2	698358	96.4748
opkuis	2	698360	96.4751
opl	2	698362	96.4754
opladert	2	698364	96.4756
opleveren	2	698366	96.4759
oplichter	2	698368	96.4762
opmerkingen	2	698370	96.4765
opnames	2	698372	96.4767
opneem	2	698374	96.477
opneemt	2	698376	96.4773
opofferen	2	698378	96.4776
opperbeste	2	698380	96.4778
oppervlakkig	2	698382	96.4781
oppikke	2	698384	96.4784
oppikt	2	698386	96.4787
oprechte	2	698388	96.479
oproepen	2	698390	96.4792
opruiming	2	698392	96.4795
ops	2	698394	96.4798
opschiet	2	698396	96.4801
opstaat	2	698398	96.4803
opstapt	2	698400	96.4806
opstart	2	698402	96.4809
opstelt	2	698404	96.4812
opstoet	2	698406	96.4814
opticien	2	698408	96.4817
optijd	2	698410	96.482
optioneel	2	698412	96.4823
optocht	2	698414	96.4825
opvangen	2	698416	96.4828
opwindend	2	698418	96.4831
opzeggen	2	698420	96.4834
opzetje	2	698422	96.4837
opzetstuk	2	698424	96.4839
orale	2	698426	96.4842
ordered	2	698428	96.4845
ore	2	698430	96.4848
organisch	2	698432	96.485
organize	2	698434	96.4853
oriënt	2	698436	96.4856
ornaat	2	698438	96.4859
os	2	698440	96.4861
oslo	2	698442	96.4864
otherwise	2	698444	96.4867
ou	2	698446	96.487
oud-collega	2	698448	96.4872
oud-klasgenoten	2	698450	96.4875
oudere	2	698452	96.4878
ouderwetse	2	698454	96.4881
ouwelul	2	698456	96.4883
overbelast	2	698458	96.4886
overeenkomen	2	698460	96.4889
overgaan	2	698462	96.4892
overgang	2	698464	96.4895
overgebleven	2	698466	96.4897
overgenomen	2	698468	96.49
overgeplaatst	2	698470	96.4903
overleggn	2	698472	96.4906
overlijden	2	698474	96.4908
overreageren	2	698476	96.4911
overschat	2	698478	96.4914
overtreffen	2	698480	96.4917
overtrekken	2	698482	96.4919
overtuiging	2	698484	96.4922
overtuigingskracht	2	698486	96.4925
overuren	2	698488	96.4928
overweging	2	698490	96.493
overzetten	2	698492	96.4933
owe	2	698494	96.4936
p.s.	2	698496	96.4939
pa-toren	2	698498	96.4942
paarden	2	698500	96.4944
paardeslecht	2	698502	96.4947
paasvakantie	2	698504	96.495
paginas	2	698506	96.4953
pakjes	2	698508	96.4955
palen	2	698510	96.4958
pammer	2	698512	96.4961
pampelen	2	698514	96.4964
panacee	2	698516	96.4966
pangaea	2	698518	96.4969
pango	2	698520	96.4972
pani	2	698522	96.4975
paniekaanval	2	698524	96.4977
panorama's	2	698526	96.498
papas	2	698528	96.4983
paps	2	698530	96.4986
paraplus	2	698532	96.4988
parkeerbedrijf	2	698534	96.4991
parkeert	2	698536	96.4994
parkeerterrein	2	698538	96.4997
partijtje	2	698540	96.5
partners	2	698542	96.5002
partyen	2	698544	96.5005
passa	2	698546	96.5008
passende	2	698548	96.5011
pastasalade	2	698550	96.5013
pasten	2	698552	96.5016
pastoor	2	698554	96.5019
patatjes	2	698556	96.5022
pater	2	698558	96.5024
patroon	2	698560	96.5027
pauwstraat	2	698562	96.503
pauzeren	2	698564	96.5033
paviljoen	2	698566	96.5035
peisk	2	698568	96.5038
peper	2	698570	96.5041
pepernoten	2	698572	96.5044
peppers	2	698574	96.5046
perenijsje	2	698576	96.5049
perfecto	2	698578	96.5052
permanent	2	698580	96.5055
personal	2	698582	96.5058
perzik	2	698584	96.506
petekindje	2	698586	96.5063
philadelphia	2	698588	96.5066
phili	2	698590	96.5069
photography	2	698592	96.5071
photoshop	2	698594	96.5074
php	2	698596	96.5077
picking	2	698598	96.508
piek	2	698600	96.5082
pijl	2	698602	96.5085
pijnstiller	2	698604	96.5088
pijpen	2	698606	96.5091
piloot	2	698608	96.5093
pim	2	698610	96.5096
ping	2	698612	96.5099
pingel	2	698614	96.5102
pink	2	698616	96.5105
pinksteren	2	698618	96.5107
pinnetjes	2	698620	96.511
pinten	2	698622	96.5113
pipa	2	698624	96.5116
pipo	2	698626	96.5118
pis	2	698628	96.5121
pisbier	2	698630	96.5124
piste	2	698632	96.5127
pistolets	2	698634	96.5129
pit	2	698636	96.5132
pittige	2	698638	96.5135
pizza's	2	698640	96.5138
pizzahut	2	698642	96.514
pizzeria	2	698644	96.5143
plaatse	2	698646	96.5146
placeren	2	698648	96.5149
plaid	2	698650	96.5151
planet	2	698652	96.5154
plank	2	698654	96.5157
planned	2	698656	96.516
plannetjes	2	698658	96.5163
planwijziging	2	698660	96.5165
plasma	2	698662	96.5168
platen	2	698664	96.5171
plattegronden	2	698666	96.5174
plattekaastaart	2	698668	96.5176
playbook	2	698670	96.5179
played	2	698672	96.5182
plenty	2	698674	96.5185
pletsie	2	698676	96.5187
pleur	2	698678	96.519
plezierhr	2	698680	96.5193
plooi	2	698682	96.5196
plot	2	698684	96.5198
plu	2	698686	96.5201
plugje	2	698688	96.5204
pluim	2	698690	96.5207
poepje	2	698692	96.521
poet	2	698694	96.5212
pogingen	2	698696	96.5215
pokhara	2	698698	96.5218
poli	2	698700	96.5221
politiek	2	698702	96.5223
pompoen	2	698704	96.5226
pompoensoep	2	698706	96.5229
pony	2	698708	96.5232
poolse	2	698710	96.5234
poos	2	698712	96.5237
poot	2	698714	96.524
pootjes	2	698716	96.5243
poperinge	2	698718	96.5245
porno	2	698720	96.5248
porren	2	698722	96.5251
positive	2	698724	96.5254
post-Spiv	2	698726	96.5256
postbode	2	698728	96.5259
posten	2	698730	96.5262
postpone	2	698732	96.5265
pouvais	2	698734	96.5268
powernapje	2	698736	96.527
powerpoint	2	698738	96.5273
ppts	2	698740	96.5276
pr	2	698742	96.5279
praatje	2	698744	96.5281
praatjes	2	698746	96.5284
praatte	2	698748	96.5287
practical	2	698750	96.529
pre	2	698752	96.5292
pre-Spiv	2	698754	96.5295
preciese	2	698756	96.5298
prei	2	698758	96.5301
presentation	2	698760	96.5303
presenteren	2	698762	96.5306
prestatie	2	698764	96.5309
prijsuitreiking	2	698766	96.5312
prille	2	698768	96.5315
printplaat	2	698770	96.5317
privé	2	698772	96.532
probl	2	698774	96.5323
probleme	2	698776	96.5326
probs	2	698778	96.5328
procent	2	698780	96.5331
productiever	2	698782	96.5334
proefles	2	698784	96.5337
proefpersonen	2	698786	96.5339
proefschrift	2	698788	96.5342
professional	2	698790	96.5345
professioneel	2	698792	96.5348
prog	2	698794	96.535
programmaatje	2	698796	96.5353
programmas	2	698798	96.5356
projectje	2	698800	96.5359
proppen	2	698802	96.5361
protocol	2	698804	96.5364
prul	2	698806	96.5367
prullenbak	2	698808	96.537
prut	2	698810	96.5373
pssst	2	698812	96.5375
psst	2	698814	96.5378
publicatie	2	698816	96.5381
puinhoop	2	698818	96.5384
pull	2	698820	96.5386
puun	2	698822	96.5389
puur	2	698824	96.5392
pyjama	2	698826	96.5395
pèage	2	698828	96.5397
qqch	2	698830	96.54
que	2	698832	96.5403
queue	2	698834	96.5406
quickly	2	698836	96.5408
raadplegen	2	698838	96.5411
raadt	2	698840	96.5414
raampjes	2	698842	96.5417
racen	2	698844	96.5419
racket	2	698846	96.5422
radioactive	2	698848	96.5425
rain	2	698850	96.5428
rally	2	698852	96.5431
ram	2	698854	96.5433
rand	2	698856	96.5436
randje	2	698858	96.5439
random	2	698860	96.5442
rang	2	698862	96.5444
ranja	2	698864	96.5447
rantanplan	2	698866	96.545
rapport	2	698868	96.5453
rara	2	698870	96.5455
rauwe	2	698872	96.5458
ravage	2	698874	96.5461
reached	2	698876	96.5464
read	2	698878	96.5466
realdolmen	2	698880	96.5469
realiteit	2	698882	96.5472
reboot	2	698884	96.5475
reception	2	698886	96.5478
rechtdoor	2	698888	96.548
rechte	2	698890	96.5483
rechterkant	2	698892	96.5486
rechtsachter	2	698894	96.5489
rechtsaf	2	698896	96.5491
rechtse	2	698898	96.5494
rechtstreekse	2	698900	96.5497
recognise	2	698902	96.55
recovered	2	698904	96.5502
rector	2	698906	96.5505
reflectie	2	698908	96.5508
regelmaat	2	698910	96.5511
regeltjes	2	698912	96.5513
regenbui	2	698914	96.5516
reine	2	698916	96.5519
reisbedje	2	698918	96.5522
reisdocument	2	698920	96.5524
reisgenoten	2	698922	96.5527
reiskosten	2	698924	96.553
reisleider	2	698926	96.5533
rekent	2	698928	96.5536
relaxdag	2	698930	96.5538
relevant	2	698932	96.5541
reminder	2	698934	96.5544
reno	2	698936	96.5547
rens	2	698938	96.5549
reservatie	2	698940	96.5552
reserveer	2	698942	96.5555
resort	2	698944	96.5558
respons	2	698946	96.556
restaurantje	2	698948	96.5563
restaurantjes	2	698950	96.5566
retestrak	2	698952	96.5569
retour	2	698954	96.5571
reuze	2	698956	96.5574
revelation	2	698958	96.5577
review	2	698960	96.558
reÃ¼nie	2	698962	96.5583
rhodos	2	698964	96.5585
ribben	2	698966	96.5588
ribfestijn	2	698968	96.5591
ride	2	698970	96.5594
riem	2	698972	96.5596
rijen	2	698974	96.5599
rijm	2	698976	96.5602
rijmt	2	698978	96.5605
rijtuig	2	698980	96.5607
ringleiding	2	698982	96.561
ringweg	2	698984	96.5613
rise	2	698986	96.5616
risotto	2	698988	96.5618
rivier	2	698990	96.5621
robinsonnen	2	698992	96.5624
rockband	2	698994	96.5627
rocks	2	698996	96.5629
roddel	2	698998	96.5632
rodenbach	2	699000	96.5635
roentje	2	699002	96.5638
roep	2	699004	96.5641
roes	2	699006	96.5643
roll	2	699008	96.5646
rollende	2	699010	96.5649
rolluiken	2	699012	96.5652
romain	2	699014	96.5654
roman	2	699016	96.5657
ron	2	699018	96.566
rondgemaild	2	699020	96.5663
rondhangen	2	699022	96.5665
rondrijden	2	699024	96.5668
ronny	2	699026	96.5671
roomkaas	2	699028	96.5674
roselien	2	699030	96.5676
rossige	2	699032	96.5679
roti	2	699034	96.5682
rotweer	2	699036	96.5685
rouler	2	699038	96.5687
routine	2	699040	96.569
rouwen	2	699042	96.5693
row	2	699044	96.5696
rozen	2	699046	96.5699
ruby	2	699048	96.5701
ruik	2	699050	96.5704
ruilverzoek	2	699052	96.5707
ruimschoots	2	699054	96.571
ruitenwisser	2	699056	96.5712
rules	2	699058	96.5715
rund	2	699060	96.5718
running	2	699062	96.5721
rustdag	2	699064	96.5723
rva	2	699066	96.5726
ry	2	699068	96.5729
saar	2	699070	96.5732
sacha	2	699072	96.5734
saerkin	2	699074	96.5737
saido	2	699076	96.574
sais	2	699078	96.5743
samenleggen	2	699080	96.5746
samenvattingen	2	699082	96.5748
samson	2	699084	96.5751
saskia	2	699086	96.5754
saté	2	699088	96.5757
sauna's	2	699090	96.5759
saunatje	2	699092	96.5762
saweet	2	699094	96.5765
sb	2	699096	96.5768
sc	2	699098	96.577
scannert	2	699100	96.5773
scene	2	699102	96.5776
scenes	2	699104	96.5779
schaal	2	699106	96.5781
schaamt	2	699108	96.5784
schaamteloos	2	699110	96.5787
schacht	2	699112	96.579
schachten	2	699114	96.5792
schapje	2	699116	96.5795
schatte	2	699118	96.5798
schatten	2	699120	96.5801
scheen	2	699122	96.5804
scheiden	2	699124	96.5806
scheidsen	2	699126	96.5809
scheppen	2	699128	96.5812
scheren	2	699130	96.5815
scherp	2	699132	96.5817
scheur	2	699134	96.582
schijnbaar	2	699136	96.5823
schilderwerk	2	699138	96.5826
schminken	2	699140	96.5828
schnaps	2	699142	96.5831
schok	2	699144	96.5834
schon	2	699146	96.5837
schooltje	2	699148	96.5839
schoongemaakt	2	699150	96.5842
schoonmaakmiddel	2	699152	96.5845
schoppen	2	699154	96.5848
schouder	2	699156	96.5851
schreef	2	699158	96.5853
schreeuwen	2	699160	96.5856
schreeuwende	2	699162	96.5859
schriftelijk	2	699164	96.5862
schrijfster	2	699166	96.5864
schrijft	2	699168	96.5867
schrijfwijzerdag	2	699170	96.587
schrijver	2	699172	96.5873
schrobbelèr	2	699174	96.5875
schrobben	2	699176	96.5878
schroef	2	699178	96.5881
schrok	2	699180	96.5884
schudden	2	699182	96.5886
scoor	2	699184	96.5889
scoort	2	699186	96.5892
scotland	2	699188	96.5895
screenshot	2	699190	96.5897
scrollen	2	699192	96.59
sd	2	699194	96.5903
sea	2	699196	96.5906
sebastiaan	2	699198	96.5909
sebietjes	2	699200	96.5911
secretaresse	2	699202	96.5914
secundair	2	699204	96.5917
security	2	699206	96.592
seem	2	699208	96.5922
seen	2	699210	96.5925
seffens	2	699212	96.5928
seksuele	2	699214	96.5931
selecteren	2	699216	96.5933
selectie	2	699218	96.5936
sellegen	2	699220	96.5939
semaine	2	699222	96.5942
semi	2	699224	96.5944
sending	2	699226	96.5947
sensatie	2	699228	96.595
sensor	2	699230	96.5953
seperate	2	699232	96.5955
serenade	2	699234	96.5958
servuus	2	699236	96.5961
setting	2	699238	96.5964
señor	2	699240	96.5967
shape	2	699242	96.5969
sharing	2	699244	96.5972
shave	2	699246	96.5975
sheets	2	699248	96.5978
shiny	2	699250	96.598
shitty	2	699252	96.5983
shock	2	699254	96.5986
shoes	2	699256	96.5989
shouldn't	2	699258	96.5991
siesta	2	699260	96.5994
sigaret	2	699262	96.5997
sign	2	699264	96.6
signaal	2	699266	96.6002
silke	2	699268	96.6005
sind	2	699270	96.6008
sindsdien	2	699272	96.6011
singstar	2	699274	96.6014
sinterweekend	2	699276	96.6016
sinus	2	699278	96.6019
sjaak	2	699280	96.6022
sjaarsactie	2	699282	96.6025
sjat	2	699284	96.6027
sjoeke	2	699286	96.603
sjoerd	2	699288	96.6033
sjouwen	2	699290	96.6036
skate	2	699292	96.6038
skeeleren	2	699294	96.6041
skeelers	2	699296	96.6044
skien	2	699298	96.6047
skottelbraai	2	699300	96.6049
slaapkusje	2	699302	96.6052
slaapmatje	2	699304	96.6055
slaapmuts	2	699306	96.6058
slaapster	2	699308	96.606
slaapwelkus	2	699310	96.6063
slabbetje	2	699312	96.6066
slagen	2	699314	96.6069
slang	2	699316	96.6072
slangen	2	699318	96.6074
slaperke	2	699320	96.6077
slapn	2	699322	96.608
slavinken	2	699324	96.6083
sleuren	2	699326	96.6085
slidings	2	699328	96.6088
slinger	2	699330	96.6091
slippers	2	699332	96.6094
sloef	2	699334	96.6096
sloeg	2	699336	96.6099
slopende	2	699338	96.6102
slotenmaker	2	699340	96.6105
sluimerende	2	699342	96.6107
sluis	2	699344	96.611
sluizeken	2	699346	96.6113
smakelijke	2	699348	96.6116
smeden	2	699350	96.6119
smijten	2	699352	96.6121
smiley	2	699354	96.6124
smileys	2	699356	96.6127
smoesjes	2	699358	96.613
smoke	2	699360	96.6132
smoking	2	699362	96.6135
smos	2	699364	96.6138
sms'n	2	699366	96.6141
sms-jes	2	699368	96.6143
smsbundel	2	699370	96.6146
smurfje	2	699372	96.6149
snacks	2	699374	96.6152
sneeuwt	2	699376	96.6154
snelst	2	699378	96.6157
sneu	2	699380	96.616
sneuvelt	2	699382	96.6163
snietske	2	699384	96.6165
snoer	2	699386	96.6168
snoes	2	699388	96.6171
snol	2	699390	96.6174
snooker	2	699392	96.6177
snot	2	699394	96.6179
soc	2	699396	96.6182
soccie	2	699398	96.6185
socciepc	2	699400	96.6188
soepeltjes	2	699402	96.619
soepje	2	699404	96.6193
sofie	2	699406	96.6196
solden	2	699408	96.6199
sollen	2	699410	96.6201
somber	2	699412	96.6204
sometimes	2	699414	96.6207
sompie	2	699416	96.621
sony	2	699418	96.6212
soorten	2	699420	96.6215
spaarrekening	2	699422	96.6218
spaghettisaus	2	699424	96.6221
spater	2	699426	96.6223
specifics	2	699428	96.6226
specifieks	2	699430	96.6229
speed	2	699432	96.6232
speelden	2	699434	96.6235
speelgerechtigd	2	699436	96.6237
speelpleintje	2	699438	96.624
speeltje	2	699440	96.6243
spekjes	2	699442	96.6246
spektakel	2	699444	96.6248
spelers	2	699446	96.6251
speling	2	699448	96.6254
spinnewyns	2	699450	96.6257
spinvis	2	699452	96.6259
spirit	2	699454	96.6262
spirits	2	699456	96.6265
spits	2	699458	96.6268
sporting	2	699460	96.627
sportschool	2	699462	96.6273
sportzaal	2	699464	96.6276
sportze	2	699466	96.6279
spotten	2	699468	96.6282
spraak	2	699470	96.6284
spreiden	2	699472	96.6287
sprekn	2	699474	96.629
spruit	2	699476	96.6293
spullies	2	699478	96.6295
spät	2	699480	96.6298
srry	2	699482	96.6301
sry	2	699484	96.6304
staaltje	2	699486	96.6306
staande	2	699488	96.6309
stadskanaal	2	699490	96.6312
stadskantoor	2	699492	96.6315
stadsspel	2	699494	96.6317
stagedag	2	699496	96.632
stal	2	699498	96.6323
stalker	2	699500	96.6326
stalksters	2	699502	96.6328
stalkt	2	699504	96.6331
stampt	2	699506	96.6334
stand-by	2	699508	96.6337
standby	2	699510	96.634
stank	2	699512	96.6342
stapeltje	2	699514	96.6345
stapt	2	699516	96.6348
stapte	2	699518	96.6351
starbucks	2	699520	96.6353
startkabels	2	699522	96.6356
staten	2	699524	96.6359
stationskant	2	699526	96.6362
steef	2	699528	96.6364
steengrillen	2	699530	96.6367
stefaan	2	699532	96.637
stekkertje	2	699534	96.6373
stelling	2	699536	96.6375
stembanden	2	699538	96.6378
stemming	2	699540	96.6381
stempel	2	699542	96.6384
stemt	2	699544	96.6387
steppen	2	699546	96.6389
stereo	2	699548	96.6392
stichten	2	699550	96.6395
sticker	2	699552	96.6398
sticks	2	699554	96.64
stiekum	2	699556	96.6403
stig	2	699558	96.6406
stijgen	2	699560	96.6409
stijldansen	2	699562	96.6411
stillekes	2	699564	96.6414
stillekesaan	2	699566	96.6417
stilletjes	2	699568	96.642
stiltecoupe	2	699570	96.6422
stinkende	2	699572	96.6425
stinkt	2	699574	96.6428
stip	2	699576	96.6431
stoffen	2	699578	96.6433
stofzuigen	2	699580	96.6436
stomach	2	699582	96.6439
stone	2	699584	96.6442
stoofvlees	2	699586	96.6445
stoor	2	699588	96.6447
stopcontact	2	699590	96.645
stoplicht	2	699592	96.6453
stopten	2	699594	96.6456
storingen	2	699596	96.6458
stortregent	2	699598	96.6461
stout	2	699600	96.6464
stoutste	2	699602	96.6467
strafschop	2	699604	96.6469
straksie	2	699606	96.6472
strange	2	699608	96.6475
stream	2	699610	96.6478
streeltjes	2	699612	96.648
strelen	2	699614	96.6483
stretchy	2	699616	96.6486
strijd	2	699618	96.6489
strikt	2	699620	96.6491
string	2	699622	96.6494
strompelen	2	699624	96.6497
strong	2	699626	96.65
structuurcievergadering	2	699628	96.6503
stuck	2	699630	96.6505
studeerde	2	699632	96.6508
studeert	2	699634	96.6511
studentenkaart	2	699636	96.6514
studentenresidentie	2	699638	96.6516
studerende	2	699640	96.6519
studieboeken	2	699642	96.6522
studiegenoot	2	699644	96.6525
studielandschap	2	699646	96.6527
studiereis	2	699648	96.653
stuiver	2	699650	96.6533
stukkie	2	699652	96.6536
stupid	2	699654	96.6538
stuud	2	699656	96.6541
style	2	699658	96.6544
su	2	699660	96.6547
sub	2	699662	96.655
subdomeinen	2	699664	96.6552
submitten	2	699666	96.6555
suc	2	699668	96.6558
success	2	699670	96.6561
succesvol	2	699672	96.6563
succeswens	2	699674	96.6566
sugarlips	2	699676	96.6569
suggestion	2	699678	96.6572
suggests	2	699680	96.6574
sukkel	2	699682	96.6577
supah	2	699684	96.658
supercool	2	699686	96.6583
superdrukke	2	699688	96.6585
superfijn	2	699690	96.6588
supergelukkige	2	699692	96.6591
superruim	2	699694	96.6594
supersnel	2	699696	96.6596
superverpleegster	2	699698	96.6599
superwarm	2	699700	96.6602
surf	2	699702	96.6605
surieus	2	699704	96.6608
surprises	2	699706	96.661
surveilleren	2	699708	96.6613
sus	2	699710	96.6616
sv	2	699712	96.6619
swear	2	699714	96.6621
sweater	2	699716	96.6624
sweety	2	699718	96.6627
switch	2	699720	96.663
symbolisch	2	699722	96.6632
sympathiek	2	699724	96.6635
syncen	2	699726	96.6638
szimpla	2	699728	96.6641
t-mobile	2	699730	96.6643
t.a.v.	2	699732	96.6646
taakje	2	699734	96.6649
taalkundige	2	699736	96.6652
tab	2	699738	96.6655
tabel	2	699740	96.6657
tadinha	2	699742	96.666
taferelen	2	699744	96.6663
tagliatelle	2	699746	96.6666
takdag	2	699748	96.6668
take-away	2	699750	96.6671
takenlijst	2	699752	96.6674
tal	2	699754	96.6677
tamelijk	2	699756	96.6679
tamtam	2	699758	96.6682
tandenborstel	2	699760	96.6685
tandensmit	2	699762	96.6688
tandjes	2	699764	96.669
tandpijn	2	699766	96.6693
tandvlees	2	699768	96.6696
tang	2	699770	96.6699
tanguy	2	699772	96.6701
tap	2	699774	96.6704
taxi's	2	699776	96.6707
taxiën	2	699778	96.671
tduurt	2	699780	96.6713
teamindeling	2	699782	96.6715
ted	2	699784	96.6718
teeuwen	2	699786	96.6721
tegeltje	2	699788	96.6724
tegenwind	2	699790	96.6726
tegenzin	2	699792	96.6729
tegn	2	699794	96.6732
telefoneren	2	699796	96.6735
telefoongesprek	2	699798	96.6737
telenetman	2	699800	96.674
telepathie	2	699802	96.6743
teleur	2	699804	96.6746
teleurstellen	2	699806	96.6748
telt	2	699808	96.6751
temmer	2	699810	96.6754
tempeliers	2	699812	96.6757
tempting	2	699814	96.676
tempus	2	699816	96.6762
tentakels	2	699818	96.6765
tentje	2	699820	96.6768
tepeltjes	2	699822	96.6771
teraske	2	699824	96.6773
tering	2	699826	96.6776
terraske	2	699828	96.6779
terten	2	699830	96.6782
terugbrengen	2	699832	96.6784
teruggebeld	2	699834	96.6787
teruggegeven	2	699836	96.679
teruggestort	2	699838	96.6793
teruggestuurd	2	699840	96.6795
terugkomdag	2	699842	96.6798
terugkwam	2	699844	96.6801
teruglopen	2	699846	96.6804
terugmailen	2	699848	96.6806
terugzetten	2	699850	96.6809
terzijde	2	699852	96.6812
tes	2	699854	96.6815
tess	2	699856	96.6818
testje	2	699858	96.682
tests	2	699860	96.6823
tete	2	699862	96.6826
teugen	2	699864	96.6829
teun	2	699866	96.6831
tevens	2	699868	96.6834
tg	2	699870	96.6837
tging	2	699872	96.684
tha	2	699874	96.6842
thai	2	699876	96.6845
thanx	2	699878	96.6848
theatervoorstelling	2	699880	96.6851
thekla	2	699882	96.6853
thermo	2	699884	96.6856
thermostaat	2	699886	96.6859
thesissen	2	699888	96.6862
thinks	2	699890	96.6864
third	2	699892	96.6867
thirty	2	699894	96.687
thnx	2	699896	96.6873
thousand	2	699898	96.6876
thriller	2	699900	96.6878
thuis.ko	2	699902	96.6881
thuisgebleven	2	699904	96.6884
thuishaven	2	699906	96.6887
thuiskom	2	699908	96.6889
tie-rip	2	699910	96.6892
tijdrit	2	699912	96.6895
tijdstechnisch	2	699914	96.6898
tikken	2	699916	96.69
time's	2	699918	96.6903
tin	2	699920	96.6906
tina	2	699922	96.6909
tineke	2	699924	96.6911
tiny	2	699926	96.6914
tipt	2	699928	96.6917
tjaptjoi	2	699930	96.692
tjes	2	699932	96.6923
tligt	2	699934	96.6925
tnv	2	699936	96.6928
toblerone	2	699938	96.6931
tochtig	2	699940	96.6934
toegepast	2	699942	96.6936
toegepaste	2	699944	96.6939
toegezegd	2	699946	96.6942
toekom	2	699948	96.6945
toelaat	2	699950	96.6947
toepasselijk	2	699952	96.695
toeter	2	699954	96.6953
toeterende	2	699956	96.6956
toffen	2	699958	96.6958
toga	2	699960	96.6961
toko	2	699962	96.6964
tombola	2	699964	96.6967
tombolaprijzen	2	699966	96.6969
tongzoen	2	699968	96.6972
tons	2	699970	96.6975
tooghedagen	2	699972	96.6978
topchef	2	699974	96.6981
topfeest	2	699976	96.6983
topgrap	2	699978	96.6986
toppie	2	699980	96.6989
toren	2	699982	96.6992
torrents	2	699984	96.6994
totzo	2	699986	96.6997
touch	2	699988	96.7
toulouse	2	699990	96.7003
touren	2	699992	96.7005
tovenaar	2	699994	96.7008
tracht	2	699996	96.7011
traditie	2	699998	96.7014
traditioneel	2	700000	96.7016
trailers	2	700002	96.7019
trainingen	2	700004	96.7022
trainingspak	2	700006	96.7025
trakteerde	2	700008	96.7028
tramhalte	2	700010	96.703
transformer	2	700012	96.7033
travaille	2	700014	96.7036
tref	2	700016	96.7039
tregent	2	700018	96.7041
treinkaart	2	700020	96.7044
treinreis	2	700022	96.7047
treins	2	700024	96.705
treinverkeer	2	700026	96.7052
tres	2	700028	96.7055
trg	2	700030	96.7058
tribune	2	700032	96.7061
tricks	2	700034	96.7063
trilfunctie	2	700036	96.7066
trinken	2	700038	96.7069
tripje	2	700040	96.7072
tropical	2	700042	96.7074
trotse	2	700044	96.7077
troubles	2	700046	96.708
trouwfeest	2	700048	96.7083
truc	2	700050	96.7086
trucje	2	700052	96.7088
trucker	2	700054	96.7091
truuk	2	700056	96.7094
tschijnt	2	700058	96.7097
tschüss	2	700060	96.7099
tshirts	2	700062	96.7102
tstation	2	700064	96.7105
tubbie	2	700066	96.7108
tuinfeest	2	700068	96.711
tuinhuis	2	700070	96.7113
tunen	2	700072	96.7116
tussengekomen	2	700074	96.7119
tussenstops	2	700076	96.7121
tussentijd	2	700078	96.7124
tussentijdse	2	700080	96.7127
tussenuur	2	700082	96.713
tut	2	700084	96.7132
tvolgende	2	700086	96.7135
tweemaal	2	700088	96.7138
twelve	2	700090	96.7141
twilight	2	700092	96.7144
tyfus	2	700094	96.7146
typische	2	700096	96.7149
tzit	2	700098	96.7152
uber	2	700100	96.7155
udyan	2	700102	96.7157
uhr	2	700104	96.716
uitbrakken	2	700106	96.7163
uitbrengen	2	700108	96.7166
uitchecken	2	700110	96.7168
uitdagingen	2	700112	96.7171
uiterst	2	700114	96.7174
uitga	2	700116	96.7177
uitgaat	2	700118	96.7179
uitgebrakt	2	700120	96.7182
uitgebreide	2	700122	96.7185
uitgegeten	2	700124	96.7188
uitgegeven	2	700126	96.7191
uitgepraat	2	700128	96.7193
uitgerekend	2	700130	96.7196
uitgesloten	2	700132	96.7199
uitgestorven	2	700134	96.7202
uitgetrokken	2	700136	96.7204
uitgeweest	2	700138	96.7207
uitgooien	2	700140	96.721
uithuilen	2	700142	96.7213
uitkateren	2	700144	96.7215
uitkiezen	2	700146	96.7218
uitladen	2	700148	96.7221
uitlezen	2	700150	96.7224
uitmaakt	2	700152	96.7226
uitnodigingen	2	700154	96.7229
uitpuffen	2	700156	96.7232
uitstekende	2	700158	96.7235
uitvinden	2	700160	96.7237
uitvinders	2	700162	96.724
uitzag	2	700164	96.7243
uitzendbureau	2	700166	96.7246
uitzending	2	700168	96.7249
uitzet	2	700170	96.7251
uitzien	2	700172	96.7254
uke	2	700174	96.7257
ulle	2	700176	96.726
ultieme	2	700178	96.7262
un-riksha-able	2	700180	96.7265
uncle	2	700182	96.7268
underground	2	700184	96.7271
underway	2	700186	96.7273
universiteiten	2	700188	96.7276
upc	2	700190	96.7279
usual	2	700192	96.7282
usually	2	700194	96.7284
uzelf	2	700196	96.7287
vaas	2	700198	96.729
vakanties	2	700200	96.7293
vakantievierder	2	700202	96.7296
vakmanschap	2	700204	96.7298
valieske	2	700206	96.7301
valk	2	700208	96.7304
valreep	2	700210	96.7307
vals	2	700212	96.7309
valse	2	700214	96.7312
vamavond	2	700216	96.7315
van't	2	700218	96.7318
vanachter	2	700220	96.732
vanbinnen	2	700222	96.7323
vandejaar	2	700224	96.7326
vanderlinden	2	700226	96.7329
vangt	2	700228	96.7331
vannamiddag	2	700230	96.7334
vanopstal	2	700232	96.7337
vanwaar	2	700234	96.734
vanzelfsprekend	2	700236	96.7342
vas	2	700238	96.7345
vastgelegd	2	700240	96.7348
vastpakken	2	700242	96.7351
vdw	2	700244	96.7354
vechtpartij	2	700246	96.7356
vee	2	700248	96.7359
veeeeel	2	700250	96.7362
veeeel	2	700252	96.7365
veeel	2	700254	96.7367
veegwagen	2	700256	96.737
veehouders	2	700258	96.7373
veerleplein	2	700260	96.7376
vegas	2	700262	96.7378
velden	2	700264	96.7381
veldstraat	2	700266	96.7384
velen	2	700268	96.7387
vendredi	2	700270	96.7389
venetië	2	700272	96.7392
ventilator	2	700274	96.7395
ventje	2	700276	96.7398
veranderde	2	700278	96.74
veranderingen	2	700280	96.7403
verantwoordelijk	2	700282	96.7406
verassing	2	700284	96.7409
verbaasd	2	700286	96.7412
verbaast	2	700288	96.7414
verbazen	2	700290	96.7417
verbeteringen	2	700292	96.742
verbeterwerk	2	700294	96.7423
verbinden	2	700296	96.7425
verblijden	2	700298	96.7428
verbond	2	700300	96.7431
verbondsfeestje	2	700302	96.7434
verbondshuis	2	700304	96.7436
verbondsterrein	2	700306	96.7439
verbouwen	2	700308	96.7442
verbroken	2	700310	96.7445
verbruik	2	700312	96.7447
verbruikt	2	700314	96.745
verdampt	2	700316	96.7453
verdedigd	2	700318	96.7456
verdeelblokje	2	700320	96.7459
verderdoen	2	700322	96.7461
verdict	2	700324	96.7464
verdomde	2	700326	96.7467
verdorie	2	700328	96.747
verdriet	2	700330	96.7472
verduisterd	2	700332	96.7475
verdwaald	2	700334	96.7478
verdwalen	2	700336	96.7481
verdween	2	700338	96.7483
vereerd	2	700340	96.7486
vereniging	2	700342	96.7489
verg.	2	700344	96.7492
vergaderd	2	700346	96.7494
vergat	2	700348	96.7497
vergelijking	2	700350	96.75
vergissing	2	700352	96.7503
vergoeding	2	700354	96.7505
verhoging	2	700356	96.7508
verhongeren	2	700358	96.7511
verhuist	2	700360	96.7514
verhuurd	2	700362	96.7517
verjaardagen	2	700364	96.7519
verjaardags	2	700366	96.7522
verjaardagscadeau	2	700368	96.7525
verkeer	2	700370	96.7528
verkering	2	700372	96.753
verkiest	2	700374	96.7533
verklappen	2	700376	96.7536
verklaren	2	700378	96.7539
verkleed	2	700380	96.7541
verkloot	2	700382	96.7544
verleden	2	700384	96.7547
verlegd	2	700386	96.755
verlegen	2	700388	96.7552
verleiden	2	700390	96.7555
verlengd	2	700392	96.7558
verlenging	2	700394	96.7561
verliefder	2	700396	96.7564
verloor	2	700398	96.7566
verluchten	2	700400	96.7569
vermeire	2	700402	96.7572
vermelden	2	700404	96.7575
vermoeide	2	700406	96.7577
vermogen	2	700408	96.758
verpleging	2	700410	96.7583
verpletteren	2	700412	96.7586
verplichting	2	700414	96.7588
verrekt	2	700416	96.7591
versch	2	700418	96.7594
verschiet	2	700420	96.7597
verschoven	2	700422	96.7599
verschrikkellijk	2	700424	96.7602
versgebakken	2	700426	96.7605
verslagje	2	700428	96.7608
versta	2	700430	96.761
verstandskies	2	700432	96.7613
verste	2	700434	96.7616
versterking	2	700436	96.7619
verstrooien	2	700438	96.7622
verstuur	2	700440	96.7624
vertalen	2	700442	96.7627
vertaling	2	700444	96.763
verticale	2	700446	96.7633
vertraagde	2	700448	96.7635
vertragingen	2	700450	96.7638
vertrekhal	2	700452	96.7641
vervalt	2	700454	96.7644
vervanging	2	700456	96.7646
verveeld	2	700458	96.7649
vervroegen	2	700460	96.7652
verwachte	2	700462	96.7655
verwarrende	2	700464	96.7657
verwende	2	700466	96.766
verwennerij	2	700468	96.7663
verwijfd	2	700470	96.7666
verwijt	2	700472	96.7668
verwittig	2	700474	96.7671
verwoede	2	700476	96.7674
verzachten	2	700478	96.7677
verzameld	2	700480	96.768
verzekerd	2	700482	96.7682
verzend	2	700484	96.7685
verzendkosten	2	700486	96.7688
verzilveren	2	700488	96.7691
verzin	2	700490	96.7693
verzocht	2	700492	96.7696
verzoekje	2	700494	96.7699
verzonnen	2	700496	96.7702
verzorgingstehuis	2	700498	96.7704
vetex	2	700500	96.7707
vetput	2	700502	96.771
vetrekken	2	700504	96.7713
vettel	2	700506	96.7715
vetten	2	700508	96.7718
vga-tulp	2	700510	96.7721
viandel	2	700512	96.7724
vief	2	700514	96.7727
viezigheid	2	700516	96.7729
vijftien	2	700518	96.7732
vijftig	2	700520	96.7735
vijver	2	700522	96.7738
vikings	2	700524	96.774
vile	2	700526	96.7743
vindet	2	700528	96.7746
vinkje	2	700530	96.7749
vip	2	700532	96.7751
virginie	2	700534	96.7754
visa	2	700536	96.7757
visser	2	700538	96.776
vitaminen	2	700540	96.7762
vivek	2	700542	96.7765
vj	2	700544	96.7768
vlaamse	2	700546	96.7771
vlagen	2	700548	96.7773
vlaggen	2	700550	96.7776
vlam	2	700552	96.7779
vlasmarkt	2	700554	96.7782
vlientje	2	700556	96.7785
vluchten	2	700558	96.7787
vnaaf	2	700560	96.779
voedselvergiftiging	2	700562	96.7793
voer	2	700564	96.7796
voetendokter	2	700566	96.7798
voetjes	2	700568	96.7801
vogelnestjes	2	700570	96.7804
vogels	2	700572	96.7807
vogeltjes	2	700574	96.7809
volgns	2	700576	96.7812
volhoudt	2	700578	96.7815
volleybal	2	700580	96.7818
volmaakt	2	700582	96.782
volwassen	2	700584	96.7823
voo	2	700586	96.7826
vooraleer	2	700588	96.7829
vooravond	2	700590	96.7832
voorbeeld	2	700592	96.7834
voorbeelden	2	700594	96.7837
voorbeeldige	2	700596	96.784
voorblad	2	700598	96.7843
voorby	2	700600	96.7845
voordelig	2	700602	96.7848
voorhoofd	2	700604	96.7851
voorkomt	2	700606	96.7854
voorleggen	2	700608	96.7856
voorlichting	2	700610	96.7859
voorschieten	2	700612	96.7862
voorspelling	2	700614	96.7865
voorspellingen	2	700616	96.7867
voorspoedige	2	700618	96.787
voorstelt	2	700620	96.7873
voorstukjes	2	700622	96.7876
voortgang	2	700624	96.7878
voorwa	2	700626	96.7881
voorzet	2	700628	96.7884
voorzie	2	700630	96.7887
vor	2	700632	96.789
vorte	2	700634	96.7892
vosselaar	2	700636	96.7895
vossenveld	2	700638	96.7898
vous	2	700640	96.7901
vrede	2	700642	96.7903
vreedeplein	2	700644	96.7906
vreemdste	2	700646	96.7909
vriendinnetjes	2	700648	96.7912
vrijdagnacht	2	700650	96.7914
vrijdagsmarkt	2	700652	96.7917
vrijgemaakt	2	700654	96.792
vrijgezel	2	700656	96.7923
vrijgezellen	2	700658	96.7925
vrijheid	2	700660	96.7928
vrijpartij	2	700662	96.7931
vroegn	2	700664	96.7934
vrouwelijke	2	700666	96.7936
vrouwke	2	700668	96.7939
vrouwmens	2	700670	96.7942
vruchten	2	700672	96.7945
vrye	2	700674	96.7948
vuurdoop	2	700676	96.795
vuurken	2	700678	96.7953
vuurspuwen	2	700680	96.7956
vást	2	700682	96.7959
waalkade	2	700684	96.7961
waalstrand	2	700686	96.7964
waanzinnige	2	700688	96.7967
waarderen	2	700690	96.797
waarheen	2	700692	96.7972
waars	2	700694	96.7975
wachtebeke	2	700696	96.7978
wadde	2	700698	96.7981
wageningen	2	700700	96.7983
waking	2	700702	96.7986
wakkah	2	700704	96.7989
wakke	2	700706	96.7992
walen	2	700708	96.7995
wan	2	700710	96.7997
wandel	2	700712	96.8
washington	2	700714	96.8003
waste	2	700716	96.8006
watch	2	700718	96.8008
waterkoker	2	700720	96.8011
waterpas	2	700722	96.8014
wazige	2	700724	96.8017
wazzek	2	700726	96.8019
wazzup	2	700728	96.8022
web	2	700730	96.8025
wedden	2	700732	96.8028
wednesday	2	700734	96.803
wedstrijdje	2	700736	96.8033
weduwe	2	700738	96.8036
wegdoen	2	700740	96.8039
weggedaan	2	700742	96.8041
weggeef	2	700744	96.8044
weggeraakt	2	700746	96.8047
wegwerken	2	700748	96.805
wei	2	700750	96.8053
wekelijks	2	700752	96.8055
wekelijkse	2	700754	96.8058
wekken	2	700756	96.8061
wekkers	2	700758	96.8064
weldra	2	700760	96.8066
welken	2	700762	96.8069
wellness	2	700764	96.8072
welpen	2	700766	96.8075
wembajenee	2	700768	96.8077
wendy	2	700770	96.808
wereldgeschiedenis	2	700772	96.8083
wereldkampioen	2	700774	96.8086
wereldwinkel	2	700776	96.8088
weren't	2	700778	96.8091
werkcolleges	2	700780	96.8094
werkloos	2	700782	96.8097
werknemer	2	700784	96.81
werkplezier	2	700786	96.8102
werkster	2	700788	96.8105
werkstudent	2	700790	96.8108
wesley	2	700792	96.8111
western	2	700794	96.8113
westmalle	2	700796	96.8116
wetende	2	700798	96.8119
wetteren	2	700800	96.8122
weurtseweg	2	700802	96.8124
white	2	700804	96.8127
whopper	2	700806	96.813
wicht	2	700808	96.8133
wiebetaaltwat.nl	2	700810	96.8135
wiel	2	700812	96.8138
wielen	2	700814	96.8141
wiens	2	700816	96.8144
wiezen	2	700818	96.8146
wigger	2	700820	96.8149
wijkje	2	700822	96.8152
wijnproeven	2	700824	96.8155
wijsmaken	2	700826	96.8158
wijze	2	700828	96.816
wijzen	2	700830	96.8163
wijziging	2	700832	96.8166
willekeurig	2	700834	96.8169
willing	2	700836	96.8171
win	2	700838	96.8174
wine	2	700840	96.8177
winkeltjes	2	700842	96.818
winne	2	700844	96.8182
winners	2	700846	96.8185
winterjas	2	700848	96.8188
wintersport	2	700850	96.8191
wire	2	700852	96.8193
wise	2	700854	96.8196
wish	2	700856	96.8199
wissel	2	700858	96.8202
wisselgeld	2	700860	96.8204
wisten	2	700862	96.8207
witbier	2	700864	96.821
witbiertje	2	700866	96.8213
wizz	2	700868	96.8216
wkend	2	700870	96.8218
wnr	2	700872	96.8221
wnt	2	700874	96.8224
wo.	2	700876	96.8227
woensdagen	2	700878	96.8229
wol	2	700880	96.8232
wolverine	2	700882	96.8235
women	2	700884	96.8238
won	2	700886	96.824
wonderen	2	700888	96.8243
wonderful	2	700890	96.8246
wonderschone	2	700892	96.8249
woningen	2	700894	96.8251
wont	2	700896	96.8254
woohoo	2	700898	96.8257
woonst	2	700900	96.826
woordje	2	700902	96.8263
workout	2	700904	96.8265
worstelen	2	700906	96.8268
wortel	2	700908	96.8271
worth	2	700910	96.8274
wrak	2	700912	96.8276
wuk	2	700914	96.8279
wuyts	2	700916	96.8282
wybe	2	700918	96.8285
wát	2	700920	96.8287
xM	2	700922	96.829
xoxo	2	700924	96.8293
xtina	2	700926	96.8296
xxX	2	700928	96.8298
xxl	2	700930	96.8301
xxxxxxxxx	2	700932	96.8304
xxxxxxxxxx	2	700934	96.8307
xxxxxxxxxxxxxxxxxxxxxxxxx	2	700936	96.8309
yard	2	700938	96.8312
youp	2	700940	96.8315
youre	2	700942	96.8318
yves	2	700944	96.8321
zachtjes	2	700946	96.8323
zakalmanak	2	700948	96.8326
zakgeld	2	700950	96.8329
zakjes	2	700952	96.8332
zaklamp	2	700954	96.8334
zakmes	2	700956	96.8337
zappen	2	700958	96.834
zara	2	700960	96.8343
zaterdagnacht	2	700962	96.8345
zatlap	2	700964	96.8348
zaventem	2	700966	96.8351
zeetje	2	700968	96.8354
zeggeej	2	700970	96.8356
zegzeg	2	700972	96.8359
zeiltochtje	2	700974	96.8362
zekers	2	700976	96.8365
zelfa	2	700978	96.8368
zelfgemaakte	2	700980	96.837
zelfvertrouwen	2	700982	96.8373
zender	2	700984	96.8376
zero	2	700986	96.8379
zeun	2	700988	96.8381
zeur	2	700990	96.8384
zeurend	2	700992	96.8387
zeurt	2	700994	96.839
zi	2	700996	96.8392
zichtbaar	2	700998	96.8395
ziggo	2	701000	96.8398
zijnde	2	701002	96.8401
zijnt	2	701004	96.8403
zilveruitjes	2	701006	96.8406
zing	2	701008	96.8409
zinnetje	2	701010	96.8412
zinnigs	2	701012	96.8414
zinom	2	701014	96.8417
zinvol	2	701016	96.842
zitzak	2	701018	96.8423
zjg	2	701020	96.8426
zkr	2	701022	96.8428
zochten	2	701024	96.8431
zodadelijk	2	701026	96.8434
zodak	2	701028	96.8437
zoeke	2	701030	96.8439
zoekende	2	701032	96.8442
zoekn	2	701034	96.8445
zomerfeesten	2	701036	96.8448
zomervakantie	2	701038	96.845
zondagnacht	2	701040	96.8453
zondags	2	701042	96.8456
zone	2	701044	96.8459
zonnebrand	2	701046	96.8461
zooitje	2	701048	96.8464
zorba	2	701050	96.8467
zotje	2	701052	96.847
zotteke	2	701054	96.8473
zotten	2	701056	96.8475
zouk	2	701058	96.8478
zout	2	701060	96.8481
zoutoplossing	2	701062	96.8484
zuid-afrika	2	701064	96.8486
zuidelijke	2	701066	96.8489
zuiderdiep	2	701068	96.8492
zuinig	2	701070	96.8495
zuip	2	701072	96.8497
zum	2	701074	96.85
zundapp	2	701076	96.8503
zure	2	701078	96.8506
zusjes	2	701080	96.8508
zusters	2	701082	96.8511
zutphen	2	701084	96.8514
zwaarder	2	701086	96.8517
zwak	2	701088	96.8519
zwangerschap	2	701090	96.8522
zweeds	2	701092	96.8525
zwemmeke	2	701094	96.8528
zwerver	2	701096	96.8531
zweven	2	701098	96.8533
zweverig	2	701100	96.8536
zwoele	2	701102	96.8539
zy	2	701104	96.8542
}	2	701106	96.8544
¡	2	701108	96.8547
¤	2	701110	96.855
À	2	701112	96.8553
Â	2	701114	96.8555
álles	2	701116	96.8558
áltijd	2	701118	96.8561
échte	2	701120	96.8564
était	2	701122	96.8566
ín	2	701124	96.8569
ö	2	701126	96.8572
‡	2	701128	96.8575
!!!!!!!!!	1	701129	96.8576
!!!!!!!!!!	1	701130	96.8577
!!!!!!!!!!!!!!!!!	1	701131	96.8579
!!!!!!!!!!!!!!!!!!!!!?!??	1	701132	96.858
!!!?	1	701133	96.8582
!!!?!?!!?	1	701134	96.8583
!!.	1	701135	96.8584
!!?	1	701136	96.8586
!??	1	701137	96.8587
'09	1	701138	96.8589
'12	1	701139	96.859
'72	1	701140	96.8591
'76	1	701141	96.8593
'T	1	701142	96.8594
(Van)avond	1	701143	96.8595
(bord)spelletje	1	701144	96.8597
(en)teren	1	701145	96.8598
(gast)broer	1	701146	96.86
(ge-)sport	1	701147	96.8601
(in)drinken	1	701148	96.8602
(knuffel)tijd	1	701149	96.8604
(lucht)bed	1	701150	96.8605
(over)morgen	1	701151	96.8607
(pre)drinking	1	701152	96.8608
(schoon)ouders	1	701153	96.8609
(schoon)zus	1	701154	96.8611
(super)vroeg	1	701155	96.8612
(t)een	1	701156	96.8613
(uit)Eet	1	701157	96.8615
(vergader)week	1	701158	96.8616
(werk)week	1	701159	96.8618
(zat)voeren	1	701160	96.8619
(zelf)studie	1	701161	96.862
):(	1	701162	96.8622
):)	1	701163	96.8623
);)	1	701164	96.8624
,013	1	701165	96.8626
,2000	1	701166	96.8627
,2562	1	701167	96.8629
,4	1	701168	96.863
,89	1	701169	96.8631
-!-!	1	701170	96.8633
-097	1	701171	96.8634
-10586023	1	701172	96.8636
-11484982	1	701173	96.8637
-12034930	1	701174	96.8638
-14	1	701175	96.864
-14.30	1	701176	96.8641
-15	1	701177	96.8642
-16	1	701178	96.8644
-2	1	701179	96.8645
-2125	1	701180	96.8647
-23	1	701181	96.8648
-27255821	1	701182	96.8649
-275927	1	701183	96.8651
-2789880	1	701184	96.8652
-29551416	1	701185	96.8653
-300	1	701186	96.8655
-35	1	701187	96.8656
-350	1	701188	96.8658
-3730199	1	701189	96.8659
-3877599	1	701190	96.866
-3877893	1	701191	96.8662
-43	1	701192	96.8663
-51560410	1	701193	96.8665
-69	1	701194	96.8666
-943	1	701195	96.8667
-?	1	701196	96.8669
.-	1	701197	96.867
.....??	1	701198	96.8671
....?	1	701199	96.8673
...?!	1	701200	96.8674
...?!?	1	701201	96.8676
..?!	1	701202	96.8677
.03	1	701203	96.8678
.10	1	701204	96.868
.1000	1	701205	96.8681
.11	1	701206	96.8682
.2	1	701207	96.8684
.2,5	1	701208	96.8685
.20	1	701209	96.8687
.3	1	701210	96.8688
.30	1	701211	96.8689
.32	1	701212	96.8691
.33	1	701213	96.8692
.393	1	701214	96.8694
.45	1	701215	96.8695
.65	1	701216	96.8696
.7.4.374	1	701217	96.8698
0.90	1	701218	96.8699
0000	1	701219	96.87
0015	1	701220	96.8702
001965	1	701221	96.8703
0032	1	701222	96.8705
01.30	1	701223	96.8706
0110	1	701224	96.8707
014	1	701225	96.8709
015	1	701226	96.871
017	1	701227	96.8711
0183	1	701228	96.8713
0220	1	701229	96.8714
024	1	701230	96.8716
04.30	1	701231	96.8717
0416	1	701232	96.8718
0470	1	701233	96.872
0473	1	701234	96.8721
0485189037	1	701235	96.8723
0485849151	1	701236	96.8724
0486	1	701237	96.8725
0495	1	701238	96.8727
0496	1	701239	96.8728
0530	1	701240	96.8729
06.15	1	701241	96.8731
0612884841	1	701242	96.8732
0617682443	1	701243	96.8734
0622	1	701244	96.8735
0624876747	1	701245	96.8736
0626916731	1	701246	96.8738
0627582859	1	701247	96.8739
0633831127	1	701248	96.8741
0636161263	1	701249	96.8742
0648452273	1	701250	96.8743
0649758995	1	701251	96.8745
0650128221	1	701252	96.8746
0655980897	1	701253	96.8747
070	1	701254	96.8749
073	1	701255	96.875
0755	1	701256	96.8752
0800	1	701257	96.8753
08:55	1	701258	96.8754
09042401	1	701259	96.8756
092251236	1	701260	96.8757
09:44	1	701261	96.8758
0:50	1	701262	96.876
1,2	1	701263	96.8761
1,2,3,7	1	701264	96.8763
1,2,5,6,7,8	1	701265	96.8764
1,38	1	701266	96.8765
1,6	1	701267	96.8767
1.00.06	1	701268	96.8768
1.058	1	701269	96.877
1.41	1	701270	96.8771
1.5	1	701271	96.8772
10,30	1	701272	96.8774
10-3-2011	1	701273	96.8775
10.25	1	701274	96.8776
10.40	1	701275	96.8778
10.50	1	701276	96.8779
10000	1	701277	96.8781
1000e	1	701278	96.8782
1015	1	701279	96.8783
1024	1	701280	96.8785
103	1	701281	96.8786
1030	1	701282	96.8787
104	1	701283	96.8789
1047,56	1	701284	96.879
107	1	701285	96.8792
109	1	701286	96.8793
10:45	1	701287	96.8794
10de,	1	701288	96.8796
10e.	1	701289	96.8797
11,85	1	701290	96.8799
11.07	1	701291	96.88
11.14	1	701292	96.8801
11.15	1	701293	96.8803
11.27	1	701294	96.8804
11.40	1	701295	96.8805
11.45	1	701296	96.8807
110e	1	701297	96.8808
1111	1	701298	96.881
113	1	701299	96.8811
1130	1	701300	96.8812
11300	1	701301	96.8814
113000	1	701302	96.8815
116	1	701303	96.8816
116,81	1	701304	96.8818
119	1	701305	96.8819
11:40	1	701306	96.8821
11:50	1	701307	96.8822
11de	1	701308	96.8823
11de.	1	701309	96.8825
12,50	1	701310	96.8826
12.06	1	701311	96.8828
12.11	1	701312	96.8829
12.45	1	701313	96.883
12.54	1	701314	96.8832
12000	1	701315	96.8833
121	1	701316	96.8834
1215	1	701317	96.8836
122	1	701318	96.8837
122,70	1	701319	96.8839
1234	1	701320	96.884
1240	1	701321	96.8841
126	1	701322	96.8843
127.0.01	1	701323	96.8844
12:30	1	701324	96.8845
12:35	1	701325	96.8847
12:45	1	701326	96.8848
12:50	1	701327	96.885
12de	1	701328	96.8851
12de.	1	701329	96.8852
12e?	1	701330	96.8854
13,14,15,16	1	701331	96.8855
13,40	1	701332	96.8857
13,50	1	701333	96.8858
13.15	1	701334	96.8859
13.38	1	701335	96.8861
13.50	1	701336	96.8862
13.51	1	701337	96.8863
13.55	1	701338	96.8865
1301	1	701339	96.8866
1308	1	701340	96.8868
134	1	701341	96.8869
1345	1	701342	96.887
135	1	701343	96.8872
138	1	701344	96.8873
139	1	701345	96.8875
13:09	1	701346	96.8876
13:23	1	701347	96.8877
13:41	1	701348	96.8879
13:42	1	701349	96.888
13de	1	701350	96.8881
13de!	1	701351	96.8883
13e	1	701352	96.8884
13e?	1	701353	96.8886
14.35	1	701354	96.8887
14.38	1	701355	96.8888
1424	1	701356	96.889
144	1	701357	96.8891
1445	1	701358	96.8892
14:10	1	701359	96.8894
14:12	1	701360	96.8895
14:30	1	701361	96.8897
14:40	1	701362	96.8898
14:43	1	701363	96.8899
14de	1	701364	96.8901
15.06.2011	1	701365	96.8902
15.08	1	701366	96.8904
15.15	1	701367	96.8905
15.20	1	701368	96.8906
15.33	1	701369	96.8908
1538	1	701370	96.8909
155474	1	701371	96.891
1574159	1	701372	96.8912
158,61	1	701373	96.8913
159	1	701374	96.8915
15:05	1	701375	96.8916
15:34	1	701376	96.8917
15:35	1	701377	96.8919
15:47	1	701378	96.892
15:54	1	701379	96.8921
15e)	1	701380	96.8923
15e.	1	701381	96.8924
16,2	1	701382	96.8926
16,20	1	701383	96.8927
16,45	1	701384	96.8928
16.05	1	701385	96.893
16.25	1	701386	96.8931
16.30	1	701387	96.8933
16.41	1	701388	96.8934
16.47	1	701389	96.8935
16.48	1	701390	96.8937
16.53	1	701391	96.8938
1620	1	701392	96.8939
1627	1	701393	96.8941
1654	1	701394	96.8942
1687	1	701395	96.8944
169	1	701396	96.8945
16:13	1	701397	96.8946
16:15	1	701398	96.8948
16:20	1	701399	96.8949
16:25	1	701400	96.895
16:35	1	701401	96.8952
16:41	1	701402	96.8953
16:49	1	701403	96.8955
16de	1	701404	96.8956
16e?	1	701405	96.8957
17,3	1	701406	96.8959
17.00	1	701407	96.896
17.06.2011	1	701408	96.8962
17.18	1	701409	96.8963
17.27	1	701410	96.8964
17.35	1	701411	96.8966
17.45	1	701412	96.8967
1715	1	701413	96.8968
172,32	1	701414	96.897
1724	1	701415	96.8971
173	1	701416	96.8973
1740	1	701417	96.8974
17:10	1	701418	96.8975
17:27	1	701419	96.8977
17:28	1	701420	96.8978
17:30	1	701421	96.8979
17:48	1	701422	96.8981
17de.	1	701423	96.8982
17e	1	701424	96.8984
17e!	1	701425	96.8985
18.24	1	701426	96.8986
18.39	1	701427	96.8988
18.48	1	701428	96.8989
18.52	1	701429	96.8991
1800	1	701430	96.8992
1810	1	701431	96.8993
182	1	701432	96.8995
1824	1	701433	96.8996
1840	1	701434	96.8997
1848	1	701435	96.8999
185	1	701436	96.9
186	1	701437	96.9002
187	1	701438	96.9003
18:20	1	701439	96.9004
18:40	1	701440	96.9006
18:46	1	701441	96.9007
18:50	1	701442	96.9009
18de?	1	701443	96.901
18e,	1	701444	96.9011
19.15	1	701445	96.9013
19.25	1	701446	96.9014
19.51	1	701447	96.9015
19.54	1	701448	96.9017
190	1	701449	96.9018
192.168.9.5	1	701450	96.902
192.168.9.6	1	701451	96.9021
1920	1	701452	96.9022
1938	1	701453	96.9024
1961	1	701454	96.9025
1970	1	701455	96.9026
1978	1	701456	96.9028
1988	1	701457	96.9029
1990	1	701458	96.9031
1991	1	701459	96.9032
1995	1	701460	96.9033
1999	1	701461	96.9035
19:05	1	701462	96.9036
19:15	1	701463	96.9038
19:21	1	701464	96.9039
19:25	1	701465	96.904
19:45	1	701466	96.9042
19:47	1	701467	96.9043
19:48	1	701468	96.9044
19:54	1	701469	96.9046
19de	1	701470	96.9047
19e	1	701471	96.9049
19e!	1	701472	96.905
19e,	1	701473	96.9051
1:15	1	701474	96.9053
2,3	1	701475	96.9054
2,45	1	701476	96.9055
2,75	1	701477	96.9057
2,90	1	701478	96.9058
20.02	1	701479	96.906
20.15	1	701480	96.9061
20.21	1	701481	96.9062
20.25	1	701482	96.9064
20.32	1	701483	96.9065
20.51	1	701484	96.9067
20.52	1	701485	96.9068
2003	1	701486	96.9069
2004	1	701487	96.9071
2005	1	701488	96.9072
2006er	1	701489	96.9073
201,2	1	701490	96.9075
2018	1	701491	96.9076
205	1	701492	96.9078
2058	1	701493	96.9079
206	1	701494	96.908
207	1	701495	96.9082
20:06	1	701496	96.9083
20:10	1	701497	96.9084
20:25	1	701498	96.9086
20:40	1	701499	96.9087
20:50	1	701500	96.9089
20:55	1	701501	96.909
20:58	1	701502	96.9091
20e!	1	701503	96.9093
20ste	1	701504	96.9094
21,15	1	701505	96.9096
21.05	1	701506	96.9097
21.10	1	701507	96.9098
21.45	1	701508	96.91
2115	1	701509	96.9101
2118	1	701510	96.9102
2135	1	701511	96.9104
2158	1	701512	96.9105
216	1	701513	96.9107
21:06	1	701514	96.9108
21:14	1	701515	96.9109
21:20	1	701516	96.9111
21:38	1	701517	96.9112
21:40	1	701518	96.9113
21:50	1	701519	96.9115
22,22	1	701520	96.9116
22,31	1	701521	96.9118
22.00	1	701522	96.9119
22.20	1	701523	96.912
2218	1	701524	96.9122
2222	1	701525	96.9123
2230	1	701526	96.9125
224.97.54	1	701527	96.9126
22522	1	701528	96.9127
2280	1	701529	96.9129
22:00	1	701530	96.913
22:10	1	701531	96.9131
22:24	1	701532	96.9133
22:30	1	701533	96.9134
22:40	1	701534	96.9136
22e?	1	701535	96.9137
23.15	1	701536	96.9138
2303	1	701537	96.914
23:40	1	701538	96.9141
23:54	1	701539	96.9143
23:57	1	701540	96.9144
23e!	1	701541	96.9145
24,55	1	701542	96.9147
2484	1	701543	96.9148
249	1	701544	96.9149
24e!	1	701545	96.9151
24e+	1	701546	96.9152
24ste,	1	701547	96.9154
24ste;	1	701548	96.9155
24ste?	1	701549	96.9156
2500	1	701550	96.9158
2535	1	701551	96.9159
256	1	701552	96.916
2652	1	701553	96.9162
267	1	701554	96.9163
269	1	701555	96.9165
26ste	1	701556	96.9166
27.06.2016	1	701557	96.9167
270	1	701558	96.9169
2700	1	701559	96.917
27ste	1	701560	96.9172
28,29	1	701561	96.9173
280	1	701562	96.9174
2800	1	701563	96.9176
291	1	701564	96.9177
293	1	701565	96.9178
294	1	701566	96.918
299	1	701567	96.9181
29e	1	701568	96.9183
29ste	1	701569	96.9184
2:15	1	701570	96.9185
2:30	1	701571	96.9187
2e,	1	701572	96.9188
2e.	1	701573	96.9189
3,0	1	701574	96.9191
3,4	1	701575	96.9192
3,45	1	701576	96.9194
3,95	1	701577	96.9195
3.5	1	701578	96.9196
306	1	701579	96.9198
30e;	1	701580	96.9199
310	1	701581	96.9201
314	1	701582	96.9202
316	1	701583	96.9203
31616355566	1	701584	96.9205
31684230893	1	701585	96.9206
328290	1	701586	96.9207
33300	1	701587	96.9209
3350	1	701588	96.921
336	1	701589	96.9212
339	1	701590	96.9213
3412	1	701591	96.9214
34223	1	701592	96.9216
35,44	1	701593	96.9217
3523	1	701594	96.9218
356	1	701595	96.922
358	1	701596	96.9221
359908	1	701597	96.9223
362	1	701598	96.9224
364	1	701599	96.9225
368	1	701600	96.9227
3690	1	701601	96.9228
36ste	1	701602	96.923
37,5	1	701603	96.9231
370	1	701604	96.9232
370496	1	701605	96.9234
375e	1	701606	96.9235
37ste	1	701607	96.9236
384	1	701608	96.9238
389	1	701609	96.9239
39.11	1	701610	96.9241
392	1	701611	96.9242
3e,	1	701612	96.9243
3fm.nl	1	701613	96.9245
4,020	1	701614	96.9246
4,5	1	701615	96.9247
4,90	1	701616	96.9249
401	1	701617	96.925
403	1	701618	96.9252
404	1	701619	96.9253
411	1	701620	96.9254
412	1	701621	96.9256
416	1	701622	96.9257
417	1	701623	96.9259
4207	1	701624	96.926
4285	1	701625	96.9261
435	1	701626	96.9263
436	1	701627	96.9264
43ste	1	701628	96.9265
4402	1	701629	96.9267
455872	1	701630	96.9268
460	1	701631	96.927
462	1	701632	96.9271
465	1	701633	96.9272
474	1	701634	96.9274
479309073	1	701635	96.9275
47ste	1	701636	96.9277
4900	1	701637	96.9278
494852691	1	701638	96.9279
4:00	1	701639	96.9281
5,0	1	701640	96.9282
5,1	1	701641	96.9283
5,25	1	701642	96.9285
5,8	1	701643	96.9286
5.00	1	701644	96.9288
5.723,90	1	701645	96.9289
5000	1	701646	96.929
5014	1	701647	96.9292
5041	1	701648	96.9293
50e	1	701649	96.9294
5109	1	701650	96.9296
512	1	701651	96.9297
515	1	701652	96.9299
519	1	701653	96.93
52,5	1	701654	96.9301
530	1	701655	96.9303
535	1	701656	96.9304
550	1	701657	96.9306
551804629	1	701658	96.9307
556	1	701659	96.9308
560	1	701660	96.931
561	1	701661	96.9311
5611	1	701662	96.9312
5616	1	701663	96.9314
565	1	701664	96.9315
5664767	1	701665	96.9317
575	1	701666	96.9318
588	1	701667	96.9319
59,99	1	701668	96.9321
591	1	701669	96.9322
599	1	701670	96.9323
5:00	1	701671	96.9325
5:15	1	701672	96.9326
5:20	1	701673	96.9328
6,29	1	701674	96.9329
6,7	1	701675	96.933
6-8-12	1	701676	96.9332
6.14	1	701677	96.9333
6.15	1	701678	96.9335
6.20	1	701679	96.9336
6.47	1	701680	96.9337
600	1	701681	96.9339
6000	1	701682	96.934
608	1	701683	96.9341
613	1	701684	96.9343
623	1	701685	96.9344
631	1	701686	96.9346
6371	1	701687	96.9347
6654	1	701688	96.9348
679,43	1	701689	96.935
685	1	701690	96.9351
6969	1	701691	96.9352
6:15	1	701692	96.9354
6de,	1	701693	96.9355
6e?	1	701694	96.9357
7,4	1	701695	96.9358
7,50	1	701696	96.9359
7,6	1	701697	96.9361
7.0	1	701698	96.9362
7.00	1	701699	96.9364
7.3	1	701700	96.9365
7.5	1	701701	96.9366
7.50	1	701702	96.9368
7.8	1	701703	96.9369
700	1	701704	96.937
716	1	701705	96.9372
720	1	701706	96.9373
730	1	701707	96.9375
7374	1	701708	96.9376
740	1	701709	96.9377
750	1	701710	96.9379
7500	1	701711	96.938
7523	1	701712	96.9381
784,07	1	701713	96.9383
79.9	1	701714	96.9384
791	1	701715	96.9386
797.97	1	701716	96.9387
7:05	1	701717	96.9388
7:10	1	701718	96.939
7:25	1	701719	96.9391
7:40	1	701720	96.9393
7de	1	701721	96.9394
7e!	1	701722	96.9395
8)	1	701723	96.9397
8,2	1	701724	96.9398
8,8	1	701725	96.9399
8-4-1985	1	701726	96.9401
8.3	1	701727	96.9402
8.30	1	701728	96.9404
8.5	1	701729	96.9405
8090	1	701730	96.9406
80e	1	701731	96.9408
81	1	701732	96.9409
82	1	701733	96.9411
840	1	701734	96.9412
85e	1	701735	96.9413
8746	1	701736	96.9415
875	1	701737	96.9416
882835	1	701738	96.9417
8900	1	701739	96.9419
8905	1	701740	96.942
8ste	1	701741	96.9422
8ste?	1	701742	96.9423
9,89	1	701743	96.9424
9,9	1	701744	96.9426
9.0	1	701745	96.9427
9.08	1	701746	96.9428
9.30	1	701747	96.943
9.40	1	701748	96.9431
9000	1	701749	96.9433
9268190	1	701750	96.9434
9292	1	701751	96.9435
945	1	701752	96.9437
95	1	701753	96.9438
9923	1	701754	96.944
999	1	701755	96.9441
9:06	1	701756	96.9442
9:30	1	701757	96.9444
9:45	1	701758	96.9445
9:46	1	701759	96.9446
9:58	1	701760	96.9448
9e?	1	701761	96.9449
:')	1	701762	96.9451
:,(	1	701763	96.9452
:^D	1	701764	96.9453
;-P	1	701765	96.9455
;P	1	701766	96.9456
;^)	1	701767	96.9457
<COMPANY>	1	701768	96.9459
<adres>	1	701769	96.946
==	1	701770	96.9462
=>	1	701771	96.9463
=D	1	701772	96.9464
=oja	1	701773	96.9466
=verschwunden	1	701774	96.9467
>>>	1	701775	96.9469
?!?!	1	701776	96.947
??.	1	701777	96.9471
???!	1	701778	96.9473
A's	1	701779	96.9474
A-Z	1	701780	96.9475
A-building	1	701781	96.9477
A-ha	1	701782	96.9478
AA	1	701783	96.948
AA-meisjes	1	701784	96.9481
AAARRG	1	701785	96.9482
AAV	1	701786	96.9484
ABABBABAAB	1	701787	96.9485
ABMA	1	701788	96.9486
AC	1	701789	96.9488
ACB	1	701790	96.9489
ACT	1	701791	96.9491
ACW	1	701792	96.9492
AD	1	701793	96.9493
AF	1	701794	96.9495
AH-bord	1	701795	96.9496
AKKOORD	1	701796	96.9498
ALFIE	1	701797	96.9499
ALL	1	701798	96.95
ALLEEN	1	701799	96.9502
ALS	1	701800	96.9503
ALSJEBLIEFT	1	701801	96.9504
AMS	1	701802	96.9506
AN	1	701803	96.9507
AND	1	701804	96.9509
ANITA	1	701805	96.951
ANNE	1	701806	96.9511
ANWB	1	701807	96.9513
AP	1	701808	96.9514
APP	1	701809	96.9515
ASkars	1	701810	96.9517
ATWT	1	701811	96.9518
AUTO	1	701812	96.952
AZM	1	701813	96.9521
Aa	1	701814	96.9522
Aaaa	1	701815	96.9524
Aaaaaaaaaaarggh	1	701816	96.9525
Aaaaaaaaaah	1	701817	96.9527
Aaaaaaaah	1	701818	96.9528
Aaaaaargh	1	701819	96.9529
Aaaaargh	1	701820	96.9531
Aaahhh	1	701821	96.9532
Aaaj	1	701822	96.9533
Aachen	1	701823	96.9535
Aahh	1	701824	96.9536
Aai	1	701825	96.9538
Aaie	1	701826	96.9539
Aalsteneeske	1	701827	96.954
Aanbevelingsbrief	1	701828	96.9542
Aangeland	1	701829	96.9543
Aangenomen	1	701830	96.9545
Aangifte	1	701831	96.9546
Aanhanger	1	701832	96.9547
Aankomend	1	701833	96.9549
Aankondigingsborden	1	701834	96.955
Aanpassen	1	701835	96.9551
Aanpassingen	1	701836	96.9553
Aanrader	1	701837	96.9554
Aanrijding	1	701838	96.9556
Aanstaande	1	701839	96.9557
Aanvallen	1	701840	96.9558
Aanvoerder	1	701841	96.956
Aap	1	701842	96.9561
Aapke	1	701843	96.9562
Aar	1	701844	96.9564
Aardbeiijs	1	701845	96.9565
Aarde	1	701846	96.9567
Aardwortel	1	701847	96.9568
Aargh	1	701848	96.9569
Aarschot	1	701849	96.9571
Aart	1	701850	96.9572
Aartwolk	1	701851	96.9574
Abhijit	1	701852	96.9575
Abortus	1	701853	96.9576
Above	1	701854	96.9578
Abrahams	1	701855	96.9579
Abramovich	1	701856	96.958
Abseilen	1	701857	96.9582
Absurd	1	701858	96.9583
Access	1	701859	96.9585
Accessoires	1	701860	96.9586
Accidentje	1	701861	96.9587
Accounting	1	701862	96.9589
Accu	1	701863	96.959
Achjaaaa	1	701864	96.9591
Achouffe	1	701865	96.9593
Achtendertig	1	701866	96.9594
Achterin	1	701867	96.9596
Achterlijke	1	701868	96.9597
Achterlyke	1	701869	96.9598
Ack	1	701870	96.96
Acm	1	701871	96.9601
Actief-linkse	1	701872	96.9603
Action	1	701873	96.9604
Activiteit	1	701874	96.9605
Activiteiten	1	701875	96.9607
Adamse	1	701876	96.9608
Adapter	1	701877	96.9609
Addie	1	701878	96.9611
Address	1	701879	96.9612
Adelien	1	701880	96.9614
Ademen	1	701881	96.9615
Aden	1	701882	96.9616
Adi's	1	701883	96.9618
Adios	1	701884	96.9619
Adje	1	701885	96.962
Adjudant	1	701886	96.9622
Adobe	1	701887	96.9623
Adress	1	701888	96.9625
Adri	1	701889	96.9626
Advocaat	1	701890	96.9627
Aek	1	701891	96.9629
Aerh	1	701892	96.963
Aerosmith	1	701893	96.9632
Aeternum	1	701894	96.9633
Aeth	1	701895	96.9634
Afdruipen	1	701896	96.9636
Afdrukken	1	701897	96.9637
Affaire	1	701898	96.9638
Afgedrukt	1	701899	96.964
Afgetraind	1	701900	96.9641
Afgezegd	1	701901	96.9643
Afgezien	1	701902	96.9644
Afgh	1	701903	96.9645
Afhaak	1	701904	96.9647
Afhandel	1	701905	96.9648
Aflevering	1	701906	96.9649
Afrika-ritme	1	701907	96.9651
AfrikaHoe	1	701908	96.9652
Afrikaans	1	701909	96.9654
Afrikanen	1	701910	96.9655
Afscheidsfeestje	1	701911	96.9656
Afscheuring	1	701912	96.9658
Afspr	1	701913	96.9659
Afspraakplaats	1	701914	96.9661
Afstuderen	1	701915	96.9662
Aftellen	1	701916	96.9663
Afwas	1	701917	96.9665
Afwijzing	1	701918	96.9666
Agenda	1	701919	96.9667
Agility	1	701920	96.9669
Agnes	1	701921	96.967
Agnus	1	701922	96.9672
Agreed	1	701923	96.9673
Ahdat	1	701924	96.9674
Ahhhh	1	701925	96.9676
Ahoi	1	701926	96.9677
Ahoj	1	701927	96.9679
Ahzo	1	701928	96.968
Air	1	701929	96.9681
Airco	1	701930	96.9683
Airolo	1	701931	96.9684
Airotel	1	701932	96.9685
Ajacied	1	701933	96.9687
Ajax-NAC	1	701934	96.9688
Ajax-fey	1	701935	96.969
Ajuu	1	701936	96.9691
Ajuuuuuus	1	701937	96.9692
Akela	1	701938	96.9694
Aken	1	701939	96.9695
Akkooord	1	701940	96.9696
Alachterkruiper	1	701941	96.9698
Aladin	1	701942	96.9699
Alamo	1	701943	96.9701
Alarm	1	701944	96.9702
Alchemy	1	701945	96.9703
Alcoholcontrole	1	701946	96.9705
Aldi	1	701947	96.9706
Alee	1	701948	96.9708
Alegria	1	701949	96.9709
Aleja	1	701950	96.971
Alexandre	1	701951	96.9712
Alfies	1	701952	96.9713
Algebra	1	701953	96.9714
Algemene	1	701954	96.9716
Alghero	1	701955	96.9717
Alhambra	1	701956	96.9719
Alien	1	701957	96.972
Alies	1	701958	96.9721
Alijd	1	701959	96.9723
Alladin	1	701960	96.9724
Allereerst	1	701961	96.9725
Allesinds	1	701962	96.9727
Allessandro	1	701963	96.9728
Alli	1	701964	96.973
Allo	1	701965	96.9731
Alma	1	701966	96.9732
Almdudler	1	701967	96.9734
Aloha	1	701968	96.9735
Alone	1	701969	96.9737
Alonso	1	701970	96.9738
Alors	1	701971	96.9739
Alpe	1	701972	96.9741
Alpen	1	701973	96.9742
AlpheN	1	701974	96.9743
Alsjij	1	701975	96.9745
Alsk	1	701976	96.9746
Alsof	1	701977	96.9748
Alt	1	701978	96.9749
Althans	1	701979	96.975
Although	1	701980	96.9752
Alton	1	701981	96.9753
Alveringem	1	701982	96.9754
Alwina	1	701983	96.9756
Alzek	1	701984	96.9757
Alé	1	701985	96.9759
Am.	1	701986	96.976
Amaaai	1	701987	96.9761
Amaretto	1	701988	96.9763
Amazing	1	701989	96.9764
Amber	1	701990	96.9766
Ambt	1	701991	96.9767
Ameide	1	701992	96.9768
Amerikaan	1	701993	96.977
Amerikaans	1	701994	96.9771
Amol	1	701995	96.9772
Amoroso	1	701996	96.9774
Amos	1	701997	96.9775
Amper	1	701998	96.9777
Amsterdammers	1	701999	96.9778
Amuseert	1	702000	96.9779
Amusement	1	702001	96.9781
Anabolen	1	702002	96.9782
Anastasia	1	702003	96.9783
Anatomy	1	702004	96.9785
Andel	1	702005	96.9786
Anderhalf	1	702006	96.9788
Andersom	1	702007	96.9789
Andes	1	702008	96.979
Andrassy	1	702009	96.9792
Andre	1	702010	96.9793
Andrej	1	702011	96.9795
Andrewing	1	702012	96.9796
Andries	1	702013	96.9797
Angel	1	702014	96.9799
Angeliek	1	702015	96.98
Angeliques	1	702016	96.9801
Angenent	1	702017	96.9803
Angie	1	702018	96.9804
Anh	1	702019	96.9806
Animo	1	702020	96.9807
Anjers	1	702021	96.9808
Anker	1	702022	96.981
Ankygirl	1	702023	96.9811
Ann	1	702024	96.9813
Annche	1	702025	96.9814
Anneke's	1	702026	96.9815
Annes	1	702027	96.9817
Anni's	1	702028	96.9818
Anniek	1	702029	96.9819
Another	1	702030	96.9821
Anouks	1	702031	96.9822
Anr	1	702032	96.9824
Answer	1	702033	96.9825
Antals	1	702034	96.9826
Antchen	1	702035	96.9828
Antibes	1	702036	96.9829
Antillen	1	702037	96.983
Antw	1	702038	96.9832
Antwerpe	1	702039	96.9833
Antwerperke	1	702040	96.9835
Antwerpse	1	702041	96.9836
Antwoorden	1	702042	96.9837
Antónia	1	702043	96.9839
Anyhow	1	702044	96.984
Anyone	1	702045	96.9842
Anywho	1	702046	96.9843
Anélie	1	702047	96.9844
Ap	1	702048	96.9846
Apenheul	1	702049	96.9847
Apenrots	1	702050	96.9848
Aperitief	1	702051	96.985
Apft	1	702052	96.9851
Apk	1	702053	96.9853
Apocalyps	1	702054	96.9854
Apologies	1	702055	96.9855
Apologise	1	702056	96.9857
Apoorv	1	702057	96.9858
App-jacht	1	702058	96.9859
Apparament	1	702059	96.9861
Appels	1	702060	96.9862
Appieshift	1	702061	96.9864
Appletown	1	702062	96.9865
Aquino	1	702063	96.9866
Ar	1	702064	96.9868
Aramis	1	702065	96.9869
Arbeit	1	702066	96.9871
Arcelor	1	702067	96.9872
Architecture	1	702068	96.9873
Arctic	1	702069	96.9875
Arelaxt	1	702070	96.9876
ArenA	1	702071	96.9877
Arenal	1	702072	96.9879
Arent	1	702073	96.988
Arg	1	702074	96.9882
Argentinie	1	702075	96.9883
Argentinië	1	702076	96.9884
Argg	1	702077	96.9886
Ari	1	702078	96.9887
Arial	1	702079	96.9888
Armagnac	1	702080	96.989
ArnhemSports	1	702081	96.9891
Arninkhof	1	702082	96.9893
Arno's	1	702083	96.9894
Arnoud	1	702084	96.9895
Aroena	1	702085	96.9897
Aroendel	1	702086	96.9898
Arrivederci	1	702087	96.99
Arriveerde	1	702088	96.9901
Arriverderci	1	702089	96.9902
Arriving	1	702090	96.9904
Arrivé	1	702091	96.9905
Arrr	1	702092	96.9906
Art	1	702093	96.9908
Artagnan	1	702094	96.9909
Artem	1	702095	96.9911
Arthur	1	702096	96.9912
Artikel	1	702097	96.9913
Artis	1	702098	96.9915
Arwens	1	702099	96.9916
Ask	1	702100	96.9917
Askeby	1	702101	96.9919
Aspo	1	702102	96.992
Assebroekenaar	1	702103	96.9922
Assen	1	702104	96.9923
Assignment	1	702105	96.9924
Ast	1	702106	96.9926
Astrid	1	702107	96.9927
Aswins	1	702108	96.9929
Ate	1	702109	96.993
Ateam	1	702110	96.9931
Atelier	1	702111	96.9933
Athos	1	702112	96.9934
Atlanta	1	702113	96.9935
Atom	1	702114	96.9937
Attends	1	702115	96.9938
Atze	1	702116	96.994
Aub	1	702117	96.9941
Auf	1	702118	96.9942
Augustus	1	702119	96.9944
Aukoerek	1	702120	96.9945
Aurora	1	702121	96.9947
Australian	1	702122	96.9948
Australie	1	702123	96.9949
Autistisch	1	702124	96.9951
Autocorrect	1	702125	96.9952
Autocorrectie	1	702126	96.9953
Autocorrectiecode	1	702127	96.9955
Autodidact	1	702128	96.9956
Av	1	702129	96.9958
Avalon	1	702130	96.9959
Avec	1	702131	96.996
Avenhorn	1	702132	96.9962
Avenue	1	702133	96.9963
Aveve	1	702134	96.9964
Avignon	1	702135	96.9966
Avondactiviteit	1	702136	96.9967
Avondbezetting	1	702137	96.9969
Avondspits	1	702138	96.997
Avro	1	702139	96.9971
Awake	1	702140	96.9973
Awesomenousity	1	702141	96.9974
Awkward	1	702142	96.9976
Awrl	1	702143	96.9977
Awwh	1	702144	96.9978
Axe	1	702145	96.998
Ay	1	702146	96.9981
Aziaten	1	702147	96.9982
Azzuri	1	702148	96.9984
B.E.D.	1	702149	96.9985
BAKKES	1	702150	96.9987
BAM	1	702151	96.9988
BAT	1	702152	96.9989
BBB-time	1	702153	96.9991
BBT	1	702154	96.9992
BBq	1	702155	96.9993
BC	1	702156	96.9995
BD	1	702157	96.9996
BEERBUDDY	1	702158	96.9998
BENT	1	702159	96.9999
BEP	1	702160	97
BERGKAMP	1	702161	97.0002
BEST	1	702162	97.0003
BESTUUR	1	702163	97.0005
BFF	1	702164	97.0006
BI	1	702165	97.0007
BIGtime	1	702166	97.0009
BIJNA	1	702167	97.001
BILL	1	702168	97.0011
BK	1	702169	97.0013
BM	1	702170	97.0014
BMC	1	702171	97.0016
BNN	1	702172	97.0017
BO	1	702173	97.0018
BOB	1	702174	97.002
BOECKSTAETEHOF	1	702175	97.0021
BORNE	1	702176	97.0022
BOSS	1	702177	97.0024
BOSadres	1	702178	97.0025
BOY	1	702179	97.0027
BOZ	1	702180	97.0028
BROERIE	1	702181	97.0029
BROTHAA	1	702182	97.0031
BSc	1	702183	97.0032
BYOB	1	702184	97.0034
BZT-show	1	702185	97.0035
BZV	1	702186	97.0036
Baal	1	702187	97.0038
Baaldag	1	702188	97.0039
Baantje	1	702189	97.004
Baarn	1	702190	97.0042
Baars	1	702191	97.0043
Baart	1	702192	97.0045
Baaske	1	702193	97.0046
Babbelen	1	702194	97.0047
Babbeltjes	1	702195	97.0049
Baby-bekijkdag	1	702196	97.005
Babycarrier	1	702197	97.0052
Bachelor	1	702198	97.0053
Bachelorkring	1	702199	97.0054
Bachelorproef	1	702200	97.0056
Backstage	1	702201	97.0057
Badjas	1	702202	97.0058
Badje	1	702203	97.006
Badnol	1	702204	97.0061
Baesch	1	702205	97.0063
Baha	1	702206	97.0064
Bajaat	1	702207	97.0065
Bak	1	702208	97.0067
Bakje	1	702209	97.0068
Bakkerij	1	702210	97.0069
Balatonmeer	1	702211	97.0071
Baldr	1	702212	97.0072
Bali	1	702213	97.0074
Balk	1	702214	97.0075
Balkon	1	702215	97.0076
Balkondeur	1	702216	97.0078
Ball	1	702217	97.0079
Bananenschil	1	702218	97.0081
Bandipur	1	702219	97.0082
Bang	1	702220	97.0083
Bangkok	1	702221	97.0085
Bankhangen	1	702222	97.0086
Bankrupte	1	702223	97.0087
Bar	1	702224	97.0089
Barbecook	1	702225	97.009
Barbecue	1	702226	97.0092
Barberino	1	702227	97.0093
Barbra	1	702228	97.0094
Bardiensten.nl	1	702229	97.0096
Barnard	1	702230	97.0097
Barrietime	1	702231	97.0098
Bars	1	702232	97.01
Barts	1	702233	97.0101
Barça	1	702234	97.0103
Bas=na	1	702235	97.0104
Bascafe	1	702236	97.0105
Basel	1	702237	97.0107
Basically	1	702238	97.0108
Bastards	1	702239	97.011
Bastijn	1	702240	97.0111
Bat	1	702241	97.0112
Bata	1	702242	97.0114
Bates	1	702243	97.0115
Batje	1	702244	97.0116
Batt	1	702245	97.0118
Batthjany	1	702246	97.0119
Battle	1	702247	97.0121
Baudelo	1	702248	97.0122
Bauer's	1	702249	97.0123
Baukemeister	1	702250	97.0125
Baustelle	1	702251	97.0126
Bauwa	1	702252	97.0127
Bayram	1	702253	97.0129
Bb	1	702254	97.013
Bbb	1	702255	97.0132
Bbbrrrrrrrroooooeeeeemmmm	1	702256	97.0133
Bbqtje	1	702257	97.0134
Bdp	1	702258	97.0136
Beachze	1	702259	97.0137
Beantwoord	1	702260	97.0139
Beauty	1	702261	97.014
Beautyplan	1	702262	97.0141
Bebo	1	702263	97.0143
Becks	1	702264	97.0144
Bedaankt	1	702265	97.0145
Bedank	1	702266	97.0147
Bedanked	1	702267	97.0148
Bedje	1	702268	97.015
Bedoelt	1	702269	97.0151
Bedrijven	1	702270	97.0152
Bedtijd	1	702271	97.0154
Beeb	1	702272	97.0155
Beek	1	702273	97.0156
Beekerheide	1	702274	97.0158
Beeld	1	702275	97.0159
Beense	1	702276	97.0161
Beersel	1	702277	97.0162
Beertje	1	702278	97.0163
Beesd	1	702279	97.0165
Beethoven	1	702280	97.0166
Befl	1	702281	97.0168
Before	1	702282	97.0169
Beginef	1	702283	97.017
Begrafenis	1	702284	97.0172
Begrijpelijke	1	702285	97.0173
Beh	1	702286	97.0174
Behang	1	702287	97.0176
Beheerlogingegevens	1	702288	97.0177
Behhh	1	702289	97.0179
Behoorlijk	1	702290	97.018
Beiden	1	702291	97.0181
Being	1	702292	97.0183
Beire	1	702293	97.0184
Bekijk	1	702294	97.0186
Belangrijkste	1	702295	97.0187
Belbus	1	702296	97.0188
Beleid	1	702297	97.019
Belg	1	702298	97.0191
Belga	1	702299	97.0192
Belgenland	1	702300	97.0194
Belgisch	1	702301	97.0195
Bella	1	702302	97.0197
Bellavista	1	702303	97.0198
Belleghemstraat	1	702304	97.0199
Beloning	1	702305	97.0201
Beloof	1	702306	97.0202
Bels	1	702307	97.0203
Beltoon	1	702308	97.0205
Bence	1	702309	97.0206
Bendeleider	1	702310	97.0208
Beneden	1	702311	97.0209
Benff	1	702312	97.021
Benjamin	1	702313	97.0212
Bennekom	1	702314	97.0213
Benq	1	702315	97.0215
Benît	1	702316	97.0216
Beoordeling	1	702317	97.0217
Beppie	1	702318	97.0219
Ber	1	702319	97.022
Berchem	1	702320	97.0221
Berdiekie	1	702321	97.0223
Berdine	1	702322	97.0224
Bereid	1	702323	97.0226
Berekening	1	702324	97.0227
Berendonk	1	702325	97.0228
Berg	1	702326	97.023
Bergen-Op-Zoom	1	702327	97.0231
Berichtje	1	702328	97.0232
Berkel	1	702329	97.0234
Berkelse	1	702330	97.0235
Berlijnse	1	702331	97.0237
Bernabeu	1	702332	97.0238
Bernardus	1	702333	97.0239
Bernestraat	1	702334	97.0241
Beroemde	1	702335	97.0242
Beroerd	1	702336	97.0244
Bert-Jan	1	702337	97.0245
Bertens	1	702338	97.0246
Bertine's	1	702339	97.0248
Bertje	1	702340	97.0249
Bescheten	1	702341	97.025
Besef	1	702342	97.0252
Besluiten	1	702343	97.0253
Besma	1	702344	97.0255
Beso	1	702345	97.0256
Besos	1	702346	97.0257
Bespreking	1	702347	97.0259
Bestand	1	702348	97.026
Bestemming	1	702349	97.0261
Betafac	1	702350	97.0263
Betekent	1	702351	97.0264
Betere	1	702352	97.0266
Beterrrrr	1	702353	97.0267
Betrekkelijk	1	702354	97.0268
Better	1	702355	97.027
Bettie	1	702356	97.0271
Beukenlaan	1	702357	97.0273
Beursgedoe	1	702358	97.0274
Beurzen	1	702359	97.0275
Bevalling	1	702360	97.0277
Bever	1	702361	97.0278
Beverly	1	702362	97.0279
Bewaarde	1	702363	97.0281
Beweegt	1	702364	97.0282
Bewijs	1	702365	97.0284
Bewijsmateriaal	1	702366	97.0285
Beyerd	1	702367	97.0286
Bezigheden	1	702368	97.0288
Bezoekje	1	702369	97.0289
Bezoensberg	1	702370	97.029
Bffl	1	702371	97.0292
Bhimji	1	702372	97.0293
Bialetti	1	702373	97.0295
Bibberskoud	1	702374	97.0296
Bibiweekend	1	702375	97.0297
Bible	1	702376	97.0299
Bicky	1	702377	97.03
Bieber	1	702378	97.0302
Biedt	1	702379	97.0303
Biefstuk	1	702380	97.0304
Bierrrr	1	702381	97.0306
Biertjes	1	702382	97.0307
Bijenkorf	1	702383	97.0308
Bijgekomen	1	702384	97.031
Bijjjna	1	702385	97.0311
Bijkletsen	1	702386	97.0313
Bijlage	1	702387	97.0314
Bijleveldsingel	1	702388	97.0315
Bijvoorbeeld	1	702389	97.0317
Bikkeltopic	1	702390	97.0318
Bill	1	702391	97.032
Bingo	1	702392	97.0321
Biomedische	1	702393	97.0322
Bios	1	702394	97.0324
Bisou	1	702395	97.0325
Bissegem	1	702396	97.0326
BitBit	1	702397	97.0328
Bitchy	1	702398	97.0329
Bitte	1	702399	97.0331
Bizarre	1	702400	97.0332
Björk	1	702401	97.0333
Bl	1	702402	97.0335
Bla	1	702403	97.0336
Blad	1	702404	97.0337
Bladblazers	1	702405	97.0339
Blame	1	702406	97.034
Blanca	1	702407	97.0342
Blankenbergestr	1	702408	97.0343
Blanket	1	702409	97.0344
Blaren	1	702410	97.0346
Blast	1	702411	97.0347
Blauw	1	702412	97.0349
Blauwe	1	702413	97.035
Bleegh	1	702414	97.0351
Bleek	1	702415	97.0353
Bleinen	1	702416	97.0354
Bleu	1	702417	97.0355
Bliep	1	702418	97.0357
Blijker	1	702419	97.0358
Blinden	1	702420	97.036
Blink	1	702421	97.0361
Bloed	1	702422	97.0362
Bloedklonter	1	702423	97.0364
Bloem	1	702424	97.0365
Bloemenwinkeltje	1	702425	97.0366
Blokken	1	702426	97.0368
Blokker	1	702427	97.0369
Blomme	1	702428	97.0371
Blond	1	702429	97.0372
Bloos	1	702430	97.0373
Blub	1	702431	97.0375
Bluesette	1	702432	97.0376
Blur	1	702433	97.0378
Blush	1	702434	97.0379
Blyf	1	702435	97.038
Bobbel	1	702436	97.0382
Boblingen	1	702437	97.0383
Bobmeister	1	702438	97.0384
Bobrizio	1	702439	97.0386
Bock	1	702440	97.0387
Bockenreyder	1	702441	97.0389
Bockereyder	1	702442	97.039
BodyWorkout	1	702443	97.0391
Bodybalance	1	702444	97.0393
Boeh	1	702445	97.0394
Boeit	1	702446	97.0395
Boekel	1	702447	97.0397
Boekelo	1	702448	97.0398
Boekenbon	1	702449	97.04
Boekhold	1	702450	97.0401
Boekhouden	1	702451	97.0402
Boekje	1	702452	97.0404
Boem	1	702453	97.0405
BoerBV	1	702454	97.0407
Boere	1	702455	97.0408
Boerenkool	1	702456	97.0409
Bof	1	702457	97.0411
Bogaardenstraat	1	702458	97.0412
Boghout	1	702459	97.0413
Boijmans	1	702460	97.0415
Boink	1	702461	97.0416
Bojfrent	1	702462	97.0418
Bokkelul	1	702463	97.0419
Bokkenrijder	1	702464	97.042
Bologna	1	702465	97.0422
Bomma	1	702466	97.0423
Bommeke	1	702467	97.0424
Bonanzaaah	1	702468	97.0426
Bond	1	702469	97.0427
Bond-shirt	1	702470	97.0429
Bondcoatch	1	702471	97.043
Bondje	1	702472	97.0431
Bondstraat	1	702473	97.0433
Bongerd	1	702474	97.0434
Bonheiden	1	702475	97.0436
Bonn	1	702476	97.0437
Bonny	1	702477	97.0438
Bonusz	1	702478	97.044
Boo-yah	1	702479	97.0441
Boodschapjes	1	702480	97.0442
Boojah	1	702481	97.0444
Boombalfestival	1	702482	97.0445
Boontje	1	702483	97.0447
Boooeeee	1	702484	97.0448
Booooring	1	702485	97.0449
Boos	1	702486	97.0451
Boot	1	702487	97.0452
Bootleggers	1	702488	97.0454
Booyah	1	702489	97.0455
Bordboek	1	702490	97.0456
Bordeauxlaan	1	702491	97.0458
Bordje	1	702492	97.0459
Bordspel	1	702493	97.046
Bored	1	702494	97.0462
Borrelavondje	1	702495	97.0463
Borrellen	1	702496	97.0465
Borrie	1	702497	97.0466
Bos	1	702498	97.0467
Bosbeek	1	702499	97.0469
Bosbeheer	1	702500	97.047
Bosch-Tilburg	1	702501	97.0471
Bosco	1	702502	97.0473
Boslopertje	1	702503	97.0474
Bosnië	1	702504	97.0476
Bospoepers	1	702505	97.0477
Bosrijk	1	702506	97.0478
Bosstraat	1	702507	97.048
Bossuyt	1	702508	97.0481
Boston	1	702509	97.0483
Botero	1	702510	97.0484
Boulanger	1	702511	97.0485
Bourbon	1	702512	97.0487
Bourgondische	1	702513	97.0488
Bourgonje	1	702514	97.0489
Bovee	1	702515	97.0491
Bovenaan	1	702516	97.0492
Bovenste	1	702517	97.0494
Boxen	1	702518	97.0495
Boxer	1	702519	97.0496
Boyan	1	702520	97.0498
Boyz	1	702521	97.0499
Boze	1	702522	97.05
Brabanthallen	1	702523	97.0502
Brainssss	1	702524	97.0503
Brakke	1	702525	97.0505
Brananders	1	702526	97.0506
Branco	1	702527	97.0507
Brandpunt	1	702528	97.0509
Brands	1	702529	97.051
Bratislava	1	702530	97.0512
Bratsislava	1	702531	97.0513
Braun	1	702532	97.0514
Bravo	1	702533	97.0516
Break	1	702534	97.0517
Breakfast	1	702535	97.0518
Breaking	1	702536	97.052
Breaulink	1	702537	97.0521
Breda-update	1	702538	97.0523
Breeze	1	702539	97.0524
Breivik	1	702540	97.0525
Bremen	1	702541	97.0527
Brengde	1	702542	97.0528
Brera	1	702543	97.0529
Bretagne	1	702544	97.0531
Bridget	1	702545	97.0532
Brief	1	702546	97.0534
Bright's	1	702547	97.0535
Brigit	1	702548	97.0536
Bringing	1	702549	97.0538
Brit	1	702550	97.0539
Brittany	1	702551	97.0541
Bro's	1	702552	97.0542
Broebelt	1	702553	97.0543
Broeder	1	702554	97.0545
Broederfiguur	1	702555	97.0546
Broekverbranding	1	702556	97.0547
Broken	1	702557	97.0549
Brommer	1	702558	97.055
Broodtrommeltje	1	702559	97.0552
Bros	1	702560	97.0553
Brouwerybezoek	1	702561	97.0554
Brownberrie	1	702562	97.0556
Brr	1	702563	97.0557
Brrrrrr	1	702564	97.0558
Brst	1	702565	97.056
Bruce	1	702566	97.0561
Bruges	1	702567	97.0563
Brugman	1	702568	97.0564
Brugs	1	702569	97.0565
Brugstraat	1	702570	97.0567
Bruidspaar	1	702571	97.0568
Bruinswijs	1	702572	97.057
Brune	1	702573	97.0571
Brunello	1	702574	97.0572
Brusselsesteenweg	1	702575	97.0574
Bruxless	1	702576	97.0575
Bryn	1	702577	97.0576
Bryson	1	702578	97.0578
Brüno	1	702579	97.0579
Bst	1	702580	97.0581
BuYnsters	1	702581	97.0582
Bubble	1	702582	97.0583
Buck	1	702583	97.0585
Buddha	1	702584	97.0586
BudgetTV	1	702585	97.0588
Buena	1	702586	97.0589
Buenos	1	702587	97.059
Buffy	1	702588	97.0592
Buh	1	702589	97.0593
Bui	1	702590	97.0594
Buienradar	1	702591	97.0596
Building	1	702592	97.0597
Buitenhofdreef	1	702593	97.0599
Buitenlucht	1	702594	97.06
Bukkake	1	702595	97.0601
Bull	1	702596	97.0603
Bullet	1	702597	97.0604
Bulls	1	702598	97.0605
Burcht	1	702599	97.0607
Bureau	1	702600	97.0608
Burg.	1	702601	97.061
Burger	1	702602	97.0611
Burgers	1	702603	97.0612
Burgerwolfje	1	702604	97.0614
Burgtstraat	1	702605	97.0615
Burj	1	702606	97.0617
Burnt	1	702607	97.0618
Burst	1	702608	97.0619
Buschauffeur	1	702609	97.0621
Business	1	702610	97.0622
Businessclub	1	702611	97.0623
Businessmeeting	1	702612	97.0625
Busje	1	702613	97.0626
Bussen	1	702614	97.0628
Button	1	702615	97.0629
Buuren	1	702616	97.063
Buurman	1	702617	97.0632
Buurvrouw	1	702618	97.0633
Buutengewoon	1	702619	97.0634
Buwh	1	702620	97.0636
Buydens	1	702621	97.0637
Buynsters	1	702622	97.0639
Bvd	1	702623	97.064
Bwah	1	702624	97.0641
Bwahja	1	702625	97.0643
Bye	1	702626	97.0644
Byebye	1	702627	97.0646
Byron	1	702628	97.0647
C-taste	1	702629	97.0648
C.S.R	1	702630	97.065
C=X	1	702631	97.0651
CAN	1	702632	97.0652
CAT	1	702633	97.0654
CB	1	702634	97.0655
CBA	1	702635	97.0657
CC	1	702636	97.0658
CC-gegevens	1	702637	97.0659
CD's	1	702638	97.0661
CD-collectie	1	702639	97.0662
CDROMs	1	702640	97.0663
CDs	1	702641	97.0665
CHB	1	702642	97.0666
CHL	1	702643	97.0668
CK	1	702644	97.0669
CMB	1	702645	97.067
COBOL	1	702646	97.0672
CODE	1	702647	97.0673
COG	1	702648	97.0675
COOL	1	702649	97.0676
CRT	1	702650	97.0677
CVM	1	702651	97.0679
Cabaret	1	702652	97.068
Cactus	1	702653	97.0681
Cadeau	1	702654	97.0683
Cadeau-ideeën	1	702655	97.0684
Cae	1	702656	97.0686
Caesarion	1	702657	97.0687
Cairo	1	702658	97.0688
Calais	1	702659	97.069
Calypso	1	702660	97.0691
Cambio	1	702661	97.0692
Camera	1	702662	97.0694
Camione	1	702663	97.0695
Camper	1	702664	97.0697
Can't	1	702665	97.0698
Canarische	1	702666	97.0699
Cancellara	1	702667	97.0701
Cannonball	1	702668	97.0702
Capuccino	1	702669	97.0704
Caraïbische	1	702670	97.0705
Carglas	1	702671	97.0706
Cariama	1	702672	97.0708
Carien	1	702673	97.0709
Carlo	1	702674	97.071
Carnavallen	1	702675	97.0712
Caro	1	702676	97.0713
Carotte	1	702677	97.0715
Carpoolparking	1	702678	97.0716
Cartoon	1	702679	97.0717
Casa	1	702680	97.0719
Casanova	1	702681	97.072
Case	1	702682	97.0722
Casiljas	1	702683	97.0723
Casino	1	702684	97.0724
Castle	1	702685	97.0726
Catcher	1	702686	97.0727
Catherine	1	702687	97.0728
Cd's	1	702688	97.073
Ce	1	702689	97.0731
Cecil	1	702690	97.0733
Cees	1	702691	97.0734
Cell	1	702692	97.0735
Cellospeelze	1	702693	97.0737
Celluloid	1	702694	97.0738
Centerparcs	1	702695	97.0739
Centerparks	1	702696	97.0741
Centrale	1	702697	97.0742
Cerro	1	702698	97.0744
Certipost	1	702699	97.0745
Cest	1	702700	97.0746
Ceta	1	702701	97.0748
Ch	1	702702	97.0749
Chaam	1	702703	97.0751
Chalet	1	702704	97.0752
Challenge	1	702705	97.0753
Champagne	1	702706	97.0755
Champions	1	702707	97.0756
Championship	1	702708	97.0757
Chancechancechance	1	702709	97.0759
Chang	1	702710	97.076
Change	1	702711	97.0762
Changeling	1	702712	97.0763
Channel	1	702713	97.0764
Chantal	1	702714	97.0766
Chapeau	1	702715	97.0767
Chaque	1	702716	97.0768
Charlie	1	702717	97.077
Charmer	1	702718	97.0771
Chauffeur	1	702719	97.0773
Checken	1	702720	97.0774
Checkt	1	702721	97.0775
Cheff	1	702722	97.0777
Chelsea-eigenaar	1	702723	97.0778
Chemicus	1	702724	97.078
Chemistry	1	702725	97.0781
Cher	1	702726	97.0782
Cherso	1	702727	97.0784
Chetana	1	702728	97.0785
Chetanas	1	702729	97.0786
Chiascuro	1	702730	97.0788
Chiel	1	702731	97.0789
Chil	1	702732	97.0791
Chileens	1	702733	97.0792
Chillburg	1	702734	97.0793
Chillma	1	702735	97.0795
Chimay	1	702736	97.0796
Chippies	1	702737	97.0797
Chips	1	702738	97.0799
Chiro	1	702739	97.08
Chocoladebollen	1	702740	97.0802
Chocopoeder	1	702741	97.0803
Chomsky	1	702742	97.0804
Chouffeje	1	702743	97.0806
Chouffje	1	702744	97.0807
Christin	1	702745	97.0809
Christobal	1	702746	97.081
Chroma-voeding	1	702747	97.0811
Chunkie	1	702748	97.0813
Chunky	1	702749	97.0814
Chunkychunkychunky	1	702750	97.0815
Churchillweg	1	702751	97.0817
Ciaokes	1	702752	97.0818
Ciaoooo	1	702753	97.082
Cindy	1	702754	97.0821
Cio	1	702755	97.0822
Citaat	1	702756	97.0824
Cito	1	702757	97.0825
City-move	1	702758	97.0826
Civ	1	702759	97.0828
Civitas-dame	1	702760	97.0829
Claire	1	702761	97.0831
Clare	1	702762	97.0832
Claudine	1	702763	97.0833
Cleaver	1	702764	97.0835
Clermonts	1	702765	97.0836
Cliffhanger	1	702766	97.0838
Clitoris	1	702767	97.0839
Clorane	1	702768	97.084
Closure	1	702769	97.0842
Clubweekend	1	702770	97.0843
Co	1	702771	97.0844
Co.	1	702772	97.0846
CoA	1	702773	97.0847
Coffeeshop	1	702774	97.0849
Coffyn	1	702775	97.085
Cognitive	1	702776	97.0851
Cognizant	1	702777	97.0853
Cohen	1	702778	97.0854
Cohlberg	1	702779	97.0856
Coimbra	1	702780	97.0857
Colleagues	1	702781	97.0858
Collegekaart	1	702782	97.086
Collin	1	702783	97.0861
Combi	1	702784	97.0862
Comments	1	702785	97.0864
Communiceer	1	702786	97.0865
Como	1	702787	97.0867
Compleet	1	702788	97.0868
Complimenten	1	702789	97.0869
Compris	1	702790	97.0871
Concertje	1	702791	97.0872
Conference	1	702792	97.0873
Congresbureau	1	702793	97.0875
Consider	1	702794	97.0876
Constant	1	702795	97.0878
Contact	1	702796	97.0879
Contactvraag	1	702797	97.088
Container	1	702798	97.0882
Content	1	702799	97.0883
Content-paraplu	1	702800	97.0885
Contour	1	702801	97.0886
Contract	1	702802	97.0887
Cool-Best	1	702803	97.0889
Coolste	1	702804	97.089
Coop	1	702805	97.0891
Cordoba	1	702806	97.0893
Cordy	1	702807	97.0894
Corenmaet	1	702808	97.0896
Corona	1	702809	97.0897
Correctie	1	702810	97.0898
Corries	1	702811	97.09
Corsica	1	702812	97.0901
Costas	1	702813	97.0902
Couch	1	702814	97.0904
Couleur	1	702815	97.0905
Coureur	1	702816	97.0907
Court	1	702817	97.0908
Couse	1	702818	97.0909
Coz	1	702819	97.0911
Crazy	1	702820	97.0912
Creatie	1	702821	97.0914
Credits	1	702822	97.0915
Crefizomer	1	702823	97.0916
Criminaliteit	1	702824	97.0918
Crohn	1	702825	97.0919
Crooced	1	702826	97.092
Croonen	1	702827	97.0922
Cross	1	702828	97.0923
Cruciaal	1	702829	97.0925
Cruisen	1	702830	97.0926
Cruyt	1	702831	97.0927
Csengery	1	702832	97.0929
Cu	1	702833	97.093
Culinaria-kaarten	1	702834	97.0931
Culkin	1	702835	97.0933
Culture	1	702836	97.0934
Cultuurcafé	1	702837	97.0936
Cums-hot	1	702838	97.0937
Curacao	1	702839	97.0938
Cure	1	702840	97.094
Curious	1	702841	97.0941
Cursus	1	702842	97.0943
Custodix	1	702843	97.0944
Customer	1	702844	97.0945
Cva	1	702845	97.0947
Cycle	1	702846	97.0948
Cyneth	1	702847	97.0949
Cynthia	1	702848	97.0951
Cyprus	1	702849	97.0952
D'n	1	702850	97.0954
D-toets	1	702851	97.0955
DA	1	702852	97.0956
DAAR	1	702853	97.0958
DAFDAF	1	702854	97.0959
DAGPAS	1	702855	97.096
DAGPASK	1	702856	97.0962
DAMN	1	702857	97.0963
DAN	1	702858	97.0965
DBosch	1	702859	97.0966
DDL	1	702860	97.0967
DELA	1	702861	97.0969
DENNIS	1	702862	97.097
DERDE	1	702863	97.0972
DF	1	702864	97.0973
DGse	1	702865	97.0974
DICT	1	702866	97.0976
DIEJE	1	702867	97.0977
DIKKE	1	702868	97.0978
DIO	1	702869	97.098
DJ	1	702870	97.0981
DJC	1	702871	97.0983
DND	1	702872	97.0984
DOM	1	702873	97.0985
DONDERS	1	702874	97.0987
DOOR	1	702875	97.0988
DR	1	702876	97.099
DRIE	1	702877	97.0991
DRINGEND	1	702878	97.0992
DSM	1	702879	97.0994
DUBBEL	1	702880	97.0995
DZR	1	702881	97.0996
Daaaaag	1	702882	97.0998
Daalseweg	1	702883	97.0999
Daantje	1	702884	97.1001
Daarbij	1	702885	97.1002
Daarnet	1	702886	97.1003
Daarop	1	702887	97.1005
Daartussen	1	702888	97.1006
Daarvan	1	702889	97.1007
Dachten	1	702890	97.1009
Daco	1	702891	97.101
Dada	1	702892	97.1012
Dadaaa	1	702893	97.1013
Dadar	1	702894	97.1014
Daemen	1	702895	97.1016
Daeñk	1	702896	97.1017
Dafdaf	1	702897	97.1019
Daggetwit	1	702898	97.102
Daisy	1	702899	97.1021
Dajje	1	702900	97.1023
Dame	1	702901	97.1024
Dammen	1	702902	97.1025
Damned	1	702903	97.1027
Damnyouautocorrect	1	702904	97.1028
Daniela	1	702905	97.103
Daniëlle	1	702906	97.1031
Dankaxb	1	702907	97.1032
Dankjee	1	702908	97.1034
Dankjel	1	702909	97.1035
Dankoe	1	702910	97.1036
Danne	1	702911	97.1038
Dans	1	702912	97.1039
Dansvoorstelling	1	702913	97.1041
Dardennen	1	702914	97.1042
Darkroom	1	702915	97.1043
Darn	1	702916	97.1045
Daro	1	702917	97.1046
Dartagnan	1	702918	97.1048
Daswaar	1	702919	97.1049
Dattes	1	702920	97.105
Datum	1	702921	97.1052
Dauer	1	702922	97.1053
Dave	1	702923	97.1054
Davy's	1	702924	97.1056
Dawn	1	702925	97.1057
Days	1	702926	97.1059
Daywise	1	702927	97.106
Dberg	1	702928	97.1061
Dead	1	702929	97.1063
Debatteren	1	702930	97.1064
Debbie	1	702931	97.1065
Debrecen	1	702932	97.1067
Decibel	1	702933	97.1068
Declaration	1	702934	97.107
Deden	1	702935	97.1071
Deeltijds	1	702936	97.1072
Def	1	702937	97.1074
Defecte	1	702938	97.1075
Definitely	1	702939	97.1077
Deftones	1	702940	97.1078
Deike	1	702941	97.1079
Deinze	1	702942	97.1081
Deira	1	702943	97.1082
Deja	1	702944	97.1083
Dekens	1	702945	97.1085
Delfland	1	702946	97.1086
Delfts	1	702947	97.1088
Deli	1	702948	97.1089
Deliana	1	702949	97.109
Deliberaties	1	702950	97.1092
Delistraat	1	702951	97.1093
Deloitte	1	702952	97.1094
Deltares	1	702953	97.1096
Demain	1	702954	97.1097
Dembele	1	702955	97.1099
Demo	1	702956	97.11
Denemarken	1	702957	97.1101
Denkut	1	702958	97.1103
Denn	1	702959	97.1104
Denniiiiiiii	1	702960	97.1106
Denny	1	702961	97.1107
Departure	1	702962	97.1108
Depauw	1	702963	97.111
Dependance	1	702964	97.1111
Depth	1	702965	97.1112
Derde	1	702966	97.1114
Derek	1	702967	97.1115
Derjust	1	702968	97.1117
Dermatologie	1	702969	97.1118
Derwael	1	702970	97.1119
Derya	1	702971	97.1121
Designermarkt	1	702972	97.1122
Desire	1	702973	97.1124
Desk	1	702974	97.1125
Det	1	702975	97.1126
Deut	1	702976	97.1128
Deutsche	1	702977	97.1129
Deveaux	1	702978	97.113
Dga	1	702979	97.1132
DiEla	1	702980	97.1133
DiElaba	1	702981	97.1135
Diagnose	1	702982	97.1136
Dial	1	702983	97.1137
Diamant	1	702984	97.1139
Diane	1	702985	97.114
Dieje	1	702986	97.1141
Dielis	1	702987	97.1143
Diemen	1	702988	97.1144
Dienen	1	702989	97.1146
Dierentuin	1	702990	97.1147
Dies	1	702991	97.1148
Diesel	1	702992	97.115
Diest	1	702993	97.1151
Dietse	1	702994	97.1153
Diikke	1	702995	97.1154
Dijk	1	702996	97.1155
Dikken	1	702997	97.1157
Dikkenberg	1	702998	97.1158
Dikkkkkkkkkkee	1	702999	97.1159
Diksmuide	1	703000	97.1161
Dikzak	1	703001	97.1162
Dilbeek	1	703002	97.1164
Dili	1	703003	97.1165
Dim	1	703004	97.1166
Ding	1	703005	97.1168
Dinges	1	703006	97.1169
Dingetjes	1	703007	97.117
Dingoes	1	703008	97.1172
Dio	1	703009	97.1173
Dire	1	703010	97.1175
Direction	1	703011	97.1176
Directions	1	703012	97.1177
Dirkje	1	703013	97.1179
Dirrrrrrk	1	703014	97.118
Dirven	1	703015	97.1182
Discipline	1	703016	97.1183
Discobowlen	1	703017	97.1184
Discussie	1	703018	97.1186
Discussievraag	1	703019	97.1187
Disney	1	703020	97.1188
Dispuutsweekend	1	703021	97.119
Ditmaal	1	703022	97.1191
Ditte	1	703023	97.1193
Ditzhuizen	1	703024	97.1194
Division-tribute	1	703025	97.1195
Diz	1	703026	97.1197
Dj	1	703027	97.1198
Djok	1	703028	97.1199
Dma	1	703029	97.1201
DnD	1	703030	97.1202
Do-avond	1	703031	97.1204
Do.	1	703032	97.1205
Do_O	1	703033	97.1206
Docentfuncties	1	703034	97.1208
Doelpunten	1	703035	97.1209
Doembeelden	1	703036	97.1211
Doetinchem	1	703037	97.1212
Dog	1	703038	97.1213
Doin	1	703039	97.1215
DokterAndus	1	703040	97.1216
Dokus	1	703041	97.1217
Dol	1	703042	97.1219
Dolgraag	1	703043	97.122
Dolletjes	1	703044	97.1222
Dolman	1	703045	97.1223
Domage	1	703046	97.1224
Domburg	1	703047	97.1226
Domela	1	703048	97.1227
Domibo	1	703049	97.1228
Dominique	1	703050	97.123
Domino	1	703051	97.1231
Dommerikken	1	703052	97.1233
Donald-glossy	1	703053	97.1234
Donar	1	703054	97.1235
Donc	1	703055	97.1237
Donderdagav	1	703056	97.1238
Donderdagochtend	1	703057	97.124
Donderdagvoormiddag	1	703058	97.1241
Dongo	1	703059	97.1242
Donique	1	703060	97.1244
Donk	1	703061	97.1245
Doooeeeiiii	1	703062	97.1246
Doorbell	1	703063	97.1248
Doorgang	1	703064	97.1249
Doorgestuurd	1	703065	97.1251
Doorheen	1	703066	97.1252
Doorjagen	1	703067	97.1253
Doorniklaan	1	703068	97.1255
Doos	1	703069	97.1256
Doosje	1	703070	97.1258
Dormicum	1	703071	97.1259
Dorst	1	703072	97.126
Dos	1	703073	97.1262
Dossier	1	703074	97.1263
Douchebag	1	703075	97.1264
Douchen	1	703076	97.1266
Doug	1	703077	97.1267
Doutzen	1	703078	97.1269
Douwe	1	703079	97.127
Dover	1	703080	97.1271
Dow	1	703081	97.1273
Down-Town	1	703082	97.1274
Downloaded	1	703083	97.1275
Draag	1	703084	97.1277
Draakje	1	703085	97.1278
Drabzak	1	703086	97.128
Drag	1	703087	97.1281
Dramatiek	1	703088	97.1282
Dramweaver	1	703089	97.1284
Drankje-doen-ze	1	703090	97.1285
Dranouter	1	703091	97.1287
Dream	1	703092	97.1288
Dreft	1	703093	97.1289
Dress	1	703094	97.1291
Dresscode	1	703095	97.1292
Dreumel	1	703096	97.1293
Drieees	1	703097	97.1295
Driel	1	703098	97.1296
Drieling	1	703099	97.1298
Driemaal	1	703100	97.1299
Driewerf	1	703101	97.13
Drijfnat	1	703102	97.1302
Dringend	1	703103	97.1303
Drinkers	1	703104	97.1304
Drinkje	1	703105	97.1306
Drinkkkuuuhh	1	703106	97.1307
Driver	1	703107	97.1309
Driving	1	703108	97.131
Droevendaalsesteeg	1	703109	97.1311
Dromen	1	703110	97.1313
Drommels	1	703111	97.1314
Droog	1	703112	97.1316
Droogstoppeltje	1	703113	97.1317
Droomse	1	703114	97.1318
Droomzacht	1	703115	97.132
Drop	1	703116	97.1321
Dropbox	1	703117	97.1322
Dropklittenband	1	703118	97.1324
Drs.	1	703119	97.1325
Drugs	1	703120	97.1327
Drukker	1	703121	97.1328
Drukkers	1	703122	97.1329
Druuuuk	1	703123	97.1331
Dry	1	703124	97.1332
Ds	1	703125	97.1333
Dtje	1	703126	97.1335
DuWo	1	703127	97.1336
Dua	1	703128	97.1338
Dufoor	1	703129	97.1339
Duik	1	703130	97.134
Duitsers	1	703131	97.1342
Duizendmaal	1	703132	97.1343
Dukenburg	1	703133	97.1345
Dulle	1	703134	97.1346
Dumas	1	703135	97.1347
Dungeon	1	703136	97.1349
Dunja	1	703137	97.135
Dunne	1	703138	97.1351
Duren	1	703139	97.1353
Durf	1	703140	97.1354
Durum	1	703141	97.1356
Dusja	1	703142	97.1357
Dusse	1	703143	97.1358
Dusseh	1	703144	97.136
Dutchman	1	703145	97.1361
Duvel	1	703146	97.1362
Dvd	1	703147	97.1364
Dvzlvzxgf	1	703148	97.1365
Dwaas	1	703149	97.1367
Dwarslaesie	1	703150	97.1368
Dx	1	703151	97.1369
Dymoo	1	703152	97.1371
Dz	1	703153	97.1372
Dàt	1	703154	97.1374
Dát	1	703155	97.1375
Dè	1	703156	97.1376
Dénk	1	703157	97.1378
Dík	1	703158	97.1379
E-L	1	703159	97.138
E-reader	1	703160	97.1382
EA	1	703161	97.1383
ECht	1	703162	97.1385
EJ-vlucht	1	703163	97.1386
ENJOY	1	703164	97.1387
ENORM	1	703165	97.1389
EP	1	703166	97.139
ETR	1	703167	97.1392
EURO	1	703168	97.1393
EUhof	1	703169	97.1394
EVER	1	703170	97.1396
EXCEL	1	703171	97.1397
Eagle	1	703172	97.1398
Earth	1	703173	97.14
Easyfield	1	703174	97.1401
Ebbe	1	703175	97.1403
Ebben	1	703176	97.1404
Ebde	1	703177	97.1405
Eberhard(t)	1	703178	97.1407
Ebk	1	703179	97.1408
Ebt	1	703180	97.1409
Echte	1	703181	97.1411
Eclipse	1	703182	97.1412
Edde	1	703183	97.1414
Eddet	1	703184	97.1415
Eddie	1	703185	97.1416
Edgar	1	703186	97.1418
Edisonlaan	1	703187	97.1419
Edit	1	703188	97.1421
Education	1	703189	97.1422
Educational	1	703190	97.1423
Eeeeeecht	1	703191	97.1425
Eefie	1	703192	97.1426
Eei	1	703193	97.1427
Eelde	1	703194	97.1429
Eennamooiste	1	703195	97.143
Eensch	1	703196	97.1432
Eensgezindheid	1	703197	97.1433
Eenzame	1	703198	97.1434
Eergisteren	1	703199	97.1436
Eerlijkheid	1	703200	97.1437
Eersie	1	703201	97.1438
Eerstejaarscommissie	1	703202	97.144
Eeteuh	1	703203	97.1441
Eetkaffee	1	703204	97.1443
Eeuwig	1	703205	97.1444
Eey	1	703206	97.1445
Effe	1	703207	97.1447
Eftelingbus	1	703208	97.1448
Eftelinghotel	1	703209	97.145
Egberts	1	703210	97.1451
Egyptian	1	703211	97.1452
Ehat	1	703212	97.1454
Ehh	1	703213	97.1455
Ei	1	703214	97.1456
Eia	1	703215	97.1458
Eibrb	1	703216	97.1459
Eiffeltorentickets	1	703217	97.1461
Eigen	1	703218	97.1462
Eigentlijk	1	703219	97.1463
Eij	1	703220	97.1465
Eikel	1	703221	97.1466
Eilaaa	1	703222	97.1467
Eilanden	1	703223	97.1469
Eind	1	703224	97.147
Eindfeest	1	703225	97.1472
Eindhovûûûh	1	703226	97.1473
Eindhvn	1	703227	97.1474
Eindje	1	703228	97.1476
Eindjes	1	703229	97.1477
Eindmontage	1	703230	97.1479
Eindstand	1	703231	97.148
Einstein	1	703232	97.1481
Either	1	703233	97.1483
Eitje	1	703234	97.1484
Ekko	1	703235	97.1485
Eksterstraat	1	703236	97.1487
Elas	1	703237	97.1488
Elden	1	703238	97.149
Eliane	1	703239	97.1491
Elings	1	703240	97.1492
Ellie	1	703241	97.1494
Elliptisch	1	703242	97.1495
Ellow	1	703243	97.1496
Elsevier	1	703244	97.1498
Elsje	1	703245	97.1499
Elsloo	1	703246	97.1501
Elvano	1	703247	97.1502
Elvis	1	703248	97.1503
Elwin	1	703249	97.1505
Em	1	703250	97.1506
Email	1	703251	97.1508
Email(Other)	1	703252	97.1509
Emiel	1	703253	97.151
Emmer	1	703254	97.1512
Emoties	1	703255	97.1513
Employee	1	703256	97.1514
En.gij	1	703257	97.1516
Enben	1	703258	97.1517
Ended	1	703259	97.1519
Eneco	1	703260	97.152
Enenen	1	703261	97.1521
Enenenen	1	703262	97.1523
Energy	1	703263	97.1524
Enerverende	1	703264	97.1526
Engelmann	1	703265	97.1527
Engelstalige	1	703266	97.1528
Engelwortelstraat	1	703267	97.153
English	1	703268	97.1531
Enigszins	1	703269	97.1532
Enkelen	1	703270	97.1534
Enn	1	703271	97.1535
Enniewee	1	703272	97.1537
Ennn	1	703273	97.1538
Ennuh	1	703274	97.1539
Enorme	1	703275	97.1541
Enspijk	1	703276	97.1542
Enthusiasm	1	703277	97.1543
Entrance	1	703278	97.1545
Entry	1	703279	97.1546
Enzo	1	703280	97.1548
Eondhoven	1	703281	97.1549
Equinox	1	703282	97.155
Erasmuses	1	703283	97.1552
Erasmusplein	1	703284	97.1553
Erbarmelijke	1	703285	97.1555
Erbij	1	703286	97.1556
Erdinger	1	703287	97.1557
Erectus	1	703288	97.1559
Eredivisie	1	703289	97.156
Erembodegem	1	703290	97.1561
Erfurt	1	703291	97.1563
Erger	1	703292	97.1564
Ergerlijk	1	703293	97.1566
Ergste	1	703294	97.1567
Erik's	1	703295	97.1568
Erika	1	703296	97.157
Erin	1	703297	97.1571
Ermelo	1	703298	97.1572
Erna	1	703299	97.1574
Ernest	1	703300	97.1575
Ernstig	1	703301	97.1577
Ernstjans	1	703302	97.1578
Eros	1	703303	97.1579
Erotomanie	1	703304	97.1581
Errr	1	703305	97.1582
Errrr	1	703306	97.1584
Erst	1	703307	97.1585
Ervaar	1	703308	97.1586
Erven-Dorens	1	703309	97.1588
Erzsebet	1	703310	97.1589
Escortservice	1	703311	97.159
Espania	1	703312	97.1592
Especially	1	703313	97.1593
Espinho	1	703314	97.1595
Esplanade	1	703315	97.1596
Essen	1	703316	97.1597
Este	1	703317	97.1599
Estelle	1	703318	97.16
Esters	1	703319	97.1601
Ete	1	703320	97.1603
Etje	1	703321	97.1604
Etten-Leurse	1	703322	97.1606
Euhh	1	703323	97.1607
Euhmm	1	703324	97.1608
Euhmmmm	1	703325	97.161
Euj	1	703326	97.1611
Eurlings	1	703327	97.1613
Eurolines	1	703328	97.1614
Europetrip	1	703329	97.1615
Euroscoop	1	703330	97.1617
Eva's	1	703331	97.1618
Eve	1	703332	97.1619
Evening	1	703333	97.1621
Eventjes	1	703334	97.1622
Every	1	703335	97.1624
Evil	1	703336	97.1625
Evytje	1	703337	97.1626
Ex-collega	1	703338	97.1628
Exact	1	703339	97.1629
Excel	1	703340	97.1631
Excelsior	1	703341	97.1632
Excited	1	703342	97.1633
Excuse	1	703343	97.1635
Excuseert	1	703344	97.1636
Excuus	1	703345	97.1637
Exit	1	703346	97.1639
Expeditie	1	703347	97.164
Express	1	703348	97.1642
Extrema	1	703349	97.1643
Eys	1	703350	97.1644
F.	1	703351	97.1646
FA	1	703352	97.1647
FACEBOOKTE	1	703353	97.1648
FCC	1	703354	97.165
FDT	1	703355	97.1651
FF	1	703356	97.1653
FFW	1	703357	97.1654
FIFA-toernooitje	1	703358	97.1655
FM	1	703359	97.1657
FM-zender	1	703360	97.1658
FOGSOR	1	703361	97.166
FOL	1	703362	97.1661
FOR	1	703363	97.1662
FS-auto	1	703364	97.1664
FTW	1	703365	97.1665
FV	1	703366	97.1666
Faalbokaalpuntje	1	703367	97.1668
Faber	1	703368	97.1669
Fabory	1	703369	97.1671
Face	1	703370	97.1672
Facebook-pagina	1	703371	97.1673
Facebookberichten	1	703372	97.1675
Facebookberichtje	1	703373	97.1676
Facebookgroepen	1	703374	97.1677
Facebookupdates	1	703375	97.1679
Faithless	1	703376	97.168
Fake	1	703377	97.1682
Fakir	1	703378	97.1683
Faldera	1	703379	97.1684
Falica	1	703380	97.1686
Falkmann	1	703381	97.1687
Fall	1	703382	97.1689
Familiehulp	1	703383	97.169
Familieshizzle	1	703384	97.1691
Familieverplichtingen	1	703385	97.1693
Famkes	1	703386	97.1694
Fanclub	1	703387	97.1695
Fanny's	1	703388	97.1697
Fantastische	1	703389	97.1698
Fapfapfap	1	703390	97.17
Farah	1	703391	97.1701
Fashion	1	703392	97.1702
Fast	1	703393	97.1704
Fatboy	1	703394	97.1705
Fb	1	703395	97.1706
Fe	1	703396	97.1708
Feb	1	703397	97.1709
Fedde	1	703398	97.1711
Feeding	1	703399	97.1712
Feestdagen	1	703400	97.1713
Feesteeeuuuuh	1	703401	97.1715
Feestelijkheden	1	703402	97.1716
Feestganger	1	703403	97.1718
Feestze	1	703404	97.1719
Fefeliciteerd	1	703405	97.172
Fehervari	1	703406	97.1722
Felicitaciones	1	703407	97.1723
Felicitaties	1	703408	97.1724
Feliciteerd	1	703409	97.1726
Feliz	1	703410	97.1727
Fenomenal	1	703411	97.1729
Ferenc	1	703412	97.173
Ferguson	1	703413	97.1731
Fernando	1	703414	97.1733
Festina	1	703415	97.1734
Fff	1	703416	97.1735
Fien	1	703417	97.1737
Fiesta	1	703418	97.1738
Fietspomp	1	703419	97.174
Fietstas	1	703420	97.1741
Fietswinkel	1	703421	97.1742
Fieuw	1	703422	97.1744
Fifa	1	703423	97.1745
Fifi	1	703424	97.1747
Fifth	1	703425	97.1748
Fightz	1	703426	97.1749
Fijna	1	703427	97.1751
Fijndag	1	703428	97.1752
Fijngevoel	1	703429	97.1753
Filmavondje	1	703430	97.1755
Filmen	1	703431	97.1756
Filmert	1	703432	97.1758
Filmpke	1	703433	97.1759
Filosofie	1	703434	97.176
Fils	1	703435	97.1762
Fin	1	703436	97.1763
Fingers	1	703437	97.1765
Finkers	1	703438	97.1766
Finland	1	703439	97.1767
Finneminn	1	703440	97.1769
Firangi	1	703441	97.177
Fis	1	703442	97.1771
Fisher	1	703443	97.1773
Fit	1	703444	97.1774
Fixed	1	703445	97.1776
Fjew	1	703446	97.1777
Flac	1	703447	97.1778
Flanders	1	703448	97.178
Flapdrol	1	703449	97.1781
Flatout	1	703450	97.1782
Flauw	1	703451	97.1784
Fleminglaan	1	703452	97.1785
Fles	1	703453	97.1787
Fleuris	1	703454	97.1788
Flevoland	1	703455	97.1789
Flexa	1	703456	97.1791
Flight	1	703457	97.1792
Floegloegloe	1	703458	97.1794
Flogging	1	703459	97.1795
Floortje	1	703460	97.1796
Flow	1	703461	97.1798
Flows	1	703462	97.1799
Flubber	1	703463	97.18
Fluister	1	703464	97.1802
Fluitje	1	703465	97.1803
Flurelurelure	1	703466	97.1805
Fly	1	703467	97.1806
Focus	1	703468	97.1807
Fogas	1	703469	97.1809
Fok	1	703470	97.181
Folder	1	703471	97.1811
Fontys	1	703472	97.1813
Fonzie	1	703473	97.1814
Food	1	703474	97.1816
Fool	1	703475	97.1817
ForZe	1	703476	97.1818
ForZe-logo	1	703477	97.182
ForZe-vest	1	703478	97.1821
Formeel	1	703479	97.1823
Former	1	703480	97.1824
Formule	1	703481	97.1825
Fortis	1	703482	97.1827
Fotocursus	1	703483	97.1828
Fotograferen	1	703484	97.1829
Fourier	1	703485	97.1831
Foute	1	703486	97.1832
Foutjes	1	703487	97.1834
Fox	1	703488	97.1835
Fr	1	703489	97.1836
Francien	1	703490	97.1838
Francis	1	703491	97.1839
Francisco	1	703492	97.184
Francois	1	703493	97.1842
Frangi	1	703494	97.1843
Frankel	1	703495	97.1845
Frankfurt	1	703496	97.1846
Fransen	1	703497	97.1847
Fransje	1	703498	97.1849
Français	1	703499	97.185
Frauke	1	703500	97.1852
Fre	1	703501	97.1853
Free	1	703502	97.1854
Freya's	1	703503	97.1856
Fridays	1	703504	97.1857
Frido	1	703505	97.1858
Friese	1	703506	97.186
Frietje	1	703507	97.1861
Frietshop	1	703508	97.1863
Frim	1	703509	97.1864
Fritz	1	703510	97.1865
From	1	703511	97.1867
Frustratie	1	703512	97.1868
Frying	1	703513	97.1869
Fryslân	1	703514	97.1871
Fré	1	703515	97.1872
Fu	1	703516	97.1874
Fuckers	1	703517	97.1875
Fuckie	1	703518	97.1876
Fuerteventura	1	703519	97.1878
Fuguurlljk	1	703520	97.1879
Fuji	1	703521	97.1881
Fukushima	1	703522	97.1882
Fullham	1	703523	97.1883
Futures	1	703524	97.1885
Fuuuu	1	703525	97.1886
Fyi	1	703526	97.1887
Fyn	1	703527	97.1889
Fz	1	703528	97.189
FÄRGRIK	1	703529	97.1892
G's	1	703530	97.1893
G-Force	1	703531	97.1894
G.	1	703532	97.1896
GAB	1	703533	97.1897
GBit	1	703534	97.1899
GEEN	1	703535	97.19
GEFELICIFLAPSTAART	1	703536	97.1901
GEFELICITEEEEERD	1	703537	97.1903
GELUKKIG	1	703538	97.1904
GENIAAL	1	703539	97.1905
GENIETEN	1	703540	97.1907
GEWONNUH	1	703541	97.1908
GEWONNUUUH	1	703542	97.191
GEWOON	1	703543	97.1911
GH	1	703544	97.1912
GHz	1	703545	97.1914
GNorken	1	703546	97.1915
GOEIE	1	703547	97.1916
GOEIEMORGEN	1	703548	97.1918
GP	1	703549	97.1919
GRIEP	1	703550	97.1921
GROOT	1	703551	97.1922
GSA	1	703552	97.1923
GSR	1	703553	97.1925
GUUS	1	703554	97.1926
GV	1	703555	97.1928
GVB	1	703556	97.1929
GVV	1	703557	97.193
Ga't	1	703558	97.1932
GaGa-kaartje	1	703559	97.1933
GaaF	1	703560	97.1934
Gaaaaaap	1	703561	97.1936
Gaafseweg	1	703562	97.1937
Gaanderen	1	703563	97.1939
Gaar	1	703564	97.194
Gaast	1	703565	97.1941
Gaat-ie	1	703566	97.1943
Gabby	1	703567	97.1944
Gaddorie	1	703568	97.1945
Gadget	1	703569	97.1947
Gadver	1	703570	97.1948
Gaga	1	703571	97.195
Gaje	1	703572	97.1951
Galajurken	1	703573	97.1952
Galuwah	1	703574	97.1954
Gamellen	1	703575	97.1955
Games	1	703576	97.1957
Gan	1	703577	97.1958
Ganges	1	703578	97.1959
Gangway	1	703579	97.1961
Garagist	1	703580	97.1962
Garandeer	1	703581	97.1963
Gaslab	1	703582	97.1965
Gatwick	1	703583	97.1966
Gauloises	1	703584	97.1968
Gauw	1	703585	97.1969
Gawe	1	703586	97.197
Gbit	1	703587	97.1972
Gd	1	703588	97.1973
Geachte	1	703589	97.1974
Gearriveerd	1	703590	97.1976
Gebeurt	1	703591	97.1977
Geboekt	1	703592	97.1979
Gebouw	1	703593	97.198
Gebrekkige	1	703594	97.1981
Gecontroleerd	1	703595	97.1983
Ged	1	703596	97.1984
Gedeeld	1	703597	97.1986
Gedronken	1	703598	97.1987
Geertrui	1	703599	97.1988
Geesink	1	703600	97.199
Gefeleliciteerd	1	703601	97.1991
Gefeliciteeeerd	1	703602	97.1992
Gefelixiteerd	1	703603	97.1994
Gefixt	1	703604	97.1995
Gegroet	1	703605	97.1997
Gehad	1	703606	97.1998
Gehoord	1	703607	97.1999
Gekke	1	703608	97.2001
Gekocht	1	703609	97.2002
Gekste	1	703610	97.2003
Gelderland	1	703611	97.2005
Geldig	1	703612	97.2006
Geldigheid	1	703613	97.2008
Geldrop	1	703614	97.2009
Gelijkaardige	1	703615	97.201
Geliked	1	703616	97.2012
Gelukkigste	1	703617	97.2013
Geluksvogel	1	703618	97.2015
Gelukzak	1	703619	97.2016
Gelul	1	703620	97.2017
Gelóóf	1	703621	97.2019
Gemonteerd	1	703622	97.202
Gemser	1	703623	97.2021
Genau	1	703624	97.2023
Genietze	1	703625	97.2024
Genoten	1	703626	97.2026
Gentenaar	1	703627	97.2027
Gents-website	1	703628	97.2028
Genée	1	703629	97.203
Geocache	1	703630	97.2031
Geochach	1	703631	97.2033
Geofdag	1	703632	97.2034
Geofje	1	703633	97.2035
Gepikt	1	703634	97.2037
Gepland	1	703635	97.2038
Geraakt	1	703636	97.2039
Geraakte	1	703637	97.2041
Gerby	1	703638	97.2042
Gerd	1	703639	97.2044
Gerderen	1	703640	97.2045
Gerdien	1	703641	97.2046
Gerecht	1	703642	97.2048
Gerechtigheid	1	703643	97.2049
Gerief	1	703644	97.205
Gerke	1	703645	97.2052
Gerloczy	1	703646	97.2053
Gerookte	1	703647	97.2055
Gert-Jan	1	703648	97.2056
Gertie	1	703649	97.2057
Gerust	1	703650	97.2059
Gerwinde	1	703651	97.206
Geschrokken	1	703652	97.2062
Geselecteerd	1	703653	97.2063
Gesetteld	1	703654	97.2064
Gesigneerde	1	703655	97.2066
Geslaagde	1	703656	97.2067
Gesolliciteerd	1	703657	97.2068
Gets	1	703658	97.207
Getty	1	703659	97.2071
Getver	1	703660	97.2073
Getz	1	703661	97.2074
Geubels-tent	1	703662	97.2075
Gevoelige	1	703663	97.2077
Gewapende	1	703664	97.2078
Gewenst	1	703665	97.2079
Gewijzigd	1	703666	97.2081
Gewonnen	1	703667	97.2082
Gezellie	1	703668	97.2084
Gezondheid	1	703669	97.2085
Gezondheidsproblemen	1	703670	97.2086
Gfgg	1	703671	97.2088
Gg	1	703672	97.2089
Ggf	1	703673	97.2091
Gggg	1	703674	97.2092
Gheghe	1	703675	97.2093
Ghehe	1	703676	97.2095
Ghent	1	703677	97.2096
Ghz	1	703678	97.2097
Giant	1	703679	97.2099
Giechel	1	703680	97.21
Gif	1	703681	97.2102
Gigantische	1	703682	97.2103
Giggidy	1	703683	97.2104
Gijsbert	1	703684	97.2106
Gijzenveldstraat	1	703685	97.2107
Gilze	1	703686	97.2108
Gilze-Rijen	1	703687	97.211
Gips	1	703688	97.2111
Girls	1	703689	97.2113
Girls-themed	1	703690	97.2114
Gistere	1	703691	97.2115
Gisterenavond	1	703692	97.2117
Gisterenmiddag	1	703693	97.2118
Gistermiddag	1	703694	97.212
Gisternacht	1	703695	97.2121
Gisterochtend	1	703696	97.2122
Gistren	1	703697	97.2124
Gistrn	1	703698	97.2125
Givers	1	703699	97.2126
Glansmiddel	1	703700	97.2128
Glaucio	1	703701	97.2129
Glijden	1	703702	97.2131
Glitsch	1	703703	97.2132
Globetrotter	1	703704	97.2133
Gloeiende	1	703705	97.2135
Gluhwein	1	703706	97.2136
Glunder	1	703707	97.2137
Gm	1	703708	97.2139
Gnegne	1	703709	97.214
Gniet	1	703710	97.2142
Gnoeiemorgen	1	703711	97.2143
Goa	1	703712	97.2144
Goddamn	1	703713	97.2146
Goddamnit	1	703714	97.2147
Godsvermogen	1	703715	97.2149
Godverdoeme	1	703716	97.215
Godverdommese	1	703717	97.2151
Godzijdank	1	703718	97.2153
Goedemiddag	1	703719	97.2154
Goedereis	1	703720	97.2155
Goederen	1	703721	97.2157
Goedgekomen	1	703722	97.2158
Goedhart	1	703723	97.216
Goeeeeeeedemorgen	1	703724	97.2161
Goeiedag	1	703725	97.2162
Goeiemoddegen	1	703726	97.2164
Goeiemorige	1	703727	97.2165
Goeiesmorgens	1	703728	97.2167
Goeste	1	703729	97.2168
Goey	1	703730	97.2169
Goffertboerderij	1	703731	97.2171
Gogh	1	703732	97.2172
Gogo	1	703733	97.2173
Gokken	1	703734	97.2175
Golfsurfen	1	703735	97.2176
Gonna	1	703736	97.2178
Gontrode	1	703737	97.2179
Gooeed	1	703738	97.218
Gooikoorts	1	703739	97.2182
Gooodmornin	1	703740	97.2183
Gooooooo	1	703741	97.2184
Goor	1	703742	97.2186
Goosj	1	703743	97.2187
Goregao	1	703744	97.2189
Gorillaz	1	703745	97.219
Gossip	1	703746	97.2191
Goteborg	1	703747	97.2193
Gotta	1	703748	97.2194
Gotthard-Pass	1	703749	97.2196
Gotthard-Tunnel	1	703750	97.2197
Gourmet	1	703751	97.2198
Gouwdag	1	703752	97.22
Gouwdienst	1	703753	97.2201
Gouwfeest	1	703754	97.2202
Govers	1	703755	97.2204
Gozer	1	703756	97.2205
Graaaag	1	703757	97.2207
Graafschap	1	703758	97.2208
Graafseweg	1	703759	97.2209
Graanbeurs	1	703760	97.2211
Graduation	1	703761	97.2212
Grapjes	1	703762	97.2213
Grasmaaien	1	703763	97.2215
Grasmaaiertechnoloog	1	703764	97.2216
Grazie	1	703765	97.2218
Great	1	703766	97.2219
Gred	1	703767	97.222
Green	1	703768	97.2222
Greenies	1	703769	97.2223
Greet	1	703770	97.2225
Grenada	1	703771	97.2226
Grenouille	1	703772	97.2227
Grens	1	703773	97.2229
Grey's	1	703774	97.223
Grieken	1	703775	97.2231
Griekse	1	703776	97.2233
Grieperig	1	703777	97.2234
Grijs	1	703778	97.2236
Grillplaat	1	703779	97.2237
Grin	1	703780	97.2238
Grmpf	1	703781	97.224
Groene	1	703782	97.2241
Groente	1	703783	97.2242
Groenten	1	703784	97.2244
Groentesoep	1	703785	97.2245
Groessen	1	703786	97.2247
Groet'n	1	703787	97.2248
Groetee	1	703788	97.2249
Groetenn	1	703789	97.2251
Groetes	1	703790	97.2252
Groetjed	1	703791	97.2254
Grof	1	703792	97.2255
Grolsch-tent	1	703793	97.2256
Groninger	1	703794	97.2258
Grootfeest	1	703795	97.2259
Grootste	1	703796	97.226
Grotelaan	1	703797	97.2262
Grotjes	1	703798	97.2263
Groundhog	1	703799	97.2265
Grrmbl	1	703800	97.2266
Grtn	1	703801	97.2267
Grutekes	1	703802	97.2269
Gruwelijk	1	703803	97.227
Gruwelijke	1	703804	97.2271
Grz	1	703805	97.2273
Gsmtest	1	703806	97.2274
Gstrn	1	703807	97.2276
Guarda	1	703808	97.2277
Gui	1	703809	97.2278
Gulden	1	703810	97.228
Gullie	1	703811	97.2281
Gus	1	703812	97.2283
Gussit	1	703813	97.2284
Gutenberg	1	703814	97.2285
Guur	1	703815	97.2287
Guurtje	1	703816	97.2288
Guuuuuuus	1	703817	97.2289
Guy	1	703818	97.2291
Gwen	1	703819	97.2292
Gynaecoloog	1	703820	97.2294
Gzh-economie	1	703821	97.2295
Gérard	1	703822	97.2296
Göschenen	1	703823	97.2298
Güterfahrzeuge	1	703824	97.2299
H-O-E-R-A	1	703825	97.2301
HA	1	703826	97.2302
HAAT	1	703827	97.2303
HALLO	1	703828	97.2305
HALT	1	703829	97.2306
HAPPY	1	703830	97.2307
HARD	1	703831	97.2309
HATELIJK	1	703832	97.231
HAVO	1	703833	97.2312
HDMI	1	703834	97.2313
HDX	1	703835	97.2314
HEB	1	703836	97.2316
HEBBEN	1	703837	97.2317
HEE	1	703838	97.2318
HEERLYK	1	703839	97.232
HELAAS	1	703840	97.2321
HELP	1	703841	97.2323
HETE	1	703842	97.2324
HEb	1	703843	97.2325
HGL	1	703844	97.2327
HIMYM	1	703845	97.2328
HJ's	1	703846	97.233
HMH	1	703847	97.2331
HOLLAND	1	703848	97.2332
HONGER	1	703849	97.2334
HOOFDLETTERS	1	703850	97.2335
HOOP	1	703851	97.2336
HP	1	703852	97.2338
HRO	1	703853	97.2339
HTM	1	703854	97.2341
HU	1	703855	97.2342
HV	1	703856	97.2343
HW	1	703857	97.2345
Haaa	1	703858	97.2346
Haaaaaaaa	1	703859	97.2347
Haaaatchieweeemba	1	703860	97.2349
Haaai	1	703861	97.235
Haags	1	703862	97.2352
Haahn	1	703863	97.2353
Haap	1	703864	97.2354
Haarlemmerstraat	1	703865	97.2356
Haartjes	1	703866	97.2357
Haat	1	703867	97.2359
Haci	1	703868	97.236
Had-ie	1	703869	97.2361
Hada	1	703870	97.2363
Hadiepa	1	703871	97.2364
Hague	1	703872	97.2365
Hah	1	703873	97.2367
HahaXD	1	703874	97.2368
Hahaa	1	703875	97.237
Hahaaaa	1	703876	97.2371
Hahahaa	1	703877	97.2372
Hahahaaaa	1	703878	97.2374
Hahahaaaaaa	1	703879	97.2375
Hahahaaha	1	703880	97.2376
Hahahahahahaha	1	703881	97.2378
Hahahahahahahahaha	1	703882	97.2379
Hahahahahhahaha	1	703883	97.2381
Haihai	1	703884	97.2382
Haii	1	703885	97.2383
Haircut	1	703886	97.2385
Hajparsiti	1	703887	97.2386
Halfbloedbaby	1	703888	97.2388
Halfelf	1	703889	97.2389
Halloo	1	703890	97.239
Hallooo	1	703891	97.2392
Halloooooo	1	703892	97.2393
Hallow	1	703893	97.2394
Hallow's	1	703894	97.2396
Halloweenparty	1	703895	97.2397
Hals	1	703896	97.2399
Halve	1	703897	97.24
Halverson	1	703898	97.2401
Halverwege	1	703899	97.2403
Hamar	1	703900	97.2404
Hamel	1	703901	97.2405
Hamer	1	703902	97.2407
Hamerlaan	1	703903	97.2408
Hamie	1	703904	97.241
Hamme	1	703905	97.2411
Hamster	1	703906	97.2412
Hancock	1	703907	97.2414
Handcent	1	703908	97.2415
Handelsbeurs	1	703909	97.2417
Handen	1	703910	97.2418
Handhaven	1	703911	97.2419
Handschoen	1	703912	97.2421
Handspecialist	1	703913	97.2422
Hanja	1	703914	97.2423
Hanna	1	703915	97.2425
Hannie	1	703916	97.2426
Hans-en-Grietje-huisje	1	703917	97.2428
Hans[status]	1	703918	97.2429
Hansaplast	1	703919	97.243
Hap	1	703920	97.2432
Hapjes	1	703921	97.2433
Hardcore-feest	1	703922	97.2435
Harderwijk	1	703923	97.2436
Hardlopen	1	703924	97.2437
Hardly	1	703925	97.2439
Harelbeke	1	703926	97.244
Haren	1	703927	97.2441
Haris	1	703928	97.2443
Harold	1	703929	97.2444
Harrie	1	703930	97.2446
Harriet	1	703931	97.2447
Hartaderbreuk	1	703932	97.2448
Hartediefje	1	703933	97.245
Hartelijkdank	1	703934	97.2451
Hartenberg	1	703935	97.2452
Hartendiiiieerfje	1	703936	97.2454
Hartman	1	703937	97.2455
Hartverwarmend	1	703938	97.2457
Has	1	703939	97.2458
Hasst	1	703940	97.2459
Hatsee	1	703941	97.2461
Hatsjiekiedee	1	703942	97.2462
Hau	1	703943	97.2464
Hause	1	703944	97.2465
Hauze	1	703945	97.2466
Hazard	1	703946	97.2468
Hazes	1	703947	97.2469
Hb-gehalte	1	703948	97.247
Hbf	1	703949	97.2472
He's	1	703950	97.2473
Head's	1	703951	97.2475
Heading	1	703952	97.2476
Health	1	703953	97.2477
Heathrow	1	703954	97.2479
Hebbed	1	703955	97.248
Hebbet	1	703956	97.2481
Hebk	1	703957	97.2483
Hechtingen	1	703958	97.2484
Hector	1	703959	97.2486
Heeee	1	703960	97.2487
Heeeee	1	703961	97.2488
Heeeeeeeeeee	1	703962	97.249
Heeeeeeeeey	1	703963	97.2491
Heeeeeeeel	1	703964	97.2493
Heeeeeeel	1	703965	97.2494
Heeeeel	1	703966	97.2495
Heeeele	1	703967	97.2497
Heeel	1	703968	97.2498
Heeerlijk	1	703969	97.2499
Heele	1	703970	97.2501
Heelveel	1	703971	97.2502
Heemstedelaan	1	703972	97.2504
Heerdink	1	703973	97.2505
Heerrrlijk	1	703974	97.2506
Heerschap	1	703975	97.2508
Heeswijkstraat	1	703976	97.2509
Heeze	1	703977	97.251
Heftige	1	703978	97.2512
Hehehhe	1	703979	97.2513
Hehhoezo	1	703980	97.2515
Heihoo	1	703981	97.2516
Hein	1	703982	97.2517
Heineken	1	703983	97.2519
Heino	1	703984	97.252
Heintje	1	703985	97.2522
Heja	1	703986	97.2523
Hejj	1	703987	97.2524
Heks	1	703988	97.2526
Helaba	1	703989	97.2527
Helaesch	1	703990	97.2528
Helaholahallo	1	703991	97.253
Helden	1	703992	97.2531
Helder	1	703993	97.2533
Helena	1	703994	97.2534
Helga	1	703995	97.2535
Heli	1	703996	97.2537
Helikopter	1	703997	97.2538
Hellevoetsluis	1	703998	97.2539
Helmie	1	703999	97.2541
Hem	1	704000	97.2542
Hemel	1	704001	97.2544
Hemelvaart	1	704002	97.2545
Hempenius	1	704003	97.2546
Hendriettestraat	1	704004	97.2548
Hennie	1	704005	97.2549
Henny	1	704006	97.2551
Henri	1	704007	97.2552
Hepatitis	1	704008	97.2553
Heppie	1	704009	97.2555
Herbstmeisters	1	704010	97.2556
Heren	1	704011	97.2557
Herlinde	1	704012	97.2559
Hermen	1	704013	97.256
Herpes	1	704014	97.2562
Herstel	1	704015	97.2563
Herte	1	704016	97.2564
Hertog	1	704017	97.2566
Hesp	1	704018	97.2567
Hess	1	704019	97.2569
Hessel's	1	704020	97.257
Hete	1	704021	97.2571
Hetgeen	1	704022	97.2573
Hetzelfde	1	704023	97.2574
Heuh	1	704024	97.2575
Heur	1	704025	97.2577
Heuvelstraat	1	704026	97.2578
Heuy	1	704027	97.258
Heuz	1	704028	97.2581
Heyden	1	704029	97.2582
Heyendaal	1	704030	97.2584
Heyendaalerts	1	704031	97.2585
Heyendaalweekend	1	704032	97.2586
Heyo	1	704033	97.2588
Heze	1	704034	97.2589
Hezelstr	1	704035	97.2591
Hfml	1	704036	97.2592
Hhahaha	1	704037	97.2593
Hhcj	1	704038	97.2595
Hhhja	1	704039	97.2596
Hi-la-risch	1	704040	97.2598
Hi-stand	1	704041	97.2599
Hi.nl	1	704042	97.26
HiTiME	1	704043	97.2602
Hidde	1	704044	97.2603
Hiedis	1	704045	97.2604
Hiehieeeer	1	704046	97.2606
Hieperdepiep	1	704047	97.2607
Hiephiep	1	704048	97.2609
Hierbij	1	704049	97.261
Hierna	1	704050	97.2611
Hierwonen.nl	1	704051	97.2613
Hiet	1	704052	97.2614
Hifidelity	1	704053	97.2615
High	1	704054	97.2617
Highland	1	704055	97.2618
Highlands	1	704056	97.262
Hihihhi	1	704057	97.2621
Hijg	1	704058	97.2622
Hik	1	704059	97.2624
Hil	1	704060	97.2625
Hillary	1	704061	97.2627
Hille	1	704062	97.2628
Hillie	1	704063	97.2629
Hilllllllllaaai	1	704064	97.2631
Hilversum	1	704065	97.2632
Himmel	1	704066	97.2633
Hindu	1	704067	97.2635
Hipperdepip	1	704068	97.2636
Hippy	1	704069	97.2638
Histerisch	1	704070	97.2639
Hitler	1	704071	97.264
Hits	1	704072	97.2642
Hizus	1	704073	97.2643
Hloop	1	704074	97.2644
Hmmmpf	1	704075	97.2646
Hmmmpft	1	704076	97.2647
HoGent	1	704077	97.2649
Hobbit	1	704078	97.265
Hockeyfederatie	1	704079	97.2651
Hockeytoernooi	1	704080	97.2653
Hoegaarden	1	704081	97.2654
Hoegenaamd	1	704082	97.2656
Hoeiemorhen	1	704083	97.2657
Hoer	1	704084	97.2658
Hoer(a)	1	704085	97.266
Hoeraa	1	704086	97.2661
Hoeraaa	1	704087	97.2662
Hoerkomen	1	704088	97.2664
Hoerreeeeeuuuuuun	1	704089	97.2665
Hoesjes	1	704090	97.2667
Hoetjesdag	1	704091	97.2668
Hoeveas	1	704092	97.2669
Hoevee	1	704093	97.2671
Hoevenaars	1	704094	97.2672
Hoezee	1	704095	97.2673
Hoezut	1	704096	97.2675
Hoff	1	704097	97.2676
Hogent	1	704098	97.2678
Hoi.fi	1	704099	97.2679
Hoja	1	704100	97.268
Holaaa	1	704101	97.2682
Holding	1	704102	97.2683
Hollandia	1	704103	97.2685
Hollandse	1	704104	97.2686
Homer	1	704105	97.2687
Homo	1	704106	97.2689
Hond	1	704107	97.269
Hondenleven	1	704108	97.2691
Honderd	1	704109	97.2693
Honderden	1	704110	97.2694
Hongaars	1	704111	97.2696
Hongerrr	1	704112	97.2697
Hongkong	1	704113	97.2698
Honkbal	1	704114	97.27
Honneurs	1	704115	97.2701
Hood	1	704116	97.2703
Hoofd	1	704117	97.2704
Hoofdverdachte	1	704118	97.2705
Hoogachtend	1	704119	97.2707
Hooglede	1	704120	97.2708
Hoogstr	1	704121	97.2709
Hoogstwaarschijnlijk	1	704122	97.2711
Hoogtepunt	1	704123	97.2712
Hooii	1	704124	97.2714
Hooikoortstabletten	1	704125	97.2715
Hooooooooi	1	704126	97.2716
Hooper	1	704127	97.2718
Hoopte	1	704128	97.2719
Hoorn	1	704129	97.272
Hoornaar	1	704130	97.2722
Hoow	1	704131	97.2723
Hop	1	704132	97.2725
Hophophop	1	704133	97.2726
Hopi	1	704134	97.2727
Hoppaaaaaa	1	704135	97.2729
Horneymann	1	704136	97.273
Horoscoop	1	704137	97.2732
Hosts	1	704138	97.2733
Hot	1	704139	97.2734
Hotseflots	1	704140	97.2736
Hottie	1	704141	97.2737
Houde	1	704142	97.2738
Houdoekes	1	704143	97.274
Houzee	1	704144	97.2741
Hoving	1	704145	97.2743
How's	1	704146	97.2744
However	1	704147	97.2745
Hr	1	704148	97.2747
Hroetjes	1	704149	97.2748
Ht	1	704150	97.2749
Htc	1	704151	97.2751
Https://mailhost.vzwkompas.be/owa	1	704152	97.2752
Hu	1	704153	97.2754
Hufters	1	704154	97.2755
Huidige	1	704155	97.2756
Huijbers	1	704156	97.2758
Huijgens	1	704157	97.2759
Huijgenweg	1	704158	97.2761
Huilende	1	704159	97.2762
Huisbaas	1	704160	97.2763
Huisbar	1	704161	97.2765
Huisgenoot	1	704162	97.2766
Huisje	1	704163	97.2767
Huismoeder	1	704164	97.2769
Huize	1	704165	97.277
Human	1	704166	97.2772
Humidifier	1	704167	97.2773
Humm	1	704168	97.2774
Humphrey's	1	704169	97.2776
Hungarians	1	704170	97.2777
Hupla	1	704171	97.2778
Hurkmans	1	704172	97.278
Husnu	1	704173	97.2781
Huub	1	704174	97.2783
Huuh	1	704175	97.2784
Huur	1	704176	97.2785
Hvh	1	704177	97.2787
Hvjxkxk	1	704178	97.2788
Hvjxkxkx	1	704179	97.279
Hyves-account	1	704180	97.2791
Hyves-felicitaties	1	704181	97.2792
Hèb	1	704182	97.2794
Hèze	1	704183	97.2795
Hèèèlp	1	704184	97.2796
I.t.t.	1	704185	97.2798
I.v.m.	1	704186	97.2799
IA	1	704187	97.2801
IB-groep	1	704188	97.2802
IBK	1	704189	97.2803
ICC	1	704190	97.2805
ICT-branche	1	704191	97.2806
ICTert	1	704192	97.2807
IEDER	1	704193	97.2809
IEDEREEN	1	704194	97.281
IET	1	704195	97.2812
II+	1	704196	97.2813
IJsje	1	704197	97.2814
IJsland	1	704198	97.2816
IJssel	1	704199	97.2817
INKOM-bestuurder	1	704200	97.2819
IQ	1	704201	97.282
IRI	1	704202	97.2821
ITster	1	704203	97.2823
IZU	1	704204	97.2824
Ibuprofen	1	704205	97.2825
Ic	1	704206	97.2827
Ice	1	704207	97.2828
Id	1	704208	97.283
Ida	1	704209	97.2831
Idan	1	704210	97.2832
Idea	1	704211	97.2834
Ideaaaaal	1	704212	97.2835
Ideal	1	704213	97.2837
Ideale	1	704214	97.2838
Ideas	1	704215	97.2839
Idee	1	704216	97.2841
Idestrup	1	704217	97.2842
Idi	1	704218	97.2843
Idioten	1	704219	97.2845
Ids	1	704220	97.2846
Ieder	1	704221	97.2848
Iere	1	704222	97.2849
Ietsje	1	704223	97.285
Ieuw	1	704224	97.2852
Igen	1	704225	97.2853
Igor	1	704226	97.2854
Iiiiiih	1	704227	97.2856
Ij	1	704228	97.2857
Ijmert	1	704229	97.2859
Ijpelaar	1	704230	97.286
Ijpelaars	1	704231	97.2861
Ijsje	1	704232	97.2863
Ijsklimmen	1	704233	97.2864
Ijsland	1	704234	97.2866
Ijsmeester	1	704235	97.2867
Ikea-records	1	704236	97.2868
Ikea-site	1	704237	97.287
Ikea-skills	1	704238	97.2871
Iknie	1	704239	97.2872
Iks	1	704240	97.2874
Ils	1	704241	97.2875
Ilses	1	704242	97.2877
Ilyaantje	1	704243	97.2878
Ilyana's	1	704244	97.2879
Images	1	704245	97.2881
Imca	1	704246	97.2882
Imke	1	704247	97.2883
Immanuelkerk	1	704248	97.2885
Immer	1	704249	97.2886
InDesign	1	704250	97.2888
Inc	1	704251	97.2889
Inc.	1	704252	97.289
Inchecken	1	704253	97.2892
Incubiertje	1	704254	97.2893
Independent	1	704255	97.2895
Inderaad	1	704256	97.2896
Inderdiedelie	1	704257	97.2897
Indian	1	704258	97.2899
Indiase	1	704259	97.29
Indigesteniveau	1	704260	97.2901
Indiër	1	704261	97.2903
Indra	1	704262	97.2904
Indrinken	1	704263	97.2906
Indrukken	1	704264	97.2907
Indy	1	704265	97.2908
Ine	1	704266	97.291
Ineens	1	704267	97.2911
Inez	1	704268	97.2912
Info	1	704269	97.2914
Informed	1	704270	97.2915
Ingepakt	1	704271	97.2917
Inglorious	1	704272	97.2918
Ingrids	1	704273	97.2919
Initialen	1	704274	97.2921
Inkie	1	704275	97.2922
Inkom	1	704276	97.2924
Inleiding	1	704277	97.2925
Inleveren	1	704278	97.2926
Inne	1	704279	97.2928
Inpakken	1	704280	97.2929
Inruilen	1	704281	97.293
Inscannen	1	704282	97.2932
Inschrijvingsformulier	1	704283	97.2933
Inschryven	1	704284	97.2935
Insgelijk	1	704285	97.2936
Insgelijks	1	704286	97.2937
Inside	1	704287	97.2939
Insmeren	1	704288	97.294
Inspector	1	704289	97.2941
Instellingen	1	704290	97.2943
Instrumenten	1	704291	97.2944
Int	1	704292	97.2946
Inter	1	704293	97.2947
Intercity	1	704294	97.2948
Intercultureel	1	704295	97.295
Interessante	1	704296	97.2951
Interesseert	1	704297	97.2953
Interested	1	704298	97.2954
Intermezzo	1	704299	97.2955
Intern	1	704300	97.2957
Internations	1	704301	97.2958
Internetverbinding	1	704302	97.2959
Internetverslaving	1	704303	97.2961
Into	1	704304	97.2962
Intussen	1	704305	97.2964
Intuïting	1	704306	97.2965
Inzell	1	704307	97.2966
Ioo	1	704308	97.2968
Ipv	1	704309	97.2969
Irenetunnel	1	704310	97.2971
Iron	1	704311	97.2972
Ironman	1	704312	97.2973
IrriTand	1	704313	97.2975
Irritaal	1	704314	97.2976
Irritating	1	704315	97.2977
Is-ie	1	704316	97.2979
Isabelle	1	704317	97.298
Isda	1	704318	97.2982
Isser	1	704319	97.2983
Istanboel	1	704320	97.2984
Istie	1	704321	97.2986
Iszabella	1	704322	97.2987
Italië-cadeau-boekje	1	704323	97.2988
Italy	1	704324	97.299
Itgwo	1	704325	97.2991
Itunes	1	704326	97.2993
Ive	1	704327	97.2994
Ivoor	1	704328	97.2995
Iwan	1	704329	97.2997
Iz	1	704330	97.2998
Izabella	1	704331	97.3
J-M	1	704332	97.3001
J.A.	1	704333	97.3002
JADANKUWELJA	1	704334	97.3004
JAMMER	1	704335	97.3005
JC	1	704336	97.3006
JEEEEEEEEEEEJ	1	704337	97.3008
JJP	1	704338	97.3009
JOE	1	704339	97.3011
JOEPIEEE	1	704340	97.3012
JT	1	704341	97.3013
JUIJ	1	704342	97.3015
Ja-hah	1	704343	97.3016
JaJa	1	704344	97.3017
JaaAaaaaaah	1	704345	97.3019
Jaaaaaaa	1	704346	97.302
Jaaaaaaaaaa	1	704347	97.3022
Jaaaaaaaaaaaa	1	704348	97.3023
Jaaaaaahh	1	704349	97.3024
Jaar	1	704350	97.3026
Jaargesprek	1	704351	97.3027
Jacht	1	704352	97.3029
Jackass	1	704353	97.303
Jacket	1	704354	97.3031
Jackie	1	704355	97.3033
Jackpot	1	704356	97.3034
Jacob	1	704357	97.3035
Jacobien	1	704358	97.3037
Jacobs-Experience	1	704359	97.3038
Jacomijn	1	704360	97.304
Jadeena	1	704361	97.3041
Jag	1	704362	97.3042
Jager	1	704363	97.3044
Jaha	1	704364	97.3045
Jajong	1	704365	97.3046
Jakkie	1	704366	97.3048
Jamaan	1	704367	97.3049
Jamaar	1	704368	97.3051
Jamajaa	1	704369	97.3052
Jamie	1	704370	97.3053
Jammerlijk	1	704371	97.3055
Jammerr	1	704372	97.3056
JanTiet	1	704373	97.3058
Jannie	1	704374	97.3059
Jans	1	704375	97.306
Janske	1	704376	97.3062
Janta	1	704377	97.3063
Jantiet	1	704378	97.3064
Jantje	1	704379	97.3066
Januari	1	704380	97.3067
Japan	1	704381	97.3069
Japanese	1	704382	97.307
Japie	1	704383	97.3071
Jaqueline	1	704384	97.3073
Jaren	1	704385	97.3074
Jaszai	1	704386	97.3075
Java-ontwikkelaars	1	704387	97.3077
Jawadde	1	704388	97.3078
Jawohl	1	704389	97.308
Jawoooooorrr	1	704390	97.3081
Jazai	1	704391	97.3082
Jazeeker	1	704392	97.3084
Jazzbar	1	704393	97.3085
Jazzclub	1	704394	97.3087
Jealous	1	704395	97.3088
Jeanne	1	704396	97.3089
Jeee	1	704397	97.3091
Jeeeeeeeeeee	1	704398	97.3092
Jeeeeeeeeeeeeeeeeeeeeeej	1	704399	97.3093
Jeeeeeeeeeeeeej	1	704400	97.3095
Jeeeeeeeeeeeej	1	704401	97.3096
Jeeeeeeeeej	1	704402	97.3098
Jeeeeeeej	1	704403	97.3099
Jeeeeeej	1	704404	97.31
Jeeeeej	1	704405	97.3102
Jeeeeetje	1	704406	97.3103
Jeeeeuuujj	1	704407	97.3105
Jeffry	1	704408	97.3106
Jeh	1	704409	97.3107
Jeij	1	704410	97.3109
Jelen	1	704411	97.311
Jelger	1	704412	97.3111
Jellyfish	1	704413	97.3113
Jelmers	1	704414	97.3114
Jelte	1	704415	97.3116
Jemig	1	704416	97.3117
Jenga	1	704417	97.3118
Jeno	1	704418	97.312
Jepjep	1	704419	97.3121
Jerome	1	704420	97.3122
Jerre	1	704421	97.3124
Jessy	1	704422	97.3125
Jesus	1	704423	97.3127
Jeueueuj	1	704424	97.3128
Jeugd	1	704425	97.3129
Jeugdherberg	1	704426	97.3131
Jeukt	1	704427	97.3132
Jews	1	704428	97.3134
Jiehaaa	1	704429	97.3135
Jikke	1	704430	97.3136
Jil	1	704431	97.3138
Jin	1	704432	97.3139
Jip	1	704433	97.314
Jippeeeee	1	704434	97.3142
Jippieee	1	704435	97.3143
Jippiejajee	1	704436	97.3145
Jippiiiieeeee	1	704437	97.3146
Jiskaaa	1	704438	97.3147
Jj	1	704439	97.3149
JmhH	1	704440	97.315
Joanne	1	704441	97.3151
Joannes	1	704442	97.3153
Joaquin	1	704443	97.3154
Jochems	1	704444	97.3156
Jodelahitie	1	704445	97.3157
Joden	1	704446	97.3158
Jody	1	704447	97.316
Joehoeeeeee	1	704448	97.3161
Joepi	1	704449	97.3163
Joepieee	1	704450	97.3164
Joerie	1	704451	97.3165
Joey	1	704452	97.3167
Johan-kant	1	704453	97.3168
Johans	1	704454	97.3169
Johjij	1	704455	97.3171
Johnnie	1	704456	97.3172
Johnson	1	704457	97.3174
Johova	1	704458	97.3175
Jojanneke	1	704459	97.3176
Jojo	1	704460	97.3178
Jokai	1	704461	97.3179
Joki	1	704462	97.318
Jokioooooooo	1	704463	97.3182
Jokkmokk	1	704464	97.3183
Jolanda	1	704465	97.3185
Jolijn	1	704466	97.3186
Jolyn	1	704467	97.3187
Jones	1	704468	97.3189
Jonkerbos	1	704469	97.319
Jonsi	1	704470	97.3192
Jooooooo	1	704471	97.3193
Jooow	1	704472	97.3194
Joop	1	704473	97.3196
Joost's	1	704474	97.3197
Joost-datingshow-update	1	704475	97.3198
Joowh	1	704476	97.32
Jopla	1	704477	97.3201
Joppe	1	704478	97.3203
Joran	1	704479	97.3204
Jordi	1	704480	97.3205
Jorika	1	704481	97.3207
Jos-meister	1	704482	97.3208
Joseph	1	704483	97.3209
Josse	1	704484	97.3211
Jouwes	1	704485	97.3212
Jovi	1	704486	97.3214
Joyjoy	1	704487	97.3215
Jozias	1	704488	97.3216
Joó	1	704489	97.3218
Jr.	1	704490	97.3219
Js	1	704491	97.3221
Jtje	1	704492	97.3222
Jude	1	704493	97.3223
Juh	1	704494	97.3225
Jul	1	704495	97.3226
Juli	1	704496	97.3227
Julianadorp	1	704497	97.3229
Julie	1	704498	97.323
Julien	1	704499	97.3232
Juliet	1	704500	97.3233
Julio	1	704501	97.3234
Jumbo	1	704502	97.3236
Juppé	1	704503	97.3237
Jurist	1	704504	97.3239
Jurjen	1	704505	97.324
Jurk	1	704506	97.3241
Justin	1	704507	97.3243
Justine	1	704508	97.3244
Jut	1	704509	97.3245
Juu	1	704510	97.3247
Juul	1	704511	97.3248
Juust	1	704512	97.325
Jónsi	1	704513	97.3251
Jönköping	1	704514	97.3252
K-weg	1	704515	97.3254
KAN	1	704516	97.3255
KE	1	704517	97.3256
KEY	1	704518	97.3258
KFC	1	704519	97.3259
KINGDOM	1	704520	97.3261
KL	1	704521	97.3262
KLAAAAAAAAAR	1	704522	97.3263
KLM	1	704523	97.3265
KNMI	1	704524	97.3266
KNOL	1	704525	97.3268
KNUFFEL	1	704526	97.3269
KNVB	1	704527	97.327
KOPEN	1	704528	97.3272
KORTING	1	704529	97.3273
KPN	1	704530	97.3274
KROEGNAAM	1	704531	97.3276
KSE-klasgenote	1	704532	97.3277
KUSSEN	1	704533	97.3279
KUT	1	704534	97.328
Kaai	1	704535	97.3281
Kaarsen	1	704536	97.3283
Kaarslicht	1	704537	97.3284
Kaart	1	704538	97.3285
Kaarten	1	704539	97.3287
Kaartprijzen	1	704540	97.3288
Kaassoufle	1	704541	97.329
Kaatsheuvel-city	1	704542	97.3291
Kaatsheuvelse	1	704543	97.3292
Kabouter	1	704544	97.3294
Kado-idee	1	704545	97.3295
Kadootjes	1	704546	97.3297
Kadopapier	1	704547	97.3298
Kaisers	1	704548	97.3299
Kaka	1	704549	97.3301
Kakabroer	1	704550	97.3302
Kaketoe	1	704551	97.3303
Kakken	1	704552	97.3305
Kalkoen	1	704553	97.3306
Kalm	1	704554	97.3308
Kalyan	1	704555	97.3309
Kalyniechta	1	704556	97.331
Kamerlingh	1	704557	97.3312
Kamp	1	704558	97.3313
Kampen	1	704559	97.3314
Kamping	1	704560	97.3316
Kampioen	1	704561	97.3317
Kampioenen	1	704562	97.3319
Kampkrantje	1	704563	97.332
Kampleidster	1	704564	97.3321
Kampusch	1	704565	97.3323
Kampvuur	1	704566	97.3324
Kamra	1	704567	97.3326
Kanaarke	1	704568	97.3327
Kandimsky	1	704569	97.3328
Kank	1	704570	97.333
Kannst	1	704571	97.3331
Kantekleerstraat	1	704572	97.3332
Kantonese	1	704573	97.3334
Kantongerecht	1	704574	97.3335
Kapelweekend	1	704575	97.3337
Kapot	1	704576	97.3338
Kappelhofsweg	1	704577	97.3339
Kapper	1	704578	97.3341
Kapsalon	1	704579	97.3342
Kaptein	1	704580	97.3344
Karaoke	1	704581	97.3345
Karine	1	704582	97.3346
Karlijns	1	704583	97.3348
Karlsruhe	1	704584	97.3349
Karnsberg	1	704585	97.335
Karolien	1	704586	97.3352
Karpendonkse	1	704587	97.3353
Karretjes	1	704588	97.3355
Kars	1	704589	97.3356
Karsten	1	704590	97.3357
Karwei-stickers	1	704591	97.3359
Katalysator	1	704592	97.336
Katertje	1	704593	97.3361
Katrientje	1	704594	97.3363
Kattebak	1	704595	97.3364
Katten	1	704596	97.3366
Katz	1	704597	97.3367
Kayakken	1	704598	97.3368
Kaz	1	704599	97.337
Kbedenk	1	704600	97.3371
Kbegin	1	704601	97.3373
Kbel	1	704602	97.3374
Kbenner	1	704603	97.3375
Kbent	1	704604	97.3377
Kblijf	1	704605	97.3378
Kdurf	1	704606	97.3379
Kebab	1	704607	97.3381
Kebabzaak	1	704608	97.3382
Kedeng-kedeng	1	704609	97.3384
Kee	1	704610	97.3385
Keek	1	704611	97.3386
Keen	1	704612	97.3388
Keeper	1	704613	97.3389
Keershuys	1	704614	97.339
Keertje	1	704615	97.3392
Keerzoen	1	704616	97.3393
Keichille	1	704617	97.3395
Keigoedkoop	1	704618	97.3396
Keiknap	1	704619	97.3397
Keileuk	1	704620	97.3399
Keimoeilijk	1	704621	97.34
Keiraar	1	704622	97.3402
Keirustig	1	704623	97.3403
Keizer	1	704624	97.3404
Keizerpark	1	704625	97.3406
Kekapparaat	1	704626	97.3407
Keksupermarkten	1	704627	97.3408
Keldby	1	704628	97.341
Kelly's	1	704629	97.3411
Kelty	1	704630	97.3413
Kemelstraat	1	704631	97.3414
Kempinsky	1	704632	97.3415
Kennen	1	704633	97.3417
Kenneth	1	704634	97.3418
Kenniknienee	1	704635	97.3419
Kennis	1	704636	97.3421
Kent	1	704637	97.3422
Kenya	1	704638	97.3424
Kenzo	1	704639	97.3425
Kerkelijk	1	704640	97.3426
Kerkgangers	1	704641	97.3428
Kerkstraat	1	704642	97.3429
Kermisfm.nl	1	704643	97.3431
Kers	1	704644	97.3432
Kerstgedachte	1	704645	97.3433
Kerstgevoel	1	704646	97.3435
Kerstpakket	1	704647	97.3436
Kertesz	1	704648	97.3437
Kesteloot	1	704649	97.3439
Ket	1	704650	97.344
Keuken	1	704651	97.3442
Keukenhanddoeken	1	704652	97.3443
Keurig	1	704653	97.3444
Keven	1	704654	97.3446
Keys	1	704655	97.3447
Khaddet	1	704656	97.3448
Khebber	1	704657	97.345
Khebbet	1	704658	97.3451
Khebt	1	704659	97.3453
Kill	1	704660	97.3454
Kilo	1	704661	97.3455
Kilo's	1	704662	97.3457
Kinderen	1	704663	97.3458
Kinderlokster	1	704664	97.346
Kinders	1	704665	97.3461
Kindje	1	704666	97.3462
Kinepolis	1	704667	97.3464
King's	1	704668	97.3465
Kink	1	704669	97.3466
Kinkfm.com	1	704670	97.3468
Kinki	1	704671	97.3469
Kiosk	1	704672	97.3471
Kippenfilet	1	704673	97.3472
Kippenvel	1	704674	97.3473
Kirsten	1	704675	97.3475
Kissie	1	704676	97.3476
Kisskiss	1	704677	97.3478
Kisss	1	704678	97.3479
Kissy	1	704679	97.348
Kissykiss	1	704680	97.3482
Kit	1	704681	97.3483
Kitsch	1	704682	97.3484
Kkon	1	704683	97.3486
Kkzooi	1	704684	97.3487
Klaarmaken	1	704685	97.3489
Klaartje	1	704686	97.349
Klaassen	1	704687	97.3491
Klaer	1	704688	97.3493
Klag	1	704689	97.3494
Klant	1	704690	97.3495
Klassieker	1	704691	97.3497
Klaverstraat	1	704692	97.3498
Kleding	1	704693	97.35
Klef	1	704694	97.3501
Kleinen	1	704695	97.3502
Kleiner	1	704696	97.3504
Kletsnat	1	704697	97.3505
Kleur	1	704698	97.3507
Kleve	1	704699	97.3508
Klig	1	704700	97.3509
Kliko	1	704701	97.3511
Klimaat	1	704702	97.3512
Klimfiestjeuh	1	704703	97.3513
Klink	1	704704	97.3515
Klockan	1	704705	97.3516
Klomp	1	704706	97.3518
Klootviolen	1	704707	97.3519
Klop	1	704708	97.352
Klotemasker	1	704709	97.3522
Klucht	1	704710	97.3523
Klussen	1	704711	97.3524
Klöpping	1	704712	97.3526
Kmail	1	704713	97.3527
Kmerk	1	704714	97.3529
Kn	1	704715	97.353
Kneem	1	704716	97.3531
Knetter	1	704717	97.3533
Kneus	1	704718	97.3534
Kneusje	1	704719	97.3536
Kneuzen	1	704720	97.3537
Knolraap	1	704721	97.3538
Knorr	1	704722	97.354
KnuFFel	1	704723	97.3541
Knuffelknuffelknuffel	1	704724	97.3542
Knuffels	1	704725	97.3544
Knul	1	704726	97.3545
Knusjes	1	704727	97.3547
Knysna	1	704728	97.3548
Knölleke	1	704729	97.3549
Kobe	1	704730	97.3551
Koedie	1	704731	97.3552
Koedoe	1	704732	97.3553
Koeien	1	704733	97.3555
Koekert	1	704734	97.3556
Koelie	1	704735	97.3558
Koelkast	1	704736	97.3559
Koenyn	1	704737	97.356
Koepoortgarage	1	704738	97.3562
Koerier	1	704739	97.3563
Koets	1	704740	97.3565
Koffie+	1	704741	97.3566
Koffiebaas	1	704742	97.3567
Koffieleut	1	704743	97.3569
Koffiemachine	1	704744	97.357
Koffiestalker	1	704745	97.3571
Koffietje	1	704746	97.3573
Koggel	1	704747	97.3574
Kohl	1	704748	97.3576
Kokosthee	1	704749	97.3577
Koksijde	1	704750	97.3578
Kolaarrrr	1	704751	97.358
Koldeweetjes	1	704752	97.3581
Kom.je	1	704753	97.3582
Kome	1	704754	97.3584
Komend	1	704755	97.3585
Kommen	1	704756	97.3587
Konden	1	704757	97.3588
Kondig	1	704758	97.3589
Kone	1	704759	97.3591
Koninckje	1	704760	97.3592
Koning-Aas	1	704761	97.3594
Koninginnenach	1	704762	97.3595
Koninginnenacht	1	704763	97.3596
Konings	1	704764	97.3598
Koningsplein	1	704765	97.3599
Kook-Clinic	1	704766	97.36
Koopiklaani	1	704767	97.3602
Koopje	1	704768	97.3603
Koopte	1	704769	97.3605
Koos	1	704770	97.3606
Kopen	1	704771	97.3607
Kopenhagen	1	704772	97.3609
Kopieer	1	704773	97.361
Kopies	1	704774	97.3612
Kopjes	1	704775	97.3613
Korting	1	704776	97.3614
Kortryk	1	704777	97.3616
Korut	1	704778	97.3617
Kos	1	704779	97.3618
Koszonom	1	704780	97.362
Kousebroek	1	704781	97.3621
Kouter	1	704782	97.3623
Kowlier	1	704783	97.3624
Kr	1	704784	97.3625
Krabben	1	704785	97.3627
Krakau	1	704786	97.3628
Kramer	1	704787	97.3629
Krant	1	704788	97.3631
Krantenwinkel	1	704789	97.3632
Kreij	1	704790	97.3634
Kribbe	1	704791	97.3635
Krijgt	1	704792	97.3636
Kringwinkel	1	704793	97.3638
Krish	1	704794	97.3639
Kristel	1	704795	97.3641
Kristof	1	704796	97.3642
Kroatische	1	704797	97.3643
Kroatië	1	704798	97.3645
Kroeze	1	704799	97.3646
Krok	1	704800	97.3647
Krol	1	704801	97.3649
Krom	1	704802	97.365
Kruidvatpotje	1	704803	97.3652
Kruiningen-Yerseke	1	704804	97.3653
Krul	1	704805	97.3654
Kruukske	1	704806	97.3656
Krúdy	1	704807	97.3657
Ksanten	1	704808	97.3658
Ksnap	1	704809	97.366
Ksnappet	1	704810	97.3661
Kstop	1	704811	97.3663
Ku	1	704812	97.3664
Ku-hut	1	704813	97.3665
Kuajw	1	704814	97.3667
Kubica	1	704815	97.3668
Kudt	1	704816	97.367
Kuipers	1	704817	97.3671
Kuisvrouw	1	704818	97.3672
Kulcs	1	704819	97.3674
Kumaar	1	704820	97.3675
Kungfu	1	704821	97.3676
Kunn	1	704822	97.3678
Kunne	1	704823	97.3679
Kunstmatige	1	704824	97.3681
Kuplung	1	704825	97.3682
Kurktegels	1	704826	97.3683
Kurla	1	704827	97.3685
Kus+	1	704828	97.3686
Kusch	1	704829	97.3687
Kusjaaaaah	1	704830	97.3689
Kusjeh	1	704831	97.369
Kusjesattack	1	704832	97.3692
Kusjesp	1	704833	97.3693
Kusjjjeee	1	704834	97.3694
Kuskess	1	704835	97.3696
Kusknuf	1	704836	97.3697
Kuskuskuskus	1	704837	97.3699
Kussels	1	704838	97.37
Kussi	1	704839	97.3701
Kussiej	1	704840	97.3703
Kusssss	1	704841	97.3704
Kust	1	704842	97.3705
Kustje	1	704843	97.3707
Kuteind	1	704844	97.3708
Kutfuckingteringkermis	1	704845	97.371
Kutgsm	1	704846	97.3711
Kutiphone	1	704847	97.3712
Kutschauffeur	1	704848	97.3714
Kutspul	1	704849	97.3715
Kutstad	1	704850	97.3716
Kutvolk	1	704851	97.3718
Kutzak	1	704852	97.3719
Kutzakje	1	704853	97.3721
Kutzooi	1	704854	97.3722
Kv	1	704855	97.3723
KvL	1	704856	97.3725
Kvermoed	1	704857	97.3726
Kvoel	1	704858	97.3728
Kvraag	1	704859	97.3729
Kw	1	704860	97.373
Kwaad	1	704861	97.3732
Kwak	1	704862	97.3733
Kwamen	1	704863	97.3734
Kwantum	1	704864	97.3736
Kwarteleieren	1	704865	97.3737
Kwartfinale	1	704866	97.3739
Kway	1	704867	97.374
Kweetetni	1	704868	97.3741
Kweethet	1	704869	97.3743
Kwerd	1	704870	97.3744
Kwerk	1	704871	97.3746
Kwijt	1	704872	97.3747
Kwoot	1	704873	97.3748
Kyk	1	704874	97.375
Kzat	1	704875	97.3751
Kzegget	1	704876	97.3752
Kziet	1	704877	97.3754
Kàn	1	704878	97.3755
Ké	1	704879	97.3757
Köhl	1	704880	97.3758
Köhl's	1	704881	97.3759
Küsjes	1	704882	97.3761
LAMB-edt	1	704883	97.3762
LAN-party	1	704884	97.3763
LANG	1	704885	97.3765
LCD	1	704886	97.3766
LEDjes	1	704887	97.3768
LEERen	1	704888	97.3769
LI	1	704889	97.377
LIEKE	1	704890	97.3772
LLR	1	704891	97.3773
LMAO	1	704892	97.3775
LOLXD	1	704893	97.3776
LOOS	1	704894	97.3777
LS	1	704895	97.3779
LSA's	1	704896	97.378
LSD	1	704897	97.3781
LUDden	1	704898	97.3783
LWE	1	704899	97.3784
LaPasta	1	704900	97.3786
Laaf	1	704901	97.3787
Laak	1	704902	97.3788
Laarbeekshirts	1	704903	97.379
Laatmaar	1	704904	97.3791
Laatsten	1	704905	97.3792
Laatstgenoemde	1	704906	97.3794
Labastide	1	704907	97.3795
Labour	1	704908	97.3797
Lacanau-Océan	1	704909	97.3798
Lach	1	704910	97.3799
Lachai	1	704911	97.3801
Lacs	1	704912	97.3802
Lada	1	704913	97.3804
Laden	1	704914	97.3805
Lader	1	704915	97.3806
Ladies	1	704916	97.3808
Lading	1	704917	97.3809
Laert	1	704918	97.381
Laffe	1	704919	97.3812
Lagen	1	704920	97.3813
Lalala	1	704921	97.3815
Lalalalalalalalala	1	704922	97.3816
Lalaland	1	704923	97.3817
Lama	1	704924	97.3819
Lamlendige	1	704925	97.382
Lampje	1	704926	97.3821
Lancelot	1	704927	97.3823
Land	1	704928	97.3824
Lander	1	704929	97.3826
Landmark	1	704930	97.3827
Landseer	1	704931	97.3828
Lane	1	704932	97.383
Langdradig	1	704933	97.3831
Langer	1	704934	97.3833
Langslopende	1	704935	97.3834
Langzaam	1	704936	97.3835
Lapage	1	704937	97.3837
Lapje	1	704938	97.3838
Laplace	1	704939	97.3839
Lappen	1	704940	97.3841
Laptop	1	704941	97.3842
Lardth	1	704942	97.3844
Lariam	1	704943	97.3845
Lasagnetta	1	704944	97.3846
Lass	1	704945	97.3848
Lastige	1	704946	97.3849
Lata	1	704947	97.385
Latel	1	704948	97.3852
Laterrr	1	704949	97.3853
Laterrrr	1	704950	97.3855
Latijns	1	704951	97.3856
Latitude	1	704952	97.3857
Latule	1	704953	97.3859
Laufer	1	704954	97.386
Lauraine	1	704955	97.3862
Laurence	1	704956	97.3863
Laurens	1	704957	97.3864
Lawaai	1	704958	97.3866
Lcd	1	704959	97.3867
Ldag	1	704960	97.3868
LeMage	1	704961	97.387
Leader	1	704962	97.3871
League	1	704963	97.3873
Leclerc	1	704964	97.3874
Lector	1	704965	97.3875
Led	1	704966	97.3877
Ledig	1	704967	97.3878
Lee	1	704968	97.388
Leeg	1	704969	97.3881
Leerlingen	1	704970	97.3882
Leeuw	1	704971	97.3884
Leeuwarden	1	704972	97.3885
Left	1	704973	97.3886
Lefty	1	704974	97.3888
Legermuseum	1	704975	97.3889
Leggen	1	704976	97.3891
Lei	1	704977	97.3892
Lekka	1	704978	97.3893
Lekken	1	704979	97.3895
Lekkerding	1	704980	97.3896
Lekkerrrrrrrrrrr	1	704981	97.3897
Lekket	1	704982	97.3899
Lele	1	704983	97.39
Lelijk	1	704984	97.3902
Lelijke	1	704985	97.3903
Lelijkerd	1	704986	97.3904
Lensonline	1	704987	97.3906
Lentekriebel	1	704988	97.3907
Lenz	1	704989	97.3909
Leonidas	1	704990	97.391
Leopold	1	704991	97.3911
Lepeltje-lepeltje	1	704992	97.3913
Lesley-Ann	1	704993	97.3914
Lessen	1	704994	97.3915
Letterlijk	1	704995	97.3917
Letterlijke	1	704996	97.3918
Lettertype	1	704997	97.392
Leugenaar	1	704998	97.3921
Leugens	1	704999	97.3922
Leukemia	1	705000	97.3924
Leuker	1	705001	97.3925
Leusinkjes	1	705002	97.3926
Leussinkjes	1	705003	97.3928
Leuveria	1	705004	97.3929
Leuverinken	1	705005	97.3931
Leuverinks	1	705006	97.3932
Levende	1	705007	97.3933
Levering	1	705008	97.3935
Leveringsdatum	1	705009	97.3936
Lezen	1	705010	97.3938
Lezing	1	705011	97.3939
Li	1	705012	97.394
Liarliar	1	705013	97.3942
Libië	1	705014	97.3943
Lichaam	1	705015	97.3944
Lichtblauwe	1	705016	97.3946
Lichtelijk	1	705017	97.3947
Lichtenvoorde	1	705018	97.3949
Lid	1	705019	97.395
Lidl	1	705020	97.3951
Lidmaatschap	1	705021	97.3953
Lie	1	705022	97.3954
Lieb	1	705023	97.3955
Liederen	1	705024	97.3957
Liedje	1	705025	97.3958
Lieffff	1	705026	97.396
Lieffffje	1	705027	97.3961
Liefke	1	705028	97.3962
LiefsM	1	705029	97.3964
Liefsss	1	705030	97.3965
Liefzoen	1	705031	97.3967
Liesje	1	705032	97.3968
Liev	1	705033	97.3969
Lievemeis	1	705034	97.3971
Lieventje	1	705035	97.3972
Life	1	705036	97.3973
Liiiiiiieeeffffje	1	705037	97.3975
Lijken	1	705038	97.3976
Lijn	1	705039	97.3978
Lijsters	1	705040	97.3979
Lik	1	705041	97.398
Likewise	1	705042	97.3982
Likje	1	705043	97.3983
Lilian	1	705044	97.3984
Lillikerd	1	705045	97.3986
Lilly	1	705046	97.3987
Limbo-express	1	705047	97.3989
Limburgers	1	705048	97.399
Limburgse	1	705049	97.3991
Limmerick	1	705050	97.3993
Lineaire	1	705051	97.3994
Lineus	1	705052	97.3996
Link	1	705053	97.3997
Linked-innen	1	705054	97.3998
Linker	1	705055	97.4
Linkin	1	705056	97.4001
Linking	1	705057	97.4002
Linksboven	1	705058	97.4004
Lip	1	705059	97.4005
Lis	1	705060	97.4007
Lisa's	1	705061	97.4008
Lisanne	1	705062	97.4009
Lissabon	1	705063	97.4011
Liter	1	705064	97.4012
Liters	1	705065	97.4014
Litmanen	1	705066	97.4015
Little	1	705067	97.4016
Liverpool	1	705068	97.4018
Livia	1	705069	97.4019
Liza	1	705070	97.402
Lize	1	705071	97.4022
Ljouwert	1	705072	97.4023
Ljubljana	1	705073	97.4025
Llllekker	1	705074	97.4026
Lo	1	705075	97.4027
Loa	1	705076	97.4029
Loaf	1	705077	97.403
Loc	1	705078	97.4031
Location	1	705079	97.4033
Lochten	1	705080	97.4034
Loeke	1	705081	97.4036
Loeloe	1	705082	97.4037
Loem	1	705083	97.4038
Loft	1	705084	97.404
Logeer	1	705085	97.4041
Logjes	1	705086	97.4043
Logopedie	1	705087	97.4044
Logos	1	705088	97.4045
Lok	1	705089	97.4047
Loket	1	705090	97.4048
Loki	1	705091	97.4049
LolXD	1	705092	97.4051
Lolipop	1	705093	97.4052
Loman	1	705094	97.4054
Lomp	1	705095	97.4055
Longarts	1	705096	97.4056
Lonktvoor	1	705097	97.4058
Lonne	1	705098	97.4059
Looks	1	705099	97.406
Loon	1	705100	97.4062
Loonsverhoging	1	705101	97.4063
Loopze	1	705102	97.4065
Loosduinseweg	1	705103	97.4066
Lopend	1	705104	97.4067
Loqutus	1	705105	97.4069
Lord	1	705106	97.407
Lorenzo	1	705107	97.4072
Lormes	1	705108	97.4073
Lorsque	1	705109	97.4074
Losers	1	705110	97.4076
Lot	1	705111	97.4077
Lotje	1	705112	97.4078
Lottie	1	705113	97.408
Louisiana	1	705114	97.4081
Lovejoe	1	705115	97.4083
Loverdose	1	705116	97.4084
Lovjoe	1	705117	97.4085
Lovjoetoe	1	705118	97.4087
Lovr	1	705119	97.4088
LowLands	1	705120	97.4089
Lt	1	705121	97.4091
Luap	1	705122	97.4092
Lucca	1	705123	97.4094
Lucht	1	705124	97.4095
Luchtmatras	1	705125	97.4096
Luckily	1	705126	97.4098
Ludwig	1	705127	97.4099
Luf	1	705128	97.4101
Luiaard	1	705129	97.4102
Luiaards	1	705130	97.4103
Luigi	1	705131	97.4105
Luik	1	705132	97.4106
Luister	1	705133	97.4107
Lujza	1	705134	97.4109
Lunchpakket	1	705135	97.411
Lungo	1	705136	97.4112
Lus	1	705137	97.4113
Lusten	1	705138	97.4114
Lutte	1	705139	97.4116
Luz	1	705140	97.4117
Luzern	1	705141	97.4118
Ly	1	705142	97.412
Lyk	1	705143	97.4121
Lyn	1	705144	97.4123
Léon	1	705145	97.4124
Löwenthal	1	705146	97.4125
M-R	1	705147	97.4127
M-feest	1	705148	97.4128
M.n.	1	705149	97.413
M.v.H	1	705150	97.4131
MA	1	705151	97.4132
MAROKKAANSE	1	705152	97.4134
MAar	1	705153	97.4135
MEE	1	705154	97.4136
MEEN	1	705155	97.4138
MEGAZOT	1	705156	97.4139
MEISJE	1	705157	97.4141
MERCIII	1	705158	97.4142
MERGELGROTTEN	1	705159	97.4143
MG	1	705160	97.4145
MGMT	1	705161	97.4146
MHF	1	705162	97.4148
MMQ	1	705163	97.4149
MNM	1	705164	97.415
MOE	1	705165	97.4152
MOI	1	705166	97.4153
MQ	1	705167	97.4154
MRVEJA	1	705168	97.4156
MS	1	705169	97.4157
MSN	1	705170	97.4159
MT	1	705171	97.416
MTN	1	705172	97.4161
MUGGEN	1	705173	97.4163
Maaaaaatje	1	705174	97.4164
Maakte	1	705175	97.4165
Maalcie-praeses	1	705176	97.4167
Maalox	1	705177	97.4168
Maaltijdsalade	1	705178	97.417
Maandagmiddag	1	705179	97.4171
Maandagochtend	1	705180	97.4172
Maarrr	1	705181	97.4174
Maartens	1	705182	97.4175
Maashi	1	705183	97.4177
Maatje+	1	705184	97.4178
Macauly	1	705185	97.4179
Macbook	1	705186	97.4181
Maccen	1	705187	97.4182
Machine	1	705188	97.4183
Madagaskar	1	705189	97.4185
Madball	1	705190	97.4186
Maddie	1	705191	97.4188
Maemo	1	705192	97.4189
Maf	1	705193	97.419
Mafkees	1	705194	97.4192
Magazijnstraat	1	705195	97.4193
Maggie	1	705196	97.4194
Magica	1	705197	97.4196
Magk	1	705198	97.4197
Magneet	1	705199	97.4199
Magnus	1	705200	97.42
Mags	1	705201	97.4201
Mah	1	705202	97.4203
Mahaha	1	705203	97.4204
Mahalaxmi	1	705204	97.4206
Mailen	1	705205	97.4207
Mails	1	705206	97.4208
Main	1	705207	97.421
Mais	1	705208	97.4211
Maitland	1	705209	97.4212
Majaa	1	705210	97.4214
Make-up	1	705211	97.4215
Makker	1	705212	97.4217
Malad	1	705213	97.4218
Male	1	705214	97.4219
Malfunction	1	705215	97.4221
Malika	1	705216	97.4222
Malikha	1	705217	97.4223
Malloot	1	705218	97.4225
Mallorca	1	705219	97.4226
Mamma	1	705220	97.4228
Mammmie	1	705221	97.4229
Mamoush	1	705222	97.423
Management	1	705223	97.4232
Manager	1	705224	97.4233
Mandala	1	705225	97.4235
Mandarijn	1	705226	97.4236
Mandemakers	1	705227	97.4237
Mandiehie	1	705228	97.4239
Mandygate	1	705229	97.424
Manfred	1	705230	97.4241
Manita	1	705231	97.4243
Mankmank	1	705232	97.4244
Manmanman	1	705233	97.4246
Mann	1	705234	97.4247
Manolev	1	705235	97.4248
Manou	1	705236	97.425
Mansion	1	705237	97.4251
Maps	1	705238	97.4252
MarCo	1	705239	97.4254
Marald	1	705240	97.4255
Marcella's	1	705241	97.4257
Marco's	1	705242	97.4258
Marg	1	705243	97.4259
Maria-Hendrika	1	705244	97.4261
Marijkestraat	1	705245	97.4262
Marijn	1	705246	97.4264
Marijtje	1	705247	97.4265
Marikenloop	1	705248	97.4266
Marikje	1	705249	97.4268
Marillynn	1	705250	97.4269
Marino	1	705251	97.427
Marjo	1	705252	97.4272
Marjolein	1	705253	97.4273
Marjoleintje	1	705254	97.4275
Market	1	705255	97.4276
Marktje	1	705256	97.4277
Marleneke	1	705257	97.4279
Marluus	1	705258	97.428
Marokkaan	1	705259	97.4282
Marokkanen	1	705260	97.4283
Marokko	1	705261	97.4284
Martain	1	705262	97.4286
Martens	1	705263	97.4287
Martijnen	1	705264	97.4288
Martine	1	705265	97.429
Martinez	1	705266	97.4291
Martini	1	705267	97.4293
Marty	1	705268	97.4294
Maréchal	1	705269	97.4295
Mas	1	705270	97.4297
Masdar	1	705271	97.4298
Masereelstraat	1	705272	97.4299
Maspalomas	1	705273	97.4301
Massa	1	705274	97.4302
Massasprint	1	705275	97.4304
Massinkhal	1	705276	97.4305
Massive	1	705277	97.4306
Masteren	1	705278	97.4308
Masterplan	1	705279	97.4309
Mastiek	1	705280	97.4311
Mat	1	705281	97.4312
MateriaalMeester	1	705282	97.4313
Mathematisch	1	705283	97.4315
Matig	1	705284	97.4316
Matige	1	705285	97.4317
Matlab	1	705286	97.4319
Matras	1	705287	97.432
Matrasje	1	705288	97.4322
Matrassen	1	705289	97.4323
Matrixx	1	705290	97.4324
Matthew	1	705291	97.4326
Matthias	1	705292	97.4327
Matthieu	1	705293	97.4328
Matties	1	705294	97.433
Maud	1	705295	97.4331
Maurik	1	705296	97.4333
Maw	1	705297	97.4334
Max	1	705298	97.4335
Maxim	1	705299	97.4337
May	1	705300	97.4338
Mayor	1	705301	97.434
Maywegge	1	705302	97.4341
Mazzelaar	1	705303	97.4342
Mc	1	705304	97.4344
McD	1	705305	97.4345
McDonalds	1	705306	97.4346
McG	1	705307	97.4348
McPaul	1	705308	97.4349
McQuarrie	1	705309	97.4351
McQueen	1	705310	97.4352
McTell	1	705311	97.4353
Mcdonald's	1	705312	97.4355
Mdma	1	705313	97.4356
MeP	1	705314	97.4357
Meals	1	705315	97.4359
Mean	1	705316	97.436
Meat	1	705317	97.4362
Mechanica	1	705318	97.4363
Mechanisme	1	705319	97.4364
Medeleven	1	705320	97.4366
Medelijden	1	705321	97.4367
Media	1	705322	97.4369
Medicijnen	1	705323	97.437
Medische	1	705324	97.4371
Medisoc-medica	1	705325	97.4373
Mediterranen	1	705326	97.4374
Meemaken	1	705327	97.4375
Meerijden	1	705328	97.4377
Meerkeuze	1	705329	97.4378
Meersen	1	705330	97.438
Meest	1	705331	97.4381
Meesten	1	705332	97.4382
Meeuw	1	705333	97.4384
Mehd	1	705334	97.4385
Meid	1	705335	97.4386
Meissie	1	705336	97.4388
Mekelpark	1	705337	97.4389
Mekelparkdemo	1	705338	97.4391
Mel	1	705339	97.4392
Melchiot	1	705340	97.4393
Melig	1	705341	97.4395
Melissa	1	705342	97.4396
Melk	1	705343	97.4398
Melkert	1	705344	97.4399
Melly	1	705345	97.44
Memories	1	705346	97.4402
Men	1	705347	97.4403
Mephisto	1	705348	97.4404
Meppel	1	705349	97.4406
Mer	1	705350	97.4407
Mercii	1	705351	97.4409
Merde	1	705352	97.441
Merel	1	705353	97.4411
Merijn	1	705354	97.4413
Merknamen	1	705355	97.4414
Merkwaardig	1	705356	97.4416
Merlina	1	705357	97.4417
Merlyn	1	705358	97.4418
Mertens	1	705359	97.442
Merwijk	1	705360	97.4421
Mes	1	705361	97.4422
Message	1	705362	97.4424
Met.mij	1	705363	97.4425
Metaalorganisch	1	705364	97.4427
Metal	1	705365	97.4428
Meter	1	705366	97.4429
Meters	1	705367	97.4431
Metro's	1	705368	97.4432
Metrokaartjes	1	705369	97.4433
Meubels	1	705370	97.4435
Meuleste	1	705371	97.4436
Meulesteedsesteenweg	1	705372	97.4438
Mevr	1	705373	97.4439
Mexicaan	1	705374	97.444
Mexicaantje	1	705375	97.4442
Mgl	1	705376	97.4443
Mhhh	1	705377	97.4445
Mia	1	705378	97.4446
Miauw	1	705379	97.4447
Michaela	1	705380	97.4449
Michaël	1	705381	97.445
Microfoontoernooi	1	705382	97.4451
Middagpot	1	705383	97.4453
Middelburg	1	705384	97.4454
Middenin	1	705385	97.4456
Middle-of-the-road	1	705386	97.4457
Miek	1	705387	97.4458
Miepmiepmiep	1	705388	97.446
Miguel	1	705389	97.4461
Mijnen	1	705390	97.4462
Mik	1	705391	97.4464
Mikakatoekakasata	1	705392	97.4465
Milk	1	705393	97.4467
Milkshake	1	705394	97.4468
Milo	1	705395	97.4469
Mimosa	1	705396	97.4471
Minerva	1	705397	97.4472
Minor	1	705398	97.4474
Minsk	1	705399	97.4475
Minutenwerk	1	705400	97.4476
Miracoli	1	705401	97.4478
Mireille	1	705402	97.4479
Miro	1	705403	97.448
Misleidende	1	705404	97.4482
Mismatch	1	705405	97.4483
Misread	1	705406	97.4485
Missed	1	705407	97.4486
Misselijk	1	705408	97.4487
Missie	1	705409	97.4489
Misverstand	1	705410	97.449
Mit	1	705411	97.4491
Mits	1	705412	97.4493
Mix	1	705413	97.4494
Mixdrankje	1	705414	97.4496
Mizzi	1	705415	97.4497
Mloes	1	705416	97.4498
Mmmmmmm	1	705417	97.45
Mmmwah	1	705418	97.4501
Mms	1	705419	97.4503
Mmsjes	1	705420	97.4504
Moah	1	705421	97.4505
Moaske	1	705422	97.4507
Mobiele	1	705423	97.4508
Modelling	1	705424	97.4509
Modena	1	705425	97.4511
Modern	1	705426	97.4512
Moeat	1	705427	97.4514
Moederdag	1	705428	97.4515
Moederlijk	1	705429	97.4516
Moefie	1	705430	97.4518
Moehahahahaa	1	705431	97.4519
Moeiziek	1	705432	97.452
Moeje	1	705433	97.4522
Moes	1	705434	97.4523
Moesjiewoesjie	1	705435	97.4525
Moesten	1	705436	97.4526
Moge	1	705437	97.4527
Mogelijks	1	705438	97.4529
Mogguh	1	705439	97.453
Mohen	1	705440	97.4532
Mohgij	1	705441	97.4533
Moiii	1	705442	97.4534
Moiiii	1	705443	97.4536
Moiiiii	1	705444	97.4537
Molengracht	1	705445	97.4538
Molenstraat	1	705446	97.454
Molly	1	705447	97.4541
Moly	1	705448	97.4543
Mon	1	705449	97.4544
Mond	1	705450	97.4545
Monee	1	705451	97.4547
Money	1	705452	97.4548
Mongool	1	705453	97.455
Monic	1	705454	97.4551
Monique	1	705455	97.4552
Monique's	1	705456	97.4554
Monk	1	705457	97.4555
Monkeys	1	705458	97.4556
Monster's	1	705459	97.4558
Monstereclipse	1	705460	97.4559
Month	1	705461	97.4561
Moog	1	705462	97.4562
Mooiboy	1	705463	97.4563
Mooooi	1	705464	97.4565
Moooooi	1	705465	97.4566
Morgenstond	1	705466	97.4567
Morgwb	1	705467	97.4569
Mornin	1	705468	97.457
Morris	1	705469	97.4572
Morrissey	1	705470	97.4573
Moskee	1	705471	97.4574
Mosquito	1	705472	97.4576
Mosselaar	1	705473	97.4577
Mosselaarstraat	1	705474	97.4579
Mosselsaus	1	705475	97.458
Motivatie	1	705476	97.4581
Motivational	1	705477	97.4583
Motor	1	705478	97.4584
Motortrip	1	705479	97.4585
Motorweer	1	705480	97.4587
Mottig	1	705481	97.4588
Moulin	1	705482	97.459
Mountain	1	705483	97.4591
MountainBockereyder	1	705484	97.4592
Mountainbike	1	705485	97.4594
Moved	1	705486	97.4595
Moving	1	705487	97.4596
Mrg	1	705488	97.4598
Ms	1	705489	97.4599
Msar	1	705490	97.4601
Mt	1	705491	97.4602
Muahaha	1	705492	97.4603
Muchi	1	705493	97.4605
Mucho	1	705494	97.4606
Muchos	1	705495	97.4608
Mucos	1	705496	97.4609
Mugdokter	1	705497	97.461
Muis	1	705498	97.4612
Muisstil	1	705499	97.4613
Mumford	1	705500	97.4614
Munster	1	705501	97.4616
Munte	1	705502	97.4617
Murakami	1	705503	97.4619
Murphy's	1	705504	97.462
Murwer	1	705505	97.4621
Mushroom	1	705506	97.4623
Musica	1	705507	97.4624
Musicafe	1	705508	97.4625
Mussels	1	705509	97.4627
Muszeum	1	705510	97.4628
Mutti	1	705511	97.463
Muur	1	705512	97.4631
Muzen	1	705513	97.4632
Muzenconcert	1	705514	97.4634
Muziekronde	1	705515	97.4635
Mwaaaa	1	705516	97.4637
Mwaaaah	1	705517	97.4638
Mwaaah	1	705518	97.4639
Mwahh	1	705519	97.4641
MyZen	1	705520	97.4642
Myleneparty	1	705521	97.4643
Myne	1	705522	97.4645
Myrthe	1	705523	97.4646
Mystery	1	705524	97.4648
Mythbuster	1	705525	97.4649
Màn	1	705526	97.465
Mädchen	1	705527	97.4652
Mèt	1	705528	97.4653
Mét	1	705529	97.4654
Méén	1	705530	97.4656
Méér	1	705531	97.4657
Móet	1	705532	97.4659
N.	1	705533	97.466
NAC-NEC	1	705534	97.4661
NAC-Willem	1	705535	97.4663
NB	1	705536	97.4664
NBC	1	705537	97.4666
NDJ	1	705538	97.4667
NEC	1	705539	97.4668
NEEJ	1	705540	97.467
NET	1	705541	97.4671
NEWSFLASH	1	705542	97.4672
NH	1	705543	97.4674
NICE	1	705544	97.4675
NIEMAND	1	705545	97.4677
NIETS	1	705546	97.4678
NIGHT	1	705547	97.4679
NIJMEGEN	1	705548	97.4681
NIKS	1	705549	97.4682
NK	1	705550	97.4684
NL-ers	1	705551	97.4685
NLP	1	705552	97.4686
NLs	1	705553	97.4688
NOCNSF	1	705554	97.4689
NODIG	1	705555	97.469
NOOIT	1	705556	97.4692
NOOOOOO	1	705557	97.4693
NS-app	1	705558	97.4695
NS-site	1	705559	97.4696
NSG	1	705560	97.4697
NSV-vrienden	1	705561	97.4699
NT	1	705562	97.47
NXP-logo	1	705563	97.4701
NYC-reis	1	705564	97.4703
NYCJIT	1	705565	97.4704
NYE	1	705566	97.4706
Naah	1	705567	97.4707
Naakt	1	705568	97.4708
Nabespreking	1	705569	97.471
Nachtfeestje	1	705570	97.4711
Nachtvoorraad	1	705571	97.4713
Nadat	1	705572	97.4714
Nagar	1	705573	97.4715
Nagerecht	1	705574	97.4717
Nahar	1	705575	97.4718
Nahi	1	705576	97.4719
Nairobi	1	705577	97.4721
Naline	1	705578	97.4722
Namens	1	705579	97.4724
Namiddag	1	705580	97.4725
Nasi	1	705581	97.4726
Nasibal	1	705582	97.4728
Nat.Geo	1	705583	97.4729
Natalia	1	705584	97.473
Natalie	1	705585	97.4732
Natascha	1	705586	97.4733
Natasha-sessions	1	705587	97.4735
Natjes	1	705588	97.4736
Naturalis	1	705589	97.4737
Natuurlijke	1	705590	97.4739
Natuurlyk	1	705591	97.474
Nausica	1	705592	97.4742
Nauwelijks	1	705593	97.4743
Near	1	705594	97.4744
Ned-Cuba	1	705595	97.4746
Nederlaag	1	705596	97.4747
Nederlanden	1	705597	97.4748
Nederlandstalig	1	705598	97.475
Neee	1	705599	97.4751
Neeeeeee	1	705600	97.4753
Neeeeeeeeeeee	1	705601	97.4754
Neeeeeeeeeeeeeeeeeeeeeee	1	705602	97.4755
Neeen	1	705603	97.4757
Neej	1	705604	97.4758
Neeneen	1	705605	97.4759
Neent	1	705606	97.4761
Neerhof	1	705607	97.4762
Neeuh	1	705608	97.4764
Negentien	1	705609	97.4765
Neger	1	705610	97.4766
Negeren	1	705611	97.4768
Negerrobots	1	705612	97.4769
Neig	1	705613	97.4771
Neil	1	705614	97.4772
Nein	1	705615	97.4773
Neine	1	705616	97.4775
Nekkanacht	1	705617	97.4776
Nelke	1	705618	97.4777
Neo	1	705619	97.4779
Nepkrab	1	705620	97.478
Ner	1	705621	97.4782
Nerdpower	1	705622	97.4783
Nescafe	1	705623	97.4784
Nespressoapparaat	1	705624	97.4786
Netherlands	1	705625	97.4787
Netwer	1	705626	97.4788
Netwerk	1	705627	97.479
Netwerken	1	705628	97.4791
Network	1	705629	97.4793
Neu	1	705630	97.4794
Neude	1	705631	97.4795
Neuj	1	705632	97.4797
Neuneu	1	705633	97.4798
Nevr	1	705634	97.48
Newtonstraat	1	705635	97.4801
Nicekes	1	705636	97.4802
Niceness	1	705637	97.4804
Nicky	1	705638	97.4805
Nicolaas	1	705639	97.4806
Nicolas	1	705640	97.4808
Niehe	1	705641	97.4809
Nien	1	705642	97.4811
Nieuwenhuis	1	705643	97.4812
Nieuwsgierig	1	705644	97.4813
Nieuwtje	1	705645	97.4815
Nieuwtjes	1	705646	97.4816
Nights	1	705647	97.4818
Nijmeegs	1	705648	97.4819
Nijmegenaar	1	705649	97.482
Nijmegencity	1	705650	97.4822
Nimr	1	705651	97.4823
Nimwa	1	705652	97.4824
Nimwegen	1	705653	97.4826
Nina	1	705654	97.4827
Nineties	1	705655	97.4829
Ninovestraat	1	705656	97.483
Nissan	1	705657	97.4831
Nistelrooy	1	705658	97.4833
Nite	1	705659	97.4834
Njah	1	705660	97.4835
Njamnjamnjamnjamnjam	1	705661	97.4837
Njummie	1	705662	97.4838
Nl	1	705663	97.484
NoC-NSF	1	705664	97.4841
Nobelprijswinnaars	1	705665	97.4842
Nobody's	1	705666	97.4844
Noch	1	705667	97.4845
Noekel	1	705668	97.4847
Noem	1	705669	97.4848
Noemt	1	705670	97.4849
Nogni	1	705671	97.4851
Nokia	1	705672	97.4852
Nokia-lader	1	705673	97.4853
Nolbert	1	705674	97.4855
Nomaals	1	705675	97.4856
Non	1	705676	97.4858
Nondeju	1	705677	97.4859
Nondepie	1	705678	97.486
Nondetju	1	705679	97.4862
None	1	705680	97.4863
Noo	1	705681	97.4864
Noooooo	1	705682	97.4866
Nooooooooooit	1	705683	97.4867
Noorden	1	705684	97.4869
Noorse	1	705685	97.487
Noortje	1	705686	97.4871
Norbert	1	705687	97.4873
Norden	1	705688	97.4874
Normaalgezien	1	705689	97.4876
Normalement	1	705690	97.4877
Norman	1	705691	97.4878
Norton	1	705692	97.488
Notebook	1	705693	97.4881
Notre	1	705694	97.4882
Notulen	1	705695	97.4884
Noudan	1	705696	97.4885
Nounou	1	705697	97.4887
Nouuuu	1	705698	97.4888
Nov	1	705699	97.4889
Nt	1	705700	97.4891
Nu'n	1	705701	97.4892
Nu-interview	1	705702	97.4893
Nuja	1	705703	97.4895
Nujah	1	705704	97.4896
Nul	1	705705	97.4898
Numbat	1	705706	97.4899
Nuttig	1	705707	97.49
Nyc	1	705708	97.4902
Nykopping	1	705709	97.4903
Nyrstar	1	705710	97.4905
Nyu	1	705711	97.4906
NÚ	1	705712	97.4907
Nèt	1	705713	97.4909
O-oh	1	705714	97.491
O.K.	1	705715	97.4911
O.o	1	705716	97.4913
O:-)	1	705717	97.4914
OAT	1	705718	97.4916
OCZ	1	705719	97.4917
ODS	1	705720	97.4918
OFWA	1	705721	97.492
OFZO	1	705722	97.4921
OHNEEEE	1	705723	97.4923
OL	1	705724	97.4924
OLC	1	705725	97.4925
OMA	1	705726	97.4927
OMGWTFBBQ	1	705727	97.4928
ONT	1	705728	97.4929
OP	1	705729	97.4931
ORAS	1	705730	97.4932
OS	1	705731	97.4934
OURS	1	705732	97.4935
OV-staking	1	705733	97.4936
OWee	1	705734	97.4938
Obama	1	705735	97.4939
Obi	1	705736	97.494
Obier	1	705737	97.4942
Observangenhof	1	705738	97.4943
Obsessieve	1	705739	97.4945
Ocarina's	1	705740	97.4946
Oceaan	1	705741	97.4947
Ocharm	1	705742	97.4949
Ochjee	1	705743	97.495
Ochtend	1	705744	97.4952
Oeda	1	705745	97.4953
Oefenen	1	705746	97.4954
Oefeningen	1	705747	97.4956
Oehh	1	705748	97.4957
Oehhhh	1	705749	97.4958
Oeja	1	705750	97.496
Oekiepoekie	1	705751	97.4961
Oelala	1	705752	97.4963
Oepsi	1	705753	97.4964
Oesj	1	705754	97.4965
Off	1	705755	97.4967
Office	1	705756	97.4968
Ofzo	1	705757	97.4969
Ofzoiets	1	705758	97.4971
Ogen	1	705759	97.4972
Ohhhhh	1	705760	97.4974
Ohio	1	705761	97.4975
Ohjaaaa	1	705762	97.4976
Ohla	1	705763	97.4978
Ohw	1	705764	97.4979
Oilsjt	1	705765	97.4981
Oink	1	705766	97.4982
Oj	1	705767	97.4983
Ojaa	1	705768	97.4985
Ojee	1	705769	97.4986
Ojoo	1	705770	97.4987
Okedoei	1	705771	97.4989
Okeeee	1	705772	97.499
Okeeeee	1	705773	97.4992
Okidooooo	1	705774	97.4993
Okie	1	705775	97.4994
Okie-kie-dokie	1	705776	97.4996
Okii	1	705777	97.4997
Oksfurt	1	705778	97.4998
Oldebarneveldstraat	1	705779	97.5
Oleeeee	1	705780	97.5001
Olie	1	705781	97.5003
Olijfboom	1	705782	97.5004
Olle	1	705783	97.5005
Ollright	1	705784	97.5007
Olympics	1	705785	97.5008
Olé	1	705786	97.501
Ombudsvrouwen	1	705787	97.5011
Ome	1	705788	97.5012
Omgwtfbbq	1	705789	97.5014
Omhoelaat	1	705790	97.5015
Omid	1	705791	97.5016
Omsingeld	1	705792	97.5018
Omw	1	705793	97.5019
On.way	1	705794	97.5021
Onbegrip	1	705795	97.5022
Onbehoorlijke	1	705796	97.5023
Onbekend	1	705797	97.5025
Onbekende	1	705798	97.5026
Onbeperkt	1	705799	97.5027
Onbewust	1	705800	97.5029
Oncoloog	1	705801	97.503
Ond	1	705802	97.5032
Onderhands	1	705803	97.5033
Onderste	1	705804	97.5034
Onderwegkusje	1	705805	97.5036
Ondje	1	705806	97.5037
Ongekend	1	705807	97.5039
Ongepland	1	705808	97.504
Onmenselijk	1	705809	97.5041
Onnesstraat	1	705810	97.5043
Onnozele	1	705811	97.5044
Onrust	1	705812	97.5045
Ontbijtje	1	705813	97.5047
Ontdekking	1	705814	97.5048
Ontelbaar	1	705815	97.505
Ontslagen	1	705816	97.5051
Ontstopper	1	705817	97.5052
Ontvangen	1	705818	97.5054
Onverantwoord	1	705819	97.5055
Onverwachtse	1	705820	97.5057
Onweer	1	705821	97.5058
Ooee	1	705822	97.5059
Ooeee	1	705823	97.5061
Oog	1	705824	97.5062
Oohja	1	705825	97.5063
Oohlaaa	1	705826	97.5065
Oohw	1	705827	97.5066
Ooij	1	705828	97.5068
Ooijpolder	1	705829	97.5069
Ooiooooo	1	705830	97.507
Ooo-yeah	1	705831	97.5072
Oooe	1	705832	97.5073
Oooeehhhh	1	705833	97.5074
Oookeeee	1	705834	97.5076
Ooooo	1	705835	97.5077
Oooooew	1	705836	97.5079
Ooooooo	1	705837	97.508
Ooowww	1	705838	97.5081
Oordopjes	1	705839	97.5083
Oorlogje	1	705840	97.5084
Oorzaak	1	705841	97.5086
Oostende	1	705842	97.5087
Oostenrijk-themed	1	705843	97.5088
Oosterburen	1	705844	97.509
Opblinken	1	705845	97.5091
Opbouwen	1	705846	97.5092
Opdr	1	705847	97.5094
Opdracht	1	705848	97.5095
Opeens	1	705849	97.5097
OpenOffice	1	705850	97.5098
Openbaar	1	705851	97.5099
Opendagentijd	1	705852	97.5101
Openhartig	1	705853	97.5102
Opening	1	705854	97.5103
Openluchtmuseum	1	705855	97.5105
Opent	1	705856	97.5106
Opgelet	1	705857	97.5108
Opgelucht	1	705858	97.5109
Opgeschreven	1	705859	97.511
Opgesloten	1	705860	97.5112
Opgestuurd	1	705861	97.5113
Oph	1	705862	97.5115
Ophalen	1	705863	97.5116
Oplader	1	705864	97.5117
Opleiding	1	705865	97.5119
Oplevering	1	705866	97.512
Oplossingen	1	705867	97.5121
Opluchting	1	705868	97.5123
Opname	1	705869	97.5124
Opp	1	705870	97.5126
Oppikken	1	705871	97.5127
Opstapplaats	1	705872	97.5128
Opstapt	1	705873	97.513
Opstelling	1	705874	97.5131
Optimisme	1	705875	97.5132
Opweg	1	705876	97.5134
Opzich	1	705877	97.5135
Orchid	1	705878	97.5137
Order	1	705879	97.5138
Orfie	1	705880	97.5139
Organisatie	1	705881	97.5141
Organising	1	705882	97.5142
Orgen	1	705883	97.5144
Orionveien	1	705884	97.5145
Orphee	1	705885	97.5146
Orsi	1	705886	97.5148
Orsolya	1	705887	97.5149
Ortho	1	705888	97.515
Orval	1	705889	97.5152
Osama	1	705890	97.5153
Otherwise	1	705891	97.5155
Oticon	1	705892	97.5156
Otrivin	1	705893	97.5157
Otto	1	705894	97.5159
Ou	1	705895	97.516
Ouais	1	705896	97.5161
Oudejaarslot	1	705897	97.5163
Oudenaarde	1	705898	97.5164
Oudergesprekken	1	705899	97.5166
Oudewater	1	705900	97.5167
Oudtshoorn	1	705901	97.5168
Outdoor	1	705902	97.517
Outfit	1	705903	97.5171
Outlet	1	705904	97.5173
Outrijve	1	705905	97.5174
Ouwehand	1	705906	97.5175
Ov	1	705907	97.5177
Overblijfselen	1	705908	97.5178
Overleef	1	705909	97.5179
Overpoort	1	705910	97.5181
Overslapen	1	705911	97.5182
Overtuig	1	705912	97.5184
Overval	1	705913	97.5185
Ovum	1	705914	97.5186
Owfuk	1	705915	97.5188
Owkaytjes	1	705916	97.5189
Owkeetjes	1	705917	97.5191
Owkej	1	705918	97.5192
Oxkeej	1	705919	97.5193
Oy	1	705920	97.5195
Ozzy	1	705921	97.5196
P+M	1	705922	97.5197
P-vak	1	705923	97.5199
P.H	1	705924	97.52
PAK	1	705925	97.5202
PB	1	705926	97.5203
PD	1	705927	97.5204
PD-onderzoek	1	705928	97.5206
PDF	1	705929	97.5207
PERS	1	705930	97.5208
PETER	1	705931	97.521
PGM	1	705932	97.5211
PMD	1	705933	97.5213
PO	1	705934	97.5214
POPronde	1	705935	97.5215
POT-verhuizingen	1	705936	97.5217
PR	1	705937	97.5218
PROBEER	1	705938	97.522
PROFICIAT	1	705939	97.5221
PSU	1	705940	97.5222
PTC's	1	705941	97.5224
PUMA	1	705942	97.5225
PUNTEN	1	705943	97.5226
PV	1	705944	97.5228
PVV	1	705945	97.5229
PW	1	705946	97.5231
Paai	1	705947	97.5232
Paal	1	705948	97.5233
Paars	1	705949	97.5235
Paasbezoek	1	705950	97.5236
Paasdag	1	705951	97.5237
Pabo	1	705952	97.5239
Padre	1	705953	97.524
Paella	1	705954	97.5242
Pag	1	705955	97.5243
Pahaaaa	1	705956	97.5244
Painkiller	1	705957	97.5246
Pakhuis	1	705958	97.5247
Paki	1	705959	97.5249
Pakje	1	705960	97.525
Pakket	1	705961	97.5251
Pakzakerazzi	1	705962	97.5253
Palava	1	705963	97.5254
Palm	1	705964	97.5255
Pam	1	705965	97.5257
Pamela	1	705966	97.5258
Pancratiusstraat	1	705967	97.526
Pand	1	705968	97.5261
Panini's	1	705969	97.5262
Pannekoeken	1	705970	97.5264
Pannenkoek	1	705971	97.5265
Panta	1	705972	97.5266
Pantoffels	1	705973	97.5268
Pantomiene	1	705974	97.5269
Pap's	1	705975	97.5271
Papaaaa	1	705976	97.5272
Papers	1	705977	97.5273
Papi	1	705978	97.5275
Papier	1	705979	97.5276
Paprika	1	705980	97.5278
Paprika's	1	705981	97.5279
Paragliden	1	705982	97.528
Parc	1	705983	97.5282
Parels	1	705984	97.5283
Parijs-nu	1	705985	97.5284
Parkeer	1	705986	97.5286
Parkeerplaats	1	705987	97.5287
Parker	1	705988	97.5289
Parket	1	705989	97.529
Parma	1	705990	97.5291
Parys	1	705991	97.5293
Pascalle	1	705992	97.5294
Paskot	1	705993	97.5295
Pasop	1	705994	97.5297
Paspoort	1	705995	97.5298
Paspoorten	1	705996	97.53
Passe	1	705997	97.5301
Passel	1	705998	97.5302
Passende	1	705999	97.5304
Passeren	1	706000	97.5305
Patat	1	706001	97.5307
Patrick-hints	1	706002	97.5308
Patrieck	1	706003	97.5309
Patrol	1	706004	97.5311
Patrolfreak	1	706005	97.5312
Patsert	1	706006	97.5313
Pattihoeroe	1	706007	97.5315
Paul's	1	706008	97.5316
Paulando	1	706009	97.5318
Pauline	1	706010	97.5319
Pauperstad	1	706011	97.532
Pauwstraat	1	706012	97.5322
Pauze-update	1	706013	97.5323
Paviljoen	1	706014	97.5325
Pe	1	706015	97.5326
Pech	1	706016	97.5327
Pechtold	1	706017	97.5329
Pedicure	1	706018	97.533
Pedro	1	706019	97.5331
Pen	1	706020	97.5333
Penaltys	1	706021	97.5334
Penetratie	1	706022	97.5336
Penguins	1	706023	97.5337
Penningmeester	1	706024	97.5338
Peperkoek	1	706025	97.534
Peperkoekenhuisje	1	706026	97.5341
Pepers	1	706027	97.5342
Peperstraat	1	706028	97.5344
Perfectamundi	1	706029	97.5345
Perfectos	1	706030	97.5347
Persbericht	1	706031	97.5348
Personal	1	706032	97.5349
Persoonlijk	1	706033	97.5351
Peruvian	1	706034	97.5352
Peterman	1	706035	97.5354
Peterseliekweker	1	706036	97.5355
Petit	1	706037	97.5356
Petofi	1	706038	97.5358
Petrosani	1	706039	97.5359
Petrov	1	706040	97.536
Petten	1	706041	97.5362
Petticoat	1	706042	97.5363
Peukje	1	706043	97.5365
Peultjes	1	706044	97.5366
Pfdfffft	1	706045	97.5367
Pfeiffer	1	706046	97.5369
Pfew	1	706047	97.537
Pffffc	1	706048	97.5371
Pfffff	1	706049	97.5373
Pfffffff	1	706050	97.5374
Pffffffff	1	706051	97.5376
Pfffffffffffffffff	1	706052	97.5377
Pfieuw	1	706053	97.5378
Pfjew	1	706054	97.538
Pfuuh	1	706055	97.5381
Ph	1	706056	97.5383
Phantasialand	1	706057	97.5384
Phew	1	706058	97.5385
Phietje	1	706059	97.5387
Philips	1	706060	97.5388
Phocas	1	706061	97.5389
Phone	1	706062	97.5391
Photo	1	706063	97.5392
PhotoShop	1	706064	97.5394
Pianist	1	706065	97.5395
Picalilly	1	706066	97.5396
Picanol	1	706067	97.5398
Pickpockey	1	706068	97.5399
Pics	1	706069	97.54
Picture	1	706070	97.5402
Pictures	1	706071	97.5403
Piecken	1	706072	97.5405
Piek	1	706073	97.5406
Piep	1	706074	97.5407
Pieps	1	706075	97.5409
Piept	1	706076	97.541
Pierke	1	706077	97.5412
Pierlé	1	706078	97.5413
Pieteke	1	706079	97.5414
Pietersch	1	706080	97.5416
Pietje	1	706081	97.5417
Piiiils	1	706082	97.5418
Pijnlijk	1	706083	97.542
Pijnstillers	1	706084	97.5421
Pijpers	1	706085	97.5423
Pikken	1	706086	97.5424
Pil	1	706087	97.5425
Pilates	1	706088	97.5427
Pilsen	1	706089	97.5428
Pilsje	1	706090	97.5429
Pilske	1	706091	97.5431
Pilsken	1	706092	97.5432
Pilsze	1	706093	97.5434
Pimpampoentjesslofjes	1	706094	97.5435
Pinar	1	706095	97.5436
Pingelen	1	706096	97.5438
Pink	1	706097	97.5439
Pinksterweekend	1	706098	97.5441
Pip	1	706099	97.5442
Pipi	1	706100	97.5443
Pirate	1	706101	97.5445
Piratenbaai	1	706102	97.5446
Pistes	1	706103	97.5447
Pitchen	1	706104	97.5449
Pitt	1	706105	97.545
Pitty	1	706106	97.5452
Pity	1	706107	97.5453
Piushaven	1	706108	97.5454
Piusplein	1	706109	97.5456
Pizzeria	1	706110	97.5457
Plaatsen	1	706111	97.5459
Placebo	1	706112	97.546
Plan	1	706113	97.5461
Planchee	1	706114	97.5463
Planner	1	706115	97.5464
Planten	1	706116	97.5465
Plasterk	1	706117	97.5467
Platobestuur	1	706118	97.5468
Platonen	1	706119	97.547
Play	1	706120	97.5471
PlayStation	1	706121	97.5472
Playa	1	706122	97.5474
Playing	1	706123	97.5475
Plees	1	706124	97.5476
Plein	1	706125	97.5478
Plex	1	706126	97.5479
Plonsen	1	706127	97.5481
Plooibak	1	706128	97.5482
Plooister	1	706129	97.5483
Plooy	1	706130	97.5485
Plotjes	1	706131	97.5486
Plots	1	706132	97.5488
Pluim	1	706133	97.5489
Pluspunten	1	706134	97.549
Plysom	1	706135	97.5492
Pocket	1	706136	97.5493
Podium	1	706137	97.5494
Podmaniczky	1	706138	97.5496
Poedie	1	706139	97.5497
Poels	1	706140	97.5499
Poendipoendipoendi	1	706141	97.55
Poep	1	706142	97.5501
Poerink	1	706143	97.5503
Poging	1	706144	97.5504
Poh	1	706145	97.5505
Polish	1	706146	97.5507
Polisse	1	706147	97.5508
Pompiedom	1	706148	97.551
Pompoen	1	706149	97.5511
Pony	1	706150	97.5512
Poolse	1	706151	97.5514
Pooolonaise	1	706152	97.5515
Pooook	1	706153	97.5517
Popcorn	1	706154	97.5518
Popelucht	1	706155	97.5519
Popo	1	706156	97.5521
Popov	1	706157	97.5522
Poppe	1	706158	97.5523
Popper's	1	706159	97.5525
Poppél	1	706160	97.5526
Populair	1	706161	97.5528
Popular	1	706162	97.5529
Porcheresse	1	706163	97.553
Port	1	706164	97.5532
Portemonnee	1	706165	97.5533
Portfolio	1	706166	97.5534
Porthos	1	706167	97.5536
Portman	1	706168	97.5537
Positief	1	706169	97.5539
Possible	1	706170	97.554
Possibly	1	706171	97.5541
Postbodes	1	706172	97.5543
Poster	1	706173	97.5544
Posters	1	706174	97.5546
Postpone	1	706175	97.5547
Potente	1	706176	97.5548
Pothead	1	706177	97.555
Potterstr	1	706178	97.5551
Potvertiefus	1	706179	97.5552
Poubelle	1	706180	97.5554
Pover	1	706181	97.5555
Power	1	706182	97.5557
Powered	1	706183	97.5558
Powernap	1	706184	97.5559
Praat	1	706185	97.5561
Praatje	1	706186	97.5562
Praatjes	1	706187	97.5563
Practicum	1	706188	97.5565
Praeses	1	706189	97.5566
Praise	1	706190	97.5568
Praktische	1	706191	97.5569
Praten	1	706192	97.557
Pratend	1	706193	97.5572
Praxis	1	706194	97.5573
Pre	1	706195	97.5575
Pre-A	1	706196	97.5576
Predrink	1	706197	97.5577
Preparing	1	706198	97.5579
Pres	1	706199	97.558
Present	1	706200	97.5581
Presque	1	706201	97.5583
Prestatiebandjes	1	706202	97.5584
Pretty	1	706203	97.5586
Prezi	1	706204	97.5587
Prikbord	1	706205	97.5588
Primaat	1	706206	97.559
Primadeluxe	1	706207	97.5591
Primark	1	706208	97.5593
Primperan	1	706209	97.5594
Principe	1	706210	97.5595
Prinsengracht	1	706211	97.5597
Prinsenhofke	1	706212	97.5598
Prinses	1	706213	97.5599
Prinsesje	1	706214	97.5601
Printen	1	706215	97.5602
Printjes	1	706216	97.5604
Priscilla	1	706217	97.5605
Pro	1	706218	97.5606
Productief	1	706219	97.5608
Proefwerk	1	706220	97.5609
Profeet	1	706221	97.561
Programma	1	706222	97.5612
Programs	1	706223	97.5613
Promostiekje	1	706224	97.5615
Pronk	1	706225	97.5616
Pronostiekje	1	706226	97.5617
Proper	1	706227	97.5619
Props	1	706228	97.562
Prosit	1	706229	97.5622
Prospects	1	706230	97.5623
Provider	1	706231	97.5624
ProxiClub	1	706232	97.5626
Prutsbedrijf	1	706233	97.5627
Prutser	1	706234	97.5628
Pröpper	1	706235	97.563
Psst	1	706236	97.5631
Psy	1	706237	97.5633
Psychology	1	706238	97.5634
Psydirect	1	706239	97.5635
Pt	1	706240	97.5637
Pubers	1	706241	97.5638
Puberstreken	1	706242	97.5639
Pubquiz	1	706243	97.5641
Pues	1	706244	97.5642
Pukkelpopperen	1	706245	97.5644
Pullie	1	706246	97.5645
Pune	1	706247	97.5646
Purely	1	706248	97.5648
Purple	1	706249	97.5649
Push	1	706250	97.5651
Pussy	1	706251	97.5652
Puur	1	706252	97.5653
Puzzel	1	706253	97.5655
Pv	1	706254	97.5656
PvdA	1	706255	97.5657
Pw	1	706256	97.5659
Pwnd	1	706257	97.566
Pyjama	1	706258	97.5662
Python	1	706259	97.5663
Pód	1	706260	97.5664
QYFLXZ	1	706261	97.5666
Qatar	1	706262	97.5667
Qp	1	706263	97.5668
Qq	1	706264	97.567
Qu	1	706265	97.5671
Quack	1	706266	97.5673
Quaijtaal	1	706267	97.5674
Quand	1	706268	97.5675
Quest	1	706269	97.5677
Questura	1	706270	97.5678
Quiet	1	706271	97.568
Quinten	1	706272	97.5681
Quizde	1	706273	97.5682
Quizte	1	706274	97.5684
Quoi	1	706275	97.5685
Quote	1	706276	97.5686
Quotient	1	706277	97.5688
R+S	1	706278	97.5689
RAW	1	706279	97.5691
REAGEER	1	706280	97.5692
RELAX	1	706281	97.5693
REM	1	706282	97.5695
REN	1	706283	97.5696
RES	1	706284	97.5697
RG-JL	1	706285	97.5699
RIGHT	1	706286	97.57
RKC	1	706287	97.5702
RLN	1	706288	97.5703
RSCA	1	706289	97.5704
RSI	1	706290	97.5706
RT's	1	706291	97.5707
RTL	1	706292	97.5709
RVS	1	706293	97.571
RVV	1	706294	97.5711
Raaah	1	706295	97.5713
Raam	1	706296	97.5714
Raarr	1	706297	97.5715
Raats	1	706298	97.5717
Raba	1	706299	97.5718
Rabbits	1	706300	97.572
Rabobank	1	706301	97.5721
Race	1	706302	97.5722
Racebaan	1	706303	97.5724
Racespellen	1	706304	97.5725
Rachid	1	706305	97.5727
Rademaker	1	706306	97.5728
Radha	1	706307	97.5729
Radio	1	706308	97.5731
Raimondi	1	706309	97.5732
Rain	1	706310	97.5733
Rakoczi	1	706311	97.5735
Rallycrash	1	706312	97.5736
Rammend	1	706313	97.5738
Ramnicu	1	706314	97.5739
Ramona	1	706315	97.574
Rampelberg	1	706316	97.5742
Randstadrail	1	706317	97.5743
Rangeren	1	706318	97.5744
Ranjabaas	1	706319	97.5746
Rantanplan	1	706320	97.5747
Rap	1	706321	97.5749
Raphael	1	706322	97.575
RapidShare	1	706323	97.5751
Rassenvermenging	1	706324	97.5753
Rat	1	706325	97.5754
Rat=	1	706326	97.5756
Rata	1	706327	97.5757
Rats	1	706328	97.5758
Rattensnuffelneus	1	706329	97.576
Rattus	1	706330	97.5761
Raversijde	1	706331	97.5762
Raving	1	706332	97.5764
Rdaal	1	706333	97.5765
Rdam	1	706334	97.5767
Reading	1	706335	97.5768
Realy	1	706336	97.5769
Rebecca	1	706337	97.5771
Reborn	1	706338	97.5772
Recent	1	706339	97.5773
Rechtenkantine	1	706340	97.5775
Rechtlijnig	1	706341	97.5776
Rechtover	1	706342	97.5778
Rechtsachter	1	706343	97.5779
Reclame	1	706344	97.578
Recognition	1	706345	97.5782
Recreatiepark	1	706346	97.5783
Rectoraat	1	706347	97.5785
Redden	1	706348	97.5786
Reeshof	1	706349	97.5787
Reflection	1	706350	97.5789
Regelmatig	1	706351	97.579
Regent	1	706352	97.5791
Reinaert	1	706353	97.5793
Reinout	1	706354	97.5794
Reintjan	1	706355	97.5796
Reisadvies	1	706356	97.5797
Reistijd	1	706357	97.5798
Reita	1	706358	97.58
Reizen	1	706359	97.5801
Rekening	1	706360	97.5802
Rekeningnummer	1	706361	97.5804
Relaaaaaaaxed	1	706362	97.5805
Relaaaaaxed	1	706363	97.5807
Relaxen	1	706364	97.5808
Relaxte	1	706365	97.5809
Rembours	1	706366	97.5811
Reminder	1	706367	97.5812
Remindert	1	706368	97.5814
Remmie	1	706369	97.5815
Ren	1	706370	97.5816
Renate	1	706371	97.5818
Rene	1	706372	97.5819
Reneekeee	1	706373	97.582
Renesse	1	706374	97.5822
Renk	1	706375	97.5823
Renkema	1	706376	97.5825
Rennen	1	706377	97.5826
Repetitie	1	706378	97.5827
Repliceren	1	706379	97.5829
Requiem	1	706380	97.583
Reservatie	1	706381	97.5831
Reservesleutel	1	706382	97.5833
Resident	1	706383	97.5834
Resistance	1	706384	97.5836
Respect	1	706385	97.5837
Restrepo	1	706386	97.5838
Result	1	706387	97.584
Resultaten	1	706388	97.5841
Retecool	1	706389	97.5843
Reteketet	1	706390	97.5844
Rettekettet	1	706391	97.5845
Revanche	1	706392	97.5847
RevieElaba	1	706393	97.5848
Rex	1	706394	97.5849
ReyBen	1	706395	97.5851
Reykjavik	1	706396	97.5852
Reynier	1	706397	97.5854
Reünie	1	706398	97.5855
Rhee	1	706399	97.5856
Rhune	1	706400	97.5858
Rhymz	1	706401	97.5859
Richards	1	706402	97.5861
Richelieu	1	706403	97.5862
Richtungen	1	706404	97.5863
Richtuur	1	706405	97.5865
Ridder	1	706406	97.5866
Rider	1	706407	97.5867
Riezebos	1	706408	97.5869
Riga	1	706409	97.587
Riigt	1	706410	97.5872
Riiight	1	706411	97.5873
Rijde	1	706412	97.5874
Rijles	1	706413	97.5876
Rijnmondnet	1	706414	97.5877
Rijschool	1	706415	97.5878
Rijsttafel	1	706416	97.588
Rijwielen	1	706417	97.5881
Rikki	1	706418	97.5883
Ring	1	706419	97.5884
Ringo	1	706420	97.5885
Rini	1	706421	97.5887
Rishika	1	706422	97.5888
Risotto	1	706423	97.589
Ristorante	1	706424	97.5891
Rita	1	706425	97.5892
Ritchie	1	706426	97.5894
Ritchy	1	706427	97.5895
Riva	1	706428	97.5896
Rkc-nec	1	706429	97.5898
Rlx	1	706430	97.5899
Roast	1	706431	97.5901
Rob's	1	706432	97.5902
Robben	1	706433	97.5903
Robinson	1	706434	97.5905
Robots	1	706435	97.5906
Robso	1	706436	97.5907
Rocket	1	706437	97.5909
Rodddelen	1	706438	97.591
Roddels	1	706439	97.5912
Rodez	1	706440	97.5913
Rodrico	1	706441	97.5914
Roeland	1	706442	97.5916
Roelandje	1	706443	97.5917
Roelvink	1	706444	97.5919
Roenschoen	1	706445	97.592
Roer	1	706446	97.5921
Roffa	1	706447	97.5923
Roflmao	1	706448	97.5924
Rogier	1	706449	97.5925
Roi	1	706450	97.5927
Rok	1	706451	97.5928
Roken	1	706452	97.593
Rokert	1	706453	97.5931
Rollebollen	1	706454	97.5932
Rolsbeef	1	706455	97.5934
Rolstoeljongen	1	706456	97.5935
Rom	1	706457	97.5936
Romcom	1	706458	97.5938
Romy	1	706459	97.5939
Rondgelopen	1	706460	97.5941
Rondje	1	706461	97.5942
Ronse	1	706462	97.5943
Rookie	1	706463	97.5945
Roose	1	706464	97.5946
Roosendaal-survival	1	706465	97.5948
Roosmarijn	1	706466	97.5949
Rooster	1	706467	97.595
Roosters	1	706468	97.5952
Rooty	1	706469	97.5953
Rooyen	1	706470	97.5954
Rosanna	1	706471	97.5956
Rosebier(a)	1	706472	97.5957
Roskilde	1	706473	97.5959
Rosmalen	1	706474	97.596
Roswitha	1	706475	97.5961
Rotaract	1	706476	97.5963
Roti	1	706477	97.5964
Rotterdammers	1	706478	97.5965
Rottnan	1	706479	97.5967
Rouck	1	706480	97.5968
Rouge	1	706481	97.597
Roze	1	706482	97.5971
Rozenstraat	1	706483	97.5972
Rozie	1	706484	97.5974
Rozier	1	706485	97.5975
Rrr	1	706486	97.5977
Rs	1	706487	97.5978
Ru	1	706488	97.5979
Rubbie	1	706489	97.5981
Rubin	1	706490	97.5982
Rudiboy	1	706491	97.5983
Rudybox	1	706492	97.5985
Rue	1	706493	97.5986
Ruimte	1	706494	97.5988
Ruit	1	706495	97.5989
Ruiten	1	706496	97.599
Ruiz	1	706497	97.5992
Ruk	1	706498	97.5993
Rum	1	706499	97.5995
Rummi	1	706500	97.5996
Rundergehakt	1	706501	97.5997
Running	1	706502	97.5999
Rus	1	706503	97.6
Russel	1	706504	97.6001
Rutgers	1	706505	97.6003
Rutte	1	706506	97.6004
Ruudiebooooj	1	706507	97.6006
Ruyterweg	1	706508	97.6007
Ruzie	1	706509	97.6008
Ruzie-jongen	1	706510	97.601
RvC	1	706511	97.6011
Rva	1	706512	97.6012
Rvc	1	706513	97.6014
Ryanair	1	706514	97.6015
Ryckevelde	1	706515	97.6017
Rye	1	706516	97.6018
Rûtgęr	1	706517	97.6019
S-relapse	1	706518	97.6021
SA	1	706519	97.6022
SAP	1	706520	97.6024
SATA	1	706521	97.6025
SATC-film	1	706522	97.6026
SBM	1	706523	97.6028
SCHREEUWEN	1	706524	97.6029
SF	1	706525	97.603
SGV	1	706526	97.6032
SHINEN	1	706527	97.6033
SHOT	1	706528	97.6035
SKI	1	706529	97.6036
SL	1	706530	97.6037
SLO	1	706531	97.6039
SLaap	1	706532	97.604
SLs	1	706533	97.6041
SMAK	1	706534	97.6043
SMK	1	706535	97.6044
SNEEUWBALLENGEVECHT	1	706536	97.6046
SNL	1	706537	97.6047
SNS	1	706538	97.6048
SOG-activiteitje	1	706539	97.605
SOP	1	706540	97.6051
SORRY	1	706541	97.6053
SPANNEND	1	706542	97.6054
SPC	1	706543	97.6055
SPULLEN	1	706544	97.6057
SS	1	706545	97.6058
ST	1	706546	97.6059
START	1	706547	97.6061
STEEDS	1	706548	97.6062
STEM	1	706549	97.6064
STOND	1	706550	97.6065
STOP	1	706551	97.6066
STORE	1	706552	97.6068
SUCCES	1	706553	97.6069
SUPERNICE	1	706554	97.607
SV	1	706555	97.6072
SW	1	706556	97.6073
Saaaaaaaaaai	1	706557	97.6075
Saaaaaaai	1	706558	97.6076
Saab	1	706559	97.6077
Saaie	1	706560	97.6079
Saaiste	1	706561	97.608
Saaitjes	1	706562	97.6082
Saario	1	706563	97.6083
Sacre	1	706564	97.6084
Saerkin	1	706565	97.6086
Safari	1	706566	97.6087
Safe	1	706567	97.6088
Saimah	1	706568	97.609
Saint-Barthélemy	1	706569	97.6091
Sainte-Catherine	1	706570	97.6093
Salaris	1	706571	97.6094
Sale	1	706572	97.6095
Salix	1	706573	97.6097
Salut	1	706574	97.6098
Salzburg	1	706575	97.6099
Sambuca	1	706576	97.6101
Samenvatting	1	706577	97.6102
Sammy	1	706578	97.6104
Samos	1	706579	97.6105
Samurai	1	706580	97.6106
Sanctum	1	706581	97.6108
Sandeep	1	706582	97.6109
Sanders	1	706583	97.6111
Sandrines	1	706584	97.6112
Sanex	1	706585	97.6113
Sanquin	1	706586	97.6115
Sant	1	706587	97.6116
Sante	1	706588	97.6117
Santigold	1	706589	97.6119
Santé	1	706590	97.612
Sapcentrifuge	1	706591	97.6122
Saphire	1	706592	97.6123
Sapph	1	706593	97.6124
Saraswat	1	706594	97.6126
Sardinie	1	706595	97.6127
Sarie	1	706596	97.6129
Sarrah	1	706597	97.613
Sas	1	706598	97.6131
Saskia's	1	706599	97.6133
Sauerbraten	1	706600	97.6134
Saul	1	706601	97.6135
Saved	1	706602	97.6137
Schaap	1	706603	97.6138
Schaarsbergen	1	706604	97.614
Schaatsen	1	706605	97.6141
Schadeformulier	1	706606	97.6142
Schalk	1	706607	97.6144
Schandalige	1	706608	97.6145
Schapke	1	706609	97.6146
Schapos	1	706610	97.6148
Schate	1	706611	97.6149
Schatke	1	706612	97.6151
Schattig	1	706613	97.6152
Schatzieeee	1	706614	97.6153
Schedule	1	706615	97.6155
Scheetis	1	706616	97.6156
Schele	1	706617	97.6158
Schellekens	1	706618	97.6159
Schept	1	706619	97.616
Schiedamse	1	706620	97.6162
Schijfje	1	706621	97.6163
Schijfstraat	1	706622	97.6164
Schijtbus	1	706623	97.6166
Schijter	1	706624	97.6167
Schijven	1	706625	97.6169
Schilde	1	706626	97.617
Schilders	1	706627	97.6171
Schir	1	706628	97.6173
Schmalholz	1	706629	97.6174
Schoenenzaak	1	706630	97.6175
Schollen	1	706631	97.6177
Schon	1	706632	97.6178
Schone	1	706633	97.618
Schoolkamp	1	706634	97.6181
Schoon	1	706635	97.6182
Schoonbro	1	706636	97.6184
Schoonbroer	1	706637	97.6185
Schoonenberg	1	706638	97.6187
Schoonfamilieverplichtingen	1	706639	97.6188
Schoonheid	1	706640	97.6189
Schoot	1	706641	97.6191
Schotenaars	1	706642	97.6192
Schotenees	1	706643	97.6193
Schotten	1	706644	97.6195
Schraal	1	706645	97.6196
Schrandere	1	706646	97.6198
Schreef	1	706647	97.6199
Schreeuwende	1	706648	97.62
Schreeuwt	1	706649	97.6202
Schreuder	1	706650	97.6203
Schrijven	1	706651	97.6204
Schrikken	1	706652	97.6206
Schroeder	1	706653	97.6207
Schtudie	1	706654	97.6209
Schuld	1	706655	97.621
Schumacher	1	706656	97.6211
Schurft	1	706657	97.6213
Schuune	1	706658	97.6214
Schweinerei	1	706659	97.6216
Schwester	1	706660	97.6217
Schäffers	1	706661	97.6218
Scrabble-woord	1	706662	97.622
Scriptieq	1	706663	97.6221
Scusie	1	706664	97.6222
Sea	1	706665	97.6224
Seakingvluchtjes	1	706666	97.6225
Seal	1	706667	97.6227
Seat	1	706668	97.6228
Sebas	1	706669	97.6229
Seconde	1	706670	97.6231
Secret	1	706671	97.6232
Sectie-einde	1	706672	97.6233
Seedorf	1	706673	97.6235
Seeger	1	706674	97.6236
Seeing	1	706675	97.6238
Seen	1	706676	97.6239
Seffens	1	706677	97.624
Sein	1	706678	97.6242
Seinstoring	1	706679	97.6243
Seintje	1	706680	97.6245
Seizoen	1	706681	97.6246
Seks	1	706682	97.6247
Selectief	1	706683	97.6249
Semi-snel	1	706684	97.625
Senaatzaal	1	706685	97.6251
Seni	1	706686	97.6253
Sens	1	706687	97.6254
Sensis	1	706688	97.6256
Sentimentele	1	706689	97.6257
Sephardic	1	706690	97.6258
Sera	1	706691	97.626
Serais	1	706692	97.6261
Serj	1	706693	97.6263
Serra	1	706694	97.6264
Service	1	706695	97.6265
Services	1	706696	97.6267
Servische	1	706697	97.6268
Servië	1	706698	97.6269
Sessions	1	706699	97.6271
Several	1	706700	97.6272
Sex	1	706701	97.6274
Sexy	1	706702	97.6275
Shaddap	1	706703	97.6276
Shade	1	706704	97.6278
Shakespeare	1	706705	97.6279
Shaketime	1	706706	97.628
Shame	1	706707	97.6282
Shampoo	1	706708	97.6283
Sharpe	1	706709	97.6285
Shazam	1	706710	97.6286
Sheldon	1	706711	97.6287
Shiiiiit	1	706712	97.6289
Shipoopi	1	706713	97.629
Shirley	1	706714	97.6292
Shittyness	1	706715	97.6293
Shivaji	1	706716	97.6294
Shmoezel	1	706717	97.6296
Shneller	1	706718	97.6297
Shock	1	706719	97.6298
Shocking	1	706720	97.63
Shooter	1	706721	97.6301
Shop	1	706722	97.6303
Shopke	1	706723	97.6304
Shoppen	1	706724	97.6305
Shopse	1	706725	97.6307
Short	1	706726	97.6308
Shot	1	706727	97.6309
Shotje	1	706728	97.6311
Shouldnt	1	706729	97.6312
Shouldve	1	706730	97.6314
Shouwert	1	706731	97.6315
Show	1	706732	97.6316
Shower	1	706733	97.6318
Showered	1	706734	97.6319
Shtupied	1	706735	97.6321
Siberische	1	706736	97.6322
Sick	1	706737	97.6323
Sicko	1	706738	97.6325
Sid	1	706739	97.6326
Side	1	706740	97.6327
Sie	1	706741	97.6329
Siebe	1	706742	97.633
Siem	1	706743	97.6332
Sienna	1	706744	97.6333
Sigaretten	1	706745	97.6334
Sigh	1	706746	97.6336
Sights	1	706747	97.6337
Sigmakantine	1	706748	97.6338
Sijssele	1	706749	97.634
Sil	1	706750	97.6341
Silence	1	706751	97.6343
Silent	1	706752	97.6344
Silke	1	706753	97.6345
Silly	1	706754	97.6347
Silvasy	1	706755	97.6348
Silverstone-camping	1	706756	97.635
Silvia	1	706757	97.6351
Silvio	1	706758	97.6352
Sim	1	706759	97.6354
SimS	1	706760	97.6355
Simpele	1	706761	97.6356
Simpelveld	1	706762	97.6358
Sin	1	706763	97.6359
Sinaasappelsap	1	706764	97.6361
Since	1	706765	97.6362
Sincerely	1	706766	97.6363
Singstarmadness	1	706767	97.6365
Singstarreke	1	706768	97.6366
Sinkel	1	706769	97.6367
Sint-Baafsplein	1	706770	97.6369
Sinterklaasjournaal	1	706771	97.637
Sinterklaaspuzzel	1	706772	97.6372
Sion	1	706773	97.6373
Sioux	1	706774	97.6374
Six	1	706775	97.6376
Size	1	706776	97.6377
Sja	1	706777	97.6379
Sjans	1	706778	97.638
Sjeeeiiiiitttt	1	706779	97.6381
Sjef	1	706780	97.6383
Sjite	1	706781	97.6384
Sjmoesjie	1	706782	97.6385
Sjmoesjiewoesjie	1	706783	97.6387
Sjoekie	1	706784	97.6388
Sjoen	1	706785	97.639
Sjoerdbak	1	706786	97.6391
Sjoerden	1	706787	97.6392
Sjorlot	1	706788	97.6394
Sjouwert	1	706789	97.6395
Sjrlt	1	706790	97.6397
Sjttt	1	706791	97.6398
Sjwemp	1	706792	97.6399
Skaajp	1	706793	97.6401
Skagerrak	1	706794	97.6402
Skarsgårds	1	706795	97.6403
Skarsjes	1	706796	97.6405
Skatje	1	706797	97.6406
Skatteke	1	706798	97.6408
Skeeleren	1	706799	97.6409
Skiing	1	706800	97.641
Skippy	1	706801	97.6412
Skruffie	1	706802	97.6413
Skyrim	1	706803	97.6414
Sla	1	706804	97.6416
Slaan	1	706805	97.6417
Slaapie	1	706806	97.6419
Slaapkleding	1	706807	97.642
Slaapkop	1	706808	97.6421
Slaapkopje	1	706809	97.6423
Slaapkusje	1	706810	97.6424
Slaaplekkerkusje	1	706811	97.6426
Slaapmuts	1	706812	97.6427
Slaapplaats	1	706813	97.6428
Slaapse	1	706814	97.643
Slaapte	1	706815	97.6431
Slaaptekort	1	706816	97.6432
Slaapwelkus	1	706817	97.6434
Slaapwelkusje	1	706818	97.6435
Slaapwelkusjes	1	706819	97.6437
Slaapze	1	706820	97.6438
Slaatje	1	706821	97.6439
Slagerij	1	706822	97.6441
Slapend	1	706823	97.6442
Slasoep	1	706824	97.6443
Slavenkoor	1	706825	97.6445
Slechtste	1	706826	97.6446
Sletje	1	706827	97.6448
Sleur	1	706828	97.6449
Sliepen	1	706829	97.645
Slijmbal	1	706830	97.6452
Slimmeke	1	706831	97.6453
Slimmen	1	706832	97.6455
Slimpie	1	706833	97.6456
Slobbe	1	706834	97.6457
Sloef	1	706835	97.6459
Sloefkesdag	1	706836	97.646
Sloeg	1	706837	97.6461
Slootweg	1	706838	97.6463
Slot	1	706839	97.6464
Slovenie	1	706840	97.6466
Slowakije	1	706841	97.6467
Sls	1	706842	97.6468
Slu	1	706843	97.647
Sluiten	1	706844	97.6471
Sluutjes.to	1	706845	97.6472
Smaak	1	706846	97.6474
Smaakje	1	706847	97.6475
Smahak	1	706848	97.6477
Smak-er-de-smak	1	706849	97.6478
Smakk	1	706850	97.6479
Smakker	1	706851	97.6481
Smakkk	1	706852	97.6482
Smallere	1	706853	97.6484
Smartphone	1	706854	97.6485
Smartphones	1	706855	97.6486
Smoesjie	1	706856	97.6488
Smoezels	1	706857	97.6489
Smoke	1	706858	97.649
Smsplan	1	706859	97.6492
Smurfen	1	706860	97.6493
Smyt	1	706861	97.6495
Smäkelijk	1	706862	97.6496
Snakes	1	706863	97.6497
Sneaky	1	706864	97.6499
Sneeuw	1	706865	97.65
Sneeuwde	1	706866	97.6502
Snelle	1	706867	97.6503
Sneu	1	706868	97.6504
Sneutjes	1	706869	97.6506
Snietske	1	706870	97.6507
Snikheet	1	706871	97.6508
Snix	1	706872	97.651
Snoeper	1	706873	97.6511
Snoepjes	1	706874	97.6513
Snol	1	706875	97.6514
Snookie	1	706876	97.6515
Snor	1	706877	97.6517
Snottebel	1	706878	97.6518
Snowboarden	1	706879	97.6519
Snuggle-snuggle	1	706880	97.6521
SoNaR	1	706881	97.6522
Sociaal	1	706882	97.6524
Socializen	1	706883	97.6525
Soepje	1	706884	97.6526
Soeriadie	1	706885	97.6528
Soerijadi	1	706886	97.6529
Sofia	1	706887	97.6531
Softbal	1	706888	97.6532
Softballijnen	1	706889	97.6533
Software	1	706890	97.6535
Sogeti	1	706891	97.6536
Soggen	1	706892	97.6537
Soit	1	706893	97.6539
Solar	1	706894	97.654
Soldaat	1	706895	97.6542
Solderen	1	706896	97.6543
Sollicitatiegesprek	1	706897	97.6544
Solliciteren	1	706898	97.6546
Som	1	706899	97.6547
Somashekara	1	706900	97.6548
Sombero	1	706901	97.655
Sombrero	1	706902	97.6551
Somebody	1	706903	97.6553
Somehow	1	706904	97.6554
Someone	1	706905	97.6555
Somers	1	706906	97.6557
Sometime	1	706907	97.6558
Sommigen	1	706908	97.656
Son	1	706909	97.6561
Songfestival	1	706910	97.6562
Sonsbeek	1	706911	97.6564
Sonsbeekzijde	1	706912	97.6565
Soon	1	706913	97.6566
Sophie's	1	706914	97.6568
Sorpigal	1	706915	97.6569
Sorrat	1	706916	97.6571
Sorray	1	706917	97.6572
Sorriekusje	1	706918	97.6573
Sorrx	1	706919	97.6575
Sorrysorry	1	706920	97.6576
Sort	1	706921	97.6577
Sortof	1	706922	97.6579
Sory	1	706923	97.658
Soundos	1	706924	97.6582
Soundsystem	1	706925	97.6583
Soup	1	706926	97.6584
Souplounge	1	706927	97.6586
Source	1	706928	97.6587
Souschef	1	706929	97.6589
South	1	706930	97.659
Southampton	1	706931	97.6591
Souvenir	1	706932	97.6593
Soziales	1	706933	97.6594
Spa	1	706934	97.6595
Spaarkas	1	706935	97.6597
Spangas	1	706936	97.6598
Spanned	1	706937	97.66
Sparks	1	706938	97.6601
Spatader	1	706939	97.6602
Spater	1	706940	97.6604
Speakers	1	706941	97.6605
Speaking	1	706942	97.6606
Speaks	1	706943	97.6608
Speciaalbier	1	706944	97.6609
Speciale	1	706945	97.6611
Specificatie	1	706946	97.6612
Specifieke	1	706947	97.6613
Speech	1	706948	97.6615
Speeches	1	706949	97.6616
Speed	1	706950	97.6618
Speedo	1	706951	97.6619
Speeksel	1	706952	97.662
Speekselspeeksel	1	706953	97.6622
Speel	1	706954	97.6623
Speelfilm	1	706955	97.6624
Spel	1	706956	97.6626
Spelen	1	706957	97.6627
Spelletje	1	706958	97.6629
Spelletjesavond	1	706959	97.663
Spendeer	1	706960	97.6631
Spielberg	1	706961	97.6633
Spielburg	1	706962	97.6634
Spierpijn	1	706963	97.6636
Spijk	1	706964	97.6637
Spijkenisse	1	706965	97.6638
Spijker	1	706966	97.664
Spijt	1	706967	97.6641
Spinaci	1	706968	97.6642
Spinneke	1	706969	97.6644
Spjannend	1	706970	97.6645
Splinternieuwe	1	706971	97.6647
Spoedcursus	1	706972	97.6648
Spoedig	1	706973	97.6649
Spongebob	1	706974	97.6651
Spontaan	1	706975	97.6652
Sport	1	706976	97.6653
Sportiom	1	706977	97.6655
Sporza	1	706978	97.6656
Spotify.com	1	706979	97.6658
Sppntane	1	706980	97.6659
Sprakeloos	1	706981	97.666
Springsteen	1	706982	97.6662
Spuiten	1	706983	97.6663
Spul	1	706984	97.6665
Spyker	1	706985	97.6666
Später	1	706986	97.6667
Spätertje	1	706987	97.6669
Spätig	1	706988	97.667
Squashen	1	706989	97.6671
Srr	1	706990	97.6673
St-Pere	1	706991	97.6674
Sta-pel-en	1	706992	97.6676
Staafmixer	1	706993	97.6677
Staats	1	706994	97.6678
Stadsk	1	706995	97.668
Stadspark	1	706996	97.6681
Stagedag	1	706997	97.6682
Stalen	1	706998	97.6684
Stalken	1	706999	97.6685
Stalles	1	707000	97.6687
Stan	1	707001	97.6688
Stanford	1	707002	97.6689
Starmovies	1	707003	97.6691
Startbbq	1	707004	97.6692
Starting	1	707005	97.6694
Statiegeld	1	707006	97.6695
Station	1	707007	97.6696
Status	1	707008	97.6698
Stau	1	707009	97.6699
Stayokay	1	707010	97.67
Steak	1	707011	97.6702
Steeds	1	707012	97.6703
Steen	1	707013	97.6705
Steffi	1	707014	97.6706
Stein	1	707015	97.6707
Steinar	1	707016	97.6709
Stekeblind	1	707017	97.671
Steken	1	707018	97.6711
Stelebos	1	707019	97.6713
Stelletjesmonster	1	707020	97.6714
Stemband	1	707021	97.6716
Stemmen	1	707022	97.6717
Stens	1	707023	97.6718
Stephen	1	707024	97.672
Sterke	1	707025	97.6721
Sterkt	1	707026	97.6723
Steunkous	1	707027	97.6724
Stevenzandsestraat	1	707028	97.6725
Steyaert	1	707029	97.6727
Stiefvader	1	707030	97.6728
Stiekemerd	1	707031	97.6729
Stienstra	1	707032	97.6731
Stientje	1	707033	97.6732
Stier	1	707034	97.6734
Stig's	1	707035	97.6735
Stikkapot	1	707036	97.6736
Stil	1	707037	97.6738
Stille	1	707038	97.6739
Stilte	1	707039	97.674
Sting	1	707040	97.6742
Stoelen	1	707041	97.6743
Stoeme	1	707042	97.6745
Stoemerik	1	707043	97.6746
Stoepa	1	707044	97.6747
Stokbrood	1	707045	97.6749
Stomachache	1	707046	97.675
Stonede	1	707047	97.6752
Stones	1	707048	97.6753
Stoor	1	707049	97.6754
Stoort	1	707050	97.6756
Stoploss	1	707051	97.6757
Stoptrein	1	707052	97.6758
Storme	1	707053	97.676
Stormt	1	707054	97.6761
Storten	1	707055	97.6763
StrAks	1	707056	97.6764
Strakke	1	707057	97.6765
Strandje	1	707058	97.6767
Strategie	1	707059	97.6768
Streel	1	707060	97.677
Streets	1	707061	97.6771
Streetview	1	707062	97.6772
Stressssss	1	707063	97.6774
Strever	1	707064	97.6775
Strijken	1	707065	97.6776
Stripboek	1	707066	97.6778
Stripwinkel	1	707067	97.6779
Stroom	1	707068	97.6781
Stroomstoring	1	707069	97.6782
Structure	1	707070	97.6783
StructuurCievergadering	1	707071	97.6785
Struin	1	707072	97.6786
Strx	1	707073	97.6787
Stu	1	707074	97.6789
Studentenov	1	707075	97.679
Studentikoze	1	707076	97.6792
Studiepik	1	707077	97.6793
Studies	1	707078	97.6794
Stufkens	1	707079	97.6796
Stui	1	707080	97.6797
Stuiter	1	707081	97.6799
Stukje	1	707082	97.68
Stuttgart	1	707083	97.6801
Su	1	707084	97.6803
Subtiele	1	707085	97.6804
Succes-liefs-kus	1	707086	97.6805
Suffe	1	707087	97.6807
Sugar	1	707088	97.6808
Suggest	1	707089	97.681
Sukkel	1	707090	97.6811
Sukkels	1	707091	97.6812
Sultan	1	707092	97.6814
Summeren	1	707093	97.6815
Sunset	1	707094	97.6816
Sup	1	707095	97.6818
SuperTux	1	707096	97.6819
Superartikel	1	707097	97.6821
Superblij	1	707098	97.6822
Superdry	1	707099	97.6823
Superfijn	1	707100	97.6825
Supergeweldigleuk	1	707101	97.6826
Supergoeie	1	707102	97.6828
Superhandige	1	707103	97.6829
Superhete	1	707104	97.683
Superkus	1	707105	97.6832
Superlekker	1	707106	97.6833
Supermatch	1	707107	97.6834
Supernetjes	1	707108	97.6836
Supertoll	1	707109	97.6837
Supertux	1	707110	97.6839
Supervoeder	1	707111	97.684
Superwelkom	1	707112	97.6841
Suplize	1	707113	97.6843
Surf	1	707114	97.6844
Suriname	1	707115	97.6845
Surprise	1	707116	97.6847
Surrealistisch	1	707117	97.6848
Suusj	1	707118	97.685
Suuuupervet	1	707119	97.6851
Suuuuuuuperveel	1	707120	97.6852
Swanjeerd	1	707121	97.6854
Swank	1	707122	97.6855
Sweat	1	707123	97.6857
Sweden	1	707124	97.6858
Swift	1	707125	97.6859
Swing	1	707126	97.6861
Swissair	1	707127	97.6862
Swoon	1	707128	97.6863
Syb	1	707129	97.6865
Syberisch	1	707130	97.6866
Sybo's	1	707131	97.6868
Sylvia	1	707132	97.6869
Sylvie	1	707133	97.687
Symbian	1	707134	97.6872
System	1	707135	97.6873
Sytycd-ze	1	707136	97.6874
Szilagyi	1	707137	97.6876
Szoot	1	707138	97.6877
Súperchill	1	707139	97.6879
Süden	1	707140	97.688
Süsse	1	707141	97.6881
T-mobile	1	707142	97.6883
T-shirt	1	707143	97.6884
T-zuid	1	707144	97.6886
T.C.	1	707145	97.6887
TAB	1	707146	97.6888
TB-sfeer	1	707147	97.689
TC	1	707148	97.6891
THEUSUALSUSPECTS	1	707149	97.6892
TIS	1	707150	97.6894
TMobile	1	707151	97.6895
TNO-terrein	1	707152	97.6897
TNT	1	707153	97.6898
TODO's	1	707154	97.6899
TOEVOEGEN	1	707155	97.6901
TPC's	1	707156	97.6902
TS	1	707157	97.6904
TU-wijk	1	707158	97.6905
TV-film	1	707159	97.6906
TV-verhuur	1	707160	97.6908
TVproductie	1	707161	97.6909
TWBA	1	707162	97.691
TX	1	707163	97.6912
TYP	1	707164	97.6913
Taaaaaaart	1	707165	97.6915
Tack	1	707166	97.6916
Tactisch	1	707167	97.6917
Tadaaa	1	707168	97.6919
Tafeltjes	1	707169	97.692
Tafelvoetbal	1	707170	97.6921
Tag	1	707171	97.6923
Taking	1	707172	97.6924
Talen	1	707173	97.6926
Talented	1	707174	97.6927
Tamara	1	707175	97.6928
Tamme	1	707176	97.693
Tand	1	707177	97.6931
Tandarts	1	707178	97.6933
Tango	1	707179	97.6934
Tanken	1	707180	97.6935
Tankstation	1	707181	97.6937
Tanthof	1	707182	97.6938
Tapijt	1	707183	97.6939
Taskkiller	1	707184	97.6941
Taste	1	707185	97.6942
Tatanus	1	707186	97.6944
Tau	1	707187	97.6945
Tax-free	1	707188	97.6946
Tburg	1	707189	97.6948
Tchaikovsky	1	707190	97.6949
Teambespreking	1	707191	97.695
Technogabberpunk	1	707192	97.6952
Technootjes	1	707193	97.6953
Teddybeer	1	707194	97.6955
Tegelijk	1	707195	97.6956
Tegenhouden	1	707196	97.6957
Tegenovergesteld	1	707197	97.6959
Tegenvaller	1	707198	97.696
Tekenen	1	707199	97.6962
Telefoneer	1	707200	97.6963
Telefonisch	1	707201	97.6964
Telegraaf	1	707202	97.6966
Teletekst	1	707203	97.6967
Telt	1	707204	97.6968
Tem	1	707205	97.697
Tempelier	1	707206	97.6971
Tempo	1	707207	97.6973
Ten-ish	1	707208	97.6974
Tenacious	1	707209	97.6975
Tenk	1	707210	97.6977
Tennis	1	707211	97.6978
Tent	1	707212	97.6979
Tentakels	1	707213	97.6981
Tentamencijfers	1	707214	97.6982
Tentamendrukte	1	707215	97.6984
Tentamenkoning	1	707216	97.6985
Tentamenweek	1	707217	97.6986
Terminal	1	707218	97.6988
Ternauwernood	1	707219	97.6989
Terrasje	1	707220	97.6991
Terrecht	1	707221	97.6992
Terschellingweertje	1	707222	97.6993
Terugbellen	1	707223	97.6995
Teruggereden	1	707224	97.6996
Terugknijpen	1	707225	97.6997
Tervuursestraat	1	707226	97.6999
Tessa's	1	707227	97.7
Testen	1	707228	97.7002
Testosteron	1	707229	97.7003
Tetris	1	707230	97.7004
Tetteren	1	707231	97.7006
Tevreden	1	707232	97.7007
Texel	1	707233	97.7008
Texted	1	707234	97.701
Thad	1	707235	97.7011
Thaha	1	707236	97.7013
Thakkar	1	707237	97.7014
Thamel	1	707238	97.7015
Thankz	1	707239	97.7017
Thans	1	707240	97.7018
Thawan	1	707241	97.702
TheBeautyAndTheNerd	1	707242	97.7021
Thea	1	707243	97.7022
Thea's	1	707244	97.7024
Theater	1	707245	97.7025
Them	1	707246	97.7026
Thema	1	707247	97.7028
Theoriecertificaat	1	707248	97.7029
Theory	1	707249	97.7031
Theres	1	707250	97.7032
Thermo	1	707251	97.7033
Thesauritiaaaaaaaaaa	1	707252	97.7035
These	1	707253	97.7036
Thesis	1	707254	97.7038
Thesis-wise	1	707255	97.7039
Thi	1	707256	97.704
Thiers	1	707257	97.7042
Thighs	1	707258	97.7043
Thoughts	1	707259	97.7044
Thunderbird	1	707260	97.7046
Thunderbolt	1	707261	97.7047
Thuuh	1	707262	97.7049
Tia	1	707263	97.705
Ticket	1	707264	97.7051
Tickets	1	707265	97.7053
Tiefusvermoeiend	1	707266	97.7054
Tielt	1	707267	97.7055
Tiens	1	707268	97.7057
Ties	1	707269	97.7058
Tiet	1	707270	97.706
Tiff	1	707271	97.7061
Tiger	1	707272	97.7062
Tijdelijke	1	707273	97.7064
Tijden	1	707274	97.7065
Tijdrekker	1	707275	97.7067
Tijgerkloten	1	707276	97.7068
Tijlje	1	707277	97.7069
Tik	1	707278	97.7071
Til	1	707279	97.7072
Tilbo-zender	1	707280	97.7073
Tilburg-carnavals-sjaal	1	707281	97.7075
Tilburger	1	707282	97.7076
Tilburgers	1	707283	97.7078
Tilburgians	1	707284	97.7079
Tilburgsche	1	707285	97.708
Tillybilly	1	707286	97.7082
TimPa	1	707287	97.7083
Timbl	1	707288	97.7084
Time's	1	707289	97.7086
Timmes	1	707290	97.7087
Timmmoooooooooooooooooooooooooooooooooooooooooooooooooooooooooooooooooooooooooooooooooos	1	707291	97.7089
Timmooooooooooooooooooooooooooooooooooooooooooooooooooooooooooooooooooooooooooooooooooooooooooooos	1	707292	97.709
Timmooooooooooooooooooooooooooooooos	1	707293	97.7091
Timmooooooooooos	1	707294	97.7093
Timmoooooooos	1	707295	97.7094
Timmooos	1	707296	97.7096
Timmyboy	1	707297	97.7097
Timoooooooos	1	707298	97.7098
Timos	1	707299	97.71
Timur	1	707300	97.7101
Tink	1	707301	97.7102
Tir	1	707302	97.7104
Tiring	1	707303	97.7105
Tirol	1	707304	97.7107
Tiwaz	1	707305	97.7108
Tjakaa	1	707306	97.7109
Tjakkaaaaaaaa	1	707307	97.7111
Tjalle	1	707308	97.7112
Tjoc	1	707309	97.7113
Tjonge	1	707310	97.7115
Tklinkt	1	707311	97.7116
Tmoet	1	707312	97.7118
Tmrw	1	707313	97.7119
Tniveau	1	707314	97.712
ToDoList	1	707315	97.7122
Toblerone	1	707316	97.7123
Today	1	707317	97.7125
Toedeloe	1	707318	97.7126
Toegang	1	707319	97.7127
Toelaat	1	707320	97.7129
Toer	1	707321	97.713
Toeren	1	707322	97.7131
Toernooi	1	707323	97.7133
Toeschouwers	1	707324	97.7134
Toetje	1	707325	97.7136
Toetsen	1	707326	97.7137
Toetsenbord	1	707327	97.7138
Tofu	1	707328	97.714
Togt	1	707329	97.7141
Toilet	1	707330	97.7142
Tomaatjes	1	707331	97.7144
Tomaten	1	707332	97.7145
Tompoes	1	707333	97.7147
Tomtom	1	707334	97.7148
Ton	1	707335	97.7149
Tony	1	707336	97.7151
Toodeloo	1	707337	97.7152
Toog	1	707338	97.7154
Tooty	1	707339	97.7155
Top-wedstrijd	1	707340	97.7156
Topchef	1	707341	97.7158
Topdrukte	1	707342	97.7159
Topgear	1	707343	97.716
Topper	1	707344	97.7162
Toppertje	1	707345	97.7163
Toppiejoppie	1	707346	97.7165
Toren	1	707347	97.7166
Torhout	1	707348	97.7167
Torre	1	707349	97.7169
Tot.woe.dan	1	707350	97.717
Totally	1	707351	97.7172
Totstraksie	1	707352	97.7173
Touchscreen	1	707353	97.7174
Touring	1	707354	97.7176
Tours	1	707355	97.7177
Tout	1	707356	97.7178
Tower	1	707357	97.718
Towers	1	707358	97.7181
Tozzo	1	707359	97.7183
Traag	1	707360	97.7184
Track	1	707361	97.7185
Traffic	1	707362	97.7187
Trage	1	707363	97.7188
Tragisch	1	707364	97.7189
Trainingen	1	707365	97.7191
Trains	1	707366	97.7192
Trakteer	1	707367	97.7194
Tralalalalaaa	1	707368	97.7195
Tralalalalooo	1	707369	97.7196
Tralalaleelee	1	707370	97.7198
Tralalaouti	1	707371	97.7199
Trams	1	707372	97.7201
Tranentrekker	1	707373	97.7202
Transporten	1	707374	97.7203
Trap	1	707375	97.7205
Trash	1	707376	97.7206
Travel	1	707377	97.7207
Traveler's	1	707378	97.7209
Treiners	1	707379	97.721
Treinkaartjes	1	707380	97.7212
Treinrit	1	707381	97.7213
Treinze	1	707382	97.7214
Trekt	1	707383	97.7216
Trinkgut	1	707384	97.7217
Triple	1	707385	97.7218
Troelie	1	707386	97.722
Troelstra	1	707387	97.7221
Troep	1	707388	97.7223
Trojan	1	707389	97.7224
Trouvé	1	707390	97.7225
Trouwfeest	1	707391	97.7227
Trudy	1	707392	97.7228
Trui	1	707393	97.723
Trulwesten	1	707394	97.7231
Trustenkusjes	1	707395	97.7232
Trut	1	707396	97.7234
Träume	1	707397	97.7235
Tschijnt	1	707398	97.7236
Tsjechische	1	707399	97.7238
Tsjechië	1	707400	97.7239
Tslaat	1	707401	97.7241
Tsssk	1	707402	97.7242
Tssss	1	707403	97.7243
Tssssss	1	707404	97.7245
Tsssssss	1	707405	97.7246
Ttalalalaaaa	1	707406	97.7247
Tty	1	707407	97.7249
Tubx	1	707408	97.725
Tuk	1	707409	97.7252
Turk	1	707410	97.7253
Turkije	1	707411	97.7254
Turnhout	1	707412	97.7256
Turtles	1	707413	97.7257
Tussendoor	1	707414	97.7259
Tut	1	707415	97.726
Tuuluk	1	707416	97.7261
Tuur	1	707417	97.7263
Tuurlxk	1	707418	97.7264
Tuuttuut	1	707419	97.7265
TvA	1	707420	97.7267
Tvalt	1	707421	97.7268
Tviel	1	707422	97.727
Tvolgende	1	707423	97.7271
Twaalfwerkenvergadering	1	707424	97.7272
Twan	1	707425	97.7274
Tweemolentjeskade	1	707426	97.7275
Tweer	1	707427	97.7276
Tweetdeck	1	707428	97.7278
Twerkt	1	707429	97.7279
Twjs	1	707430	97.7281
Two	1	707431	97.7282
Tword	1	707432	97.7283
Twst	1	707433	97.7285
Twtjes	1	707434	97.7286
Tyler	1	707435	97.7288
Typical	1	707436	97.7289
Typing	1	707437	97.729
Typte	1	707438	97.7292
Typze	1	707439	97.7293
Tziet	1	707440	97.7294
Tøt	1	707441	97.7296
U-bahn	1	707442	97.7297
U-town	1	707443	97.7299
UIT	1	707444	97.73
UK	1	707445	97.7301
UNITED	1	707446	97.7303
UPS-bezorger	1	707447	97.7304
URL	1	707448	97.7306
USA	1	707449	97.7307
USB-stikkie	1	707450	97.7308
USBstick	1	707451	97.731
UTP	1	707452	97.7311
Uhhu	1	707453	97.7312
Uhu	1	707454	97.7314
Uil	1	707455	97.7315
Uitbundig	1	707456	97.7317
Uiteraars	1	707457	97.7318
Uiterste	1	707458	97.7319
Uitgaan	1	707459	97.7321
Uitgaansleven	1	707460	97.7322
Uitgebreid	1	707461	97.7323
Uitgeslapen	1	707462	97.7325
Uitgeteld	1	707463	97.7326
Uitgeweest	1	707464	97.7328
Uitkomst	1	707465	97.7329
Uitroepteken	1	707466	97.733
Uitslag	1	707467	97.7332
Uitslagen	1	707468	97.7333
Uitzendburo	1	707469	97.7335
Uitzending	1	707470	97.7336
Uitzicht	1	707471	97.7337
Ull	1	707472	97.7339
Um	1	707473	97.734
Umcg	1	707474	97.7341
Umi	1	707475	97.7343
Umleitung	1	707476	97.7344
Unda	1	707477	97.7346
Unexpected	1	707478	97.7347
Ungenau	1	707479	97.7348
Uni	1	707480	97.735
Uniek	1	707481	97.7351
Univers	1	707482	97.7352
Unk	1	707483	97.7354
Unnr	1	707484	97.7355
Untill	1	707485	97.7357
Upergave	1	707486	97.7358
Upload	1	707487	97.7359
Uploaden	1	707488	97.7361
Ups	1	707489	97.7362
Urgh	1	707490	97.7364
Ut	1	707491	97.7365
Utreg	1	707492	97.7366
Uuh	1	707493	97.7368
Uuuh	1	707494	97.7369
Uuum	1	707495	97.737
UvT-contract	1	707496	97.7372
UvT-hok	1	707497	97.7373
UvT-medewerker	1	707498	97.7375
UvT-pasje	1	707499	97.7376
Uwe	1	707500	97.7377
Uxio	1	707501	97.7379
Uyttenhove	1	707502	97.738
Uzij	1	707503	97.7381
V-batterijtje	1	707504	97.7383
V-knuffel	1	707505	97.7384
VARs	1	707506	97.7386
VED	1	707507	97.7387
VERLIEFD	1	707508	97.7388
VI	1	707509	97.739
VIA	1	707510	97.7391
VIPpen	1	707511	97.7393
VIPruimte	1	707512	97.7394
VOF	1	707513	97.7395
VRIJ	1	707514	97.7397
VSC	1	707515	97.7398
VVD	1	707516	97.7399
VVH-Beach	1	707517	97.7401
VVV	1	707518	97.7402
VWOers	1	707519	97.7404
Vaat	1	707520	97.7405
Vacature	1	707521	97.7406
Vaderdag	1	707522	97.7408
Vage	1	707523	97.7409
Vakantieman	1	707524	97.741
Vakbonden	1	707525	97.7412
Vaker	1	707526	97.7413
Val	1	707527	97.7415
Valcea	1	707528	97.7416
Valentie	1	707529	97.7417
Valentijnseditie	1	707530	97.7419
Valentine	1	707531	97.742
Valentine's	1	707532	97.7422
Valse	1	707533	97.7423
Vampire	1	707534	97.7424
Vanav	1	707535	97.7426
Vand	1	707536	97.7427
VandeWouw	1	707537	97.7428
Vandepitte	1	707538	97.743
Vandeweek	1	707539	97.7431
Vanilla	1	707540	97.7433
Vanja	1	707541	97.7434
Vanmiddg	1	707542	97.7435
Vanvond	1	707543	97.7437
Vanwege	1	707544	97.7438
Varkensgriep	1	707545	97.744
Varsha	1	707546	97.7441
Vasthouden	1	707547	97.7442
Vastzetten	1	707548	97.7444
Vatan	1	707549	97.7445
Vatos	1	707550	97.7446
VeT	1	707551	97.7448
Veeeeel	1	707552	97.7449
Veerboot	1	707553	97.7451
Veghel	1	707554	97.7452
Veldhoven	1	707555	97.7453
Veldhovenring	1	707556	97.7455
Veldstraat	1	707557	97.7456
Velserbroek	1	707558	97.7457
Veluwe	1	707559	97.7459
Venetië	1	707560	97.746
Veni	1	707561	97.7462
Vensterbaank	1	707562	97.7463
Veranda	1	707563	97.7464
Verbazend	1	707564	97.7466
Verbazing	1	707565	97.7467
Verbeterd	1	707566	97.7469
Verbiest	1	707567	97.747
Verbouwing	1	707568	97.7471
Verboven	1	707569	97.7473
Verbrand	1	707570	97.7474
Verdacht	1	707571	97.7475
Verdere	1	707572	97.7477
Verdiend	1	707573	97.7478
Verdient	1	707574	97.748
Verdoeme	1	707575	97.7481
Verdrietig	1	707576	97.7482
Verdwaald	1	707577	97.7484
Veren	1	707578	97.7485
Vergaderen	1	707579	97.7486
Vergat	1	707580	97.7488
Vergif	1	707581	97.7489
Vergist	1	707582	97.7491
Verhaal	1	707583	97.7492
Verhalen	1	707584	97.7493
Verheug	1	707585	97.7495
Verhoogde	1	707586	97.7496
Verhuis	1	707587	97.7498
Verhuizenhebben	1	707588	97.7499
Verhuizing	1	707589	97.75
Verjaardagskado	1	707590	97.7502
Verjaardagskus	1	707591	97.7503
Verklaart	1	707592	97.7504
Verkopert	1	707593	97.7506
Verlate	1	707594	97.7507
Verlatingsangst	1	707595	97.7509
Verlies	1	707596	97.751
Verlinken	1	707597	97.7511
Verloopdatum	1	707598	97.7513
Verloopt	1	707599	97.7514
Verloren	1	707600	97.7515
Vermeersch	1	707601	97.7517
Vermoed	1	707602	97.7518
Vermoedelijk	1	707603	97.752
Vermoeiend	1	707604	97.7521
Vernevelaar	1	707605	97.7522
Vernimmen	1	707606	97.7524
Veronica	1	707607	97.7525
Veronika	1	707608	97.7527
Veronique	1	707609	97.7528
Veroniques	1	707610	97.7529
Verplaatst	1	707611	97.7531
Verraderlijk	1	707612	97.7532
Verrasdingskusje	1	707613	97.7533
Verrassingseten	1	707614	97.7535
Verre	1	707615	97.7536
Verrekte	1	707616	97.7538
Verschiet	1	707617	97.7539
Verschilt	1	707618	97.754
Verschrikkelijk	1	707619	97.7542
Verschrikkelijke	1	707620	97.7543
Verschuiven	1	707621	97.7544
Verse	1	707622	97.7546
Verser	1	707623	97.7547
Verslag	1	707624	97.7549
Verslapen	1	707625	97.755
Verstaat	1	707626	97.7551
Verstandiger	1	707627	97.7553
Verstop	1	707628	97.7554
Vertaalopdracht	1	707629	97.7556
Vertoon	1	707630	97.7557
Veruit	1	707631	97.7558
Vervoeren	1	707632	97.756
Vervolg	1	707633	97.7561
Verwaaarrendd	1	707634	97.7562
Verwennen	1	707635	97.7564
Verwerkt	1	707636	97.7565
Verwijder	1	707637	97.7567
Verzamelen	1	707638	97.7568
Verzekering	1	707639	97.7569
Verzele-haems	1	707640	97.7571
Verzet	1	707641	97.7572
Verzetten	1	707642	97.7574
Verzoek	1	707643	97.7575
Verzorgingstafel	1	707644	97.7576
Vest	1	707645	97.7578
Vestinfdagen	1	707646	97.7579
Veto	1	707647	97.758
Vettel	1	707648	97.7582
Veys	1	707649	97.7583
Vezelay	1	707650	97.7585
Vgsd	1	707651	97.7586
Vianen	1	707652	97.7587
Viavia	1	707653	97.7589
Vic	1	707654	97.759
Vici-microfoon	1	707655	97.7591
Vico	1	707656	97.7593
Victoire	1	707657	97.7594
Vida	1	707658	97.7596
Vienna	1	707659	97.7597
Vierdaagse	1	707660	97.7598
Vierdaagsevriendinnetje	1	707661	97.76
Viering	1	707662	97.7601
View	1	707663	97.7603
Vieze	1	707664	97.7604
Vijskes	1	707665	97.7605
Viki	1	707666	97.7607
Village	1	707667	97.7608
Vin	1	707668	97.7609
Vinayak	1	707669	97.7611
Vince	1	707670	97.7612
Vinci	1	707671	97.7614
Vinde	1	707672	97.7615
Vinden	1	707673	97.7616
Violin	1	707674	97.7618
Virguine	1	707675	97.7619
Vis	1	707676	97.762
Visa	1	707677	97.7622
Vishandel	1	707678	97.7623
Visitekaartjes	1	707679	97.7625
Visscher	1	707680	97.7626
Visual	1	707681	97.7627
Visum	1	707682	97.7629
Vitula	1	707683	97.763
Vivek	1	707684	97.7632
Vivian	1	707685	97.7633
Vlaamsche	1	707686	97.7634
Vlak	1	707687	97.7636
Vlasmarkt	1	707688	97.7637
Vlees	1	707689	97.7638
Vleesbrood	1	707690	97.764
Vlieg	1	707691	97.7641
Vliegtickets	1	707692	97.7643
Vliegtuigmodus	1	707693	97.7644
Vlien	1	707694	97.7645
Vliet	1	707695	97.7647
Vlot	1	707696	97.7648
Vluchten	1	707697	97.7649
Vlug	1	707698	97.7651
Vndg	1	707699	97.7652
Vnj	1	707700	97.7654
Vo	1	707701	97.7655
Voc	1	707702	97.7656
Voedselvergiftigingsproblemen	1	707703	97.7658
Voelde	1	707704	97.7659
Voetbalfeest	1	707705	97.7661
Voetbalkrant.com	1	707706	97.7662
Voetballeeeuuuh	1	707707	97.7663
Voetgolf	1	707708	97.7665
Vogeltje	1	707709	97.7666
Voicecontrol	1	707710	97.7667
Volendams	1	707711	97.7669
Volg	1	707712	97.767
Volhouden	1	707713	97.7672
Volkan	1	707714	97.7673
Volkel	1	707715	97.7674
Volkswagen	1	707716	97.7676
Vollen	1	707717	97.7677
Volley	1	707718	97.7678
Volt	1	707719	97.768
Volterra	1	707720	97.7681
Voor-de-zekerheid-sms	1	707721	97.7683
Vooralsnog	1	707722	97.7684
Voorbereiding	1	707723	97.7685
Voorbereidingen	1	707724	97.7687
Voorkant	1	707725	97.7688
Voorprogramma	1	707726	97.769
Voorspoedige	1	707727	97.7691
Voort	1	707728	97.7692
Voortaan	1	707729	97.7694
Vooruitgang	1	707730	97.7695
Vosje	1	707731	97.7696
Vossenveld	1	707732	97.7698
Voyage	1	707733	97.7699
Vr.	1	707734	97.7701
Vraagjes	1	707735	97.7702
Vraagt	1	707736	97.7703
Vredeplein	1	707737	97.7705
Vreedeplein	1	707738	97.7706
Vreemde	1	707739	97.7708
Vreemdeling	1	707740	97.7709
Vreselijke	1	707741	97.771
VriendJE	1	707742	97.7712
Vrienden	1	707743	97.7713
Vriendinlief	1	707744	97.7714
Vriendinnetje	1	707745	97.7716
Vriezen	1	707746	97.7717
Vriezer	1	707747	97.7719
Vrijdaggevoel	1	707748	97.772
Vrijdagmorgen	1	707749	97.7721
Vrijdagnacht	1	707750	97.7723
Vrijdagochtend	1	707751	97.7724
Vrije	1	707752	97.7725
Vrijgezelle	1	707753	97.7727
Vrijgezellenavond	1	707754	97.7728
Vrijgo's	1	707755	97.773
Vrijstellingen	1	707756	97.7731
Vroege	1	707757	97.7732
Vrouwelijke	1	707758	97.7734
Vrydag	1	707759	97.7735
Vughterstraat	1	707760	97.7737
Vuilkar	1	707761	97.7738
Vultures	1	707762	97.7739
Vuur	1	707763	97.7741
Vuurspuwen	1	707764	97.7742
VvH	1	707765	97.7743
Vzw	1	707766	97.7745
Värmland	1	707767	97.7746
Vättern-meer	1	707768	97.7748
Vóór	1	707769	97.7749
WA	1	707770	97.775
WAAAAUW	1	707771	97.7752
WAAR	1	707772	97.7753
WAAROM	1	707773	97.7754
WAARSCHUWING	1	707774	97.7756
WALKED	1	707775	97.7757
WAP-menu	1	707776	97.7759
WAT	1	707777	97.776
WB	1	707778	97.7761
WC-rolhouder	1	707779	97.7763
WEEKEND	1	707780	97.7764
WEST	1	707781	97.7766
WHORE	1	707782	97.7767
WIE	1	707783	97.7768
WIJ	1	707784	97.777
WILL	1	707785	97.7771
WJNMK	1	707786	97.7772
WO	1	707787	97.7774
WOOHOO	1	707788	97.7775
WSC	1	707789	97.7777
WWW	1	707790	97.7778
WWW.brasserieappelmans.be	1	707791	97.7779
WaLe	1	707792	97.7781
Waaa	1	707793	97.7782
Waaaaaaaaaaaaaaaaaaaaaaaaaaaaaaaaaaaaaaaaaaaaaaaaaaaaaaaaaaaaaaw	1	707794	97.7783
Waaaaaat	1	707795	97.7785
Waaaaacht	1	707796	97.7786
Waaaaah	1	707797	97.7788
Waaaarggh	1	707798	97.7789
Waaahaa	1	707799	97.779
Waaat	1	707800	97.7792
Waakwijk	1	707801	97.7793
Waal	1	707802	97.7795
Waarin	1	707803	97.7796
Waarna	1	707804	97.7797
Waarnaartoe	1	707805	97.7799
Waarvandaan	1	707806	97.78
Waat	1	707807	97.7801
Wachtwoord	1	707808	97.7803
Wad	1	707809	97.7804
Wadan	1	707810	97.7806
Wadde	1	707811	97.7807
Wadden	1	707812	97.7808
Waddinxveen	1	707813	97.781
Waddist	1	707814	97.7811
Wagen	1	707815	97.7812
Wai	1	707816	97.7814
Waitress	1	707817	97.7815
Wales	1	707818	97.7817
Walibi	1	707819	97.7818
Walked	1	707820	97.7819
Walking	1	707821	97.7821
Walle-Dunn	1	707822	97.7822
Wandelen	1	707823	97.7824
Wandelze	1	707824	97.7825
Waneer	1	707825	97.7826
Wanne	1	707826	97.7828
Wantjes	1	707827	97.7829
Waor	1	707828	97.783
Wasmachine	1	707829	97.7832
Wassenaarweg	1	707830	97.7833
Wat-ie	1	707831	97.7835
Watch	1	707832	97.7836
Watcha	1	707833	97.7837
Watched	1	707834	97.7839
Watchmen	1	707835	97.784
Water	1	707836	97.7842
Waterpijpen	1	707837	97.7843
Wattan	1	707838	97.7844
Watte	1	707839	97.7846
Wattt	1	707840	97.7847
Waynehead	1	707841	97.7848
Wearing	1	707842	97.785
Webber	1	707843	97.7851
Webers	1	707844	97.7853
Wedden	1	707845	97.7854
Wederzijds	1	707846	97.7855
Wedstrijdje	1	707847	97.7857
Weekenddienstregeling	1	707848	97.7858
Weekendkusje	1	707849	97.7859
Weekendretourtje	1	707850	97.7861
Weekje	1	707851	97.7862
Weenie	1	707852	97.7864
Weeralarm	1	707853	97.7865
Weerstechnisch	1	707854	97.7866
Weerwolven	1	707855	97.7868
Weetek	1	707856	97.7869
Wegens	1	707857	97.7871
Weil	1	707858	97.7872
Weir	1	707859	97.7873
Weis	1	707860	97.7875
Weja	1	707861	97.7876
Wek	1	707862	97.7877
Wekken	1	707863	97.7879
Welderenstr	1	707864	97.788
Welhaast	1	707865	97.7882
Weliswaar	1	707866	97.7883
Welkse	1	707867	97.7884
Welt	1	707868	97.7886
Welwel	1	707869	97.7887
Wendel	1	707870	97.7888
Wenende	1	707871	97.789
Wenkbrauwen	1	707872	97.7891
Wennen	1	707873	97.7893
Wensen	1	707874	97.7894
Weren't	1	707875	97.7895
Werent	1	707876	97.7897
Werf	1	707877	97.7898
Werkelijk	1	707878	97.79
Werkgeheugen	1	707879	97.7901
Werkgroep	1	707880	97.7902
Werktijd	1	707881	97.7904
Werkweek	1	707882	97.7905
Wes	1	707883	97.7906
Weski	1	707884	97.7908
West-Vlaanderen	1	707885	97.7909
West-Vlamingen	1	707886	97.7911
West-afspraak	1	707887	97.7912
Westcoast	1	707888	97.7913
Westerman	1	707889	97.7915
Westmalle	1	707890	97.7916
Westvleteren	1	707891	97.7917
Wetenschappelijk	1	707892	97.7919
Whaaaaaaaa	1	707893	97.792
Whaaaaaaaaaa	1	707894	97.7922
Whahaaa	1	707895	97.7923
Whatever	1	707896	97.7924
WhatsAppen	1	707897	97.7926
Wheels	1	707898	97.7927
Whenever	1	707899	97.7929
Whenish	1	707900	97.793
Wheres	1	707901	97.7931
Whhahahaha	1	707902	97.7933
Whiii	1	707903	97.7934
Whistler	1	707904	97.7935
Whit	1	707905	97.7937
White	1	707906	97.7938
Whoehaha	1	707907	97.794
Whoehoewww	1	707908	97.7941
Whoeppie	1	707909	97.7942
Wholaaaaaa	1	707910	97.7944
Whoohoo	1	707911	97.7945
Whoooo	1	707912	97.7946
Whoooooo	1	707913	97.7948
Whoopwhoop	1	707914	97.7949
WiFi	1	707915	97.7951
Wibra	1	707916	97.7952
Wick	1	707917	97.7953
Wicked	1	707918	97.7955
Widerik	1	707919	97.7956
Wiebestijl	1	707920	97.7958
Wiekeeee	1	707921	97.7959
Wielewaal	1	707922	97.796
Wien	1	707923	97.7962
Wienerhaus	1	707924	97.7963
Wieringa	1	707925	97.7964
Wiew	1	707926	97.7966
Wiewatbewaardheeftwat	1	707927	97.7967
Wife	1	707928	97.7969
Wii-verslaafd	1	707929	97.797
Wiiii	1	707930	97.7971
Wijgerde	1	707931	97.7973
Wijnruitstr	1	707932	97.7974
Wijntjes	1	707933	97.7976
Wijze	1	707934	97.7977
Wil.je	1	707935	97.7978
Wilco	1	707936	97.798
Wildbaan	1	707937	97.7981
Wilden	1	707938	97.7982
Wilders	1	707939	97.7984
Wilfred	1	707940	97.7985
Wilhart	1	707941	97.7987
Will.be	1	707942	97.7988
Willemijn	1	707943	97.7989
Willemijns	1	707944	97.7991
William	1	707945	97.7992
Willie	1	707946	97.7993
Wimmel	1	707947	97.7995
Win	1	707948	97.7996
Windeke	1	707949	97.7998
Winfred	1	707950	97.7999
Winkel	1	707951	97.8
Winnen	1	707952	97.8002
Winner	1	707953	97.8003
Winnerke	1	707954	97.8005
Winter	1	707955	97.8006
Wiskunde	1	707956	97.8007
Wissel	1	707957	97.8009
With	1	707958	97.801
Witnie	1	707959	97.8011
Witte	1	707960	97.8013
Witteveen	1	707961	97.8014
Witz	1	707962	97.8016
Wizzair	1	707963	97.8017
Wnr	1	707964	97.8018
Woehaa	1	707965	97.802
Woehoeeeiiiii	1	707966	97.8021
Woelige	1	707967	97.8022
Woendag	1	707968	97.8024
Woensd	1	707969	97.8025
Woensdagochtend	1	707970	97.8027
Woensdagvond	1	707971	97.8028
Woepie	1	707972	97.8029
Woerden	1	707973	97.8031
Woke	1	707974	97.8032
Wokpan	1	707975	97.8034
Wolf's	1	707976	97.8035
Wolfram	1	707977	97.8036
Wolters	1	707978	97.8038
Women	1	707979	97.8039
Wond	1	707980	97.804
Wonde	1	707981	97.8042
Wonder	1	707982	97.8043
Wonderflux	1	707983	97.8045
Wont	1	707984	97.8046
Woods	1	707985	97.8047
Woonia	1	707986	97.8049
Wooooh	1	707987	97.805
Wooooooooooooooow	1	707988	97.8051
Wooooooow	1	707989	97.8053
Woooow	1	707990	97.8054
Wooot	1	707991	97.8056
Wooow	1	707992	97.8057
Woopwoop	1	707993	97.8058
Woordenboekfunctie	1	707994	97.806
Woot	1	707995	97.8061
Wop	1	707996	97.8063
Wordfeud	1	707997	97.8064
Wordpress	1	707998	97.8065
Working	1	707999	97.8067
Wormux	1	708000	97.8068
Worstenfeesten	1	708001	97.8069
Wouden	1	708002	97.8071
Wouldn't	1	708003	97.8072
Wouldnt	1	708004	97.8074
Woushi	1	708005	97.8075
Wout	1	708006	97.8076
Wouter.de	1	708007	97.8078
Wowie	1	708008	97.8079
Wraps	1	708009	97.808
Wrm	1	708010	97.8082
Wrom	1	708011	97.8083
Wrs	1	708012	97.8085
Wst	1	708013	97.8086
Wuj	1	708014	97.8087
Wull	1	708015	97.8089
Wunderbar	1	708016	97.809
Www	1	708017	97.8092
Www.debestebinnenstad.nl	1	708018	97.8093
Wwwwaaaaaaaaahhhh	1	708019	97.8094
Wys	1	708020	97.8096
Wàt	1	708021	97.8097
Wão	1	708022	97.8098
X-MSN	1	708023	97.81
XDenise	1	708024	97.8101
XIII	1	708025	97.8103
XMaartje	1	708026	97.8104
XTC	1	708027	97.8105
XTREME	1	708028	97.8107
XXXX	1	708029	97.8108
XXXXXXXXXX	1	708030	97.811
XXXXXXXXXXXXXXX	1	708031	97.8111
XXXXXXXXXXXXXXXXXXXXXXXXX	1	708032	97.8112
XXXXXXXXXXXXXXXXXXXXXXXXXXXXXXXX	1	708033	97.8114
XXxXX	1	708034	97.8115
XXxXXXXXXXXXXXXXXXCC	1	708035	97.8116
XXxx	1	708036	97.8118
XXxxxXXXXXXXXXXXXXX	1	708037	97.8119
XXxxxxxxxxxxxxx	1	708038	97.8121
XXxxxxxxxxxxxxxxxxx	1	708039	97.8122
Xanten	1	708040	97.8123
Xd	1	708041	97.8125
Xdenise	1	708042	97.8126
Xe	1	708043	97.8127
Xjah	1	708044	97.8129
Xjea	1	708045	97.813
Xkxk	1	708046	97.8132
Xlau	1	708047	97.8133
Xm	1	708048	97.8134
Xmar	1	708049	97.8136
Xmas	1	708050	97.8137
Xo	1	708051	97.8139
Xoorhand	1	708052	97.814
Xperia	1	708053	97.8141
Xtace	1	708054	97.8143
Xx+	1	708055	97.8144
XxXx	1	708056	97.8145
XxXxXxX	1	708057	97.8147
Xxkirsten	1	708058	97.8148
Xxm	1	708059	97.815
Xxxk	1	708060	97.8151
XxxxXxXXXXXXXXXXX	1	708061	97.8152
Xxxxxoxoxoxoxoxo	1	708062	97.8154
Xxxxxxx	1	708063	97.8155
Xxxxxxxxx	1	708064	97.8156
Xxxxxxxxxx	1	708065	97.8158
Xxxxxxxxxxcxxxxx	1	708066	97.8159
Xxxxxxxxxxxxxxx	1	708067	97.8161
Xxxxxxxxxxxxxxxx	1	708068	97.8162
Xxxxxxxxxxxxxxxxxxxxxxxxxxxxxxxx	1	708069	97.8163
Xxxxxxxxxxxxxxxxxxxxxxxxxxxxxxxxxx	1	708070	97.8165
Xxxxxxxxxxxxxxxxxxxxxxxxxxxxxxxxxxxxxx	1	708071	97.8166
Xxxxxxxxxxxxxxxxxxxxxxxxxxxxxxxxxxxxxxxxx	1	708072	97.8168
Xxxxxxxxxxxxxxxxxxxxxxxxxxxxxxxxxxxxxxxxxx	1	708073	97.8169
Xxxxxxxxxxxxxxxxxxxxxxxxxxxxxxxxxxxxxxxxxxxxxxxxx	1	708074	97.817
Xxxxxxxxxxxxxxxxxxxxxxxxxxxxxxxxxxxxxxxxxxxxxxxxxxxxxxxxxxxxxxxxxxxxxxxxxxxxx	1	708075	97.8172
Xxxxxxxxxxxxxxxxxxxxxxxxxxxxxxxxxxxxxxxxxxxxxxxxxxxxxxxxxxxxxxxxxxxxxxxxxxxxxxxxxxxxxxxxxxxdxxxxxxxxxxxxxxxxxxxxxxxxx	1	708076	97.8173
Xxxxxxxxxxxxxxxxxxxxxxxxxxxxxxxxxxxxxxxxxxxxxxxxxxxxxxxxxxxxxxxxxxxxxxxxxxxxxxxxxxxxxxxxxxxxxxxxxxxxxxxxxxxxxxxxxxxxxxxxxxxxxxxxxxxxxxxxxxxxxxxxxx	1	708077	97.8174
Xxxz	1	708078	97.8176
Xz	1	708079	97.8177
Xzx	1	708080	97.8179
YA	1	708081	97.818
YEEEESSSS	1	708082	97.8181
YESSS	1	708083	97.8183
YT	1	708084	97.8184
Ya	1	708085	97.8185
Yaaaaaaay	1	708086	97.8187
Yah	1	708087	97.8188
Yan	1	708088	97.819
Yard	1	708089	97.8191
Yasmien	1	708090	97.8192
Yasmin	1	708091	97.8194
Yeahhh	1	708092	97.8195
Year-old	1	708093	97.8197
Yeeeesssssss	1	708094	97.8198
Yeees	1	708095	97.8199
Yeeesssss	1	708096	97.8201
Yeesssssss	1	708097	97.8202
Yeey	1	708098	97.8203
Yellow	1	708099	97.8205
Yeo	1	708100	97.8206
Yess	1	708101	97.8208
Yichen	1	708102	97.8209
Yihaaa	1	708103	97.821
Yihaaaaaaaaaa	1	708104	97.8212
Yilmas	1	708105	97.8213
Yoga	1	708106	97.8215
Yoga-en	1	708107	97.8216
Yogi	1	708108	97.8217
Yohoo	1	708109	97.8219
Yoo	1	708110	97.822
Yooo	1	708111	97.8221
Youjizz	1	708112	97.8223
Youp	1	708113	97.8224
Youth	1	708114	97.8226
Yowsa	1	708115	97.8227
YuliusKilometerMooie	1	708116	97.8228
Yuri	1	708117	97.823
Yuuuw	1	708118	97.8231
Yvette	1	708119	97.8232
Yyp	1	708120	97.8234
Z'n	1	708121	97.8235
Z.	1	708122	97.8237
ZEC	1	708123	97.8238
ZIN	1	708124	97.8239
ZOEN	1	708125	97.8241
ZW-rsca	1	708126	97.8242
ZWAAR	1	708127	97.8244
ZZZZZZ	1	708128	97.8245
Zaag	1	708129	97.8246
Zaagmans	1	708130	97.8248
Zaaien	1	708131	97.8249
Zabzab	1	708132	97.825
Zadden	1	708133	97.8252
Zakgeldverhoging	1	708134	97.8253
Zakje	1	708135	97.8255
Zaligen	1	708136	97.8256
Zallek	1	708137	97.8257
Zap	1	708138	97.8259
Zarzuela	1	708139	97.826
Zaterd	1	708140	97.8261
Zaterdagmiddag	1	708141	97.8263
Zatte	1	708142	97.8264
Zebbie	1	708143	97.8266
Zebra-papieren	1	708144	97.8267
Zee	1	708145	97.8268
Zeeman	1	708146	97.827
Zegeltjes	1	708147	97.8271
Zeilze	1	708148	97.8273
Zeist	1	708149	97.8274
Zekah	1	708150	97.8275
Zelde	1	708151	97.8277
Zelden	1	708152	97.8278
Zelfgemaakte	1	708153	97.8279
Zelfmoord	1	708154	97.8281
Zemmet	1	708155	97.8282
Zen	1	708156	97.8284
Zenith	1	708157	97.8285
Zenuwen	1	708158	97.8286
Zenuwslopend	1	708159	97.8288
Zernike	1	708160	97.8289
Zesde	1	708161	97.829
Zeuntje	1	708162	97.8292
Zeus	1	708163	97.8293
Zeven	1	708164	97.8295
Zevenbergen	1	708165	97.8296
Zevenheuvelen	1	708166	97.8297
Zgn	1	708167	97.8299
Zichy	1	708168	97.83
Ziede	1	708169	97.8302
Zieet	1	708170	97.8303
Ziekenhuisapparatuur	1	708171	97.8304
Zielsveel	1	708172	97.8306
Zije	1	708173	97.8307
Zijnde	1	708174	97.8308
Zijstraat	1	708175	97.831
Zilleghem	1	708176	97.8311
Zimbabwe	1	708177	97.8313
Zimmermann	1	708178	97.8314
Zir	1	708179	97.8315
Zis	1	708180	97.8317
Zita	1	708181	97.8318
Zitte	1	708182	97.8319
Zittert	1	708183	97.8321
Zju	1	708184	97.8322
Zocht	1	708185	97.8324
Zodat	1	708186	97.8325
Zoekt	1	708187	97.8326
Zoektocht	1	708188	97.8328
Zoene	1	708189	97.8329
Zoet	1	708190	97.8331
Zombie	1	708191	97.8332
Zomerfeesten	1	708192	97.8333
Zomibo	1	708193	97.8335
Zondagochtend	1	708194	97.8336
Zonee	1	708195	97.8337
Zonen	1	708196	97.8339
Zonet	1	708197	97.834
Zonnebrandcreme	1	708198	97.8342
Zonnebril	1	708199	97.8343
Zonnegloed	1	708200	97.8344
Zonnetje	1	708201	97.8346
Zonnig	1	708202	97.8347
Zoom-Delft	1	708203	97.8349
Zoon	1	708204	97.835
Zopas	1	708205	97.8351
Zorgmail	1	708206	97.8353
Zottin	1	708207	97.8354
Zou.je	1	708208	97.8355
Zover	1	708209	97.8357
Zowiezo	1	708210	97.8358
Zowé	1	708211	97.836
Zu	1	708212	97.8361
Zuid-Afrika	1	708213	97.8362
Zuiden	1	708214	97.8364
Zuidinga	1	708215	97.8365
Zuip	1	708216	97.8366
Zuipen	1	708217	97.8368
Zuipschuit	1	708218	97.8369
Zul	1	708219	97.8371
Zulle	1	708220	97.8372
Zum	1	708221	97.8373
Zundapp	1	708222	97.8375
Zus	1	708223	97.8376
Zusch	1	708224	97.8378
Zussie	1	708225	97.8379
Zustah	1	708226	97.838
Zustertje	1	708227	97.8382
Zuur	1	708228	97.8383
Zwaagmans	1	708229	97.8384
Zwaai	1	708230	97.8386
Zwaait	1	708231	97.8387
Zwanger	1	708232	97.8389
Zweed	1	708233	97.839
Zwei	1	708234	97.8391
Zwemme	1	708235	97.8393
Zwientjes	1	708236	97.8394
Zwitserse	1	708237	97.8395
Zx	1	708238	97.8397
Zyde	1	708239	97.8398
Zyt	1	708240	97.84
Zz	1	708241	97.8401
ZzZzZzZzZzZzZz	1	708242	97.8402
Zzz	1	708243	97.8404
Zzzzzzz	1	708244	97.8405
ZzzzzzzzzZZZzzz	1	708245	97.8407
Zéker	1	708246	97.8408
Zéér	1	708247	97.8409
Zürich	1	708248	97.8411
a-holes	1	708249	97.8412
a-m	1	708250	97.8413
a.	1	708251	97.8415
a.k.a.	1	708252	97.8416
a.lunshof@gmail.com	1	708253	97.8418
aaaaah	1	708254	97.8419
aaaah	1	708255	97.842
aaah	1	708256	97.8422
aaahn	1	708257	97.8423
aacbt	1	708258	97.8424
aad	1	708259	97.8426
aahnnja	1	708260	97.8427
aaien	1	708261	97.8429
aaitje	1	708262	97.843
aakomende	1	708263	97.8431
aal	1	708264	97.8433
aalbes	1	708265	97.8434
aam	1	708266	97.8436
aamgesien	1	708267	97.8437
aamt	1	708268	97.8438
aan.Ik	1	708269	97.844
aan.nu	1	708270	97.8441
aanbeland	1	708271	97.8442
aanbevelen	1	708272	97.8444
aanbeveling	1	708273	97.8445
aanbied	1	708274	97.8447
aanbouw	1	708275	97.8448
aanbreken	1	708276	97.8449
aanbrengen	1	708277	97.8451
aandachtzoekers	1	708278	97.8452
aandag	1	708279	97.8453
aandat	1	708280	97.8455
aandeel	1	708281	97.8456
aandenken	1	708282	97.8458
aandoe	1	708283	97.8459
aandoenlijk	1	708284	97.846
aangaan	1	708285	97.8462
aangaande	1	708286	97.8463
aangebeld	1	708287	97.8465
aangeboren	1	708288	97.8466
aangebrand	1	708289	97.8467
aangedampt	1	708290	97.8469
aangedurfd	1	708291	97.847
aangeeft	1	708292	97.8471
aangehad	1	708293	97.8473
aangekleed	1	708294	97.8474
aangekomn	1	708295	97.8476
aangemaakt	1	708296	97.8477
aangename	1	708297	97.8478
aangestaan	1	708298	97.848
aangesteld	1	708299	97.8481
aangetikt	1	708300	97.8483
aangetrokken	1	708301	97.8484
aangevallen	1	708302	97.8485
aangevreten	1	708303	97.8487
aangezeten	1	708304	97.8488
aangooien	1	708305	97.8489
aanhaakt	1	708306	97.8491
aanhef	1	708307	97.8492
aanhoren	1	708308	97.8494
aank	1	708309	97.8495
aankloppen	1	708310	97.8496
aanklopten	1	708311	97.8498
aankon	1	708312	97.8499
aankondiging	1	708313	97.85
aankoopbedrag	1	708314	97.8502
aankoopt	1	708315	97.8503
aankunnen	1	708316	97.8505
aankwam	1	708317	97.8506
aankwamen	1	708318	97.8507
aanlaten	1	708319	97.8509
aanleggen	1	708320	97.851
aanliggen	1	708321	97.8512
aanlikkelijk	1	708322	97.8513
aanlokkelijk	1	708323	97.8514
aanlopen	1	708324	97.8516
aanmaaklimonade	1	708325	97.8517
aanmaakt	1	708326	97.8518
aanmaken	1	708327	97.852
aanmij	1	708328	97.8521
aanmoediging	1	708329	97.8523
aanmoest	1	708330	97.8524
aanpak	1	708331	97.8525
aanpakt	1	708332	97.8527
aanpassn	1	708333	97.8528
aanpast	1	708334	97.8529
aanporren	1	708335	97.8531
aanraders	1	708336	97.8532
aanrennen	1	708337	97.8534
aanschaf	1	708338	97.8535
aanschaffen	1	708339	97.8536
aanslag	1	708340	97.8538
aansluitingen	1	708341	97.8539
aanspoort	1	708342	97.8541
aansporen	1	708343	97.8542
aanspreekbaar	1	708344	97.8543
aanstaan	1	708345	97.8545
aanstalten	1	708346	97.8546
aansteek	1	708347	97.8547
aanstelling	1	708348	97.8549
aansturing	1	708349	97.855
aant.in	1	708350	97.8552
aantast	1	708351	97.8553
aantrekkelyk	1	708352	97.8554
aanvaarden	1	708353	97.8556
aanval	1	708354	97.8557
aanvangen	1	708355	97.8558
aanverwante	1	708356	97.856
aanvoelen	1	708357	97.8561
aanvoelt	1	708358	97.8563
aanvullende	1	708359	97.8564
aanvullingen	1	708360	97.8565
aanwendt	1	708361	97.8567
aanwerven	1	708362	97.8568
aanwezg	1	708363	97.857
aanwezigen	1	708364	97.8571
aanwezigheden	1	708365	97.8572
aanwijsbare	1	708366	97.8574
aanwzh	1	708367	97.8575
aanzicht	1	708368	97.8576
aanziet	1	708369	97.8578
aanzoek	1	708370	97.8579
aard	1	708371	97.8581
aardappeltoefjes	1	708372	97.8582
aardbeibak	1	708373	97.8583
aardbol	1	708374	97.8585
aardr	1	708375	97.8586
aards	1	708376	97.8587
aarsworm	1	708377	97.8589
aba	1	708378	97.859
ababnerd	1	708379	97.8592
abajour	1	708380	97.8593
abbonement	1	708381	97.8594
abders	1	708382	97.8596
abenraa	1	708383	97.8597
aber	1	708384	97.8599
abhijit	1	708385	97.86
abn	1	708386	97.8601
abnormaal	1	708387	97.8603
abon	1	708388	97.8604
above	1	708389	97.8605
abraham	1	708390	97.8607
abrahamstatus	1	708391	97.8608
abs	1	708392	97.861
absiluut	1	708393	97.8611
absolute	1	708394	97.8612
abstract	1	708395	97.8614
abstracte	1	708396	97.8615
absurd	1	708397	97.8617
absurdisme	1	708398	97.8618
absynthe	1	708399	97.8619
abu	1	708400	97.8621
ac	1	708401	97.8622
academiki	1	708402	97.8623
academisch	1	708403	97.8625
academische	1	708404	97.8626
accept	1	708405	97.8628
acceptabele	1	708406	97.8629
accessoires	1	708407	97.863
accesspoints	1	708408	97.8632
accident	1	708409	97.8633
accidentje	1	708410	97.8634
accijns	1	708411	97.8636
acclimatiseren	1	708412	97.8637
acco	1	708413	97.8639
accounten	1	708414	97.864
accountmanager	1	708415	97.8641
accu-slurpen	1	708416	97.8643
accudent	1	708417	97.8644
accus	1	708418	97.8646
acer	1	708419	97.8647
aces	1	708420	97.8648
acher	1	708421	97.865
achterbumper	1	708422	97.8651
achterburen	1	708423	97.8652
achterdeuren	1	708424	97.8654
achtereen	1	708425	97.8655
achtergebleven	1	708426	97.8657
achtergevel	1	708427	97.8658
achtergrond	1	708428	97.8659
achtergronddecoratie	1	708429	97.8661
achtergrondmuziek	1	708430	97.8662
achterhaald	1	708431	97.8663
achterhoudt	1	708432	97.8665
achteringang	1	708433	97.8666
achterkomen	1	708434	97.8668
achterlate	1	708435	97.8669
achterlicht	1	708436	97.867
achterlijke	1	708437	97.8672
achterlijkste	1	708438	97.8673
achterlijle	1	708439	97.8675
achterlopen	1	708440	97.8676
achterna	1	708441	97.8677
achterruit	1	708442	97.8679
achterstaan	1	708443	97.868
achterstandswijken	1	708444	97.8681
achtertuin	1	708445	97.8683
achtervolgt	1	708446	97.8684
achterwege	1	708447	97.8686
achterwiel	1	708448	97.8687
achting	1	708449	97.8688
achtrnaam	1	708450	97.869
achtte	1	708451	97.8691
achyerste	1	708452	97.8692
acne	1	708453	97.8694
acosts	1	708454	97.8695
acquaintance	1	708455	97.8697
acte	1	708456	97.8698
acted	1	708457	97.8699
acteerles	1	708458	97.8701
acteur	1	708459	97.8702
acteurs	1	708460	97.8704
actiefilm	1	708461	97.8705
actiefs	1	708462	97.8706
acties	1	708463	97.8708
actieve	1	708464	97.8709
actimellekes	1	708465	97.871
action	1	708466	97.8712
activeert	1	708467	97.8713
activities	1	708468	97.8715
actual	1	708469	97.8716
actueel	1	708470	97.8717
adams	1	708471	97.8719
adaptors	1	708472	97.872
addek	1	708473	97.8721
addertje	1	708474	97.8723
adecco	1	708475	97.8724
ademhalingsmonitor	1	708476	97.8726
ademruimte	1	708477	97.8727
adept	1	708478	97.8728
aderen	1	708479	97.873
aderpaar	1	708480	97.8731
adhd	1	708481	97.8733
admin	1	708482	97.8734
admin-sessie	1	708483	97.8735
admiraal	1	708484	97.8737
adopteren	1	708485	97.8738
adress	1	708486	97.8739
adreswijzigingen	1	708487	97.8741
adrie	1	708488	97.8742
adult	1	708489	97.8744
adv	1	708490	97.8745
adventskalender	1	708491	97.8746
adventskalenders	1	708492	97.8748
adventure	1	708493	97.8749
adverteren	1	708494	97.8751
adviCe	1	708495	97.8752
adviezen	1	708496	97.8753
adviseerde	1	708497	97.8755
advocaatje	1	708498	97.8756
aedeen	1	708499	97.8757
aeldinges	1	708500	97.8759
aero	1	708501	97.876
af.heb	1	708502	97.8762
afbesteld	1	708503	97.8763
afbetaling	1	708504	97.8764
afbijten	1	708505	97.8766
afblazen	1	708506	97.8767
afbrekende	1	708507	97.8768
afdakje	1	708508	97.877
afdaling	1	708509	97.8771
afdelingen	1	708510	97.8773
afdrogen	1	708511	97.8774
afdruk	1	708512	97.8775
afemhaalt	1	708513	97.8777
affiniteit	1	708514	97.8778
afga	1	708515	97.878
afgebeelde	1	708516	97.8781
afgebeten	1	708517	97.8782
afgebrand	1	708518	97.8784
afgedaald	1	708519	97.8785
afgedwaald	1	708520	97.8786
afgehaakt	1	708521	97.8788
afgehaald	1	708522	97.8789
afgekeurd	1	708523	97.8791
afgekoeld	1	708524	97.8792
afgekomen	1	708525	97.8793
afgekoppeld	1	708526	97.8795
afgekregen	1	708527	97.8796
afgelegd	1	708528	97.8797
afgelost	1	708529	97.8799
afgemat	1	708530	97.88
afgeplakt	1	708531	97.8802
afgeraffeld	1	708532	97.8803
afgereden	1	708533	97.8804
afgerekend	1	708534	97.8806
afgericht	1	708535	97.8807
afgeschreven	1	708536	97.8809
afgesprokn	1	708537	97.881
afgesprooen	1	708538	97.8811
afgestapt	1	708539	97.8813
afgestemd	1	708540	97.8814
afgestudeerde	1	708541	97.8815
afgestuurd	1	708542	97.8817
afgetekend	1	708543	97.8818
afgevallen	1	708544	97.882
afgevoerd	1	708545	97.8821
afgewend	1	708546	97.8822
afgewezen	1	708547	97.8824
afgewisseld	1	708548	97.8825
afgieten	1	708549	97.8826
afglijden	1	708550	97.8828
afhaakt	1	708551	97.8829
afhaalsinees	1	708552	97.8831
afhaalt	1	708553	97.8832
afhaken	1	708554	97.8833
afhandeling	1	708555	97.8835
afhebben	1	708556	97.8836
afhouden	1	708557	97.8838
afk	1	708558	97.8839
afkleedt	1	708559	97.884
afknapdag	1	708560	97.8842
afkoelen	1	708561	97.8843
afl	1	708562	97.8844
afl.	1	708563	97.8846
afleid	1	708564	97.8847
afleiden	1	708565	97.8849
afleveren	1	708566	97.885
afleverinkje	1	708567	97.8851
aflevertijd	1	708568	97.8853
aflezen	1	708569	97.8854
aflopen	1	708570	97.8855
aflossen	1	708571	97.8857
afmaakt	1	708572	97.8858
afmeldingen	1	708573	97.886
afmeten	1	708574	97.8861
afname	1	708575	97.8862
afnemen	1	708576	97.8864
afpak	1	708577	97.8865
afprijsbakken	1	708578	97.8867
afprinten	1	708579	97.8868
afraid	1	708580	97.8869
afrekening	1	708581	97.8871
afrijden	1	708582	97.8872
afrikaans	1	708583	97.8873
afrikalaan	1	708584	97.8875
afroepen	1	708585	97.8876
afrollen	1	708586	97.8878
afscheidsborrel	1	708587	97.8879
afscheidscappuccino	1	708588	97.888
afscheidsdinertje	1	708589	97.8882
afscheidsfeest	1	708590	97.8883
afscherm	1	708591	97.8885
afschijdsfeestje	1	708592	97.8886
afschijdsparty	1	708593	97.8887
afschrijving	1	708594	97.8889
afschrikk	1	708595	97.889
afsgesproken	1	708596	97.8891
afslaan	1	708597	97.8893
afsluitend	1	708598	97.8894
afsluiter	1	708599	97.8896
afsnijroute	1	708600	97.8897
afsnis	1	708601	97.8898
afspeuren	1	708602	97.89
afspraakje	1	708603	97.8901
afsprak	1	708604	97.8902
afsprechn	1	708605	97.8904
afstandelijk	1	708606	97.8905
afstandelijkheid	1	708607	97.8907
afstandsbedienibg	1	708608	97.8908
afstandsbediening	1	708609	97.8909
afstempelen	1	708610	97.8911
afstotelijker	1	708611	97.8912
afstraal	1	708612	97.8914
afstudeerde	1	708613	97.8915
aftaaien	1	708614	97.8916
aftakelen	1	708615	97.8918
aftekenen	1	708616	97.8919
afterbreakfastdipje	1	708617	97.892
aftersun	1	708618	97.8922
afterwork	1	708619	97.8923
afterworkske	1	708620	97.8925
aftrap	1	708621	97.8926
aftrek	1	708622	97.8927
aftrekke	1	708623	97.8929
aftrekken	1	708624	97.893
afval	1	708625	97.8931
afvallen	1	708626	97.8933
afvalt	1	708627	97.8934
afvoer	1	708628	97.8936
afw	1	708629	97.8937
afwasborstel	1	708630	97.8938
afwasmachine	1	708631	97.894
afwasservice	1	708632	97.8941
afwegen	1	708633	97.8943
afweging	1	708634	97.8944
afwijsachtig	1	708635	97.8945
afwijzing	1	708636	97.8947
afwikkeling	1	708637	97.8948
afzegd	1	708638	97.8949
afzegde	1	708639	97.8951
afzegt	1	708640	97.8952
afzender	1	708641	97.8954
afzet	1	708642	97.8955
afzette	1	708643	97.8956
afzijdig	1	708644	97.8958
afzonderlijk	1	708645	97.8959
aged	1	708646	97.896
agence	1	708647	97.8962
agendaplanning	1	708648	97.8963
aggressive	1	708649	97.8965
agowe	1	708650	97.8966
agree	1	708651	97.8967
agressief	1	708652	97.8969
ah.nl	1	708653	97.897
ahaaaaaaaa	1	708654	97.8972
ahead	1	708655	97.8973
ahn	1	708656	97.8974
ahnanatsiesienamooo	1	708657	97.8976
ahnee	1	708658	97.8977
ahum	1	708659	97.8978
ahzo	1	708660	97.898
ahzu	1	708661	97.8981
aid	1	708662	97.8983
aiki	1	708663	97.8984
ailoli	1	708664	97.8985
aime	1	708665	97.8987
airconditioning	1	708666	97.8988
aire	1	708667	97.8989
airstop	1	708668	97.8991
airway	1	708669	97.8992
aj	1	708670	97.8994
ajax-doelpunt	1	708671	97.8995
ajders	1	708672	97.8996
aje	1	708673	97.8998
ajuinlei	1	708674	97.8999
akacfa	1	708675	97.9001
akkoordje	1	708676	97.9002
akoestiek	1	708677	97.9003
aktiesport	1	708678	97.9005
al't	1	708679	97.9006
ala	1	708680	97.9007
aladdin	1	708681	97.9009
alain	1	708682	97.901
alamo	1	708683	97.9012
alaska	1	708684	97.9013
albert	1	708685	97.9014
albertlaan	1	708686	97.9016
albino	1	708687	97.9017
albums	1	708688	97.9019
alcoholism	1	708689	97.902
alcoholist	1	708690	97.9021
alcool	1	708691	97.9023
alcostift	1	708692	97.9024
aleerliefste	1	708693	97.9025
alfa	1	708694	97.9027
alfabet	1	708695	97.9028
alfafaculteit	1	708696	97.903
alg	1	708697	97.9031
alghero	1	708698	97.9032
alginds	1	708699	97.9034
alhier	1	708700	97.9035
alhoewel	1	708701	97.9036
alias	1	708702	97.9038
alibag	1	708703	97.9039
alibaugh	1	708704	97.9041
alicante	1	708705	97.9042
alice	1	708706	97.9043
alien	1	708707	97.9045
aliens	1	708708	97.9046
alike	1	708709	97.9048
all-time-hero	1	708710	97.9049
alleee	1	708711	97.905
alleeen	1	708712	97.9052
alleeg	1	708713	97.9053
allegria	1	708714	97.9054
allemaal.goed.ko	1	708715	97.9056
alleraardigst	1	708716	97.9057
allerallerlaatste	1	708717	97.9059
allerbelangrijkste	1	708718	97.906
allereerste	1	708719	97.9061
allergisch	1	708720	97.9063
allergische	1	708721	97.9064
allergologie	1	708722	97.9065
allerminst	1	708723	97.9067
allerschattigste	1	708724	97.9068
allesaan	1	708725	97.907
allesinds	1	708726	97.9071
allesje	1	708727	97.9072
allesvoorhetteam	1	708728	97.9074
allesvsnel	1	708729	97.9075
allevier	1	708730	97.9077
allez-vous	1	708731	97.9078
alli	1	708732	97.9079
allicht	1	708733	97.9081
alliteratie	1	708734	97.9082
allll	1	708735	97.9083
alln	1	708736	97.9085
allom	1	708737	97.9086
allrigdie	1	708738	97.9088
allrighdy	1	708739	97.9089
allrs	1	708740	97.909
alls	1	708741	97.9092
alltech	1	708742	97.9093
almanakcom	1	708743	97.9094
almanakmail	1	708744	97.9096
almanakvergadering	1	708745	97.9097
almen	1	708746	97.9099
alone	1	708747	97.91
aloude	1	708748	97.9101
alpen	1	708749	97.9103
alreeds	1	708750	97.9104
als.je	1	708751	97.9106
alsde	1	708752	97.9107
alsdorf	1	708753	97.9108
alsook	1	708754	97.911
alstjeblieft	1	708755	97.9111
alsvast	1	708756	97.9112
alter	1	708757	97.9114
altermatieve	1	708758	97.9115
alternatiefkomen	1	708759	97.9117
alternatieve	1	708760	97.9118
altíjd	1	708761	97.9119
aluminium	1	708762	97.9121
alwin	1	708763	97.9122
aléén	1	708764	97.9123
ama	1	708765	97.9125
amaai	1	708766	97.9126
amandsberg	1	708767	97.9128
amandsplein	1	708768	97.9129
amandstraat	1	708769	97.913
amateur	1	708770	97.9132
amaury	1	708771	97.9133
amazing	1	708772	97.9135
amba-rondje	1	708773	97.9136
ambachtenmarkt	1	708774	97.9137
ambetante	1	708775	97.9139
ambetantst	1	708776	97.914
ambigu	1	708777	97.9141
ambitieus	1	708778	97.9143
ambitieuzen	1	708779	97.9144
ambtenarenbende	1	708780	97.9146
amd	1	708781	97.9147
amdere	1	708782	97.9148
amderen	1	708783	97.915
americas	1	708784	97.9151
americqn	1	708785	97.9153
amerikaaa	1	708786	97.9154
amersfiort	1	708787	97.9155
amici	1	708788	97.9157
amie	1	708789	97.9158
amis	1	708790	97.9159
ammel	1	708791	97.9161
amok	1	708792	97.9162
amoxicilline	1	708793	97.9164
amputeerde	1	708794	97.9165
amt	1	708795	97.9166
amusante	1	708796	97.9168
amusantste	1	708797	97.9169
amuse	1	708798	97.917
amusent	1	708799	97.9172
amusirendsten	1	708800	97.9173
amusée	1	708801	97.9175
anabolen	1	708802	97.9176
analoge	1	708803	97.9177
analysis	1	708804	97.9179
analytics	1	708805	97.918
anatomie	1	708806	97.9182
anatomische	1	708807	97.9183
anbetant	1	708808	97.9184
anbieding	1	708809	97.9186
andalusie	1	708810	97.9187
andalusische	1	708811	97.9188
andersnaar	1	708812	97.919
anderzijds	1	708813	97.9191
andijvie	1	708814	97.9193
andre	1	708815	97.9194
android	1	708816	97.9195
ane	1	708817	97.9197
aneesh	1	708818	97.9198
anel	1	708819	97.9199
anestesist	1	708820	97.9201
angehalten	1	708821	97.9202
angeruft	1	708822	97.9204
angeven	1	708823	97.9205
angie	1	708824	97.9206
anglia	1	708825	97.9208
angora	1	708826	97.9209
angry	1	708827	97.9211
animal	1	708828	97.9212
animatie	1	708829	97.9213
animation	1	708830	97.9215
anishs	1	708831	97.9216
anjes	1	708832	97.9217
ankes	1	708833	97.9219
anna's	1	708834	97.922
annche	1	708835	97.9222
anneleentong	1	708836	97.9223
anneloes	1	708837	97.9224
annelore	1	708838	97.9226
annelot	1	708839	97.9227
anneme	1	708840	97.9228
annesimone	1	708841	97.923
annie	1	708842	97.9231
anniemk	1	708843	97.9233
annika	1	708844	97.9234
annotaties	1	708845	97.9235
annual	1	708846	97.9237
annulaties	1	708847	97.9238
annulatieverzekering	1	708848	97.924
annuleringsverzekering	1	708849	97.9241
anoek	1	708850	97.9242
anoes	1	708851	97.9244
anoniem	1	708852	97.9245
anr's	1	708853	97.9246
anrs	1	708854	97.9248
anrufen	1	708855	97.9249
anso	1	708856	97.9251
answers	1	708857	97.9252
ant	1	708858	97.9253
antenneprobleem	1	708859	97.9255
anti-antibeleid	1	708860	97.9256
antiMaartjebeleid	1	708861	97.9257
antibeleid	1	708862	97.9259
antibes	1	708863	97.926
antibioticakuur	1	708864	97.9262
antibioticum	1	708865	97.9263
antiek	1	708866	97.9264
antihaarbalpasta	1	708867	97.9266
antiliaanse	1	708868	97.9267
antivirus	1	708869	97.9269
antracietgrijs	1	708870	97.927
antropologie	1	708871	97.9271
antwerp	1	708872	97.9273
antwerpen-berchem	1	708873	97.9274
antwerper	1	708874	97.9275
antwerpn	1	708875	97.9277
antwerpse	1	708876	97.9278
antwerpser	1	708877	97.928
antwoordsleutel	1	708878	97.9281
antworden	1	708879	97.9282
antwrdn	1	708880	97.9284
anvers	1	708881	97.9285
anxiously	1	708882	97.9287
anyhow	1	708883	97.9288
aoon	1	708884	97.9289
aoristusvormen	1	708885	97.9291
ap	1	708886	97.9292
apartement	1	708887	97.9293
aparters	1	708888	97.9295
aparts	1	708889	97.9296
apenstaartje	1	708890	97.9298
aperetieven	1	708891	97.9299
aperitief	1	708892	97.93
apetrots	1	708893	97.9302
apfelkorn	1	708894	97.9303
apie	1	708895	97.9304
apk	1	708896	97.9306
apothekers	1	708897	97.9307
apparaatje	1	708898	97.9309
appejsapje	1	708899	97.931
appelflappen	1	708900	97.9311
appeltaartje	1	708901	97.9313
appeltart	1	708902	97.9314
appeltjes	1	708903	97.9316
applestore	1	708904	97.9317
appmanager	1	708905	97.9318
appointment	1	708906	97.932
apporter	1	708907	97.9321
appreciate	1	708908	97.9322
appropriate	1	708909	97.9324
apres	1	708910	97.9325
apricot	1	708911	97.9327
aprilgrap	1	708912	97.9328
aptroot	1	708913	97.9329
aqa	1	708914	97.9331
aquarium	1	708915	97.9332
aquilaan	1	708916	97.9333
ar	1	708917	97.9335
ara	1	708918	97.9336
arachideolie	1	708919	97.9338
arbeider	1	708920	97.9339
arbeidsovereenkomst	1	708921	97.934
arbeidsrecht	1	708922	97.9342
arbeidsrechten	1	708923	97.9343
arbeidstraat	1	708924	97.9345
arbeiten	1	708925	97.9346
arboretum	1	708926	97.9347
arcelor-pot	1	708927	97.9349
archeologische	1	708928	97.935
archief	1	708929	97.9351
architect	1	708930	97.9353
architecture	1	708931	97.9354
arctic	1	708932	97.9356
arelaxt	1	708933	97.9357
aren	1	708934	97.9358
arena's	1	708935	97.936
arend	1	708936	97.9361
argenta	1	708937	97.9362
argentina	1	708938	97.9364
arggg	1	708939	97.9365
arghh	1	708940	97.9367
argumenten	1	708941	97.9368
arharr	1	708942	97.9369
aristide	1	708943	97.9371
arlien	1	708944	97.9372
armband	1	708945	97.9374
armbanden	1	708946	97.9375
armbandje	1	708947	97.9376
armiez	1	708948	97.9378
armmassage	1	708949	97.9379
armpjes	1	708950	97.938
arnaud	1	708951	97.9382
arne	1	708952	97.9383
arrangements	1	708953	97.9385
arranging	1	708954	97.9386
arriveerde	1	708955	97.9387
arriver	1	708956	97.9389
arriveren	1	708957	97.939
arriverons	1	708958	97.9391
arrives	1	708959	97.9393
arrivée	1	708960	97.9394
arsed	1	708961	97.9396
arsenaal	1	708962	97.9397
artese-dag	1	708963	97.9398
artikels	1	708964	97.94
artikelstress	1	708965	97.9401
artikeltjes	1	708966	97.9403
artikelvorm	1	708967	97.9404
artise	1	708968	97.9405
artisjokkenhartjes	1	708969	97.9407
artsen	1	708970	97.9408
arwenske	1	708971	97.9409
asbestsaneringsbedrijf	1	708972	97.9411
asgerd	1	708973	97.9412
ashley	1	708974	97.9414
asia	1	708975	97.9415
asian	1	708976	97.9416
asje	1	708977	97.9418
asks	1	708978	97.9419
asn	1	708979	97.9421
asostad	1	708980	97.9422
aspects	1	708981	97.9423
asperge	1	708982	97.9425
aspergesoepje	1	708983	97.9426
aspirine	1	708984	97.9427
assasment	1	708985	97.9429
assecoires	1	708986	97.943
assembly	1	708987	97.9432
asseren	1	708988	97.9433
assertief	1	708989	97.9434
assez	1	708990	97.9436
assignment	1	708991	97.9437
assignments	1	708992	97.9438
assistance	1	708993	97.944
assistente	1	708994	97.9441
assisteren	1	708995	97.9443
ast	1	708996	97.9444
astakraam	1	708997	97.9445
asterix	1	708998	97.9447
aston	1	708999	97.9448
astridlaan	1	709000	97.945
astublieft	1	709001	97.9451
athene	1	709002	97.9452
atletiek	1	709003	97.9454
atmosfeer	1	709004	97.9455
atrributen	1	709005	97.9456
attending	1	709006	97.9458
attest	1	709007	97.9459
attitude	1	709008	97.9461
attitudes	1	709009	97.9462
atvthe	1	709010	97.9463
atwt	1	709011	97.9465
aud	1	709012	97.9466
audiokabel	1	709013	97.9467
audioloog	1	709014	97.9469
auditieve	1	709015	97.947
auditoria	1	709016	97.9472
august	1	709017	97.9473
aujourd	1	709018	97.9474
aulas	1	709019	97.9476
auping	1	709020	97.9477
aur	1	709021	97.9479
aura	1	709022	97.948
aussi	1	709023	97.9481
aussie	1	709024	97.9483
australian	1	709025	97.9484
australisch	1	709026	97.9485
austrian	1	709027	97.9487
auteur	1	709028	97.9488
autistisch	1	709029	97.949
auto-aanvul	1	709030	97.9491
auto-mysterie	1	709031	97.9492
autobatterij	1	709032	97.9494
autobrand	1	709033	97.9495
autodealer	1	709034	97.9496
autodestruct	1	709035	97.9498
autohandel	1	709036	97.9499
autolader	1	709037	97.9501
automate	1	709038	97.9502
automaten	1	709039	97.9503
automatisering	1	709040	97.9505
autonomie	1	709041	97.9506
autootjes	1	709042	97.9508
autopap	1	709043	97.9509
autopapieren	1	709044	97.951
autoradio	1	709045	97.9512
autoradio's	1	709046	97.9513
autoreis	1	709047	97.9514
autorijden	1	709048	97.9516
autoryden	1	709049	97.9517
autosport	1	709050	97.9519
autostoel	1	709051	97.952
av-ontvanger	1	709052	97.9521
avance	1	709053	97.9523
avec	1	709054	97.9524
avg	1	709055	97.9525
avi	1	709056	97.9527
avnd	1	709057	97.9528
avocado's	1	709058	97.953
avoid	1	709059	97.9531
avond(en)	1	709060	97.9532
avondbezetzung	1	709061	97.9534
avondconcert	1	709062	97.9535
avondfeest	1	709063	97.9537
avondkassa	1	709064	97.9538
avondmaaltijd	1	709065	97.9539
avondsfeer	1	709066	97.9541
avonduren	1	709067	97.9542
avondvoortelling	1	709068	97.9543
avondvullend	1	709069	97.9545
avondwandeling	1	709070	97.9546
avondzon	1	709071	97.9548
awesomesauce	1	709072	97.9549
awhile	1	709073	97.955
awoert	1	709074	97.9552
axa	1	709075	97.9553
axeswar	1	709076	97.9555
aytocorrect	1	709077	97.9556
azc	1	709078	97.9557
azijnstel	1	709079	97.9559
b-gebouw	1	709080	97.956
b-noord	1	709081	97.9561
bX	1	709082	97.9563
ba	1	709083	97.9564
baaaaaaaaan	1	709084	97.9566
baan-zoek-gebied	1	709085	97.9567
baardaap	1	709086	97.9568
baardje	1	709087	97.957
baarle	1	709088	97.9571
baarmoeder	1	709089	97.9572
baars	1	709090	97.9574
baaspunten	1	709091	97.9575
baat	1	709092	97.9577
babbelt	1	709093	97.9578
babbus	1	709094	97.9579
babken	1	709095	97.9581
baby-hotel	1	709096	97.9582
babycarrier	1	709097	97.9584
babyeendjes	1	709098	97.9585
babysiten	1	709099	97.9586
babysitpost	1	709100	97.9588
babytie	1	709101	97.9589
babytje	1	709102	97.959
babywantjes	1	709103	97.9592
bacardi	1	709104	97.9593
bachelorscriptie	1	709105	97.9595
bachelorwerkstuk	1	709106	97.9596
back-end	1	709107	97.9597
back-up	1	709108	97.9599
backdoor	1	709109	97.96
backed	1	709110	97.9601
backing	1	709111	97.9603
backpacken	1	709112	97.9604
backpacks	1	709113	97.9606
backstage	1	709114	97.9607
backsteet	1	709115	97.9608
backuppen	1	709116	97.961
backupplan	1	709117	97.9611
baco	1	709118	97.9613
baddi-matchken	1	709119	97.9614
baddie	1	709120	97.9615
badesi	1	709121	97.9617
badhairday	1	709122	97.9618
badhanddoeken	1	709123	97.9619
badhuisje	1	709124	97.9621
badjas	1	709125	97.9622
badje	1	709126	97.9624
badkamers	1	709127	97.9625
badmeester	1	709128	97.9626
badmintontraining	1	709129	97.9628
badmuts	1	709130	97.9629
badspeelgoed	1	709131	97.963
badure	1	709132	97.9632
bafje	1	709133	97.9633
bagageband	1	709134	97.9635
bagger	1	709135	97.9636
bags	1	709136	97.9637
bahut	1	709137	97.9639
bain	1	709138	97.964
bak-tent	1	709139	97.9642
bakery	1	709140	97.9643
bakfiets	1	709141	97.9644
bakkerbart	1	709142	97.9646
bakkes	1	709143	97.9647
bakkie-gereedschap	1	709144	97.9648
bakkietijd	1	709145	97.965
bakkietime	1	709146	97.9651
bakmans	1	709147	97.9653
bakmanschap	1	709148	97.9654
bakmeester	1	709149	97.9655
bakpao	1	709150	97.9657
bakpapier	1	709151	97.9658
bakschieting	1	709152	97.9659
bakwagen	1	709153	97.9661
bakwagensleutels	1	709154	97.9662
bakweer	1	709155	97.9664
balanceren	1	709156	97.9665
baldr	1	709157	97.9666
balers	1	709158	97.9668
balkan	1	709159	97.9669
balken	1	709160	97.9671
ball	1	709161	97.9672
ballentent	1	709162	97.9673
ballet	1	709163	97.9675
ballonvaart	1	709164	97.9676
balls	1	709165	97.9677
balpomp	1	709166	97.9679
balt	1	709167	97.968
bam	1	709168	97.9682
bamacodex	1	709169	97.9683
bamba	1	709170	97.9684
bambi's	1	709171	97.9686
bamischijf	1	709172	97.9687
bamischijven	1	709173	97.9689
ban	1	709174	97.969
banaantjes	1	709175	97.9691
banana	1	709176	97.9693
bananenteamen	1	709177	97.9694
bananer	1	709178	97.9695
bancontact	1	709179	97.9697
banda	1	709180	97.9698
banden	1	709181	97.97
bandenbus	1	709182	97.9701
bandencentrales	1	709183	97.9702
bandenprikker	1	709184	97.9704
bandetta	1	709185	97.9705
banduren	1	709186	97.9706
bange	1	709187	97.9708
bangelijke	1	709188	97.9709
banger	1	709189	97.9711
bangs	1	709190	97.9712
bankencrisis	1	709191	97.9713
bankhangend	1	709192	97.9715
bankieren	1	709193	97.9716
bankkaart	1	709194	97.9718
banknummer	1	709195	97.9719
bankterm	1	709196	97.972
bankzaken	1	709197	97.9722
banners	1	709198	97.9723
banquet	1	709199	97.9724
barabas	1	709200	97.9726
barbaarse	1	709201	97.9727
barber	1	709202	97.9729
barbie	1	709203	97.973
barbie-types	1	709204	97.9731
bardienst	1	709205	97.9733
barely	1	709206	97.9734
bargainung	1	709207	97.9735
barhangen	1	709208	97.9737
barkast	1	709209	97.9738
barkrukken	1	709210	97.974
barlow	1	709211	97.9741
barman	1	709212	97.9742
barmeisje	1	709213	97.9744
barney	1	709214	97.9745
baronnetjes	1	709215	97.9747
barrage	1	709216	97.9748
barrel	1	709217	97.9749
barren	1	709218	97.9751
barretje	1	709219	97.9752
barrie	1	709220	97.9753
barriers	1	709221	97.9755
barry	1	709222	97.9756
barst	1	709223	97.9758
bartel	1	709224	97.9759
bartenders	1	709225	97.976
bartje	1	709226	97.9762
bartroll	1	709227	97.9763
based	1	709228	97.9764
basgitaarboek	1	709229	97.9766
basiliwue	1	709230	97.9767
basisschool-pilaren	1	709231	97.9769
bassist	1	709232	97.977
basssssssssss	1	709233	97.9771
bast	1	709234	97.9773
basterd	1	709235	97.9774
bastijn	1	709236	97.9776
basversterker	1	709237	97.9777
bata	1	709238	97.9778
bataclan	1	709239	97.978
batakamp	1	709240	97.9781
batches	1	709241	97.9782
batery	1	709242	97.9784
batterijtijd	1	709243	97.9785
batterijtje	1	709244	97.9787
batterin	1	709245	97.9788
battery	1	709246	97.9789
battlefield	1	709247	97.9791
baudelo-st	1	709248	97.9792
baudelo.ko	1	709249	97.9794
bauwens	1	709250	97.9795
bay	1	709251	97.9796
bayblade	1	709252	97.9798
baywatch	1	709253	97.9799
bazen	1	709254	97.98
bbar	1	709255	97.9802
bbbb	1	709256	97.9803
bbq's	1	709257	97.9805
bbt	1	709258	97.9806
bcck	1	709259	97.9807
bd	1	709260	97.9809
bdays	1	709261	97.981
bdiensters	1	709262	97.9811
bds	1	709263	97.9813
beZoek	1	709264	97.9814
beaamt	1	709265	97.9816
beachhandbal	1	709266	97.9817
beachtoernooi	1	709267	97.9818
beachvelden	1	709268	97.982
beachvolley	1	709269	97.9821
beantwoordde	1	709270	97.9823
beast	1	709271	97.9824
beateker	1	709272	97.9825
beatles-liedjes	1	709273	97.9827
beau	1	709274	97.9828
beaucoup	1	709275	97.9829
beaufort	1	709276	97.9831
beauty-dinges	1	709277	97.9832
beavis	1	709278	97.9834
bebbel	1	709279	97.9835
bebbelke	1	709280	97.9836
bebouwde	1	709281	97.9838
became	1	709282	97.9839
becherovka	1	709283	97.984
become	1	709284	97.9842
bed.X	1	709285	97.9843
bedanking	1	709286	97.9845
bedankje	1	709287	97.9846
bedanktuwel	1	709288	97.9847
bedanktvoor	1	709289	97.9849
bedbugs	1	709290	97.985
bedden	1	709291	97.9852
beddengoed	1	709292	97.9853
bedekt	1	709293	97.9854
bedelt	1	709294	97.9856
bedelven	1	709295	97.9857
bedenkn	1	709296	97.9858
bedenkt	1	709297	97.986
bederven	1	709298	97.9861
bedevaartstocht	1	709299	97.9863
bedien	1	709300	97.9864
bediend	1	709301	97.9865
bedjes	1	709302	97.9867
bedoelingen	1	709303	97.9868
bedoeïn(envrouw)	1	709304	97.9869
bedolven	1	709305	97.9871
bedradingsschema	1	709306	97.9872
bedreigen	1	709307	97.9874
bedrijfje	1	709308	97.9875
bedrijfsjurist	1	709309	97.9876
bedrijfskundige	1	709310	97.9878
bedrijfswagen	1	709311	97.9879
bedrijskunde	1	709312	97.9881
bedrooms	1	709313	97.9882
bedryf	1	709314	97.9883
bedstee	1	709315	97.9885
bedwang	1	709316	97.9886
bedwingen	1	709317	97.9887
beeberd	1	709318	97.9889
beef	1	709319	97.989
beeindiging	1	709320	97.9892
beeinflüssung	1	709321	97.9893
beeldhouwer	1	709322	97.9894
beeldscherm	1	709323	97.9896
beeldt	1	709324	97.9897
beenderen	1	709325	97.9898
beerput	1	709326	97.99
beertje	1	709327	97.9901
bees	1	709328	97.9903
beestachtig	1	709329	97.9904
beet	1	709330	97.9905
beetjes	1	709331	97.9907
beetke	1	709332	97.9908
beetroots	1	709333	97.991
befaamde	1	709334	97.9911
befehl	1	709335	97.9912
befufeld	1	709336	97.9914
begane	1	709337	97.9915
begeleidn	1	709338	97.9916
begeleidsters	1	709339	97.9918
begeven	1	709340	97.9919
begibt	1	709341	97.9921
beginnah	1	709342	97.9922
beginning	1	709343	97.9923
beginplaats	1	709344	97.9925
begone	1	709345	97.9926
begotten	1	709346	97.9928
begraafplaats	1	709347	97.9929
begrijpe	1	709348	97.993
begrijpen	1	709349	97.9932
begroet	1	709350	97.9933
begroting	1	709351	97.9934
begryp	1	709352	97.9936
begun	1	709353	97.9937
begyn	1	709354	97.9939
behalen	1	709355	97.994
behandelen	1	709356	97.9941
beharing	1	709357	97.9943
beheerder	1	709358	97.9944
beheersen	1	709359	97.9945
beheerste	1	709360	97.9947
behelpen	1	709361	97.9948
behoeften	1	709362	97.995
behoorlijke	1	709363	97.9951
behoorlyk	1	709364	97.9952
behoren	1	709365	97.9954
behoud	1	709366	97.9955
behouden	1	709367	97.9957
behoudens	1	709368	97.9958
behuizing	1	709369	97.9959
behulp	1	709370	97.9961
behulpzaam	1	709371	97.9962
behun	1	709372	97.9963
bei	1	709373	97.9965
beidn	1	709374	97.9966
beijons	1	709375	97.9968
beim	1	709376	97.9969
beits	1	709377	97.997
bejaard	1	709378	97.9972
bejaarde	1	709379	97.9973
bejaarden	1	709380	97.9974
bekabeling	1	709381	97.9976
bekakt	1	709382	97.9977
bekerfinale	1	709383	97.9979
bekerke	1	709384	97.998
bekertjes	1	709385	97.9981
bekijkn	1	709386	97.9983
bekiken	1	709387	97.9984
bekisting	1	709388	97.9986
bekker	1	709389	97.9987
bekkie	1	709390	97.9988
bekleding	1	709391	97.999
beklimmen	1	709392	97.9991
beklommen	1	709393	97.9992
beknopt	1	709394	97.9994
bekommerd	1	709395	97.9995
bekomst	1	709396	97.9997
bekritieseren	1	709397	97.9998
bekroond	1	709398	97.9999
bel-air	1	709399	98.0001
belangen	1	709400	98.0002
belangrijkst	1	709401	98.0003
belangryker	1	709402	98.0005
belangrykst	1	709403	98.0006
belast	1	709404	98.0008
belastende	1	709405	98.0009
belastingaangifte	1	709406	98.001
belastingdienstrapport	1	709407	98.0012
belbaar	1	709408	98.0013
beledigd	1	709409	98.0015
beledigend	1	709410	98.0016
beleef	1	709411	98.0017
belegd	1	709412	98.0019
beleggen	1	709413	98.002
belendende	1	709414	98.0021
belet	1	709415	98.0023
beleve	1	709416	98.0024
belfort	1	709417	98.0026
belfortstraat	1	709418	98.0027
belge	1	709419	98.0028
belgium	1	709420	98.003
believer	1	709421	98.0031
believing	1	709422	98.0032
belisol	1	709423	98.0034
belknop	1	709424	98.0035
bellende	1	709425	98.0037
bellennnn	1	709426	98.0038
belletjes	1	709427	98.0039
belmonte	1	709428	98.0041
belofte	1	709429	98.0042
beloofden	1	709430	98.0044
beloven	1	709431	98.0045
belovn	1	709432	98.0046
belsaldo	1	709433	98.0048
bem	1	709434	98.0049
bemachtigen	1	709435	98.005
bemiddelen	1	709436	98.0052
bemoedigende	1	709437	98.0053
bemoeien	1	709438	98.0055
bemoeienissen	1	709439	98.0056
bemoeit	1	709440	98.0057
ben.er	1	709441	98.0059
ben.to	1	709442	98.006
benaderen	1	709443	98.0062
benadrukt	1	709444	98.0063
benauwder	1	709445	98.0064
bench	1	709446	98.0066
benchmarking	1	709447	98.0067
bendelid	1	709448	98.0068
benefiet	1	709449	98.007
benefietavond	1	709450	98.0071
benefit	1	709451	98.0073
benelux	1	709452	98.0074
benenwerk	1	709453	98.0075
bener	1	709454	98.0077
beniewd	1	709455	98.0078
benjij	1	709456	98.0079
bennekom	1	709457	98.0081
benniknougek	1	709458	98.0082
benny	1	709459	98.0084
benoemen	1	709460	98.0085
bent.be	1	709461	98.0086
bent.to	1	709462	98.0088
benutten	1	709463	98.0089
beode	1	709464	98.0091
beoefenen	1	709465	98.0092
beoog	1	709466	98.0093
beoogde	1	709467	98.0095
beoordeeld	1	709468	98.0096
beoordelingsgesprek	1	709469	98.0097
bep	1	709470	98.0099
bepampelen	1	709471	98.01
beperkte	1	709472	98.0102
bepoteld	1	709473	98.0103
beproefde	1	709474	98.0104
beproeving	1	709475	98.0106
ber	1	709476	98.0107
beraad	1	709477	98.0108
beramen	1	709478	98.011
beregoe	1	709479	98.0111
bereike	1	709480	98.0113
berekend	1	709481	98.0114
berekenend	1	709482	98.0115
berenboek	1	709483	98.0117
berendsen	1	709484	98.0118
bereveel	1	709485	98.012
bergdorpje	1	709486	98.0121
bergingen	1	709487	98.0122
bergingsdeur	1	709488	98.0124
bergingsslot	1	709489	98.0125
bergstraat	1	709490	98.0126
bergwandelding	1	709491	98.0128
berichr	1	709492	98.0129
berichtenuitwisseling	1	709493	98.0131
berichtenwisseling	1	709494	98.0132
berichtgeving	1	709495	98.0133
berijkbaar	1	709496	98.0135
berkel	1	709497	98.0136
berkmans	1	709498	98.0137
berna	1	709499	98.0139
bernard	1	709500	98.014
bernd	1	709501	98.0142
bernestraat	1	709502	98.0143
beroemde	1	709503	98.0144
beroep	1	709504	98.0146
bertens	1	709505	98.0147
bertie	1	709506	98.0149
bertrokkn	1	709507	98.015
berucht	1	709508	98.0151
beruchte	1	709509	98.0153
beschaafde	1	709510	98.0154
bescheiden	1	709511	98.0155
bescheidenheid	1	709512	98.0157
beschermd	1	709513	98.0158
beschermen	1	709514	98.016
bescherming	1	709515	98.0161
beschik	1	709516	98.0162
beschikbaarheid	1	709517	98.0164
beschimmeld	1	709518	98.0165
beschoren	1	709519	98.0166
beschouwen	1	709520	98.0168
beschrijf	1	709521	98.0169
beschrijft	1	709522	98.0171
beschrijven	1	709523	98.0172
beschrijving	1	709524	98.0173
beschrijvingen	1	709525	98.0175
beschuldiging	1	709526	98.0176
beschut	1	709527	98.0178
besefte	1	709528	98.0179
beslis	1	709529	98.018
beslissingenn	1	709530	98.0182
besloeg	1	709531	98.0183
beslotn	1	709532	98.0184
besluitvormingsproces	1	709533	98.0186
besneeuwd	1	709534	98.0187
bespaar	1	709535	98.0189
bespaard	1	709536	98.019
bespaart	1	709537	98.0191
bespieden	1	709538	98.0193
bespottelijk	1	709539	98.0194
bespreke	1	709540	98.0196
besprekingen	1	709541	98.0197
bessietje	1	709542	98.0198
bestaande	1	709543	98.02
bestaansrecht	1	709544	98.0201
bestaansreden	1	709545	98.0202
bestandwn	1	709546	98.0204
bestegen	1	709547	98.0205
bestelbon	1	709548	98.0207
bestellingen	1	709549	98.0208
bestelt	1	709550	98.0209
bestemmingen	1	709551	98.0211
bestijgen	1	709552	98.0212
bestivaltickets	1	709553	98.0213
bestolen	1	709554	98.0215
bestond	1	709555	98.0216
bestraling	1	709556	98.0218
bestuderen	1	709557	98.0219
besturen	1	709558	98.022
bestuur@vdz-arnhem.nl	1	709559	98.0222
bestuurlijke	1	709560	98.0223
bestuurskamer	1	709561	98.0225
bestuurspauper	1	709562	98.0226
beta	1	709563	98.0227
betaalde	1	709564	98.0229
betaalkaart	1	709565	98.023
betaallijst	1	709566	98.0231
betalend	1	709567	98.0233
betalende	1	709568	98.0234
betaler	1	709569	98.0236
betalingen	1	709570	98.0237
betalingsprocedures	1	709571	98.0238
betaold	1	709572	98.024
betekende	1	709573	98.0241
betellen	1	709574	98.0242
beteros	1	709575	98.0244
beterschapkusje	1	709576	98.0245
beterschapskus	1	709577	98.0247
beterschapskusje	1	709578	98.0248
betert	1	709579	98.0249
beton	1	709580	98.0251
betr	1	709581	98.0252
betrappen	1	709582	98.0254
betreffende	1	709583	98.0255
betrekt	1	709584	98.0256
betrof	1	709585	98.0258
betrouwbaar	1	709586	98.0259
bets	1	709587	98.026
beugelbar	1	709588	98.0262
beurre	1	709589	98.0263
beurskoersen	1	709590	98.0265
bevat	1	709591	98.0266
bevatten	1	709592	98.0267
bever	1	709593	98.0269
beverage	1	709594	98.027
beverly	1	709595	98.0271
bevestig	1	709596	98.0273
bevestigde	1	709597	98.0274
bevestige	1	709598	98.0276
bevredigend	1	709599	98.0277
bevriest	1	709600	98.0278
bevrijdingsfestival	1	709601	98.028
bevroeden	1	709602	98.0281
bevroren	1	709603	98.0283
bevrucht	1	709604	98.0284
bewaak	1	709605	98.0285
beweeg	1	709606	98.0287
beweegt	1	709607	98.0288
beweerd	1	709608	98.0289
beweren	1	709609	98.0291
bewerken	1	709610	98.0292
bewerkingen	1	709611	98.0294
bewerkt	1	709612	98.0295
bewijsmateriaal	1	709613	98.0296
bewolking	1	709614	98.0298
bewonder	1	709615	98.0299
bewoner	1	709616	98.03
bewonerskaart	1	709617	98.0302
bewonersraad	1	709618	98.0303
bewoond	1	709619	98.0305
bewstig	1	709620	98.0306
bewtje	1	709621	98.0307
beyond	1	709622	98.0309
bezem	1	709623	98.031
bezen	1	709624	98.0312
bezetene	1	709625	98.0313
bezette	1	709626	98.0314
bezib	1	709627	98.0316
bezichtigden	1	709628	98.0317
bezichtigingen	1	709629	98.0318
bezielt	1	709630	98.032
bezienswaardigheden	1	709631	98.0321
bezigen	1	709632	98.0323
beziggehouden	1	709633	98.0324
bezinken	1	709634	98.0325
bezit	1	709635	98.0327
bezoensberg	1	709636	98.0328
bezorg	1	709637	98.033
bezorgdheid	1	709638	98.0331
bezorger	1	709639	98.0332
bezuinigingen	1	709640	98.0334
bezwaarlijk	1	709641	98.0335
beïnvloed	1	709642	98.0336
bff	1	709643	98.0338
bfmv	1	709644	98.0339
bh	1	709645	98.0341
bh's	1	709646	98.0342
bhalerao	1	709647	98.0343
bhj	1	709648	98.0345
bhk	1	709649	98.0346
bhnne	1	709650	98.0347
bianca	1	709651	98.0349
biatch	1	709652	98.035
bibber	1	709653	98.0352
bibberen	1	709654	98.0353
biddinghuizen	1	709655	98.0354
biebentje	1	709656	98.0356
biedingen	1	709657	98.0357
biefstuk-frietavond	1	709658	98.0359
biefstukje	1	709659	98.036
biekorf	1	709660	98.0361
biemer	1	709661	98.0363
bieravond	1	709662	98.0364
bieravonden	1	709663	98.0365
bierblikken	1	709664	98.0367
bierbonnen	1	709665	98.0368
bierbuik	1	709666	98.037
biercantus	1	709667	98.0371
bierdaagse	1	709668	98.0372
bierdrinker	1	709669	98.0374
bieren	1	709670	98.0375
bierges	1	709671	98.0376
bierhalle	1	709672	98.0378
bierke	1	709673	98.0379
biermoet-club	1	709674	98.0381
bierologie	1	709675	98.0382
bierpakketten	1	709676	98.0383
bierplezier	1	709677	98.0385
bierproeverij	1	709678	98.0386
biertent	1	709679	98.0388
biervat	1	709680	98.0389
bigben	1	709681	98.039
biggetje	1	709682	98.0392
biggy	1	709683	98.0393
bigtime	1	709684	98.0394
bij-na	1	709685	98.0396
bijbaantje	1	709686	98.0397
bijbe	1	709687	98.0399
bijbehorende	1	709688	98.04
bijbelboek	1	709689	98.0401
bijbelkring	1	709690	98.0403
bijbelstudies	1	709691	98.0404
bijbestellen	1	709692	98.0405
bijbruinen	1	709693	98.0407
bijdehand	1	709694	98.0408
bijdehante	1	709695	98.041
bijeen	1	709696	98.0411
bijeenkomen	1	709697	98.0412
bijeenkomt	1	709698	98.0414
bijeensprokkelen	1	709699	98.0415
bijenhof	1	709700	98.0417
bijerland	1	709701	98.0418
bijgehouden	1	709702	98.0419
bijgekletst	1	709703	98.0421
bijgekocht	1	709704	98.0422
bijgelezen	1	709705	98.0423
bijgenomen	1	709706	98.0425
bijgestaan	1	709707	98.0426
bijgeteld	1	709708	98.0428
bijgeweest	1	709709	98.0429
bijgewerkt	1	709710	98.043
bijgezet	1	709711	98.0432
bijhalen	1	709712	98.0433
bijhoudt	1	709713	98.0434
bijknippe	1	709714	98.0436
bijl	1	709715	98.0437
bijlagen	1	709716	98.0439
bijleggn	1	709717	98.044
bijlmer	1	709718	98.0441
bijna-eind-twintigers	1	709719	98.0443
bijna-kwart-eeuw	1	709720	98.0444
bijna-laatste	1	709721	98.0446
bijnde	1	709722	98.0447
bijnemen	1	709723	98.0448
bijou	1	709724	98.045
bijsluiter	1	709725	98.0451
bijtijds	1	709726	98.0452
bijtrekt	1	709727	98.0454
bijv.	1	709728	98.0455
bijven	1	709729	98.0457
bijverdienste	1	709730	98.0458
bijverzonnen	1	709731	98.0459
bijvijlen	1	709732	98.0461
bijvraag	1	709733	98.0462
bijvullen	1	709734	98.0464
bijwerken	1	709735	98.0465
bijwerkingen	1	709736	98.0466
bijzaak	1	709737	98.0468
bijzettafeltje	1	709738	98.0469
bijzit	1	709739	98.047
bike	1	709740	98.0472
biker	1	709741	98.0473
bikini's	1	709742	98.0475
bikkel	1	709743	98.0476
bikkelhard	1	709744	98.0477
bikkeltje	1	709745	98.0479
biljarten	1	709746	98.048
billenknijpen	1	709747	98.0481
bimbo	1	709748	98.0483
bimbo's	1	709749	98.0484
bimnen	1	709750	98.0486
bindingsangst	1	709751	98.0487
binge	1	709752	98.0488
binnekort	1	709753	98.049
binnem	1	709754	98.0491
binnenband	1	709755	98.0493
binnenblijft	1	709756	98.0494
binnendoen	1	709757	98.0495
binnengekregen	1	709758	98.0497
binnengelaten	1	709759	98.0498
binnengesleept	1	709760	98.0499
binnengestoken	1	709761	98.0501
binnenhalen	1	709762	98.0502
binnenhouden	1	709763	98.0504
binnenk	1	709764	98.0505
binnenkant	1	709765	98.0506
binnenkappen	1	709766	98.0508
binnenkomst	1	709767	98.0509
binnenkrijg	1	709768	98.051
binnenlaten	1	709769	98.0512
binnenloopt	1	709770	98.0513
binnenpleintje	1	709771	98.0515
binnensmijten	1	709772	98.0516
binnensmojten	1	709773	98.0517
binnenspeeltuin	1	709774	98.0519
binnenspring	1	709775	98.052
binnenstroomden	1	709776	98.0522
binnentikken	1	709777	98.0523
binnentoog	1	709778	98.0524
binnenuit	1	709779	98.0526
binnenvallen	1	709780	98.0527
binnenwJiha	1	709781	98.0528
binnenwippen	1	709782	98.053
biologen	1	709783	98.0531
biologieleraar	1	709784	98.0533
bioloog	1	709785	98.0534
biomoleculen	1	709786	98.0535
bioscoopbonnen	1	709787	98.0537
bioscoopbroek	1	709788	98.0538
bioscoopdate	1	709789	98.0539
bioscoopje	1	709790	98.0541
biosdate	1	709791	98.0542
biosje	1	709792	98.0544
biossen	1	709793	98.0545
biostabiel	1	709794	98.0546
biotech	1	709795	98.0548
biotoopstudie	1	709796	98.0549
biotopstudie	1	709797	98.0551
biowinkel	1	709798	98.0552
biowinkelen	1	709799	98.0553
bips	1	709800	98.0555
birds	1	709801	98.0556
birdy	1	709802	98.0557
birgit	1	709803	98.0559
birte	1	709804	98.056
birthdaaay	1	709805	98.0562
birthdaygirl	1	709806	98.0563
birthdaykisses	1	709807	98.0564
bisous	1	709808	98.0566
bitchas	1	709809	98.0567
bitcheboys	1	709810	98.0568
bitches	1	709811	98.057
bitchy	1	709812	98.0571
bite	1	709813	98.0573
bitte	1	709814	98.0574
bivakeer	1	709815	98.0575
bjoej	1	709816	98.0577
bjoetifoel	1	709817	98.0578
bjorn	1	709818	98.058
bkauwgrijs	1	709819	98.0581
bkkc	1	709820	98.0582
bla	1	709821	98.0584
blaadje	1	709822	98.0585
blaarmeerske	1	709823	98.0586
blaarneersen	1	709824	98.0588
blaas	1	709825	98.0589
blaas-en	1	709826	98.0591
blaasprobleem	1	709827	98.0592
blackberry	1	709828	98.0593
blackbox	1	709829	98.0595
blackout	1	709830	98.0596
blackouts	1	709831	98.0598
bladen	1	709832	98.0599
bladzijden	1	709833	98.06
blaha	1	709834	98.0602
blanche	1	709835	98.0603
blank	1	709836	98.0604
blankenb	1	709837	98.0606
blanket	1	709838	98.0607
blast	1	709839	98.0609
blauwtje	1	709840	98.061
blauwvoet	1	709841	98.0611
bleau	1	709842	98.0613
bleaubar	1	709843	98.0614
bleh	1	709844	98.0615
bleik	1	709845	98.0617
bleiten	1	709846	98.0618
bleke	1	709847	98.062
bles	1	709848	98.0621
blessurevrij	1	709849	98.0622
bliefde	1	709850	98.0624
blij-zie	1	709851	98.0625
blijde	1	709852	98.0627
blijfde	1	709853	98.0628
blijven.be	1	709854	98.0629
bliksem	1	709855	98.0631
bliksemt	1	709856	98.0632
blind-spot	1	709857	98.0633
blink	1	709858	98.0635
blinkend	1	709859	98.0636
blinkie	1	709860	98.0638
bloedafgifte	1	709861	98.0639
bloedbad	1	709862	98.064
bloedcellen	1	709863	98.0642
bloeddruk	1	709864	98.0643
bloedgift	1	709865	98.0644
bloedheet	1	709866	98.0646
bloeding	1	709867	98.0647
bloedprik	1	709868	98.0649
bloedprikken	1	709869	98.065
bloeduitstorting	1	709870	98.0651
bloedverlies	1	709871	98.0653
bloedworst	1	709872	98.0654
bloembakken	1	709873	98.0656
bloembollen	1	709874	98.0657
bloembollenwinkel	1	709875	98.0658
bloemekes	1	709876	98.066
bloemenwinkel	1	709877	98.0661
bloemerstraat	1	709878	98.0662
bloemetje	1	709879	98.0664
bloemwletjes	1	709880	98.0665
bloemwnstal	1	709881	98.0667
blokbeest	1	709882	98.0668
blokhut	1	709883	98.0669
blokjes	1	709884	98.0671
blokkeert	1	709885	98.0672
blondine	1	709886	98.0673
blondines	1	709887	98.0675
blondjes	1	709888	98.0676
bloot	1	709889	98.0678
blootgesteld	1	709890	98.0679
blotevoetentocht	1	709891	98.068
blousje	1	709892	98.0682
blow	1	709893	98.0683
blowen	1	709894	98.0685
blowtje	1	709895	98.0686
blubberen	1	709896	98.0687
bluesconcertje	1	709897	98.0689
bluesgroepke	1	709898	98.069
bluetooth	1	709899	98.0691
bluffen	1	709900	98.0693
blufspel	1	709901	98.0694
bluh	1	709902	98.0696
blumenthal	1	709903	98.0697
bluray	1	709904	98.0698
blush	1	709905	98.07
blut	1	709906	98.0701
blutte	1	709907	98.0702
blyf	1	709908	98.0704
blykbr	1	709909	98.0705
blykt	1	709910	98.0707
blyren	1	709911	98.0708
blèren	1	709912	98.0709
blíjf	1	709913	98.0711
blödsinn	1	709914	98.0712
bm	1	709915	98.0714
bme	1	709916	98.0715
bniet	1	709917	98.0716
bobbel	1	709918	98.0718
bobo's	1	709919	98.0719
bobonne	1	709920	98.072
bochtenroute	1	709921	98.0722
bockenreyder	1	709922	98.0723
bodemplaten	1	709923	98.0725
bodycombat	1	709924	98.0726
bodytjes	1	709925	98.0727
boef	1	709926	98.0729
boeide	1	709927	98.073
boeien	1	709928	98.0732
boeiende	1	709929	98.0733
boeiendu	1	709930	98.0734
boeit	1	709931	98.0736
boek-deadline	1	709932	98.0737
boeka	1	709933	98.0738
boekbespreking	1	709934	98.074
boekenfestijn	1	709935	98.0741
boekenlezers	1	709936	98.0743
boekenmarkt	1	709937	98.0744
boekentas	1	709938	98.0745
boekenweek	1	709939	98.0747
boekenweekgeschenk	1	709940	98.0748
boeket	1	709941	98.0749
boekhoudkundige	1	709942	98.0751
boeking	1	709943	98.0752
boekkie	1	709944	98.0754
boekt	1	709945	98.0755
boels	1	709946	98.0756
boenmachine	1	709947	98.0758
boenwas	1	709948	98.0759
boerderij	1	709949	98.0761
boerenkool	1	709950	98.0762
boertjes	1	709951	98.0763
boetes	1	709952	98.0765
boetseren	1	709953	98.0766
bof	1	709954	98.0767
bofferds	1	709955	98.0769
bohuzel	1	709956	98.077
boir	1	709957	98.0772
bokaal	1	709958	98.0773
bokaal-glazen	1	709959	98.0774
bokaalpunten	1	709960	98.0776
bokbier	1	709961	98.0777
bokbierdag	1	709962	98.0778
bokkal	1	709963	98.078
boksbal	1	709964	98.0781
bold	1	709965	98.0783
bolfoto	1	709966	98.0784
bollaert	1	709967	98.0785
bolletjes	1	709968	98.0787
bolognese	1	709969	98.0788
bolt	1	709970	98.079
bolwerken	1	709971	98.0791
bolzano	1	709972	98.0792
bomb	1	709973	98.0794
bomma	1	709974	98.0795
bomvol	1	709975	98.0796
bonbonnetjes	1	709976	98.0798
bonbons	1	709977	98.0799
bond	1	709978	98.0801
bondcoach	1	709979	98.0802
bondje	1	709980	98.0803
bondscoach	1	709981	98.0805
bondskaart	1	709982	98.0806
bondstr	1	709983	98.0807
bonenmaler	1	709984	98.0809
bonne	1	709985	98.081
bonnekes	1	709986	98.0812
bonnen	1	709987	98.0813
bonnetje	1	709988	98.0814
bonnetjes	1	709989	98.0816
bons	1	709990	98.0817
bontkraagje	1	709991	98.0819
bonuspunten	1	709992	98.082
boobies	1	709993	98.0821
bood	1	709994	98.0823
boodschapprn	1	709995	98.0824
boogie	1	709996	98.0825
boogschutter	1	709997	98.0827
bookies	1	709998	98.0828
bookingssite	1	709999	98.083
books	1	710000	98.0831
boomstam	1	710001	98.0832
booster	1	710002	98.0834
bootcampen	1	710003	98.0835
booth	1	710004	98.0836
bootie	1	710005	98.0838
bootjesparade	1	710006	98.0839
booty	1	710007	98.0841
boozing	1	710008	98.0842
bopper	1	710009	98.0843
bordboek	1	710010	98.0845
bordjes	1	710011	98.0846
boren	1	710012	98.0848
borg-onderbroek	1	710013	98.0849
boromir	1	710014	98.085
borrelglazen	1	710015	98.0852
borstel	1	710016	98.0853
borsten-vergelyken	1	710017	98.0854
borstjes	1	710018	98.0856
bosbranden	1	710019	98.0857
bosch.be	1	710020	98.0859
boschstraat	1	710021	98.086
bosdienst	1	710022	98.0861
bosdreef	1	710023	98.0863
bosjes	1	710024	98.0864
bosu	1	710025	98.0866
bosuilen	1	710026	98.0867
botehammen	1	710027	98.0868
boterhammenplanning	1	710028	98.087
boterhammetje	1	710029	98.0871
boterkoekje	1	710030	98.0872
botermelkbaan	1	710031	98.0874
botero	1	710032	98.0875
boterwaag	1	710033	98.0877
botkwetsuren	1	710034	98.0878
bottelaar	1	710035	98.0879
botten	1	710036	98.0881
bottlenek	1	710037	98.0882
bougeren	1	710038	98.0883
bought	1	710039	98.0885
bouillon	1	710040	98.0886
boulet	1	710041	98.0888
boulet-special	1	710042	98.0889
boulevard	1	710043	98.089
bourdon	1	710044	98.0892
bourgonje	1	710045	98.0893
bourgoyen	1	710046	98.0895
boursin	1	710047	98.0896
bourtange	1	710048	98.0897
boussouf	1	710049	98.0899
bout	1	710050	98.09
bouwer	1	710051	98.0901
bouwstoffen	1	710052	98.0903
bouwterrein	1	710053	98.0904
bouwwerken	1	710054	98.0906
boven.za	1	710055	98.0907
bovenburen	1	710056	98.0908
bovenhalen	1	710057	98.091
bovenhoek	1	710058	98.0911
bovenkaak	1	710059	98.0912
bovenlichaam	1	710060	98.0914
bovn	1	710061	98.0915
bowie	1	710062	98.0917
bowlingbaan	1	710063	98.0918
bowser	1	710064	98.0919
boxah	1	710065	98.0921
boxers	1	710066	98.0922
boxkes	1	710067	98.0924
boxmeer	1	710068	98.0925
boyalis	1	710069	98.0926
boycot	1	710070	98.0928
boycotten	1	710071	98.0929
boyle	1	710072	98.093
boysnite	1	710073	98.0932
boystoys	1	710074	98.0933
br.	1	710075	98.0935
braak	1	710076	98.0936
brabanste	1	710077	98.0937
brabants	1	710078	98.0939
braga	1	710079	98.094
brainburner	1	710080	98.0941
brainstorm	1	710081	98.0943
brakel	1	710082	98.0944
braken	1	710083	98.0946
brakkening	1	710084	98.0947
brakkie	1	710085	98.0948
brakpak	1	710086	98.095
bramen	1	710087	98.0951
brandalarm	1	710088	98.0953
brandalarmen	1	710089	98.0954
brandblusser	1	710090	98.0955
brandje	1	710091	98.0957
brandjes	1	710092	98.0958
brandmelding	1	710093	98.0959
brandmerk	1	710094	98.0961
brandpunt	1	710095	98.0962
brandschone	1	710096	98.0964
brandstapel	1	710097	98.0965
brandveiligheid	1	710098	98.0966
brandweerwagens	1	710099	98.0968
brandy	1	710100	98.0969
brauche	1	710101	98.097
braven	1	710102	98.0972
brazil	1	710103	98.0973
braziliaan	1	710104	98.0975
brb	1	710105	98.0976
bre	1	710106	98.0977
breaking	1	710107	98.0979
breath	1	710108	98.098
brechtie	1	710109	98.0982
brectie	1	710110	98.0983
brede	1	710111	98.0984
breder	1	710112	98.0986
bredrijfskunde	1	710113	98.0987
breedte	1	710114	98.0988
breekpustel	1	710115	98.099
breekt	1	710116	98.0991
brefel	1	710117	98.0993
breidde	1	710118	98.0994
breien	1	710119	98.0995
breiende	1	710120	98.0997
breinaald	1	710121	98.0998
brent	1	710122	98.1
bresjes	1	710123	98.1001
brest	1	710124	98.1002
breudreuster	1	710125	98.1004
breuk	1	710126	98.1005
breuken	1	710127	98.1006
breuknieuws	1	710128	98.1008
brico	1	710129	98.1009
briefed	1	710130	98.1011
briefen	1	710131	98.1012
briefing	1	710132	98.1013
briel	1	710133	98.1015
briesje	1	710134	98.1016
bright	1	710135	98.1017
brikverpakkingen	1	710136	98.1019
brillen	1	710137	98.102
brilletje	1	710138	98.1022
briquets	1	710139	98.1023
bro's	1	710140	98.1024
broad	1	710141	98.1026
broadband	1	710142	98.1027
brochures	1	710143	98.1029
brocollli	1	710144	98.103
broden	1	710145	98.1031
broder	1	710146	98.1033
broeken	1	710147	98.1034
broekhovenseweg	1	710148	98.1035
broekje	1	710149	98.1037
broekjes	1	710150	98.1038
broekmaker	1	710151	98.104
broekzak	1	710152	98.1041
broem	1	710153	98.1042
broer(tje)	1	710154	98.1044
broerie	1	710155	98.1045
broerio	1	710156	98.1046
broke	1	710157	98.1048
broken	1	710158	98.1049
brol	1	710159	98.1051
brololol	1	710160	98.1052
brommercruise	1	710161	98.1053
brommeren	1	710162	98.1055
brommerreis	1	710163	98.1056
bron	1	710164	98.1058
bronchitis	1	710165	98.1059
bronstige	1	710166	98.106
brontestr	1	710167	98.1062
broodfabriek	1	710168	98.1063
broodjeszaak	1	710169	98.1064
broodmandje	1	710170	98.1066
broodnodige	1	710171	98.1067
broodpudding	1	710172	98.1069
brooklyn	1	710173	98.107
brotherhood	1	710174	98.1071
brouwdag	1	710175	98.1073
brouwen	1	710176	98.1074
brouwerij	1	710177	98.1075
brouwers	1	710178	98.1077
brownie-kruim	1	710179	98.1078
brownies	1	710180	98.108
browsen	1	710181	98.1081
bru	1	710182	98.1082
bruf	1	710183	98.1084
brugdag	1	710184	98.1085
brugfe	1	710185	98.1087
brugstraat	1	710186	98.1088
brui	1	710187	98.1089
bruid	1	710188	98.1091
bruidegom	1	710189	98.1092
bruidsfotografie	1	710190	98.1093
bruidspaar	1	710191	98.1095
bruiloften	1	710192	98.1096
bruinverhoudingen	1	710193	98.1098
bruisend	1	710194	98.1099
bruispaar	1	710195	98.11
bruksel	1	710196	98.1102
brullen	1	710197	98.1103
brulée	1	710198	98.1104
brun	1	710199	98.1106
bruna	1	710200	98.1107
brunninkhuis	1	710201	98.1109
brusselsesteenweg	1	710202	98.111
brussrl	1	710203	98.1111
brutaaltje	1	710204	98.1113
brute	1	710205	98.1114
brutus	1	710206	98.1116
bruu	1	710207	98.1117
bruxelles	1	710208	98.1118
bsn	1	710209	98.112
bso	1	710210	98.1121
bsv	1	710211	98.1122
btj	1	710212	98.1124
bubbelbaden	1	710213	98.1125
bublé	1	710214	98.1127
bucht	1	710215	98.1128
buddies	1	710216	98.1129
bude	1	710217	98.1131
buffelen	1	710218	98.1132
bufkes	1	710219	98.1134
bug	1	710220	98.1135
buggies	1	710221	98.1136
buh	1	710222	98.1138
buideldier	1	710223	98.1139
buigen	1	710224	98.114
buiken	1	710225	98.1142
buikkramp	1	710226	98.1143
buikpijntjes	1	710227	98.1145
build-impl	1	710228	98.1146
buirt	1	710229	98.1147
buisjes	1	710230	98.1149
buitenbar	1	710231	98.115
buitenboord	1	710232	98.1151
buitendeur	1	710233	98.1153
buitengesloten	1	710234	98.1154
buitenhof	1	710235	98.1156
buitenkant	1	710236	98.1157
buitenkom	1	710237	98.1158
buitenlands	1	710238	98.116
buitenlandse	1	710239	98.1161
buitenlucht	1	710240	98.1163
buitenmuur	1	710241	98.1164
buitenscherm	1	710242	98.1165
buitenschoppen	1	710243	98.1167
buitenspel	1	710244	98.1168
buitensporig	1	710245	98.1169
buitenstaander	1	710246	98.1171
buitenste	1	710247	98.1172
buitentoog	1	710248	98.1174
buitenwereld	1	710249	98.1175
buk	1	710250	98.1176
bulderen	1	710251	98.1178
bullets	1	710252	98.1179
bult	1	710253	98.118
bundchen	1	710254	98.1182
bungalow	1	710255	98.1183
burchtstraat	1	710256	98.1185
burg	1	710257	98.1186
burger-opstatijd	1	710258	98.1187
burgerbestaan	1	710259	98.1189
burgermeester	1	710260	98.119
burgerwolven	1	710261	98.1192
burgies	1	710262	98.1193
burgstraat	1	710263	98.1194
burley	1	710264	98.1196
burn	1	710265	98.1197
burnt	1	710266	98.1198
burola	1	710267	98.12
burrito	1	710268	98.1201
burritos	1	710269	98.1203
bus-kant	1	710270	98.1204
bus.was	1	710271	98.1205
bushbush	1	710272	98.1207
bushokjes	1	710273	98.1208
businesslounge	1	710274	98.1209
buslijn	1	710275	98.1211
busreis	1	710276	98.1212
bust	1	710277	98.1214
busvervoer	1	710278	98.1215
butcomputer	1	710279	98.1216
butje	1	710280	98.1218
butler	1	710281	98.1219
butt	1	710282	98.1221
butthead	1	710283	98.1222
button	1	710284	98.1223
buurjongetje	1	710285	98.1225
buurmeisjes	1	710286	98.1226
buurtagent	1	710287	98.1227
buurthuis	1	710288	98.1229
buurtje	1	710289	98.123
buurtjes	1	710290	98.1232
buurtonderzoek	1	710291	98.1233
buynsters	1	710292	98.1234
buysse	1	710293	98.1236
buyten	1	710294	98.1237
buza	1	710295	98.1238
buzz	1	710296	98.124
buzzy	1	710297	98.1241
bv-foto	1	710298	98.1243
bva	1	710299	98.1244
bvb	1	710300	98.1245
bw	1	710301	98.1247
bw-feest	1	710302	98.1248
bweuk	1	710303	98.125
bwérk	1	710304	98.1251
bye	1	710305	98.1252
byles	1	710306	98.1254
byttabletten	1	710307	98.1255
bzl	1	710308	98.1256
c.	1	710309	98.1258
caaavaaaaa	1	710310	98.1259
cabaretiere	1	710311	98.1261
cabaretière	1	710312	98.1262
cabine	1	710313	98.1263
cachet	1	710314	98.1265
cactus	1	710315	98.1266
cactusmoment	1	710316	98.1268
caddy's	1	710317	98.1269
cadeau-idee	1	710318	98.127
cadeautip	1	710319	98.1272
cadeutje	1	710320	98.1273
cadzand	1	710321	98.1274
cafee	1	710322	98.1276
cafeetjes	1	710323	98.1277
cafetaria	1	710324	98.1279
cafeïne	1	710325	98.128
caffeine	1	710326	98.1281
cafu	1	710327	98.1283
cafw	1	710328	98.1284
café-cocktailprikkertje	1	710329	98.1285
cage	1	710330	98.1287
cagnotte	1	710331	98.1288
caiperinha	1	710332	98.129
cakejes	1	710333	98.1291
caliente	1	710334	98.1292
calientes	1	710335	98.1294
calkone	1	710336	98.1295
calling	1	710337	98.1297
callkone	1	710338	98.1298
callung	1	710339	98.1299
calorieen	1	710340	98.1301
calson	1	710341	98.1302
calvados	1	710342	98.1303
cam	1	710343	98.1305
cameraprobleem	1	710344	98.1306
cameras	1	710345	98.1308
cammionette	1	710346	98.1309
campen	1	710347	98.131
camperen	1	710348	98.1312
camping-style	1	710349	98.1313
campingkleding	1	710350	98.1314
campings	1	710351	98.1316
campingtechnisch	1	710352	98.1317
campusshop	1	710353	98.1319
can-opener	1	710354	98.132
canada	1	710355	98.1321
canadees	1	710356	98.1323
canadese	1	710357	98.1324
canadian	1	710358	98.1326
canaria	1	710359	98.1327
canasta	1	710360	98.1328
canavnd	1	710361	98.133
cancellara	1	710362	98.1331
cancer	1	710363	98.1332
cannot	1	710364	98.1334
canonica	1	710365	98.1335
cantuservaring	1	710366	98.1337
cantuszaal	1	710367	98.1338
canvasje	1	710368	98.1339
cany	1	710369	98.1341
canyon	1	710370	98.1342
cao	1	710371	98.1343
capaciteit	1	710372	98.1345
capitole	1	710373	98.1346
cappuccino	1	710374	98.1348
cappuccinomelk	1	710375	98.1349
caps	1	710376	98.135
capsules	1	710377	98.1352
captain	1	710378	98.1353
capu	1	710379	98.1355
caramelshake	1	710380	98.1356
caraïben	1	710381	98.1357
carburateur	1	710382	98.1359
carcasonne	1	710383	98.136
carcasonnen	1	710384	98.1361
cards	1	710385	98.1363
careltje	1	710386	98.1364
caribbean	1	710387	98.1366
carkit	1	710388	98.1367
carmen	1	710389	98.1368
carnavalidioten	1	710390	98.137
carnavallende	1	710391	98.1371
carnavals	1	710392	98.1373
carnavalskleren	1	710393	98.1374
carnavalswinkel	1	710394	98.1375
carnevalsvakantie	1	710395	98.1377
carnivoor	1	710396	98.1378
carolien	1	710397	98.1379
caroline	1	710398	98.1381
carpaccio	1	710399	98.1382
carpool	1	710400	98.1384
carras	1	710401	98.1385
carry	1	710402	98.1386
carrying	1	710403	98.1388
carte	1	710404	98.1389
cartoons	1	710405	98.139
cartouche	1	710406	98.1392
cases	1	710407	98.1393
casinos	1	710408	98.1395
casper	1	710409	98.1396
casquil	1	710410	98.1397
cassino	1	710411	98.1399
castilielaan	1	710412	98.14
castle	1	710413	98.1402
castricum	1	710414	98.1403
casual	1	710415	98.1404
casually	1	710416	98.1406
cat.	1	710417	98.1407
catastrofe	1	710418	98.1408
catcher	1	710419	98.141
catechisatie	1	710420	98.1411
catholics	1	710421	98.1413
catterpillars	1	710422	98.1414
catwalk	1	710423	98.1415
caux	1	710424	98.1417
cavaaaat	1	710425	98.1418
cavaat	1	710426	98.1419
cavatjes	1	710427	98.1421
cb	1	710428	98.1422
ccd	1	710429	98.1424
cdspeler	1	710430	98.1425
cdtje	1	710431	98.1426
ceasar	1	710432	98.1428
cecemel	1	710433	98.1429
cellar	1	710434	98.1431
cellphone	1	710435	98.1432
censuur	1	710436	98.1433
centenbakje	1	710437	98.1435
centerparcs	1	710438	98.1436
centerparks	1	710439	98.1437
centimeter	1	710440	98.1439
centrale	1	710441	98.144
centre	1	710442	98.1442
ceo	1	710443	98.1443
cept	1	710444	98.1444
certificaat	1	710445	98.1446
cervezasje	1	710446	98.1447
ces	1	710447	98.1448
cg	1	710448	98.145
chag	1	710449	98.1451
chagerijnig	1	710450	98.1453
chaggerijnen	1	710451	98.1454
chagrijnige	1	710452	98.1455
chalerio	1	710453	98.1457
chamilo	1	710454	98.1458
champagnebar	1	710455	98.146
champignon	1	710456	98.1461
champignonloze	1	710457	98.1462
champignons	1	710458	98.1464
champix	1	710459	98.1465
chanceke	1	710460	98.1466
chanel	1	710461	98.1468
changed	1	710462	98.1469
changeling	1	710463	98.1471
changes	1	710464	98.1472
chapter	1	710465	98.1473
charging	1	710466	98.1475
charmerend	1	710467	98.1476
charming	1	710468	98.1477
chasse	1	710469	98.1479
chassepiereb	1	710470	98.148
chateau	1	710471	98.1482
chauffeuren	1	710472	98.1483
chauffeurs	1	710473	98.1484
cheapass	1	710474	98.1486
cheaper	1	710475	98.1487
cheating	1	710476	98.1489
checke	1	710477	98.149
checked	1	710478	98.1491
checkin	1	710479	98.1493
checklist	1	710480	98.1494
checkten	1	710481	98.1495
cheeseburger	1	710482	98.1497
cheeta	1	710483	98.1498
cheetah	1	710484	98.15
chef	1	710485	98.1501
chel	1	710486	98.1502
chelly	1	710487	98.1504
chelsea	1	710488	98.1505
chemicus	1	710489	98.1507
chemie	1	710490	98.1508
chemin	1	710491	98.1509
chemotherapie	1	710492	98.1511
cheque	1	710493	98.1512
chesscafe	1	710494	98.1513
cheuk-him	1	710495	98.1515
chez	1	710496	98.1516
chia	1	710497	98.1518
chic	1	710498	98.1519
chickflick	1	710499	98.152
chickie	1	710500	98.1522
chien	1	710501	98.1523
child	1	710502	98.1524
childishly	1	710503	98.1526
chilin	1	710504	98.1527
chill-deluxe	1	710505	98.1529
chille	1	710506	98.153
chiller	1	710507	98.1531
chilling	1	710508	98.1533
chillingstime	1	710509	98.1534
chillmomentje	1	710510	98.1536
chilltime	1	710511	98.1537
chinese	1	710512	98.1538
chinezen	1	710513	98.154
chipotle	1	710514	98.1541
chippen	1	710515	98.1542
chiromuziek	1	710516	98.1544
chirurgijn	1	710517	98.1545
chiuawa	1	710518	98.1547
choc	1	710519	98.1548
choco	1	710520	98.1549
choco-dag	1	710521	98.1551
chococake	1	710522	98.1552
chocoladebroodje	1	710523	98.1553
chocolademelk	1	710524	98.1555
chocolat	1	710525	98.1556
chocolate	1	710526	98.1558
chocomelk	1	710527	98.1559
chocomousse	1	710528	98.156
choenske	1	710529	98.1562
choice	1	710530	98.1563
cholesteroltesten	1	710531	98.1565
chorizzo	1	710532	98.1566
chowk	1	710533	98.1567
chris	1	710534	98.1569
christiaan	1	710535	98.157
chunkske	1	710536	98.1571
chunky	1	710537	98.1573
ci	1	710538	98.1574
cider	1	710539	98.1576
cie	1	710540	98.1577
cigarettes	1	710541	98.1578
cigs	1	710542	98.158
cijfertjes	1	710543	98.1581
cilly	1	710544	98.1582
cinematje	1	710545	98.1584
cinemazaal	1	710546	98.1585
cinfused	1	710547	98.1587
cinq	1	710548	98.1588
cinquieme	1	710549	98.1589
cinéma	1	710550	98.1591
cio-paper	1	710551	98.1592
cipier	1	710552	98.1594
circa	1	710553	98.1595
circles	1	710554	98.1596
circuit	1	710555	98.1598
circuleren	1	710556	98.1599
circumstances	1	710557	98.16
circus	1	710558	98.1602
cirkelredenering	1	710559	98.1603
ciska	1	710560	98.1605
citaat	1	710561	98.1606
citadelpark	1	710562	98.1607
citeren	1	710563	98.1609
citicard	1	710564	98.161
citroensap	1	710565	98.1611
citruspers	1	710566	98.1613
citéke	1	710567	98.1614
civiel	1	710568	98.1616
civo	1	710569	98.1617
claim	1	710570	98.1618
claimed	1	710571	98.162
clashes	1	710572	98.1621
classics	1	710573	98.1623
classy	1	710574	98.1624
claudine	1	710575	98.1625
claxoneren	1	710576	98.1627
cleaned	1	710577	98.1628
cleaning	1	710578	98.1629
clearly	1	710579	98.1631
clerck	1	710580	98.1632
clerkie	1	710581	98.1634
cliché	1	710582	98.1635
client	1	710583	98.1636
climax	1	710584	98.1638
clinic	1	710585	98.1639
clio	1	710586	98.1641
clip	1	710587	98.1642
clips	1	710588	98.1643
cliënteel	1	710589	98.1645
cloisy	1	710590	98.1646
closely	1	710591	98.1647
clothing	1	710592	98.1649
clownsmaat	1	710593	98.165
clozer	1	710594	98.1652
clrecup	1	710595	98.1653
clubje	1	710596	98.1654
clubkaart	1	710597	98.1656
clubken	1	710598	98.1657
clueless	1	710599	98.1658
cluppie	1	710600	98.166
coachen	1	710601	98.1661
coaching	1	710602	98.1663
coalitie	1	710603	98.1664
coating	1	710604	98.1665
cochem	1	710605	98.1667
cocktailstand	1	710606	98.1668
codeboeken	1	710607	98.167
codecomissie	1	710608	98.1671
codes	1	710609	98.1672
coffees	1	710610	98.1674
coffeeshopshock	1	710611	98.1675
cognitief	1	710612	98.1676
cogpsy	1	710613	98.1678
cohen	1	710614	98.1679
coiffeur	1	710615	98.1681
coimbra	1	710616	98.1682
colaba	1	710617	98.1683
colafles	1	710618	98.1685
colbertje	1	710619	98.1686
cold	1	710620	98.1687
coldpack	1	710621	98.1689
coldplay	1	710622	98.169
coldrex	1	710623	98.1692
coleagues	1	710624	98.1693
colen	1	710625	98.1694
collaert	1	710626	98.1696
collages	1	710627	98.1697
collecteren	1	710628	98.1699
collectief	1	710629	98.17
collectors	1	710630	98.1701
collegA	1	710631	98.1703
collegedAg	1	710632	98.1704
collegedagen	1	710633	98.1705
colloquium	1	710634	98.1707
colmar	1	710635	98.1708
colonisten	1	710636	98.171
color	1	710637	98.1711
colours	1	710638	98.1712
cols	1	710639	98.1714
colt	1	710640	98.1715
columns	1	710641	98.1716
comThanks	1	710642	98.1718
comatized	1	710643	98.1719
combi-grill	1	710644	98.1721
combinaties	1	710645	98.1722
combine	1	710646	98.1723
combineer	1	710647	98.1725
combo	1	710648	98.1726
comissies	1	710649	98.1728
comité	1	710650	98.1729
commandant	1	710651	98.173
commercie	1	710652	98.1732
commissaris	1	710653	98.1733
commissiefoto's	1	710654	98.1734
commissiegenoot	1	710655	98.1736
commissiegenoten	1	710656	98.1737
commits	1	710657	98.1739
committed	1	710658	98.174
committee	1	710659	98.1741
commotie	1	710660	98.1743
communicatief	1	710661	98.1744
communicen	1	710662	98.1745
communiceren	1	710663	98.1747
communities	1	710664	98.1748
compact	1	710665	98.175
compendium	1	710666	98.1751
compensate	1	710667	98.1752
compensator	1	710668	98.1754
compenseert	1	710669	98.1755
competely	1	710670	98.1757
competentie	1	710671	98.1758
competietie	1	710672	98.1759
compileren	1	710673	98.1761
complaining	1	710674	98.1762
compleaños	1	710675	98.1763
completer	1	710676	98.1765
complexbeheerder	1	710677	98.1766
complexe	1	710678	98.1768
complexer	1	710679	98.1769
complicated	1	710680	98.177
compliments	1	710681	98.1772
complot	1	710682	98.1773
complètement	1	710683	98.1775
componenten	1	710684	98.1776
compromis	1	710685	98.1777
compus	1	710686	98.1779
computational	1	710687	98.178
computerarchitect	1	710688	98.1781
computerhok	1	710689	98.1783
computernerds	1	710690	98.1784
computerspelletje	1	710691	98.1786
computertaalkunde	1	710692	98.1787
computerte	1	710693	98.1788
computerweg	1	710694	98.179
computerzaal	1	710695	98.1791
comuterlokaal	1	710696	98.1792
conact	1	710697	98.1794
conceptueel	1	710698	98.1795
conceptvakantie	1	710699	98.1797
concern	1	710700	98.1798
concerten	1	710701	98.1799
concertzaal	1	710702	98.1801
concluderen	1	710703	98.1802
concreter	1	710704	98.1804
concurrenten	1	710705	98.1805
concurrentie	1	710706	98.1806
condensed	1	710707	98.1808
conditietraining	1	710708	98.1809
conductrice	1	710709	98.181
conf	1	710710	98.1812
conferentiegebouw	1	710711	98.1813
confirmation	1	710712	98.1815
confiuurpot	1	710713	98.1816
conflicten	1	710714	98.1817
confusion	1	710715	98.1819
cong	1	710716	98.182
congrats	1	710717	98.1821
congresmanager	1	710718	98.1823
congresmeisje	1	710719	98.1824
conifeer	1	710720	98.1826
connaisseur	1	710721	98.1827
connection	1	710722	98.1828
connections	1	710723	98.183
connector	1	710724	98.1831
connemara	1	710725	98.1833
conrad	1	710726	98.1834
consensus	1	710727	98.1835
constateer	1	710728	98.1837
constateerde	1	710729	98.1838
consternatie	1	710730	98.1839
constitutieborrel	1	710731	98.1841
constructie	1	710732	98.1842
consulent	1	710733	98.1844
consultatie	1	710734	98.1845
contactgegevens	1	710735	98.1846
containerparkkaart	1	710736	98.1848
continued	1	710737	98.1849
continuwd	1	710738	98.185
contracten	1	710739	98.1852
contractverlenging	1	710740	98.1853
contradiction	1	710741	98.1855
contrast	1	710742	98.1856
contrasten	1	710743	98.1857
contrastvloeistof	1	710744	98.1859
control	1	710745	98.186
controleert	1	710746	98.1862
controlefreak	1	710747	98.1863
controlere	1	710748	98.1864
controles	1	710749	98.1866
controller	1	710750	98.1867
conventeren	1	710751	98.1868
conversation	1	710752	98.187
coogan	1	710753	98.1871
cookin	1	710754	98.1873
coolen	1	710755	98.1874
cooling	1	710756	98.1875
coor	1	710757	98.1877
coordinaten	1	710758	98.1878
coordinatiedienst	1	710759	98.1879
coordinator	1	710760	98.1881
coorevits	1	710761	98.1882
cop	1	710762	98.1884
copain	1	710763	98.1885
coping	1	710764	98.1886
copyright	1	710765	98.1888
copyright-boodschappen	1	710766	98.1889
copyshop	1	710767	98.1891
cor	1	710768	98.1892
cora	1	710769	98.1893
cord	1	710770	98.1895
cordobas	1	710771	98.1896
coref	1	710772	98.1897
cores	1	710773	98.1899
corinne	1	710774	98.19
cornflakes	1	710775	98.1902
corona	1	710776	98.1903
coronas	1	710777	98.1904
corps	1	710778	98.1906
correcties	1	710779	98.1907
correctiewerk	1	710780	98.1909
correcting	1	710781	98.191
correction	1	710782	98.1911
corrections	1	710783	98.1913
corrupt	1	710784	98.1914
corveesysteem	1	710785	98.1915
corvinteto	1	710786	98.1917
coschappen	1	710787	98.1918
cosmetisch	1	710788	98.192
costas	1	710789	98.1921
costume	1	710790	98.1922
couldn't	1	710791	98.1924
couldnt	1	710792	98.1925
couldve	1	710793	98.1926
couleur	1	710794	98.1928
counter	1	710795	98.1929
coup	1	710796	98.1931
coupke	1	710797	98.1932
coupons	1	710798	98.1933
coupé	1	710799	98.1935
coureur	1	710800	98.1936
coureurtje	1	710801	98.1938
courgettes	1	710802	98.1939
courgettesoep	1	710803	98.194
courier	1	710804	98.1942
cours	1	710805	98.1943
couscoussalade	1	710806	98.1944
cousy	1	710807	98.1946
coverplaat	1	710808	98.1947
cow	1	710809	98.1949
cowbows	1	710810	98.195
coördinatoren	1	710811	98.1951
coördineer	1	710812	98.1953
coördineren	1	710813	98.1954
cq	1	710814	98.1955
cragen	1	710815	98.1957
cranberry	1	710816	98.1958
cranberry-vlierbes	1	710817	98.196
cranberrysap	1	710818	98.1961
crashte	1	710819	98.1962
craziness	1	710820	98.1964
cream	1	710821	98.1965
creationary	1	710822	98.1967
cred	1	710823	98.1968
creep	1	710824	98.1969
creeren	1	710825	98.1971
crefi	1	710826	98.1972
creme-brulée	1	710827	98.1973
creuset	1	710828	98.1975
crevits	1	710829	98.1976
cricket-club	1	710830	98.1978
cricketfestijn	1	710831	98.1979
crieren	1	710832	98.198
criminals	1	710833	98.1982
crimineel	1	710834	98.1983
criminologie	1	710835	98.1984
cris	1	710836	98.1986
crisismarketing	1	710837	98.1987
crisissen	1	710838	98.1989
crisp	1	710839	98.199
croques	1	710840	98.1991
crosby	1	710841	98.1993
crossen	1	710842	98.1994
crossing	1	710843	98.1996
crossroad	1	710844	98.1997
crosstrainen	1	710845	98.1998
croupier	1	710846	98.2
cru	1	710847	98.2001
crucify	1	710848	98.2002
cruise	1	710849	98.2004
cruisecontrol	1	710850	98.2005
cruiser	1	710851	98.2007
crush	1	710852	98.2008
cruzen	1	710853	98.2009
crying	1	710854	98.2011
cst	1	710855	98.2012
ctive	1	710856	98.2013
cu	1	710857	98.2015
cuijk	1	710858	98.2016
cuisine	1	710859	98.2018
culemborg	1	710860	98.2019
culinair	1	710861	98.202
culinaire	1	710862	98.2022
cullum	1	710863	98.2023
cult	1	710864	98.2025
culturele	1	710865	98.2026
cultuurcheques	1	710866	98.2027
cultuursector	1	710867	98.2029
cupcake	1	710868	98.203
cupcakes	1	710869	98.2031
cups	1	710870	98.2033
curieus	1	710871	98.2034
curiosity	1	710872	98.2036
curryketchup	1	710873	98.2037
currysaus	1	710874	98.2038
cursusleider	1	710875	98.204
cusoon	1	710876	98.2041
cuz	1	710877	98.2043
cv's	1	710878	98.2044
cx	1	710879	98.2045
cyfertjes	1	710880	98.2047
cynische	1	710881	98.2048
cyprus	1	710882	98.2049
cz	1	710883	98.2051
côte	1	710884	98.2052
cökxpon	1	710885	98.2054
dAg	1	710886	98.2055
dB	1	710887	98.2056
dRomo	1	710888	98.2058
da.Xx	1	710889	98.2059
daa	1	710890	98.206
daaag	1	710891	98.2062
daaar	1	710892	98.2063
daad	1	710893	98.2065
daadkrachtiger	1	710894	98.2066
daag	1	710895	98.2067
daagskes	1	710896	98.2069
daalt	1	710897	98.207
daarnetbom	1	710898	98.2072
daaronder	1	710899	98.2073
dabal	1	710900	98.2074
dad	1	710901	98.2076
dada	1	710902	98.2077
dadde	1	710903	98.2078
daddy	1	710904	98.208
daden	1	710905	98.2081
dader	1	710906	98.2083
dae	1	710907	98.2084
daf	1	710908	98.2085
dafalgan	1	710909	98.2087
dafalgans	1	710910	98.2088
daft	1	710911	98.2089
dag-nacht-ritme	1	710912	98.2091
dagboek	1	710913	98.2092
dagboekbericht	1	710914	98.2094
dagdienst	1	710915	98.2095
dagdingen	1	710916	98.2096
dagelijkse	1	710917	98.2098
dagenlang	1	710918	98.2099
dagge	1	710919	98.2101
dagkaart	1	710920	98.2102
daguren	1	710921	98.2103
dahaag	1	710922	98.2105
dahbi	1	710923	98.2106
dai	1	710924	98.2107
daily	1	710925	98.2109
daj	1	710926	98.211
dajjet	1	710927	98.2112
dakik	1	710928	98.2113
dakje	1	710929	98.2114
dakket	1	710930	98.2116
dakpannen	1	710931	98.2117
dakterras	1	710932	98.2118
dal	1	710933	98.212
dalen	1	710934	98.2121
dalende	1	710935	98.2123
dalfsen	1	710936	98.2124
daluren	1	710937	98.2125
damaris	1	710938	98.2127
damesteams	1	710939	98.2128
dametjes	1	710940	98.213
damned	1	710941	98.2131
damwedstrijd	1	710942	98.2132
dan.een	1	710943	98.2134
dan.kan	1	710944	98.2135
danielle	1	710945	98.2136
dankbetuiging	1	710946	98.2138
dankdag	1	710947	98.2139
danke	1	710948	98.2141
dankjee	1	710949	98.2142
dankuuu	1	710950	98.2143
danscursus	1	710951	98.2145
dansdemo's	1	710952	98.2146
dansende	1	710953	98.2147
dansjes	1	710954	98.2149
dansmoves	1	710955	98.215
dansschoenen	1	710956	98.2152
dansschool	1	710957	98.2153
dansvloer	1	710958	98.2154
dansvoorstelling	1	710959	98.2156
danwel	1	710960	98.2157
danzijn	1	710961	98.2159
dapper	1	710962	98.216
darkred	1	710963	98.2161
darling	1	710964	98.2163
darmen	1	710965	98.2164
darminf	1	710966	98.2165
darmpjes	1	710967	98.2167
dartagnan	1	710968	98.2168
darten	1	710969	98.217
darumprikker	1	710970	98.2171
dat-ie	1	710971	98.2172
dat.ik	1	710972	98.2174
data-analyse	1	710973	98.2175
datacomponenten	1	710974	98.2177
datapinnen	1	710975	98.2178
dataverz	1	710976	98.2179
datgene	1	710977	98.2181
datje	1	710978	98.2182
datklaar	1	710979	98.2183
datter	1	710980	98.2185
dattet	1	710981	98.2186
daver	1	710982	98.2188
daverend	1	710983	98.2189
davidsster	1	710984	98.219
davy	1	710985	98.2192
dayfly	1	710986	98.2193
daze	1	710987	98.2194
dbus	1	710988	98.2196
dd	1	710989	98.2197
ddi	1	710990	98.2199
dealer	1	710991	98.22
death	1	710992	98.2201
debat	1	710993	98.2203
debatten	1	710994	98.2204
debatteren	1	710995	98.2206
debbie	1	710996	98.2207
debiele	1	710997	98.2208
debielenclub	1	710998	98.221
debroodjes	1	710999	98.2211
debuut	1	711000	98.2212
dec.	1	711001	98.2214
decaan	1	711002	98.2215
decadance	1	711003	98.2217
decatlon	1	711004	98.2218
decauto	1	711005	98.2219
decennia	1	711006	98.2221
decibel	1	711007	98.2222
decibels	1	711008	98.2223
deciding	1	711009	98.2225
decimalen	1	711010	98.2226
decision	1	711011	98.2228
declareren	1	711012	98.2229
decolte	1	711013	98.223
decorated	1	711014	98.2232
decoratie	1	711015	98.2233
decoreren	1	711016	98.2235
decrock	1	711017	98.2236
deddie	1	711018	98.2237
deduce	1	711019	98.2239
dee	1	711020	98.224
deedie	1	711021	98.2241
deeg	1	711022	98.2243
deelde	1	711023	98.2244
deelnemen	1	711024	98.2246
deelnemer	1	711025	98.2247
deelnemers	1	711026	98.2248
deen	1	711027	98.225
defauw	1	711028	98.2251
defense	1	711029	98.2252
defensiebeleid	1	711030	98.2254
definitely	1	711031	98.2255
definitie	1	711032	98.2257
definition	1	711033	98.2258
deftige	1	711034	98.2259
defvoor	1	711035	98.2261
degraderen	1	711036	98.2262
degrés	1	711037	98.2264
deken	1	711038	98.2265
dekentje	1	711039	98.2266
dekken	1	711040	98.2268
dekking	1	711041	98.2269
deksels	1	711042	98.227
delay	1	711043	98.2272
delenXD	1	711044	98.2273
delete	1	711045	98.2275
delftse	1	711046	98.2276
delivery	1	711047	98.2277
dell	1	711048	98.2279
dellen	1	711049	98.228
delphine	1	711050	98.2281
dem	1	711051	98.2283
demain	1	711052	98.2284
demander	1	711053	98.2286
demente	1	711054	98.2287
demi	1	711055	98.2288
demolinkje	1	711056	98.229
demonische	1	711057	98.2291
dender	1	711058	98.2293
denekamp	1	711059	98.2294
denkaanje	1	711060	98.2295
denkaanjouliefste	1	711061	98.2297
denke	1	711062	98.2298
denket	1	711063	98.2299
denkfout	1	711064	98.2301
denkn	1	711065	98.2302
deo	1	711066	98.2304
deodorant	1	711067	98.2305
depa	1	711068	98.2306
departure	1	711069	98.2308
dependent	1	711070	98.2309
depickere	1	711071	98.2311
deployed	1	711072	98.2312
depot	1	711073	98.2313
depressed	1	711074	98.2315
depressief	1	711075	98.2316
deprimerend	1	711076	98.2317
deprivation	1	711077	98.2319
depuis	1	711078	98.232
derbij	1	711079	98.2322
derbyresultaten	1	711080	98.2323
derdejaars	1	711081	98.2324
derderangsbv's	1	711082	98.2326
derksen	1	711083	98.2327
derop	1	711084	98.2328
derover	1	711085	98.233
derr	1	711086	98.2331
derriedouche	1	711087	98.2333
dertigste	1	711088	98.2334
deruit	1	711089	98.2335
dervoor	1	711090	98.2337
derwaeltje	1	711091	98.2338
desalniettemin	1	711092	98.234
descernible	1	711093	98.2341
deseo	1	711094	98.2342
deserted	1	711095	98.2344
deserve	1	711096	98.2345
designed	1	711097	98.2346
designerskleding	1	711098	98.2348
desktop	1	711099	98.2349
desmet	1	711100	98.2351
desondanks	1	711101	98.2352
desperados	1	711102	98.2353
despite	1	711103	98.2355
dessertplanner	1	711104	98.2356
destroyed	1	711105	98.2357
determinisme	1	711106	98.2359
deurmat	1	711107	98.236
deurposter	1	711108	98.2362
deurs	1	711109	98.2363
deurtje	1	711110	98.2364
deutsch	1	711111	98.2366
deveaux	1	711112	98.2367
device	1	711113	98.2369
dewolf	1	711114	98.237
dexamethason	1	711115	98.2371
df	1	711116	98.2373
dhembrewadi	1	711117	98.2374
dhiver	1	711118	98.2375
dhr	1	711119	98.2377
di-rect	1	711120	98.2378
dia's	1	711121	98.238
diagnostische	1	711122	98.2381
diagonally	1	711123	98.2382
dialecten	1	711124	98.2384
diamond	1	711125	98.2385
diane	1	711126	98.2386
dichtgedraaid	1	711127	98.2388
dichtgegroeid	1	711128	98.2389
dichtgepland	1	711129	98.2391
dichtgetikt	1	711130	98.2392
dichtgetikte	1	711131	98.2393
dichtheid	1	711132	98.2395
dichts	1	711133	98.2396
dichtslaan	1	711134	98.2398
dichtstbijzijnde	1	711135	98.2399
dickassholefuckshitface	1	711136	98.24
dico	1	711137	98.2402
dictaat	1	711138	98.2403
dictated	1	711139	98.2404
dieeten	1	711140	98.2406
dieetkunde	1	711141	98.2407
dieetmotivatie	1	711142	98.2409
diefilm	1	711143	98.241
diefstal	1	711144	98.2411
diens	1	711145	98.2413
dienste	1	711146	98.2414
dienstencheques	1	711147	98.2415
dienstverlenende	1	711148	98.2417
dienstverlening	1	711149	98.2418
dient	1	711150	98.242
dieptepunt	1	711151	98.2421
diepvriesfrieten	1	711152	98.2422
diepvriespizza	1	711153	98.2424
diepvriespizzas	1	711154	98.2425
diepvriesvest	1	711155	98.2427
diepzinnig	1	711156	98.2428
dierenambulance	1	711157	98.2429
dieter-fanclub	1	711158	98.2431
dieterlach	1	711159	98.2432
dieters	1	711160	98.2433
dietersong	1	711161	98.2435
diets	1	711162	98.2436
dieven	1	711163	98.2438
dievoor	1	711164	98.2439
diewe	1	711165	98.244
diezelfde	1	711166	98.2442
dieüberpas	1	711167	98.2443
difference	1	711168	98.2445
different	1	711169	98.2446
dificulties	1	711170	98.2447
dig	1	711171	98.2449
digiknuf	1	711172	98.245
digitale	1	711173	98.2451
digitenne	1	711174	98.2453
dikheid	1	711175	98.2454
dikkie	1	711176	98.2456
diksap	1	711177	98.2457
diktaat	1	711178	98.2458
dimension	1	711179	98.246
dimensions	1	711180	98.2461
dimphy	1	711181	98.2462
din	1	711182	98.2464
dingetj	1	711183	98.2465
dingk	1	711184	98.2467
dingo	1	711185	98.2468
dingske	1	711186	98.2469
dink	1	711187	98.2471
dinkjes	1	711188	98.2472
dinnerdate	1	711189	98.2474
dinnerparty	1	711190	98.2475
dinosaurus	1	711191	98.2476
dinsdagavnd	1	711192	98.2478
dinsdagmorgen	1	711193	98.2479
dinsdagnamiddag	1	711194	98.248
dinsdagvoormiddag	1	711195	98.2482
dinsdagvriendinavond	1	711196	98.2483
dio	1	711197	98.2485
diplomacratie	1	711198	98.2486
directer	1	711199	98.2487
directie	1	711200	98.2489
directly	1	711201	98.249
dirty	1	711202	98.2491
dis	1	711203	98.2493
disco	1	711204	98.2494
discobal	1	711205	98.2496
discobol	1	711206	98.2497
discobowlen	1	711207	98.2498
discofielen	1	711208	98.25
discography	1	711209	98.2501
discovered	1	711210	98.2503
discovery	1	711211	98.2504
dishes	1	711212	98.2505
disneyland	1	711213	98.2507
display	1	711214	98.2508
disputen	1	711215	98.2509
dispuutcafedinges	1	711216	98.2511
dispuutsweekend	1	711217	98.2512
dissapoint	1	711218	98.2514
district	1	711219	98.2515
ditto	1	711220	98.2516
diwaterstofmonooxide	1	711221	98.2518
dixie	1	711222	98.2519
diz	1	711223	98.252
dizkartes	1	711224	98.2522
dj's	1	711225	98.2523
dmv	1	711226	98.2525
dna	1	711227	98.2526
dnaprofielen	1	711228	98.2527
dnes	1	711229	98.2529
do-avond	1	711230	98.253
do-dag	1	711231	98.2532
do.fi	1	711232	98.2533
dobbelsteen	1	711233	98.2534
dobbie	1	711234	98.2536
docentenkamer	1	711235	98.2537
dochters	1	711236	98.2538
dochtertje	1	711237	98.254
docteur	1	711238	98.2541
doctoral	1	711239	98.2543
doctorandus	1	711240	98.2544
docu's	1	711241	98.2545
documentjes	1	711242	98.2547
documentnr	1	711243	98.2548
documentnummer	1	711244	98.2549
documents	1	711245	98.2551
docx	1	711246	98.2552
dod	1	711247	98.2554
dodag	1	711248	98.2555
dodentocht	1	711249	98.2556
doderdag	1	711250	98.2558
dodge	1	711251	98.2559
dodgy	1	711252	98.2561
doedanoggoe	1	711253	98.2562
doede	1	711254	98.2563
doedel	1	711255	98.2565
doedelt	1	711256	98.2566
doeg	1	711257	98.2567
doegut	1	711258	98.2569
doehetzelf	1	711259	98.257
doeken	1	711260	98.2572
doelden	1	711261	98.2573
doele	1	711262	98.2574
doelgroep	1	711263	98.2576
doelloos	1	711264	98.2577
doening	1	711265	98.2579
doeningen	1	711266	98.258
doerak	1	711267	98.2581
doesburg	1	711268	98.2583
doey	1	711269	98.2584
doggie	1	711270	98.2585
dok	1	711271	98.2587
doktersbezoek	1	711272	98.2588
doktersroman	1	711273	98.259
doktert	1	711274	98.2591
doktertje	1	711275	98.2592
doktoor	1	711276	98.2594
dokumentem	1	711277	98.2595
dokus	1	711278	98.2596
dolblij	1	711279	98.2598
dolce	1	711280	98.2599
dolf	1	711281	98.2601
dolfijn	1	711282	98.2602
dolfijne	1	711283	98.2603
dolgelukkig	1	711284	98.2605
dolgraag	1	711285	98.2606
dolleke	1	711286	98.2608
dollen	1	711287	98.2609
dolores	1	711288	98.261
domaine	1	711289	98.2612
domein	1	711290	98.2613
domeinen	1	711291	98.2614
domeinnaam	1	711292	98.2616
domend	1	711293	98.2617
domheid	1	711294	98.2619
dominantie	1	711295	98.262
dominiek	1	711296	98.2621
dominique	1	711297	98.2623
dominoen	1	711298	98.2624
doms	1	711299	98.2625
don-vrij	1	711300	98.2627
donatie	1	711301	98.2628
dondag	1	711302	98.263
donderd	1	711303	98.2631
donderdagOCHTEND	1	711304	98.2632
donderdaggevoel	1	711305	98.2634
donderdagmiddagborreltje	1	711306	98.2635
donderdagnamiddag	1	711307	98.2637
donderdagochtend	1	711308	98.2638
donderdgek	1	711309	98.2639
donderstag	1	711310	98.2641
dondersteen	1	711311	98.2642
dondert	1	711312	98.2643
doneer	1	711313	98.2645
dongen	1	711314	98.2646
dongestraat	1	711315	98.2648
donk	1	711316	98.2649
donkerblauw	1	711317	98.265
donkerbruin	1	711318	98.2652
donkergrijs	1	711319	98.2653
donkey	1	711320	98.2654
donne	1	711321	98.2656
dons	1	711322	98.2657
doodachtig	1	711323	98.2659
doodgaan	1	711324	98.266
doodgegaan	1	711325	98.2661
doodgemaakt	1	711326	98.2663
doodirritant	1	711327	98.2664
doodkuffelen	1	711328	98.2666
doodle	1	711329	98.2667
doods	1	711330	98.2668
doodsaai	1	711331	98.267
doodsteek	1	711332	98.2671
doodstil	1	711333	98.2672
doodstille	1	711334	98.2674
doodziek	1	711335	98.2675
doof	1	711336	98.2677
dooien	1	711337	98.2678
dooirkom	1	711338	98.2679
doop	1	711339	98.2681
door-knocking	1	711340	98.2682
doorbetaald	1	711341	98.2683
doorblokken	1	711342	98.2685
doorboozen	1	711343	98.2686
doorbrengt	1	711344	98.2688
doorbuffelen	1	711345	98.2689
doordachte	1	711346	98.269
doordenken	1	711347	98.2692
dooreen	1	711348	98.2693
doorgaans	1	711349	98.2695
doorgebracht	1	711350	98.2696
doorgebrand	1	711351	98.2697
doorgedaan	1	711352	98.2699
doorgeefluik	1	711353	98.27
doorgehakt	1	711354	98.2701
doorgekamt	1	711355	98.2703
doorgeknipt	1	711356	98.2704
doorgekropen	1	711357	98.2706
doorgereisd	1	711358	98.2707
doorgespit	1	711359	98.2708
doorgesproken	1	711360	98.271
doorgezet	1	711361	98.2711
doorging	1	711362	98.2713
doorhalen	1	711363	98.2714
doorkijken	1	711364	98.2715
doorklikscherm	1	711365	98.2717
doorknallen	1	711366	98.2718
doorkruisen	1	711367	98.2719
doorlezen	1	711368	98.2721
doorloopt	1	711369	98.2722
doormailej	1	711370	98.2724
doormeten	1	711371	98.2725
doorn	1	711372	98.2726
doorreis	1	711373	98.2728
doors	1	711374	98.2729
doorschaatst	1	711375	98.273
doorsmsen	1	711376	98.2732
doorspoeling	1	711377	98.2733
doorspreken	1	711378	98.2735
doorsteken	1	711379	98.2736
doorstuderen	1	711380	98.2737
doorverkocht	1	711381	98.2739
doorverkopen	1	711382	98.274
doorvertel	1	711383	98.2742
doorverwijzen	1	711384	98.2743
doorweekt	1	711385	98.2744
doorzijn	1	711386	98.2746
doorzocht	1	711387	98.2747
dootgeven	1	711388	98.2748
dopen	1	711389	98.275
dopje	1	711390	98.2751
dopjes	1	711391	98.2753
dordrecht	1	711392	98.2754
dorect	1	711393	98.2755
dorito's	1	711394	98.2757
dorpskerk	1	711395	98.2758
dorstiger	1	711396	98.2759
dos	1	711397	98.2761
dossier	1	711398	98.2762
douro	1	711399	98.2764
dow	1	711400	98.2765
downlaoden	1	711401	98.2766
downloading	1	711402	98.2768
downs	1	711403	98.2769
dp	1	711404	98.2771
draadjes	1	711405	98.2772
draagzak	1	711406	98.2773
draaideur	1	711407	98.2775
draaierig	1	711408	98.2776
draak	1	711409	98.2777
drag	1	711410	98.2779
dramaqueen	1	711411	98.278
drankbak	1	711412	98.2782
drankie	1	711413	98.2783
drankske	1	711414	98.2784
draped	1	711415	98.2786
draprien	1	711416	98.2787
drawers	1	711417	98.2788
dreads	1	711418	98.279
dreambaby	1	711419	98.2791
dreig	1	711420	98.2793
dreigender	1	711421	98.2794
drem	1	711422	98.2795
drempel	1	711423	98.2797
drenthe	1	711424	98.2798
driedubbele	1	711425	98.28
drieen	1	711426	98.2801
driegangenmenu	1	711427	98.2802
driehonderd	1	711428	98.2804
driesje	1	711429	98.2805
drievoudige	1	711430	98.2806
driezie	1	711431	98.2808
drinchen	1	711432	98.2809
drinfend	1	711433	98.2811
dringends	1	711434	98.2812
drinkend	1	711435	98.2813
drinker	1	711436	98.2815
drinkgeld	1	711437	98.2816
drinkpartij	1	711438	98.2817
drinkplezier	1	711439	98.2819
drinkske	1	711440	98.282
drinkspel	1	711441	98.2822
drinkun	1	711442	98.2823
drive-in	1	711443	98.2824
driven	1	711444	98.2826
driving	1	711445	98.2827
drmee	1	711446	98.2829
drna	1	711447	98.283
drnet	1	711448	98.2831
droepje	1	711449	98.2833
drogist	1	711450	98.2834
droid	1	711451	98.2835
drol	1	711452	98.2837
drollen	1	711453	98.2838
drolletje	1	711454	98.284
dromeland	1	711455	98.2841
dromo	1	711456	98.2842
drongen	1	711457	98.2844
dronkwedstrijdjes	1	711458	98.2845
droof	1	711459	98.2847
drooghouden	1	711460	98.2848
droogrek	1	711461	98.2849
droogstoppel	1	711462	98.2851
droomdroomdroom	1	711463	98.2852
droompjes	1	711464	98.2853
dropdoos	1	711465	98.2855
dropje	1	711466	98.2856
droppings	1	711467	98.2858
drowsy	1	711468	98.2859
dru	1	711469	98.286
druggebruik	1	711470	98.2862
drugs	1	711471	98.2863
drugstore	1	711472	98.2864
druilerig	1	711473	98.2866
druiven	1	711474	98.2867
drukkn	1	711475	98.2869
drukt	1	711476	98.287
druktemaker	1	711477	98.2871
drukwerk	1	711478	98.2873
drummen	1	711479	98.2874
drums	1	711480	98.2876
drumstel	1	711481	98.2877
drumstokken	1	711482	98.2878
drumt	1	711483	98.288
drunk○	1	711484	98.2881
druppeltjes	1	711485	98.2882
ds	1	711486	98.2884
ds.	1	711487	98.2885
dtone	1	711488	98.2887
dubieus	1	711489	98.2888
dubrovnic	1	711490	98.2889
dubstep	1	711491	98.2891
dudes	1	711492	98.2892
duer	1	711493	98.2893
duh	1	711494	98.2895
duidelyke	1	711495	98.2896
duiden	1	711496	98.2898
duifje	1	711497	98.2899
duifwinnaar	1	711498	98.29
duikje	1	711499	98.2902
duikt	1	711500	98.2903
duimpje	1	711501	98.2905
duis	1	711502	98.2906
duitser	1	711503	98.2907
duivels	1	711504	98.2909
duiven	1	711505	98.291
duizelig	1	711506	98.2911
duizeligheid	1	711507	98.2913
duizenden	1	711508	98.2914
duizendmaal	1	711509	98.2916
dukenburg	1	711510	98.2917
dull	1	711511	98.2918
dumpert	1	711512	98.292
dunnetjes	1	711513	98.2921
dunno	1	711514	98.2922
duo	1	711515	98.2924
duotjes	1	711516	98.2925
duplo	1	711517	98.2927
dupuis	1	711518	98.2928
durbuy	1	711519	98.2929
durum	1	711520	98.2931
dus.we	1	711521	98.2932
dusj	1	711522	98.2934
dusjaa	1	711523	98.2935
dusjah	1	711524	98.2936
dusnik	1	711525	98.2938
dusted	1	711526	98.2939
dutsen	1	711527	98.294
duty	1	711528	98.2942
duurdere	1	711529	98.2943
duurste	1	711530	98.2945
duurtlang	1	711531	98.2946
duurtyd	1	711532	98.2947
duurzaamheid	1	711533	98.2949
duuurden	1	711534	98.295
duvelglas	1	711535	98.2951
duvelnacht	1	711536	98.2953
duvels	1	711537	98.2954
duvelschuur	1	711538	98.2956
duwo	1	711539	98.2957
duwt	1	711540	98.2958
dvd-speler	1	711541	98.296
dvdbox	1	711542	98.2961
dvds	1	711543	98.2963
dvdspeler	1	711544	98.2964
dvdtje	1	711545	98.2965
dvs	1	711546	98.2967
dvs-strandmiddag	1	711547	98.2968
dwaalt	1	711548	98.2969
dwaas	1	711549	98.2971
dwaasheid	1	711550	98.2972
dwang	1	711551	98.2974
dwarsfluit	1	711552	98.2975
dwazen	1	711553	98.2976
dwdd	1	711554	98.2978
dweiltje	1	711555	98.2979
dwergplaneet	1	711556	98.2981
dwingen	1	711557	98.2982
dwz	1	711558	98.2983
dyke	1	711559	98.2985
dylan	1	711560	98.2986
dymoo	1	711561	98.2987
dynabite	1	711562	98.2989
dynamo	1	711563	98.299
dys	1	711564	98.2992
dzjeeses	1	711565	98.2993
dààr	1	711566	98.2994
dóe	1	711567	98.2996
dólblij	1	711568	98.2997
düsseldorf	1	711569	98.2998
e-card	1	711570	98.3
e-e	1	711571	98.3001
e-l	1	711572	98.3003
e-mailadressen	1	711573	98.3004
e-nor-me	1	711574	98.3005
e.a.	1	711575	98.3007
e.d	1	711576	98.3008
e.t.a	1	711577	98.301
eR	1	711578	98.3011
eah	1	711579	98.3012
ear-nose-throat	1	711580	98.3014
ears	1	711581	98.3015
earth	1	711582	98.3016
eas	1	711583	98.3018
easily	1	711584	98.3019
eastern	1	711585	98.3021
eat-meating	1	711586	98.3022
eating	1	711587	98.3023
eazt	1	711588	98.3025
ebben	1	711589	98.3026
ebib	1	711590	98.3027
ebn	1	711591	98.3029
ebooks	1	711592	98.303
echelpoel	1	711593	98.3032
echie	1	711594	98.3033
echoot	1	711595	98.3034
echtgenoot	1	711596	98.3036
echtparen	1	711597	98.3037
eck	1	711598	98.3039
eco-brick	1	711599	98.304
ecologische	1	711600	98.3041
ecologischer	1	711601	98.3043
eddet	1	711602	98.3044
edge	1	711603	98.3045
edinburgh	1	711604	98.3047
edith	1	711605	98.3048
editie	1	711606	98.305
edities	1	711607	98.3051
edjs	1	711608	98.3052
edn	1	711609	98.3054
edoch	1	711610	98.3055
educatieve	1	711611	98.3056
edwindewit.versvooru.nl	1	711612	98.3058
eeb	1	711613	98.3059
eebsc	1	711614	98.3061
eeeeerg	1	711615	98.3062
eeeek	1	711616	98.3063
eeeeven	1	711617	98.3065
eef	1	711618	98.3066
eej	1	711619	98.3068
eekhoorn	1	711620	98.3069
een-na-achterste	1	711621	98.307
een_maand	1	711622	98.3072
eenden	1	711623	98.3073
eendenbek	1	711624	98.3074
eendenbrokjes	1	711625	98.3076
eendje	1	711626	98.3077
eendjes	1	711627	98.3079
eeneiige	1	711628	98.308
eenentwintig	1	711629	98.3081
eenfeest	1	711630	98.3083
eenmalige	1	711631	98.3084
eensaf	1	711632	98.3086
eentalig	1	711633	98.3087
eenvoudig	1	711634	98.3088
eenvoudige	1	711635	98.309
eenzijdige	1	711636	98.3091
eenzit	1	711637	98.3092
eerbetoon	1	711638	98.3094
eerlijke	1	711639	98.3095
eerlijkheid	1	711640	98.3097
eerstvolgende	1	711641	98.3098
eet-afspraak	1	711642	98.3099
eet-bezoek	1	711643	98.3101
eet-date	1	711644	98.3102
eet-dates	1	711645	98.3103
eet-plan	1	711646	98.3105
eetafspraak	1	711647	98.3106
eetbaars	1	711648	98.3108
eetkamer	1	711649	98.3109
eetkamerstoelen	1	711650	98.311
eetlepels	1	711651	98.3112
eetlust	1	711652	98.3113
eetplan	1	711653	98.3115
eettafel	1	711654	98.3116
eettent	1	711655	98.3117
eetwensen	1	711656	98.3119
eetze	1	711657	98.312
eeuwigheid	1	711658	98.3121
eff	1	711659	98.3123
effenaar	1	711660	98.3124
efficiënt	1	711661	98.3126
efficiënter	1	711662	98.3127
efficiëntie	1	711663	98.3128
eg	1	711664	98.313
egeltje	1	711665	98.3131
egyptian	1	711666	98.3132
ehbo	1	711667	98.3134
ehbo-gerief	1	711668	98.3135
ehbo-pakketje	1	711669	98.3137
ehelft	1	711670	98.3138
ehen	1	711671	98.3139
eia	1	711672	98.3141
eierkoek	1	711673	98.3142
eierkoker	1	711674	98.3144
eig.	1	711675	98.3145
eige	1	711676	98.3146
eigelijk	1	711677	98.3148
eigelyk	1	711678	98.3149
eigenschap	1	711679	98.315
eighty	1	711680	98.3152
eignlk	1	711681	98.3153
eigwnlijk	1	711682	98.3155
eikels	1	711683	98.3156
eiken	1	711684	98.3157
einddatum	1	711685	98.3159
einddossier	1	711686	98.316
eindejaarsbonus	1	711687	98.3161
eindelyk	1	711688	98.3163
eindhoven-roermond	1	711689	98.3164
eindige	1	711690	98.3166
eindjes	1	711691	98.3167
eindnaar	1	711692	98.3168
eindpresentatie	1	711693	98.317
eindresultaat	1	711694	98.3171
eindsprint	1	711695	98.3173
eindstation	1	711696	98.3174
eindwerk	1	711697	98.3175
einer	1	711698	98.3177
einwandfrei	1	711699	98.3178
eip	1	711700	98.3179
eiseter	1	711701	98.3181
eissen	1	711702	98.3182
eitruc	1	711703	98.3184
ejrs	1	711704	98.3185
ekaar	1	711705	98.3186
ekstra	1	711706	98.3188
eland	1	711707	98.3189
elastische	1	711708	98.319
elating	1	711709	98.3192
eldi	1	711710	98.3193
electriciteit	1	711711	98.3195
electricity	1	711712	98.3196
electro	1	711713	98.3197
eleden	1	711714	98.3199
elek	1	711715	98.32
elektriciteit	1	711716	98.3202
elektriek	1	711717	98.3203
elektrolyseren	1	711718	98.3204
elemen	1	711719	98.3206
elementen	1	711720	98.3207
elements	1	711721	98.3208
elena	1	711722	98.321
elephant	1	711723	98.3211
eletriekkabel	1	711724	98.3213
elevtrische	1	711725	98.3214
elfde	1	711726	98.3215
elfdeliniestraat	1	711727	98.3217
elimineren	1	711728	98.3218
elisabeth	1	711729	98.322
elisabethlaan	1	711730	98.3221
elisatje	1	711731	98.3222
elite-kroket	1	711732	98.3224
eliza	1	711733	98.3225
elkar	1	711734	98.3226
elkxal	1	711735	98.3228
ellebogen	1	711736	98.3229
ellentje	1	711737	98.3231
elles	1	711738	98.3232
ellis	1	711739	98.3233
ello	1	711740	98.3235
elmosong	1	711741	98.3236
else's	1	711742	98.3237
elsy	1	711743	98.3239
eltjo	1	711744	98.324
elven	1	711745	98.3242
elza	1	711746	98.3243
emailadressen	1	711747	98.3244
emailed	1	711748	98.3246
emails	1	711749	98.3247
embarrassing	1	711750	98.3249
emigreren	1	711751	98.325
emme	1	711752	98.3251
emmely	1	711753	98.3253
emmen	1	711754	98.3254
emmenemmememmem	1	711755	98.3255
emo	1	711756	98.3257
emotionele	1	711757	98.3258
empfohlene	1	711758	98.326
en.ik	1	711759	98.3261
en.nu	1	711760	98.3262
enMarije	1	711761	98.3264
enalaatste	1	711762	98.3265
enamoured	1	711763	98.3266
encoderen	1	711764	98.3268
encounter	1	711765	98.3269
encyclopedia	1	711766	98.3271
ended	1	711767	98.3272
endomondo	1	711768	98.3273
endurance	1	711769	98.3275
enenenen	1	711770	98.3276
energiedrankje	1	711771	98.3278
energiek	1	711772	98.3279
energieverkoper	1	711773	98.328
energy	1	711774	98.3282
eneuh	1	711775	98.3283
engefilmenfeestje	1	711776	98.3284
engelse	1	711777	98.3286
engelsen	1	711778	98.3287
engelstalige	1	711779	98.3289
engerd	1	711780	98.329
engine	1	711781	98.3291
engineer	1	711782	98.3293
engineers	1	711783	98.3294
engs	1	711784	98.3295
enigen	1	711785	98.3297
enigsten	1	711786	98.3298
enja	1	711787	98.33
enjah	1	711788	98.3301
enjoyable	1	711789	98.3302
enjoying	1	711790	98.3304
enkelband	1	711791	98.3305
enkelbanden	1	711792	98.3307
enkelen	1	711793	98.3308
enneuuh	1	711794	98.3309
enom	1	711795	98.3311
enqueteverslagen	1	711796	98.3312
enquêtes	1	711797	98.3313
enschot	1	711798	98.3315
ensemble	1	711799	98.3316
ent	1	711800	98.3318
entering	1	711801	98.3319
enterprice	1	711802	98.332
entirely	1	711803	98.3322
entrepreneurial	1	711804	98.3323
enveloppes	1	711805	98.3324
envie	1	711806	98.3326
environmental	1	711807	98.3327
enzovoort	1	711808	98.3329
epic	1	711809	98.333
episode	1	711810	98.3331
episodes	1	711811	98.3333
epo	1	711812	98.3334
eps	1	711813	98.3336
erAan	1	711814	98.3337
erachterrijden	1	711815	98.3338
erasmus	1	711816	98.334
erbovenop	1	711817	98.3341
ere	1	711818	98.3342
eredivisie	1	711819	98.3344
eredoctoraat	1	711820	98.3345
eregarde	1	711821	98.3347
ereleden	1	711822	98.3348
erf	1	711823	98.3349
erg.wat	1	711824	98.3351
erge	1	711825	98.3352
ergeren	1	711826	98.3354
ergerlijk	1	711827	98.3355
ergers	1	711828	98.3356
ergert	1	711829	98.3358
erika	1	711830	98.3359
erkende	1	711831	98.336
erkennen	1	711832	98.3362
erme	1	711833	98.3363
ermelo	1	711834	98.3365
ern	1	711835	98.3366
ernaartoe	1	711836	98.3367
ernaat	1	711837	98.3369
ernesto	1	711838	98.337
ernst	1	711839	98.3371
eromheen	1	711840	98.3373
eroverheen	1	711841	98.3374
erpel	1	711842	98.3376
erreichst	1	711843	98.3377
errond	1	711844	98.3378
errrg	1	711845	98.338
errug	1	711846	98.3381
ertegen	1	711847	98.3383
ertegenaan	1	711848	98.3384
erwten	1	711849	98.3385
esc	1	711850	98.3387
escorteren	1	711851	98.3388
escortmeisje	1	711852	98.3389
especially	1	711853	98.3391
espere	1	711854	98.3392
esplanadeplein	1	711855	98.3394
espressoautomaat	1	711856	98.3395
essuie-glace	1	711857	98.3396
est-ce	1	711858	98.3398
est-il	1	711859	98.3399
esta	1	711860	98.34
esta-aanvraag	1	711861	98.3402
estelle	1	711862	98.3403
ester	1	711863	98.3405
esther	1	711864	98.3406
esthetisch	1	711865	98.3407
etcXD	1	711866	98.3409
etelijk	1	711867	98.341
eten+	1	711868	98.3412
eten-argument	1	711869	98.3413
etenXD	1	711870	98.3414
etenje	1	711871	98.3416
etenstijd	1	711872	98.3417
eter	1	711873	98.3418
etes	1	711874	98.342
ethische	1	711875	98.3421
etje	1	711876	98.3423
etn	1	711877	98.3424
etsje	1	711878	98.3425
etten-leurs	1	711879	98.3427
etter	1	711880	98.3428
ettertje	1	711881	98.3429
ettertjes	1	711882	98.3431
etudie	1	711883	98.3432
eu-standpunt	1	711884	98.3434
eulo	1	711885	98.3435
eum	1	711886	98.3436
eupen-westerlo	1	711887	98.3438
euri's	1	711888	98.3439
euromast	1	711889	98.3441
euromillions	1	711890	98.3442
euromossel	1	711891	98.3443
europ	1	711892	98.3445
europeans	1	711893	98.3446
europese	1	711894	98.3447
euros	1	711895	98.3449
eurostarding	1	711896	98.345
evacuatie	1	711897	98.3452
evaluatievergadering	1	711898	98.3453
evangelisch	1	711899	98.3454
evelienies	1	711900	98.3456
evelientje	1	711901	98.3457
even.to	1	711902	98.3458
eveneens	1	711903	98.346
evengoed	1	711904	98.3461
evenmin	1	711905	98.3463
eventually	1	711906	98.3464
eventue	1	711907	98.3465
evenveel	1	711908	98.3467
everest	1	711909	98.3468
everytzing	1	711910	98.347
evidence	1	711911	98.3471
evytje	1	711912	98.3472
ewa	1	711913	98.3474
ewel	1	711914	98.3475
ewelja	1	711915	98.3476
ewout	1	711916	98.3478
ex-baas	1	711917	98.3479
ex-barman	1	711918	98.3481
ex-buren	1	711919	98.3482
ex-buur	1	711920	98.3483
ex-buurjongen	1	711921	98.3485
ex-buurman	1	711922	98.3486
ex-collega	1	711923	98.3488
ex-half-neef	1	711924	98.3489
ex-roomies	1	711925	98.349
ex.	1	711926	98.3492
exactement	1	711927	98.3493
exactly	1	711928	98.3494
examencommissie	1	711929	98.3496
examenklassen	1	711930	98.3497
exbestuursgenootjes	1	711931	98.3499
exceeding	1	711932	98.35
excelfiles	1	711933	98.3501
excelplezier	1	711934	98.3503
excl	1	711935	98.3504
exclusief	1	711936	98.3505
exclusiever	1	711937	98.3507
excu	1	711938	98.3508
excusen	1	711939	98.351
exemplaren	1	711940	98.3511
exen	1	711941	98.3512
exept	1	711942	98.3514
exercises	1	711943	98.3515
existentiele	1	711944	98.3517
exodus	1	711945	98.3518
exotisch	1	711946	98.3519
exotische	1	711947	98.3521
expand	1	711948	98.3522
expanding	1	711949	98.3523
expat	1	711950	98.3525
expats	1	711951	98.3526
experience	1	711952	98.3528
experimenteel	1	711953	98.3529
experimentele	1	711954	98.353
expert	1	711955	98.3532
expertXD	1	711956	98.3533
explained	1	711957	98.3534
explaining	1	711958	98.3536
explanation	1	711959	98.3537
expliquer	1	711960	98.3539
exploration	1	711961	98.354
export	1	711962	98.3541
exporteren	1	711963	98.3543
exportjes	1	711964	98.3544
exposition	1	711965	98.3546
express	1	711966	98.3547
exqibheb	1	711967	98.3548
exras-devel	1	711968	98.355
ext	1	711969	98.3551
extended	1	711970	98.3552
extensie	1	711971	98.3554
extern	1	711972	98.3555
extra-mega-jacht	1	711973	98.3557
extract	1	711974	98.3558
extragratis	1	711975	98.3559
extras	1	711976	98.3561
extras-devel	1	711977	98.3562
exuses	1	711978	98.3563
exvriendje	1	711979	98.3565
eyck	1	711980	98.3566
eyeliner	1	711981	98.3568
eén	1	711982	98.3569
f.	1	711983	98.357
fZo	1	711984	98.3572
fa	1	711985	98.3573
faal	1	711986	98.3575
faalhond	1	711987	98.3576
faalt	1	711988	98.3577
fabeltastishe	1	711989	98.3579
faboor	1	711990	98.358
fabriekje	1	711991	98.3581
facavond	1	711992	98.3583
facebookbericht	1	711993	98.3584
facebookchat	1	711994	98.3586
facebookintegratie	1	711995	98.3587
facebookvriend	1	711996	98.3588
facet	1	711997	98.359
fache	1	711998	98.3591
faciliteiten	1	711999	98.3592
facing	1	712000	98.3594
fack	1	712001	98.3595
factor	1	712002	98.3597
factuurbedrag	1	712003	98.3598
faithless	1	712004	98.3599
fakking	1	712005	98.3601
falafel	1	712006	98.3602
falcksvej	1	712007	98.3604
falconrock	1	712008	98.3605
faler	1	712009	98.3606
fall	1	712010	98.3608
fals	1	712011	98.3609
fame	1	712012	98.361
famiglia	1	712013	98.3612
familiale	1	712014	98.3613
familieding	1	712015	98.3615
familiedingetje	1	712016	98.3616
familiefeesten	1	712017	98.3617
familienaam	1	712018	98.3619
families	1	712019	98.362
familiewapens	1	712020	98.3622
familieweekend	1	712021	98.3623
fang	1	712022	98.3624
fanny	1	712023	98.3626
fans	1	712024	98.3627
fansite	1	712025	98.3628
fanta	1	712026	98.363
fantaseerde	1	712027	98.3631
fantasialand	1	712028	98.3633
farmers	1	712029	98.3634
farmville	1	712030	98.3635
fascade	1	712031	98.3637
fasen	1	712032	98.3638
fashion	1	712033	98.3639
fashionably	1	712034	98.3641
fashionisto	1	712035	98.3642
fasor	1	712036	98.3644
fat	1	712037	98.3645
fataal	1	712038	98.3646
fatale	1	712039	98.3648
father	1	712040	98.3649
fauteuil	1	712041	98.3651
fauwie	1	712042	98.3652
favoriet	1	712043	98.3653
favorieten	1	712044	98.3655
favorite	1	712045	98.3656
faxen	1	712046	98.3657
fazeken	1	712047	98.3659
fck	1	712048	98.366
fdat	1	712049	98.3662
fdtoets	1	712050	98.3663
fear	1	712051	98.3664
feautuils	1	712052	98.3666
feb.	1	712053	98.3667
febr	1	712054	98.3668
februarirevolutie	1	712055	98.367
february	1	712056	98.3671
fed	1	712057	98.3673
federer	1	712058	98.3674
feed	1	712059	98.3675
feels	1	712060	98.3677
feesie	1	712061	98.3678
feessie	1	712062	98.368
feestbeest	1	712063	98.3681
feestcommissie	1	712064	98.3682
feestding	1	712065	98.3684
feeste	1	712066	98.3685
feestelijk	1	712067	98.3686
feestelijke	1	712068	98.3688
feesteuh	1	712069	98.3689
feestfestijn	1	712070	98.3691
feestganger	1	712071	98.3692
feestgedoe	1	712072	98.3693
feestimago	1	712073	98.3695
feestjuh	1	712074	98.3696
feestmuziek	1	712075	98.3697
feestnummer	1	712076	98.3699
feestpagina	1	712077	98.37
feeststemming	1	712078	98.3702
feestuh	1	712079	98.3703
feestvereniging	1	712080	98.3704
feestweek	1	712081	98.3706
feet	1	712082	98.3707
feetje	1	712083	98.3709
feiten	1	712084	98.371
feitje	1	712085	98.3711
fel-turquise	1	712086	98.3713
felefoon	1	712087	98.3714
felicitatie	1	712088	98.3715
felix	1	712089	98.3717
fell	1	712090	98.3718
felle	1	712091	98.372
felrode	1	712092	98.3721
female	1	712093	98.3722
feminemaal	1	712094	98.3724
feminine	1	712095	98.3725
fenomeen	1	712096	98.3726
fenomenaal	1	712097	98.3728
fenomenale	1	712098	98.3729
fenpruvers	1	712099	98.3731
ferrari	1	712100	98.3732
ferre	1	712101	98.3733
ferreira	1	712102	98.3735
festijn	1	712103	98.3736
festivalbezoek	1	712104	98.3738
festivalcafeetje	1	712105	98.3739
festivalconcert	1	712106	98.374
festivalterrein	1	712107	98.3742
festivaltime	1	712108	98.3743
festivalweekend	1	712109	98.3744
festiviteiten	1	712110	98.3746
fet	1	712111	98.3747
feta	1	712112	98.3749
fetch	1	712113	98.375
feture	1	712114	98.3751
fey	1	712115	98.3753
feyenoord	1	712116	98.3754
ffrom	1	712117	98.3756
fgw	1	712118	98.3757
fiasco	1	712119	98.3758
fiat	1	712120	98.376
fiche	1	712121	98.3761
fictie	1	712122	98.3762
fields	1	712123	98.3764
fientje	1	712124	98.3765
fies	1	712125	98.3767
fiesenmaker	1	712126	98.3768
fiesta	1	712127	98.3769
fieta	1	712128	98.3771
fietel	1	712129	98.3772
fietsbanden	1	712130	98.3773
fietsbel	1	712131	98.3775
fietse	1	712132	98.3776
fietsend	1	712133	98.3778
fietsenkelder	1	712134	98.3779
fietsenmakertje	1	712135	98.378
fietsenspeciaalzaak	1	712136	98.3782
fietsgps	1	712137	98.3783
fietsje	1	712138	98.3785
fietslichten	1	712139	98.3786
fietsplezier	1	712140	98.3787
fietsproblemen	1	712141	98.3789
fietsrek	1	712142	98.379
fietsroutes	1	712143	98.3791
fietssleutel	1	712144	98.3793
fietsslot	1	712145	98.3794
fietstunnel	1	712146	98.3796
fietsvergoeding	1	712147	98.3797
fietsvork	1	712148	98.3798
fietsvriendelijke	1	712149	98.38
fietsweer	1	712150	98.3801
fiette	1	712151	98.3802
fifaaaen	1	712152	98.3804
fighters	1	712153	98.3805
figure	1	712154	98.3807
fihp	1	712155	98.3808
fijnere	1	712156	98.3809
fijnfisjenie	1	712157	98.3811
fijnproevers	1	712158	98.3812
fijns	1	712159	98.3814
fijnste	1	712160	98.3815
fikse	1	712161	98.3816
fil	1	712162	98.3818
filesong	1	712163	98.3819
filevorming	1	712164	98.382
filippo	1	712165	98.3822
fillierstent	1	712166	98.3823
filmavond	1	712167	98.3825
filmkes	1	712168	98.3826
filmlpje	1	712169	98.3827
filmmuziek	1	712170	98.3829
filmp	1	712171	98.383
filmpkes	1	712172	98.3831
filmsfeestje	1	712173	98.3833
filmske	1	712174	98.3834
filmsterren	1	712175	98.3836
filmtickets	1	712176	98.3837
filmzaal	1	712177	98.3838
filosofie	1	712178	98.384
filosofische	1	712179	98.3841
fin	1	712180	98.3843
financieen	1	712181	98.3844
financiele	1	712182	98.3845
fingerpaint	1	712183	98.3847
fini	1	712184	98.3848
finishen	1	712185	98.3849
finishing	1	712186	98.3851
finito	1	712187	98.3852
finland	1	712188	98.3854
finneman	1	712189	98.3855
finnemin	1	712190	98.3856
finnen	1	712191	98.3858
firefox	1	712192	98.3859
firewall	1	712193	98.386
firewind	1	712194	98.3862
firmware	1	712195	98.3863
fischer	1	712196	98.3865
fisher	1	712197	98.3866
fishstick	1	712198	98.3867
fisje	1	712199	98.3869
fiskars	1	712200	98.387
fiske	1	712201	98.3872
fissa	1	712202	98.3873
fistoleer	1	712203	98.3874
fitnessabonnement	1	712204	98.3876
fitnesstime	1	712205	98.3877
fitter	1	712206	98.3878
fix	1	712207	98.388
fixatie	1	712208	98.3881
fixed	1	712209	98.3883
fkes	1	712210	98.3884
flair	1	712211	98.3885
flandres	1	712212	98.3887
flansen	1	712213	98.3888
flapjes	1	712214	98.389
flapperde	1	712215	98.3891
flard	1	712216	98.3892
flarden	1	712217	98.3894
flashback	1	712218	98.3895
flashen	1	712219	98.3896
flasht	1	712220	98.3898
flashy	1	712221	98.3899
flatley	1	712222	98.3901
flats	1	712223	98.3902
flatteert	1	712224	98.3903
flatterend	1	712225	98.3905
fleecedekentje	1	712226	98.3906
flemen	1	712227	98.3907
flew	1	712228	98.3909
flex	1	712229	98.391
flex-werkplekken	1	712230	98.3912
flexibele	1	712231	98.3913
flexwerken	1	712232	98.3914
flies	1	712233	98.3916
flike	1	712234	98.3917
flikker	1	712235	98.3919
flinkspierpijn	1	712236	98.392
flippen	1	712237	98.3921
flipt	1	712238	98.3923
flirtation	1	712239	98.3924
flirted	1	712240	98.3925
flirten	1	712241	98.3927
flirter	1	712242	98.3928
flirting	1	712243	98.393
flirty	1	712244	98.3931
flits	1	712245	98.3932
flitsbezoek	1	712246	98.3934
flitsboete	1	712247	98.3935
flitsers	1	712248	98.3936
flitsstatief	1	712249	98.3938
flooded	1	712250	98.3939
flop	1	712251	98.3941
floris	1	712252	98.3942
flot	1	712253	98.3943
flowchart	1	712254	98.3945
flows	1	712255	98.3946
flrentine	1	712256	98.3948
flub	1	712257	98.3949
fluben	1	712258	98.395
fluff	1	712259	98.3952
fluimen	1	712260	98.3953
flurries	1	712261	98.3954
flutgolfjes	1	712262	98.3956
fluub	1	712263	98.3957
fly	1	712264	98.3959
flyerkes	1	712265	98.396
fnie	1	712266	98.3961
focusen	1	712267	98.3963
foerieren	1	712268	98.3964
foeriers	1	712269	98.3965
foesboek	1	712270	98.3967
foetsie	1	712271	98.3968
foeven	1	712272	98.397
fokke	1	712273	98.3971
fokking	1	712274	98.3972
folderkes	1	712275	98.3974
folie	1	712276	98.3975
folieke	1	712277	98.3977
folkert	1	712278	98.3978
follow-up	1	712279	98.3979
foltering	1	712280	98.3981
fondue-set	1	712281	98.3982
fondues	1	712282	98.3983
fontein	1	712283	98.3985
foo	1	712284	98.3986
foodies	1	712285	98.3988
foodz	1	712286	98.3989
fooi	1	712287	98.399
fools	1	712288	98.3992
foort	1	712289	98.3993
fora's	1	712290	98.3994
force	1	712291	98.3996
forced	1	712292	98.3997
foreign	1	712293	98.3999
formal	1	712294	98.4
formaliteitje	1	712295	98.4001
formateren	1	712296	98.4003
formatting	1	712297	98.4004
forme	1	712298	98.4006
formeel	1	712299	98.4007
formulering	1	712300	98.4008
fornuis	1	712301	98.401
fort	1	712302	98.4011
forth	1	712303	98.4012
fortis	1	712304	98.4014
fortissio	1	712305	98.4015
fortuin	1	712306	98.4017
fortuyn	1	712307	98.4018
fortuynkostuum	1	712308	98.4019
forty	1	712309	98.4021
forwarden	1	712310	98.4022
forwardje	1	712311	98.4024
foto-deadline	1	712312	98.4025
fotoalbum	1	712313	98.4026
fotoboeken	1	712314	98.4028
fotoboekje	1	712315	98.4029
fotoding	1	712316	98.403
fotogenese	1	712317	98.4032
fotografieplannen	1	712318	98.4033
fotografieuren	1	712319	98.4035
fotografische	1	712320	98.4036
fotografía	1	712321	98.4037
fotootje	1	712322	98.4039
fotorealistisch	1	712323	98.404
fotorolletje	1	712324	98.4041
fotoshop	1	712325	98.4043
fotoslider	1	712326	98.4044
fototoestelletje	1	712327	98.4046
fotozooi	1	712328	98.4047
foundation	1	712329	98.4048
foutcode	1	712330	98.405
fox	1	712331	98.4051
fr	1	712332	98.4053
frag	1	712333	98.4054
fragging	1	712334	98.4055
framboosjes	1	712335	98.4057
framcisco	1	712336	98.4058
frame	1	712337	98.4059
franchipan	1	712338	98.4061
francophones	1	712339	98.4062
franks	1	712340	98.4064
franse	1	712341	98.4065
fransen	1	712342	98.4066
fransicso	1	712343	98.4068
fraude	1	712344	98.4069
fraulein	1	712345	98.407
fre(y)	1	712346	98.4072
freaks	1	712347	98.4073
fred	1	712348	98.4075
fredo	1	712349	98.4076
freespins	1	712350	98.4077
freezen	1	712351	98.4079
freezing	1	712352	98.408
frenchies	1	712353	98.4082
frenk	1	712354	98.4083
fret	1	712355	98.4084
fridayavond	1	712356	98.4086
fridge	1	712357	98.4087
friebd	1	712358	98.4088
friemelen	1	712359	98.409
friend's	1	712360	98.4091
frietfestijn	1	712361	98.4093
frietpantransport	1	712362	98.4094
frietuur	1	712363	98.4095
friggin	1	712364	98.4097
frigobox	1	712365	98.4098
frikandellen	1	712366	98.4099
fringe	1	712367	98.4101
frisbee	1	712368	98.4102
frisbeeën	1	712369	98.4104
frisdranken	1	712370	98.4105
frisheid	1	712371	98.4106
friskies	1	712372	98.4108
frissemoed	1	712373	98.4109
frissen	1	712374	98.4111
fristen	1	712375	98.4112
fristi	1	712376	98.4113
fristi's	1	712377	98.4115
fritecycle	1	712378	98.4116
friteuse	1	712379	98.4117
fritjes	1	712380	98.4119
frituren	1	712381	98.412
frituurfeestje	1	712382	98.4122
frituurking	1	712383	98.4123
frituurmaaltijd	1	712384	98.4124
frituurpan	1	712385	98.4126
frituurvleesje	1	712386	98.4127
fritzlen	1	712387	98.4128
frkrgeregel	1	712388	98.413
froetecolairig	1	712389	98.4131
fromage	1	712390	98.4133
frontaal	1	712391	98.4134
fronten	1	712392	98.4135
frrrrreeezing	1	712393	98.4137
fruh	1	712394	98.4138
fruher	1	712395	98.414
fruitcocktail	1	712396	98.4141
fruitmarkt	1	712397	98.4142
fruitsapje	1	712398	98.4144
fruity	1	712399	98.4145
frustaties	1	712400	98.4146
frustrerende	1	712401	98.4148
frut	1	712402	98.4149
frutjes	1	712403	98.4151
fsw	1	712404	98.4152
ftac	1	712405	98.4153
ftf	1	712406	98.4155
fucked	1	712407	98.4156
fuive	1	712408	98.4158
fuiven	1	712409	98.4159
fukking	1	712410	98.416
fully	1	712411	98.4162
fun.xx	1	712412	98.4163
functionaliteit	1	712413	98.4164
functioneer	1	712414	98.4166
functioneert	1	712415	98.4167
functioneringsgesprek	1	712416	98.4169
funderingen	1	712417	98.417
funeral	1	712418	98.4171
funes	1	712419	98.4173
funf	1	712420	98.4174
funni	1	712421	98.4175
funnifanboek	1	712422	98.4177
fur	1	712423	98.4178
furiae	1	712424	98.418
furie	1	712425	98.4181
fut	1	712426	98.4182
futile	1	712427	98.4184
futures	1	712428	98.4185
fyi	1	712429	98.4187
fysio-en	1	712430	98.4188
fysiofitness	1	712431	98.4189
fysiotherapeut	1	712432	98.4191
fz	1	712433	98.4192
für	1	712434	98.4193
gAAN	1	712435	98.4195
ga(an)	1	712436	98.4196
gaa	1	712437	98.4198
gaaaaaap	1	712438	98.4199
gaaaaap	1	712439	98.42
gaaaap	1	712440	98.4202
gaaaf	1	712441	98.4203
gaaj	1	712442	98.4204
gaam	1	712443	98.4206
gaamln	1	712444	98.4207
gaanbij	1	712445	98.4209
gaanbinnembrengem	1	712446	98.421
gaaneten	1	712447	98.4211
gaanwe	1	712448	98.4213
gaarig	1	712449	98.4214
gaatt	1	712450	98.4216
gaby	1	712451	98.4217
gadgetliefhebbers	1	712452	98.4218
gadver	1	712453	98.422
gaga-liefhebber	1	712454	98.4221
gager	1	712455	98.4222
gajet	1	712456	98.4224
gala	1	712457	98.4225
galabal	1	712458	98.4227
galadiner	1	712459	98.4228
galant	1	712460	98.4229
galerie	1	712461	98.4231
galerijhek	1	712462	98.4232
galgenhuisje	1	712463	98.4233
gallerie	1	712464	98.4235
galleryplay	1	712465	98.4236
galore	1	712466	98.4238
gama	1	712467	98.4239
gamellen	1	712468	98.424
gameplay	1	712469	98.4242
gandalf	1	712470	98.4243
gang.fi	1	712471	98.4245
gangkast	1	712472	98.4246
ganzenhel	1	712473	98.4247
gapen	1	712474	98.4249
garagedeur	1	712475	98.425
garagesoort	1	712476	98.4251
garandeer	1	712477	98.4253
garanderen	1	712478	98.4254
garantie	1	712479	98.4256
garantiebewijs	1	712480	98.4257
gardameer	1	712481	98.4258
garde	1	712482	98.426
garden	1	712483	98.4261
garderobe	1	712484	98.4262
garnaaltjes	1	712485	98.4264
gascondensatieketel	1	712486	98.4265
gasleiding	1	712487	98.4267
gaspedaal	1	712488	98.4268
gaspedaalsensor	1	712489	98.4269
gassen	1	712490	98.4271
gastdocent	1	712491	98.4272
gastenboek	1	712492	98.4274
gastenlijst	1	712493	98.4275
gasteruggave	1	712494	98.4276
gastgezin	1	712495	98.4278
gaststel	1	712496	98.4279
gastvrije	1	712497	98.428
gastvrouw	1	712498	98.4282
gasunie	1	712499	98.4283
gatachterlijke	1	712500	98.4285
gatenplant	1	712501	98.4286
gatver	1	712502	98.4287
gaversieren	1	712503	98.4289
gayradar	1	712504	98.429
gazetten	1	712505	98.4292
gazettenwinkel	1	712506	98.4293
gca	1	712507	98.4294
gchat	1	712508	98.4296
gdaan	1	712509	98.4297
gdansk	1	712510	98.4298
gdn	1	712511	98.43
ge-bcc	1	712512	98.4301
ge-cheft	1	712513	98.4303
geBBQd	1	712514	98.4304
geFB't	1	712515	98.4305
geFEB	1	712516	98.4307
geZellig	1	712517	98.4308
geaaid	1	712518	98.4309
geadviseerd	1	712519	98.4311
geantwortet	1	712520	98.4312
gearbeit	1	712521	98.4314
geartje	1	712522	98.4315
gebaarde	1	712523	98.4316
gebackupt	1	712524	98.4318
gebak	1	712525	98.4319
gebald	1	712526	98.4321
gebarentaal	1	712527	98.4322
gebeachvolleybald	1	712528	98.4323
gebeur'n	1	712529	98.4325
gebiedt	1	712530	98.4326
geblazen	1	712531	98.4327
geblevenr	1	712532	98.4329
geblokt	1	712533	98.433
geblust	1	712534	98.4332
gebombardeerde	1	712535	98.4333
geboorte	1	712536	98.4334
geboortedatum	1	712537	98.4336
geboortekaartjes	1	712538	98.4337
geboortewijding	1	712539	98.4338
geborgenheid	1	712540	98.434
geborreld	1	712541	98.4341
gebouwd	1	712542	98.4343
gebr	1	712543	98.4344
gebraden	1	712544	98.4345
gebral	1	712545	98.4347
gebrand	1	712546	98.4348
gebreid	1	712547	98.435
gebrieft	1	712548	98.4351
gebrouwen	1	712549	98.4352
gebruikersnaam	1	712550	98.4354
gebruiksaanwijzing	1	712551	98.4355
gebruikte	1	712552	98.4356
gebruikten	1	712553	98.4358
gebruit	1	712554	98.4359
gebuurte	1	712555	98.4361
gec	1	712556	98.4362
gecanceld	1	712557	98.4363
gecancelt	1	712558	98.4365
gecarnavald	1	712559	98.4366
gecharged	1	712560	98.4367
gecharterd	1	712561	98.4369
gecko	1	712562	98.437
geconfisceerd	1	712563	98.4372
geconverteerde	1	712564	98.4373
gedan	1	712565	98.4374
gedeelde	1	712566	98.4376
gedemonteerd	1	712567	98.4377
gedichtje	1	712568	98.4379
gedienstig	1	712569	98.438
gedikke	1	712570	98.4381
geditcht	1	712571	98.4383
gedonder	1	712572	98.4384
gedoneerd	1	712573	98.4385
gedoopt	1	712574	98.4387
gedopt	1	712575	98.4388
gedouchet	1	712576	98.439
gedouht	1	712577	98.4391
gedraagt	1	712578	98.4392
gedraaide	1	712579	98.4394
gedrilled	1	712580	98.4395
gedrochten	1	712581	98.4396
geduldig	1	712582	98.4398
gedwarsboomd	1	712583	98.4399
gedwee	1	712584	98.4401
gedwongen	1	712585	98.4402
geeindigd	1	712586	98.4403
geel-geel	1	712587	98.4405
geelectrodoceerd	1	712588	98.4406
geeltje	1	712589	98.4408
geelzwart	1	712590	98.4409
geene	1	712591	98.441
geeneen	1	712592	98.4412
geenszins	1	712593	98.4413
geertrui	1	712594	98.4414
geest	1	712595	98.4416
geestelijk	1	712596	98.4417
geexcuseerd	1	712597	98.4419
gefeli	1	712598	98.442
gefeliciflapstaart	1	712599	98.4421
gefelicteerd	1	712600	98.4423
gefilosofeer	1	712601	98.4424
gefinished	1	712602	98.4426
gefixed	1	712603	98.4427
geflasht	1	712604	98.4428
geflest	1	712605	98.443
geflitst	1	712606	98.4431
gefopt	1	712607	98.4432
gefragt	1	712608	98.4434
gefrustreerd	1	712609	98.4435
gefrustreerde	1	712610	98.4437
gefuseerd	1	712611	98.4438
gegarandeerd	1	712612	98.4439
gegist	1	712613	98.4441
gegleden	1	712614	98.4442
gegokt	1	712615	98.4443
gegratineerde	1	712616	98.4445
gegroeid	1	712617	98.4446
gegroeide	1	712618	98.4448
gehaaaaaaaaaaald	1	712619	98.4449
gehaalde	1	712620	98.445
gehaast	1	712621	98.4452
gehackt	1	712622	98.4453
gehalte	1	712623	98.4455
gehaltemaar	1	712624	98.4456
gehe	1	712625	98.4457
geheeld	1	712626	98.4459
geheime	1	712627	98.446
geheimpje	1	712628	98.4461
geheimzinnig	1	712629	98.4463
gehighteat	1	712630	98.4464
gehoeven	1	712631	98.4466
gehoor	1	712632	98.4467
gehoorgang	1	712633	98.4468
gehort	1	712634	98.447
gehts	1	712635	98.4471
gehumeurd	1	712636	98.4472
gehuurd	1	712637	98.4474
geil	1	712638	98.4475
gein	1	712639	98.4477
geincasseerd	1	712640	98.4478
geinfecteerd	1	712641	98.4479
geinformeerd	1	712642	98.4481
geinformeerdhoe	1	712643	98.4482
geinig	1	712644	98.4484
geinspireerd	1	712645	98.4485
geinterpreteerd	1	712646	98.4486
geintresseerd	1	712647	98.4488
geintroduceerd	1	712648	98.4489
geirn	1	712649	98.449
geiser	1	712650	98.4492
geiten	1	712651	98.4493
geitenkaasjes	1	712652	98.4495
geitenwollensokken	1	712653	98.4496
geitenwollensokkengehalte	1	712654	98.4497
geitje	1	712655	98.4499
gekaart	1	712656	98.45
gekampeerd	1	712657	98.4501
gekapt	1	712658	98.4503
gekauft	1	712659	98.4504
gekekn	1	712660	98.4506
gekelderd	1	712661	98.4507
gekeurd	1	712662	98.4508
gekkegut	1	712663	98.451
gekken	1	712664	98.4511
gekkers	1	712665	98.4513
gekkie	1	712666	98.4514
geklap	1	712667	98.4515
gekleed	1	712668	98.4517
gekliederd	1	712669	98.4518
geklommen	1	712670	98.4519
geklonken	1	712671	98.4521
gekluisterd	1	712672	98.4522
geklungel	1	712673	98.4524
geknald	1	712674	98.4525
geknepen	1	712675	98.4526
geknipte	1	712676	98.4528
geknutseld	1	712677	98.4529
gekoelde	1	712678	98.453
gekome	1	712679	98.4532
gekookte	1	712680	98.4533
gekopt	1	712681	98.4535
gekoze	1	712682	98.4536
gekraak	1	712683	98.4537
gekraakt	1	712684	98.4539
gekrijs	1	712685	98.454
gekruide	1	712686	98.4542
gekruist	1	712687	98.4543
gekunnen	1	712688	98.4544
gekus	1	712689	98.4546
gelamineerd	1	712690	98.4547
gelderland	1	712691	98.4548
geldermalsen	1	712692	98.455
geldnood	1	712693	98.4551
geldrop	1	712694	98.4553
geldspel	1	712695	98.4554
geldzaken	1	712696	98.4555
geleZen	1	712697	98.4557
geleende	1	712698	98.4558
gelegitimeerd	1	712699	98.456
geleid	1	712700	98.4561
geleken	1	712701	98.4562
gelez	1	712702	98.4564
gelezenmarkering	1	712703	98.4565
gelieve	1	712704	98.4566
gelijkaardige	1	712705	98.4568
gelijkgezinde	1	712706	98.4569
gelijkt	1	712707	98.4571
gelijkvloers	1	712708	98.4572
gelin	1	712709	98.4573
gelof	1	712710	98.4575
gelofen	1	712711	98.4576
gelogen	1	712712	98.4577
geloofde	1	712713	98.4579
geloofden	1	712714	98.458
gelost	1	712715	98.4582
geluidje	1	712716	98.4583
geluidjes	1	712717	98.4584
geluidloos	1	712718	98.4586
geluidsfragment	1	712719	98.4587
geluidsisolatie	1	712720	98.4589
geluidsman	1	712721	98.459
geluidsqualiteit	1	712722	98.4591
geluidstoren	1	712723	98.4593
geluidtoren	1	712724	98.4594
gelukig	1	712725	98.4595
gelukkighadden	1	712726	98.4597
geluksdag	1	712727	98.4598
gelukzakken	1	712728	98.46
gelyk	1	712729	98.4601
gelykt	1	712730	98.4602
gem	1	712731	98.4604
gemaait	1	712732	98.4605
gemaak	1	712733	98.4606
gemail	1	712734	98.4608
gemailde	1	712735	98.4609
gemakkelyk	1	712736	98.4611
gemakkelykst	1	712737	98.4612
gemarineerde	1	712738	98.4613
gemaskerd	1	712739	98.4615
gemasseerd	1	712740	98.4616
gembersiroop	1	712741	98.4618
gemeend	1	712742	98.4619
gemeenschappelijk	1	712743	98.462
gemeenschappelijke	1	712744	98.4622
gemeenschapsscholen	1	712745	98.4623
gemeenten	1	712746	98.4624
gemengd	1	712747	98.4626
gemoeid	1	712748	98.4627
gemorst	1	712749	98.4629
gemotiveerd	1	712750	98.463
gemotiveerde	1	712751	98.4631
gemunt	1	712752	98.4633
gen	1	712753	98.4634
genaaide	1	712754	98.4635
genaakt	1	712755	98.4637
genaamd	1	712756	98.4638
genees	1	712757	98.464
geneest	1	712758	98.4641
geneigd	1	712759	98.4642
general	1	712760	98.4644
generatiekloof	1	712761	98.4645
generaties	1	712762	98.4647
generation	1	712763	98.4648
genetics	1	712764	98.4649
genezen	1	712765	98.4651
genezing	1	712766	98.4652
geniaals	1	712767	98.4653
genieTET	1	712768	98.4655
genieter	1	712769	98.4656
genietje	1	712770	98.4658
genk-gent	1	712771	98.4659
genkenaars	1	712772	98.466
genmab	1	712773	98.4662
geno	1	712774	98.4663
genodigden	1	712775	98.4665
genoeghoor	1	712776	98.4666
genoodzaakt	1	712777	98.4667
genset	1	712778	98.4669
gent-anderlecht	1	712779	98.467
gently	1	712780	98.4671
gents	1	712781	98.4673
geografie	1	712782	98.4674
geonweerd	1	712783	98.4676
geoon	1	712784	98.4677
geopen	1	712785	98.4678
georgetown	1	712786	98.468
geparkeerde	1	712787	98.4681
gepaste	1	712788	98.4682
gepest	1	712789	98.4684
gepeuterd	1	712790	98.4685
gepist	1	712791	98.4687
geplakt	1	712792	98.4688
geplast	1	712793	98.4689
gepleurd	1	712794	98.4691
geploft	1	712795	98.4692
geplonst	1	712796	98.4694
geplooid	1	712797	98.4695
geplooide	1	712798	98.4696
gepofte	1	712799	98.4698
gepresenteerd	1	712800	98.4699
geproefd	1	712801	98.47
geprogrammeerd	1	712802	98.4702
gepropte	1	712803	98.4703
gept	1	712804	98.4705
gepubquizd	1	712805	98.4706
gepusht	1	712806	98.4707
gequizd	1	712807	98.4709
gequizt	1	712808	98.471
geraakte	1	712809	98.4711
geradbraakt	1	712810	98.4713
geraden	1	712811	98.4714
gerapareerd	1	712812	98.4716
gerard	1	712813	98.4717
geraspte	1	712814	98.4718
gerbera's	1	712815	98.472
gerealiseerd	1	712816	98.4721
gereanimeerd	1	712817	98.4723
gerecht	1	712818	98.4724
gerechten	1	712819	98.4725
gereisd	1	712820	98.4727
gerekter	1	712821	98.4728
gerelateerd	1	712822	98.4729
gerenoveerd	1	712823	98.4731
gereset	1	712824	98.4732
gereviseerd	1	712825	98.4734
gericht	1	712826	98.4735
gerinkeld	1	712827	98.4736
geritsel	1	712828	98.4738
geritseld	1	712829	98.4739
gerke	1	712830	98.474
gerlinde	1	712831	98.4742
germans	1	712832	98.4743
germany	1	712833	98.4745
germs	1	712834	98.4746
gerobeerd	1	712835	98.4747
geroddeld	1	712836	98.4749
geroest	1	712837	98.475
gerollebold	1	712838	98.4752
gerommeld	1	712839	98.4753
geronde	1	712840	98.4754
gerrcht	1	712841	98.4756
geruild	1	712842	98.4757
geruime	1	712843	98.4758
geruite	1	712844	98.476
geruster	1	712845	98.4761
gerustgesteld	1	712846	98.4763
gerustlaat	1	712847	98.4764
geruststellen	1	712848	98.4765
geruststelt	1	712849	98.4767
gesaboteerd	1	712850	98.4768
gesausd	1	712851	98.4769
gescheiden	1	712852	98.4771
gescheten	1	712853	98.4772
geschiede	1	712854	98.4774
geschiedenisboekjes	1	712855	98.4775
geschiedenismail	1	712856	98.4776
geschifte	1	712857	98.4778
geschminkt	1	712858	98.4779
geschorst	1	712859	98.4781
geschoten	1	712860	98.4782
geschoven	1	712861	98.4783
geschud	1	712862	98.4785
gescout	1	712863	98.4786
gesetteld	1	712864	98.4787
gesignaleerd	1	712865	98.4789
gesigneerd	1	712866	98.479
geskeelerd	1	712867	98.4792
geskyped	1	712868	98.4793
geslaan	1	712869	98.4794
geslachtsloze	1	712870	98.4796
gesleept	1	712871	98.4797
geslipt	1	712872	98.4799
gesmsd	1	712873	98.48
gesneaked	1	712874	98.4801
gesneeuwd	1	712875	98.4803
gesnotterd	1	712876	98.4804
gesoldeerd	1	712877	98.4805
gesolliciteerd	1	712878	98.4807
gespaard	1	712879	98.4808
gesperrt	1	712880	98.481
gespiekt	1	712881	98.4811
gespijbel	1	712882	98.4812
gesponsord	1	712883	98.4814
gesponsorde	1	712884	98.4815
gesport.be	1	712885	98.4816
gespr	1	712886	98.4818
gesprekje	1	712887	98.4819
gespreksonderwerp	1	712888	98.4821
gespreksronde	1	712889	98.4822
gespreksverslagen	1	712890	98.4823
gesprint	1	712891	98.4825
gestaag	1	712892	98.4826
gestadshapt	1	712893	98.4828
gestapeld	1	712894	98.4829
gestationeerde	1	712895	98.483
gestegen	1	712896	98.4832
gesteriliseerd	1	712897	98.4833
gesteund	1	712898	98.4834
gestofzuigd	1	712899	98.4836
gestokn	1	712900	98.4837
gestormd	1	712901	98.4839
gestoten	1	712902	98.484
gestrand	1	712903	98.4841
gestressde	1	712904	98.4843
gestressed	1	712905	98.4844
gestrompeld	1	712906	98.4845
gestuurde	1	712907	98.4847
geswitst	1	712908	98.4848
gesynchroniseerd	1	712909	98.485
getafeltennist	1	712910	98.4851
getakeld	1	712911	98.4852
getakt	1	712912	98.4854
getal	1	712913	98.4855
getalenteerd	1	712914	98.4857
getalked	1	712915	98.4858
getekende	1	712916	98.4859
getennist	1	712917	98.4861
getgpspos	1	712918	98.4862
gether	1	712919	98.4863
getik	1	712920	98.4865
getild	1	712921	98.4866
getimed	1	712922	98.4868
getipt	1	712923	98.4869
getiteld	1	712924	98.487
getolkt	1	712925	98.4872
getrapt	1	712926	98.4873
getrashed	1	712927	98.4874
getreurd	1	712928	98.4876
getroost	1	712929	98.4877
getrouw	1	712930	98.4879
getrouwde	1	712931	98.488
getto's	1	712932	98.4881
getukt	1	712933	98.4883
getweet	1	712934	98.4884
geub	1	712935	98.4886
geul	1	712936	98.4887
geupdate	1	712937	98.4888
geupload	1	712938	98.489
geurtje	1	712939	98.4891
geurtjes	1	712940	98.4892
geuzennaam	1	712941	98.4894
gevaar	1	712942	98.4895
gevaarlijke	1	712943	98.4897
gevalln	1	712944	98.4898
gevangenis	1	712945	98.4899
gevaren	1	712946	98.4901
gevat	1	712947	98.4902
gevel	1	712948	98.4903
gevelsteen	1	712949	98.4905
gevenv	1	712950	98.4906
gevingerverfd	1	712951	98.4908
gevist	1	712952	98.4909
gevlogen	1	712953	98.491
gevn	1	712954	98.4912
gevochten	1	712955	98.4913
gevoeligheid	1	712956	98.4915
gevonddn	1	712957	98.4916
gevorderde	1	712958	98.4917
gevreesde	1	712959	98.4919
gew	1	712960	98.492
gew.hoe	1	712961	98.4921
gewaaid	1	712962	98.4923
gewaarschuwd	1	712963	98.4924
geweeest	1	712964	98.4926
geweend	1	712965	98.4927
geweer	1	712966	98.4928
geweestdan	1	712967	98.493
geweienman	1	712968	98.4931
gewepaweewd	1	712969	98.4933
geweren	1	712970	98.4934
gewestfeest	1	712971	98.4935
gewezen	1	712972	98.4937
gewhatsappt	1	712973	98.4938
gewinkeld	1	712974	98.4939
gewonden	1	712975	98.4941
gewonncn	1	712976	98.4942
gewonne	1	712977	98.4944
gewoonm	1	712978	98.4945
gewoontes	1	712979	98.4946
gewrichtsbanden	1	712980	98.4948
gezag	1	712981	98.4949
gezakt	1	712982	98.495
gezamelijk	1	712983	98.4952
gezamelijke	1	712984	98.4953
gezchilderd	1	712985	98.4955
gezeed	1	712986	98.4956
gezegde	1	712987	98.4957
gezegend	1	712988	98.4959
gezelig	1	712989	98.496
gezelli	1	712990	98.4962
gezellie	1	712991	98.4963
gezellig+had	1	712992	98.4964
gezelllig	1	712993	98.4966
gezellligheid	1	712994	98.4967
gezelschapsdier	1	712995	98.4968
gezelschapsspel	1	712996	98.497
gezelschapsspelletje	1	712997	98.4971
gezeurd	1	712998	98.4973
gezichtsuitdrukkingen	1	712999	98.4974
gezichtsverzorging	1	713000	98.4975
gezinsuitstap	1	713001	98.4977
gezonder	1	713002	98.4978
gezondheidszorg	1	713003	98.4979
gezondheidszorgbeleid	1	713004	98.4981
gezongen	1	713005	98.4982
gezwegen	1	713006	98.4984
gezwierd	1	713007	98.4985
gezwinde	1	713008	98.4986
gezwollen	1	713009	98.4988
gezwóren	1	713010	98.4989
geënt	1	713011	98.4991
geërgerd	1	713012	98.4992
geëscaleerd	1	713013	98.4993
geëvalueerd	1	713014	98.4995
geïnformeerde	1	713015	98.4996
geïnitieerd	1	713016	98.4997
geïnteresseerde	1	713017	98.4999
geïnterviewd	1	713018	98.5
geïnvesteerd	1	713019	98.5002
geïrriteerd	1	713020	98.5003
geüpdate	1	713021	98.5004
gf	1	713022	98.5006
gft	1	713023	98.5007
ggz	1	713024	98.5008
ghatkoper	1	713025	98.501
ghehe	1	713026	98.5011
ghemden	1	713027	98.5013
ghosts	1	713028	98.5014
ghuis	1	713029	98.5015
giants	1	713030	98.5017
gibbernicht	1	713031	98.5018
gibson	1	713032	98.502
gidsen	1	713033	98.5021
gied	1	713034	98.5022
gieren	1	713035	98.5024
gierigen	1	713036	98.5025
giete	1	713037	98.5026
gietertje	1	713038	98.5028
giga	1	713039	98.5029
gigaduf	1	713040	98.5031
gigakoortsblaarsen	1	713041	98.5032
gijzel	1	713042	98.5033
gijzelen	1	713043	98.5035
gilbert	1	713044	98.5036
gillende	1	713045	98.5037
giller	1	713046	98.5039
gilles	1	713047	98.504
gimmick	1	713048	98.5042
gin	1	713049	98.5043
ginds	1	713050	98.5044
ging(en)	1	713051	98.5046
ginne	1	713052	98.5047
ginnen	1	713053	98.5049
gino	1	713054	98.505
gipskamer	1	713055	98.5051
giraf	1	713056	98.5053
giraldo	1	713057	98.5054
girlfriend	1	713058	98.5055
girlfriends	1	713059	98.5057
girlie	1	713060	98.5058
girly	1	713061	98.506
giro's	1	713062	98.5061
gisele	1	713063	98.5062
giseren	1	713064	98.5064
gissen	1	713065	98.5065
gist	1	713066	98.5067
gisten	1	713067	98.5068
gisterav	1	713068	98.5069
gisterej	1	713069	98.5071
gisterenavnd	1	713070	98.5072
gisterenmiddag	1	713071	98.5073
gisterennacht	1	713072	98.5075
gistern	1	713073	98.5076
gitaarles	1	713074	98.5078
gitarist	1	713075	98.5079
gj	1	713076	98.508
gladde	1	713077	98.5082
gladder	1	713078	98.5083
gladgesleten	1	713079	98.5084
gladheid	1	713080	98.5086
gladiolen	1	713081	98.5087
gladjakkers	1	713082	98.5089
glaslaan	1	713083	98.509
glass	1	713084	98.5091
glasses	1	713085	98.5093
glaszetter	1	713086	98.5094
glbt	1	713087	98.5096
gleed	1	713088	98.5097
gleerd	1	713089	98.5098
gleich	1	713090	98.51
gletsjer	1	713091	98.5101
gleufje	1	713092	98.5102
glijk	1	713093	98.5104
glijpartij	1	713094	98.5105
glijuren	1	713095	98.5107
glimlach	1	713096	98.5108
global	1	713097	98.5109
globetrotter	1	713098	98.5111
globetrotters	1	713099	98.5112
gloooriiiiaaaa	1	713100	98.5113
glooriiaa	1	713101	98.5115
glow	1	713102	98.5116
gluckswunschen	1	713103	98.5118
gluecklich	1	713104	98.5119
glunder	1	713105	98.512
gluren	1	713106	98.5122
glück	1	713107	98.5123
glühwein	1	713108	98.5125
gmaild	1	713109	98.5126
gnagna	1	713110	98.5127
gnoeieneren	1	713111	98.5129
gnome	1	713112	98.513
gnuplot	1	713113	98.5131
go-cart	1	713114	98.5133
goatee	1	713115	98.5134
godgnoeiende	1	713116	98.5136
godot	1	713117	98.5137
gods	1	713118	98.5138
godsnaam	1	713119	98.514
godverdegodver	1	713120	98.5141
godverdoeme	1	713121	98.5142
goed.ko	1	713122	98.5144
goed.ro	1	713123	98.5145
goedbedoelde	1	713124	98.5147
goedbte	1	713125	98.5148
goeddeels	1	713126	98.5149
goedele	1	713127	98.5151
goedenavond	1	713128	98.5152
goederentreinen	1	713129	98.5154
goedes	1	713130	98.5155
goedgegaan	1	713131	98.5156
goedgekomen	1	713132	98.5158
goedkeuren	1	713133	98.5159
goedmorgen	1	713134	98.516
goedpraten	1	713135	98.5162
goeed	1	713136	98.5163
goef	1	713137	98.5165
goeiedag	1	713138	98.5166
goeiemogge	1	713139	98.5167
goeien	1	713140	98.5169
goeiendag	1	713141	98.517
goeiste	1	713142	98.5171
goekoper	1	713143	98.5173
goeoeoedemorgen	1	713144	98.5174
goh	1	713145	98.5176
gohja	1	713146	98.5177
goinf	1	713147	98.5178
gokje	1	713148	98.518
gokspelen	1	713149	98.5181
gokte	1	713150	98.5183
gold	1	713151	98.5184
golden	1	713152	98.5185
golfen	1	713153	98.5187
goochelen	1	713154	98.5188
goodiebag	1	713155	98.5189
goodies	1	713156	98.5191
goods	1	713157	98.5192
googlebaar	1	713158	98.5194
googlen	1	713159	98.5195
goood	1	713160	98.5196
goor	1	713161	98.5198
goosenaerts	1	713162	98.5199
goossens	1	713163	98.5201
goot	1	713164	98.5202
gopass	1	713165	98.5203
gordijn	1	713166	98.5205
gore	1	713167	98.5206
gorigheid	1	713168	98.5207
gorik	1	713169	98.5209
gorillaz	1	713170	98.521
gortig	1	713171	98.5212
goshieur	1	713172	98.5213
gossip	1	713173	98.5214
goteborg	1	713174	98.5216
gothic	1	713175	98.5217
gotiek	1	713176	98.5218
goudmerk-mosselen	1	713177	98.522
goudvis	1	713178	98.5221
goulash	1	713179	98.5223
gouw	1	713180	98.5224
gouwdag	1	713181	98.5225
gouwkoord	1	713182	98.5227
gouwschild	1	713183	98.5228
gps-kompas	1	713184	98.523
gps-kompas-uitleg	1	713185	98.5231
gpsvrouw	1	713186	98.5232
grAg	1	713187	98.5234
grM	1	713188	98.5235
graaaaaaaaag	1	713189	98.5236
graaf	1	713190	98.5238
graah	1	713191	98.5239
graan	1	713192	98.5241
graard	1	713193	98.5242
gracht	1	713194	98.5243
grachten	1	713195	98.5245
grades	1	713196	98.5246
graduate	1	713197	98.5247
graduation	1	713198	98.5249
grafieken	1	713199	98.525
grafische	1	713200	98.5252
grag	1	713201	98.5253
grakn	1	713202	98.5254
gramsbergen	1	713203	98.5256
grande	1	713204	98.5257
grandes	1	713205	98.5259
grandiosi	1	713206	98.526
grandpa	1	713207	98.5261
grapefruits	1	713208	98.5263
graphic	1	713209	98.5264
grapjassen	1	713210	98.5265
grappenmaker	1	713211	98.5267
grappige	1	713212	98.5268
grasleikant	1	713213	98.527
grasmaaien	1	713214	98.5271
gravenwezel	1	713215	98.5272
grazia	1	713216	98.5274
greenhouse	1	713217	98.5275
greenway	1	713218	98.5276
greintje	1	713219	98.5278
grenate	1	713220	98.5279
grepen	1	713221	98.5281
grey	1	713222	98.5282
grief	1	713223	98.5283
griekenland	1	713224	98.5285
grieks	1	713225	98.5286
griepprik	1	713226	98.5288
griepvirusje	1	713227	98.5289
grieten	1	713228	98.529
grijp	1	713229	98.5292
grijs	1	713230	98.5293
grijsoord	1	713231	98.5294
grill	1	713232	98.5296
grimbergenkaas	1	713233	98.5297
grmbl	1	713234	98.5299
groeit	1	713235	98.53
groencontainer	1	713236	98.5301
groenteballetjes	1	713237	98.5303
groentenpakket	1	713238	98.5304
groentensoep	1	713239	98.5305
groenvoer	1	713240	98.5307
groepjes	1	713241	98.5308
groepsSMS	1	713242	98.531
groepsgevoel	1	713243	98.5311
groepskorting	1	713244	98.5312
groepsproject	1	713245	98.5314
groepsreis	1	713246	98.5315
groesbeek	1	713247	98.5317
groete	1	713248	98.5318
groetee	1	713249	98.5319
groeteeeh	1	713250	98.5321
groetn	1	713251	98.5322
groetos	1	713252	98.5323
groets	1	713253	98.5325
grol	1	713254	98.5326
grolsch	1	713255	98.5328
grom	1	713256	98.5329
grondgebied.to	1	713257	98.533
grondig	1	713258	98.5332
grondstoffen	1	713259	98.5333
grootverdiener	1	713260	98.5335
groovecity	1	713261	98.5336
grossmanmodel	1	713262	98.5337
grot	1	713263	98.5339
grotesk	1	713264	98.534
grotjes	1	713265	98.5341
groups	1	713266	98.5343
growing	1	713267	98.5344
grpetjes	1	713268	98.5346
grrrrr	1	713269	98.5347
grt	1	713270	98.5348
gruess	1	713271	98.535
grumpy	1	713272	98.5351
grun	1	713273	98.5352
grunewald	1	713274	98.5354
grutten	1	713275	98.5355
grünten	1	713276	98.5357
gsa	1	713277	98.5358
gsm-nummer	1	713278	98.5359
gsm-oefenen	1	713279	98.5361
gsm-signaal	1	713280	98.5362
gsmnummer	1	713281	98.5364
gsmtest	1	713282	98.5365
gsmwissel	1	713283	98.5366
gstrn	1	713284	98.5368
gtst	1	713285	98.5369
guacemole	1	713286	98.537
guaranteed	1	713287	98.5372
gucken	1	713288	98.5373
gudrun	1	713289	98.5375
guesstimated	1	713290	98.5376
guest	1	713291	98.5377
guggenheim	1	713292	98.5379
guided	1	713293	98.538
guidogids	1	713294	98.5381
guincamp	1	713295	98.5383
guislain	1	713296	98.5384
gulborg	1	713297	98.5386
guldenpfennig	1	713298	98.5387
gulzigaards	1	713299	98.5388
gummenEn	1	713300	98.539
gummibeertje	1	713301	98.5391
gump	1	713302	98.5393
gunhar	1	713303	98.5394
gunstige	1	713304	98.5395
gunstiger	1	713305	98.5397
gunther	1	713306	98.5398
gustas	1	713307	98.5399
gute	1	713308	98.5401
guur	1	713309	98.5402
guus	1	713310	98.5404
guy's	1	713311	98.5405
gv	1	713312	98.5406
gvonde	1	713313	98.5408
gvonden	1	713314	98.5409
gweest	1	713315	98.541
gweet	1	713316	98.5412
gwenny	1	713317	98.5413
gwl	1	713318	98.5415
gwshrokken	1	713319	98.5416
gymstage	1	713320	98.5417
gynacoloog	1	713321	98.5419
gyprocplug	1	713322	98.542
gyros	1	713323	98.5422
gzout	1	713324	98.5423
gênante	1	713325	98.5424
ha-ha	1	713326	98.5426
haaaaaaat	1	713327	98.5427
haaaauwes	1	713328	98.5428
haakpen	1	713329	98.543
haakten	1	713330	98.5431
haalbaarder	1	713331	98.5433
haalbare	1	713332	98.5434
haans	1	713333	98.5435
haantjes	1	713334	98.5437
haard	1	713335	98.5438
haardroger	1	713336	98.5439
haarlemse	1	713337	98.5441
haarverf	1	713338	98.5442
haatek	1	713339	98.5444
haatte	1	713340	98.5445
habits	1	713341	98.5446
hadde	1	713342	98.5448
hadn't	1	713343	98.5449
haf	1	713344	98.5451
haff	1	713345	98.5452
hageland	1	713346	98.5453
hagelschades	1	713347	98.5455
hagelstenen	1	713348	98.5456
haggis	1	713349	98.5457
hahaa	1	713350	98.5459
hahaaaa	1	713351	98.546
hair	1	713352	98.5462
hait-boek	1	713353	98.5463
haitlab	1	713354	98.5464
hak	1	713355	98.5466
hakblok	1	713356	98.5467
haken	1	713357	98.5469
hakken	1	713358	98.547
halal	1	713359	98.5471
halben	1	713360	98.5473
hale	1	713361	98.5474
halfbakken	1	713362	98.5475
halfdicht	1	713363	98.5477
halfjaarabo	1	713364	98.5478
halfnaakte	1	713365	98.548
halftwee	1	713366	98.5481
halfuurke	1	713367	98.5482
halfvijf	1	713368	98.5484
hall	1	713369	98.5485
halleeej	1	713370	98.5486
halleekes	1	713371	98.5488
halletje	1	713372	98.5489
halloanders	1	713373	98.5491
hallokes	1	713374	98.5492
hallooo	1	713375	98.5493
halloweenfoto	1	713376	98.5495
halloweentocht	1	713377	98.5496
haln	1	713378	98.5498
halo	1	713379	98.5499
halong	1	713380	98.55
halsketting	1	713381	98.5502
halstarrig	1	713382	98.5503
haltestelle	1	713383	98.5504
hamblokjes	1	713384	98.5506
hambo	1	713385	98.5507
hamburg	1	713386	98.5509
hamburger	1	713387	98.551
hamer	1	713388	98.5511
hamme	1	713389	98.5513
hammer	1	713390	98.5514
hammes	1	713391	98.5515
hamster	1	713392	98.5517
hamsterweken	1	713393	98.5518
hamstring	1	713394	98.552
hamtjes	1	713395	98.5521
handanalyse	1	713396	98.5522
handbereik	1	713397	98.5524
handboeien	1	713398	98.5525
handbook	1	713399	98.5527
handelaar	1	713400	98.5528
handelsbeurs	1	713401	98.5529
handenarbeid	1	713402	98.5531
handschoenen	1	713403	98.5532
handtekening	1	713404	98.5533
handtekeningen	1	713405	98.5535
handvat	1	713406	98.5536
handvatten	1	713407	98.5538
handvol	1	713408	98.5539
handwriting	1	713409	98.554
handzame	1	713410	98.5542
hanenmap	1	713411	98.5543
hanenoverleg	1	713412	98.5544
hangdag	1	713413	98.5546
hangertje	1	713414	98.5547
hangmatconcept	1	713415	98.5549
hangovers	1	713416	98.555
hangsteun	1	713417	98.5551
hangzak	1	713418	98.5553
hannah	1	713419	98.5554
hannu	1	713420	98.5556
hanosbakjes	1	713421	98.5557
hans@hanswesterbeek.nl	1	713422	98.5558
hansermans	1	713423	98.556
hanswesterbeek	1	713424	98.5561
hao	1	713425	98.5562
haopen	1	713426	98.5564
hapert	1	713427	98.5565
hapkes	1	713428	98.5567
happenef	1	713429	98.5568
happens	1	713430	98.5569
happers	1	713431	98.5571
happie	1	713432	98.5572
happiness	1	713433	98.5573
hapt	1	713434	98.5575
harakiri	1	713435	98.5576
hardboardplaten	1	713436	98.5578
hardcopy	1	713437	98.5579
hardeschijf	1	713438	98.558
hardloop	1	713439	98.5582
hardloopschoenen	1	713440	98.5583
hardlopenen	1	713441	98.5585
hardnekkig	1	713442	98.5586
hardop	1	713443	98.5587
hardrecovery	1	713444	98.5589
harelbeke	1	713445	98.559
haricots	1	713446	98.5591
haringfilet	1	713447	98.5593
harken	1	713448	98.5594
harmonica	1	713449	98.5596
harmoniemeisjes	1	713450	98.5597
harmonieuze	1	713451	98.5598
harp	1	713452	98.56
harrods	1	713453	98.5601
hartediefje	1	713454	98.5603
hartelijke	1	713455	98.5604
hartgrondige	1	713456	98.5605
hartig	1	713457	98.5607
hartjes	1	713458	98.5608
hartslag	1	713459	98.5609
haselunne	1	713460	98.5611
hasj	1	713461	98.5612
hasn't	1	713462	98.5614
hasselba	1	713463	98.5615
hassely	1	713464	98.5616
hast	1	713465	98.5618
hasta	1	713466	98.5619
hat	1	713467	98.562
hate	1	713468	98.5622
hated	1	713469	98.5623
haten	1	713470	98.5625
hatert	1	713471	98.5626
hau	1	713472	98.5627
hauze	1	713473	98.5629
havadar	1	713474	98.563
havana	1	713475	98.5632
haven't	1	713476	98.5633
havenfeest	1	713477	98.5634
havenfeesten	1	713478	98.5636
havenfeestgedoe	1	713479	98.5637
havenlaan	1	713480	98.5638
haz	1	713481	98.564
hazelnoten	1	713482	98.5641
hbo	1	713483	98.5643
hbo-tijd	1	713484	98.5644
hc	1	713485	98.5645
hc's	1	713486	98.5647
hcdocenten	1	713487	98.5648
hd	1	713488	98.5649
hd-recorder	1	713489	98.5651
hdd	1	713490	98.5652
he.x	1	713491	98.5654
head	1	713492	98.5655
headache	1	713493	98.5656
headed	1	713494	98.5658
healthcare	1	713495	98.5659
heartbeat	1	713496	98.5661
heather	1	713497	98.5662
heathrow	1	713498	98.5663
heb.in	1	713499	98.5665
hebbeb	1	713500	98.5666
hebbend	1	713501	98.5667
hebberig	1	713502	98.5669
hebbes	1	713503	98.567
hebbet	1	713504	98.5672
hebcer	1	713505	98.5673
hebheelveelzinjeteknuffelen	1	713506	98.5674
hebtmet	1	713507	98.5676
hecht	1	713508	98.5677
hectic	1	713509	98.5678
hectiek	1	713510	98.568
hedachten	1	713511	98.5681
heeeeeeeeeeeeeeeeele	1	713512	98.5683
heeeeeeeeeel	1	713513	98.5684
heeeeeeeel	1	713514	98.5685
heeeeeel	1	713515	98.5687
heeeleboel	1	713516	98.5688
heeerlijke	1	713517	98.569
heef	1	713518	98.5691
heehk	1	713519	98.5692
heels	1	713520	98.5694
heelveel	1	713521	98.5695
heenfietsrn	1	713522	98.5696
heengekomen	1	713523	98.5698
heenreis	1	713524	98.5699
heer	1	713525	98.5701
heeren	1	713526	98.5702
heerenveen	1	713527	98.5703
heerlijk.in	1	713528	98.5705
heerljk	1	713529	98.5706
heertje	1	713530	98.5707
heerweg	1	713531	98.5709
heeten	1	713532	98.571
heets	1	713533	98.5712
heeze	1	713534	98.5713
heffen	1	713535	98.5714
heftige	1	713536	98.5716
heg	1	713537	98.5717
heibel	1	713538	98.5719
heidelberg	1	713539	98.572
heidfeld	1	713540	98.5721
heidi	1	713541	98.5723
heights	1	713542	98.5724
heiland	1	713543	98.5725
heinie	1	713544	98.5727
heinikn	1	713545	98.5728
heino	1	713546	98.573
heirweg	1	713547	98.5731
hej	1	713548	98.5732
heja	1	713549	98.5734
hekje	1	713550	98.5735
hekjes	1	713551	98.5737
hekkens	1	713552	98.5738
helaasje	1	713553	98.5739
helden	1	713554	98.5741
heldendaden	1	713555	98.5742
heldennaam	1	713556	98.5743
heldere	1	713557	98.5745
helderheid	1	713558	98.5746
helemaa	1	713559	98.5748
helen	1	713560	98.5749
helenaam	1	713561	98.575
helicopter	1	713562	98.5752
helicopters	1	713563	98.5753
helke	1	713564	98.5754
hellevoetsluis	1	713565	98.5756
helling	1	713566	98.5757
helm	1	713567	98.5759
helmaal	1	713568	98.576
helpdesk	1	713569	98.5761
helped	1	713570	98.5763
helpende	1	713571	98.5764
helpers	1	713572	98.5766
hels	1	713573	98.5767
hema	1	713574	98.5768
hemden	1	713575	98.577
hemelsnaam	1	713576	98.5771
henderina	1	713577	98.5772
hendrik	1	713578	98.5774
hengelen	1	713579	98.5775
hengst	1	713580	98.5777
henkie	1	713581	98.5778
henny	1	713582	98.5779
henriette	1	713583	98.5781
henzelf	1	713584	98.5782
heo	1	713585	98.5783
heppie	1	713586	98.5785
herbekijkt	1	713587	98.5786
herendisputen	1	713588	98.5788
herendispuut	1	713589	98.5789
herenigd	1	713590	98.579
herentals	1	713591	98.5792
herex	1	713592	98.5793
herfstavonden	1	713593	98.5795
herfstig	1	713594	98.5796
herfstkampioen	1	713595	98.5797
herfstweekend	1	713596	98.5799
herfstweer	1	713597	98.58
herhaaldelijk	1	713598	98.5801
herhaalrecepten	1	713599	98.5803
herhalen	1	713600	98.5804
herhalingen	1	713601	98.5806
herinnerd	1	713602	98.5807
herinschrijven	1	713603	98.5808
herinschrijving	1	713604	98.581
herk	1	713605	98.5811
herkansingsmomenten	1	713606	98.5812
herkend	1	713607	98.5814
herkenkke	1	713608	98.5815
herkenning	1	713609	98.5817
herkommen	1	713610	98.5818
herladen	1	713611	98.5819
herlading	1	713612	98.5821
herlinde	1	713613	98.5822
herman	1	713614	98.5824
hermetisch	1	713615	98.5825
hermine	1	713616	98.5826
hernemen	1	713617	98.5828
heroes	1	713618	98.5829
heropstarten	1	713619	98.583
herr	1	713620	98.5832
hers	1	713621	98.5833
herschrijvingen	1	713622	98.5835
hersemtumor	1	713623	98.5836
hersenbloeding	1	713624	98.5837
hersteld	1	713625	98.5839
herstellende	1	713626	98.584
herstelperiode	1	713627	98.5841
herstelt	1	713628	98.5843
herte	1	713629	98.5844
hertelling	1	713630	98.5846
hertentamens	1	713631	98.5847
herverdelen	1	713632	98.5848
herverkoop	1	713633	98.585
herwerken	1	713634	98.5851
herwonnen	1	713635	98.5853
herzele	1	713636	98.5854
herzien	1	713637	98.5855
herzlichen	1	713638	98.5857
hesje	1	713639	98.5858
hesp	1	713640	98.5859
hessel	1	713641	98.5861
hester	1	713642	98.5862
heston	1	713643	98.5864
het.no	1	713644	98.5865
hetelucht	1	713645	98.5866
heteren	1	713646	98.5868
hetero	1	713647	98.5869
hetgene	1	713648	98.5871
hetm	1	713649	98.5872
hetvast	1	713650	98.5873
hetvwerd	1	713651	98.5875
hetzelfe	1	713652	98.5876
heugelijke	1	713653	98.5877
heuglijk	1	713654	98.5879
heule	1	713655	98.588
heumense	1	713656	98.5882
heuse	1	713657	98.5883
heuvelpoort	1	713658	98.5884
hevelen	1	713659	98.5886
heverlee	1	713660	98.5887
hevige	1	713661	98.5888
hevowl	1	713662	98.589
hevt	1	713663	98.5891
hexel	1	713664	98.5893
heyendaal	1	713665	98.5894
hheft	1	713666	98.5895
hhhmmmm	1	713667	98.5897
hi-tea-en	1	713668	98.5898
hid	1	713669	98.59
hide	1	713670	98.5901
hiel	1	713671	98.5902
hielden	1	713672	98.5904
hieperdepiep	1	713673	98.5905
hiephoi	1	713674	98.5906
hier.be	1	713675	98.5908
hierboven	1	713676	98.5909
hierlangs	1	713677	98.5911
hiernaast	1	713678	98.5912
hierorgen	1	713679	98.5913
hiertoe	1	713680	98.5915
hierzo	1	713681	98.5916
highland	1	713682	98.5917
highschool	1	713683	98.5919
highway	1	713684	98.592
hihip	1	713685	98.5922
hiii	1	713686	98.5923
hijg	1	713687	98.5924
hijsjes-moet	1	713688	98.5926
hik	1	713689	98.5927
hike	1	713690	98.5929
hil	1	713691	98.593
hilariteit	1	713692	98.5931
hildje	1	713693	98.5933
hill	1	713694	98.5934
hillfigerhemden	1	713695	98.5935
hillie	1	713696	98.5937
himalaja	1	713697	98.5938
himalayan	1	713698	98.594
himalyan	1	713699	98.5941
himself	1	713700	98.5942
hip	1	713701	98.5944
hippieblij	1	713702	98.5945
hips	1	713703	98.5946
hipste	1	713704	98.5948
hipster	1	713705	98.5949
hires	1	713706	98.5951
hitel	1	713707	98.5952
hitime	1	713708	98.5953
hitler	1	713709	98.5955
hittegolf	1	713710	98.5956
hitten	1	713711	98.5958
hja	1	713712	98.5959
hlpt	1	713713	98.596
hobbelde	1	713714	98.5962
hobbelig	1	713715	98.5963
hobbelt	1	713716	98.5964
hobbit	1	713717	98.5966
hockeyschoenen	1	713718	98.5967
hoeda	1	713719	98.5969
hoedje	1	713720	98.597
hoegenaamd	1	713721	98.5971
hoehoooeeee	1	713722	98.5973
hoei	1	713723	98.5974
hoeist	1	713724	98.5975
hoekbank	1	713725	98.5977
hoekske	1	713726	98.5978
hoempapa	1	713727	98.598
hoentje	1	713728	98.5981
hoeraaaa	1	713729	98.5982
hoertje	1	713730	98.5984
hoestdrank	1	713731	98.5985
hoestkriebelonderdrukkend	1	713732	98.5987
hoestpauzes	1	713733	98.5988
hoeve	1	713734	98.5989
hoeveelste	1	713735	98.5991
hofman	1	713736	98.5992
hogenveen	1	713737	98.5993
hogere	1	713738	98.5995
hogergenummerde	1	713739	98.5996
hogerhand	1	713740	98.5998
hoi.hoe	1	713741	98.5999
hoihoi	1	713742	98.6
hold	1	713743	98.6002
holding	1	713744	98.6003
hole	1	713745	98.6005
holebi	1	713746	98.6006
holidays	1	713747	98.6007
holister	1	713748	98.6009
hollandsche	1	713749	98.601
hollies	1	713750	98.6011
hollland	1	713751	98.6013
holly	1	713752	98.6014
holsbeek	1	713753	98.6016
holy	1	713754	98.6017
home-xp	1	713755	98.6018
homealone	1	713756	98.602
homejackers	1	713757	98.6021
homejacking	1	713758	98.6022
homeparty	1	713759	98.6024
homerun	1	713760	98.6025
homework	1	713761	98.6027
homoseksuele	1	713762	98.6028
homp	1	713763	98.6029
hondachtige	1	713764	98.6031
hondje	1	713765	98.6032
hondjes	1	713766	98.6034
hondsdol	1	713767	98.6035
hondsdolheid	1	713768	98.6036
hondskaak	1	713769	98.6038
honeyponey	1	713770	98.6039
honeys	1	713771	98.604
hongarije	1	713772	98.6042
hongerig	1	713773	98.6043
hongerige	1	713774	98.6045
hongertje	1	713775	98.6046
honnepon	1	713776	98.6047
honour	1	713777	98.6049
hoof	1	713778	98.605
hoofddoek	1	713779	98.6051
hoofdgebouw	1	713780	98.6053
hoofdje	1	713781	98.6054
hoofdletter	1	713782	98.6056
hoofdletters	1	713783	98.6057
hoofdlocatie	1	713784	98.6058
hoofdonderwerp	1	713785	98.606
hoofdpijnaanval	1	713786	98.6061
hoofdpijntje	1	713787	98.6063
hoofdprijs	1	713788	98.6064
hoofdpyn	1	713789	98.6065
hoofdrekenen	1	713790	98.6067
hoofdrol	1	713791	98.6068
hoofdschuddend	1	713792	98.6069
hoofdsteden	1	713793	98.6071
hoofdstukkie	1	713794	98.6072
hoofdtelefoon	1	713795	98.6074
hoogbegaafd	1	713796	98.6075
hooggekwalificeerd	1	713797	98.6076
hoogland	1	713798	98.6078
hoogst	1	713799	98.6079
hoogstnoodzakelijke	1	713800	98.608
hoogstwaarschijnlijk	1	713801	98.6082
hoogtepunt	1	713802	98.6083
hoogtepunten	1	713803	98.6085
hoogteverschil	1	713804	98.6086
hoogvliet	1	713805	98.6087
hoogwerker	1	713806	98.6089
hooikoorts	1	713807	98.609
hooikoortserig	1	713808	98.6092
hooikoortspillen	1	713809	98.6093
hooisteeg	1	713810	98.6094
hook	1	713811	98.6096
hookah	1	713812	98.6097
hooor	1	713813	98.6098
hoooren	1	713814	98.61
hooowj	1	713815	98.6101
hoopje	1	713816	98.6103
hoopt	1	713817	98.6104
hoor(a)	1	713818	98.6105
hoor.in	1	713819	98.6107
hoora	1	713820	98.6108
hoors	1	713821	98.6109
hoort't	1	713822	98.6111
hoosbui	1	713823	98.6112
hop	1	713824	98.6114
hopelyk	1	713825	98.6115
hoping	1	713826	98.6116
hopn	1	713827	98.6118
hoppa	1	713828	98.6119
hor	1	713829	98.6121
hormons	1	713830	98.6122
horny	1	713831	98.6123
horoscoop	1	713832	98.6125
horror-rit	1	713833	98.6126
horst	1	713834	98.6127
hos	1	713835	98.6129
hospode	1	713836	98.613
hostelletjes	1	713837	98.6132
hotdog	1	713838	98.6133
hotelbon	1	713839	98.6134
hotelbonnen	1	713840	98.6136
hotelcomplex	1	713841	98.6137
hotelgast	1	713842	98.6139
hotelkamer	1	713843	98.614
hotelkamers	1	713844	98.6141
hotelkosten	1	713845	98.6143
hotels	1	713846	98.6144
hotelvakantie	1	713847	98.6145
hotmailadres	1	713848	98.6147
hotspot	1	713849	98.6148
hotspots	1	713850	98.615
hotspotshield	1	713851	98.6151
hottest	1	713852	98.6152
houblon	1	713853	98.6154
houdbaarheid	1	713854	98.6155
houdbaarheids	1	713855	98.6156
houde	1	713856	98.6158
houding	1	713857	98.6159
houdster	1	713858	98.6161
houldnt	1	713859	98.6162
house-party	1	713860	98.6163
housemates	1	713861	98.6165
housewife	1	713862	98.6166
houtbriel	1	713863	98.6168
houthakker	1	713864	98.6169
houtsnijden	1	713865	98.617
houzee	1	713866	98.6172
however	1	713867	98.6173
howto	1	713868	98.6174
hozen	1	713869	98.6176
hp-special	1	713870	98.6177
hq	1	713871	98.6179
hrm	1	713872	98.618
hrrrr	1	713873	98.6181
htc's	1	713874	98.6183
html-nerd	1	713875	98.6184
http://csrdelft.nl/tools/saldografiek.php?uid	1	713876	98.6185
http://district8.net/alcoholcontrole-oostpoortweg-delft.html	1	713877	98.6187
http://nl.m.wikipedia.org/wiki/De_drie_musketiers	1	713878	98.6188
http://tinyurl.com/436trps	1	713879	98.619
http://tweakers.net/nieuws/66542/eerste-versie-nieuwe-linux-os-meego-komt-uit-voor-nokia-n900.html	1	713880	98.6191
http://www.google.nl/search?q	1	713881	98.6192
http://xkcd.com/610	1	713882	98.6194
httpstreamer	1	713883	98.6195
hubertusldk	1	713884	98.6197
hufter	1	713885	98.6198
hugs	1	713886	98.6199
hui	1	713887	98.6201
huidarts	1	713888	98.6202
huidfeestjey	1	713889	98.6203
huidig	1	713890	98.6205
huifkarfoto's	1	713891	98.6206
huil	1	713892	98.6208
huisbezoeken	1	713893	98.6209
huisetentje	1	713894	98.621
huisfeesten	1	713895	98.6212
huisfeestje	1	713896	98.6213
huisgenootjes	1	713897	98.6214
huishoudelijke	1	713898	98.6216
huiskamer	1	713899	98.6217
huiskamergroep	1	713900	98.6219
huismerk	1	713901	98.622
huisuitje	1	713902	98.6221
huiswerkbegeleiding	1	713903	98.6223
huiswerkend	1	713904	98.6224
huizencijfers	1	713905	98.6226
huizenfront	1	713906	98.6227
huizenjacht	1	713907	98.6228
huizentocht	1	713908	98.623
hulder	1	713909	98.6231
hulphond	1	713910	98.6232
hulplijst	1	713911	98.6234
hulpstukken	1	713912	98.6235
humanisme	1	713913	98.6237
hummel	1	713914	98.6238
humpen	1	713915	98.6239
hundelgemse	1	713916	98.6241
hungover	1	713917	98.6242
hunker	1	713918	98.6244
hunne	1	713919	98.6245
hunt	1	713920	98.6246
hupla	1	713921	98.6248
hurray	1	713922	98.6249
hurry	1	713923	98.625
hurts	1	713924	98.6252
huurauto	1	713925	98.6253
huurbonnen	1	713926	98.6255
huurcontract	1	713927	98.6256
huurder	1	713928	98.6257
huurtegoed	1	713929	98.6259
huurtoeslag	1	713930	98.626
huwbare	1	713931	98.6261
huwelijk	1	713932	98.6263
huwelverj	1	713933	98.6264
huwelyksfeest	1	713934	98.6266
hveld	1	713935	98.6267
hwb	1	713936	98.6268
hygiene	1	713937	98.627
hyper	1	713938	98.6271
hyperbazaar	1	713939	98.6273
hypermobiel	1	713940	98.6274
hypermobiliteit	1	713941	98.6275
hypotheekgesprek	1	713942	98.6277
hypotheekstukken	1	713943	98.6278
hypotheses	1	713944	98.6279
hysterisch	1	713945	98.6281
háár	1	713946	98.6282
hè.zo	1	713947	98.6284
hèb	1	713948	98.6285
hèt	1	713949	98.6286
héb	1	713950	98.6288
hébben	1	713951	98.6289
héhé	1	713952	98.629
héhéhé	1	713953	98.6292
héle	1	713954	98.6293
hét	1	713955	98.6295
héérlijk	1	713956	98.6296
héééééérlijk	1	713957	98.6297
hóéf	1	713958	98.6299
i.saw	1	713959	98.63
i.v.m.	1	713960	98.6302
iCloud	1	713961	98.6303
iDeal	1	713962	98.6304
iDisk	1	713963	98.6306
iMac	1	713964	98.6307
iMobile	1	713965	98.6308
iOS	1	713966	98.631
iPads	1	713967	98.6311
iToko	1	713968	98.6313
iTunes-tegoed	1	713969	98.6314
ia	1	713970	98.6315
ib	1	713971	98.6317
ibej	1	713972	98.6318
ibiza	1	713973	98.6319
ibln	1	713974	98.6321
ibood.com	1	713975	98.6322
ibu	1	713976	98.6324
ibuprofen	1	713977	98.6325
icm	1	713978	98.6326
ict	1	713979	98.6328
ict-man	1	713980	98.6329
icters	1	713981	98.6331
id.	1	713982	98.6332
idd.be	1	713983	98.6333
ideeXD	1	713984	98.6335
ideen	1	713985	98.6336
ideetje	1	713986	98.6337
ideetjes	1	713987	98.6339
identify	1	713988	98.634
idereen	1	713989	98.6342
idiote	1	713990	98.6343
idool	1	713991	98.6344
ids	1	713992	98.6346
iederedag	1	713993	98.6347
iedereens	1	713994	98.6348
iedergeval	1	713995	98.635
ieeeeeggghh	1	713996	98.6351
iels	1	713997	98.6353
iemands	1	713998	98.6354
ieper	1	713999	98.6355
ieperfest	1	714000	98.6357
ieps	1	714001	98.6358
ierts	1	714002	98.636
ierzie	1	714003	98.6361
ietac	1	714004	98.6362
ieters	1	714005	98.6364
ietswat	1	714006	98.6365
ifactors	1	714007	98.6366
iff	1	714008	98.6368
ig	1	714009	98.6369
ignace	1	714010	98.6371
ignore	1	714011	98.6372
igor	1	714012	98.6373
igt	1	714013	98.6375
iif	1	714014	98.6376
iin	1	714015	98.6378
ijn	1	714016	98.6379
ijsbaan	1	714017	98.638
ijsbanen	1	714018	98.6382
ijsbergsla	1	714019	98.6383
ijscoman	1	714020	98.6384
ijsfabriek	1	714021	98.6386
ijsjesstop	1	714022	98.6387
ijskoffie	1	714023	98.6389
ijssalon	1	714024	98.639
ijsthee	1	714025	98.6391
ijswater	1	714026	98.6393
ijverig	1	714027	98.6394
ijzelen	1	714028	98.6395
ijzers	1	714029	98.6397
ijzerstraat	1	714030	98.6398
ijzertreffen	1	714031	98.64
ijzerwakepodium	1	714032	98.6401
ijzerzaag	1	714033	98.6402
ik(a)	1	714034	98.6404
ik-wil-niet-koken	1	714035	98.6405
ik.Ga	1	714036	98.6407
ik.be	1	714037	98.6408
ik.heb	1	714038	98.6409
ikblijf	1	714039	98.6411
iki	1	714040	98.6412
ikki-opmaak	1	714041	98.6413
ikneemjemEE	1	714042	98.6415
ikniet	1	714043	98.6416
ikretten	1	714044	98.6418
ikvoelmesuperbijjou	1	714045	98.6419
ikxmorgn	1	714046	98.642
iküberhaupt	1	714047	98.6422
il.heb	1	714048	98.6423
ilk	1	714049	98.6424
illegaal	1	714050	98.6426
illustreer	1	714051	98.6427
ilmari	1	714052	98.6429
ils	1	714053	98.643
ilyana	1	714054	98.6431
imac	1	714055	98.6433
imaginaire	1	714056	98.6434
imago	1	714057	98.6436
imagoprobleem	1	714058	98.6437
imap-folder	1	714059	98.6438
imdb	1	714060	98.644
immens	1	714061	98.6441
immesiately	1	714062	98.6442
impact	1	714063	98.6444
impissibru	1	714064	98.6445
importante	1	714065	98.6447
impressive	1	714066	98.6448
impro	1	714067	98.6449
impuls	1	714068	98.6451
impulsiviteit	1	714069	98.6452
imvw	1	714070	98.6453
in't	1	714071	98.6455
in.Tot	1	714072	98.6456
inbegrepen	1	714073	98.6458
inblaasbuis	1	714074	98.6459
inboedel	1	714075	98.646
inbouwkast	1	714076	98.6462
inbox	1	714077	98.6463
inbraak	1	714078	98.6465
inbraakpoging	1	714079	98.6466
inbreken	1	714080	98.6467
inbrekers	1	714081	98.6469
inbreuk	1	714082	98.647
incident	1	714083	98.6471
incidentally	1	714084	98.6473
incommunicado	1	714085	98.6474
incompleet	1	714086	98.6476
incredibly	1	714087	98.6477
incubate	1	714088	98.6478
indesign	1	714089	98.648
indexen	1	714090	98.6481
indexering	1	714091	98.6482
india	1	714092	98.6484
indianentent	1	714093	98.6485
indiase	1	714094	98.6487
indirect	1	714095	98.6488
indirecte	1	714096	98.6489
indisch	1	714097	98.6491
indische	1	714098	98.6492
individueel	1	714099	98.6494
indoor	1	714100	98.6495
indringt	1	714101	98.6496
indrukken	1	714102	98.6498
indrukwekkender	1	714103	98.6499
inductief	1	714104	98.65
industrieel	1	714105	98.6502
industrielaan	1	714106	98.6503
industrieterrein	1	714107	98.6505
indutten	1	714108	98.6506
ineke	1	714109	98.6507
inernet	1	714110	98.6509
ines	1	714111	98.651
inet	1	714112	98.6512
infamous	1	714113	98.6513
infection	1	714114	98.6514
infernal	1	714115	98.6516
inflatie	1	714116	98.6517
info-avond	1	714117	98.6518
info@orangeways.com	1	714118	98.652
infoblokje	1	714119	98.6521
infodag	1	714120	98.6523
inform	1	714121	98.6524
informal	1	714122	98.6525
informaticus	1	714123	98.6527
infosessie	1	714124	98.6528
infra	1	714125	98.6529
inga	1	714126	98.6531
ingebakken	1	714127	98.6532
ingebouwd	1	714128	98.6534
ingebrekestelling	1	714129	98.6535
ingebroken	1	714130	98.6536
ingedaan	1	714131	98.6538
ingediend	1	714132	98.6539
ingedrukt	1	714133	98.6541
ingegeven	1	714134	98.6542
ingehouden	1	714135	98.6543
ingeklapt	1	714136	98.6545
ingelaten	1	714137	98.6546
ingelezen	1	714138	98.6547
ingelicht	1	714139	98.6549
ingelijfd	1	714140	98.655
ingelymd	1	714141	98.6552
ingenieurs	1	714142	98.6553
ingenieursbureau	1	714143	98.6554
ingenious	1	714144	98.6556
ingepraat	1	714145	98.6557
ingerold	1	714146	98.6558
ingescand	1	714147	98.656
ingescande	1	714148	98.6561
ingeschat	1	714149	98.6563
ingescheurd	1	714150	98.6564
ingescheven	1	714151	98.6565
ingeslagen	1	714152	98.6567
ingesleurd	1	714153	98.6568
ingesloten	1	714154	98.657
ingesmeerd	1	714155	98.6571
ingespannen	1	714156	98.6572
ingesteldheid	1	714157	98.6574
ingestort	1	714158	98.6575
ingestudeerde	1	714159	98.6576
ingetaped	1	714160	98.6578
ingetje	1	714161	98.6579
ingetrokken	1	714162	98.6581
ingetuned	1	714163	98.6582
ingetypt	1	714164	98.6583
ingeven	1	714165	98.6585
ingevoerd	1	714166	98.6586
ingeweest	1	714167	98.6587
ingewerkt	1	714168	98.6589
ingewijd	1	714169	98.659
ingewikkelde	1	714170	98.6592
inglès	1	714171	98.6593
ingraven	1	714172	98.6594
ingrediënten	1	714173	98.6596
ingreep	1	714174	98.6597
ingrijpende	1	714175	98.6599
inhaalbewegingske	1	714176	98.66
inhaalles	1	714177	98.6601
inhaalwedstrijd	1	714178	98.6603
inhoudloos	1	714179	98.6604
inhoudsopgave	1	714180	98.6605
inhousedag	1	714181	98.6607
iniatief	1	714182	98.6608
initieer	1	714183	98.661
injectiespuit	1	714184	98.6611
ink	1	714185	98.6612
inkakmomentje	1	714186	98.6614
inkoppen	1	714187	98.6615
inkorten	1	714188	98.6616
inladen	1	714189	98.6618
inleesscript	1	714190	98.6619
inleven	1	714191	98.6621
inlichtingen	1	714192	98.6622
inlogcodes	1	714193	98.6623
inloop	1	714194	98.6625
inloopuurtje	1	714195	98.6626
inmijn	1	714196	98.6628
inne	1	714197	98.6629
inneken	1	714198	98.663
innen	1	714199	98.6632
innerlijke	1	714200	98.6633
innige	1	714201	98.6634
inonze	1	714202	98.6636
inoperabel	1	714203	98.6637
inoperable	1	714204	98.6639
inpakstress	1	714205	98.664
inpilsmoment	1	714206	98.6641
inpilzen	1	714207	98.6643
inpraten	1	714208	98.6644
inreed	1	714209	98.6646
inroepen	1	714210	98.6647
inscannen	1	714211	98.6648
inschatting	1	714212	98.665
inschietvellen	1	714213	98.6651
inschreef	1	714214	98.6652
inschrijvingsformulier	1	714215	98.6654
inschryven	1	714216	98.6655
inshrijfformulier	1	714217	98.6657
insistent	1	714218	98.6658
inslapen	1	714219	98.6659
insluiten	1	714220	98.6661
insmeren	1	714221	98.6662
insp.	1	714222	98.6663
inspiratieloos	1	714223	98.6665
inspiratievol	1	714224	98.6666
inspireren	1	714225	98.6668
inspiron	1	714226	98.6669
inspratie	1	714227	98.667
inspreekt	1	714228	98.6672
inspuitingen	1	714229	98.6673
instaan	1	714230	98.6675
instaat	1	714231	98.6676
installatie	1	714232	98.6677
installatiekosten	1	714233	98.6679
installation	1	714234	98.668
instapmoment	1	714235	98.6681
instappen	1	714236	98.6683
instead	1	714237	98.6684
insteek	1	714238	98.6686
instinct	1	714239	98.6687
institute	1	714240	98.6688
instroom-statistieken	1	714241	98.669
instrumenten	1	714242	98.6691
instrumentenrooftocht	1	714243	98.6692
insturen	1	714244	98.6694
insuline	1	714245	98.6695
inteelt	1	714246	98.6697
integreer	1	714247	98.6698
intellectuele	1	714248	98.6699
intelligence	1	714249	98.6701
intelligente	1	714250	98.6702
intelligentie	1	714251	98.6704
intended	1	714252	98.6705
intens	1	714253	98.6706
intenties	1	714254	98.6708
intention	1	714255	98.6709
intercedente	1	714256	98.671
interconnecties	1	714257	98.6712
interculturele	1	714258	98.6713
interesting	1	714259	98.6715
interimmama	1	714260	98.6716
internation	1	714261	98.6717
internationaal	1	714262	98.6719
international	1	714263	98.672
interneppen	1	714264	98.6721
internerverbinding	1	714265	98.6723
internetdingen	1	714266	98.6724
internetlozen	1	714267	98.6726
internetprovider	1	714268	98.6727
internetregel	1	714269	98.6728
internetververbinding	1	714270	98.673
interpretatie	1	714271	98.6731
interressant	1	714272	98.6733
interviews	1	714273	98.6734
intilburg	1	714274	98.6735
intime	1	714275	98.6737
intimiteit	1	714276	98.6738
intolerantie	1	714277	98.6739
intra	1	714278	98.6741
intranet	1	714279	98.6742
intrede	1	714280	98.6744
intrekken	1	714281	98.6745
introcommissie	1	714282	98.6746
introduction	1	714283	98.6748
introducé	1	714284	98.6749
invading	1	714285	98.675
inval	1	714286	98.6752
invalt	1	714287	98.6753
invasie	1	714288	98.6755
invasion	1	714289	98.6756
invazion	1	714290	98.6757
investeren	1	714291	98.6759
invitation	1	714292	98.676
inviteren	1	714293	98.6762
invoerde	1	714294	98.6763
invriesijsjes	1	714295	98.6764
invul	1	714296	98.6766
invulling	1	714297	98.6767
inwerken	1	714298	98.6768
inwijden	1	714299	98.677
inwijding	1	714300	98.6771
inwrijven	1	714301	98.6773
inze	1	714302	98.6774
inzicht	1	714303	98.6775
inzichten	1	714304	98.6777
inzientoch	1	714305	98.6778
inziet	1	714306	98.678
io	1	714307	98.6781
iomega	1	714308	98.6782
ipad-apps	1	714309	98.6784
iphonedingen	1	714310	98.6785
iphonelader	1	714311	98.6786
iphones	1	714312	98.6788
iphonisch	1	714313	98.6789
ipodafspeellijsten	1	714314	98.6791
ipp	1	714315	98.6792
ippen	1	714316	98.6793
ironed	1	714317	98.6795
ironie	1	714318	98.6796
irri	1	714319	98.6797
irritating	1	714320	98.6799
is-ie	1	714321	98.68
is-onlaan	1	714322	98.6802
is.bij	1	714323	98.6803
is.fi	1	714324	98.6804
is.se	1	714325	98.6806
isaura	1	714326	98.6807
isgoed	1	714327	98.6809
ishet	1	714328	98.681
isnt	1	714329	98.6811
isolde	1	714330	98.6813
isook	1	714331	98.6814
israel	1	714332	98.6815
iss	1	714333	98.6817
issies	1	714334	98.6818
issue	1	714335	98.682
issues	1	714336	98.6821
istanbul	1	714337	98.6822
istie	1	714338	98.6824
istn	1	714339	98.6825
isy	1	714340	98.6826
italiaanse	1	714341	98.6828
italy	1	714342	98.6829
itc	1	714343	98.6831
itech	1	714344	98.6832
items	1	714345	98.6833
iters	1	714346	98.6835
itll	1	714347	98.6836
itself	1	714348	98.6838
iuventus	1	714349	98.6839
ivago	1	714350	98.684
ivn	1	714351	98.6842
iwas	1	714352	98.6843
iwein	1	714353	98.6844
izegem	1	714354	98.6846
izu	1	714355	98.6847
iéts	1	714356	98.6849
jA	1	714357	98.685
jaa	1	714358	98.6851
jaaa	1	714359	98.6853
jaaaaaahaaaa	1	714360	98.6854
jaak	1	714361	98.6855
jaarbasis	1	714362	98.6857
jaargetijden	1	714363	98.6858
jaargroep	1	714364	98.686
jaarke	1	714365	98.6861
jac	1	714366	98.6862
jachten	1	714367	98.6864
jachtsaus	1	714368	98.6865
jackass	1	714369	98.6867
jaco	1	714370	98.6868
jacob	1	714371	98.6869
jacoba	1	714372	98.6871
jacq	1	714373	98.6872
jacuzzi	1	714374	98.6873
jaee	1	714375	98.6875
jagger	1	714376	98.6876
jah	1	714377	98.6878
jahren	1	714378	98.6879
jail	1	714379	98.688
jakkes	1	714380	98.6882
jakos	1	714381	98.6883
jaloersig	1	714382	98.6884
jamaica	1	714383	98.6886
james-escopie	1	714384	98.6887
jamiroquai	1	714385	98.6889
jammie	1	714386	98.689
jammm	1	714387	98.6891
janbert	1	714388	98.6893
janet	1	714389	98.6894
janjaap	1	714390	98.6896
jank	1	714391	98.6897
janna	1	714392	98.6898
janneke	1	714393	98.69
janpieter	1	714394	98.6901
janske	1	714395	98.6902
japan	1	714396	98.6904
japanner	1	714397	98.6905
japin	1	714398	98.6907
jarenlang	1	714399	98.6908
jartellerie	1	714400	98.6909
jas-das	1	714401	98.6911
jau	1	714402	98.6912
javastraat	1	714403	98.6914
javel	1	714404	98.6915
jaz	1	714405	98.6916
jazai	1	714406	98.6918
jazz-fan	1	714407	98.6919
jazzen	1	714408	98.692
jazzfestival	1	714409	98.6922
jazzu	1	714410	98.6923
jazzy	1	714411	98.6925
je.zou	1	714412	98.6926
jeZus	1	714413	98.6927
jeager	1	714414	98.6929
jean-pierre	1	714415	98.693
jeanders	1	714416	98.6931
jeansmaat	1	714417	98.6933
jed	1	714418	98.6934
jedan	1	714419	98.6936
jede	1	714420	98.6937
jef	1	714421	98.6938
jekke	1	714422	98.694
jekkers	1	714423	98.6941
jelle	1	714424	98.6943
jemig	1	714425	98.6944
jen	1	714426	98.6945
jeneverfeesten	1	714427	98.6947
jenevers	1	714428	98.6948
jeniets	1	714429	98.6949
jennifer	1	714430	98.6951
jeno	1	714431	98.6952
jens	1	714432	98.6954
jenske	1	714433	98.6955
jeps	1	714434	98.6956
jernbanetorget	1	714435	98.6958
jeroennappen	1	714436	98.6959
jeroenvdvelden@home.nl	1	714437	98.696
jessica	1	714438	98.6962
jessie	1	714439	98.6963
jessy	1	714440	98.6965
jesus	1	714441	98.6966
jet-lag	1	714442	98.6967
jetchef	1	714443	98.6969
jetlagdag	1	714444	98.697
jetlaghoofd	1	714445	98.6972
jetta	1	714446	98.6973
jeudi	1	714447	98.6974
jeugdherinneringen	1	714448	98.6976
jeugdhuis	1	714449	98.6977
jeugdjournaal	1	714450	98.6978
jeugdrechtbank	1	714451	98.698
jeugdtoernooi	1	714452	98.6981
jeugdwedstrijden	1	714453	98.6983
jeuk	1	714454	98.6984
jeuken	1	714455	98.6985
jeukt	1	714456	98.6987
jeweils	1	714457	98.6988
jews	1	714458	98.6989
jiet	1	714459	98.6991
jihaaa	1	714460	98.6992
jill	1	714461	98.6994
jinbbq	1	714462	98.6995
jippieee	1	714463	98.6996
jist	1	714464	98.6998
jjip	1	714465	98.6999
jlan	1	714466	98.7001
jmoet	1	714467	98.7002
joa	1	714468	98.7003
joachim	1	714469	98.7005
jobcafe	1	714470	98.7006
jobomschr	1	714471	98.7007
jobs	1	714472	98.7009
jobverslag	1	714473	98.701
joc	1	714474	98.7012
jochei	1	714475	98.7013
jochem	1	714476	98.7014
jochen	1	714477	98.7016
jodel	1	714478	98.7017
joden	1	714479	98.7018
joeee	1	714480	98.702
joegne	1	714481	98.7021
joehoew	1	714482	98.7023
jofel	1	714483	98.7024
joindre	1	714484	98.7025
joineer	1	714485	98.7027
jointje	1	714486	98.7028
jokes	1	714487	98.703
joking	1	714488	98.7031
jolanda	1	714489	98.7032
jolien	1	714490	98.7034
jolly	1	714491	98.7035
jona	1	714492	98.7036
jonathan	1	714493	98.7038
jongeheer	1	714494	98.7039
jongensnaam	1	714495	98.7041
jonger	1	714496	98.7042
jongetjes	1	714497	98.7043
jonggivers	1	714498	98.7045
jongleerde	1	714499	98.7046
jongleren	1	714500	98.7048
jongske	1	714501	98.7049
jonkheer	1	714502	98.705
jonko	1	714503	98.7052
jonny	1	714504	98.7053
joomla	1	714505	98.7054
joos	1	714506	98.7056
joow	1	714507	98.7057
joppe	1	714508	98.7059
joppie	1	714509	98.706
jordietje	1	714510	98.7061
jorieke	1	714511	98.7063
jose	1	714512	98.7064
jot	1	714513	98.7065
jouer	1	714514	98.7067
joueux	1	714515	98.7068
jour	1	714516	98.707
journaal	1	714517	98.7071
jous	1	714518	98.7072
jow	1	714519	98.7074
joyjoy	1	714520	98.7075
joyriden	1	714521	98.7077
jpfw	1	714522	98.7078
jpu	1	714523	98.7079
jr.	1	714524	98.7081
jsem	1	714525	98.7082
jsk-raad	1	714526	98.7083
jskeelt	1	714527	98.7085
jubileumboek	1	714528	98.7086
jubileumcadeau	1	714529	98.7088
jubileumfeestje	1	714530	98.7089
judas	1	714531	98.709
jugador	1	714532	98.7092
juhasz	1	714533	98.7093
juijn	1	714534	98.7094
juke	1	714535	98.7096
jukte	1	714536	98.7097
juliana	1	714537	98.7099
julle	1	714538	98.71
julli	1	714539	98.7101
jummy	1	714540	98.7103
jumped	1	714541	98.7104
jun	1	714542	98.7106
junder	1	714543	98.7107
june	1	714544	98.7108
juniorendag	1	714545	98.711
juniors	1	714546	98.7111
junkie	1	714547	98.7112
junne	1	714548	98.7114
jup	1	714549	98.7115
jupilerbar	1	714550	98.7117
jupilerlimonade	1	714551	98.7118
jura	1	714552	98.7119
jurken	1	714553	98.7121
jusquà	1	714554	98.7122
justekes	1	714555	98.7123
justin	1	714556	98.7125
justine	1	714557	98.7126
jute	1	714558	98.7128
jutenzak	1	714559	98.7129
juuup	1	714560	98.713
juweliers	1	714561	98.7132
jv	1	714562	98.7133
jw	1	714563	98.7135
jägermeistertje	1	714564	98.7136
k-gevoel	1	714565	98.7137
k-weg	1	714566	98.7139
kBen	1	714567	98.714
kI	1	714568	98.7141
kLees	1	714569	98.7143
kLender	1	714570	98.7144
kaag	1	714571	98.7146
kaaksjirurg	1	714572	98.7147
kaalheid	1	714573	98.7148
kaalscheren	1	714574	98.715
kaardje	1	714575	98.7151
kaartautomaten	1	714576	98.7152
kaartjeshulp	1	714577	98.7154
kaartmaatje	1	714578	98.7155
kaartn	1	714579	98.7157
kaartnummer	1	714580	98.7158
kaartspel	1	714581	98.7159
kaartverkoop	1	714582	98.7161
kaartvriendinnetje	1	714583	98.7162
kaasfondue	1	714584	98.7164
kaaskroketten	1	714585	98.7165
kaasplanken	1	714586	98.7166
kaasschaaf	1	714587	98.7168
kabaal	1	714588	98.7169
kabelbomen	1	714589	98.717
kabeltje	1	714590	98.7172
kabeltjes	1	714591	98.7173
kabouterbos	1	714592	98.7175
kabouterdorp	1	714593	98.7176
kabouteridee	1	714594	98.7177
kabouters	1	714595	98.7179
kachel	1	714596	98.718
kacheltje	1	714597	98.7182
kad	1	714598	98.7183
kadaster	1	714599	98.7184
kadasterdingen	1	714600	98.7186
kaderweekend	1	714601	98.7187
kadojacht	1	714602	98.7188
kadokaarten	1	714603	98.719
kaduuk	1	714604	98.7191
kaffe	1	714605	98.7193
kaileuk	1	714606	98.7194
kakatreinen	1	714607	98.7195
kaketoe	1	714608	98.7197
kakje	1	714609	98.7198
kakkemieke	1	714610	98.7199
kakker	1	714611	98.7201
kakkerdekak	1	714612	98.7202
kakkerlak	1	714613	98.7204
kaksysteem	1	714614	98.7205
kaktraining	1	714615	98.7206
kakzakskes	1	714616	98.7208
kakzooi	1	714617	98.7209
kalfje	1	714618	98.7211
kalibratieprobleempjes	1	714619	98.7212
kalkoensalami	1	714620	98.7213
kalme	1	714621	98.7215
kalmeren-en	1	714622	98.7216
kalvers	1	714623	98.7217
kamasutra	1	714624	98.7219
kamelen	1	714625	98.722
kameraden	1	714626	98.7222
kamernet	1	714627	98.7223
kamernummer	1	714628	98.7224
kammen	1	714629	98.7226
kampboekske	1	714630	98.7227
kampeertafel	1	714631	98.7228
kampertjes	1	714632	98.723
kamphuberke	1	714633	98.7231
kampioenschap	1	714634	98.7233
kampkrant	1	714635	98.7234
kampkrant-gerelateerd	1	714636	98.7235
kampkrantjes	1	714637	98.7237
kampleider	1	714638	98.7238
kampleiding	1	714639	98.724
kampmakkers	1	714640	98.7241
kamppraat	1	714641	98.7242
kampraad	1	714642	98.7244
kampvuurtje	1	714643	98.7245
kan't	1	714644	98.7246
kan.gr	1	714645	98.7248
kan.jij	1	714646	98.7249
kan.we	1	714647	98.7251
kanaalbodega	1	714648	98.7252
kanaiya	1	714649	98.7253
kandaat	1	714650	98.7255
kaneel	1	714651	98.7256
kangaroo	1	714652	98.7257
kanj	1	714653	98.7259
kanje	1	714654	98.726
kanjer	1	714655	98.7262
kanjers	1	714656	98.7263
kanker	1	714657	98.7264
kano's	1	714658	98.7266
kano-weer	1	714659	98.7267
kanoen	1	714660	98.7269
kanogeld	1	714661	98.727
kanotochtje	1	714662	98.7271
kanovaren	1	714663	98.7273
kanoën	1	714664	98.7274
kanst	1	714665	98.7275
kant-en-klare	1	714666	98.7277
kantklosclub	1	714667	98.7278
kanton	1	714668	98.728
kantoorlijn	1	714669	98.7281
kantoorslaaf	1	714670	98.7282
kantoorweer	1	714671	98.7284
kanu	1	714672	98.7285
kap	1	714673	98.7286
kapelherhaling	1	714674	98.7288
kapen	1	714675	98.7289
kapitein	1	714676	98.7291
kapoen	1	714677	98.7292
kapoentjes	1	714678	98.7293
kapotgemaakt	1	714679	98.7295
kapotgeregend	1	714680	98.7296
kapotslaan	1	714681	98.7298
kappers	1	714682	98.7299
kapsalons	1	714683	98.73
kapster	1	714684	98.7302
kapvergunning	1	714685	98.7303
kapòt	1	714686	98.7304
karaokefeest	1	714687	98.7306
karbonaatjes	1	714688	98.7307
kardinaal	1	714689	98.7309
kariboeke	1	714690	98.731
karige	1	714691	98.7311
karikatuur	1	714692	98.7313
karl	1	714693	98.7314
karlienemien	1	714694	98.7316
karlienemientje	1	714695	98.7317
karlienheid	1	714696	98.7318
karlienliefde	1	714697	98.732
karlientijd	1	714698	98.7321
karlientjes	1	714699	98.7322
karmeliet	1	714700	98.7324
karnietoerek	1	714701	98.7325
karpendonkse	1	714702	98.7327
karper	1	714703	98.7328
kartoffelsalat	1	714704	98.7329
kaske	1	714705	98.7331
kasken	1	714706	98.7332
kastanjes	1	714707	98.7333
kasteelbier	1	714708	98.7335
kasteelstraat	1	714709	98.7336
kastjes	1	714710	98.7338
kastplint	1	714711	98.7339
kaszinsky	1	714712	98.734
katalysator	1	714713	98.7342
kateren	1	714714	98.7343
katerontbijt	1	714715	98.7345
katers	1	714716	98.7346
kathedraal	1	714717	98.7347
kathelijne	1	714718	98.7349
kathmandu	1	714719	98.735
katrijn	1	714720	98.7351
kattelam	1	714721	98.7353
kattenbak	1	714722	98.7354
kattenbakken	1	714723	98.7356
kattenhumor	1	714724	98.7357
kattenpis	1	714725	98.7358
kattenvoer	1	714726	98.736
kattenzaken	1	714727	98.7361
kattenziekte	1	714728	98.7362
kattespoelstr	1	714729	98.7364
katznkut	1	714730	98.7365
kauwgombal	1	714731	98.7367
kazakding	1	714732	98.7368
kazerne	1	714733	98.7369
kazoo	1	714734	98.7371
kbck	1	714735	98.7372
kbcpresentatie	1	714736	98.7374
kbekyk	1	714737	98.7375
kbelde	1	714738	98.7376
kblijf	1	714739	98.7378
kdachtekik	1	714740	98.7379
kdeed	1	714741	98.738
kdyz	1	714742	98.7382
kebab	1	714743	98.7383
kebap	1	714744	98.7385
kedeng-kedeng	1	714745	98.7386
keeltabletten	1	714746	98.7387
keeper	1	714747	98.7389
keessaus	1	714748	98.739
keffers	1	714749	98.7391
kegelen	1	714750	98.7393
kegelvormige	1	714751	98.7394
kei-rustig	1	714752	98.7396
kei-verdrietig	1	714753	98.7397
keiduur	1	714754	98.7398
keifijn	1	714755	98.74
keigezellig	1	714756	98.7401
keiglad	1	714757	98.7403
keigoe	1	714758	98.7404
keiharde	1	714759	98.7405
keijong	1	714760	98.7407
keileuk	1	714761	98.7408
keiluid	1	714762	98.7409
keimoe	1	714763	98.7411
keimooi	1	714764	98.7412
keinen	1	714765	98.7414
keivaak	1	714766	98.7415
keiver	1	714767	98.7416
keivol	1	714768	98.7418
keizer	1	714769	98.7419
keizersnede	1	714770	98.742
keizwaar	1	714771	98.7422
kekbestuur	1	714772	98.7423
keken	1	714773	98.7425
keldergezocht	1	714774	98.7426
keldertrap	1	714775	98.7427
kelly	1	714776	98.7429
kenk	1	714777	98.743
kennedy	1	714778	98.7432
kenneke	1	714779	98.7433
kenner	1	714780	98.7434
kennet	1	714781	98.7436
kenneth	1	714782	98.7437
kennisbank	1	714783	98.7438
kennismakingskring	1	714784	98.744
kenny	1	714785	98.7441
kensington	1	714786	98.7443
kenter	1	714787	98.7444
kep	1	714788	98.7445
kept	1	714789	98.7447
keramieken	1	714790	98.7448
kerk+lunch	1	714791	98.745
kerkdinges	1	714792	98.7451
kerkelijk	1	714793	98.7452
kerkhof	1	714794	98.7454
kerkplein	1	714795	98.7455
kerktoren	1	714796	98.7456
kerlinneke	1	714797	98.7458
kermesse	1	714798	98.7459
kernhem	1	714799	98.7461
kerol	1	714800	98.7462
kerst-extravaganza	1	714801	98.7463
kerstavond	1	714802	98.7465
kerstbal	1	714803	98.7466
kerstdagen	1	714804	98.7467
kerstdiner	1	714805	98.7469
kerstdinermailtje	1	714806	98.747
kerstinkopen	1	714807	98.7472
kerstkaartsudoku	1	714808	98.7473
kerstkado	1	714809	98.7474
kerstkransjes	1	714810	98.7476
kerstman	1	714811	98.7477
kerstmarktje	1	714812	98.7479
kerstomaatjes	1	714813	98.748
kerstvakantieplannen	1	714814	98.7481
kerstweek	1	714815	98.7483
kerstwonder	1	714816	98.7484
kessels	1	714817	98.7485
ketchup	1	714818	98.7487
ketel	1	714819	98.7488
ketjap	1	714820	98.749
ketrien	1	714821	98.7491
kettingen	1	714822	98.7492
kettingske	1	714823	98.7494
keukenboer	1	714824	98.7495
keukendeur	1	714825	98.7496
keukendingen	1	714826	98.7498
keukenhanddoek	1	714827	98.7499
keukenhanddoeken	1	714828	98.7501
keukenla	1	714829	98.7502
keukenmeidenroman	1	714830	98.7503
keukenprincesje	1	714831	98.7505
keukenreiniger	1	714832	98.7506
keukentent	1	714833	98.7508
keukentje	1	714834	98.7509
keuns	1	714835	98.751
keuntjes	1	714836	98.7512
keuring	1	714837	98.7513
kever	1	714838	98.7514
kevertjes	1	714839	98.7516
keynote	1	714840	98.7517
keys	1	714841	98.7519
kg.	1	714842	98.752
kgad	1	714843	98.7521
kgaj	1	714844	98.7523
kgeraak	1	714845	98.7524
kh	1	714846	98.7525
khaddet	1	714847	98.7527
khb	1	714848	98.7528
kheb'n	1	714849	98.753
khebbet	1	714850	98.7531
khebt	1	714851	98.7532
khem	1	714852	98.7534
khleuven	1	714853	98.7535
khleuveninformatici	1	714854	98.7537
khmer	1	714855	98.7538
khou	1	714856	98.7539
kibbelen	1	714857	98.7541
kichi	1	714858	98.7542
kick-off	1	714859	98.7543
kicken	1	714860	98.7545
kicker	1	714861	98.7546
kickeren	1	714862	98.7548
kickoff	1	714863	98.7549
kidding	1	714864	98.755
kidneys	1	714865	98.7552
kidoki	1	714866	98.7553
kieken	1	714867	98.7554
kiekenfestijn	1	714868	98.7556
kiekie	1	714869	98.7557
kieperen	1	714870	98.7559
kiept	1	714871	98.756
kiertje	1	714872	98.7561
kiescantus	1	714873	98.7563
kiet	1	714874	98.7564
kietelen	1	714875	98.7566
kij	1	714876	98.7567
kijkavonden	1	714877	98.7568
kijkcijfers	1	714878	98.757
kijkdn	1	714879	98.7571
kijkduin	1	714880	98.7572
kijkenXD	1	714881	98.7574
kijkers	1	714882	98.7575
kijkoperatie	1	714883	98.7577
kijkplezier	1	714884	98.7578
kikker	1	714885	98.7579
kikkerlandje	1	714886	98.7581
kikkers	1	714887	98.7582
kikkertje	1	714888	98.7584
kilometer	1	714889	98.7585
kilometers	1	714890	98.7586
kilowatt	1	714891	98.7588
kilten	1	714892	98.7589
kimen	1	714893	98.759
kimende	1	714894	98.7592
kimmetje	1	714895	98.7593
kimmieh	1	714896	98.7595
kinderachtig	1	714897	98.7596
kinderafdeling	1	714898	98.7597
kinderfilms	1	714899	98.7599
kindergeld	1	714900	98.76
kinderwens	1	714901	98.7601
kindja	1	714902	98.7603
kindloos	1	714903	98.7604
kinds	1	714904	98.7606
kinect	1	714905	98.7607
kinesitherapie	1	714906	98.7608
kingdom	1	714907	98.761
kings	1	714908	98.7611
kino	1	714909	98.7613
kipdingen	1	714910	98.7614
kipfilet	1	714911	98.7615
kipfilets	1	714912	98.7617
kipkruiden	1	714913	98.7618
kippekruiden	1	714914	98.7619
kippenbouillon	1	714915	98.7621
kippenkraam	1	714916	98.7622
kippensoep	1	714917	98.7624
kippenvel	1	714918	98.7625
kippestoofpotje	1	714919	98.7626
kippetje	1	714920	98.7628
kipsates	1	714921	98.7629
kipschnitzel	1	714922	98.763
kir	1	714923	98.7632
kirstenschonbeck	1	714924	98.7633
kiss+ride	1	714925	98.7635
kissing	1	714926	98.7636
kissss	1	714927	98.7637
kist	1	714928	98.7639
kit	1	714929	98.764
kitchen	1	714930	98.7642
kitscherige	1	714931	98.7643
kitty	1	714932	98.7644
kiwi	1	714933	98.7646
kkaar	1	714934	98.7647
kkan	1	714935	98.7648
klaaar	1	714936	98.765
klaarblijkelijk	1	714937	98.7651
klaargelegd	1	714938	98.7653
klaarhebben	1	714939	98.7654
klaarhouden	1	714940	98.7655
klaarkomen	1	714941	98.7657
klaarliggen	1	714942	98.7658
klaarstond	1	714943	98.7659
kladden	1	714944	98.7661
klakske	1	714945	98.7662
klank	1	714946	98.7664
klantenkaart	1	714947	98.7665
klantnummer	1	714948	98.7666
klapband	1	714949	98.7668
klapjes	1	714950	98.7669
klapke	1	714951	98.7671
klaplong	1	714952	98.7672
klappers	1	714953	98.7673
klapstoelen	1	714954	98.7675
klapstoeltje	1	714955	98.7676
klapzoenen	1	714956	98.7677
klare	1	714957	98.7679
klarenbeek	1	714958	98.768
klasjes	1	714959	98.7682
klassenavond	1	714960	98.7683
klassenfoto's	1	714961	98.7684
klasseren	1	714962	98.7686
kledingkast	1	714963	98.7687
kledingmaten	1	714964	98.7688
kledingstukken	1	714965	98.769
kleedt	1	714966	98.7691
kleerhanger	1	714967	98.7693
kleerkast	1	714968	98.7694
kleermakerzit	1	714969	98.7695
kleerschreuren	1	714970	98.7697
kleffe	1	714971	98.7698
kleinde	1	714972	98.77
kleinen	1	714973	98.7701
kleinschalig	1	714974	98.7702
kleinste	1	714975	98.7704
klets	1	714976	98.7705
klettert	1	714977	98.7706
kleurige	1	714978	98.7708
kleurloos	1	714979	98.7709
kleurstof	1	714980	98.7711
kleuterleidster	1	714981	98.7712
kleven	1	714982	98.7713
klezmer	1	714983	98.7715
klig	1	714984	98.7716
klijnsma	1	714985	98.7718
klik	1	714986	98.7719
kliko	1	714987	98.772
klikte	1	714988	98.7722
klimaat	1	714989	98.7723
klimplezier	1	714990	98.7724
klinktet	1	714991	98.7726
klinktruc	1	714992	98.7727
klint	1	714993	98.7729
klintvej	1	714994	98.773
klmmen	1	714995	98.7731
klnkt	1	714996	98.7733
klokkijken	1	714997	98.7734
klokske	1	714998	98.7735
klokslag	1	714999	98.7737
klompen	1	715000	98.7738
klonken	1	715001	98.774
klontje	1	715002	98.7741
klooien	1	715003	98.7742
kloop	1	715004	98.7744
klooster	1	715005	98.7745
klootzak	1	715006	98.7747
klopke	1	715007	98.7748
klopte	1	715008	98.7749
klos	1	715009	98.7751
klotebouwvakkers	1	715010	98.7752
kluchtig	1	715011	98.7753
kluchtjes	1	715012	98.7755
kluis	1	715013	98.7756
kluisje	1	715014	98.7758
kluisjes	1	715015	98.7759
kluizenaar	1	715016	98.776
klusjesdag	1	715017	98.7762
klusjesman	1	715018	98.7763
klusmannen	1	715019	98.7764
klusser	1	715020	98.7766
klusvreugde	1	715021	98.7767
kluts	1	715022	98.7769
klutsding	1	715023	98.777
kmaak	1	715024	98.7771
kmis	1	715025	98.7773
kmoeste	1	715026	98.7774
kmpet	1	715027	98.7776
knaeps	1	715028	98.7777
knakkers	1	715029	98.7778
knalfeesten	1	715030	98.778
knalklaar	1	715031	98.7781
knapenleider	1	715032	98.7782
knapste	1	715033	98.7784
knapte	1	715034	98.7785
knarsetanden	1	715035	98.7787
kneem	1	715036	98.7788
kneiterbrak	1	715037	98.7789
kneiterhits	1	715038	98.7791
knel	1	715039	98.7792
knelt	1	715040	98.7793
knettergaar	1	715041	98.7795
knettergek	1	715042	98.7796
knettergekke	1	715043	98.7798
knetterhard	1	715044	98.7799
knettert	1	715045	98.78
kneus	1	715046	98.7802
kneusjes	1	715047	98.7803
kneutebeulen	1	715048	98.7805
kneuten	1	715049	98.7806
knijpen	1	715050	98.7807
knikje	1	715051	98.7809
knikken	1	715052	98.781
knipperen	1	715053	98.7811
knmi-kaartje	1	715054	98.7813
knoalster	1	715055	98.7814
knoflook	1	715056	98.7816
knolleke	1	715057	98.7817
knolselder-wortel	1	715058	98.7818
knoop	1	715059	98.782
knoopcel	1	715060	98.7821
knoopje	1	715061	98.7822
knoopkes	1	715062	98.7824
knopfler	1	715063	98.7825
knoppen	1	715064	98.7827
knorpotten	1	715065	98.7828
knorrende	1	715066	98.7829
knowing	1	715067	98.7831
knudde	1	715068	98.7832
knuff	1	715069	98.7834
knuffeeeeeeel	1	715070	98.7835
knuffelbeer	1	715071	98.7836
knuffelennnn	1	715072	98.7838
knuffelkus	1	715073	98.7839
knuffelkusje	1	715074	98.784
knuffies	1	715075	98.7842
knuffl	1	715076	98.7843
knufltjs	1	715077	98.7845
knullevriend	1	715078	98.7846
knullevrind	1	715079	98.7847
knuss	1	715080	98.7849
knussert	1	715081	98.785
knussiessss	1	715082	98.7852
knuteselweekends	1	715083	98.7853
knutselmateriaal	1	715084	98.7854
ko	1	715085	98.7856
kochten	1	715086	98.7857
kodakmoment	1	715087	98.7858
koe	1	715088	98.786
koediekoedie	1	715089	98.7861
koeienletters	1	715090	98.7863
koeienmaag	1	715091	98.7864
koeienmest	1	715092	98.7865
koekenbakker	1	715093	98.7867
koekenpanneke	1	715094	98.7868
koekske	1	715095	98.7869
koekwaus	1	715096	98.7871
koelast	1	715097	98.7872
koelbox	1	715098	98.7874
koelen	1	715099	98.7875
koelende	1	715100	98.7876
koeler	1	715101	98.7878
koelventilator	1	715102	98.7879
koenies	1	715103	98.7881
koenmagic	1	715104	98.7882
koens	1	715105	98.7883
koepeloverleg	1	715106	98.7885
koerke	1	715107	98.7886
koersen	1	715108	98.7887
koessies	1	715109	98.7889
kof	1	715110	98.789
koffie-date	1	715111	98.7892
koffie-noodgeval	1	715112	98.7893
koffieautomaat	1	715113	98.7894
koffiedrinken	1	715114	98.7896
koffiehoek	1	715115	98.7897
koffiekamer	1	715116	98.7898
koffiekoeken	1	715117	98.79
koffiemachine	1	715118	98.7901
koffies	1	715119	98.7903
koffietent	1	715120	98.7904
kogelvrye	1	715121	98.7905
kokej	1	715122	98.7907
koken+	1	715123	98.7908
kolen	1	715124	98.791
kolere	1	715125	98.7911
kolft	1	715126	98.7912
kolleezje	1	715127	98.7914
komaan	1	715128	98.7915
komaf	1	715129	98.7916
komdd	1	715130	98.7918
komedie	1	715131	98.7919
komeet	1	715132	98.7921
koment	1	715133	98.7922
komieke	1	715134	98.7923
komj	1	715135	98.7925
komju	1	715136	98.7926
komkommers	1	715137	98.7927
komkommertijd	1	715138	98.7929
komme	1	715139	98.793
kompas-versies	1	715140	98.7932
kondigen	1	715141	98.7933
konijnen	1	715142	98.7934
konijnenren	1	715143	98.7936
konijnenvoer	1	715144	98.7937
koningin	1	715145	98.7939
koninginnedag	1	715146	98.794
koninginnedagfestival	1	715147	98.7941
koninginnendag	1	715148	98.7943
koninklijke	1	715149	98.7944
konyntjes	1	715150	98.7945
koog	1	715151	98.7947
kooijman@denhaagcentraal.net	1	715152	98.7948
kooitje	1	715153	98.795
kookwinkel	1	715154	98.7951
koopa	1	715155	98.7952
koopavnd	1	715156	98.7954
koopovereenkomst	1	715157	98.7955
koopzondagen	1	715158	98.7957
koornlei	1	715159	98.7958
koortjes	1	715160	98.7959
koortsachtig	1	715161	98.7961
koortsgevoel	1	715162	98.7962
kooten	1	715163	98.7963
kopenhagen-plezier	1	715164	98.7965
koperwaren	1	715165	98.7966
kopiedienst	1	715166	98.7968
kopieer	1	715167	98.7969
kopieercode	1	715168	98.797
kopieermachines	1	715169	98.7972
kopieke	1	715170	98.7973
kopieren	1	715171	98.7974
kopies	1	715172	98.7976
kopieën	1	715173	98.7977
koplamp	1	715174	98.7979
koplampen	1	715175	98.798
koppelafl	1	715176	98.7981
koppelen	1	715177	98.7983
koppeling	1	715178	98.7984
koppeltje	1	715179	98.7986
koppie	1	715180	98.7987
kore	1	715181	98.7988
korrels	1	715182	98.799
korstje	1	715183	98.7991
kortaf	1	715184	98.7992
kortingknaller	1	715185	98.7994
kostelijk	1	715186	98.7995
kostuums	1	715187	98.7997
kostuumvest	1	715188	98.7998
kots	1	715189	98.7999
kotsbeu	1	715190	98.8001
kotsend	1	715191	98.8002
kotsende	1	715192	98.8003
kouddd	1	715193	98.8005
koudje	1	715194	98.8006
koudzetten	1	715195	98.8008
kousjes	1	715196	98.8009
kout	1	715197	98.801
kouter	1	715198	98.8012
kowlier	1	715199	98.8013
kozen	1	715200	98.8015
kpak	1	715201	98.8016
kpeiz	1	715202	98.8017
kpijs	1	715203	98.8019
kqn	1	715204	98.802
kraakte	1	715205	98.8021
kraaltjes	1	715206	98.8023
kraampjes	1	715207	98.8024
krabbelen	1	715208	98.8026
krablaagje	1	715209	98.8027
krabsalade	1	715210	98.8028
krachtbalkindjes	1	715211	98.803
krachtig	1	715212	98.8031
krachtige	1	715213	98.8032
krachttraining	1	715214	98.8034
krakau	1	715215	98.8035
kraker	1	715216	98.8037
kralen	1	715217	98.8038
kramp	1	715218	98.8039
krantenkoppen	1	715219	98.8041
krappe	1	715220	98.8042
krater	1	715221	98.8044
kratten	1	715222	98.8045
krazy	1	715223	98.8046
kreet	1	715224	98.8048
kreezie	1	715225	98.8049
kreng	1	715226	98.805
krenten	1	715227	98.8052
krentenwebsite	1	715228	98.8053
kreuken	1	715229	98.8055
kreuntjes	1	715230	98.8056
kreupelen	1	715231	98.8057
kriebel	1	715232	98.8059
kriebelde	1	715233	98.806
kriebelen	1	715234	98.8061
kriebelende	1	715235	98.8063
kriebels	1	715236	98.8064
kriebeltjes	1	715237	98.8066
kriekel	1	715238	98.8067
krieltjes	1	715239	98.8068
krigt	1	715240	98.807
krijgde	1	715241	98.8071
krijgn	1	715242	98.8073
krijgslaan	1	715243	98.8074
krijsen	1	715244	98.8075
kringels	1	715245	98.8077
kringgenootjes	1	715246	98.8078
kringgenoten	1	715247	98.8079
kringhalfjaar	1	715248	98.8081
kringlid	1	715249	98.8082
kringloop	1	715250	98.8084
kringwinkel	1	715251	98.8085
kriske	1	715252	98.8086
kristal	1	715253	98.8088
kristin	1	715254	98.8089
kritische	1	715255	98.8091
kroatie	1	715256	98.8092
kroatië	1	715257	98.8093
kroegenspeurtocht	1	715258	98.8095
kroketten	1	715259	98.8096
krokmeneer	1	715260	98.8097
krokodill	1	715261	98.8099
krols	1	715262	98.81
krolse	1	715263	98.8102
krom	1	715264	98.8103
kronenburg	1	715265	98.8104
kronkelchips	1	715266	98.8106
kroost	1	715267	98.8107
krop	1	715268	98.8108
krot	1	715269	98.811
kruidenbitter	1	715270	98.8111
kruidenboter	1	715271	98.8113
kruidenplantjes	1	715272	98.8114
kruidtuin	1	715273	98.8115
kruik	1	715274	98.8117
kruikje	1	715275	98.8118
kruimeldief	1	715276	98.812
kruimels	1	715277	98.8121
kruipe	1	715278	98.8122
kruisinglll	1	715279	98.8124
kruitdampen	1	715280	98.8125
krukken	1	715281	98.8126
krullie	1	715282	98.8128
krulstaartje	1	715283	98.8129
krygen	1	715284	98.8131
ksie	1	715285	98.8132
ksit	1	715286	98.8133
ksnap	1	715287	98.8135
kspring	1	715288	98.8136
kstanu	1	715289	98.8137
kstap	1	715290	98.8139
kstel	1	715291	98.814
kt	1	715292	98.8142
kuS	1	715293	98.8143
kua	1	715294	98.8144
kubb	1	715295	98.8146
kubtuin	1	715296	98.8147
kuch	1	715297	98.8149
kuifje	1	715298	98.815
kuikentjes	1	715299	98.8151
kuil	1	715300	98.8153
kuilen	1	715301	98.8154
kuitmassage	1	715302	98.8155
kuleuvenmail	1	715303	98.8157
kum	1	715304	98.8158
kumari	1	715305	98.816
kummedie	1	715306	98.8161
kundige	1	715307	98.8162
kunmen	1	715308	98.8164
kunnendoen	1	715309	98.8165
kunstacademie	1	715310	98.8166
kunstcollectie	1	715311	98.8168
kunstenaar	1	715312	98.8169
kunstkritiek	1	715313	98.8171
kunstmatig	1	715314	98.8172
kunstmuseum	1	715315	98.8173
kunstnacht	1	715316	98.8175
kunstpad	1	715317	98.8176
kunstposter	1	715318	98.8178
kunstproject	1	715319	98.8179
kunstsuperette	1	715320	98.818
kuntje	1	715321	98.8182
kurk	1	715322	98.8183
kurt	1	715323	98.8184
kurz	1	715324	98.8186
kus+	1	715325	98.8187
kusadasi	1	715326	98.8189
kusch	1	715327	98.819
kusjee	1	715328	98.8191
kusjekus	1	715329	98.8193
kusjeshartje	1	715330	98.8194
kusjeskusjes	1	715331	98.8195
kuskantje	1	715332	98.8197
kusknuffel	1	715333	98.8198
kuskus	1	715334	98.82
kussies	1	715335	98.8201
kussssss	1	715336	98.8202
kutbedrijf	1	715337	98.8204
kutbereik	1	715338	98.8205
kutbeslissing	1	715339	98.8207
kutbieb	1	715340	98.8208
kutconducteur	1	715341	98.8209
kutdruk	1	715342	98.8211
kutfeut	1	715343	98.8212
kutfinish	1	715344	98.8213
kuthoer	1	715345	98.8215
kutplek	1	715346	98.8216
kutpunten	1	715347	98.8218
kutregen	1	715348	98.8219
kuttool	1	715349	98.822
kutvak	1	715350	98.8222
kutveolia	1	715351	98.8223
kutverhaal	1	715352	98.8225
kutweek	1	715353	98.8226
kutwerk	1	715354	98.8227
kutzooi	1	715355	98.8229
kuuroord	1	715356	98.823
kv	1	715357	98.8231
kverzin	1	715358	98.8233
kvin	1	715359	98.8234
kvio	1	715360	98.8236
kvk	1	715361	98.8237
kvon	1	715362	98.8238
kvraag	1	715363	98.824
kvreesde	1	715364	98.8241
kwacht	1	715365	98.8242
kwak	1	715366	98.8244
kwakkelen	1	715367	98.8245
kwark	1	715368	98.8247
kwarteeuw	1	715369	98.8248
kwartet	1	715370	98.8249
kwartfinale	1	715371	98.8251
kwartje	1	715372	98.8252
kwartslag	1	715373	98.8254
kwartuur	1	715374	98.8255
kwasvergetn	1	715375	98.8256
kweelwerk	1	715376	98.8258
kweenieoe	1	715377	98.8259
kweenieoever	1	715378	98.826
kweetniehoeveel	1	715379	98.8262
kweetnognie	1	715380	98.8263
kwens	1	715381	98.8265
kwetsen	1	715382	98.8266
kwetst	1	715383	98.8267
kwijtraken	1	715384	98.8269
kwilln	1	715385	98.827
kwintensberg	1	715386	98.8271
kwizzen	1	715387	98.8273
kword	1	715388	98.8274
kwt	1	715389	98.8276
kwyt	1	715390	98.8277
kxs	1	715391	98.8278
kyle	1	715392	98.828
kynde	1	715393	98.8281
kzat	1	715394	98.8283
kzei	1	715395	98.8284
kzenia	1	715396	98.8285
kziet	1	715397	98.8287
kzin	1	715398	98.8288
kán	1	715399	98.8289
köln	1	715400	98.8291
köpings	1	715401	98.8292
l.	1	715402	98.8294
l.u.m.e.n	1	715403	98.8295
laaange	1	715404	98.8296
laaatewj	1	715405	98.8298
laad	1	715406	98.8299
laagbouw	1	715407	98.83
laagdrempelig	1	715408	98.8302
laaghangende	1	715409	98.8303
laagste	1	715410	98.8305
laaje	1	715411	98.8306
laangs	1	715412	98.8307
laar	1	715413	98.8309
laarzen	1	715414	98.831
laaste-loodjes-manager	1	715415	98.8312
laatavond	1	715416	98.8313
laatsste	1	715417	98.8314
laatstemoest	1	715418	98.8316
laatstgenoemde	1	715419	98.8317
labelers	1	715420	98.8318
labels	1	715421	98.832
laboratoriuminstructie	1	715422	98.8321
lache	1	715423	98.8323
lacheXD	1	715424	98.8324
lacheln	1	715425	98.8325
lachenXD	1	715426	98.8327
lachend	1	715427	98.8328
lachende	1	715428	98.8329
lachjes	1	715429	98.8331
lachte	1	715430	98.8332
lacoste	1	715431	98.8334
lactose	1	715432	98.8335
ladder	1	715433	98.8336
ladders	1	715434	98.8338
laderas	1	715435	98.8339
ladert	1	715436	98.8341
ladeuzeplein	1	715437	98.8342
ladiesnight	1	715438	98.8343
ladiesrun	1	715439	98.8345
laethitia	1	715440	98.8346
laf	1	715441	98.8347
lafjes	1	715442	98.8349
lageenergiewoning	1	715443	98.835
lagerfeld	1	715444	98.8352
lagering	1	715445	98.8353
lago	1	715446	98.8354
laguna	1	715447	98.8356
lakje	1	715448	98.8357
lala	1	715449	98.8359
lalaland	1	715450	98.836
lalitpur	1	715451	98.8361
lallende	1	715452	98.8363
lam	1	715453	98.8364
lama's	1	715454	98.8365
lamballen	1	715455	98.8367
lamborghini	1	715456	98.8368
laminaat	1	715457	98.837
lampe	1	715458	98.8371
lampenkap	1	715459	98.8372
lamsvlees	1	715460	98.8374
lan	1	715461	98.8375
lan-party	1	715462	98.8376
lanceren	1	715463	98.8378
lande	1	715464	98.8379
landed	1	715465	98.8381
landes	1	715466	98.8382
landing	1	715467	98.8383
landje	1	715468	98.8385
landoversteken	1	715469	98.8386
landschappen	1	715470	98.8388
landt	1	715471	98.8389
landz	1	715472	98.839
langdurig	1	715473	98.8392
langeboom	1	715474	98.8393
langestraat	1	715475	98.8394
langgg	1	715476	98.8396
langs.to	1	715477	98.8397
langsflisten	1	715478	98.8399
langsgaat	1	715479	98.84
langsgereden	1	715480	98.8401
langskunnen	1	715481	98.8403
langslaper	1	715482	98.8404
langsrijden	1	715483	98.8405
langsrijdt	1	715484	98.8407
langszaamste	1	715485	98.8408
langszamer	1	715486	98.841
langszamere	1	715487	98.8411
languages	1	715488	98.8412
languit	1	715489	98.8414
langzaamste	1	715490	98.8415
langzame	1	715491	98.8417
lanterns	1	715492	98.8418
lappen	1	715493	98.8419
lapt	1	715494	98.8421
laptops	1	715495	98.8422
lara's	1	715496	98.8423
laren	1	715497	98.8425
larger	1	715498	98.8426
larocca	1	715499	98.8428
lasagnes	1	715500	98.8429
laschuit	1	715501	98.843
laserjet	1	715502	98.8432
lasertaggen	1	715503	98.8433
lasgne	1	715504	98.8434
lassen	1	715505	98.8436
lassohooos	1	715506	98.8437
lastigs	1	715507	98.8439
lastste	1	715508	98.844
lat	1	715509	98.8441
lata	1	715510	98.8443
laterzaterdag	1	715511	98.8444
laterzzz	1	715512	98.8446
latest	1	715513	98.8447
latet	1	715514	98.8448
latijn	1	715515	98.845
latitiude	1	715516	98.8451
latitude	1	715517	98.8452
latje	1	715518	98.8454
latn	1	715519	98.8455
lator	1	715520	98.8457
latorz	1	715521	98.8458
laugh	1	715522	98.8459
laundry	1	715523	98.8461
launzers	1	715524	98.8462
laure	1	715525	98.8463
laureen	1	715526	98.8465
lauren	1	715527	98.8466
laurence	1	715528	98.8468
laurenceke	1	715529	98.8469
laurent	1	715530	98.847
lauw	1	715531	98.8472
laveloos	1	715532	98.8473
laweit	1	715533	98.8475
lax	1	715534	98.8476
laxeby	1	715535	98.8477
laxeermiddel	1	715536	98.8479
laxeerpasta	1	715537	98.848
laxeerspul	1	715538	98.8481
lay-out	1	715539	98.8483
layoutwensen	1	715540	98.8484
lbs	1	715541	98.8486
lead	1	715542	98.8487
leader	1	715543	98.8488
leaker	1	715544	98.849
learn	1	715545	98.8491
leather	1	715546	98.8493
leaves	1	715547	98.8494
leavink	1	715548	98.8495
lebbeke	1	715549	98.8497
lebbers	1	715550	98.8498
leche	1	715551	98.8499
lectorenkamer	1	715552	98.8501
lecture	1	715553	98.8502
ledebergse	1	715554	98.8504
ledematen	1	715555	98.8505
ledenlijsten	1	715556	98.8506
lederen	1	715557	98.8508
ledig	1	715558	98.8509
lee	1	715559	98.851
leefbaarheid	1	715560	98.8512
leefde	1	715561	98.8513
leefruimte	1	715562	98.8515
leeggehaald	1	715563	98.8516
leeggereden	1	715564	98.8517
leegmaken	1	715565	98.8519
leejdi	1	715566	98.852
leena	1	715567	98.8522
leenaers	1	715568	98.8523
leenauto	1	715569	98.8524
leenheer	1	715570	98.8526
leent	1	715571	98.8527
leerdag	1	715572	98.8528
leerkracht	1	715573	98.853
leerlinglijst	1	715574	98.8531
leermarathon	1	715575	98.8533
leerproject	1	715576	98.8534
leerrijke	1	715577	98.8535
leerstof	1	715578	98.8537
leesbare	1	715579	98.8538
leesbril	1	715580	98.8539
leesdipje	1	715581	98.8541
leesplezier	1	715582	98.8542
leessucces	1	715583	98.8544
leestekens	1	715584	98.8545
leeswerk	1	715585	98.8546
leeszaal	1	715586	98.8548
leeuwen	1	715587	98.8549
leeuwenvlag	1	715588	98.8551
lef	1	715589	98.8552
lefelt	1	715590	98.8553
lefevre	1	715591	98.8555
leffes	1	715592	98.8556
legal	1	715593	98.8557
legear	1	715594	98.8559
legendarisch	1	715595	98.856
legge	1	715596	98.8562
legging	1	715597	98.8563
leggings	1	715598	98.8564
legions	1	715599	98.8566
legkip	1	715600	98.8567
legoblokken	1	715601	98.8568
legolas	1	715602	98.857
legowinkel	1	715603	98.8571
legplanken	1	715604	98.8573
leiders	1	715605	98.8574
leidinggevende	1	715606	98.8575
leidse	1	715607	98.8577
leidseplein	1	715608	98.8578
leidster	1	715609	98.858
leidsters	1	715610	98.8581
leien	1	715611	98.8582
leipe	1	715612	98.8584
leisure	1	715613	98.8585
leken	1	715614	98.8586
lekka	1	715615	98.8588
lekken	1	715616	98.8589
lekkend	1	715617	98.8591
lekkerd	1	715618	98.8592
lekkerr	1	715619	98.8593
lekkerst	1	715620	98.8595
lekprikken	1	715621	98.8596
lekstok	1	715622	98.8597
lelies	1	715623	98.8599
lelijker	1	715624	98.86
lelijkheid	1	715625	98.8602
lelyk	1	715626	98.8603
lemme	1	715627	98.8604
lemmy	1	715628	98.8606
lemon	1	715629	98.8607
lempke	1	715630	98.8609
lena	1	715631	98.861
lener	1	715632	98.8611
lengte	1	715633	98.8613
lengtemaat	1	715634	98.8614
lenie	1	715635	98.8615
lennart	1	715636	98.8617
lenny	1	715637	98.8618
lentedag	1	715638	98.862
lenteweer	1	715639	98.8621
lenzen	1	715640	98.8622
lenzie	1	715641	98.8624
leonard	1	715642	98.8625
leonardo	1	715643	98.8627
leonoor	1	715644	98.8628
leontine	1	715645	98.8629
lepe	1	715646	98.8631
lepel	1	715647	98.8632
lepels	1	715648	98.8633
lepeltje	1	715649	98.8635
lernen	1	715650	98.8636
lesbian	1	715651	98.8638
lesbiennes	1	715652	98.8639
lesbo's	1	715653	98.864
lesjes	1	715654	98.8642
leslie	1	715655	98.8643
lesly's	1	715656	98.8644
lesuur	1	715657	98.8646
lesweek	1	715658	98.8647
letsel	1	715659	98.8649
letteren	1	715660	98.865
lettergrepen	1	715661	98.8651
letterman	1	715662	98.8653
letterteken	1	715663	98.8654
lettervan	1	715664	98.8656
letting	1	715665	98.8657
lettn	1	715666	98.8658
leugens	1	715667	98.866
leuje	1	715668	98.8661
leukdat	1	715669	98.8662
leukemie	1	715670	98.8664
leukerd	1	715671	98.8665
leukheid	1	715672	98.8667
leukst	1	715673	98.8668
leunen	1	715674	98.8669
leute	1	715675	98.8671
leuten	1	715676	98.8672
leutige	1	715677	98.8673
level	1	715678	98.8675
levend	1	715679	98.8676
levenden	1	715680	98.8678
levendige	1	715681	98.8679
levensbedreigend	1	715682	98.868
levensdoelen	1	715683	98.8682
levensjaar	1	715684	98.8683
levensmoe	1	715685	98.8685
levensverlengend	1	715686	98.8686
leverancier	1	715687	98.8687
leverbloedvaten	1	715688	98.8689
leverde	1	715689	98.869
levering	1	715690	98.8691
leveringen	1	715691	98.8693
levertijd	1	715692	98.8694
levi	1	715693	98.8696
levis	1	715694	98.8697
lezer	1	715695	98.8698
lezerke	1	715696	98.87
lezers	1	715697	98.8701
lgewoon	1	715698	98.8702
libraries	1	715699	98.8704
libre	1	715700	98.8705
licaties	1	715701	98.8707
lichamelijke	1	715702	98.8708
lichamelijkheid	1	715703	98.8709
lichtblauwe	1	715704	98.8711
lichtblond	1	715705	98.8712
lichtbruin	1	715706	98.8714
lichtelijk	1	715707	98.8715
lichtgeraakt	1	715708	98.8716
lichtgroen	1	715709	98.8718
lichtinval	1	715710	98.8719
lichtje	1	715711	98.872
lichtplan	1	715712	98.8722
lichtpuntje	1	715713	98.8723
lichts	1	715714	98.8725
lichttip	1	715715	98.8726
lidgeld	1	715716	98.8727
lidmaatschap	1	715717	98.8729
lidnr	1	715718	98.873
lieber	1	715719	98.8731
liedemeerspark	1	715720	98.8733
lieeeeeef	1	715721	98.8734
lieeeeef	1	715722	98.8736
liefdadigheidsdaad	1	715723	98.8737
liefdesbrieven	1	715724	98.8738
liefdesverdriet	1	715725	98.874
liefdesverklaring	1	715726	98.8741
liefdevolle	1	715727	98.8743
liefhebbende	1	715728	98.8744
liefhebber	1	715729	98.8745
liefkozen	1	715730	98.8747
liefz	1	715731	98.8748
liegen	1	715732	98.8749
liegt	1	715733	98.8751
liekeblom	1	715734	98.8752
liekes	1	715735	98.8754
liens	1	715736	98.8755
liepen	1	715737	98.8756
lierse-standard	1	715738	98.8758
lieten	1	715739	98.8759
lievd	1	715740	98.8761
lievelingsliefje	1	715741	98.8762
lieverdjes	1	715742	98.8763
lievere	1	715743	98.8765
lievke	1	715744	98.8766
liffys	1	715745	98.8767
liftmonteurs	1	715746	98.8769
liggenXD	1	715747	98.877
lighter	1	715748	98.8772
liift	1	715749	98.8773
liist	1	715750	98.8774
lijfsbehoud	1	715751	98.8776
lijmbeekstr	1	715752	98.8777
lijntaken	1	715753	98.8778
lijstjes	1	715754	98.878
lijstnummer	1	715755	98.8781
lijsttrekker	1	715756	98.8783
liken	1	715757	98.8784
likken	1	715758	98.8785
liladhar	1	715759	98.8787
liliane	1	715760	98.8788
limbo	1	715761	98.879
limburgse	1	715762	98.8791
limerick	1	715763	98.8792
limits	1	715764	98.8794
limonadesiroop	1	715765	98.8795
lin	1	715766	98.8796
linda	1	715767	98.8798
lindenlaan	1	715768	98.8799
lingener	1	715769	98.8801
lingerie	1	715770	98.8802
linker	1	715771	98.8803
linkerachterkant	1	715772	98.8805
linkerhelling	1	715773	98.8806
linkeroor	1	715774	98.8807
linkerpoot	1	715775	98.8809
linkje	1	715776	98.881
linkse	1	715777	98.8812
linksvoor	1	715778	98.8813
linn	1	715779	98.8814
lino	1	715780	98.8816
lint	1	715781	98.8817
lintje	1	715782	98.8819
lintjes	1	715783	98.882
lintworm	1	715784	98.8821
lion	1	715785	98.8823
lionking	1	715786	98.8824
lipstick	1	715787	98.8825
liquid	1	715788	98.8827
lisan	1	715789	98.8828
lisatje	1	715790	98.883
lissie	1	715791	98.8831
lista	1	715792	98.8832
listens	1	715793	98.8834
listigaard	1	715794	98.8835
literally	1	715795	98.8836
literatuurding	1	715796	98.8838
literatuurgeschiedenis	1	715797	98.8839
litje	1	715798	98.8841
lived	1	715799	98.8842
livemuziek	1	715800	98.8843
liverpool	1	715801	98.8845
livestream	1	715802	98.8846
liza	1	715803	98.8848
lk	1	715804	98.8849
ll.	1	715805	98.885
llaten	1	715806	98.8852
llllunchen	1	715807	98.8853
llrsk	1	715808	98.8854
lls	1	715809	98.8856
lmijn	1	715810	98.8857
load	1	715811	98.8859
loaden	1	715812	98.886
loads	1	715813	98.8861
lobt	1	715814	98.8863
loca	1	715815	98.8864
localhost	1	715816	98.8865
locals	1	715817	98.8867
locarion	1	715818	98.8868
lodewijker	1	715819	98.887
loeken	1	715820	98.8871
loempia	1	715821	98.8872
loempiasaus	1	715822	98.8874
loer	1	715823	98.8875
loeske	1	715824	98.8877
log	1	715825	98.8878
logboek	1	715826	98.8879
logeer	1	715827	98.8881
logees	1	715828	98.8882
logement	1	715829	98.8883
logghes	1	715830	98.8885
logica	1	715831	98.8886
login	1	715832	98.8888
logingegevens	1	715833	98.8889
logische	1	715834	98.889
logischer	1	715835	98.8892
logistieke	1	715836	98.8893
logopedist	1	715837	98.8895
logopediste	1	715838	98.8896
logopedistje	1	715839	98.8897
logs	1	715840	98.8899
lokalen	1	715841	98.89
lokker	1	715842	98.8901
lokt	1	715843	98.8903
lolalifelines.be	1	715844	98.8904
lolita	1	715845	98.8906
lollekijn	1	715846	98.8907
lollipop	1	715847	98.8908
lolly	1	715848	98.891
lollyke	1	715849	98.8911
lolotte	1	715850	98.8912
lomp	1	715851	98.8914
lompen	1	715852	98.8915
lon	1	715853	98.8917
londerzeel	1	715854	98.8918
lonelt	1	715855	98.8919
lonesome	1	715856	98.8921
longembolie	1	715857	98.8922
longen	1	715858	98.8924
longkanker	1	715859	98.8925
longontsteking	1	715860	98.8926
longslagader	1	715861	98.8928
loodgieter	1	715862	98.8929
loodsen	1	715863	98.893
looi	1	715864	98.8932
look-a-like	1	715865	98.8933
lookbroodjes	1	715866	98.8935
looked	1	715867	98.8936
looken	1	715868	98.8937
loon	1	715869	98.8939
loones	1	715870	98.894
loonstrook	1	715871	98.8941
loonsverhoging	1	715872	98.8943
loooooossssseeeerrrrr	1	715873	98.8944
looooos	1	715874	98.8946
loopbaanadvies	1	715875	98.8947
loopbaanbegeleider	1	715876	98.8948
loopbaanbegeleiding	1	715877	98.895
lootjes	1	715878	98.8951
lop	1	715879	98.8953
loratadine	1	715880	98.8954
lore	1	715881	98.8955
lorenzo	1	715882	98.8957
lorreinendreef	1	715883	98.8958
los-stand	1	715884	98.8959
losgepraat	1	715885	98.8961
loshalen	1	715886	98.8962
loskatchubottos	1	715887	98.8964
loskoppeling	1	715888	98.8965
loslopen	1	715889	98.8966
losmaken	1	715890	98.8968
losser	1	715891	98.8969
loszone	1	715892	98.897
loterijtickets	1	715893	98.8972
lotgenoot	1	715894	98.8973
lotingsprogramma	1	715895	98.8975
lotjes	1	715896	98.8976
lotus	1	715897	98.8977
loud	1	715898	98.8979
louder	1	715899	98.898
lounche	1	715900	98.8982
lounge	1	715901	98.8983
lous	1	715902	98.8984
louter	1	715903	98.8986
lovah	1	715904	98.8987
lovebird	1	715905	98.8988
lovechild	1	715906	98.899
lovechock	1	715907	98.8991
lovejoe	1	715908	98.8993
lovellly	1	715909	98.8994
lovende	1	715910	98.8995
loverboy	1	715911	98.8997
loves	1	715912	98.8998
low-kollie	1	715913	98.8999
lowlANS	1	715914	98.9001
lowlands.nl	1	715915	98.9002
lowlandskaartjes	1	715916	98.9004
lozer	1	715917	98.9005
lp	1	715918	98.9006
lt	1	715919	98.9008
lubach	1	715920	98.9009
lucas	1	715921	98.9011
luchtbal	1	715922	98.9012
luchtbed+slaapzak	1	715923	98.9013
luchtbedje	1	715924	98.9015
luchten	1	715925	98.9016
luchtfilter	1	715926	98.9017
luchtmatras	1	715927	98.9019
luchtmatraske	1	715928	98.902
luchtuitlaat	1	715929	98.9022
lud	1	715930	98.9023
ludo	1	715931	98.9024
luf	1	715932	98.9026
luiaards	1	715933	98.9027
luidruchtig	1	715934	98.9029
luidruchtige	1	715935	98.903
luidt	1	715936	98.9031
luiemensenstudie	1	715937	98.9033
luier	1	715938	98.9034
luierikje	1	715939	98.9035
luiheid	1	715940	98.9037
luipaardje	1	715941	98.9038
luipaardprint	1	715942	98.904
luis	1	715943	98.9041
luisterboek	1	715944	98.9042
luisterd	1	715945	98.9044
luisterde	1	715946	98.9045
luisterden	1	715947	98.9046
luisterend	1	715948	98.9048
luisterplezier	1	715949	98.9049
luizenjaartje	1	715950	98.9051
lujkkn	1	715951	98.9052
lukk	1	715952	98.9053
lukkenXD	1	715953	98.9055
lullie	1	715954	98.9056
lullo's	1	715955	98.9058
lult	1	715956	98.9059
lulverhaal	1	715957	98.906
lunchafspraak	1	715958	98.9062
lunchdate	1	715959	98.9063
lunchdaten	1	715960	98.9064
lunchpakket	1	715961	98.9066
lunchruimte	1	715962	98.9067
lunchspot	1	715963	98.9069
luncht	1	715964	98.907
lunchtoestand	1	715965	98.9071
lunn	1	715966	98.9073
lurken	1	715967	98.9074
lus	1	715968	98.9075
lusten	1	715969	98.9077
lustrum	1	715970	98.9078
lustrumposter	1	715971	98.908
lustrumpoule	1	715972	98.9081
lustrumreis	1	715973	98.9082
luv	1	715974	98.9084
luxeprobleem	1	715975	98.9085
luze	1	715976	98.9087
lyd	1	715977	98.9088
lyn	1	715978	98.9089
lynneke	1	715979	98.9091
lyriek	1	715980	98.9092
lzit	1	715981	98.9093
lêêghten	1	715982	98.9095
maaaarik	1	715983	98.9096
maaaarrrrr	1	715984	98.9098
maagd	1	715985	98.9099
maagjes	1	715986	98.91
maagpijn	1	715987	98.9102
maai	1	715988	98.9103
maaien	1	715989	98.9104
maakn	1	715990	98.9106
maalciep	1	715991	98.9107
maaltijdblokje	1	715992	98.9109
maaltijden	1	715993	98.911
maandagen	1	715994	98.9111
maandelijks	1	715995	98.9113
maandelijkse	1	715996	98.9114
maandje	1	715997	98.9116
maandverband	1	715998	98.9117
maanlicht	1	715999	98.9118
maarXD	1	716000	98.912
maareh	1	716001	98.9121
maarliefst	1	716002	98.9122
maarrrrr	1	716003	98.9124
maarseveenseplassen	1	716004	98.9125
maasmechelen	1	716005	98.9127
maatpak	1	716006	98.9128
maatwerk	1	716007	98.9129
mac's	1	716008	98.9131
machelen	1	716009	98.9132
machiavelli	1	716010	98.9133
machientje	1	716011	98.9135
machinekamer	1	716012	98.9136
macho	1	716013	98.9138
macrumors	1	716014	98.9139
madde	1	716015	98.914
maddij	1	716016	98.9142
madelief	1	716017	98.9143
madness	1	716018	98.9145
madonna	1	716019	98.9146
madrid	1	716020	98.9147
maemo	1	716021	98.9149
maes	1	716022	98.915
maestro	1	716023	98.9151
maf	1	716024	98.9153
mafiafilm	1	716025	98.9154
mafkees	1	716026	98.9156
magali	1	716027	98.9157
magazijn	1	716028	98.9158
magazine	1	716029	98.916
magdalenastraat	1	716030	98.9161
magere	1	716031	98.9163
magic	1	716032	98.9164
magistraal	1	716033	98.9165
magk	1	716034	98.9167
magneetjes	1	716035	98.9168
magnesium	1	716036	98.9169
magnetronnetje	1	716037	98.9171
magnificus	1	716038	98.9172
magnum	1	716039	98.9174
maid	1	716040	98.9175
mailapp	1	716041	98.9176
maile	1	716042	98.9178
mailed	1	716043	98.9179
mailformulier	1	716044	98.918
mailke	1	716045	98.9182
mailserver	1	716046	98.9183
mainly	1	716047	98.9185
maire	1	716048	98.9186
maiya	1	716049	98.9187
mak	1	716050	98.9189
make-up	1	716051	98.919
makelaarspost	1	716052	98.9192
makenXD	1	716053	98.9193
makjes	1	716054	98.9194
makkelijke	1	716055	98.9196
makkelijkste	1	716056	98.9197
makkie	1	716057	98.9198
makreel	1	716058	98.92
makro	1	716059	98.9201
male	1	716060	98.9203
malloten	1	716061	98.9204
malou	1	716062	98.9205
malsjans	1	716063	98.9207
maltesers	1	716064	98.9208
mama's	1	716065	98.9209
mamaatje	1	716066	98.9211
mamaguus	1	716067	98.9212
mamastress	1	716068	98.9214
mammeselleke	1	716069	98.9215
mammie	1	716070	98.9216
manacor	1	716071	98.9218
managen	1	716072	98.9219
mananger	1	716073	98.9221
manchet	1	716074	98.9222
mandarijnen	1	716075	98.9223
manege	1	716076	98.9225
manhattan	1	716077	98.9226
maniacs	1	716078	98.9227
manipulatief	1	716079	98.9229
manis	1	716080	98.923
manisch	1	716081	98.9232
mankeer	1	716082	98.9233
mankeren	1	716083	98.9234
mankt	1	716084	98.9236
manmanman	1	716085	98.9237
mann's	1	716086	98.9238
manne	1	716087	98.924
mannelijke	1	716088	98.9241
mannelijkheid	1	716089	98.9243
mannenjacht	1	716090	98.9244
mannennaam	1	716091	98.9245
mannenweekend	1	716092	98.9247
mannenzaken	1	716093	98.9248
mansionstraat	1	716094	98.925
manskerel	1	716095	98.9251
manskerels	1	716096	98.9252
manteca	1	716097	98.9254
manual	1	716098	98.9255
manuel	1	716099	98.9256
manure	1	716100	98.9258
manuscripten	1	716101	98.9259
manvrouwtje	1	716102	98.9261
maor	1	716103	98.9262
mapjes	1	716104	98.9263
mappen	1	716105	98.9265
marald	1	716106	98.9266
marathonexamen	1	716107	98.9267
marbella	1	716108	98.9269
marcheerden	1	716109	98.927
marcoplein	1	716110	98.9272
marcos	1	716111	98.9273
margan	1	716112	98.9274
marge	1	716113	98.9276
margi's	1	716114	98.9277
marginaal	1	716115	98.9279
marginal	1	716116	98.928
marginaliteit	1	716117	98.9281
margot	1	716118	98.9283
mari	1	716119	98.9284
maria	1	716120	98.9285
marie-rose	1	716121	98.9287
mariek	1	716122	98.9288
marielle	1	716123	98.929
marijke	1	716124	98.9291
marinetraffic	1	716125	98.9292
marjo	1	716126	98.9294
markers	1	716127	98.9295
marketing	1	716128	98.9297
markies	1	716129	98.9298
marktje	1	716130	98.9299
marktrock	1	716131	98.9301
marktwaarde	1	716132	98.9302
marktzicht	1	716133	98.9303
marlboro	1	716134	98.9305
marlies	1	716135	98.9306
marlou	1	716136	98.9308
marmelade	1	716137	98.9309
marmoleum	1	716138	98.931
marquee	1	716139	98.9312
married	1	716140	98.9313
marry	1	716141	98.9314
martelstoeltjes	1	716142	98.9316
marteltuigen	1	716143	98.9317
martha	1	716144	98.9319
martina	1	716145	98.932
martino	1	716146	98.9321
martinus	1	716147	98.9323
maruti	1	716148	98.9324
maserati	1	716149	98.9326
masita	1	716150	98.9327
masker	1	716151	98.9328
maskesmachine	1	716152	98.933
masr	1	716153	98.9331
massa-sms	1	716154	98.9332
massaal	1	716155	98.9334
massacantus	1	716156	98.9335
massageolie	1	716157	98.9337
massages	1	716158	98.9338
massagraf	1	716159	98.9339
massamailtje	1	716160	98.9341
masseren	1	716161	98.9342
mast	1	716162	98.9343
mastercard	1	716163	98.9345
mastercardrekening	1	716164	98.9346
mastervakken	1	716165	98.9348
masturbator	1	716166	98.9349
matchen	1	716167	98.935
matchke	1	716168	98.9352
mater	1	716169	98.9353
materials	1	716170	98.9355
matjes	1	716171	98.9356
matjesloos	1	716172	98.9357
matlab	1	716173	98.9359
matrassen	1	716174	98.936
matrixx	1	716175	98.9361
matroos	1	716176	98.9363
mats	1	716177	98.9364
matter	1	716178	98.9366
matthieus	1	716179	98.9367
maude	1	716180	98.9368
maurice	1	716181	98.937
mauz	1	716182	98.9371
maw	1	716183	98.9372
maxico	1	716184	98.9374
maxicosy	1	716185	98.9375
maximaal	1	716186	98.9377
maximale	1	716187	98.9378
maximum	1	716188	98.9379
may	1	716189	98.9381
mayke	1	716190	98.9382
mayve	1	716191	98.9384
mazzelaar	1	716192	98.9385
mazzels	1	716193	98.9386
mbt	1	716194	98.9388
mcdo	1	716195	98.9389
mcdonalds	1	716196	98.939
mdf	1	716197	98.9392
mdma	1	716198	98.9393
mdntyi	1	716199	98.9395
me.mn	1	716200	98.9396
meal	1	716201	98.9397
meals	1	716202	98.9399
meatballs	1	716203	98.94
mecano	1	716204	98.9401
mechwarrior	1	716205	98.9403
mecs	1	716206	98.9404
medaille	1	716207	98.9406
medailles	1	716208	98.9407
mede	1	716209	98.9408
medeerasmussers	1	716210	98.941
medeflatbewoner	1	716211	98.9411
medeleven	1	716212	98.9413
medemblik	1	716213	98.9414
medewerkers	1	716214	98.9415
mediawet	1	716215	98.9417
medicijn	1	716216	98.9418
medicijnkast	1	716217	98.9419
mediklin	1	716218	98.9421
medina	1	716219	98.9422
medisch	1	716220	98.9424
meditatie	1	716221	98.9425
mediterrane	1	716222	98.9426
meds	1	716223	98.9428
medweb	1	716224	98.9429
mee.t	1	716225	98.9431
mee.x	1	716226	98.9432
meebakken	1	716227	98.9433
meebetalen	1	716228	98.9435
meebewegen	1	716229	98.9436
meebreng	1	716230	98.9437
meebrengt	1	716231	98.9439
meebrengun	1	716232	98.944
meebrullen	1	716233	98.9442
meedenken	1	716234	98.9443
meedoey	1	716235	98.9444
meedoorkomen	1	716236	98.9446
meedraaien	1	716237	98.9447
meeeee	1	716238	98.9448
meeeeer	1	716239	98.945
meeeet	1	716240	98.9451
meeemen	1	716241	98.9453
meefietsen	1	716242	98.9454
meegebeden	1	716243	98.9455
meegebracht	1	716244	98.9457
meegefietst	1	716245	98.9458
meegegeten	1	716246	98.946
meegenine	1	716247	98.9461
meegepikt	1	716248	98.9462
meegereden	1	716249	98.9464
meegnomen	1	716250	98.9465
meehebt	1	716251	98.9466
meekan	1	716252	98.9468
meekregen	1	716253	98.9469
meekrijg	1	716254	98.9471
meel	1	716255	98.9472
meeloop	1	716256	98.9473
meemaken	1	716257	98.9475
meenemem	1	716258	98.9476
meenemn	1	716259	98.9477
meereiskaart	1	716260	98.9479
meerijdt	1	716261	98.948
meerije	1	716262	98.9482
meerkeuzevragen	1	716263	98.9483
meerlaan	1	716264	98.9484
meeslepen	1	716265	98.9486
meesleuren	1	716266	98.9487
meespele	1	716267	98.9489
meesten	1	716268	98.949
meesteressen	1	716269	98.9491
meetellen	1	716270	98.9493
meetings	1	716271	98.9494
meetinstrumenten	1	716272	98.9495
meetlint	1	716273	98.9497
meetmethode	1	716274	98.9498
meetrainen	1	716275	98.95
meeuebben	1	716276	98.9501
meeuw	1	716277	98.9502
meevolgen	1	716278	98.9504
meewarig	1	716279	98.9505
meewerken	1	716280	98.9506
meewerkt	1	716281	98.9508
meewil	1	716282	98.9509
meewillen	1	716283	98.9511
meewilt	1	716284	98.9512
meeying	1	716285	98.9513
meezoeken	1	716286	98.9515
mefrou	1	716287	98.9516
mega-gay-Mark	1	716288	98.9518
megaafwas	1	716289	98.9519
megadrukke	1	716290	98.952
megagoe	1	716291	98.9522
megamaagpijn	1	716292	98.9523
megasfeer	1	716293	98.9524
megawarm	1	716294	98.9526
megen	1	716295	98.9527
meggie	1	716296	98.9529
meh	1	716297	98.953
mehr	1	716298	98.9531
meibloem	1	716299	98.9533
meidenavond	1	716300	98.9534
meidenfilm	1	716301	98.9536
meike	1	716302	98.9537
meimarkt	1	716303	98.9538
meins	1	716304	98.954
meisjelief	1	716305	98.9541
meisjesdingetjes	1	716306	98.9542
meisjesspulletjes	1	716307	98.9544
meiske	1	716308	98.9545
meiskes	1	716309	98.9547
meivakantie	1	716310	98.9548
mejor	1	716311	98.9549
mekelpark	1	716312	98.9551
mel	1	716313	98.9552
melange	1	716314	98.9553
melanomen	1	716315	98.9555
meldingen	1	716316	98.9556
melig	1	716317	98.9558
melissa	1	716318	98.9559
melkschuim	1	716319	98.956
melktandje	1	716320	98.9562
melkzuur	1	716321	98.9563
melly	1	716322	98.9565
memchecker	1	716323	98.9566
memento	1	716324	98.9567
memorabels	1	716325	98.9569
memories	1	716326	98.957
memphis	1	716327	98.9571
memreepjes	1	716328	98.9573
meneertje	1	716329	98.9574
menm	1	716330	98.9576
menno's	1	716331	98.9577
mensdom	1	716332	98.9578
menselijk	1	716333	98.958
menselijke	1	716334	98.9581
mensen-mensenfaculteit	1	716335	98.9582
mensenmedicijn	1	716336	98.9584
mensenpuisten	1	716337	98.9585
mensensmokkel	1	716338	98.9587
mensjes	1	716339	98.9588
mentale	1	716340	98.9589
mentioned	1	716341	98.9591
mentoren	1	716342	98.9592
meppel-meppel	1	716343	98.9594
meppen	1	716344	98.9595
merccikens	1	716345	98.9596
merchandisestand	1	716346	98.9598
merde	1	716347	98.9599
merel	1	716348	98.96
meren	1	716349	98.9602
merg	1	716350	98.9603
merge	1	716351	98.9605
mergelpret	1	716352	98.9606
mergpijpen	1	716353	98.9607
merguez	1	716354	98.9609
merijn	1	716355	98.961
merk't	1	716356	98.9611
merkbaar	1	716357	98.9613
merksplas	1	716358	98.9614
merode	1	716359	98.9616
mesch	1	716360	98.9617
mesh	1	716361	98.9618
mess	1	716362	98.962
messed	1	716363	98.9621
messenslijper	1	716364	98.9623
meta-artikel	1	716365	98.9624
metaal-organisch	1	716366	98.9625
metaalorg	1	716367	98.9627
metafoor	1	716368	98.9628
metaldome	1	716369	98.9629
metale	1	716370	98.9631
metallica	1	716371	98.9632
metamorfose	1	716372	98.9634
metee	1	716373	98.9635
meten	1	716374	98.9636
meterkast	1	716375	98.9638
methods	1	716376	98.9639
metje	1	716377	98.964
metroovergang	1	716378	98.9642
metropool	1	716379	98.9643
metvde	1	716380	98.9645
meubelmaker	1	716381	98.9646
meueen	1	716382	98.9647
meuk	1	716383	98.9649
meulestede	1	716384	98.965
meus	1	716385	98.9652
mevrou	1	716386	98.9653
mevrouweland	1	716387	98.9654
mex-griep	1	716388	98.9656
mexican	1	716389	98.9657
mexique	1	716390	98.9658
mey	1	716391	98.966
mez	1	716392	98.9661
mezebollekes	1	716393	98.9663
mezz.nl	1	716394	98.9664
mff	1	716395	98.9665
mg	1	716396	98.9667
mgrt	1	716397	98.9668
mia's	1	716398	98.967
miauwende	1	716399	98.9671
miauwers	1	716400	98.9672
miauwken	1	716401	98.9674
mic	1	716402	98.9675
mick	1	716403	98.9676
micrigolf	1	716404	98.9678
microforestry	1	716405	98.9679
microsoft	1	716406	98.9681
microtech	1	716407	98.9682
microusb-kabeltje	1	716408	98.9683
middagdutjes	1	716409	98.9685
middagpauzes	1	716410	98.9686
middagploeg	1	716411	98.9687
middah	1	716412	98.9689
middelkerke	1	716413	98.969
middellange	1	716414	98.9692
middelste	1	716415	98.9693
midden-Brabantweg	1	716416	98.9694
middenacht	1	716417	98.9696
middenberm	1	716418	98.9697
middernachtskusje	1	716419	98.9699
middg	1	716420	98.97
midi	1	716421	98.9701
midlifecrisis	1	716422	98.9703
midnight	1	716423	98.9704
midterm	1	716424	98.9705
miep	1	716425	98.9707
miepen	1	716426	98.9708
miezerig	1	716427	98.971
migrane	1	716428	98.9711
migreren	1	716429	98.9712
miijn	1	716430	98.9714
mij.ik	1	716431	98.9715
mij.t	1	716432	98.9716
mijden	1	716433	98.9718
mijnwerkers	1	716434	98.9719
mijsje	1	716435	98.9721
mijvan	1	716436	98.9722
mikal	1	716437	98.9723
mikeeej	1	716438	98.9725
milaan	1	716439	98.9726
milda	1	716440	98.9728
milde	1	716441	98.9729
milf	1	716442	98.973
milieuvriendelijker	1	716443	98.9732
militairen	1	716444	98.9733
miljonair-to-be	1	716445	98.9734
miljonaire	1	716446	98.9736
mimo	1	716447	98.9737
min-halfuurke	1	716448	98.9739
mina	1	716449	98.974
minded	1	716450	98.9741
minderheid	1	716451	98.9743
minderjarig	1	716452	98.9744
mindfullness	1	716453	98.9745
minds	1	716454	98.9747
mineraal	1	716455	98.9748
minibreak	1	716456	98.975
minibreaken	1	716457	98.9751
minicolleges	1	716458	98.9752
miniem	1	716459	98.9754
minifiets	1	716460	98.9755
minigipsje	1	716461	98.9757
minigolf	1	716462	98.9758
minigolfkwaliteiten	1	716463	98.9759
minigreepje	1	716464	98.9761
minimalistisch	1	716465	98.9762
miniparty	1	716466	98.9763
ministeries	1	716467	98.9765
minke's	1	716468	98.9766
minnaressen	1	716469	98.9768
minnesota	1	716470	98.9769
mint	1	716471	98.977
minten	1	716472	98.9772
minuen	1	716473	98.9773
minus	1	716474	98.9774
mirabello	1	716475	98.9776
mirabellostraat	1	716476	98.9777
misbruik	1	716477	98.9779
mischien	1	716478	98.978
miscommunicatie	1	716479	98.9781
misd	1	716480	98.9783
misdaad	1	716481	98.9784
misdaan	1	716482	98.9786
misdraagt	1	716483	98.9787
mise	1	716484	98.9788
misgegaan	1	716485	98.979
misgelopen	1	716486	98.9791
misjewel	1	716487	98.9792
miskraam	1	716488	98.9794
misliep	1	716489	98.9795
misloop	1	716490	98.9797
misrekening	1	716491	98.9798
missen(a)	1	716492	98.9799
missenXD	1	716493	98.9801
missende	1	716494	98.9802
misshien	1	716495	98.9804
missionaire	1	716496	98.9805
mistake	1	716497	98.9806
misteld	1	716498	98.9808
mit	1	716499	98.9809
mix	1	716500	98.981
mjam	1	716501	98.9812
mkay	1	716502	98.9813
mmaar	1	716503	98.9815
mmco	1	716504	98.9816
mme	1	716505	98.9817
mmerci	1	716506	98.9819
mmmjammy	1	716507	98.982
mmmm	1	716508	98.9821
mmmmm	1	716509	98.9823
mmol	1	716510	98.9824
mnf	1	716511	98.9826
mnm	1	716512	98.9827
moar	1	716513	98.9828
moby	1	716514	98.983
moc	1	716515	98.9831
mochte	1	716516	98.9833
mocksh	1	716517	98.9834
mocochousse	1	716518	98.9835
mocro	1	716519	98.9837
modaal	1	716520	98.9838
modder	1	716521	98.9839
mode	1	716522	98.9841
modelleren	1	716523	98.9842
modelletje	1	716524	98.9844
modem	1	716525	98.9845
modem-reset	1	716526	98.9846
moderner	1	716527	98.9848
moderns	1	716528	98.9849
modeshows	1	716529	98.985
modetrend	1	716530	98.9852
module	1	716531	98.9853
moederkesdag	1	716532	98.9855
moederland	1	716533	98.9856
moederlijk	1	716534	98.9857
moederschap	1	716535	98.9859
moederziel	1	716536	98.986
moedig	1	716537	98.9862
moedr	1	716538	98.9863
moefie	1	716539	98.9864
moeftie	1	716540	98.9866
moegekookt	1	716541	98.9867
moegestreden	1	716542	98.9868
moehahahahaha	1	716543	98.987
moei	1	716544	98.9871
moeie	1	716545	98.9873
moeilijkheden	1	716546	98.9874
moeilijkste	1	716547	98.9875
moeiteloos	1	716548	98.9877
moeizame	1	716549	98.9878
moeizamer	1	716550	98.9879
moej	1	716551	98.9881
moejt	1	716552	98.9882
moekes	1	716553	98.9884
moemoe	1	716554	98.9885
moenie	1	716555	98.9886
moerdijk	1	716556	98.9888
moesel	1	716557	98.9889
moestuintje	1	716558	98.9891
moetk	1	716559	98.9892
moetn	1	716560	98.9893
moezelwijn	1	716561	98.9895
moge	1	716562	98.9896
mogelyke	1	716563	98.9897
mogelykheden	1	716564	98.9899
mogenlijk	1	716565	98.99
mogenlijkheden	1	716566	98.9902
mogge	1	716567	98.9903
mohsen	1	716568	98.9904
mojitos	1	716569	98.9906
mokke	1	716570	98.9907
moksh	1	716571	98.9908
moleculetjes	1	716572	98.991
molenpoort	1	716573	98.9911
molester	1	716574	98.9913
mollen	1	716575	98.9914
molletje	1	716576	98.9915
momentjes	1	716577	98.9917
mompelend	1	716578	98.9918
mon	1	716579	98.992
monde	1	716580	98.9921
moneys	1	716581	98.9922
moneystressing	1	716582	98.9924
mongolendriehoeken	1	716583	98.9925
monic	1	716584	98.9926
monitoren	1	716585	98.9928
monkeykreten	1	716586	98.9929
monkeys	1	716587	98.9931
monogeluid	1	716588	98.9932
mons	1	716589	98.9933
monsieur	1	716590	98.9935
monster	1	716591	98.9936
monsterscore	1	716592	98.9938
monstertruck	1	716593	98.9939
mont	1	716594	98.994
monumenten	1	716595	98.9942
monumentendag	1	716596	98.9943
monuments	1	716597	98.9944
mooe	1	716598	98.9946
moogde	1	716599	98.9947
mooizo	1	716600	98.9949
mooooi	1	716601	98.995
moooovie	1	716602	98.9951
moore	1	716603	98.9953
moot	1	716604	98.9954
moppentopper	1	716605	98.9955
moraal	1	716606	98.9957
moral	1	716607	98.9958
moren	1	716608	98.996
morfine	1	716609	98.9961
morga	1	716610	98.9962
morgekke	1	716611	98.9964
morgen(avond)	1	716612	98.9965
morgenaaf	1	716613	98.9967
morgenavpnd	1	716614	98.9968
morgennacht	1	716615	98.9969
morgenook	1	716616	98.9971
morgent	1	716617	98.9972
morgenvm	1	716618	98.9973
morgrn	1	716619	98.9975
mormels	1	716620	98.9976
mornink	1	716621	98.9978
mosca.be	1	716622	98.9979
mosh	1	716623	98.998
moskee	1	716624	98.9982
mosselpaleis	1	716625	98.9983
mossels	1	716626	98.9984
mosselsouper	1	716627	98.9986
most	1	716628	98.9987
mostly	1	716629	98.9989
mot	1	716630	98.999
motels	1	716631	98.9991
mother's	1	716632	98.9993
motherfucking	1	716633	98.9994
motilium	1	716634	98.9996
motor(pak)	1	716635	98.9997
motorenbeurs	1	716636	98.9998
motoreren	1	716637	99
motorfriends	1	716638	99.0001
motorkleding-shoppen	1	716639	99.0002
motorreed	1	716640	99.0004
motte	1	716641	99.0005
motten	1	716642	99.0007
moulin	1	716643	99.0008
moulin-ronse	1	716644	99.0009
mount	1	716645	99.0011
mountainbiking	1	716646	99.0012
mountaineer	1	716647	99.0013
mountains	1	716648	99.0015
mousquetaires	1	716649	99.0016
moved	1	716650	99.0018
movieworld	1	716651	99.0019
mozaïek	1	716652	99.002
mozzarellaslaatje	1	716653	99.0022
mrja	1	716654	99.0023
ms	1	716655	99.0025
msg	1	716656	99.0026
mskeken	1	716657	99.0027
msngesprek	1	716658	99.0029
mstrg	1	716659	99.003
mtjou	1	716660	99.0031
mua	1	716661	99.0033
muak	1	716662	99.0034
muchi	1	716663	99.0036
muffe	1	716664	99.0037
muggebeet	1	716665	99.0038
muggebeten	1	716666	99.004
muik	1	716667	99.0041
muil	1	716668	99.0042
muilen	1	716669	99.0044
muilt	1	716670	99.0045
muipimuipi	1	716671	99.0047
muizenvallen	1	716672	99.0048
mule	1	716673	99.0049
multatuli	1	716674	99.0051
multi	1	716675	99.0052
multifunctioneel	1	716676	99.0054
multitasken	1	716677	99.0055
munchkin	1	716678	99.0056
mundo	1	716679	99.0058
munne	1	716680	99.0059
munt	1	716681	99.006
muntje	1	716682	99.0062
muntstraat	1	716683	99.0063
mupzen	1	716684	99.0065
murphy	1	716685	99.0066
murten	1	716686	99.0067
musea	1	716687	99.0069
museumkaart	1	716688	99.007
museumpje	1	716689	99.0072
mushimushi	1	716690	99.0073
musica	1	716691	99.0074
musicalposter	1	716692	99.0076
musketier	1	716693	99.0077
musqito	1	716694	99.0078
muss	1	716695	99.008
mussie	1	716696	99.0081
must	1	716697	99.0083
mutiek	1	716698	99.0084
mutisme	1	716699	99.0085
muugt	1	716700	99.0087
muurkalenders	1	716701	99.0088
muurtje	1	716702	99.0089
muurtjes	1	716703	99.0091
muurverf	1	716704	99.0092
muy	1	716705	99.0094
muzeme	1	716706	99.0095
muzes	1	716707	99.0096
muziekaler	1	716708	99.0098
muziekanten	1	716709	99.0099
muziekkapelleden	1	716710	99.0101
muziekles	1	716711	99.0102
muzieknacht	1	716712	99.0103
muziekquiz	1	716713	99.0105
muzikant	1	716714	99.0106
mvg	1	716715	99.0107
mwa	1	716716	99.0109
mwuha	1	716717	99.011
mwwwwwaaaaaaah	1	716718	99.0112
myladies	1	716719	99.0113
mynen	1	716720	99.0114
myriam	1	716721	99.0116
myrth	1	716722	99.0117
mysterieus	1	716723	99.0118
mythe	1	716724	99.012
mzungu	1	716725	99.0121
mzzl	1	716726	99.0123
màg	1	716727	99.0124
máánden	1	716728	99.0125
mäar	1	716729	99.0127
mèn	1	716730	99.0128
mèt	1	716731	99.013
müsse	1	716732	99.0131
n-va	1	716733	99.0132
n.	1	716734	99.0134
n.br	1	716735	99.0135
na-drankje	1	716736	99.0136
na-kerst	1	716737	99.0138
na-partyen	1	716738	99.0139
naa	1	716739	99.0141
naaiatelier	1	716740	99.0142
naaktslakken	1	716741	99.0143
naamgenoot	1	716742	99.0145
naamlozeVis	1	716743	99.0146
naamsestraat	1	716744	99.0147
naamwoord	1	716745	99.0149
naar't	1	716746	99.015
naarBrussel	1	716747	99.0152
naarr	1	716748	99.0153
naaruit	1	716749	99.0154
naastde	1	716750	99.0156
nabespreking	1	716751	99.0157
nabewerkingsuren	1	716752	99.0159
nabewerkt	1	716753	99.016
naborrelen	1	716754	99.0161
nac	1	716755	99.0163
nachos	1	716756	99.0164
nachtbrakerke	1	716757	99.0165
nachtdiensten	1	716758	99.0167
nachtegaaltje	1	716759	99.0168
nachtelijke	1	716760	99.017
nachtkastje	1	716761	99.0171
nachtknuffel	1	716762	99.0172
nachtlampje	1	716763	99.0174
nachtmutsje	1	716764	99.0175
nachtoernooi	1	716765	99.0176
nachtshoot	1	716766	99.0178
nachttreinen	1	716767	99.0179
nachtuil	1	716768	99.0181
nachtwandeling	1	716769	99.0182
nacompetitie	1	716770	99.0183
nacompetitiewedstrijd	1	716771	99.0185
nadagen	1	716772	99.0186
nadeel	1	716773	99.0188
nadenk	1	716774	99.0189
nadenkbaan	1	716775	99.019
nadenkem	1	716776	99.0192
nadenkend	1	716777	99.0193
nadia	1	716778	99.0194
nadoop	1	716779	99.0196
nafte	1	716780	99.0197
nag	1	716781	99.0199
nagar	1	716782	99.02
nagasadinges	1	716783	99.0201
nagelezen	1	716784	99.0203
nagellak	1	716785	99.0204
nagelles	1	716786	99.0206
nagenieten	1	716787	99.0207
nagesynchroniseerde	1	716788	99.0208
nagevraagd	1	716789	99.021
nahet	1	716790	99.0211
nai	1	716791	99.0212
nail	1	716792	99.0214
naked	1	716793	99.0215
nakende	1	716794	99.0217
nakijkn	1	716795	99.0218
nakijkwerk	1	716796	99.0219
nakomen	1	716797	99.0221
nalahaja	1	716798	99.0222
nalaten	1	716799	99.0223
nalu	1	716800	99.0225
nalus	1	716801	99.0226
namaste	1	716802	99.0228
nano	1	716803	99.0229
napoli	1	716804	99.023
narcose	1	716805	99.0232
narigheid	1	716806	99.0233
nariman	1	716807	99.0235
nasale	1	716808	99.0236
naschoolse	1	716809	99.0237
nasdaq	1	716810	99.0239
naseizoen	1	716811	99.024
nash	1	716812	99.0241
nasmaak	1	716813	99.0243
nastreeft	1	716814	99.0244
nasty	1	716815	99.0246
natalie	1	716816	99.0247
natascha	1	716817	99.0248
natdie	1	716818	99.025
nathan	1	716819	99.0251
nationaal	1	716820	99.0252
national	1	716821	99.0254
natjes	1	716822	99.0255
natmaken	1	716823	99.0257
natregent	1	716824	99.0258
nattig	1	716825	99.0259
nattigheid	1	716826	99.0261
nature	1	716827	99.0262
naturlich	1	716828	99.0264
natuurfoto's	1	716829	99.0265
natuurgebied	1	716830	99.0266
natuurkunde	1	716831	99.0268
natuurlojk	1	716832	99.0269
natuurslager	1	716833	99.027
natuuurlijk	1	716834	99.0272
nauwkeurig	1	716835	99.0273
navarone	1	716836	99.0275
navel	1	716837	99.0276
naveltje	1	716838	99.0277
navergadering	1	716839	99.0279
navi	1	716840	99.028
navigatie	1	716841	99.0281
navigeert	1	716842	99.0283
navraag	1	716843	99.0284
nawerking	1	716844	99.0286
nazi-vogeltje	1	716845	99.0287
nazoeken	1	716846	99.0288
nbeetje	1	716847	99.029
nbij	1	716848	99.0291
ncell	1	716849	99.0293
ncz	1	716850	99.0294
nd	1	716851	99.0295
ndaag	1	716852	99.0297
ndag	1	716853	99.0298
nden	1	716854	99.0299
nearly	1	716855	99.0301
nec	1	716856	99.0302
necrofilie	1	716857	99.0304
nederlanden	1	716858	99.0305
nederlander	1	716859	99.0306
nederlanders	1	716860	99.0308
nederlandeursky	1	716861	99.0309
nederlandse	1	716862	99.031
nedl	1	716863	99.0312
needcompany	1	716864	99.0313
needs	1	716865	99.0315
neee	1	716866	99.0316
neeee	1	716867	99.0317
neeeeh	1	716868	99.0319
neefjes	1	716869	99.032
neej	1	716870	99.0322
neejeneeje	1	716871	99.0323
neelrje	1	716872	99.0324
neemek	1	716873	99.0326
neerboscheweg	1	716874	99.0327
neergemept	1	716875	99.0328
neergeschoten	1	716876	99.033
neerlandistiek	1	716877	99.0331
neerleg	1	716878	99.0333
neerslachtig	1	716879	99.0334
neerstort	1	716880	99.0335
neertellen	1	716881	99.0337
neffe	1	716882	99.0338
neffens	1	716883	99.034
negatieven	1	716884	99.0341
negende	1	716885	99.0342
negerfeest	1	716886	99.0344
negermagneet	1	716887	99.0345
negermuziek	1	716888	99.0346
negers	1	716889	99.0348
negertje	1	716890	99.0349
negro	1	716891	99.0351
neigde	1	716892	99.0352
neighbourhood	1	716893	99.0353
neiging	1	716894	99.0355
neke	1	716895	99.0356
nekje	1	716896	99.0357
nekjes	1	716897	99.0359
nekspier	1	716898	99.036
nem	1	716899	99.0362
neme	1	716900	99.0363
nemn	1	716901	99.0364
nemocna	1	716902	99.0366
nemuzu	1	716903	99.0367
neo	1	716904	99.0369
neocutigenol	1	716905	99.037
nep-IT	1	716906	99.0371
nephew	1	716907	99.0373
nepneus	1	716908	99.0374
nerdbieb	1	716909	99.0375
nerdje	1	716910	99.0377
nerds	1	716911	99.0378
nerdy	1	716912	99.038
nerves	1	716913	99.0381
nes	1	716914	99.0382
nesivine	1	716915	99.0384
nespresso	1	716916	99.0385
nesten	1	716917	99.0386
nestor	1	716918	99.0388
nesu	1	716919	99.0389
netbeans	1	716920	99.0391
netbook	1	716921	99.0392
netcoordinator	1	716922	99.0393
netje	1	716923	99.0395
netter	1	716924	99.0396
netwerk-geheugen-schijf	1	716925	99.0398
netwerkje	1	716926	99.0399
netwerkkaarten	1	716927	99.04
netwerkstoring	1	716928	99.0402
netwerkverbinding	1	716929	99.0403
network	1	716930	99.0404
networking	1	716931	99.0406
neude	1	716932	99.0407
neun	1	716933	99.0409
neurolinguïstische	1	716934	99.041
neuroot	1	716935	99.0411
neusaap	1	716936	99.0413
neushoorn	1	716937	99.0414
neusje	1	716938	99.0415
neusjes	1	716939	99.0417
neuspeuteraar	1	716940	99.0418
neusspray	1	716941	99.042
neut	1	716942	99.0421
neute	1	716943	99.0422
neutraal	1	716944	99.0424
neutraliseren	1	716945	99.0425
neuzelen	1	716946	99.0427
neuzen	1	716947	99.0428
nevada	1	716948	99.0429
nevele	1	716949	99.0431
nevelig	1	716950	99.0432
neven	1	716951	99.0433
newly	1	716952	99.0435
news	1	716953	99.0436
newton	1	716954	99.0438
nexr	1	716955	99.0439
ngal	1	716956	99.044
nicet	1	716957	99.0442
nichten	1	716958	99.0443
nicoise	1	716959	99.0444
nicolassee	1	716960	99.0446
nieje	1	716961	99.0447
niek@photo40.nl	1	716962	99.0449
niekbrun	1	716963	99.045
niekerk	1	716964	99.0451
niemandsland	1	716965	99.0453
niemer	1	716966	99.0454
nienke	1	716967	99.0456
niente	1	716968	99.0457
nierstenen	1	716969	99.0458
niet-autisten	1	716970	99.046
niet-keven	1	716971	99.0461
niet-latinisten	1	716972	99.0462
niet-opbel-actie	1	716973	99.0464
niet-vrolijk	1	716974	99.0465
nietbdat	1	716975	99.0467
nietjes	1	716976	99.0468
nietkan	1	716977	99.0469
nietsdoen	1	716978	99.0471
nietsen	1	716979	99.0472
nieuwegein	1	716980	99.0474
nieuwer	1	716981	99.0475
nieuwere	1	716982	99.0476
nieuwjaarsdrink	1	716983	99.0478
nieuwjaarseten	1	716984	99.0479
nieuwjaarsgroetjes	1	716985	99.048
nieuwjaarskaart	1	716986	99.0482
nieuwjaarskoffie	1	716987	99.0483
nieuwjaarsreceptie	1	716988	99.0485
nieuwjaarswensen	1	716989	99.0486
nieuwsbericht	1	716990	99.0487
nieuwsberichten	1	716991	99.0489
nieuwsblad	1	716992	99.049
nieuwsgieriger	1	716993	99.0491
nieuwsspecial	1	716994	99.0493
nieuwstraat	1	716995	99.0494
niews	1	716996	99.0496
niey	1	716997	99.0497
nigger	1	716998	99.0498
nijhoff	1	716999	99.05
nijkerk	1	717000	99.0501
nijlpaard	1	717001	99.0503
niket	1	717002	99.0504
nikki	1	717003	99.0505
niklaas	1	717004	99.0507
niklaasstr	1	717005	99.0508
nikolas	1	717006	99.0509
nikos	1	717007	99.0511
niksdoen	1	717008	99.0512
niksen	1	717009	99.0514
nikske	1	717010	99.0515
niksken	1	717011	99.0516
nile	1	717012	99.0518
nimeer	1	717013	99.0519
nimma	1	717014	99.052
nimmer	1	717015	99.0522
nineties	1	717016	99.0523
ninja	1	717017	99.0525
ninove	1	717018	99.0526
nipte	1	717019	99.0527
niret	1	717020	99.0529
nise	1	717021	99.053
niveautest	1	717022	99.0532
niveel	1	717023	99.0533
njam	1	717024	99.0534
nje	1	717025	99.0536
nko-arts	1	717026	99.0537
nmbs-medewerkster	1	717027	99.0538
nmbs-problemen	1	717028	99.054
nmbssong	1	717029	99.0541
nnt	1	717030	99.0543
no's	1	717031	99.0544
no-fly	1	717032	99.0545
no-fly-beleid	1	717033	99.0547
no-fly-zone-blik	1	717034	99.0548
no-lifen	1	717035	99.0549
noa	1	717036	99.0551
noal	1	717037	99.0552
noami	1	717038	99.0554
nob	1	717039	99.0555
nobelaer	1	717040	99.0556
nobody	1	717041	99.0558
noc.gpshosting.nl	1	717042	99.0559
noc.vpshosting.nl	1	717043	99.0561
nodeloos	1	717044	99.0562
noden	1	717045	99.0563
nodig.id	1	717046	99.0565
nodigde	1	717047	99.0566
noeme	1	717048	99.0567
noemenswaardige	1	717049	99.0569
noemenswaardigs	1	717050	99.057
noemer	1	717051	99.0572
noene	1	717052	99.0573
noes	1	717053	99.0574
noeste	1	717054	99.0576
noet	1	717055	99.0577
noeuwe	1	717056	99.0578
nof	1	717057	99.058
nog.in	1	717058	99.0581
nog.mee	1	717059	99.0583
noga	1	717060	99.0584
nogat	1	717061	99.0585
noges	1	717062	99.0587
nogniet	1	717063	99.0588
nogsteeds	1	717064	99.059
nogt	1	717065	99.0591
nogthans	1	717066	99.0592
nogwa	1	717067	99.0594
noh	1	717068	99.0595
noig	1	717069	99.0596
noise	1	717070	99.0598
noises	1	717071	99.0599
nominale	1	717072	99.0601
non	1	717073	99.0602
non-onderwerp	1	717074	99.0603
non-stop	1	717075	99.0605
non-studiedag	1	717076	99.0606
nonchalant	1	717077	99.0608
nonde	1	717078	99.0609
nondedjaar	1	717079	99.061
nonsens	1	717080	99.0612
noodgedwongen	1	717081	99.0613
noodgerief	1	717082	99.0614
noodlift	1	717083	99.0616
noodnummer	1	717084	99.0617
noodoplossing	1	717085	99.0619
noodplan	1	717086	99.062
noodsituaties	1	717087	99.0621
noodweer	1	717088	99.0623
noooo	1	717089	99.0624
noooodig	1	717090	99.0625
noorderterras	1	717091	99.0627
noordoost	1	717092	99.0628
noordpool	1	717093	99.063
noordwal	1	717094	99.0631
noordzandstraat	1	717095	99.0632
noorwegen	1	717096	99.0634
noot	1	717097	99.0635
nooteboom	1	717098	99.0637
nootjesdag	1	717099	99.0638
noq	1	717100	99.0639
norgen	1	717101	99.0641
normal	1	717102	99.0642
normandie	1	717103	99.0643
normen	1	717104	99.0645
normgezien	1	717105	99.0646
norse	1	717106	99.0648
north	1	717107	99.0649
nota	1	717108	99.065
nota's	1	717109	99.0652
noteer	1	717110	99.0653
noticed	1	717111	99.0654
notitieboekjes	1	717112	99.0656
notre	1	717113	99.0657
notulen	1	717114	99.0659
novieten	1	717115	99.066
noyelle	1	717116	99.0661
npen	1	717117	99.0663
npg	1	717118	99.0664
nrcnext	1	717119	99.0666
nrg	1	717120	99.0667
nrml	1	717121	99.0668
nrormaal	1	717122	99.067
ns-site	1	717123	99.0671
ns.x	1	717124	99.0672
nsdeel	1	717125	99.0674
ntg	1	717126	99.0675
ntl	1	717127	99.0677
nts	1	717128	99.0678
nu.bij	1	717129	99.0679
nu.pas	1	717130	99.0681
nu.wat	1	717131	99.0682
nu.xr	1	717132	99.0683
nuanceterra	1	717133	99.0685
nueqen	1	717134	99.0686
nuja	1	717135	99.0688
nujah	1	717136	99.0689
nuke	1	717137	99.069
nuked	1	717138	99.0692
nuken	1	717139	99.0693
nultweebier	1	717140	99.0695
nummerborden	1	717141	99.0696
nummering	1	717142	99.0697
nummeromzetting	1	717143	99.0699
nummerplaat	1	717144	99.07
nummertje	1	717145	99.0701
nur	1	717146	99.0703
nurburgring	1	717147	99.0704
nutini	1	717148	99.0706
nutrologie	1	717149	99.0707
nuts	1	717150	99.0708
nutteloos	1	717151	99.071
nvm	1	717152	99.0711
ny	1	717153	99.0712
nykopping	1	717154	99.0714
nèrgens	1	717155	99.0715
néé	1	717156	99.0717
nòg	1	717157	99.0718
o-malle	1	717158	99.0719
o.b.v.	1	717159	99.0721
o.i.d	1	717160	99.0722
o.i.d.	1	717161	99.0724
oamda	1	717162	99.0725
oana	1	717163	99.0726
oase	1	717164	99.0728
oasis	1	717165	99.0729
ober	1	717166	99.073
objecten	1	717167	99.0732
objection	1	717168	99.0733
obligate	1	717169	99.0735
observeren	1	717170	99.0736
oc	1	717171	99.0737
occassion	1	717172	99.0739
occult	1	717173	99.074
occuperen	1	717174	99.0742
och	1	717175	99.0743
ochtendbbb	1	717176	99.0744
ochtendberichtje	1	717177	99.0746
ochtendconcert	1	717178	99.0747
ochtenden	1	717179	99.0748
ochtendkusje	1	717180	99.075
ochtendkusjes	1	717181	99.0751
ochtendspits	1	717182	99.0753
ochtendzoen	1	717183	99.0754
ochtens	1	717184	99.0755
ocle	1	717185	99.0757
ocmw	1	717186	99.0758
ocs	1	717187	99.0759
odd	1	717188	99.0761
odds	1	717189	99.0762
oddstream	1	717190	99.0764
ods	1	717191	99.0765
oe-hoe	1	717192	99.0766
oefen	1	717193	99.0768
oefenmatch	1	717194	99.0769
oek	1	717195	99.0771
oekraine	1	717196	99.0772
oepsie	1	717197	99.0773
oeral	1	717198	99.0775
oergeluiden	1	717199	99.0776
oerinstincten	1	717200	99.0777
oersaai	1	717201	99.0779
oersimpel	1	717202	99.078
oesterdam	1	717203	99.0782
oesters	1	717204	99.0783
oetker	1	717205	99.0784
oeveel	1	717206	99.0786
oeverloze	1	717207	99.0787
oewe	1	717208	99.0788
oewist	1	717209	99.079
of.di	1	717210	99.0791
of.is	1	717211	99.0793
ofda	1	717212	99.0794
off-limits	1	717213	99.0795
off-line	1	717214	99.0797
offer	1	717215	99.0798
official	1	717216	99.08
officiële	1	717217	99.0801
ofje	1	717218	99.0802
ofk	1	717219	99.0804
ofso	1	717220	99.0805
ofsoo	1	717221	99.0806
ofzi	1	717222	99.0808
ofzoXD	1	717223	99.0809
ogenblikken	1	717224	99.0811
ogende	1	717225	99.0812
ohhh	1	717226	99.0813
oho	1	717227	99.0815
ohoh	1	717228	99.0816
oioioioioiijee	1	717229	99.0817
oirschot	1	717230	99.0819
oisterwijk	1	717231	99.082
okee^^	1	717232	99.0822
okhok	1	717233	99.0823
oki	1	717234	99.0824
okj	1	717235	99.0826
oksel	1	717236	99.0827
oksels	1	717237	99.0829
okt.	1	717238	99.083
oktober-december	1	717239	99.0831
ol	1	717240	99.0833
olaf	1	717241	99.0834
olague	1	717242	99.0835
olato	1	717243	99.0837
oldie	1	717244	99.0838
ole	1	717245	99.084
oleeeee	1	717246	99.0841
oliebo	1	717247	99.0842
oliebol	1	717248	99.0844
oliebollenkraam	1	717249	99.0845
olifanten	1	717250	99.0846
olifantenmuisjes	1	717251	99.0848
olijfolie	1	717252	99.0849
ollik	1	717253	99.0851
oma-weekend	1	717254	99.0852
omar	1	717255	99.0853
omboeken	1	717256	99.0855
omdawe	1	717257	99.0856
omdraait	1	717258	99.0858
omelet	1	717259	99.0859
omelets	1	717260	99.086
omer	1	717261	99.0862
omgaat	1	717262	99.0863
omgebouwde	1	717263	99.0864
omgedraaid	1	717264	99.0866
omgekleed	1	717265	99.0867
omgekomen	1	717266	99.0869
omgeleide	1	717267	99.087
omgeslagen	1	717268	99.0871
omgevingen	1	717269	99.0873
omhaal	1	717270	99.0874
omhalen	1	717271	99.0876
omheen	1	717272	99.0877
omji	1	717273	99.0878
omkome	1	717274	99.088
omkoopbaar	1	717275	99.0881
omleiding	1	717276	99.0882
omlopen	1	717277	99.0884
ommekeer	1	717278	99.0885
ommeunig	1	717279	99.0887
ompdat	1	717280	99.0888
omringen	1	717281	99.0889
omroep	1	717282	99.0891
omroepen	1	717283	99.0892
omruilt	1	717284	99.0893
omschreef	1	717285	99.0895
omschrijving	1	717286	99.0896
omslachtige	1	717287	99.0898
omslag	1	717288	99.0899
omspringen	1	717289	99.09
omstreeks	1	717290	99.0902
omt	1	717291	99.0903
omte	1	717292	99.0905
omvalaktie	1	717293	99.0906
omver	1	717294	99.0907
omviel	1	717295	99.0909
omvormen	1	717296	99.091
omweg	1	717297	99.0911
omwille	1	717298	99.0913
omwisselen	1	717299	99.0914
omzeilen	1	717300	99.0916
omzwervingen	1	717301	99.0917
on-screen	1	717302	99.0918
on-vrolijk	1	717303	99.092
onaandachtig	1	717304	99.0921
onaangekondigd	1	717305	99.0922
onaangenaam	1	717306	99.0924
onafgebroken	1	717307	99.0925
onafhankelijk	1	717308	99.0927
onbegrensd	1	717309	99.0928
onbegrip	1	717310	99.0929
onbehoorlijke	1	717311	99.0931
onbekende	1	717312	99.0932
onbekenden	1	717313	99.0934
onbekends	1	717314	99.0935
onbekwame	1	717315	99.0936
onbelangrijk	1	717316	99.0938
onbemeubeld	1	717317	99.0939
onbenut	1	717318	99.094
onbeperkt	1	717319	99.0942
onbeperkte	1	717320	99.0943
onbereikbaarheid	1	717321	99.0945
onberpekt	1	717322	99.0946
onbestaande	1	717323	99.0947
onbetaalbaar	1	717324	99.0949
onbetrouwbare	1	717325	99.095
onbewoond	1	717326	99.0951
onbezorgd	1	717327	99.0953
oncze	1	717328	99.0954
ondankbaar	1	717329	99.0956
onderOeksplekken	1	717330	99.0957
onderaande	1	717331	99.0958
onderbemand	1	717332	99.096
onderbinden	1	717333	99.0961
onderbreek	1	717334	99.0963
onderbreking	1	717335	99.0964
onderbrengen	1	717336	99.0965
onderbuik	1	717337	99.0967
onderbuur	1	717338	99.0968
onderdaan	1	717339	99.0969
onderdrukken	1	717340	99.0971
onderdrukt	1	717341	99.0972
ondergaande	1	717342	99.0974
ondergelopen	1	717343	99.0975
ondergepist	1	717344	99.0976
ondergesneeuwd	1	717345	99.0978
ondergetekende	1	717346	99.0979
ondergrond	1	717347	99.098
onderhand	1	717348	99.0982
onderhuurder	1	717349	99.0983
onderkant	1	717350	99.0985
onderlopen	1	717351	99.0986
ondermeer	1	717352	99.0987
ondernemer	1	717353	99.0989
ondernomen	1	717354	99.099
onderop	1	717355	99.0992
onderplassen	1	717356	99.0993
onderrug	1	717357	99.0994
onderschat	1	717358	99.0996
onderscheiding	1	717359	99.0997
onderschept	1	717360	99.0998
onderschepte	1	717361	99.1
onderstaand	1	717362	99.1001
ondersteuning	1	717363	99.1003
ondersteunt	1	717364	99.1004
ondertatoeeren	1	717365	99.1005
ondertiteld	1	717366	99.1007
onderverhuren	1	717367	99.1008
ondervinden	1	717368	99.101
ondervoorzitter	1	717369	99.1011
ondervraging	1	717370	99.1012
onderwatergadgets	1	717371	99.1014
onderwerpen	1	717372	99.1015
onderwg	1	717373	99.1016
onderzocht	1	717374	99.1018
onderzoeker	1	717375	99.1019
onderzoeks	1	717376	99.1021
onderzoeksgroep	1	717377	99.1022
onderzoeksversl	1	717378	99.1023
onderzoeksvoorstel	1	717379	99.1025
onderzoeksvoorstellen	1	717380	99.1026
ondraaglijke	1	717381	99.1027
ondubbelzinnig	1	717382	99.1029
onduidelijkheden	1	717383	99.103
oneindig	1	717384	99.1032
onenigheid	1	717385	99.1033
onevenredig	1	717386	99.1034
ongecompliceerd	1	717387	99.1036
ongedetailleerde	1	717388	99.1037
ongeduldiger	1	717389	99.1039
ongemakkelijke	1	717390	99.104
ongeregeldheden	1	717391	99.1041
ongerief	1	717392	99.1043
ongerustheid	1	717393	99.1044
ongeschikt	1	717394	99.1045
ongesneden	1	717395	99.1047
ongesteld	1	717396	99.1048
ongevoelige	1	717397	99.105
ongewisse	1	717398	99.1051
ongezelligheid	1	717399	99.1052
ongeïnspireerd	1	717400	99.1054
onherroepelijk	1	717401	99.1055
onhip	1	717402	99.1056
oninneembare	1	717403	99.1058
oninteressante	1	717404	99.1059
onklaar	1	717405	99.1061
onklopbaar	1	717406	99.1062
onkruid	1	717407	99.1063
onkyo	1	717408	99.1065
onlaaaaaaaiaaaaaaaaiaaaaiaaaaan	1	717409	99.1066
onlangs	1	717410	99.1068
online-toegangscode	1	717411	99.1069
onmetelijk	1	717412	99.107
onmiddellijke	1	717413	99.1072
onnoemelijk	1	717414	99.1073
onnozelaar	1	717415	99.1074
onnozelaars	1	717416	99.1076
onnozelheid	1	717417	99.1077
onontkoombaar	1	717418	99.1079
onophoudelijk	1	717419	99.108
onozel	1	717420	99.1081
onplezierig	1	717421	99.1083
onprettig	1	717422	99.1084
onrechtstreeks	1	717423	99.1085
onromantisch	1	717424	99.1087
ons.za	1	717425	99.1088
onsamenhangende	1	717426	99.109
onschuldige	1	717427	99.1091
onschuldigs	1	717428	99.1092
onsje	1	717429	99.1094
onsterfelijk	1	717430	99.1095
onszelf	1	717431	99.1097
ontFacebookt	1	717432	99.1098
ontberingen	1	717433	99.1099
ontbijtachtig	1	717434	99.1101
ontbijtfase	1	717435	99.1102
ontbijtkoeken	1	717436	99.1103
ontbijtn	1	717437	99.1105
ontbijtplankjes	1	717438	99.1106
ontbijtvergadering	1	717439	99.1108
ontblood	1	717440	99.1109
ontbrak	1	717441	99.111
ontbrakt	1	717442	99.1112
ontbrekend	1	717443	99.1113
ontbrekende	1	717444	99.1115
ontbréékt	1	717445	99.1116
ontbyt	1	717446	99.1117
ontdek	1	717447	99.1119
ontdekkingsreizigerskamp	1	717448	99.112
ontdekte	1	717449	99.1121
ontdooien	1	717450	99.1123
onterechte	1	717451	99.1124
ontevreden	1	717452	99.1126
ontfermt	1	717453	99.1127
ontfutselen	1	717454	99.1128
ontgrendelen	1	717455	99.113
onthaal	1	717456	99.1131
ontkenning	1	717457	99.1132
ontknoping	1	717458	99.1134
ontkurken	1	717459	99.1135
ontkurkt	1	717460	99.1137
ontladen	1	717461	99.1138
ontlopen	1	717462	99.1139
ontmoedigen	1	717463	99.1141
ontmoedigend	1	717464	99.1142
ontnuchteren	1	717465	99.1144
ontploffen	1	717466	99.1145
ontplofte	1	717467	99.1146
ontpokken	1	717468	99.1148
ontpopt	1	717469	99.1149
ontrafelen	1	717470	99.115
ontruimd	1	717471	99.1152
ontslagen	1	717472	99.1153
ontsnappen	1	717473	99.1155
ontspannend	1	717474	99.1156
ontspannende	1	717475	99.1157
ontspoort	1	717476	99.1159
ontstaan	1	717477	99.116
ontstekingsremmende	1	717478	99.1161
onttrainingstage	1	717479	99.1163
ontvanger	1	717480	99.1164
ontvangstbevestiging	1	717481	99.1166
ontvangstsmsje	1	717482	99.1167
ontvlooien	1	717483	99.1168
ontvlucht	1	717484	99.117
ontw	1	717485	99.1171
ontwaakt	1	717486	99.1173
ontweken	1	717487	99.1174
ontwenningsverschijnselen	1	717488	99.1175
ontwerp	1	717489	99.1177
ontwerpen	1	717490	99.1178
ontwerpt	1	717491	99.1179
ontwijken	1	717492	99.1181
ontwikkel	1	717493	99.1182
ontwikkelaar	1	717494	99.1184
ontwikkeld	1	717495	99.1185
ontwikkelingen	1	717496	99.1186
ontwikkelingsland	1	717497	99.1188
ontwikkelingswebsite	1	717498	99.1189
ontworpen	1	717499	99.119
ontzie	1	717500	99.1192
onverantwoordelijk	1	717501	99.1193
onvermijdelijke	1	717502	99.1195
onverstaanbaar	1	717503	99.1196
onverstaanbare	1	717504	99.1197
onverstandig	1	717505	99.1199
onvoldoendes	1	717506	99.12
onvoorzien	1	717507	99.1202
onwaarschijnlijk	1	717508	99.1203
onweerachtig	1	717509	99.1204
onweersbui	1	717510	99.1206
onweersbuien	1	717511	99.1207
onwetend	1	717512	99.1208
onzinnige	1	717513	99.121
oodje	1	717514	99.1211
ooggetuigen	1	717515	99.1213
oogleden	1	717516	99.1214
oogschaduw	1	717517	99.1215
oogske	1	717518	99.1217
oogt	1	717519	99.1218
ook.no	1	717520	99.1219
ookl	1	717521	99.1221
ooooooook	1	717522	99.1222
oorbloed	1	717523	99.1224
oorden	1	717524	99.1225
oorlog	1	717525	99.1226
oorlogspad	1	717526	99.1228
oortjes	1	717527	99.1229
oostblokkers	1	717528	99.1231
oostduinkerke	1	717529	99.1232
oosten	1	717530	99.1233
oostenrijk	1	717531	99.1235
oosterburen	1	717532	99.1236
oosterhout	1	717533	99.1237
oostkamp	1	717534	99.1239
ootmarsum	1	717535	99.124
op't	1	717536	99.1242
op.je	1	717537	99.1243
op.za	1	717538	99.1244
opabad	1	717539	99.1246
opakke	1	717540	99.1247
opbouw	1	717541	99.1249
opbouwen	1	717542	99.125
opbouwende	1	717543	99.1251
opbreng	1	717544	99.1253
opdat	1	717545	99.1254
opdoeken	1	717546	99.1255
opdr	1	717547	99.1257
opdraaien	1	717548	99.1258
opdrachtbundel	1	717549	99.126
opdring	1	717550	99.1261
opdringen	1	717551	99.1262
opdringerig	1	717552	99.1264
opdringerige	1	717553	99.1265
opdringt	1	717554	99.1266
opeen	1	717555	99.1268
opeisen	1	717556	99.1269
opeltje	1	717557	99.1271
openbare	1	717558	99.1272
opendaggen	1	717559	99.1273
opende	1	717560	99.1275
opengebarsten	1	717561	99.1276
opengekrabd	1	717562	99.1278
opengesteld	1	717563	99.1279
openingsdans	1	717564	99.128
openingsdrink	1	717565	99.1282
openingssessie	1	717566	99.1283
openingstijden	1	717567	99.1284
openingsuren	1	717568	99.1286
openlaten	1	717569	99.1287
openlucht	1	717570	99.1289
openminded	1	717571	99.129
openstaan	1	717572	99.1291
opentrekken	1	717573	99.1293
openzijn	1	717574	99.1294
operation	1	717575	99.1295
opfietsen	1	717576	99.1297
opfrissen	1	717577	99.1298
opgaan	1	717578	99.13
opgaat	1	717579	99.1301
opgaven	1	717580	99.1302
opgebeld	1	717581	99.1304
opgeblazen	1	717582	99.1305
opgebouwd	1	717583	99.1307
opgefietst	1	717584	99.1308
opgefokt	1	717585	99.1309
opgefrist	1	717586	99.1311
opgehelderd	1	717587	99.1312
opgehoogd	1	717588	99.1313
opgeklaard	1	717589	99.1315
opgekomen	1	717590	99.1316
opgelaaid	1	717591	99.1318
opgelet	1	717592	99.1319
opgeleverd	1	717593	99.132
opgeluchte	1	717594	99.1322
opgemerkt	1	717595	99.1323
opgepast	1	717596	99.1324
opgepikt	1	717597	99.1326
opgeplooid	1	717598	99.1327
opgescheept	1	717599	99.1329
opgeslokt	1	717600	99.133
opgesloten	1	717601	99.1331
opgesmikkeld	1	717602	99.1333
opgestart	1	717603	99.1334
opgestiefeld	1	717604	99.1336
opgestookt	1	717605	99.1337
opgetreden	1	717606	99.1338
opgetrokken	1	717607	99.134
opgeve	1	717608	99.1341
opgevraagd	1	717609	99.1342
opgewaardeerd	1	717610	99.1344
opgewarmd	1	717611	99.1345
opgewonden	1	717612	99.1347
opgezet	1	717613	99.1348
ophaal	1	717614	99.1349
ophaalpoging	1	717615	99.1351
ophaalt	1	717616	99.1352
ophangt	1	717617	99.1353
ophasselt	1	717618	99.1355
ophen	1	717619	99.1356
ophing	1	717620	99.1358
ophoudt	1	717621	99.1359
opinion	1	717622	99.136
opklaring	1	717623	99.1362
opknappen	1	717624	99.1363
opknapt	1	717625	99.1365
opkomen	1	717626	99.1366
opkomende	1	717627	99.1367
opkroppen	1	717628	99.1369
opkropt	1	717629	99.137
opkuiswerk	1	717630	99.1371
opladers	1	717631	99.1373
opleidig	1	717632	99.1374
opleidingen	1	717633	99.1376
opleverde	1	717634	99.1377
oplevering	1	717635	99.1378
oplevert	1	717636	99.138
oplichters	1	717637	99.1381
oplopen	1	717638	99.1383
oploskoffie	1	717639	99.1384
oplossingen	1	717640	99.1385
oplost	1	717641	99.1387
opluchten	1	717642	99.1388
opme	1	717643	99.1389
opmeet	1	717644	99.1391
opmerlingen	1	717645	99.1392
opmete	1	717646	99.1394
opmeten	1	717647	99.1395
opnaaien	1	717648	99.1396
opname	1	717649	99.1398
opneme	1	717650	99.1399
oponthoud	1	717651	99.14
oppasplannen	1	717652	99.1402
opperdepop	1	717653	99.1403
oppervlakte	1	717654	99.1405
opplakken	1	717655	99.1406
opplooien	1	717656	99.1407
oppompen	1	717657	99.1409
opportunities	1	717658	99.141
opposed	1	717659	99.1412
opposite	1	717660	99.1413
opps	1	717661	99.1414
oprichten	1	717662	99.1416
oproept	1	717663	99.1417
oproer	1	717664	99.1418
oprotpremie	1	717665	99.142
opruim	1	717666	99.1421
opruimdag	1	717667	99.1423
opruimen=memories	1	717668	99.1424
opscheplepel	1	717669	99.1425
opschonen	1	717670	99.1427
opschriften	1	717671	99.1428
opslag	1	717672	99.1429
opsluiten	1	717673	99.1431
opsomming	1	717674	99.1432
opsporen	1	717675	99.1434
opsporing	1	717676	99.1435
opspuiten	1	717677	99.1436
opsta	1	717678	99.1438
opstartgeluiden	1	717679	99.1439
opsteken	1	717680	99.1441
opstelling	1	717681	99.1442
opstond	1	717682	99.1443
opstrijken	1	717683	99.1445
optelefoneer	1	717684	99.1446
optiek	1	717685	99.1447
optieker	1	717686	99.1449
optimist	1	717687	99.145
optipil	1	717688	99.1452
optisch	1	717689	99.1453
optredentjes	1	717690	99.1454
optreedt	1	717691	99.1456
opu	1	717692	99.1457
opvallen	1	717693	99.1458
opvang	1	717694	99.146
opvatten	1	717695	99.1461
opving	1	717696	99.1463
opvoering	1	717697	99.1464
opvolgers	1	717698	99.1465
opvolging	1	717699	99.1467
opvouwen	1	717700	99.1468
opvragen	1	717701	99.147
opvrolijken	1	717702	99.1471
opwacht	1	717703	99.1472
opwachting	1	717704	99.1474
opze	1	717705	99.1475
opzitten	1	717706	99.1476
opzoek	1	717707	99.1478
opzoeke	1	717708	99.1479
opzuigen	1	717709	99.1481
oranjewoud	1	717710	99.1482
orbital	1	717711	99.1483
orchid	1	717712	99.1485
orchidee	1	717713	99.1486
ordenen	1	717714	99.1487
order	1	717715	99.1489
orderboek	1	717716	99.149
ordering	1	717717	99.1492
ordinair	1	717718	99.1493
ordners	1	717719	99.1494
ordnung	1	717720	99.1496
oreo's	1	717721	99.1497
orf	1	717722	99.1499
org	1	717723	99.15
organisaties	1	717724	99.1501
organisator	1	717725	99.1503
organisatorisch	1	717726	99.1504
organiseert	1	717727	99.1505
orgasme	1	717728	99.1507
orgel	1	717729	99.1508
origineels	1	717730	99.151
origineler	1	717731	99.1511
orphee	1	717732	99.1512
orval	1	717733	99.1514
orvallekes	1	717734	99.1515
orviedo	1	717735	99.1517
oslo-kano	1	717736	99.1518
osoby	1	717737	99.1519
ostentatief	1	717738	99.1521
ot	1	717739	99.1522
otter	1	717740	99.1523
ottogracht	1	717741	99.1525
ouch	1	717742	99.1526
oud-Duits	1	717743	99.1528
oud-bestuurders	1	717744	99.1529
oudbier	1	717745	99.153
oudejaarslot	1	717746	99.1532
ouden	1	717747	99.1533
ouderWE	1	717748	99.1534
ouderavonden	1	717749	99.1536
ouderfeest	1	717750	99.1537
ouderschapsgeluk	1	717751	99.1539
ouderspreekavond	1	717752	99.154
ouderwetschen	1	717753	99.1541
oudleden	1	717754	99.1543
oudoom	1	717755	99.1544
oudste	1	717756	99.1546
oudtante	1	717757	99.1547
oupeerzaag	1	717758	99.1548
outen	1	717759	99.155
outfitproblemen	1	717760	99.1551
outfitters	1	717761	99.1552
outlets	1	717762	99.1554
outletstore	1	717763	99.1555
output	1	717764	99.1557
outsvan	1	717765	99.1558
ouw	1	717766	99.1559
ov-chipkaart-site	1	717767	99.1561
ovenpatatjes	1	717768	99.1562
overbevolkt	1	717769	99.1563
overbleef	1	717770	99.1565
overblijft	1	717771	99.1566
overblijven	1	717772	99.1568
overboden	1	717773	99.1569
overbooked	1	717774	99.157
overbrengen	1	717775	99.1572
overburen	1	717776	99.1573
overbuur	1	717777	99.1575
overbuurvrouw	1	717778	99.1576
overclocken	1	717779	99.1577
overdoen	1	717780	99.1579
overdracht	1	717781	99.158
overdragen	1	717782	99.1581
overdreef	1	717783	99.1583
overdrijf	1	717784	99.1584
overdrijven	1	717785	99.1586
overduidelijk	1	717786	99.1587
overeengekomen	1	717787	99.1588
overeind	1	717788	99.159
overeten	1	717789	99.1591
overgaat	1	717790	99.1592
overgangskleur	1	717791	99.1594
overgedragen	1	717792	99.1595
overgehad	1	717793	99.1597
overgehouden	1	717794	99.1598
overgehoudn	1	717795	99.1599
overgekeken	1	717796	99.1601
overgekomen	1	717797	99.1602
overgelopen	1	717798	99.1604
overgepakt	1	717799	99.1605
overgeschakeld	1	717800	99.1606
overgeschilderd	1	717801	99.1608
overgeslagen	1	717802	99.1609
overgestapt	1	717803	99.161
overgewaaid	1	717804	99.1612
overgezet	1	717805	99.1613
overhand	1	717806	99.1615
overhead	1	717807	99.1616
overheeft	1	717808	99.1617
overheerlijke	1	717809	99.1619
overheersend	1	717810	99.162
overhoort	1	717811	99.1621
overhoring	1	717812	99.1623
overhouden	1	717813	99.1624
overhuist	1	717814	99.1626
overkom	1	717815	99.1627
overkoop	1	717816	99.1628
overkopen	1	717817	99.163
overkwam	1	717818	99.1631
overladen	1	717819	99.1633
overlaten	1	717820	99.1634
overlegs	1	717821	99.1635
overlegt	1	717822	99.1637
overloop	1	717823	99.1638
overmacht	1	717824	99.1639
overmoedig	1	717825	99.1641
overnachting	1	717826	99.1642
overname	1	717827	99.1644
overnames	1	717828	99.1645
overneem	1	717829	99.1646
overnite	1	717830	99.1648
overroepen	1	717831	99.1649
overrompeld	1	717832	99.1651
overschaduwd	1	717833	99.1652
overschrijving	1	717834	99.1653
overslept	1	717835	99.1655
overspannen	1	717836	99.1656
overstag	1	717837	99.1657
overstuur	1	717838	99.1659
overtreding	1	717839	99.166
overtreft	1	717840	99.1662
overtuigende	1	717841	99.1663
overtypen	1	717842	99.1664
overv	1	717843	99.1666
overval	1	717844	99.1667
overvalt	1	717845	99.1668
overvecht	1	717846	99.167
oververhit	1	717847	99.1671
oververmoeid	1	717848	99.1673
oververmoeide	1	717849	99.1674
overvloed	1	717850	99.1675
overvloedige	1	717851	99.1677
overvol	1	717852	99.1678
overvolle	1	717853	99.168
overwaaien	1	717854	99.1681
overwegingen	1	717855	99.1682
overweldigend	1	717856	99.1684
overwerkt	1	717857	99.1685
overwicht	1	717858	99.1686
overwogen	1	717859	99.1688
overzichten	1	717860	99.1689
overzien	1	717861	99.1691
ovkaart	1	717862	99.1692
ovum	1	717863	99.1693
oxfam	1	717864	99.1695
ozo	1	717865	99.1696
ozon	1	717866	99.1697
p-cel	1	717867	99.1699
p-gebouw	1	717868	99.17
pa-dochter	1	717869	99.1702
paadje	1	717870	99.1703
paapie	1	717871	99.1704
paardemiddel	1	717872	99.1706
paardgereden	1	717873	99.1707
paardrijden	1	717874	99.1709
paars	1	717875	99.171
paars-groen	1	717876	99.1711
paarse	1	717877	99.1713
paasdag	1	717878	99.1714
paaseieren	1	717879	99.1715
paaseierenraap	1	717880	99.1717
paaseitjes	1	717881	99.1718
paasmaandag	1	717882	99.172
paasmis	1	717883	99.1721
paasweekend	1	717884	99.1722
pacific	1	717885	99.1724
pacis	1	717886	99.1725
packed	1	717887	99.1726
packje	1	717888	99.1728
paellaatje	1	717889	99.1729
paf	1	717890	99.1731
pag	1	717891	99.1732
paginablabla	1	717892	99.1733
painkillers	1	717893	99.1735
paintballen	1	717894	99.1736
pair	1	717895	99.1738
pakhuis	1	717896	99.1739
pakjes-postbode	1	717897	99.174
pakjesavond	1	717898	99.1742
pakkendag	1	717899	99.1743
pakkert	1	717900	99.1744
pakketten	1	717901	99.1746
pakkie	1	717902	99.1747
paklijst	1	717903	99.1749
pakspullen	1	717904	99.175
pakweg	1	717905	99.1751
pakzak	1	717906	99.1753
palace	1	717907	99.1754
palacio	1	717908	99.1755
paleistuin	1	717909	99.1757
pali	1	717910	99.1758
palingrokerij	1	717911	99.176
palinka	1	717912	99.1761
palinkafestival	1	717913	99.1762
pallet	1	717914	99.1764
palletjes	1	717915	99.1765
palmbomen	1	717916	99.1767
palmer	1	717917	99.1768
palyaudvar	1	717918	99.1769
pama	1	717919	99.1771
pampelmeesje	1	717920	99.1772
pampelpampel	1	717921	99.1773
pampertime	1	717922	99.1775
pampus	1	717923	99.1776
pancreas	1	717924	99.1778
panda	1	717925	99.1779
pandora	1	717926	99.178
panel	1	717927	99.1782
pang	1	717928	99.1783
paniekerig	1	717929	99.1785
paniekzaaien	1	717930	99.1786
panikeren	1	717931	99.1787
panini's	1	717932	99.1789
panjaki	1	717933	99.179
pann	1	717934	99.1791
pannenkoek	1	717935	99.1793
pannenkoekenles	1	717936	99.1794
pannenset	1	717937	99.1796
panorama	1	717938	99.1797
panoramadak	1	717939	99.1798
panoramafotos	1	717940	99.18
panter	1	717941	99.1801
pantoffelheld	1	717942	99.1802
pantoffels	1	717943	99.1804
pantomiene	1	717944	99.1805
pants	1	717945	99.1807
paolo	1	717946	99.1808
papa's	1	717947	99.1809
papamulder	1	717948	99.1811
papegaaien	1	717949	99.1812
papenstraatje	1	717950	99.1814
paperclip	1	717951	99.1815
papertoy	1	717952	99.1816
papi	1	717953	99.1818
papierliggn	1	717954	99.1819
papiervlokken	1	717955	99.182
papierwerk	1	717956	99.1822
papies	1	717957	99.1823
papje	1	717958	99.1825
pappenheimers	1	717959	99.1826
paprika's	1	717960	99.1827
paprikas	1	717961	99.1829
para	1	717962	99.183
paraceta	1	717963	99.1831
paracetamolletje	1	717964	99.1833
paracetemol	1	717965	99.1834
parades	1	717966	99.1836
paradijs	1	717967	99.1837
paradijslijk	1	717968	99.1838
paradise	1	717969	99.184
paragraaf	1	717970	99.1841
paraguay	1	717971	99.1843
parallelweggetje	1	717972	99.1844
params	1	717973	99.1845
paraplutje	1	717974	99.1847
parasiet	1	717975	99.1848
parel	1	717976	99.1849
parelt	1	717977	99.1851
parelwitte	1	717978	99.1852
parfumerie	1	717979	99.1854
parfums	1	717980	99.1855
parkeerautomaat	1	717981	99.1856
parkeerboetes	1	717982	99.1858
parkeerkaarten	1	717983	99.1859
parkeerkaartje	1	717984	99.186
parkeervergunning	1	717985	99.1862
parkje	1	717986	99.1863
parklaan	1	717987	99.1865
parkplein	1	717988	99.1866
parkweg	1	717989	99.1867
parmaham	1	717990	99.1869
pars	1	717991	99.187
partially	1	717992	99.1872
particular	1	717993	99.1873
partie	1	717994	99.1874
partijen	1	717995	99.1876
partijtjes	1	717996	99.1877
partnerruil	1	717997	99.1878
partout	1	717998	99.188
parttime	1	717999	99.1881
partu	1	718000	99.1883
party-biertje	1	718001	99.1884
partyanimal	1	718002	99.1885
partyday	1	718003	99.1887
partydress	1	718004	99.1888
partypeople	1	718005	99.1889
partysquad	1	718006	99.1891
partytime	1	718007	99.1892
parvis	1	718008	99.1894
pary	1	718009	99.1895
parys	1	718010	99.1896
pasata	1	718011	99.1898
pasfoto's	1	718012	99.1899
pasgeboren	1	718013	99.1901
pashokje	1	718014	99.1902
pasoa	1	718015	99.1903
paspoortcontrole	1	718016	99.1905
paspoortdingen	1	718017	99.1906
paspoortgegevens	1	718018	99.1907
passage	1	718019	99.1909
passagier	1	718020	99.191
passagiersstoel	1	718021	99.1912
passagierszetel	1	718022	99.1913
passed	1	718023	99.1914
passert	1	718024	99.1916
passie	1	718025	99.1917
passief-agressief	1	718026	99.1919
passievol	1	718027	99.192
passing	1	718028	99.1921
passn	1	718029	99.1923
password	1	718030	99.1924
pastaXD	1	718031	99.1925
pastaatje	1	718032	99.1927
pastalijmen	1	718033	99.1928
pastelkleuren	1	718034	99.193
paswoord	1	718035	99.1931
patan	1	718036	99.1932
patatje	1	718037	99.1934
patattebolletjes	1	718038	99.1935
pate	1	718039	99.1936
patersholfeesten	1	718040	99.1938
patersholsfeesten	1	718041	99.1939
paterswoldse	1	718042	99.1941
patient	1	718043	99.1942
patienten	1	718044	99.1943
patiënten	1	718045	99.1945
patrol	1	718046	99.1946
patronen	1	718047	99.1948
patrouille	1	718048	99.1949
pats	1	718049	99.195
paula	1	718050	99.1952
paulien	1	718051	99.1953
paulus	1	718052	99.1954
pauperfeest	1	718053	99.1956
pauperkostuum	1	718054	99.1957
pauw	1	718055	99.1959
pauze-bakkie	1	718056	99.196
pauzeer	1	718057	99.1961
pauzes	1	718058	99.1963
pax	1	718059	99.1964
pay	1	718060	99.1965
payment	1	718061	99.1967
pbl	1	718062	99.1968
pc's	1	718063	99.197
pcnaam	1	718064	99.1971
pcs	1	718065	99.1972
pctje	1	718066	99.1974
pdfje	1	718067	99.1975
pe	1	718068	99.1977
peaches	1	718069	99.1978
peanutbutter	1	718070	99.1979
peasant	1	718071	99.1981
peasy	1	718072	99.1982
pecas	1	718073	99.1983
pechdag	1	718074	99.1985
pedagogie	1	718075	99.1986
pedopriester	1	718076	99.1988
pedro	1	718077	99.1989
pee	1	718078	99.199
peepz	1	718079	99.1992
peet	1	718080	99.1993
peetneefje	1	718081	99.1994
peetoom	1	718082	99.1996
peeënstamp	1	718083	99.1997
peilen	1	718084	99.1999
peins	1	718085	99.2
peinsde	1	718086	99.2001
peinst	1	718087	99.2003
peis	1	718088	99.2004
peizet	1	718089	99.2006
pekuul	1	718090	99.2007
peloetje	1	718091	99.2008
pelt	1	718092	99.201
penaltics	1	718093	99.2011
pendel	1	718094	99.2012
penetrante	1	718095	99.2014
penicilline	1	718096	99.2015
penisverkleiner	1	718097	99.2017
penne	1	718098	99.2018
pennenbakje	1	718099	99.2019
pennenzak	1	718100	99.2021
penny	1	718101	99.2022
pensioenpolis	1	718102	99.2023
pension	1	718103	99.2025
pensionerende	1	718104	99.2026
penthouse	1	718105	99.2028
pentigreef	1	718106	99.2029
peoductief	1	718107	99.203
pep	1	718108	99.2032
pepe	1	718109	99.2033
peperdure	1	718110	99.2035
peperduur	1	718111	99.2036
pepers	1	718112	99.2037
pepertje	1	718113	99.2039
pepperoni	1	718114	99.204
perception	1	718115	99.2041
perchance	1	718116	99.2043
perdolan	1	718117	99.2044
peren	1	718118	99.2046
perenijsjes	1	718119	99.2047
perez	1	718120	99.2048
perfectomundi	1	718121	99.205
permanentie	1	718122	99.2051
permitteren	1	718123	99.2053
perplex	1	718124	99.2054
perrons	1	718125	99.2055
perros	1	718126	99.2057
persconferentie	1	718127	99.2058
persee	1	718128	99.2059
persie	1	718129	99.2061
persil	1	718130	99.2062
persistentiecontroller	1	718131	99.2064
persn	1	718132	99.2065
personages	1	718133	99.2066
personeelsfeestje	1	718134	99.2068
personeelskaart	1	718135	99.2069
personlijk	1	718136	99.207
persons	1	718137	99.2072
persoonlijkheidsdingen	1	718138	99.2073
persoonlijkheidslijsten	1	718139	99.2075
persoonlijkheidtest	1	718140	99.2076
persoonlijks	1	718141	99.2077
persoons	1	718142	99.2079
persoonsbroodje	1	718143	99.208
perspectieven	1	718144	99.2082
persr	1	718145	99.2083
pertinent	1	718146	99.2084
peruaanse	1	718147	99.2086
perugia	1	718148	99.2087
peruviaanse	1	718149	99.2088
pestengasthuis	1	718150	99.209
pet	1	718151	99.2091
petekind	1	718152	99.2093
peters	1	718153	99.2094
petet	1	718154	99.2095
petit	1	718155	99.2097
petrov	1	718156	99.2098
petsen	1	718157	99.2099
petten	1	718158	99.2101
petto	1	718159	99.2102
petöfi	1	718160	99.2104
peugeot	1	718161	99.2105
peukje	1	718162	99.2106
peultjes	1	718163	99.2108
peut	1	718164	99.2109
peut-tu	1	718165	99.2111
peuterpubertijd	1	718166	99.2112
peuters	1	718167	99.2113
pfannekuchen	1	718168	99.2115
pffff	1	718169	99.2116
pffffft	1	718170	99.2117
pfffft	1	718171	99.2119
pffft	1	718172	99.212
pfjoew	1	718173	99.2122
pgb	1	718174	99.2123
pgb-gezin	1	718175	99.2124
ph.d.	1	718176	99.2126
pharen	1	718177	99.2127
phd's	1	718178	99.2128
phili-zalm	1	718179	99.213
philio	1	718180	99.2131
phillipe	1	718181	99.2133
philup	1	718182	99.2134
phocas	1	718183	99.2135
phonelover	1	718184	99.2137
photomerge	1	718185	99.2138
phuuuw	1	718186	99.214
physical	1	718187	99.2141
pianist	1	718188	99.2142
pianospel	1	718189	99.2144
pic	1	718190	99.2145
pica's	1	718191	99.2146
piccolo	1	718192	99.2148
picknick	1	718193	99.2149
picknicken	1	718194	99.2151
picknicktafel	1	718195	99.2152
pico	1	718196	99.2153
pics	1	718197	99.2155
pictionary	1	718198	99.2156
pie	1	718199	99.2157
pieces	1	718200	99.2159
piecken	1	718201	99.216
piedro	1	718202	99.2162
pieken	1	718203	99.2163
piekert	1	718204	99.2164
piekfijn	1	718205	99.2166
piel	1	718206	99.2167
piemel	1	718207	99.2169
piemels	1	718208	99.217
piemeltje	1	718209	99.2171
piens	1	718210	99.2173
piepend	1	718211	99.2174
piepers	1	718212	99.2175
piept	1	718213	99.2177
piercings	1	718214	99.2178
pierke	1	718215	99.218
pietersplein	1	718216	99.2181
pietje	1	718217	99.2182
piezier	1	718218	99.2184
pig	1	718219	99.2185
pigeon	1	718220	99.2187
pijama	1	718221	99.2188
pijnen	1	718222	99.2189
pijnlijkXD	1	718223	99.2191
pijnloze	1	718224	99.2192
pijnstilling	1	718225	99.2193
pijnvrij	1	718226	99.2195
pijpbeurt	1	718227	99.2196
pikant	1	718228	99.2198
pikante	1	718229	99.2199
pikkemoos	1	718230	99.22
piknik	1	718231	99.2202
pikzwart	1	718232	99.2203
pilgrim	1	718233	99.2204
pilletjes	1	718234	99.2206
pilot	1	718235	99.2207
pilseners	1	718236	99.2209
pimp-ish	1	718237	99.221
pimpen	1	718238	99.2211
pin	1	718239	99.2213
pinanty	1	718240	99.2214
pinautomaat	1	718241	99.2216
pincet	1	718242	99.2217
pinda-aars	1	718243	99.2218
pindaars	1	718244	99.222
pindakaas	1	718245	99.2221
pineau	1	718246	99.2222
pingen	1	718247	99.2224
pingpongkameraadje	1	718248	99.2225
pinguïns	1	718249	99.2227
pinkstermaandag	1	718250	99.2228
pinnig	1	718251	99.2229
pinoccio	1	718252	99.2231
pinte	1	718253	99.2232
pintjespak	1	718254	99.2233
pipo-opmerking	1	718255	99.2235
piraat-man	1	718256	99.2236
pirate	1	718257	99.2238
piratenbaai	1	718258	99.2239
piro	1	718259	99.224
pisa	1	718260	99.2242
pisa-firenze	1	718261	99.2243
piskopkes	1	718262	99.2245
pissing	1	718263	99.2246
pist	1	718264	99.2247
pistes	1	718265	99.2249
pistool	1	718266	99.225
pita's	1	718267	99.2251
pitcher	1	718268	99.2253
pitchers	1	718269	99.2254
pitential	1	718270	99.2256
pitje	1	718271	99.2257
pits	1	718272	99.2258
pitspoes	1	718273	99.226
pittem	1	718274	99.2261
pitten	1	718275	99.2262
pittiger	1	718276	99.2264
pittoresque	1	718277	99.2265
pity	1	718278	99.2267
piusstraat	1	718279	99.2268
piza	1	718280	99.2269
pizaatjr	1	718281	99.2271
pizza`s	1	718282	99.2272
pizzabezorger	1	718283	99.2274
pizzafestijn	1	718284	99.2275
pizzas	1	718285	99.2276
pizzatje	1	718286	99.2278
pj	1	718287	99.2279
plAnnen	1	718288	99.228
plaaster	1	718289	99.2282
plaatreiniger	1	718290	99.2283
plaatselijke	1	718291	99.2285
plaatsgebrek	1	718292	99.2286
plaatsgevonden	1	718293	99.2287
plaatsingscode	1	718294	99.2289
plaatsjes	1	718295	99.229
plaatsnaam	1	718296	99.2291
plaatsvinden	1	718297	99.2293
places	1	718298	99.2294
plagen	1	718299	99.2296
plakboeken	1	718300	99.2297
plakkerig	1	718301	99.2298
plamuurmes	1	718302	99.23
planckendael	1	718303	99.2301
planeetjes	1	718304	99.2303
planeten	1	718305	99.2304
plankje	1	718306	99.2305
planne	1	718307	99.2307
planners	1	718308	99.2308
plantenafdeling	1	718309	99.2309
plantje	1	718310	99.2311
plasseren	1	718311	99.2312
plastiek	1	718312	99.2314
plastieken	1	718313	99.2315
plastisch	1	718314	99.2316
platdrukken	1	718315	99.2318
plateau	1	718316	99.2319
platform	1	718317	99.2321
platgebombardeerd	1	718318	99.2322
platknuffelen	1	718319	99.2323
plato's	1	718320	99.2325
plattegrond	1	718321	99.2326
plattegrondje	1	718322	99.2327
plattegrondjes	1	718323	99.2329
platteland	1	718324	99.233
plattelandsvrouwen	1	718325	99.2332
platvoeten	1	718326	99.2333
playa	1	718327	99.2334
playbackt	1	718328	99.2336
players	1	718329	99.2337
playlist	1	718330	99.2338
plaza	1	718331	99.234
pleZier	1	718332	99.2341
pleazzzzze	1	718333	99.2343
plectrum	1	718334	99.2344
plee	1	718335	99.2345
pleeeeease	1	718336	99.2347
pleegde	1	718337	99.2348
pleier	1	718338	99.235
pleinen	1	718339	99.2351
pleinfeest	1	718340	99.2352
pleit	1	718341	99.2354
plekjes	1	718342	99.2355
plekske	1	718343	99.2356
plessy	1	718344	99.2358
plet-trein	1	718345	99.2359
pletsen	1	718346	99.2361
pletter	1	718347	99.2362
pleuje	1	718348	99.2363
pleujer	1	718349	99.2365
pleuren	1	718350	99.2366
pleuris	1	718351	99.2367
plexier	1	718352	99.2369
plezante	1	718353	99.237
pleziergroetjes	1	718354	99.2372
plezierr	1	718355	99.2373
plezir	1	718356	99.2374
plezr	1	718357	99.2376
plintjes	1	718358	99.2377
plonzen	1	718359	99.2379
plooien	1	718360	99.238
plooier	1	718361	99.2381
plooiers	1	718362	99.2383
plotselinge	1	718363	99.2384
plu's	1	718364	99.2385
plu-bezorgservice	1	718365	99.2387
pluche	1	718366	99.2388
plug	1	718367	99.239
pluggen	1	718368	99.2391
pluimen	1	718369	99.2392
pluimgewicht	1	718370	99.2394
pluimke	1	718371	99.2395
pluimken	1	718372	99.2396
pluimpje	1	718373	99.2398
plumeau	1	718374	99.2399
plunderen	1	718375	99.2401
plusje	1	718376	99.2402
pluspunten	1	718377	99.2403
pluutjes	1	718378	99.2405
pmd	1	718379	99.2406
pobeer	1	718380	99.2408
pod	1	718381	99.2409
poeder	1	718382	99.241
poeh	1	718383	99.2412
poema	1	718384	99.2413
poen	1	718385	99.2414
poene	1	718386	99.2416
poepapotheek	1	718387	99.2417
poepchinees	1	718388	99.2419
poepdag	1	718389	99.242
poepdoos	1	718390	99.2421
poepende	1	718391	99.2423
poepers	1	718392	99.2424
poepgezicht	1	718393	99.2425
poephol	1	718394	99.2427
poepievol	1	718395	99.2428
poeping	1	718396	99.243
poepluiers	1	718397	99.2431
poepsie	1	718398	99.2432
poepzak	1	718399	99.2434
poetjes	1	718400	99.2435
poetsdienst	1	718401	99.2437
poezenbezoekje	1	718402	99.2438
poezenpatiënt	1	718403	99.2439
pogen	1	718404	99.2441
points	1	718405	99.2442
poission	1	718406	99.2443
poker	1	718407	99.2445
pokerprijs	1	718408	99.2446
pokerroom	1	718409	99.2448
pokertafel	1	718410	99.2449
pokkemuziek	1	718411	99.245
pokkesaai	1	718412	99.2452
pola	1	718413	99.2453
polder	1	718414	99.2455
pole	1	718415	99.2456
police	1	718416	99.2457
politie-uniform	1	718417	99.2459
politieinval	1	718418	99.246
politieke	1	718419	99.2461
pollerupvej	1	718420	99.2463
polly	1	718421	99.2464
polyvalente	1	718422	99.2466
pomedorisoepje	1	718423	99.2467
pompen	1	718424	99.2468
pong	1	718425	99.247
pont	1	718426	99.2471
poogt	1	718427	99.2472
poolbar	1	718428	99.2474
poolcafe	1	718429	99.2475
poolparty	1	718430	99.2477
poooeees	1	718431	99.2478
pooped	1	718432	99.2479
poopyface	1	718433	99.2481
poor	1	718434	99.2482
poosje	1	718435	99.2484
pootje	1	718436	99.2485
pop-up	1	718437	99.2486
pop-ups	1	718438	99.2488
popcorn	1	718439	99.2489
popel	1	718440	99.249
popeye	1	718441	99.2492
poppetje	1	718442	99.2493
poppodium	1	718443	99.2495
popquiz	1	718444	99.2496
populaire	1	718445	99.2497
populairste	1	718446	99.2499
populariteit	1	718447	99.25
porcupine	1	718448	99.2501
porn	1	718449	99.2503
porte	1	718450	99.2504
porto's	1	718451	99.2506
portret	1	718452	99.2507
portsmouth	1	718453	99.2508
posh	1	718454	99.251
positie	1	718455	99.2511
positieven	1	718456	99.2513
posse	1	718457	99.2514
possession	1	718458	99.2515
possibility	1	718459	99.2517
post-it-blok	1	718460	99.2518
post-stress	1	718461	99.2519
postbus	1	718462	99.2521
posterformaat	1	718463	99.2522
posters	1	718464	99.2524
postertje	1	718465	99.2525
postkantoor	1	718466	99.2526
postkantoren	1	718467	99.2528
postte	1	718468	99.2529
postzegels	1	718469	99.253
potc	1	718470	99.2532
potdicht	1	718471	99.2533
poten	1	718472	99.2535
potentieel	1	718473	99.2536
potgrond	1	718474	99.2537
potjes	1	718475	99.2539
potloden	1	718476	99.254
potlood	1	718477	99.2542
potloodtekening	1	718478	99.2543
potmaatje	1	718479	99.2544
potters	1	718480	99.2546
potverdorie	1	718481	99.2547
poule	1	718482	99.2548
pouring	1	718483	99.255
pouts	1	718484	99.2551
powell	1	718485	99.2553
powerknop	1	718486	99.2554
powernappen	1	718487	99.2555
powervrouw	1	718488	99.2557
powrr	1	718489	99.2558
pozdeji	1	718490	99.2559
poëtisch	1	718491	99.2561
poëzie	1	718492	99.2562
pp.das	1	718493	99.2564
ppf	1	718494	99.2565
ppi	1	718495	99.2566
pprtefulde	1	718496	99.2568
ppt	1	718497	99.2569
pqpop	1	718498	99.2571
pqssen	1	718499	99.2572
pr.in	1	718500	99.2573
praatstoel	1	718501	99.2575
pracht	1	718502	99.2576
prachtdag	1	718503	99.2577
prachtexemplaren	1	718504	99.2579
prachtfeest	1	718505	99.258
prachtjaar	1	718506	99.2582
prachtreis	1	718507	99.2583
prachtstad	1	718508	99.2584
prachttuin	1	718509	99.2586
prachtweer	1	718510	99.2587
practica	1	718511	99.2589
practicumopdr	1	718512	99.259
practisch	1	718513	99.2591
prado	1	718514	99.2593
praesessletje	1	718515	99.2594
praga	1	718516	99.2595
praiseavond	1	718517	99.2597
prakrica	1	718518	99.2598
praktijken	1	718519	99.26
praktischer	1	718520	99.2601
prate	1	718521	99.2602
pratende	1	718522	99.2604
pre-Katy	1	718523	99.2605
pre-bieren	1	718524	99.2606
pre-carnavallen	1	718525	99.2608
pre-christmas	1	718526	99.2609
pre-echtelijke	1	718527	99.2611
pre-kerst	1	718528	99.2612
pre-kerst-zondag	1	718529	99.2613
pre-show	1	718530	99.2615
pre-werchter	1	718531	99.2616
preboozin	1	718532	99.2618
preciekomt	1	718533	99.2619
preciezer	1	718534	99.262
precirs	1	718535	99.2622
precise	1	718536	99.2623
predrink	1	718537	99.2624
preek	1	718538	99.2626
prefer	1	718539	99.2627
pregnant	1	718540	99.2629
prego	1	718541	99.263
prehistorische	1	718542	99.2631
premaman.com	1	718543	99.2633
premier	1	718544	99.2634
premiere	1	718545	99.2635
prente	1	718546	99.2637
prentjes	1	718547	99.2638
prepaid	1	718548	99.264
preparations	1	718549	99.2641
pres	1	718550	99.2642
pres.	1	718551	99.2644
presentaie	1	718552	99.2645
presentje	1	718553	99.2647
presidium	1	718554	99.2648
pressure	1	718555	99.2649
prestatieregeling	1	718556	99.2651
prestaties	1	718557	99.2652
presteer	1	718558	99.2653
pretje	1	718559	99.2655
preventief	1	718560	99.2656
preview	1	718561	99.2658
prices	1	718562	99.2659
priest	1	718563	99.266
prijsje	1	718564	99.2662
prijslijsten	1	718565	99.2663
prijsofferte	1	718566	99.2664
prijstechnisch	1	718567	99.2666
prijsverschil	1	718568	99.2667
prijzenstrategie	1	718569	99.2669
prikalcohol	1	718570	99.267
prikbord	1	718571	99.2671
prikjes	1	718572	99.2673
prikkelbaar	1	718573	99.2674
prikker	1	718574	99.2676
pril	1	718575	99.2677
primaat	1	718576	99.2678
primperan	1	718577	99.268
primus	1	718578	99.2681
prinsje	1	718579	99.2682
prinslief	1	718580	99.2684
print-werk	1	718581	99.2685
printboy	1	718582	99.2687
printgeld	1	718583	99.2688
printjes	1	718584	99.2689
prints	1	718585	99.2691
printscreen	1	718586	99.2692
prio	1	718587	99.2693
prioriteit	1	718588	99.2695
prisc	1	718589	99.2696
prison	1	718590	99.2698
prisoner's	1	718591	99.2699
privacy	1	718592	99.27
private	1	718593	99.2702
prive	1	718594	99.2703
privefeest	1	718595	99.2705
privegebruik	1	718596	99.2706
privé-serenade	1	718597	99.2707
privéchauffeur	1	718598	99.2709
privéleven	1	718599	99.271
privézwembad	1	718600	99.2711
prizemoney	1	718601	99.2713
proactief	1	718602	99.2714
probaat	1	718603	99.2716
probeernoa	1	718604	99.2717
probeten	1	718605	99.2718
probleem.be	1	718606	99.272
probleemo	1	718607	99.2721
problems	1	718608	99.2723
probos	1	718609	99.2724
proc	1	718610	99.2725
procederen	1	718611	99.2727
procedure	1	718612	99.2728
proceeded	1	718613	99.2729
proces	1	718614	99.2731
proces-overleg	1	718615	99.2732
produce	1	718616	99.2734
produceren	1	718617	99.2735
productie	1	718618	99.2736
productivity	1	718619	99.2738
productpresentatie	1	718620	99.2739
proefjes	1	718621	99.274
proeftijd	1	718622	99.2742
proefwerk	1	718623	99.2743
proefwerken	1	718624	99.2745
professionele	1	718625	99.2746
proffessional	1	718626	99.2747
profielfoto	1	718627	99.2749
profs	1	718628	99.275
prognose	1	718629	99.2752
prognoses	1	718630	99.2753
progr	1	718631	99.2754
programma-onderdeel	1	718632	99.2756
programmaboekje	1	718633	99.2757
programmeerdingen	1	718634	99.2758
programmeeropdracht	1	718635	99.276
programmeerprobleem	1	718636	99.2761
programmeerwerk	1	718637	99.2763
programmeur	1	718638	99.2764
progress	1	718639	99.2765
progressie	1	718640	99.2767
projectie	1	718641	99.2768
projectmeetup	1	718642	99.2769
projectvoorstelling	1	718643	99.2771
prolly	1	718644	99.2772
promise	1	718645	99.2774
promising	1	718646	99.2775
promo-job	1	718647	99.2776
promotion	1	718648	99.2778
promotoraverleg	1	718649	99.2779
prompt	1	718650	99.2781
proms	1	718651	99.2782
pronomaster	1	718652	99.2783
prop	1	718653	99.2785
propageren	1	718654	99.2786
properc	1	718655	99.2787
propere	1	718656	99.2789
propje	1	718657	99.279
propolis	1	718658	99.2792
propos	1	718659	99.2793
propose	1	718660	99.2794
proposel	1	718661	99.2796
propt	1	718662	99.2797
proschacht	1	718663	99.2798
prosecco	1	718664	99.28
protesteren	1	718665	99.2801
protocolzaal	1	718666	99.2803
proton	1	718667	99.2804
prov	1	718668	99.2805
proved	1	718669	99.2807
provence	1	718670	99.2808
provided	1	718671	99.281
provinciale	1	718672	99.2811
provincie	1	718673	99.2812
prozent	1	718674	99.2814
prpbleem	1	718675	99.2815
prrrrrr	1	718676	99.2816
prrsoneelsuitje	1	718677	99.2818
prueba	1	718678	99.2819
pruik	1	718679	99.2821
pruillip	1	718680	99.2822
pruimen	1	718681	99.2823
prutserke	1	718682	99.2825
prutswerk	1	718683	99.2826
pruttelen	1	718684	99.2828
pruttelpotje	1	718685	99.2829
prys	1	718686	99.283
présence	1	718687	99.2832
pshychopaat	1	718688	99.2833
psv	1	718689	99.2834
psych	1	718690	99.2836
psychiatrische	1	718691	99.2837
psychisch	1	718692	99.2839
psycho's	1	718693	99.284
psychologie	1	718694	99.2841
psychologie-koffie	1	718695	99.2843
psychologische	1	718696	99.2844
psychology	1	718697	99.2845
psychopaat	1	718698	99.2847
psydirect	1	718699	99.2848
pt	1	718700	99.285
ptain	1	718701	99.2851
ptg	1	718702	99.2852
ptgui	1	718703	99.2854
ptje	1	718704	99.2855
ptn	1	718705	99.2857
pu	1	718706	99.2858
puber	1	718707	99.2859
puberaal	1	718708	99.2861
puberende	1	718709	99.2862
pubkwissen	1	718710	99.2863
publicaties	1	718711	99.2865
publiceren	1	718712	99.2866
pubquizen	1	718713	99.2868
pubs	1	718714	99.2869
puccini	1	718715	99.287
pudding	1	718716	99.2872
puddingske	1	718717	99.2873
puffen	1	718718	99.2874
puistjes	1	718719	99.2876
pukkelpops	1	718720	99.2877
pukske	1	718721	99.2879
pula	1	718722	99.288
pulp	1	718723	99.2881
puma	1	718724	99.2883
punctual	1	718725	99.2884
punished	1	718726	99.2886
punk	1	718727	99.2887
punta	1	718728	99.2888
puntmuts	1	718729	99.289
punto	1	718730	99.2891
pup	1	718731	99.2892
puppy	1	718732	99.2894
puppyeyes	1	718733	99.2895
pups	1	718734	99.2897
purac	1	718735	99.2898
pure	1	718736	99.2899
purgen	1	718737	99.2901
purmerend	1	718738	99.2902
push	1	718739	99.2903
pushen	1	718740	99.2905
pushups	1	718741	99.2906
pussying	1	718742	99.2908
pussyness	1	718743	99.2909
putten	1	718744	99.291
putting	1	718745	99.2912
puyenbroeck	1	718746	99.2913
puzzelen	1	718747	99.2915
puzzelmap	1	718748	99.2916
puzzels	1	718749	99.2917
puzzelstukjes	1	718750	99.2919
puzzeltje	1	718751	99.292
puzzle	1	718752	99.2921
puzzled	1	718753	99.2923
pvc	1	718754	99.2924
pweek	1	718755	99.2926
pwnd	1	718756	99.2927
pws	1	718757	99.2928
qf	1	718758	99.293
qmusic	1	718759	99.2931
qnd	1	718760	99.2932
qq	1	718761	99.2934
qry	1	718762	99.2935
qu	1	718763	99.2937
quack	1	718764	99.2938
quaint	1	718765	99.2939
qualitytime	1	718766	99.2941
quantum	1	718767	99.2942
quarter	1	718768	99.2944
queck	1	718769	99.2945
quelle	1	718770	99.2946
questioning	1	718771	99.2948
questions	1	718772	99.2949
qui	1	718773	99.295
quichevorm	1	718774	99.2952
quitte	1	718775	99.2953
quitters	1	718776	99.2955
quizm	1	718777	99.2956
quizteam	1	718778	99.2957
quoten	1	718779	99.2959
raadde	1	718780	99.296
raadpleging	1	718781	99.2962
raadsels	1	718782	99.2963
raakste	1	718783	99.2964
raalte	1	718784	99.2966
raampje	1	718785	99.2967
raarrr	1	718786	99.2968
raars	1	718787	99.297
raat	1	718788	99.2971
rabbit	1	718789	99.2973
rabbn	1	718790	99.2974
rabobank	1	718791	99.2975
races	1	718792	99.2977
racesimulator	1	718793	99.2978
racketlon	1	718794	99.2979
racoon	1	718795	99.2981
raday	1	718796	99.2982
raderen	1	718797	99.2984
radiatortje	1	718798	99.2985
radicaal	1	718799	99.2986
radical	1	718800	99.2988
radiogesprek	1	718801	99.2989
radiohead	1	718802	99.2991
radioloog	1	718803	99.2992
radiozender	1	718804	99.2993
raffinage	1	718805	99.2995
raggen	1	718806	99.2996
raid	1	718807	99.2997
rainbows	1	718808	99.2999
rakker	1	718809	99.3
ralph	1	718810	99.3002
rambler	1	718811	99.3003
rambo	1	718812	99.3004
rammel	1	718813	99.3006
rammelenbammelen	1	718814	99.3007
rampdown	1	718815	99.3008
rampen	1	718816	99.301
rampenplan	1	718817	99.3011
rampup	1	718818	99.3013
rampzalige	1	718819	99.3014
ramvol	1	718820	99.3015
rana's	1	718821	99.3017
randap	1	718822	99.3018
randfenomeentje	1	718823	99.302
randweg-export	1	718824	99.3021
rangers	1	718825	99.3022
rango	1	718826	99.3024
rangorde	1	718827	99.3025
ranking	1	718828	99.3026
ranlp	1	718829	99.3028
raped	1	718830	99.3029
rappe	1	718831	99.3031
rappeler	1	718832	99.3032
rapporten	1	718833	99.3033
rapportjes	1	718834	99.3035
rapportvergaderingen	1	718835	99.3036
rasjneeti	1	718836	99.3037
rataplan	1	718837	99.3039
rate	1	718838	99.304
ratelde	1	718839	99.3042
ratten	1	718840	99.3043
ray	1	718841	99.3044
raymond	1	718842	99.3046
rayonhoofd	1	718843	99.3047
razendsnel	1	718844	99.3049
razor	1	718845	99.305
rcd	1	718846	99.3051
rdam	1	718847	99.3053
react	1	718848	99.3054
reaction	1	718849	99.3055
reageerden	1	718850	99.3057
real-life	1	718851	99.3058
realise	1	718852	99.306
realistisch	1	718853	99.3061
reality	1	718854	99.3062
reanimeren	1	718855	99.3064
rears	1	718856	99.3065
reasons	1	718857	99.3066
rebooten	1	718858	99.3068
rebound	1	718859	99.3069
recapituleren	1	718860	99.3071
receive	1	718861	99.3072
recensent	1	718862	99.3073
recensies	1	718863	99.3075
recente	1	718864	99.3076
recenter	1	718865	99.3078
recentste	1	718866	99.3079
recepten	1	718867	99.308
receptenfolder	1	718868	99.3082
receptjes	1	718869	99.3083
rechtenprobleem	1	718870	99.3084
rechtenstudies	1	718871	99.3086
rechterhand	1	718872	99.3087
rechthoekje	1	718873	99.3089
rechtstaat	1	718874	99.309
rechtstond	1	718875	99.3091
rechtsvoor	1	718876	99.3093
recidivisten	1	718877	99.3094
recjterkant	1	718878	99.3096
reclameren	1	718879	99.3097
reclamespot	1	718880	99.3098
reconstructie	1	718881	99.31
reconstrueren	1	718882	99.3101
record	1	718883	99.3102
recordpogingfilmpje	1	718884	99.3104
recover	1	718885	99.3105
recovery	1	718886	99.3107
recruit	1	718887	99.3108
rectangular	1	718888	99.3109
redactie	1	718889	99.3111
redbull	1	718890	99.3112
redelijke	1	718891	99.3113
reduce	1	718892	99.3115
reduceren	1	718893	99.3116
reep	1	718894	99.3118
reesers	1	718895	99.3119
reeshof	1	718896	99.312
reet	1	718897	99.3122
reference	1	718898	99.3123
referentie	1	718899	99.3125
refrein	1	718900	99.3126
refresh	1	718901	99.3127
refterachtige	1	718902	99.3129
regarding	1	718903	99.313
regardless	1	718904	99.3131
regelingen	1	718905	99.3133
regelmatiger	1	718906	99.3134
regelmiepje	1	718907	99.3136
regels	1	718908	99.3137
regenachtig	1	718909	99.3138
regenboogjes	1	718910	99.314
regenbuien	1	718911	99.3141
regendansje	1	718912	99.3142
regende	1	718913	99.3144
regenkleding	1	718914	99.3145
regenweer	1	718915	99.3147
regiert	1	718916	99.3148
regionale	1	718917	99.3149
regisseur	1	718918	99.3151
registreren	1	718919	99.3152
reguliere	1	718920	99.3154
regulus	1	718921	99.3155
rei	1	718922	99.3156
reich	1	718923	99.3158
reinforcement	1	718924	99.3159
reinheid	1	718925	99.316
reinigen	1	718926	99.3162
reisbordspellen	1	718927	99.3163
reisgezelschap	1	718928	99.3165
reisgids	1	718929	99.3166
reisidee	1	718930	99.3167
reisjes	1	718931	99.3169
reiske	1	718932	99.317
reisopleiding	1	718933	99.3171
reisorganisatie	1	718934	99.3173
reisorganisator	1	718935	99.3174
reisprogramma's	1	718936	99.3176
reisverz	1	718937	99.3177
reize	1	718938	99.3178
rek.nr	1	718939	99.318
rekende	1	718940	99.3181
rekening(en)	1	718941	99.3183
rekeningen	1	718942	99.3184
rekeningnummers	1	718943	99.3185
rekeningsaldo	1	718944	99.3187
rekeningskes	1	718945	99.3188
rekensommetje	1	718946	99.3189
rekker	1	718947	99.3191
reklame	1	718948	99.3192
reknr	1	718949	99.3194
rekt	1	718950	99.3195
relatie's	1	718951	99.3196
relatiegesprek	1	718952	99.3198
relatieproblemen	1	718953	99.3199
relation	1	718954	99.32
relationele	1	718955	99.3202
relationship	1	718956	99.3203
relatively	1	718957	99.3205
relaxbank	1	718958	99.3206
relaxstand	1	718959	99.3207
relaxtime	1	718960	99.3209
relevants	1	718961	99.321
relschoppers	1	718962	99.3212
remake	1	718963	99.3213
remembered	1	718964	99.3214
remuneration	1	718965	99.3216
rendabel	1	718966	99.3217
renee	1	718967	99.3218
rennies	1	718968	99.322
renovatie	1	718969	99.3221
renske	1	718970	99.3223
rent	1	718971	99.3224
rené	1	718972	99.3225
reparatiebewijs	1	718973	99.3227
repareert	1	718974	99.3228
repeat	1	718975	99.323
repeated	1	718976	99.3231
repetitieweekend	1	718977	99.3232
replaced	1	718978	99.3234
replied	1	718979	99.3235
replying	1	718980	99.3236
report	1	718981	99.3238
reproduct	1	718982	99.3239
reputatie	1	718983	99.3241
reservation	1	718984	99.3242
reservations	1	718985	99.3243
reservenavigatietelefoon	1	718986	99.3245
reserveringen	1	718987	99.3246
reserveringsnummer	1	718988	99.3247
reserves	1	718989	99.3249
reset	1	718990	99.325
resetten	1	718991	99.3252
residentie	1	718992	99.3253
resist	1	718993	99.3254
resolutie	1	718994	99.3256
respectabele	1	718995	99.3257
respecteren	1	718996	99.3259
responsible	1	718997	99.326
restafval	1	718998	99.3261
restanten	1	718999	99.3263
restart	1	719000	99.3264
rester	1	719001	99.3265
restless	1	719002	99.3267
restootje	1	719003	99.3268
restore	1	719004	99.327
restrain	1	719005	99.3271
resubmitten	1	719006	99.3272
retarded	1	719007	99.3274
retepijn	1	719008	99.3275
retouches	1	719009	99.3276
retourneren	1	719010	99.3278
retreated	1	719011	99.3279
rets	1	719012	99.3281
reunie	1	719013	99.3282
reunisten	1	719014	99.3283
reus	1	719015	99.3285
reuzenieuwsgierigdochookbraafgriekslerend	1	719016	99.3286
reuzenrad	1	719017	99.3288
reviewers	1	719018	99.3289
revision	1	719019	99.329
revolving	1	719020	99.3292
reyes	1	719021	99.3293
reïncarnatie	1	719022	99.3294
rhcp	1	719023	99.3296
rheres	1	719024	99.3297
rhetorical	1	719025	99.3299
rhuis	1	719026	99.33
ria	1	719027	99.3301
ribbeke	1	719028	99.3303
ribsters	1	719029	99.3304
riches	1	719030	99.3305
rick	1	719031	99.3307
rid	1	719032	99.3308
ridder	1	719033	99.331
ridders	1	719034	99.3311
ridderstraat	1	719035	99.3312
rider	1	719036	99.3314
riedeltje	1	719037	99.3315
riekt	1	719038	99.3317
rien	1	719039	99.3318
riet	1	719040	99.3319
rietje	1	719041	99.3321
rigoreus	1	719042	99.3322
rigting	1	719043	99.3323
rih	1	719044	99.3325
rijdn	1	719045	99.3326
rijkelijk	1	719046	99.3328
rijker	1	719047	99.3329
rijklaar	1	719048	99.333
rijksregisternummer	1	719049	99.3332
rijlessen	1	719050	99.3333
rijmpjes	1	719051	99.3334
rijpe	1	719052	99.3336
rijs	1	719053	99.3337
rijschool	1	719054	99.3339
rijssel	1	719055	99.334
rikke	1	719056	99.3341
riksha-able	1	719057	99.3343
rillingen	1	719058	99.3344
rimbah	1	719059	99.3346
rimpeltje	1	719060	99.3347
rina	1	719061	99.3348
ringenkoper	1	719062	99.335
ringtone	1	719063	99.3351
riolering	1	719064	99.3352
rioters	1	719065	99.3354
ripley	1	719066	99.3355
risk	1	719067	99.3357
riskeer	1	719068	99.3358
riskeren	1	719069	99.3359
ritjes	1	719070	99.3361
ritprijs	1	719071	99.3362
rivella	1	719072	99.3364
rivers	1	719073	99.3365
rivierenwijk	1	719074	99.3366
rj	1	719075	99.3368
rlapen	1	719076	99.3369
rloor	1	719077	99.337
rlx	1	719078	99.3372
rn	1	719079	99.3373
ro	1	719080	99.3375
roadrunner	1	719081	99.3376
roadtrip	1	719082	99.3377
roaming	1	719083	99.3379
roan	1	719084	99.338
robnt	1	719085	99.3381
roborally	1	719086	99.3383
robot	1	719087	99.3384
rochekle	1	719088	99.3386
rochelle	1	719089	99.3387
rochus	1	719090	99.3388
rock-and-roll-dansen	1	719091	99.339
rockchef	1	719092	99.3391
rocket	1	719093	99.3393
rockt	1	719094	99.3394
rockte	1	719095	99.3395
roda	1	719096	99.3397
roddelen	1	719097	99.3398
rodelbaan	1	719098	99.3399
rodenburg	1	719099	99.3401
rodenburg-van	1	719100	99.3402
rodman	1	719101	99.3404
roe-hoe	1	719102	99.3405
roekeloos	1	719103	99.3406
roel	1	719104	99.3408
roemeentjes	1	719105	99.3409
roept	1	719106	99.341
roerbakken	1	719107	99.3412
roereitje	1	719108	99.3413
roeren	1	719109	99.3415
roermond	1	719110	99.3416
roest	1	719111	99.3417
roestig	1	719112	99.3419
roestvrijstalen	1	719113	99.342
roet	1	719114	99.3422
roike	1	719115	99.3423
rokje	1	719116	99.3424
rokkostuum	1	719117	99.3426
rolde	1	719118	99.3427
role	1	719119	99.3428
rolercoaster	1	719120	99.343
roll-haar	1	719121	99.3431
rollade	1	719122	99.3433
rollenpatroonbevestigende	1	719123	99.3434
rolletje	1	719124	99.3435
rolluik	1	719125	99.3437
rolt	1	719126	99.3438
roltrap	1	719127	99.3439
roma	1	719128	99.3441
romances	1	719129	99.3442
romannetje	1	719130	99.3444
romantic	1	719131	99.3445
rome	1	719132	99.3446
romee	1	719133	99.3448
romelu	1	719134	99.3449
rommelen	1	719135	99.3451
rommelig	1	719136	99.3452
rompuy	1	719137	99.3453
ronald	1	719138	99.3455
ronda	1	719139	99.3456
ronden	1	719140	99.3457
rondes	1	719141	99.3459
rondgaan	1	719142	99.346
rondgedeeld	1	719143	99.3462
rondgeleid	1	719144	99.3463
rondgelopen	1	719145	99.3464
rondgevraagd	1	719146	99.3466
rondhoren	1	719147	99.3467
rondke	1	719148	99.3468
rondleidingkje	1	719149	99.347
rondmailen	1	719150	99.3471
rondneuzen	1	719151	99.3473
rondom	1	719152	99.3474
rondreis	1	719153	99.3475
rondrijdt	1	719154	99.3477
rondrit	1	719155	99.3478
rondryden	1	719156	99.348
rondsturen	1	719157	99.3481
ronduit	1	719158	99.3482
rondvaart	1	719159	99.3484
rondvraag	1	719160	99.3485
rondvragen	1	719161	99.3486
ronf	1	719162	99.3488
ronkosaurus	1	719163	99.3489
ronnie	1	719164	99.3491
roodharigen	1	719165	99.3492
roodharigendag	1	719166	99.3493
roodkapje	1	719167	99.3495
roof	1	719168	99.3496
rooie	1	719169	99.3498
rookgeur	1	719170	99.3499
roomboter	1	719171	99.35
roomsaus	1	719172	99.3502
roomservicemeisje	1	719173	99.3503
roomweg	1	719174	99.3504
roosbeekstraat	1	719175	99.3506
roosendaal	1	719176	99.3507
root	1	719177	99.3509
rootfs	1	719178	99.351
rosa	1	719179	99.3511
rosr	1	719180	99.3513
rosseel	1	719181	99.3514
roste	1	719182	99.3515
rotding	1	719183	99.3517
rothandjes	1	719184	99.3518
rothonden	1	719185	99.352
rotles	1	719186	99.3521
rotleven	1	719187	99.3522
rotonde	1	719188	99.3524
rotsen	1	719189	99.3525
rotstuk	1	719190	99.3527
rotten	1	719191	99.3528
rotterdammert	1	719192	99.3529
rottige	1	719193	99.3531
roubaix	1	719194	99.3532
rouge	1	719195	99.3533
roundabout	1	719196	99.3535
rounds	1	719197	99.3536
routebeschr	1	719198	99.3538
routebeschriving	1	719199	99.3539
routedingen	1	719200	99.354
routeplanner	1	719201	99.3542
routervraag	1	719202	99.3543
routes	1	719203	99.3544
rouwt	1	719204	99.3546
roy	1	719205	99.3547
rozebeke	1	719206	99.3549
rozebroekn	1	719207	99.355
rozemarijnbrug	1	719208	99.3551
rozenblaadjes	1	719209	99.3553
rozenburg	1	719210	99.3554
rozier	1	719211	99.3556
rrrrraaaaawwwww	1	719212	99.3557
rsi	1	719213	99.3558
rst	1	719214	99.356
rubber	1	719215	99.3561
rubberen	1	719216	99.3562
rubdown	1	719217	99.3564
rubenkan	1	719218	99.3565
rude	1	719219	99.3567
rudimentary	1	719220	99.3568
rudy	1	719221	99.3569
rugbindweefsel	1	719222	99.3571
rugbyclubhuis	1	719223	99.3572
ruggenprik	1	719224	99.3573
ruggetje	1	719225	99.3575
rugklachten	1	719226	99.3576
rugoefeningetjes	1	719227	99.3578
rugzakje	1	719228	99.3579
ruig	1	719229	99.358
ruiling	1	719230	99.3582
ruime	1	719231	99.3583
ruined	1	719232	99.3585
ruitjes	1	719233	99.3586
rulet	1	719234	99.3587
rumoerig	1	719235	99.3589
rundsstoofvlees	1	719236	99.359
runne	1	719237	99.3591
runnen	1	719238	99.3593
runt	1	719239	99.3594
runway	1	719240	99.3596
rupees	1	719241	99.3597
ruruka	1	719242	99.3598
rus	1	719243	99.36
russisch	1	719244	99.3601
rustgevend	1	719245	99.3602
rustigs	1	719246	99.3604
rustmomenten	1	719247	99.3605
rustmomentje	1	719248	99.3607
rusty	1	719249	99.3608
rutmer	1	719250	99.3609
ruwe	1	719251	99.3611
ruziemaken	1	719252	99.3612
ruzies	1	719253	99.3614
ruzietje	1	719254	99.3615
rver	1	719255	99.3616
rvs	1	719256	99.3618
rws	1	719257	99.3619
rx	1	719258	99.362
rxzaal	1	719259	99.3622
ryde	1	719260	99.3623
rydt	1	719261	99.3625
ryexamen	1	719262	99.3626
s-crisis	1	719263	99.3627
s-nummer	1	719264	99.3629
s-video	1	719265	99.363
sGoe	1	719266	99.3632
sHertogenbosch	1	719267	99.3633
saaaai	1	719268	99.3634
saaiemensenwereld	1	719269	99.3636
saaien	1	719270	99.3637
saaiste	1	719271	99.3638
saampjes	1	719272	99.364
saau	1	719273	99.3641
sabiet	1	719274	99.3643
saboteur	1	719275	99.3644
sachems	1	719276	99.3645
sachemtent	1	719277	99.3647
sachimi	1	719278	99.3648
sack	1	719279	99.3649
safari	1	719280	99.3651
safetycar	1	719281	99.3652
saffre	1	719282	99.3654
safke	1	719283	99.3655
sag's	1	719284	99.3656
sagen	1	719285	99.3658
sahara	1	719286	99.3659
sailen	1	719287	99.3661
sailor	1	719288	99.3662
saints	1	719289	99.3663
sakura	1	719290	99.3665
salami	1	719291	99.3666
salary	1	719292	99.3667
salesrush	1	719293	99.3669
sallinger	1	719294	99.367
salon	1	719295	99.3672
salope	1	719296	99.3673
salto	1	719297	99.3674
salueren	1	719298	99.3676
saluutjes	1	719299	99.3677
samaritanen	1	719300	99.3678
sambal	1	719301	99.368
sambuca	1	719302	99.3681
samedi	1	719303	99.3683
samedisoir	1	719304	99.3684
samendoen	1	719305	99.3685
samengevat	1	719306	99.3687
samengevoegd	1	719307	99.3688
samenhokken	1	719308	99.369
samenleven	1	719309	99.3691
samenleving	1	719310	99.3692
samenlevingen	1	719311	99.3694
samenstellen	1	719312	99.3695
samenvallen	1	719313	99.3696
samenvatten	1	719314	99.3698
samenvattend	1	719315	99.3699
samenzetten	1	719316	99.3701
samenzijn	1	719317	99.3702
samenzitten	1	719318	99.3703
samenzoeken	1	719319	99.3705
samenzoekn	1	719320	99.3706
sammy	1	719321	99.3707
samn	1	719322	99.3709
samurai	1	719323	99.371
sanctum	1	719324	99.3712
sandalen	1	719325	99.3713
sandeep	1	719326	99.3714
sandrine	1	719327	99.3716
sanepa	1	719328	99.3717
sanka	1	719329	99.3719
sanseveria	1	719330	99.372
santino	1	719331	99.3721
sapkuur	1	719332	99.3723
sapna	1	719333	99.3724
sappige	1	719334	99.3725
sar	1	719335	99.3727
sarang	1	719336	99.3728
sarcofaag	1	719337	99.373
sardientjesdoosje	1	719338	99.3731
sardinia	1	719339	99.3732
satan	1	719340	99.3734
sate's	1	719341	99.3735
satéprikket	1	719342	99.3736
saunacomplex	1	719343	99.3738
saunacomplexje	1	719344	99.3739
saunderson	1	719345	99.3741
sausen	1	719346	99.3742
sausje	1	719347	99.3743
sausmix	1	719348	99.3745
save	1	719349	99.3746
saw	1	719350	99.3748
sawé	1	719351	99.3749
saxo	1	719352	99.375
saya	1	719353	99.3752
sayin	1	719354	99.3753
sbs	1	719355	99.3754
scAn	1	719356	99.3756
scampi	1	719357	99.3757
scampi's	1	719358	99.3759
scan	1	719359	99.376
scandinavische	1	719360	99.3761
scanne	1	719361	99.3763
scanner-pc	1	719362	99.3764
scans	1	719363	99.3766
scapino	1	719364	99.3767
scared	1	719365	99.3768
scarf	1	719366	99.377
scarlet	1	719367	99.3771
scart	1	719368	99.3772
scary	1	719369	99.3774
sceptisch	1	719370	99.3775
schAt	1	719371	99.3777
schaamte	1	719372	99.3778
schaapsweg	1	719373	99.3779
schaarbeek	1	719374	99.3781
schaars	1	719375	99.3782
schaats	1	719376	99.3783
schaatsdag	1	719377	99.3785
schaatstalent	1	719378	99.3786
schachtenexamen	1	719379	99.3788
schachtje	1	719380	99.3789
schaduw	1	719381	99.379
schaffen	1	719382	99.3792
schaft	1	719383	99.3793
schagen	1	719384	99.3795
schakel	1	719385	99.3796
schakelen	1	719386	99.3797
schalen	1	719387	99.3799
schandelijke	1	719388	99.38
schansstraat	1	719389	99.3801
schapenstraat	1	719390	99.3803
schappelijke	1	719391	99.3804
scharreleitje	1	719392	99.3806
scharrelkip	1	719393	99.3807
schatje(s)	1	719394	99.3808
schats	1	719395	99.381
schattebout	1	719396	99.3811
schatteboutje	1	719397	99.3812
schatties	1	719398	99.3814
schattigste	1	719399	99.3815
schattinge	1	719400	99.3817
schedule	1	719401	99.3818
schee	1	719402	99.3819
scheelde	1	719403	99.3821
scheenbeen	1	719404	99.3822
scheepsmaatje	1	719405	99.3824
scheepsmaatjes	1	719406	99.3825
scheet	1	719407	99.3826
scheidsrechtersvak	1	719408	99.3828
schelde	1	719409	99.3829
schelde-aud	1	719410	99.383
schelmessen	1	719411	99.3832
schematisch	1	719412	99.3833
schemert	1	719413	99.3835
schenkt	1	719414	99.3836
schep	1	719415	99.3837
schepen	1	719416	99.3839
schepjes	1	719417	99.384
scherme	1	719418	99.3841
scherpst	1	719419	99.3843
scherven	1	719420	99.3844
scheurde	1	719421	99.3846
scheut	1	719422	99.3847
schev	1	719423	99.3848
schijnen	1	719424	99.385
schijt	1	719425	99.3851
schijtbeesten	1	719426	99.3853
schijtbus	1	719427	99.3854
schijtebeu	1	719428	99.3855
schijtedure	1	719429	99.3857
schijtexamen	1	719430	99.3858
schijthogeschool	1	719431	99.3859
schijtlawaai	1	719432	99.3861
schijtplaneet	1	719433	99.3862
schikt	1	719434	99.3864
schilder	1	719435	99.3865
schilderhulp	1	719436	99.3866
schilderijen	1	719437	99.3868
schilderijtje	1	719438	99.3869
schildersbedrijf	1	719439	99.387
schildklier	1	719440	99.3872
schilperoord	1	719441	99.3873
schip	1	719442	99.3875
schir	1	719443	99.3876
schlafen	1	719444	99.3877
schlagt	1	719445	99.3879
schlampe	1	719446	99.388
schlemielig	1	719447	99.3882
schmub	1	719448	99.3883
schmucks	1	719449	99.3884
schnel	1	719450	99.3886
schnitzel	1	719451	99.3887
schnitzeln	1	719452	99.3888
schnitzels	1	719453	99.389
schocking	1	719454	99.3891
schoemakerstraat	1	719455	99.3893
schoene	1	719456	99.3894
schoenenjacht	1	719457	99.3895
schoepen	1	719458	99.3897
schokkaert	1	719459	99.3898
schokkend	1	719460	99.39
schokkende	1	719461	99.3901
schol	1	719462	99.3902
scholen	1	719463	99.3904
scholieren	1	719464	99.3905
scholieren.com	1	719465	99.3906
schommelen	1	719466	99.3908
schonen	1	719467	99.3909
schoolfeest	1	719468	99.3911
schoolghrls	1	719469	99.3912
schoolkinderen	1	719470	99.3913
schoolmail	1	719471	99.3915
schooltaken	1	719472	99.3916
schoolvakantie	1	719473	99.3917
schoolweek	1	719474	99.3919
schoolziek	1	719475	99.392
schoonheidssalon	1	719476	99.3922
schoonmaakbui	1	719477	99.3923
schoonmaakt	1	719478	99.3924
schoonmoeder	1	719479	99.3926
schoontjes	1	719480	99.3927
schoonzoon	1	719481	99.3929
schoonzuslief	1	719482	99.393
schoorsteenmantel	1	719483	99.3931
schop	1	719484	99.3933
schor	1	719485	99.3934
schorseneren	1	719486	99.3935
schort	1	719487	99.3937
schortje	1	719488	99.3938
schotland	1	719489	99.394
schouderklopje	1	719490	99.3941
schouten	1	719491	99.3942
schouwburgring	1	719492	99.3944
schouwders	1	719493	99.3945
schrap	1	719494	99.3946
schrappen	1	719495	99.3948
schriften	1	719496	99.3949
schrijfdag	1	719497	99.3951
schrijfopdracht	1	719498	99.3952
schrijfstuk	1	719499	99.3953
schrijfwijzeren	1	719500	99.3955
schrikt	1	719501	99.3956
schrivn	1	719502	99.3958
schrobbelerkes	1	719503	99.3959
schrobelaar	1	719504	99.396
schroeven	1	719505	99.3962
schroevendraaier	1	719506	99.3963
schroevendraaiertje	1	719507	99.3964
schrokaanval	1	719508	99.3966
schrokken	1	719509	99.3967
schroom	1	719510	99.3969
schryven	1	719511	99.397
schuif	1	719512	99.3971
schuift	1	719513	99.3973
schuilplaats	1	719514	99.3974
schuilt	1	719515	99.3975
schuim	1	719516	99.3977
schuimpje	1	719517	99.3978
schuimwijn	1	719518	99.398
schuivende	1	719519	99.3981
schulden	1	719520	99.3982
schuldige	1	719521	99.3984
schurft	1	719522	99.3985
schuurdeur	1	719523	99.3987
schuurmachine	1	719524	99.3988
schuurpapier	1	719525	99.3989
schuurtjes	1	719526	99.3991
schweg	1	719527	99.3992
schwere	1	719528	99.3993
schyn	1	719529	99.3995
schynt	1	719530	99.3996
schöne	1	719531	99.3998
schönes	1	719532	99.3999
science	1	719533	99.4
sciences	1	719534	99.4002
scoopjes	1	719535	99.4003
scootah	1	719536	99.4004
scooter	1	719537	99.4006
scootmobiel	1	719538	99.4007
scopie	1	719539	99.4009
scoreboekje	1	719540	99.401
scott	1	719541	99.4011
scoubidou	1	719542	99.4013
scouting	1	719543	99.4014
scoutsbal	1	719544	99.4016
scoutshubertus	1	719545	99.4017
scoutskamp	1	719546	99.4018
scoutswoord	1	719547	99.402
scrabblen	1	719548	99.4021
screen	1	719549	99.4022
screenprotector	1	719550	99.4024
screenprotectors	1	719551	99.4025
screens	1	719552	99.4027
screenshots	1	719553	99.4028
scriptie-en	1	719554	99.4029
scriptie-gang	1	719555	99.4031
scriptie-weer	1	719556	99.4032
scriptie.to	1	719557	99.4034
scriptiebegeleider	1	719558	99.4035
scriptiecommentaar	1	719559	99.4036
scriptiegesprek	1	719560	99.4038
scriptieresultaten	1	719561	99.4039
scripties	1	719562	99.404
scriptieschrijven	1	719563	99.4042
scriptiestress	1	719564	99.4043
scriptieweer	1	719565	99.4045
scriptje	1	719566	99.4046
scriptorium-kritiek	1	719567	99.4047
scrotum	1	719568	99.4049
scruffy	1	719569	99.405
sctiptie	1	719570	99.4051
sculpt	1	719571	99.4053
scènes	1	719572	99.4054
sdcaard	1	719573	99.4056
sddp	1	719574	99.4057
seagate	1	719575	99.4058
sealife	1	719576	99.406
seating	1	719577	99.4061
seats	1	719578	99.4063
seb	1	719579	99.4064
seba	1	719580	99.4065
sebs	1	719581	99.4067
sec.	1	719582	99.4068
secondelijm	1	719583	99.4069
secondje	1	719584	99.4071
secr	1	719585	99.4072
secret	1	719586	99.4074
section	1	719587	99.4075
sector	1	719588	99.4076
sectorale	1	719589	99.4078
sedaris	1	719590	99.4079
sedici	1	719591	99.408
seduce	1	719592	99.4082
seducing	1	719593	99.4083
seed	1	719594	99.4085
seeing	1	719595	99.4086
seffes	1	719596	99.4087
seinstoring	1	719597	99.4089
seksbommetje	1	719598	99.409
seksen	1	719599	99.4092
seksfilm	1	719600	99.4093
seksliedje	1	719601	99.4094
sel	1	719602	99.4096
selah	1	719603	99.4097
selecta	1	719604	99.4098
selectiebijeenkomst	1	719605	99.41
seleen	1	719606	99.4101
selexyz	1	719607	99.4103
sell	1	719608	99.4104
selling	1	719609	99.4105
selma	1	719610	99.4107
semi-bikkelen	1	719611	99.4108
semi-verjaardagsfeest	1	719612	99.4109
semi-voorbehoud	1	719613	99.4111
seminarie	1	719614	99.4112
seminariewerk	1	719615	99.4114
semoliens	1	719616	99.4115
senaaszaal	1	719617	99.4116
senior	1	719618	99.4118
seniorenklasse	1	719619	99.4119
sensationeel	1	719620	99.4121
sense	1	719621	99.4122
sentimentele	1	719622	99.4123
sep	1	719623	99.4125
sequel	1	719624	99.4126
ser	1	719625	99.4127
serieuzer	1	719626	99.4129
seringenstraat	1	719627	99.413
serious	1	719628	99.4132
serre	1	719629	99.4133
serveerde	1	719630	99.4134
serverbeheerder	1	719631	99.4136
serveren	1	719632	99.4137
serverproblemen	1	719633	99.4138
servers	1	719634	99.414
servicekosten	1	719635	99.4141
servo	1	719636	99.4143
sese	1	719637	99.4144
sesje	1	719638	99.4145
sessies	1	719639	99.4147
setchehoem	1	719640	99.4148
setjes	1	719641	99.415
setkat	1	719642	99.4151
sets	1	719643	99.4152
seulement	1	719644	99.4154
seut	1	719645	99.4155
sevens	1	719646	99.4156
seventeenth	1	719647	99.4158
seviyorum	1	719648	99.4159
sex	1	719649	99.4161
sexbomb	1	719650	99.4162
sexytime	1	719651	99.4163
sexyvriendje	1	719652	99.4165
seymour	1	719653	99.4166
sfeervol	1	719654	99.4168
sfeervolle	1	719655	99.4169
sferen	1	719656	99.417
sgooee	1	719657	99.4172
sh	1	719658	99.4173
shabby	1	719659	99.4174
shakeapeare	1	719660	99.4176
shaken	1	719661	99.4177
shamala	1	719662	99.4179
shameboy	1	719663	99.418
shampoo	1	719664	99.4181
shangri	1	719665	99.4183
sharen	1	719666	99.4184
shaved	1	719667	99.4185
shawl	1	719668	99.4187
she's	1	719669	99.4188
shelve	1	719670	99.419
sherlock	1	719671	99.4191
shift	1	719672	99.4192
shiiiejiiit	1	719673	99.4194
shiiiiiit	1	719674	99.4195
shipping	1	719675	99.4197
shirtjes	1	719676	99.4198
shitload	1	719677	99.4199
shitstorm	1	719678	99.4201
shizzle	1	719679	99.4202
shocking	1	719680	99.4203
shoe	1	719681	99.4205
shooting	1	719682	99.4206
shopdagje	1	719683	99.4208
shoppingcenter	1	719684	99.4209
shops	1	719685	99.421
shorts	1	719686	99.4212
shotgun	1	719687	99.4213
shotje	1	719688	99.4214
shouldve	1	719689	99.4216
showed	1	719690	99.4217
showered	1	719691	99.4219
showing	1	719692	99.422
showken	1	719693	99.4221
shrek	1	719694	99.4223
shristis	1	719695	99.4224
shuffle	1	719696	99.4226
shutdown	1	719697	99.4227
shy	1	719698	99.4228
si	1	719699	99.423
siammetje	1	719700	99.4231
sieglinde	1	719701	99.4232
siepel	1	719702	99.4234
siert	1	719703	99.4235
siets	1	719704	99.4237
sigaren	1	719705	99.4238
sigaretten	1	719706	99.4239
signalen	1	719707	99.4241
sigur	1	719708	99.4242
sikkies	1	719709	99.4243
silhouetten	1	719710	99.4245
siliconencase	1	719711	99.4246
silva	1	719712	99.4248
sim-kaartje	1	719713	99.4249
simlock	1	719714	99.425
simpels	1	719715	99.4252
simpelweg	1	719716	99.4253
simple	1	719717	99.4255
simplicity	1	719718	99.4256
sims	1	719719	99.4257
simultaan	1	719720	99.4259
sin	1	719721	99.426
sinaai	1	719722	99.4261
sinaas	1	719723	99.4263
sinaasappels	1	719724	99.4264
sinaasappelsap	1	719725	99.4266
sinasappel	1	719726	99.4267
sindskort	1	719727	99.4268
sing	1	719728	99.427
singapore	1	719729	99.4271
singelloop	1	719730	99.4272
singer	1	719731	99.4274
singing	1	719732	99.4275
singstarreke	1	719733	99.4277
singstars	1	719734	99.4278
sinking	1	719735	99.4279
sinon	1	719736	99.4281
sint-godelieve	1	719737	99.4282
sint-michielsschool	1	719738	99.4284
sint-niklaas	1	719739	99.4285
sinterklaasavond	1	719740	99.4286
sinterklaasdrukte	1	719741	99.4288
sinterklaasjournaal	1	719742	99.4289
sinterklaaskadootjes	1	719743	99.429
sinterklaasverlanglijstje	1	719744	99.4292
sinterklaasweekend	1	719745	99.4293
sinterklazen	1	719746	99.4295
sintjacobs	1	719747	99.4296
sintkado's	1	719748	99.4297
sinusitis	1	719749	99.4299
sirenes	1	719750	99.43
siska	1	719751	99.4302
sit	1	719752	99.4303
situaties	1	719753	99.4304
sixpackje	1	719754	99.4306
sixteenth	1	719755	99.4307
sjaaltje	1	719756	99.4308
sjabloon	1	719757	99.431
sjag	1	719758	99.4311
sjakojs	1	719759	99.4313
sjakossen	1	719760	99.4314
sjandawé	1	719761	99.4315
sjansen	1	719762	99.4317
sjarel	1	719763	99.4318
sjatz	1	719764	99.4319
sjauwer	1	719765	99.4321
sjem	1	719766	99.4322
sjeuj	1	719767	99.4324
sjieke	1	719768	99.4325
sjienees	1	719769	99.4326
sjlens	1	719770	99.4328
sjoekske	1	719771	99.4329
sjorhout	1	719772	99.4331
sjorringen	1	719773	99.4332
sjortouw	1	719774	99.4333
skaaaaat	1	719775	99.4335
skaat	1	719776	99.4336
skaten	1	719777	99.4337
skatepark	1	719778	99.4339
skatie	1	719779	99.434
skattie	1	719780	99.4342
skelet	1	719781	99.4343
skibroek	1	719782	99.4344
skibroeken	1	719783	99.4346
skiduim	1	719784	99.4347
skilled	1	719785	99.4348
skillz	1	719786	99.435
skipakken	1	719787	99.4351
skipassen	1	719788	99.4353
skireis	1	719789	99.4354
skitas	1	719790	99.4355
skiënderwijs	1	719791	99.4357
skone	1	719792	99.4358
skoop	1	719793	99.436
skot	1	719794	99.4361
skullkoptelefoon	1	719795	99.4362
sl	1	719796	99.4364
slaaaaapen	1	719797	99.4365
slaagt	1	719798	99.4366
slaapable	1	719799	99.4368
slaapbank	1	719800	99.4369
slaapdronken	1	719801	99.4371
slaapgebrek	1	719802	99.4372
slaapgerief	1	719803	99.4373
slaapgrafiekje	1	719804	99.4375
slaaping	1	719805	99.4376
slaapjes	1	719806	99.4377
slaapkamertje	1	719807	99.4379
slaapkes	1	719808	99.438
slaapkop	1	719809	99.4382
slaapkusjes	1	719810	99.4383
slaaplekker	1	719811	99.4384
slaapliedje	1	719812	99.4386
slaaplocatie	1	719813	99.4387
slaapplaatsje	1	719814	99.4389
slaapplek	1	719815	99.439
slaapplekken	1	719816	99.4391
slaapsmsen	1	719817	99.4393
slaapspul	1	719818	99.4394
slaaptent	1	719819	99.4395
slaapverwekkend	1	719820	99.4397
slaapwelknuffel	1	719821	99.4398
slaapwelkusje	1	719822	99.44
slaapzaal	1	719823	99.4401
slaapzakje	1	719824	99.4402
slaapze	1	719825	99.4404
slaapzetel	1	719826	99.4405
slachtkuikens	1	719827	99.4407
slachtoffers	1	719828	99.4408
sladressing	1	719829	99.4409
slagaderlijke	1	719830	99.4411
slagboom	1	719831	99.4412
slagveld	1	719832	99.4413
slagvolgorde	1	719833	99.4415
slakken	1	719834	99.4416
slakkentempo	1	719835	99.4418
slalombaar	1	719836	99.4419
slanke	1	719837	99.442
slapen-voor-de-borrel-plan	1	719838	99.4422
slapende	1	719839	99.4423
slapengaan	1	719840	99.4424
slaper	1	719841	99.4426
slaperig	1	719842	99.4427
slapers	1	719843	99.4429
slapzakje	1	719844	99.443
slashermovie	1	719845	99.4431
slavendrijver	1	719846	99.4433
slechtere	1	719847	99.4434
sleepstraat	1	719848	99.4436
slegte	1	719849	99.4437
sleijderink	1	719850	99.4438
slet	1	719851	99.444
sleur	1	719852	99.4441
sleurde	1	719853	99.4442
slideshow	1	719854	99.4444
sliepen	1	719855	99.4445
slijm	1	719856	99.4447
slijmbeurs	1	719857	99.4448
slijt	1	719858	99.4449
slijten	1	719859	99.4451
slik	1	719860	99.4452
slikken	1	719861	99.4453
slikonderzoek	1	719862	99.4455
slimXD	1	719863	99.4456
slimmeke	1	719864	99.4458
slimmer	1	719865	99.4459
slimmerd	1	719866	99.446
slimste	1	719867	99.4462
slingert	1	719868	99.4463
slipjesdief	1	719869	99.4465
sloegen	1	719870	99.4466
sloffen	1	719871	99.4467
slogan	1	719872	99.4469
sloggy	1	719873	99.447
sloop	1	719874	99.4471
sloot	1	719875	99.4473
slootweg	1	719876	99.4474
slordige	1	719877	99.4476
slotbarbecue	1	719878	99.4477
slotborrel	1	719879	99.4478
slotdag	1	719880	99.448
slotdienst	1	719881	99.4481
sloten	1	719882	99.4482
sloterdijk	1	719883	99.4484
slotfeest	1	719884	99.4485
slotje	1	719885	99.4487
slotte	1	719886	99.4488
sloven	1	719887	99.4489
slowly	1	719888	99.4491
sluisdeuren	1	719889	99.4492
sluitborrel	1	719890	99.4494
slurf	1	719891	99.4495
slurpen	1	719892	99.4496
slype	1	719893	99.4498
sm	1	719894	99.4499
smaakje	1	719895	99.45
smaakte	1	719896	99.4502
smaakvolle	1	719897	99.4503
smachten	1	719898	99.4505
smakkend	1	719899	99.4506
smakkert	1	719900	99.4507
small	1	719901	99.4509
smalle	1	719902	99.451
smallekes	1	719903	99.4511
smalls	1	719904	99.4513
smartiesronden	1	719905	99.4514
smartphone	1	719906	99.4516
smartphones	1	719907	99.4517
smatch	1	719908	99.4518
smeerboter	1	719909	99.452
smeerlap	1	719910	99.4521
smekelijk	1	719911	99.4523
smell	1	719912	99.4524
smelt	1	719913	99.4525
smerige	1	719914	99.4527
smeyers	1	719915	99.4528
smiek	1	719916	99.4529
smiezen	1	719917	99.4531
smile	1	719918	99.4532
smiling	1	719919	99.4534
smk	1	719920	99.4535
smoakt	1	719921	99.4536
smoelenboek	1	719922	99.4538
smoesje	1	719923	99.4539
smoked	1	719924	99.4541
smoothie	1	719925	99.4542
smoren	1	719926	99.4543
smorgens	1	719927	99.4545
sms-bundel	1	719928	99.4546
sms-gedrag	1	719929	99.4547
sms-kosten	1	719930	99.4549
sms-t	1	719931	99.455
sms-te	1	719932	99.4552
sms-teller	1	719933	99.4553
sms-zoen	1	719934	99.4554
sms.Ik	1	719935	99.4556
smskn	1	719936	99.4557
smsverkeer	1	719937	99.4558
smug	1	719938	99.456
smulleke	1	719939	99.4561
smurf	1	719940	99.4563
smurfen	1	719941	99.4564
smurfenhouse	1	719942	99.4565
småkelyk	1	719943	99.4567
sn	1	719944	99.4568
snack	1	719945	99.457
snackbar	1	719946	99.4571
snackietime	1	719947	99.4572
snackjes	1	719948	99.4574
snappie	1	719949	99.4575
sneak	1	719950	99.4576
sneaken	1	719951	99.4578
sneaky	1	719952	99.4579
sneetje	1	719953	99.4581
sneetjes	1	719954	99.4582
sneeuwballen	1	719955	99.4583
sneeuwbui	1	719956	99.4585
sneeuwde	1	719957	99.4586
sneeuwhappert	1	719958	99.4587
sneeuwhoogte.nl	1	719959	99.4589
sneeuwig	1	719960	99.459
sneeuwscooter	1	719961	99.4592
snelbus	1	719962	99.4593
snelcurcus	1	719963	99.4594
snelcursus	1	719964	99.4596
sneldam	1	719965	99.4597
sneldienstbus	1	719966	99.4599
snellen	1	719967	99.46
snellerd	1	719968	99.4601
snels	1	719969	99.4603
snelste	1	719970	99.4604
sneppes	1	719971	99.4605
sneuvel	1	719972	99.4607
snickersijs	1	719973	99.4608
snik	1	719974	99.461
snikken	1	719975	99.4611
snipelepipke	1	719976	99.4612
snoeihard	1	719977	99.4614
snoeks	1	719978	99.4615
snoepen	1	719979	99.4616
snoeper	1	719980	99.4618
snoepie	1	719981	99.4619
snoepje	1	719982	99.4621
snoepverkoop	1	719983	99.4622
snoertje	1	719984	99.4623
snoodaard	1	719985	99.4625
snookerclub	1	719986	99.4626
snookeren	1	719987	99.4628
snooze	1	719988	99.4629
snor-tassen	1	719989	99.463
snorkelen	1	719990	99.4632
snorreken	1	719991	99.4633
snorrie	1	719992	99.4634
snotneus	1	719993	99.4636
snotter	1	719994	99.4637
snotteren	1	719995	99.4639
snotterig	1	719996	99.464
snow	1	719997	99.4641
snowboarden	1	719998	99.4643
snugger	1	719999	99.4644
snuifzout	1	720000	99.4645
snuister	1	720001	99.4647
snuisteren	1	720002	99.4648
snuiven	1	720003	99.465
snurk	1	720004	99.4651
snurkers	1	720005	99.4652
so'n	1	720006	99.4654
so-so	1	720007	99.4655
soa's	1	720008	99.4657
soc.	1	720009	99.4658
sochtends	1	720010	99.4659
socialisen	1	720011	99.4661
socializen	1	720012	99.4662
socializing	1	720013	99.4663
socks	1	720014	99.4665
sodexonummer	1	720015	99.4666
soepbakje	1	720016	99.4668
soepeler	1	720017	99.4669
soepelheid	1	720018	99.467
soesafoon	1	720019	99.4672
soete	1	720020	99.4673
softbaltastisch	1	720021	99.4675
softbalveld	1	720022	99.4676
softbox	1	720023	99.4677
softie	1	720024	99.4679
software-aanpassing	1	720025	99.468
sog	1	720026	99.4681
soggen	1	720027	99.4683
soigneer	1	720028	99.4684
soigneren	1	720029	99.4686
soirée	1	720030	99.4687
soit	1	720031	99.4688
solapur	1	720032	99.469
sold	1	720033	99.4691
soldenaanwinsten	1	720034	99.4692
soleil	1	720035	99.4694
solex-tochtje	1	720036	99.4695
solid	1	720037	99.4697
solidair	1	720038	99.4698
solisten	1	720039	99.4699
sollicatie	1	720040	99.4701
sollicitant	1	720041	99.4702
sollicitatiedingen	1	720042	99.4704
sollicitatieformulier	1	720043	99.4705
sollicitatiegesprekken	1	720044	99.4706
solliciteer	1	720045	99.4708
solo's	1	720046	99.4709
solsleutel	1	720047	99.471
solveld	1	720048	99.4712
sombrero	1	720049	99.4713
someplace	1	720050	99.4715
sommen	1	720051	99.4716
sommes	1	720052	99.4717
son	1	720053	99.4719
songwriter	1	720054	99.472
sons	1	720055	99.4721
sonsbeek	1	720056	99.4723
sonsbeekzijde	1	720057	99.4724
soo	1	720058	99.4726
soonish	1	720059	99.4727
sooooo	1	720060	99.4728
soortgelijke	1	720061	99.473
sop	1	720062	99.4731
sophisticated	1	720063	99.4733
sorce	1	720064	99.4734
sorey	1	720065	99.4735
sorrv	1	720066	99.4737
sorryyy	1	720067	99.4738
sorteren	1	720068	99.4739
sos	1	720069	99.4741
sossen	1	720070	99.4742
souhaite	1	720071	99.4744
soulfly	1	720072	99.4745
soundcheckr	1	720073	99.4746
soundtrack	1	720074	99.4748
source	1	720075	99.4749
sousafoon	1	720076	99.475
sowry	1	720077	99.4752
spaak	1	720078	99.4753
spaarbank	1	720079	99.4755
spaarbekken	1	720080	99.4756
spaarboekje	1	720081	99.4757
spaarde	1	720082	99.4759
spaarkas	1	720083	99.476
spaarlamp	1	720084	99.4762
spaarlampen	1	720085	99.4763
spaarpot	1	720086	99.4764
spaarzaam	1	720087	99.4766
spacecake	1	720088	99.4767
spakes	1	720089	99.4768
spam-macaroni	1	720090	99.477
spammen	1	720091	99.4771
spammer	1	720092	99.4773
spammerdespam	1	720093	99.4774
spamt	1	720094	99.4775
spanish	1	720095	99.4777
spanjaarden	1	720096	99.4778
spannendere	1	720097	99.4779
spannends	1	720098	99.4781
spannendste	1	720099	99.4782
spareribs	1	720100	99.4784
sparrow	1	720101	99.4785
spatie	1	720102	99.4786
spaties	1	720103	99.4788
spe	1	720104	99.4789
speak	1	720105	99.4791
speakers	1	720106	99.4792
speaking	1	720107	99.4793
spear	1	720108	99.4795
spec	1	720109	99.4796
speciaalbieravond	1	720110	99.4797
speciaalbiertjes	1	720111	99.4799
specialisatie	1	720112	99.48
specialiteiten	1	720113	99.4802
specifieker	1	720114	99.4803
specifieren	1	720115	99.4804
speculoos	1	720116	99.4806
speedgebruiker	1	720117	99.4807
speel-o-theek	1	720118	99.4809
speelbos	1	720119	99.481
speelervaring	1	720120	99.4811
speelgoedwinkel	1	720121	99.4813
speelkameraadje	1	720122	99.4814
speelster	1	720123	99.4815
speeltjes	1	720124	99.4817
speeltuintje	1	720125	99.4818
speen	1	720126	99.482
speer	1	720127	99.4821
spefifieke	1	720128	99.4822
spekglad	1	720129	99.4824
spekkeboer	1	720130	99.4825
speldenmeebrengen	1	720131	99.4826
speletje	1	720132	99.4828
spelkeuze	1	720133	99.4829
spelkledij	1	720134	99.4831
spellenavond	1	720135	99.4832
spellenclub	1	720136	99.4833
spellingshorror	1	720137	99.4835
speln	1	720138	99.4836
spelvorm	1	720139	99.4838
spends	1	720140	99.4839
spermalie	1	720141	99.484
sperziebonen	1	720142	99.4842
spetteren	1	720143	99.4843
spettert	1	720144	99.4844
spettie	1	720145	99.4846
speulen	1	720146	99.4847
spider	1	720147	99.4849
spiegelincident	1	720148	99.485
spiegelreflex	1	720149	99.4851
spiegeltje	1	720150	99.4853
spieghel	1	720151	99.4854
spieken	1	720152	99.4855
spier	1	720153	99.4857
spieren	1	720154	99.4858
spierings	1	720155	99.486
spiermoeheid	1	720156	99.4861
spierpijngel	1	720157	99.4862
spijkerbroek	1	720158	99.4864
spikkels	1	720159	99.4865
spiksplinternieuwe	1	720160	99.4867
spil	1	720161	99.4868
spin	1	720162	99.4869
spinazi	1	720163	99.4871
spinnewyn	1	720164	99.4872
spionnen	1	720165	99.4873
spirten	1	720166	99.4875
spit	1	720167	99.4876
spitburger	1	720168	99.4878
spitsbergen	1	720169	99.4879
splinter	1	720170	99.488
splitsen	1	720171	99.4882
splitsing	1	720172	99.4883
splitten	1	720173	99.4884
spoedafdeling	1	720174	99.4886
spoedeisende	1	720175	99.4887
spoedig	1	720176	99.4889
spoedvergadering	1	720177	99.489
spoelen	1	720178	99.4891
spoelt	1	720179	99.4893
spoke	1	720180	99.4894
spongebob	1	720181	99.4896
sponsjes	1	720182	99.4897
spoog	1	720183	99.4898
spook	1	720184	99.49
spooks	1	720185	99.4901
spookt	1	720186	99.4902
spoon	1	720187	99.4904
spoorbrug	1	720188	99.4905
spoorkuil	1	720189	99.4907
spoormans	1	720190	99.4908
spoorwegen	1	720191	99.4909
sportbandjes	1	720192	99.4911
sportbroek	1	720193	99.4912
sportgerief	1	720194	99.4913
sporthal	1	720195	99.4915
sportievere	1	720196	99.4916
sportkaartvrije	1	720197	99.4918
sportkleding	1	720198	99.4919
sportkleertjes	1	720199	99.492
sportkleren	1	720200	99.4922
sportmarkt	1	720201	99.4923
sportpakje	1	720202	99.4925
sportpaleis	1	720203	99.4926
sportplannen	1	720204	99.4927
sportspullen	1	720205	99.4929
sportuitslagen	1	720206	99.493
sportvrouw	1	720207	99.4931
sportweekend	1	720208	99.4933
sportzak	1	720209	99.4934
spraakbesturing	1	720210	99.4936
spraakpathologie	1	720211	99.4937
sprakeloos	1	720212	99.4938
sprankelend	1	720213	99.494
spray	1	720214	99.4941
spreaks	1	720215	99.4943
sprechen	1	720216	99.4944
spreekbeurt	1	720217	99.4945
spreekte	1	720218	99.4947
spreektempo	1	720219	99.4948
spreekuur	1	720220	99.4949
spreke	1	720221	99.4951
sprekrn	1	720222	99.4952
sprietje	1	720223	99.4954
spring.in	1	720224	99.4955
springbreakparty.nl	1	720225	99.4956
springende	1	720226	99.4958
springkasteel	1	720227	99.4959
springlevend	1	720228	99.496
springn	1	720229	99.4962
springt	1	720230	99.4963
springuren	1	720231	99.4965
sprinkasteel	1	720232	99.4966
sprint	1	720233	99.4967
sprinter	1	720234	99.4969
sproeien	1	720235	99.497
sprongen	1	720236	99.4972
sprookjes	1	720237	99.4973
spss	1	720238	99.4974
spteek	1	720239	99.4976
spuit	1	720240	99.4977
spuitjes	1	720241	99.4978
spuitkaas	1	720242	99.498
spuje	1	720243	99.4981
spullekes	1	720244	99.4983
spulln	1	720245	99.4984
spurt	1	720246	99.4985
spuug	1	720247	99.4987
spuughetti	1	720248	99.4988
spuugn	1	720249	99.4989
spuugslecht	1	720250	99.4991
spuugt	1	720251	99.4992
spy	1	720252	99.4994
spytig	1	720253	99.4995
spätertje	1	720254	99.4996
spé	1	720255	99.4998
square	1	720256	99.4999
squashing	1	720257	99.5001
squashracket	1	720258	99.5002
squashweddenschap	1	720259	99.5003
squatters	1	720260	99.5005
squeeze	1	720261	99.5006
sruurden	1	720262	99.5007
ssc	1	720263	99.5009
sshn	1	720264	99.501
ssssssht	1	720265	99.5012
ssst	1	720266	99.5013
ssstt	1	720267	99.5014
sst	1	720268	99.5016
staa	1	720269	99.5017
staak	1	720270	99.5018
staakt	1	720271	99.502
staal	1	720272	99.5021
staaltjes	1	720273	99.5023
staandegehouden	1	720274	99.5024
staargedrag	1	720275	99.5025
staartjes-safe	1	720276	99.5027
staatslot	1	720277	99.5028
staatsloterij	1	720278	99.503
staden	1	720279	99.5031
stadhuis	1	720280	99.5032
stadhuisstraat	1	720281	99.5034
stadia	1	720282	99.5035
stadsbrink	1	720283	99.5036
stadsbussen	1	720284	99.5038
stadswerker	1	720285	99.5039
staf	1	720286	99.5041
stag	1	720287	99.5042
stageairs	1	720288	99.5043
stagebegeleider	1	720289	99.5045
stagedagje	1	720290	99.5046
stagegedrag	1	720291	99.5047
stagegids	1	720292	99.5049
stagenieuws	1	720293	99.505
stagepresentatie	1	720294	99.5052
stages	1	720295	99.5053
stageverdediging	1	720296	99.5054
stagevoorstelling	1	720297	99.5056
staion	1	720298	99.5057
stairs	1	720299	99.5059
stak	1	720300	99.506
stakerspiket	1	720301	99.5061
stakingen	1	720302	99.5063
staks	1	720303	99.5064
stalked	1	720304	99.5065
stalking	1	720305	99.5067
stalkte	1	720306	99.5068
stalling	1	720307	99.507
stalpoten	1	720308	99.5071
stamcafe	1	720309	99.5072
stamleden	1	720310	99.5074
stamp	1	720311	99.5075
standaarden	1	720312	99.5077
standaardmaten	1	720313	99.5078
standaardwaardes	1	720314	99.5079
standen	1	720315	99.5081
stapelde	1	720316	99.5082
stapjes	1	720317	99.5083
stapkleren	1	720318	99.5085
stapletons	1	720319	99.5086
stapmaatje	1	720320	99.5088
stappe	1	720321	99.5089
stapten	1	720322	99.509
star	1	720323	99.5092
stardag	1	720324	99.5093
start-schotte	1	720325	99.5094
startblokken	1	720326	99.5096
startlijst	1	720327	99.5097
startschot	1	720328	99.5099
startte	1	720329	99.51
stat	1	720330	99.5101
statafel	1	720331	99.5103
state	1	720332	99.5104
stated	1	720333	99.5106
statements	1	720334	99.5107
statenlaan	1	720335	99.5108
states	1	720336	99.511
statiegeld	1	720337	99.5111
statiegeldmeuk	1	720338	99.5112
stationsplein	1	720339	99.5114
stationsrest	1	720340	99.5115
stationsweg	1	720341	99.5117
statistical	1	720342	99.5118
statistics	1	720343	99.5119
statistiekboek	1	720344	99.5121
statistiekcursus	1	720345	99.5122
statistisch	1	720346	99.5123
statue	1	720347	99.5125
status.mobilevikings.be	1	720348	99.5126
statuten	1	720349	99.5128
statuut	1	720350	99.5129
stayed	1	720351	99.513
stayin	1	720352	99.5132
steak	1	720353	99.5133
steal	1	720354	99.5135
steam	1	720355	99.5136
steamer	1	720356	99.5137
stedenbouw	1	720357	99.5139
stedentocht	1	720358	99.514
stedentrip	1	720359	99.5141
steeksleutel	1	720360	99.5143
steel	1	720361	99.5144
steeltjes	1	720362	99.5146
steenbok	1	720363	99.5147
steendood	1	720364	99.5148
steenkoud	1	720365	99.515
steenstrate	1	720366	99.5151
stefans	1	720367	99.5152
steffanie	1	720368	99.5154
steffen	1	720369	99.5155
stefke	1	720370	99.5157
steigerbouwers	1	720371	99.5158
steigerhout	1	720372	99.5159
stejaars	1	720373	99.5161
stekelenburg	1	720374	99.5162
stekende	1	720375	99.5164
stelden	1	720376	99.5165
stelebos	1	720377	99.5166
stelen	1	720378	99.5168
stella	1	720379	99.5169
stelletjes	1	720380	99.517
stembediening	1	720381	99.5172
stempels	1	720382	99.5173
stemrecht	1	720383	99.5175
stemronde	1	720384	99.5176
stencil	1	720385	99.5177
stephan	1	720386	99.5179
stepmum	1	720387	99.518
steps	1	720388	99.5181
sterfdag	1	720389	99.5183
sterilisatie	1	720390	99.5184
sterkere	1	720391	99.5186
sterkste	1	720392	99.5187
sterreke	1	720393	99.5188
sterrenbeelden	1	720394	99.519
sterretje	1	720395	99.5191
sterretjes	1	720396	99.5193
sterspeler	1	720397	99.5194
sterveling	1	720398	99.5195
stervelingen	1	720399	99.5197
stervende	1	720400	99.5198
stervens	1	720401	99.5199
steunwieltjes	1	720402	99.5201
steward	1	720403	99.5202
sticht	1	720404	99.5204
stickers	1	720405	99.5205
stiefbroer	1	720406	99.5206
stiefpa	1	720407	99.5208
stiefvader	1	720408	99.5209
stiekeme	1	720409	99.5211
stiekemerd	1	720410	99.5212
stiffy	1	720411	99.5213
stiil	1	720412	99.5215
stij	1	720413	99.5216
stijg	1	720414	99.5217
stijgende	1	720415	99.5219
stijging	1	720416	99.522
stijgt	1	720417	99.5222
stijladvies	1	720418	99.5223
stikgezellig	1	720419	99.5224
stikjaloers	1	720420	99.5226
stikkie	1	720421	99.5227
stilaan	1	720422	99.5228
stiletto's	1	720423	99.523
stilgevallen	1	720424	99.5231
stilstand	1	720425	99.5233
stilte	1	720426	99.5234
stimpy	1	720427	99.5235
sting	1	720428	99.5237
stinkend	1	720429	99.5238
stinkers	1	720430	99.524
stipte	1	720431	99.5241
stnr	1	720432	99.5242
stock	1	720433	99.5244
stockverkoop	1	720434	99.5245
stoefen	1	720435	99.5246
stoelekes	1	720436	99.5248
stoeln	1	720437	99.5249
stoeltjes	1	720438	99.5251
stoepa	1	720439	99.5252
stoepklinkers	1	720440	99.5253
stoepranden	1	720441	99.5255
stoere	1	720442	99.5256
stoeremannenclub	1	720443	99.5257
stoerheid	1	720444	99.5259
stoffel	1	720445	99.526
stoffige	1	720446	99.5262
stofgezogen	1	720447	99.5263
stofjes	1	720448	99.5264
stoflong	1	720449	99.5266
stofzuigerzakken	1	720450	99.5267
stok	1	720451	99.5269
stokbroden	1	720452	99.527
stoken	1	720453	99.5271
stokjes	1	720454	99.5273
stokken	1	720455	99.5274
stolberglaan	1	720456	99.5275
stomdronken	1	720457	99.5277
stommer	1	720458	99.5278
stomp	1	720459	99.528
stompen	1	720460	99.5281
stomst	1	720461	99.5282
stoned	1	720462	99.5284
stones	1	720463	99.5285
stoofpotje	1	720464	99.5286
stoomboot	1	720465	99.5288
stoot	1	720466	99.5289
stootje	1	720467	99.5291
stopbussen	1	720468	99.5292
stopproces	1	720469	99.5293
stops	1	720470	99.5295
stopte	1	720471	99.5296
store	1	720472	99.5298
stories	1	720473	99.5299
stormen	1	720474	99.53
stortbui	1	720475	99.5302
stortkoker	1	720476	99.5303
storyboard	1	720477	99.5304
stouterds	1	720478	99.5306
stoverij	1	720479	99.5307
str	1	720480	99.5309
straal	1	720481	99.531
straatjagers	1	720482	99.5311
straatnaam	1	720483	99.5313
straatnamen	1	720484	99.5314
stracks	1	720485	99.5315
straffer	1	720486	99.5317
strafste	1	720487	99.5318
straft	1	720488	99.532
straight	1	720489	99.5321
straits	1	720490	99.5322
strakblauwe	1	720491	99.5324
strakke	1	720492	99.5325
strakkie	1	720493	99.5327
straks^^	1	720494	99.5328
straksjes	1	720495	99.5329
straksnog	1	720496	99.5331
stralen	1	720497	99.5332
strand.no	1	720498	99.5333
strandde	1	720499	99.5335
strandje	1	720500	99.5336
strandsletsen	1	720501	99.5338
strandt	1	720502	99.5339
strasse	1	720503	99.534
strategy	1	720504	99.5342
stratum	1	720505	99.5343
streamen	1	720506	99.5345
strebertjes-her	1	720507	99.5346
stredentrip	1	720508	99.5347
streeds	1	720509	99.5349
streeess	1	720510	99.535
streek	1	720511	99.5351
streekbieren	1	720512	99.5353
streep	1	720513	99.5354
streepjes-ovehemden	1	720514	99.5356
streepjescode	1	720515	99.5357
street's	1	720516	99.5358
streng	1	720517	99.536
strengheidsquotum	1	720518	99.5361
strervens	1	720519	99.5362
stressing	1	720520	99.5364
stresskip	1	720521	99.5365
stressssssss	1	720522	99.5367
stresste	1	720523	99.5368
stressvolle	1	720524	99.5369
stressy	1	720525	99.5371
stretchers	1	720526	99.5372
stretchoefeningen	1	720527	99.5374
streven	1	720528	99.5375
strijde	1	720529	99.5376
strijdvaardig	1	720530	99.5378
strikes	1	720531	99.5379
strikjes	1	720532	99.538
stripboek	1	720533	99.5382
strippenkaart	1	720534	99.5383
strips	1	720535	99.5385
stroef	1	720536	99.5386
stromae	1	720537	99.5387
stromen	1	720538	99.5389
strondfout	1	720539	99.539
strondploeg	1	720540	99.5391
stront	1	720541	99.5393
strontbeu	1	720542	99.5394
strontzat	1	720543	99.5396
strooien	1	720544	99.5397
strooiwagen	1	720545	99.5398
stroomstoring	1	720546	99.54
stroomt	1	720547	99.5401
stroop	1	720548	99.5403
stroopwafels	1	720549	99.5404
structurelers	1	720550	99.5405
struikelblok	1	720551	99.5407
strykyzer	1	720552	99.5408
sttaks	1	720553	99.5409
studeerdagje	1	720554	99.5411
studeerflow	1	720555	99.5412
studeerkamer	1	720556	99.5414
studeerweer	1	720557	99.5415
studente	1	720558	99.5416
studenten-OV	1	720559	99.5418
studentenabbo	1	720560	99.5419
studentenbalie	1	720561	99.542
studentenhockeyclub	1	720562	99.5422
studentenpaupers	1	720563	99.5423
studenties	1	720564	99.5425
studentke	1	720565	99.5426
studentnummer	1	720566	99.5427
students	1	720567	99.5429
studeon	1	720568	99.543
studieadv	1	720569	99.5432
studieavond	1	720570	99.5433
studiebol	1	720571	99.5434
studiedagje	1	720572	99.5436
studiepunten	1	720573	99.5437
studieren	1	720574	99.5438
studierichting	1	720575	99.544
studieruimte	1	720576	99.5441
studietalentje	1	720577	99.5443
studietips	1	720578	99.5444
studievoorzieningen	1	720579	99.5445
studievriendinnetjes	1	720580	99.5447
studieweekend	1	720581	99.5448
studiewerk	1	720582	99.5449
studiewijzers	1	720583	99.5451
studystore	1	720584	99.5452
stufi	1	720585	99.5454
stuiken	1	720586	99.5455
stuiter	1	720587	99.5456
stuitje	1	720588	99.5458
stukging	1	720589	99.5459
stukl	1	720590	99.5461
stukske	1	720591	99.5462
stulp	1	720592	99.5463
stuntman	1	720593	99.5465
stunts	1	720594	99.5466
sture	1	720595	99.5467
stut-materiaal	1	720596	99.5469
stuwsluis	1	720597	99.547
stylesheet	1	720598	99.5472
styn	1	720599	99.5473
styve	1	720600	99.5474
subgr	1	720601	99.5476
subsidie	1	720602	99.5477
substantieels	1	720603	99.5479
substanties	1	720604	99.548
subtely	1	720605	99.5481
subwoofer	1	720606	99.5483
succeskus	1	720607	99.5484
succesopjestagedagkusje	1	720608	99.5485
succesvolle	1	720609	99.5487
succeswensing	1	720610	99.5488
suckten	1	720611	99.549
sud	1	720612	99.5491
sud'n	1	720613	99.5492
sudderen	1	720614	99.5494
suderen	1	720615	99.5495
sue	1	720616	99.5496
suerte	1	720617	99.5498
suffer	1	720618	99.5499
sufferd	1	720619	99.5501
suffering	1	720620	99.5502
sugarboy	1	720621	99.5503
sugars	1	720622	99.5505
suggereerde	1	720623	99.5506
suggesting	1	720624	99.5508
suggsts	1	720625	99.5509
suicide	1	720626	99.551
suikerbeestdingen	1	720627	99.5512
suikerbeesten	1	720628	99.5513
suikerbeestjes	1	720629	99.5514
suikerbeestmaakspullen	1	720630	99.5516
suikerbonen	1	720631	99.5517
suikerspin	1	720632	99.5519
suikerspullen	1	720633	99.552
suit	1	720634	99.5521
suk	1	720635	99.5523
sukke	1	720636	99.5524
sukkelaar	1	720637	99.5525
sukkelaars	1	720638	99.5527
sukkelen	1	720639	99.5528
summaries	1	720640	99.553
summary	1	720641	99.5531
sunset	1	720642	99.5532
sup	1	720643	99.5534
supa	1	720644	99.5535
supadupah	1	720645	99.5537
superbedankt	1	720646	99.5538
superbelangrijke	1	720647	99.5539
superbly	1	720648	99.5541
supercup	1	720649	99.5542
superdicht	1	720650	99.5543
superdikke	1	720651	99.5545
superduper	1	720652	99.5546
superdure	1	720653	99.5548
superduur	1	720654	99.5549
supereng	1	720655	99.555
superfiesta	1	720656	99.5552
superfijne	1	720657	99.5553
superflink	1	720658	99.5554
supergaaf	1	720659	99.5556
supergaafvetretekoele	1	720660	99.5557
supergelukkig	1	720661	99.5559
supergoe	1	720662	99.556
supergraag	1	720663	99.5561
superhaarbal	1	720664	99.5563
superhandig	1	720665	99.5564
superirritant	1	720666	99.5566
superjammer	1	720667	99.5567
superkerel	1	720668	99.5568
superlang	1	720669	99.557
superlange	1	720670	99.5571
superleuke	1	720671	99.5572
superlieve	1	720672	99.5574
supermama	1	720673	99.5575
supermarket	1	720674	99.5577
supermarkten	1	720675	99.5578
supermarktje	1	720676	99.5579
supermoeilijke	1	720677	99.5581
supermooie	1	720678	99.5582
supernice	1	720679	99.5583
supernieuws	1	720680	99.5585
superplezant	1	720681	99.5586
superrelaxed	1	720682	99.5588
superrrr	1	720683	99.5589
superrustig	1	720684	99.559
supersjiek	1	720685	99.5592
superslechte	1	720686	99.5593
supersnelrecht	1	720687	99.5595
supersupergoe	1	720688	99.5596
supertam	1	720689	99.5597
supervast	1	720690	99.5599
supervet	1	720691	99.56
supervisie	1	720692	99.5601
supervisor	1	720693	99.5603
supervisors	1	720694	99.5604
supervlotte	1	720695	99.5606
supervroeg	1	720696	99.5607
superweek	1	720697	99.5608
superweer	1	720698	99.561
superzat	1	720699	99.5611
superzware	1	720700	99.5613
supet	1	720701	99.5614
supplier	1	720702	99.5615
supplies	1	720703	99.5617
suppliiiiise	1	720704	99.5618
supporten	1	720705	99.5619
supporter	1	720706	99.5621
supporteren	1	720707	99.5622
supporters	1	720708	99.5624
supportersfeesten	1	720709	99.5625
suppose	1	720710	99.5626
supposed	1	720711	99.5628
supriseparty	1	720712	99.5629
sur	1	720713	99.563
surfdudes	1	720714	99.5632
surfnet	1	720715	99.5633
surfweer	1	720716	99.5635
surieuze	1	720717	99.5636
surinaamse	1	720718	99.5637
surpriseparty	1	720719	99.5639
surrogaatzusje	1	720720	99.564
surround	1	720721	99.5642
surveillant	1	720722	99.5643
survey	1	720723	99.5644
survived	1	720724	99.5646
surya	1	720725	99.5647
susan	1	720726	99.5648
suske	1	720727	99.565
sustainability	1	720728	99.5651
sustainabla	1	720729	99.5653
sustainable	1	720730	99.5654
suu	1	720731	99.5655
suuper	1	720732	99.5657
suuuper	1	720733	99.5658
suuuperchill	1	720734	99.5659
suuuperveel	1	720735	99.5661
suuuperverliefd	1	720736	99.5662
suuuuper	1	720737	99.5664
suzuki	1	720738	99.5665
suïcidaal	1	720739	99.5666
svn	1	720740	99.5668
svp	1	720741	99.5669
swaffel	1	720742	99.5671
swalmen	1	720743	99.5672
swampy	1	720744	99.5673
swan	1	720745	99.5675
swatch-horloge	1	720746	99.5676
sweaty	1	720747	99.5677
swedish	1	720748	99.5679
sweetiepie	1	720749	99.568
swell	1	720750	99.5682
swingend	1	720751	99.5683
swingende	1	720752	99.5684
swirl	1	720753	99.5686
swoon	1	720754	99.5687
sws	1	720755	99.5688
swype	1	720756	99.569
sybille	1	720757	99.5691
sybo's	1	720758	99.5693
sygic	1	720759	99.5694
sylvia	1	720760	99.5695
symbolen	1	720761	99.5697
symboliseert	1	720762	99.5698
sympath	1	720763	99.57
sympathieke	1	720764	99.5701
sympathiseren	1	720765	99.5702
symposium	1	720766	99.5704
symposiumcommissie	1	720767	99.5705
symptomen	1	720768	99.5706
sync	1	720769	99.5708
syndicus	1	720770	99.5709
synthetische	1	720771	99.5711
sytyct	1	720772	99.5712
t-shirts	1	720773	99.5713
t.Ik	1	720774	99.5715
t.e.m.	1	720775	99.5716
t.n.v.	1	720776	99.5717
t.o.	1	720777	99.5719
tHeej	1	720778	99.572
ta	1	720779	99.5722
taaie	1	720780	99.5723
taakbalk	1	720781	99.5724
taalfout	1	720782	99.5726
taalfouten	1	720783	99.5727
taalgrens	1	720784	99.5729
taalhoek	1	720785	99.573
taalissue	1	720786	99.5731
taalportaal	1	720787	99.5733
taalpraktijk	1	720788	99.5734
taalstage	1	720789	99.5735
taalstructuur	1	720790	99.5737
taaltje	1	720791	99.5738
taalwetenshappers	1	720792	99.574
taartfan	1	720793	99.5741
taartje	1	720794	99.5742
taartlunch	1	720795	99.5744
tabelletjes	1	720796	99.5745
tabl	1	720797	99.5747
tacho	1	720798	99.5748
taco	1	720799	99.5749
tactics	1	720800	99.5751
tactiek	1	720801	99.5752
tactieken	1	720802	99.5753
tad	1	720803	99.5755
taede	1	720804	99.5756
tafeldroog	1	720805	99.5758
tafelheer	1	720806	99.5759
tafelkleed	1	720807	99.576
tafels	1	720808	99.5762
tafeltennistafel	1	720809	99.5763
tafelvoetballen	1	720810	99.5764
taffyjaffy	1	720811	99.5766
tagliatell	1	720812	99.5767
tai-aanvraag	1	720813	99.5769
takes	1	720814	99.577
takjes	1	720815	99.5771
takken	1	720816	99.5773
taktiek	1	720817	99.5774
talenten	1	720818	99.5776
talmen	1	720819	99.5777
taloorkes	1	720820	99.5778
tam	1	720821	99.578
tamas	1	720822	99.5781
tamusemt	1	720823	99.5782
tamzakje	1	720824	99.5784
tandartsafspraak	1	720825	99.5785
tandartsbehandelingen	1	720826	99.5787
tandem	1	720827	99.5788
tandsoldaat	1	720828	99.5789
tane	1	720829	99.5791
tanja	1	720830	99.5792
tankje	1	720831	99.5793
tanks	1	720832	99.5795
tankstation	1	720833	99.5796
tanktas	1	720834	99.5798
tannhauserdreef	1	720835	99.5799
tantôt	1	720836	99.58
tapasachtig	1	720837	99.5802
tapasreceptie	1	720838	99.5803
tapasrestaurant	1	720839	99.5805
tape	1	720840	99.5806
tapen	1	720841	99.5807
taperesten	1	720842	99.5809
tapijt	1	720843	99.581
tapijtwinkel	1	720844	99.5811
tapken	1	720845	99.5813
tapkes	1	720846	99.5814
tapoban	1	720847	99.5816
tapvaatjes	1	720848	99.5817
tapvat	1	720849	99.5818
tara	1	720850	99.582
tard	1	720851	99.5821
target	1	720852	99.5822
tarrif	1	720853	99.5824
tartaar	1	720854	99.5825
tarwe	1	720855	99.5827
tarzan	1	720856	99.5828
tassie	1	720857	99.5829
taste	1	720858	99.5831
tasty	1	720859	99.5832
tatoo	1	720860	99.5834
tats	1	720861	99.5835
tattoo-plannen	1	720862	99.5836
taugé	1	720863	99.5838
tav	1	720864	99.5839
tavernier	1	720865	99.584
taxibus	1	720866	99.5842
taxibusje	1	720867	99.5843
taxirit	1	720868	99.5845
taxis	1	720869	99.5846
tb	1	720870	99.5847
tbier	1	720871	99.5849
tblijft	1	720872	99.585
tbv	1	720873	99.5851
tcentrum	1	720874	99.5853
tdm	1	720875	99.5854
te-luisteren-lijstje	1	720876	99.5856
teabaggen	1	720877	99.5857
teacher's	1	720878	99.5858
teambespreking	1	720879	99.586
teamdrink	1	720880	99.5861
teamers	1	720881	99.5863
teamie	1	720882	99.5864
teammanager	1	720883	99.5865
teamnaam	1	720884	99.5867
teamshirt	1	720885	99.5868
teamspeakserver	1	720886	99.5869
teamuitje	1	720887	99.5871
tears	1	720888	99.5872
techmische	1	720889	99.5874
technicie	1	720890	99.5875
techniekteam	1	720891	99.5876
techno	1	720892	99.5878
technology	1	720893	99.5879
teef	1	720894	99.5881
teelkien	1	720895	99.5882
teelkiens	1	720896	99.5883
teen	1	720897	99.5885
teerling	1	720898	99.5886
tegelijkertijd	1	720899	99.5887
tegels	1	720900	99.5889
tegeltjes	1	720901	99.589
tegemoed	1	720902	99.5892
tegenactie	1	720903	99.5893
tegendraadse	1	720904	99.5894
tegengas	1	720905	99.5896
tegengoals	1	720906	99.5897
tegengoeste	1	720907	99.5898
tegenhouden	1	720908	99.59
tegenin	1	720909	99.5901
tegenkom	1	720910	99.5903
tegenkunnen	1	720911	99.5904
tegenop	1	720912	99.5905
tegenovergesteld	1	720913	99.5907
tegenovergestelde	1	720914	99.5908
tegens	1	720915	99.591
tegenspelers	1	720916	99.5911
tegenstander	1	720917	99.5912
tegensteekt	1	720918	99.5914
tegensteken	1	720919	99.5915
tegenvalt	1	720920	99.5916
tegenwerken	1	720921	99.5918
tegenzit	1	720922	99.5919
tegoedbon	1	720923	99.5921
tegoedkaart	1	720924	99.5922
tehalen	1	720925	99.5923
tehen	1	720926	99.5925
teinde	1	720927	99.5926
teisman	1	720928	99.5927
tekeer	1	720929	99.5929
tekenblok	1	720930	99.593
tekenfilm	1	720931	99.5932
tekening	1	720932	99.5933
tekeningen	1	720933	99.5934
tekeningske	1	720934	99.5936
tekik	1	720935	99.5937
tekken	1	720936	99.5939
tekstjes	1	720937	99.594
tekstvaardigheid	1	720938	99.5941
tel.nr	1	720939	99.5943
tele	1	720940	99.5944
telecoil	1	720941	99.5945
teleconference	1	720942	99.5947
telefonische	1	720943	99.5948
telefoonkabels	1	720944	99.595
telefoonnummers	1	720945	99.5951
telefoonverbinding	1	720946	99.5952
telegramstijl	1	720947	99.5954
teletop	1	720948	99.5955
teleurstelling	1	720949	99.5956
teleurstelln	1	720950	99.5958
televisiedebuut	1	720951	99.5959
teller	1	720952	99.5961
tellie	1	720953	99.5962
telling	1	720954	99.5963
tells	1	720955	99.5965
telly	1	720956	99.5966
temperatuurtje	1	720957	99.5968
temperen	1	720958	99.5969
tempokaart	1	720959	99.597
temporary	1	720960	99.5972
temps	1	720961	99.5973
temptation	1	720962	99.5974
tempted	1	720963	99.5976
temse	1	720964	99.5977
tendes	1	720965	99.5979
tenenkrommend	1	720966	99.598
tenet	1	720967	99.5981
tengels	1	720968	99.5983
tenigste	1	720969	99.5984
tennisafspraak	1	720970	99.5986
tennisbanen	1	720971	99.5987
tennisclub	1	720972	99.5988
tennisles	1	720973	99.599
tennisvereniging	1	720974	99.5991
tenonder	1	720975	99.5992
tentamenperiodes	1	720976	99.5994
tentamenpunt	1	720977	99.5995
tentamenstof	1	720978	99.5997
tentamenstress	1	720979	99.5998
tentamentijd	1	720980	99.5999
tentamenupdate	1	720981	99.6001
tentamenweek	1	720982	99.6002
tentamenzaal	1	720983	99.6003
tentenloting	1	720984	99.6005
tentenplan	1	720985	99.6006
tentfoto's	1	720986	99.6008
tenth	1	720987	99.6009
tentjes	1	720988	99.601
tentoon	1	720989	99.6012
tentoonspreiden	1	720990	99.6013
tentoonstelping	1	720991	99.6015
tentruimte	1	720992	99.6016
tentstokken	1	720993	99.6017
tepa	1	720994	99.6019
tepels	1	720995	99.602
tepinjakkiman	1	720996	99.6021
terdag	1	720997	99.6023
terhagen	1	720998	99.6024
teringbende	1	720999	99.6026
terloops	1	721000	99.6027
termijnen	1	721001	99.6028
terminal	1	721002	99.603
terminator	1	721003	99.6031
terminologie-extracten	1	721004	99.6032
terneuzen	1	721005	99.6034
terrace	1	721006	99.6035
terras-TV	1	721007	99.6037
terrasbijdrage	1	721008	99.6038
terrasdag	1	721009	99.6039
terrasdienst	1	721010	99.6041
terrashangen	1	721011	99.6042
terraskes	1	721012	99.6044
terrecht	1	721013	99.6045
terrible	1	721014	99.6046
territorium	1	721015	99.6048
terror	1	721016	99.6049
terrorkat	1	721017	99.605
terschelling	1	721018	99.6052
terugbetaald	1	721019	99.6053
terugbetaalt	1	721020	99.6055
terugbreng	1	721021	99.6056
terugbrengn	1	721022	99.6057
terugfietsen	1	721023	99.6059
terugga	1	721024	99.606
teruggaat	1	721025	99.6061
teruggegaan	1	721026	99.6063
teruggehad	1	721027	99.6064
teruggehoord	1	721028	99.6066
teruggekust	1	721029	99.6067
teruggemaild	1	721030	99.6068
teruggepakt	1	721031	99.607
teruggesmst	1	721032	99.6071
teruggespoeld	1	721033	99.6073
teruggevallen	1	721034	99.6074
teruggezet	1	721035	99.6075
terugkeert	1	721036	99.6077
terugkijk	1	721037	99.6078
terugkom	1	721038	99.6079
terugkomst	1	721039	99.6081
terugkrijgen	1	721040	99.6082
teruglezen	1	721041	99.6084
terugliggen	1	721042	99.6085
terugrijdt	1	721043	99.6086
terugval	1	721044	99.6088
terugvindt	1	721045	99.6089
terugvragen	1	721046	99.609
terugwerken	1	721047	99.6092
terugzoenen	1	721048	99.6093
terusten	1	721049	99.6095
tervuursestraat	1	721050	99.6096
terwille	1	721051	99.6097
test-aankoop	1	721052	99.6099
testboard	1	721053	99.61
testbriefjes	1	721054	99.6102
teste	1	721055	99.6103
tester	1	721056	99.6104
testrijden	1	721057	99.6106
testrun	1	721058	99.6107
testwebsite	1	721059	99.6108
tet	1	721060	99.611
teten	1	721061	99.6111
tetje	1	721062	99.6113
tetjes	1	721063	99.6114
tetteversleten	1	721064	99.6115
teug	1	721065	99.6117
tevenkwam	1	721066	99.6118
tevredenheid	1	721067	99.612
texen	1	721068	99.6121
texted	1	721069	99.6122
texteditor	1	721070	99.6124
tgalabal	1	721071	99.6125
tggekomen	1	721072	99.6126
tguis	1	721073	99.6128
tgy	1	721074	99.6129
thailand	1	721075	99.6131
thais	1	721076	99.6132
thaise	1	721077	99.6133
thalen	1	721078	99.6135
theaterbezoek	1	721079	99.6136
theedoeken	1	721080	99.6137
theeft	1	721081	99.6139
theeleuten	1	721082	99.614
theelichtje	1	721083	99.6142
theemens	1	721084	99.6143
theepot	1	721085	99.6144
theeten	1	721086	99.6146
theezeefachtig	1	721087	99.6147
thehe	1	721088	99.6149
thema-avond	1	721089	99.615
themakamp	1	721090	99.6151
thematisch	1	721091	99.6153
theologie	1	721092	99.6154
theoretically	1	721093	99.6155
theoretiseren	1	721094	99.6157
ther	1	721095	99.6158
therapy	1	721096	99.616
there's	1	721097	99.6161
there.in	1	721098	99.6162
theres	1	721099	99.6164
thermoskan	1	721100	99.6165
theroux	1	721101	99.6166
thesis-deadlines	1	721102	99.6168
thesis-time	1	721103	99.6169
thesisbegeleider	1	721104	99.6171
thesismeeting	1	721105	99.6172
thesisplanning	1	721106	99.6173
thesispromotor	1	721107	99.6175
thesisstudenten	1	721108	99.6176
thesisverdedigingstijd	1	721109	99.6178
theyre	1	721110	99.6179
thialf	1	721111	99.618
thienpondt	1	721112	99.6182
thierry	1	721113	99.6183
thijs	1	721114	99.6184
thin	1	721115	99.6186
tholen	1	721116	99.6187
thoughts	1	721117	99.6189
threesome	1	721118	99.619
thrones	1	721119	99.6191
throttle	1	721120	99.6193
throttlesignaal	1	721121	99.6194
throttlesignaalprobleempje	1	721122	99.6195
throttling	1	721123	99.6197
thuir	1	721124	99.6198
thuis^^	1	721125	99.62
thuisadres	1	721126	99.6201
thuisben	1	721127	99.6202
thuisblijve	1	721128	99.6204
thuisgeblevn	1	721129	99.6205
thuisgebracht	1	721130	99.6207
thuisgekomn	1	721131	99.6208
thuisgelaten	1	721132	99.6209
thuisgestuurd	1	721133	99.6211
thuisgezet	1	721134	99.6212
thuishoort	1	721135	99.6213
thuiskomt	1	721136	99.6215
thuiskwam	1	721137	99.6216
thuisnr	1	721138	99.6218
thuisnummer	1	721139	99.6219
thuisplaat	1	721140	99.622
thuisstad	1	721141	99.6222
thuisthuis	1	721142	99.6223
thunderstorms	1	721143	99.6224
thuusgezet	1	721144	99.6226
thv	1	721145	99.6227
thymen	1	721146	99.6229
thzeir	1	721147	99.623
ti's	1	721148	99.6231
tiburg	1	721149	99.6233
tich	1	721150	99.6234
tidied	1	721151	99.6236
tiende	1	721152	99.6237
tiener	1	721153	99.6238
tienermeisjes	1	721154	99.624
tiental	1	721155	99.6241
tientallen	1	721156	99.6242
tierentuynmosterd	1	721157	99.6244
tiesto	1	721158	99.6245
tiet	1	721159	99.6247
tieten	1	721160	99.6248
tiewraps	1	721161	99.6249
tig	1	721162	99.6251
tiger	1	721163	99.6252
tij	1	721164	99.6254
tijd-verhaal	1	721165	99.6255
tijde	1	721166	99.6256
tijdig	1	721167	99.6258
tijdloos	1	721168	99.6259
tijdnood	1	721169	99.626
tijdplanning	1	721170	99.6262
tijdreisfilm	1	721171	99.6263
tijdrijden	1	721172	99.6265
tijdsbesteding	1	721173	99.6266
tijdschema	1	721174	99.6267
tijdschrift	1	721175	99.6269
tijdschriften	1	721176	99.627
tijdschriftgeld	1	721177	99.6271
tijdsplanning	1	721178	99.6273
tijdsverspilling	1	721179	99.6274
tijdverlies	1	721180	99.6276
tijdvoorlezen.nl	1	721181	99.6277
tijgermuggen	1	721182	99.6278
tijgerprint	1	721183	99.628
tijgerslip	1	721184	99.6281
tijl	1	721185	99.6283
tijs	1	721186	99.6284
tikfout	1	721187	99.6285
tikje	1	721188	99.6287
tikkend	1	721189	99.6288
tikt	1	721190	99.6289
tillen	1	721191	99.6291
time-out	1	721192	99.6292
timea	1	721193	99.6294
timeline	1	721194	99.6295
timeout	1	721195	99.6296
timespan	1	721196	99.6298
timewise	1	721197	99.6299
timming	1	721198	99.63
tinatje	1	721199	99.6302
ting	1	721200	99.6303
tings	1	721201	99.6305
tinky	1	721202	99.6306
tintelen	1	721203	99.6307
tinternet	1	721204	99.6309
tinto	1	721205	99.631
tiptop	1	721206	99.6312
tirz	1	721207	99.6313
tisda	1	721208	99.6314
tissues	1	721209	99.6316
titanic	1	721210	99.6317
tix.nl	1	721211	99.6318
tjaa	1	721212	99.632
tjakka	1	721213	99.6321
tjapkew	1	721214	99.6323
tjas	1	721215	99.6324
tjerk	1	721216	99.6325
tjijn	1	721217	99.6327
tjoc	1	721218	99.6328
tjokvol	1	721219	99.6329
tjonge	1	721220	99.6331
tjongejonge	1	721221	99.6332
tju	1	721222	99.6334
tjugo	1	721223	99.6335
tk	1	721224	99.6336
tkan	1	721225	99.6338
tkomt	1	721226	99.6339
tkortst	1	721227	99.6341
tkwam	1	721228	99.6342
tlang	1	721229	99.6343
tlaptop	1	721230	99.6345
tlijkt	1	721231	99.6346
tlukt	1	721232	99.6347
tmaagske	1	721233	99.6349
tmag	1	721234	99.635
tmeeste	1	721235	99.6352
tmobile	1	721236	99.6353
tmoest	1	721237	99.6354
tmoet	1	721238	99.6356
tmorrow	1	721239	99.6357
tmrw	1	721240	99.6358
tmz.com	1	721241	99.636
tng	1	721242	99.6361
tnt	1	721243	99.6363
to-do	1	721244	99.6364
to.ch	1	721245	99.6365
to.the	1	721246	99.6367
toast	1	721247	99.6368
tobi	1	721248	99.637
tocb	1	721249	99.6371
toch>	1	721250	99.6372
tochliever	1	721251	99.6374
tochp	1	721252	99.6375
tochtgat	1	721253	99.6376
tochtje	1	721254	99.6378
tochwel	1	721255	99.6379
todo	1	721256	99.6381
toe-toe-doe-toeoe	1	721257	99.6382
toe.of	1	721258	99.6383
toedels	1	721259	99.6385
toegangskaarten	1	721260	99.6386
toegankelijk	1	721261	99.6388
toegankelijke	1	721262	99.6389
toegefluisterd	1	721263	99.639
toegegeven	1	721264	99.6392
toegekmn	1	721265	99.6393
toegelaten	1	721266	99.6394
toegenaaid	1	721267	99.6396
toegift	1	721268	99.6397
toekoer	1	721269	99.6399
toekomstig	1	721270	99.64
toekomstplannen	1	721271	99.6401
toelating	1	721272	99.6403
toenet	1	721273	99.6404
toens	1	721274	99.6405
toenstraks	1	721275	99.6407
toep	1	721276	99.6408
toepassing	1	721277	99.641
toer	1	721278	99.6411
toereken	1	721279	99.6412
toerist	1	721280	99.6414
toeristenbelasting	1	721281	99.6415
toeristenweer	1	721282	99.6417
toeristisch	1	721283	99.6418
toernooitje	1	721284	99.6419
toertjes	1	721285	99.6421
toertocht	1	721286	99.6422
toeschouwers	1	721287	99.6423
toespijs	1	721288	99.6425
toespraak	1	721289	99.6426
toestaan	1	721290	99.6428
toestanden	1	721291	99.6429
toestappen	1	721292	99.643
toestellen	1	721293	99.6432
toestrak	1	721294	99.6433
toet	1	721295	99.6434
toeteraars	1	721296	99.6436
toeteren	1	721297	99.6437
toetjes	1	721298	99.6439
toetsenbord	1	721299	99.644
toetsies	1	721300	99.6441
toetsweek	1	721301	99.6443
toev	1	721302	99.6444
toevalligerwijs	1	721303	99.6446
toevertrouwen	1	721304	99.6447
toevoeg	1	721305	99.6448
toevoeging	1	721306	99.645
toewensen	1	721307	99.6451
toezien	1	721308	99.6452
toeziend	1	721309	99.6454
tofs	1	721310	99.6455
tofu	1	721311	99.6457
toho	1	721312	99.6458
toiletgerief	1	721313	99.6459
toiletkusjes	1	721314	99.6461
toiletten	1	721315	99.6462
toiletzakje	1	721316	99.6463
tokio	1	721317	99.6465
tokyo	1	721318	99.6466
tol	1	721319	99.6468
toledo	1	721320	99.6469
tolijd	1	721321	99.647
tolken	1	721322	99.6472
tolv	1	721323	99.6473
tomaatjes	1	721324	99.6475
tomatenkas	1	721325	99.6476
tomatenoverschot	1	721326	99.6477
tomatenplanten	1	721327	99.6479
tomatensaus	1	721328	99.648
tomatensoep	1	721329	99.6481
tomatoes	1	721330	99.6483
tomme	1	721331	99.6484
tommeke	1	721332	99.6486
tomorrowland	1	721333	99.6487
tomorrows	1	721334	99.6488
ton	1	721335	99.649
toneelstuk	1	721336	99.6491
tongetje	1	721337	99.6492
toni	1	721338	99.6494
tonights	1	721339	99.6495
tonijn-perzik	1	721340	99.6497
toninght	1	721341	99.6498
tonnen	1	721342	99.6499
tonnie	1	721343	99.6501
tooghanger	1	721344	99.6502
tool	1	721345	99.6504
toooo	1	721346	99.6505
tootallie	1	721347	99.6506
topcopy	1	721348	99.6508
topdagje	1	721349	99.6509
topfilm	1	721350	99.651
topgears	1	721351	99.6512
topic	1	721352	99.6513
topje	1	721353	99.6515
topjesweer	1	721354	99.6516
topless	1	721355	99.6517
toplijst	1	721356	99.6519
toplijsten	1	721357	99.652
topmodel	1	721358	99.6522
toppen	1	721359	99.6523
toppers	1	721360	99.6524
toppresentatie	1	721361	99.6526
toppunt	1	721362	99.6527
topscorerpositie	1	721363	99.6528
topstuk	1	721364	99.653
topvakantie	1	721365	99.6531
torenflat	1	721366	99.6533
torentje	1	721367	99.6534
torhout	1	721368	99.6535
torhout-zott	1	721369	99.6537
torn	1	721370	99.6538
tornooi	1	721371	99.6539
torrent	1	721372	99.6541
torrentsites	1	721373	99.6542
torrentz.com	1	721374	99.6544
torres	1	721375	99.6545
tos	1	721376	99.6546
tosti	1	721377	99.6548
tosti-tijd	1	721378	99.6549
totaaaaal	1	721379	99.6551
totaalbedrag	1	721380	99.6552
totemisatie	1	721381	99.6553
toto's	1	721382	99.6555
totzox	1	721383	99.6556
touche	1	721384	99.6557
touchscreens	1	721385	99.6559
tough	1	721386	99.656
tourist	1	721387	99.6562
touristische	1	721388	99.6563
tours	1	721389	99.6564
tourverslagje	1	721390	99.6566
tous	1	721391	99.6567
touwtje	1	721392	99.6568
tovenaarsdingen	1	721393	99.657
toverbal	1	721394	99.6571
toversteen	1	721395	99.6573
towards	1	721396	99.6574
tower	1	721397	99.6575
toxoplasmose	1	721398	99.6577
toy	1	721399	99.6578
toyboy	1	721400	99.658
toyota	1	721401	99.6581
tozzo	1	721402	99.6582
tplein	1	721403	99.6584
traagies	1	721404	99.6585
traagjes	1	721405	99.6586
traan	1	721406	99.6588
traanklier	1	721407	99.6589
traanogen	1	721408	99.6591
traant	1	721409	99.6592
traantje	1	721410	99.6593
traantjes	1	721411	99.6595
trabajar	1	721412	99.6596
trabajo	1	721413	99.6597
tracked	1	721414	99.6599
tracken	1	721415	99.66
tracker	1	721416	99.6602
trackingnummer	1	721417	99.6603
tracteren	1	721418	99.6604
tradeoffs	1	721419	99.6606
trage	1	721420	99.6607
tragere	1	721421	99.6609
tragische	1	721422	99.661
trague	1	721423	99.6611
trainee	1	721424	99.6613
traineeship	1	721425	99.6614
trainer	1	721426	99.6615
trainers	1	721427	99.6617
trainert	1	721428	99.6618
trainingsbroek	1	721429	99.662
trainingsdag	1	721430	99.6621
trainingsjas	1	721431	99.6622
trainingsloopje	1	721432	99.6624
trainingsschema	1	721433	99.6625
trainstert	1	721434	99.6626
traiteur	1	721435	99.6628
tramkaartje	1	721436	99.6629
trampoline	1	721437	99.6631
tramstop	1	721438	99.6632
tramwerken	1	721439	99.6633
transaction	1	721440	99.6635
transcriberen	1	721441	99.6636
transformeren	1	721442	99.6638
transit	1	721443	99.6639
tranzit	1	721444	99.664
trapje	1	721445	99.6642
trapkes	1	721446	99.6643
traplopen	1	721447	99.6644
trappe	1	721448	99.6646
trappist	1	721449	99.6647
trappisten	1	721450	99.6649
trauma	1	721451	99.665
travacho	1	721452	99.6651
travail	1	721453	99.6653
travel	1	721454	99.6654
travelling	1	721455	99.6656
travels	1	721456	99.6657
travis	1	721457	99.6658
travos	1	721458	99.666
tree	1	721459	99.6661
treedt	1	721460	99.6662
trees	1	721461	99.6664
treetjes	1	721462	99.6665
treft	1	721463	99.6667
treinabo	1	721464	99.6668
treinbestuurder	1	721465	99.6669
treinconducteur	1	721466	99.6671
treindeel	1	721467	99.6672
treindelen	1	721468	99.6673
treiningen	1	721469	99.6675
treinlijn	1	721470	99.6676
treinongelukken	1	721471	99.6678
treinproblemen	1	721472	99.6679
treinrit	1	721473	99.668
treinritje	1	721474	99.6682
treinstaking	1	721475	99.6683
treint	1	721476	99.6685
treintjes	1	721477	99.6686
treinuren	1	721478	99.6687
treinverbinding	1	721479	99.6689
trekbanden	1	721480	99.669
trekkn	1	721481	99.6691
trekpleister	1	721482	99.6693
treuzelchauffeur	1	721483	99.6694
treuzelen	1	721484	99.6696
tri	1	721485	99.6697
triangular	1	721486	99.6698
triangulatie	1	721487	99.67
triathlons	1	721488	99.6701
triatlon	1	721489	99.6702
tribhuvandas	1	721490	99.6704
tricky	1	721491	99.6705
tricnont	1	721492	99.6707
trics	1	721493	99.6708
tried	1	721494	99.6709
triestig	1	721495	99.6711
triestigste	1	721496	99.6712
triggerfinger	1	721497	99.6714
trilde	1	721498	99.6715
trillend	1	721499	99.6716
trilplaat	1	721500	99.6718
trilt	1	721501	99.6719
trimmen	1	721502	99.672
tripke	1	721503	99.6722
tripple	1	721504	99.6723
tripples	1	721505	99.6725
triptips	1	721506	99.6726
trof	1	721507	99.6727
trois	1	721508	99.6729
troisieme	1	721509	99.673
trol	1	721510	99.6731
trollenkelder	1	721511	99.6733
trolley	1	721512	99.6734
trolleys	1	721513	99.6736
trommelen	1	721514	99.6737
trommels	1	721515	99.6738
troostende	1	721516	99.674
troostkusjes	1	721517	99.6741
trop	1	721518	99.6743
trotseren	1	721519	99.6744
trottoir	1	721520	99.6745
troubadoer	1	721521	99.6747
troubadour	1	721522	99.6748
trousers	1	721523	99.6749
trouwe	1	721524	99.6751
trouwer	1	721525	99.6752
trouwerij	1	721526	99.6754
trouwes	1	721527	99.6755
trouwfoto's	1	721528	99.6756
trouwt	1	721529	99.6758
truck	1	721530	99.6759
trucs	1	721531	99.676
trudy	1	721532	99.6762
truffel	1	721533	99.6763
trugbelln	1	721534	99.6765
trugbrengen	1	721535	99.6766
truggeve	1	721536	99.6767
trugkomn	1	721537	99.6769
trugkomt	1	721538	99.677
trugweg	1	721539	99.6772
truien	1	721540	99.6773
truitjes	1	721541	99.6774
truly	1	721542	99.6776
trunten	1	721543	99.6777
trup	1	721544	99.6778
trust	1	721545	99.678
trusteee	1	721546	99.6781
trut	1	721547	99.6783
truth	1	721548	99.6784
trààg	1	721549	99.6785
très	1	721550	99.6787
tsal	1	721551	99.6788
tschiet	1	721552	99.679
tsenama	1	721553	99.6791
tshirt	1	721554	99.6792
tsjanne	1	721555	99.6794
tsjechen	1	721556	99.6795
tsjechisch	1	721557	99.6796
tsjolen	1	721558	99.6798
tsjollen	1	721559	99.6799
tspitje	1	721560	99.6801
tsta	1	721561	99.6802
tsteek	1	721562	99.6803
tsunami's	1	721563	99.6805
tt's	1	721564	99.6806
tu	1	721565	99.6807
tubbergen	1	721566	99.6809
tudors	1	721567	99.681
tuinbar	1	721568	99.6812
tuinbeits	1	721569	99.6813
tuinen	1	721570	99.6814
tuinkoten	1	721571	99.6816
tuinman	1	721572	99.6817
tuinstoel	1	721573	99.6819
tuintafeltje	1	721574	99.682
tuinzetel	1	721575	99.6821
tuk	1	721576	99.6823
tukkie	1	721577	99.6824
tulp-scart	1	721578	99.6825
tulpen	1	721579	99.6827
tune	1	721580	99.6828
turboken	1	721581	99.683
turbulentie	1	721582	99.6831
turismo	1	721583	99.6832
turkoois	1	721584	99.6834
turks	1	721585	99.6835
turkse	1	721586	99.6836
turning	1	721587	99.6838
turqoise	1	721588	99.6839
tussenbiertje	1	721589	99.6841
tussenevaluatie	1	721590	99.6842
tussenklassement	1	721591	99.6843
tussenmuur	1	721592	99.6845
tussenpersoon	1	721593	99.6846
tussenruimte	1	721594	99.6848
tussenseizoenjas	1	721595	99.6849
tussenstuk	1	721596	99.685
tussenstukjes	1	721597	99.6852
tussentijds	1	721598	99.6853
tussentoetsje	1	721599	99.6854
tussenuren	1	721600	99.6856
tussrn	1	721601	99.6857
tutje	1	721602	99.6859
tutoraat	1	721603	99.686
tuttebel	1	721604	99.6861
tutti	1	721605	99.6863
tuutje	1	721606	99.6864
tuutuut	1	721607	99.6865
tuvebo	1	721608	99.6867
tv-experiment	1	721609	99.6868
tv-film	1	721610	99.687
tv-gids	1	721611	99.6871
tv-kanalen	1	721612	99.6872
tv-out	1	721613	99.6874
tv-presentator	1	721614	99.6875
tvalt	1	721615	99.6877
tverlengde	1	721616	99.6878
tvoelt	1	721617	99.6879
tw	1	721618	99.6881
twaalven	1	721619	99.6882
twaifelt	1	721620	99.6883
tweedehands	1	721621	99.6885
tweedehandse	1	721622	99.6886
tweedejaars	1	721623	99.6888
tweejarige	1	721624	99.6889
tweelingbroer	1	721625	99.689
tweepersoonsappartementen	1	721626	99.6892
tweepersoonsbed	1	721627	99.6893
tweeten	1	721628	99.6894
tweets	1	721629	99.6896
tweezit	1	721630	99.6897
twentse	1	721631	99.6899
twice	1	721632	99.69
twijfel=ook	1	721633	99.6901
twijfelgevalletje	1	721634	99.6903
twijfels	1	721635	99.6904
twijfelt	1	721636	99.6906
twingo	1	721637	99.6907
twintiger	1	721638	99.6908
twintigers	1	721639	99.691
twittah	1	721640	99.6911
two-three	1	721641	99.6912
twocooks	1	721642	99.6914
twyfelen	1	721643	99.6915
tyden	1	721644	99.6917
tydnu	1	721645	99.6918
typ	1	721646	99.6919
typefout	1	721647	99.6921
typenr	1	721648	99.6922
typing	1	721649	99.6924
typjes	1	721650	99.6925
typo	1	721651	99.6926
tzak	1	721652	99.6928
tzeetje	1	721653	99.6929
tzey	1	721654	99.693
tzien	1	721655	99.6932
tzij	1	721656	99.6933
tzo	1	721657	99.6935
tzox	1	721658	99.6936
tzql	1	721659	99.6937
tzyn	1	721660	99.6939
tér	1	721661	99.694
tòch	1	721662	99.6941
uber-burgerlijk	1	721663	99.6943
uberdood	1	721664	99.6944
uberhaunt	1	721665	99.6946
uberheerlijk	1	721666	99.6947
ubernerd	1	721667	99.6948
ubertje	1	721668	99.695
uden	1	721669	99.6951
udenhout	1	721670	99.6953
ueberhaupt	1	721671	99.6954
ueberhip	1	721672	99.6955
uefa	1	721673	99.6957
uffra	1	721674	99.6958
ug	1	721675	99.6959
uhmm	1	721676	99.6961
uhu	1	721677	99.6962
ui	1	721678	99.6964
uien	1	721679	99.6965
uiensoep	1	721680	99.6966
uilen	1	721681	99.6968
uilenburg	1	721682	99.6969
uir	1	721683	99.697
uistekende	1	721684	99.6972
uit(a)	1	721685	99.6973
uit.ik	1	721686	99.6975
uit.x	1	721687	99.6976
uitbaatsters	1	721688	99.6977
uitbetaald	1	721689	99.6979
uitblazen	1	721690	99.698
uitbleven	1	721691	99.6982
uitblijven	1	721692	99.6983
uitbreiden	1	721693	99.6984
uitbreidt	1	721694	99.6986
uitbreken	1	721695	99.6987
uitdraai	1	721696	99.6988
uitdraait	1	721697	99.699
uitdrukkelijk	1	721698	99.6991
uitdrukking	1	721699	99.6993
uiteen	1	721700	99.6994
uiteengezet	1	721701	99.6995
uiteindelijke	1	721702	99.6997
uiteraardi	1	721703	99.6998
uitermate	1	721704	99.6999
uiteten	1	721705	99.7001
uitetenplan	1	721706	99.7002
uitgangspunt	1	721707	99.7004
uitgebogen	1	721708	99.7005
uitgebreider	1	721709	99.7006
uitgebroken	1	721710	99.7008
uitgecheckt	1	721711	99.7009
uitgedaagd	1	721712	99.7011
uitgedaan	1	721713	99.7012
uitgedacht	1	721714	99.7013
uitgedeeld	1	721715	99.7015
uitgedraaid	1	721716	99.7016
uitgeduwd	1	721717	99.7017
uitgeeft	1	721718	99.7019
uitgeest	1	721719	99.702
uitgegraven	1	721720	99.7022
uitgekafferd	1	721721	99.7023
uitgekaterd	1	721722	99.7024
uitgeladen	1	721723	99.7026
uitgelogd	1	721724	99.7027
uitgemeten	1	721725	99.7028
uitgemikt	1	721726	99.703
uitgeplozen	1	721727	99.7031
uitgeprint	1	721728	99.7033
uitgeregend	1	721729	99.7034
uitgerekt	1	721730	99.7035
uitgeruimd	1	721731	99.7037
uitgeruster	1	721732	99.7038
uitgesalixt	1	721733	99.704
uitgeschakeld	1	721734	99.7041
uitgeschakelde	1	721735	99.7042
uitgeslaapt	1	721736	99.7044
uitgesmeten	1	721737	99.7045
uitgespookt	1	721738	99.7046
uitgesproken	1	721739	99.7048
uitgestaan	1	721740	99.7049
uitgestrooid	1	721741	99.7051
uitgetest	1	721742	99.7052
uitgetypt	1	721743	99.7053
uitgevajen	1	721744	99.7055
uitgevalln	1	721745	99.7056
uitgeverij	1	721746	99.7058
uitgevn	1	721747	99.7059
uitgevoerd	1	721748	99.706
uitgevonden	1	721749	99.7062
uitgewaaid	1	721750	99.7063
uitgewerkt	1	721751	99.7064
uitgewisseld	1	721752	99.7066
uitgeziekt	1	721753	99.7067
uitgezongen	1	721754	99.7069
uitgleed	1	721755	99.707
uithaalt	1	721756	99.7071
uithaln	1	721757	99.7073
uithang	1	721758	99.7074
uithijgen	1	721759	99.7075
uithoek	1	721760	99.7077
uithoekje	1	721761	99.7078
uithouden	1	721762	99.708
uiting	1	721763	99.7081
uitkan	1	721764	99.7082
uitkijk	1	721765	99.7084
uitkijkdek	1	721766	99.7085
uitkijkt	1	721767	99.7087
uitknokken	1	721768	99.7088
uitkuis	1	721769	99.7089
uitlaat	1	721770	99.7091
uitlaatgassen	1	721771	99.7092
uitleven	1	721772	99.7093
uitmaken	1	721773	99.7095
uitmoet	1	721774	99.7096
uitn	1	721775	99.7098
uitneembaar	1	721776	99.7099
uitnodigd	1	721777	99.71
uitnodigde	1	721778	99.7102
uitpraten	1	721779	99.7103
uitputtend	1	721780	99.7104
uitpuzzelen	1	721781	99.7106
uitrekenen	1	721782	99.7107
uitrekken	1	721783	99.7109
uitrijden	1	721784	99.711
uitroeptekens	1	721785	99.7111
uitrusting	1	721786	99.7113
uitschieters	1	721787	99.7114
uitschijnen	1	721788	99.7116
uitschrijf	1	721789	99.7117
uitschrijvn	1	721790	99.7118
uitslaapdienst	1	721791	99.712
uitslaapt	1	721792	99.7121
uitslagen	1	721793	99.7122
uitsluiten	1	721794	99.7124
uitsluiting	1	721795	99.7125
uitsluitsel	1	721796	99.7127
uitspattijg	1	721797	99.7128
uitspeelt	1	721798	99.7129
uitspoelen	1	721799	99.7131
uitspoelt	1	721800	99.7132
uitstak	1	721801	99.7133
uitstap	1	721802	99.7135
uitstapje	1	721803	99.7136
uitstappen.to	1	721804	99.7138
uitsteekt	1	721805	99.7139
uittesten	1	721806	99.714
uittypen	1	721807	99.7142
uitvaart	1	721808	99.7143
uitval	1	721809	99.7145
uitvallen	1	721810	99.7146
uitvalt	1	721811	99.7147
uitverkochte	1	721812	99.7149
uitverkoop	1	721813	99.715
uitviel	1	721814	99.7151
uitvoer	1	721815	99.7153
uitvogelen	1	721816	99.7154
uitvraag	1	721817	99.7156
uitwedstrijd	1	721818	99.7157
uitwisselen	1	721819	99.7158
uitz	1	721820	99.716
uitzenden	1	721821	99.7161
uitzendinggemist	1	721822	99.7162
uitzie	1	721823	99.7164
uitzoekt	1	721824	99.7165
uitzonderl	1	721825	99.7167
uitzonderlijk	1	721826	99.7168
uizicht	1	721827	99.7169
ull	1	721828	99.7171
ulslev	1	721829	99.7172
ultiem	1	721830	99.7174
umbrellas	1	721831	99.7175
umbretti	1	721832	99.7176
unaniem	1	721833	99.7178
unattended	1	721834	99.7179
unbeatable	1	721835	99.718
unbelievably	1	721836	99.7182
uncool	1	721837	99.7183
understanding	1	721838	99.7185
understood	1	721839	99.7186
underwear	1	721840	99.7187
unharmed	1	721841	99.7189
uni.X	1	721842	99.719
unibet	1	721843	99.7192
unicef	1	721844	99.7193
unicode	1	721845	99.7194
uniek	1	721846	99.7196
unif	1	721847	99.7197
union	1	721848	99.7198
units	1	721849	99.72
univers	1	721850	99.7201
universeel	1	721851	99.7203
universiteitskrant	1	721852	99.7204
unlikely	1	721853	99.7205
unne	1	721854	99.7207
unninkhuis	1	721855	99.7208
uno	1	721856	99.7209
unpack	1	721857	99.7211
unpacked	1	721858	99.7212
unplanned	1	721859	99.7214
unreliable	1	721860	99.7215
unstuck	1	721861	99.7216
unsure	1	721862	99.7218
untill	1	721863	99.7219
unyc@unyc.nl	1	721864	99.7221
uodate	1	721865	99.7222
uodaten	1	721866	99.7223
uoh	1	721867	99.7225
uoloog	1	721868	99.7226
updated	1	721869	99.7227
updating	1	721870	99.7229
updaye	1	721871	99.723
upgrade	1	721872	99.7232
upload	1	721873	99.7233
uppen	1	721874	99.7234
upperdare	1	721875	99.7236
uppie	1	721876	99.7237
upps	1	721877	99.7238
upset	1	721878	99.724
urban	1	721879	99.7241
ureken	1	721880	99.7243
uri	1	721881	99.7244
urige	1	721882	99.7245
urtje	1	721883	99.7247
usa	1	721884	99.7248
usb-kabel	1	721885	99.725
useful	1	721886	99.7251
useless	1	721887	99.7252
username	1	721888	99.7254
usine	1	721889	99.7255
utiliseert	1	721890	99.7256
utopische	1	721891	99.7258
utp	1	721892	99.7259
utterly	1	721893	99.7261
utøyake	1	721894	99.7262
uuche	1	721895	99.7263
uurXD	1	721896	99.7265
uurboord	1	721897	99.7266
uurenhalf	1	721898	99.7267
uurke-half	1	721899	99.7269
uurkes	1	721900	99.727
uurrooster	1	721901	99.7272
uurs	1	721902	99.7273
uurtarief	1	721903	99.7274
uvthuis	1	721904	99.7276
uwbel	1	721905	99.7277
uwv	1	721906	99.7279
uz	1	721907	99.728
uzen	1	721908	99.7281
v.	1	721909	99.7283
v.a.	1	721910	99.7284
vaalzwarte	1	721911	99.7285
vaandag	1	721912	99.7287
vaat	1	721913	99.7288
vaatdoek	1	721914	99.729
vab	1	721915	99.7291
vacc	1	721916	99.7292
vaccinatiekaart	1	721917	99.7294
vader-zoon	1	721918	99.7295
vaderkesdag	1	721919	99.7296
vagabond	1	721920	99.7298
vagant	1	721921	99.7299
vaginaaaa	1	721922	99.7301
vaguely	1	721923	99.7302
vaiddag	1	721924	99.7303
vaio's	1	721925	99.7305
vakantieadres	1	721926	99.7306
vakantiebeurs	1	721927	99.7308
vakantiedag	1	721928	99.7309
vakantiedingessen	1	721929	99.731
vakantiedorp	1	721930	99.7312
vakantieganger	1	721931	99.7313
vakantiegroeten	1	721932	99.7314
vakantieoverleg	1	721933	99.7316
vakantieplannen	1	721934	99.7317
vakantieplanning	1	721935	99.7319
vakantierooster	1	721936	99.732
vakantiespullen	1	721937	99.7321
vakantieverhalen	1	721938	99.7323
vakbladen	1	721939	99.7324
vakbonden	1	721940	99.7326
vakje	1	721941	99.7327
vakvergadering	1	721942	99.7328
valenta	1	721943	99.733
valentijnsdag	1	721944	99.7331
valentijnseditie	1	721945	99.7332
valentijnservaring	1	721946	99.7334
validatie	1	721947	99.7335
valiesje	1	721948	99.7337
valiezen	1	721949	99.7338
valkenswaard	1	721950	99.7339
vallie	1	721951	99.7341
valling	1	721952	99.7342
valpartij	1	721953	99.7343
valsspelert	1	721954	99.7345
valtje	1	721955	99.7346
vam	1	721956	99.7348
vamaf	1	721957	99.7349
vamavnd	1	721958	99.735
vampieren	1	721959	99.7352
van-tot	1	721960	99.7353
vana	1	721961	99.7355
vanabond	1	721962	99.7356
vanacht	1	721963	99.7357
vananvd	1	721964	99.7359
vanavd	1	721965	99.736
vanavjd	1	721966	99.7361
vanavoje	1	721967	99.7363
vanboven	1	721968	99.7364
vandElaba	1	721969	99.7366
vandaa	1	721970	99.7367
vandaag+	1	721971	99.7368
vandaagh	1	721972	99.737
vandage	1	721973	99.7371
vandalen	1	721974	99.7372
vandana	1	721975	99.7374
vandar	1	721976	99.7375
vandemorgen	1	721977	99.7377
vandenborre	1	721978	99.7378
vanderwouden	1	721979	99.7379
vandewalle	1	721980	99.7381
vandeweekend	1	721981	99.7382
vandezomer	1	721982	99.7384
vang	1	721983	99.7385
vangrail	1	721984	99.7386
vanhecke	1	721985	99.7388
vanilla	1	721986	99.7389
vanille	1	721987	99.739
vanilleys	1	721988	99.7392
vanlumen	1	721989	99.7393
vanne	1	721990	99.7395
vannmiddag	1	721991	99.7396
vannochted	1	721992	99.7397
vanochtnd	1	721993	99.7399
vanouds	1	721994	99.74
vanroose-kleurenconsulente	1	721995	99.7401
vanselphst	1	721996	99.7403
vantussen	1	721997	99.7404
vanvnd	1	721998	99.7406
vapiano	1	721999	99.7407
varia	1	722000	99.7408
varianten	1	722001	99.741
variantje	1	722002	99.7411
varken	1	722003	99.7413
varkenskotelet	1	722004	99.7414
varkensvlees	1	722005	99.7415
vaseline	1	722006	99.7417
vastgelijmt	1	722007	99.7418
vastgereden	1	722008	99.7419
vastgesteld	1	722009	99.7421
vastgoed	1	722010	99.7422
vasthoudendheid	1	722011	99.7424
vastloper	1	722012	99.7425
vastnam	1	722013	99.7426
vaststelling	1	722014	99.7428
vastzetten	1	722015	99.7429
vati	1	722016	99.743
vatje	1	722017	99.7432
vatten	1	722018	99.7433
vavnd	1	722019	99.7435
vb	1	722020	99.7436
vdb	1	722021	99.7437
vdg	1	722022	99.7439
vdl	1	722023	99.744
vds	1	722024	99.7442
vecer	1	722025	99.7443
vecht	1	722026	99.7444
vedette	1	722027	99.7446
vedubbeld	1	722028	99.7447
veeeeeet	1	722029	99.7448
veegt	1	722030	99.745
veelbelovend	1	722031	99.7451
veels	1	722032	99.7453
veelste	1	722033	99.7454
veerde	1	722034	99.7455
veerkrachtiger	1	722035	99.7457
veerle	1	722036	99.7458
vega	1	722037	99.746
vega-bami	1	722038	99.7461
vegan	1	722039	99.7462
vegetariers	1	722040	99.7464
vegetariër	1	722041	99.7465
vegeten	1	722042	99.7466
veggiedag	1	722043	99.7468
vegi	1	722044	99.7469
vego	1	722045	99.7471
vehuizen	1	722046	99.7472
veiligheids	1	722047	99.7473
veiligheidscoordinator	1	722048	99.7475
veiligheidshalve	1	722049	99.7476
veiligst	1	722050	99.7477
veiligstellen	1	722051	99.7479
vekeman	1	722052	99.748
velaerts	1	722053	99.7482
veldbeheerder	1	722054	99.7483
veldegem	1	722055	99.7484
veldhoven	1	722056	99.7486
veldrijden	1	722057	99.7487
veldsla	1	722058	99.7489
veldstraatje	1	722059	99.749
velede	1	722060	99.7491
velgen	1	722061	99.7493
venetie	1	722062	99.7494
venir	1	722063	99.7495
venkel	1	722064	99.7497
venten	1	722065	99.7498
venti	1	722066	99.75
ventiel	1	722067	99.7501
ventjes	1	722068	99.7502
venusheuveltje	1	722069	99.7504
ver-assebroek	1	722070	99.7505
verander	1	722071	99.7506
verantwoorde	1	722072	99.7508
verantwoordelijke	1	722073	99.7509
verantwoordelijkheid	1	722074	99.7511
verantwoordelijlheid	1	722075	99.7512
verantwoording	1	722076	99.7513
verassingsavnd	1	722077	99.7515
verassingsoptreden	1	722078	99.7516
verbandje	1	722079	99.7518
verbatim	1	722080	99.7519
verbazing	1	722081	99.752
verbeterde	1	722082	99.7522
verbetere	1	722083	99.7523
verbetert	1	722084	99.7524
verbieden	1	722085	99.7526
verbindingen	1	722086	99.7527
verbindingsstuk	1	722087	99.7529
verblijft	1	722088	99.753
verbluffend	1	722089	99.7531
verbod	1	722090	99.7533
verbonders	1	722091	99.7534
verbondsleidster	1	722092	99.7535
verborgen	1	722093	99.7537
verbouwd	1	722094	99.7538
verbouwereerd	1	722095	99.754
verbouwt	1	722096	99.7541
verbroedering	1	722097	99.7542
verdediger	1	722098	99.7544
verdedigt	1	722099	99.7545
verdeel	1	722100	99.7547
verdeeld	1	722101	99.7548
verdenk	1	722102	99.7549
verdenkt	1	722103	99.7551
verderhelpen	1	722104	99.7552
verdi	1	722105	99.7553
verdiende	1	722106	99.7555
verdienste	1	722107	99.7556
verdiept	1	722108	99.7558
verdomd	1	722109	99.7559
verdomme	1	722110	99.756
verdoven	1	722111	99.7562
verdrietelig	1	722112	99.7563
verdubbelt	1	722113	99.7564
verduidelijking	1	722114	99.7566
verduivelde	1	722115	99.7567
verdwaalde	1	722116	99.7569
verdwijnen	1	722117	99.757
verdwijnt	1	722118	99.7571
vereiste	1	722119	99.7573
veren	1	722120	99.7574
verenigingsactiviteiten	1	722121	99.7576
vereren	1	722122	99.7577
verergere	1	722123	99.7578
veres	1	722124	99.758
vereten	1	722125	99.7581
verf	1	722126	99.7582
verfkrabber	1	722127	99.7584
verfrissend	1	722128	99.7585
verfrommeld	1	722129	99.7587
verfspullen	1	722130	99.7588
verft	1	722131	99.7589
verg	1	722132	99.7591
vergaan	1	722133	99.7592
vergaat	1	722134	99.7594
vergader	1	722135	99.7595
vergaderdag	1	722136	99.7596
vergaderingetje	1	722137	99.7598
vergaderingn	1	722138	99.7599
vergaderkamer	1	722139	99.76
vergaderkusje	1	722140	99.7602
vergaderse	1	722141	99.7603
vergadert	1	722142	99.7605
vergadertijger	1	722143	99.7606
vergeef	1	722144	99.7607
vergeleken	1	722145	99.7609
vergelijkbare	1	722146	99.761
vergelijkt	1	722147	99.7611
vergen	1	722148	99.7613
vergessen	1	722149	99.7614
vergezellen	1	722150	99.7616
vergiftiging	1	722151	99.7617
vergrepen	1	722152	99.7618
vergroot	1	722153	99.762
vergroten	1	722154	99.7621
vergunning	1	722155	99.7623
verhaaltje	1	722156	99.7624
verhangen	1	722157	99.7625
verheffend	1	722158	99.7627
verheug	1	722159	99.7628
verheven	1	722160	99.7629
verhoevie	1	722161	99.7631
verhoevy	1	722162	99.7632
verhouding	1	722163	99.7634
verhuisdozen	1	722164	99.7635
verhuisdrukte	1	722165	99.7636
verhuiswagen	1	722166	99.7638
verhuiswerkzaamheden	1	722167	99.7639
verhuiszooi	1	722168	99.764
verhullen	1	722169	99.7642
verhulstje	1	722170	99.7643
verhuren	1	722171	99.7645
verifieren	1	722172	99.7646
verijdeld	1	722173	99.7647
verj	1	722174	99.7649
verjaadag	1	722175	99.765
verjaardagsbezoek	1	722176	99.7652
verjaardagsdrink	1	722177	99.7653
verjaardagseks	1	722178	99.7654
verjaardagsgelukwensbericht	1	722179	99.7656
verjaardagsgevoel	1	722180	99.7657
verjaardagskaart	1	722181	99.7658
verjaardagskado	1	722182	99.766
verjaardagskadootje	1	722183	99.7661
verjaardagskus	1	722184	99.7663
verjaardagskusjes	1	722185	99.7664
verjaardagskussen	1	722186	99.7665
verjaardagsshow	1	722187	99.7667
verjaardagsstress	1	722188	99.7668
verjaardagszoen	1	722189	99.7669
verjaardagwense	1	722190	99.7671
verjaardaq	1	722191	99.7672
verjaart	1	722192	99.7674
verkandie	1	722193	99.7675
verkassen	1	722194	99.7676
verkaveling	1	722195	99.7678
verkeer.to	1	722196	99.7679
verkeerds	1	722197	99.7681
verkeersbord	1	722198	99.7682
verkeersplannen	1	722199	99.7683
verkenner	1	722200	99.7685
verkenning	1	722201	99.7686
verkeren	1	722202	99.7687
verkiezen	1	722203	99.7689
verkiezing	1	722204	99.769
verkleden	1	722205	99.7692
verkleedfeestje	1	722206	99.7693
verkleedkleren	1	722207	99.7694
verklikker	1	722208	99.7696
verklootte	1	722209	99.7697
verknallen	1	722210	99.7699
verkondigen	1	722211	99.77
verkooptruc	1	722212	99.7701
verkopt	1	722213	99.7703
verkort	1	722214	99.7704
verkoudheids-hoofd	1	722215	99.7705
verkozen	1	722216	99.7707
verkracht	1	722217	99.7708
verkrachten	1	722218	99.771
verkrijgbaar	1	722219	99.7711
verkrijgen	1	722220	99.7712
verl	1	722221	99.7714
verlaagt	1	722222	99.7715
verlangen	1	722223	99.7716
verlanglijstje	1	722224	99.7718
verlangs	1	722225	99.7719
verlate	1	722226	99.7721
verleend	1	722227	99.7722
verleid	1	722228	99.7723
verleidelijke	1	722229	99.7725
verleiding	1	722230	99.7726
verlengen	1	722231	99.7728
verlichting	1	722232	99.7729
verliefde	1	722233	99.773
verliefdheid	1	722234	99.7732
verlinden	1	722235	99.7733
verloofd	1	722236	99.7734
verloskwartier	1	722237	99.7736
verlossen	1	722238	99.7737
verlovingsring	1	722239	99.7739
verluidt	1	722240	99.774
vermakelijk	1	722241	99.7741
vermakelijke	1	722242	99.7743
vermeire-roobroeck	1	722243	99.7744
verminderde	1	722244	99.7745
verminkt	1	722245	99.7747
vermoedt	1	722246	99.7748
vermoeidheid	1	722247	99.775
vermoorden	1	722248	99.7751
verneem	1	722249	99.7752
verneukt	1	722250	99.7754
verneveld	1	722251	99.7755
vernevelen	1	722252	99.7757
vernietigen	1	722253	99.7758
vernietigende	1	722254	99.7759
vernieuwd	1	722255	99.7761
vero	1	722256	99.7762
veronderstel	1	722257	99.7763
veronderstelling	1	722258	99.7765
veronique	1	722259	99.7766
verontrustende	1	722260	99.7768
verontschuldigen	1	722261	99.7769
verontschuldigingen	1	722262	99.777
verontschuldigt	1	722263	99.7772
verontwaardigde	1	722264	99.7773
veroorzaken	1	722265	99.7774
verouderen	1	722266	99.7776
verpakking	1	722267	99.7777
verplaatste	1	722268	99.7779
verplanken	1	722269	99.778
verpleegkunde	1	722270	99.7781
verplegers	1	722271	99.7783
verra	1	722272	99.7784
verradelijk	1	722273	99.7786
verraden	1	722274	99.7787
verras	1	722275	99.7788
verrassing(kje)	1	722276	99.779
verrassingsbrood	1	722277	99.7791
verrassingsfeestje	1	722278	99.7792
verrastl	1	722279	99.7794
verregenen	1	722280	99.7795
verrekte	1	722281	99.7797
verrokken	1	722282	99.7798
verrot	1	722283	99.7799
versa	1	722284	99.7801
verschans	1	722285	99.7802
verscheidene	1	722286	99.7803
verschenen	1	722287	99.7805
verschieten	1	722288	99.7806
verschijnen.to	1	722289	99.7808
verschijnsel	1	722290	99.7809
verschijnt	1	722291	99.781
verschoond	1	722292	99.7812
verschoten	1	722293	99.7813
verschrikkellijo	1	722294	99.7815
verschuift	1	722295	99.7816
versierd	1	722296	99.7817
version	1	722297	99.7819
verslavend	1	722298	99.782
verslaving	1	722299	99.7821
versmaden	1	722300	99.7823
versnapering	1	722301	99.7824
versnellingsbak	1	722302	99.7826
verspreid	1	722303	99.7827
verspreidt	1	722304	99.7828
verst	1	722305	99.783
verstaat	1	722306	99.7831
verstandiger	1	722307	99.7833
verstandigste	1	722308	99.7834
versteken	1	722309	99.7835
versterker	1	722310	99.7837
verstichel	1	722311	99.7838
verstoken	1	722312	99.7839
verstond	1	722313	99.7841
verstopte	1	722314	99.7842
verstoten	1	722315	99.7844
verstrengeld	1	722316	99.7845
verstrooid	1	722317	99.7846
verstuikt	1	722318	99.7848
verstuikte	1	722319	99.7849
verstuurde	1	722320	99.785
verstuurt	1	722321	99.7852
versvooru.nl	1	722322	99.7853
vertaal-dingen	1	722323	99.7855
vertaalde	1	722324	99.7856
vertaalkunde	1	722325	99.7857
vertaalsoftware	1	722326	99.7859
vertaalt	1	722327	99.786
vertaler	1	722328	99.7862
vertalingen	1	722329	99.7863
verte	1	722330	99.7864
verteerd	1	722331	99.7866
verteot	1	722332	99.7867
vertering	1	722333	99.7868
verticaal	1	722334	99.787
vertikaal	1	722335	99.7871
vertokken	1	722336	99.7873
vertonen	1	722337	99.7874
vertoond	1	722338	99.7875
vertoont	1	722339	99.7877
vertrekk	1	722340	99.7878
vertrekke	1	722341	99.7879
vertrekstress	1	722342	99.7881
vertrektijd	1	722343	99.7882
vertrokkn	1	722344	99.7884
verts	1	722345	99.7885
verté	1	722346	99.7886
veruit	1	722347	99.7888
verval	1	722348	99.7889
vervaldatum	1	722349	99.7891
vervallen	1	722350	99.7892
vervangcafe	1	722351	99.7893
verversen	1	722352	99.7895
vervlechting	1	722353	99.7896
vervloekt	1	722354	99.7897
vervoeren	1	722355	99.7899
vervoersbewijs	1	722356	99.79
vervolgd	1	722357	99.7902
vervolgen	1	722358	99.7903
vervolgprogramma	1	722359	99.7904
vervormingen	1	722360	99.7906
vervuld	1	722361	99.7907
vervullen	1	722362	99.7908
vervéél	1	722363	99.791
verwaarloos	1	722364	99.7911
verwaarloosde	1	722365	99.7913
verwach	1	722366	99.7914
verwachtten	1	722367	99.7915
verward	1	722368	99.7917
verwarde	1	722369	99.7918
verwarmn	1	722370	99.792
verwarring	1	722371	99.7921
verwelkomen	1	722372	99.7922
verwent	1	722373	99.7924
verwenverassingetjes	1	722374	99.7925
verwerkingssnelheid	1	722375	99.7926
verwerpelijke	1	722376	99.7928
verwijderde	1	722377	99.7929
verwijderen	1	722378	99.7931
verwijsbrief	1	722379	99.7932
verwijsbrieven	1	722380	99.7933
verwijzingen	1	722381	99.7935
verwissel	1	722382	99.7936
verwisseld	1	722383	99.7937
verwisselen	1	722384	99.7939
verwittigd	1	722385	99.794
verwonderen	1	722386	99.7942
verwondingen	1	722387	99.7943
verwoord	1	722388	99.7944
verwyderen	1	722389	99.7946
verwyten	1	722390	99.7947
verzachtende	1	722391	99.7949
verzadigd	1	722392	99.795
verzakt	1	722393	99.7951
verzamelingen	1	722394	99.7953
verzamelt	1	722395	99.7954
verzamelverpakking	1	722396	99.7955
verzegeld	1	722397	99.7957
verzekeraars	1	722398	99.7958
verzekeren	1	722399	99.796
verzekeringskaartje	1	722400	99.7961
verzeketen	1	722401	99.7962
verzending	1	722402	99.7964
verzendt	1	722403	99.7965
verzoeknummertjes	1	722404	99.7967
verzoening	1	722405	99.7968
verzopen	1	722406	99.7969
verzorgde	1	722407	99.7971
verzorgingskussen	1	722408	99.7972
verzuim	1	722409	99.7973
verzuimen	1	722410	99.7975
verzuurde	1	722411	99.7976
verzwikte	1	722412	99.7978
ves	1	722413	99.7979
vesalius	1	722414	99.798
vespa	1	722415	99.7982
vesper	1	722416	99.7983
vestie	1	722417	99.7984
vestingdagen	1	722418	99.7986
vestje	1	722419	99.7987
vestmon	1	722420	99.7989
vestzak	1	722421	99.799
vetgedrukte	1	722422	99.7991
vetraging	1	722423	99.7993
vetrokken	1	722424	99.7994
vetste	1	722425	99.7996
vetstuur	1	722426	99.7997
vetteshizzle	1	722427	99.7998
vettig	1	722428	99.8
vettigen	1	722429	99.8001
veulen	1	722430	99.8002
veurne	1	722431	99.8004
veurnse	1	722432	99.8005
vewwie	1	722433	99.8007
veys	1	722434	99.8008
vezelrijk	1	722435	99.8009
vfrans	1	722436	99.8011
vgavond	1	722437	99.8012
vgl	1	722438	99.8013
vhz	1	722439	99.8015
viagera	1	722440	99.8016
vibdt	1	722441	99.8018
vibe	1	722442	99.8019
viben	1	722443	99.802
viberen	1	722444	99.8022
vibes	1	722445	99.8023
vibrations	1	722446	99.8025
vici	1	722447	99.8026
vico	1	722448	99.8027
victoria	1	722449	99.8029
vidal	1	722450	99.803
video's	1	722451	99.8031
video-en	1	722452	99.8033
video-expert	1	722453	99.8034
videobanden	1	722454	99.8036
videocolleges	1	722455	99.8037
videokaart	1	722456	99.8038
videoprojectie	1	722457	99.804
videoverslag	1	722458	99.8041
videt	1	722459	99.8042
vidi	1	722460	99.8044
viele	1	722461	99.8045
vienna	1	722462	99.8047
vierdaagse	1	722463	99.8048
vierdaagsecoordinator	1	722464	99.8049
viergastest	1	722465	99.8051
vierkant	1	722466	99.8052
vierkantjes	1	722467	99.8054
vieruurtje	1	722468	99.8055
viewty	1	722469	99.8056
vieze	1	722470	99.8058
vijand	1	722471	99.8059
vijfjes	1	722472	99.806
vijsjes	1	722473	99.8062
vijvestraat	1	722474	99.8063
viking	1	722475	99.8065
vikingpuntengekregen	1	722476	99.8066
villareal	1	722477	99.8067
vilvoorde	1	722478	99.8069
vinci	1	722479	99.807
vinde	1	722480	99.8071
vindek	1	722481	99.8073
vinden.ko	1	722482	99.8074
vindjet	1	722483	99.8076
vindtXD	1	722484	99.8077
vineaux	1	722485	99.8078
vingeren	1	722486	99.808
vingerende	1	722487	99.8081
vink	1	722488	99.8083
vinkhuizen	1	722489	99.8084
vinnek	1	722490	99.8085
vino	1	722491	99.8087
vint	1	722492	99.8088
vintage	1	722493	99.8089
vinyl	1	722494	99.8091
violate	1	722495	99.8092
vior	1	722496	99.8094
viorzichtig	1	722497	99.8095
vipachtige	1	722498	99.8096
vipbar	1	722499	99.8098
virtuoso	1	722500	99.8099
virusscanner	1	722501	99.8101
virusscannertje	1	722502	99.8102
virussen	1	722503	99.8103
visabakske	1	722504	99.8105
visamachine	1	722505	99.8106
visited	1	722506	99.8107
visitekaartjes	1	722507	99.8109
visitekaartjesboer	1	722508	99.811
visiting	1	722509	99.8112
viskoffer	1	722510	99.8113
viso	1	722511	99.8114
visrestaurant	1	722512	99.8116
vista	1	722513	99.8117
viste	1	722514	99.8118
vitaly	1	722515	99.812
vitamine	1	722516	99.8121
vitaminepillen	1	722517	99.8123
vitaya	1	722518	99.8124
vitro-keramische	1	722519	99.8125
vivabox	1	722520	99.8127
viño	1	722521	99.8128
vk	1	722522	99.813
vla	1	722523	99.8131
vlaanderen	1	722524	99.8132
vlaggengroet	1	722525	99.8134
vlakby	1	722526	99.8135
vlakken	1	722527	99.8136
vlamingpolder	1	722528	99.8138
vlampijp	1	722529	99.8139
vlarbaltaxi	1	722530	99.8141
vlash	1	722531	99.8142
vleermuis	1	722532	99.8143
vleesetende	1	722533	99.8145
vleesje	1	722534	99.8146
vleesjes	1	722535	99.8147
vlegveld	1	722536	99.8149
vlekkeloos	1	722537	99.815
vlekken	1	722538	99.8152
vlerick	1	722539	99.8153
vleugel	1	722540	99.8154
vleugels	1	722541	99.8156
vlg	1	722542	99.8157
vlgde	1	722543	99.8159
vlgs	1	722544	99.816
vliegenvanger	1	722545	99.8161
vliegje	1	722546	99.8163
vliegpunten	1	722547	99.8164
vliegshow	1	722548	99.8165
vliegtickets	1	722549	99.8167
vliegtuigmodus	1	722550	99.8168
vliegtuigticket	1	722551	99.817
vliegverbod	1	722552	99.8171
vliegvertraging	1	722553	99.8172
vlieland	1	722554	99.8174
vlijmen	1	722555	99.8175
vlijmenseweg	1	722556	99.8176
vlijtig	1	722557	99.8178
vlijtige	1	722558	99.8179
vlinderdinges	1	722559	99.8181
vlinders	1	722560	99.8182
vlliegticketmaatschappij	1	722561	99.8183
vlo	1	722562	99.8185
vloeibare	1	722563	99.8186
vloeistof	1	722564	99.8188
vloeistoffen	1	722565	99.8189
vloeitje	1	722566	99.819
vloeitjes	1	722567	99.8192
vlooien	1	722568	99.8193
vlooienbandjes	1	722569	99.8194
vm	1	722570	99.8196
vma	1	722571	99.8197
vna	1	722572	99.8199
vnav	1	722573	99.82
vnj-dienst	1	722574	99.8201
vnj-feestje	1	722575	99.8203
vnj-tshirt	1	722576	99.8204
vnjou	1	722577	99.8205
vnswwptw	1	722578	99.8207
vnvd	1	722579	99.8208
vochtige	1	722580	99.821
vochtvreter	1	722581	99.8211
vodden	1	722582	99.8212
voebal	1	722583	99.8214
voeballen	1	722584	99.8215
voederen	1	722585	99.8217
voedselstrooptocht	1	722586	99.8218
voedt	1	722587	99.8219
voedzaam	1	722588	99.8221
voegwoorden	1	722589	99.8222
voelden	1	722590	99.8223
voele	1	722591	99.8225
voerde	1	722592	99.8226
voertuigbeheersing	1	722593	99.8228
voetbal-les	1	722594	99.8229
voetbalclub	1	722595	99.823
voetbaldagje	1	722596	99.8232
voetbalgids	1	722597	99.8233
voetbalkrant	1	722598	99.8235
voetbalkwaliteiten	1	722599	99.8236
voetballend	1	722600	99.8237
voetballer	1	722601	99.8239
voetbalpoules	1	722602	99.824
voetbalschotel	1	722603	99.8241
voetbalstories	1	722604	99.8243
voetbaltafel	1	722605	99.8244
voetbalteam	1	722606	99.8246
voetbaltoernooi	1	722607	99.8247
voetbaltube	1	722608	99.8248
voetbalveld	1	722609	99.825
voete	1	722610	99.8251
voetgolf	1	722611	99.8252
voetpad	1	722612	99.8254
voettekst	1	722613	99.8255
voettocht	1	722614	99.8257
voicemails	1	722615	99.8258
voicemailtje	1	722616	99.8259
voie	1	722617	99.8261
voit	1	722618	99.8262
vojf	1	722619	99.8264
vokgensmij	1	722620	99.8265
vold	1	722621	99.8266
voldeed	1	722622	99.8268
voldoet	1	722623	99.8269
volendam-annotaties	1	722624	99.827
volendammerkaarsen	1	722625	99.8272
volgaarne	1	722626	99.8273
volgeboekt	1	722627	99.8275
volgehouden	1	722628	99.8276
volgeladen	1	722629	99.8277
volgende-knoppen	1	722630	99.8279
volgendeweek	1	722631	99.828
volgensmij	1	722632	99.8281
volges	1	722633	99.8283
volgestoken	1	722634	99.8284
volgnde	1	722635	99.8286
volhou	1	722636	99.8287
volhoud	1	722637	99.8288
volkeren	1	722638	99.829
volkorenmeel	1	722639	99.8291
volksdans	1	722640	99.8293
volksdanstoer	1	722641	99.8294
volksfeesten	1	722642	99.8295
volksstaat	1	722643	99.8297
vollen	1	722644	99.8298
vollenbak	1	722645	99.8299
vollenhove	1	722646	99.8301
voller	1	722647	99.8302
volleybalclub	1	722648	99.8304
volleybalnet	1	722649	99.8305
volleybalschoenen	1	722650	99.8306
volleybaltoernooi	1	722651	99.8308
volleybalwedstrijd	1	722652	99.8309
volonté	1	722653	99.831
volslanke	1	722654	99.8312
volstaan	1	722655	99.8313
volstaat	1	722656	99.8315
voltallig	1	722657	99.8316
voltaren	1	722658	99.8317
voltijds	1	722659	99.8319
volvo	1	722660	99.832
vondbhet	1	722661	99.8322
vondek	1	722662	99.8323
vondth	1	722663	99.8324
vonken	1	722664	99.8326
vonkje	1	722665	99.8327
vonnis	1	722666	99.8328
vont	1	722667	99.833
vooordeur	1	722668	99.8331
voor'n	1	722669	99.8333
vooraanzicht	1	722670	99.8334
voorafje	1	722671	99.8335
vooravnd	1	722672	99.8337
voorbeeldexamen	1	722673	99.8338
voorbeeldjes	1	722674	99.8339
voorbereide	1	722675	99.8341
voorbereidend	1	722676	99.8342
voorbereidingsmateriaal	1	722677	99.8344
voorbeschouwing	1	722678	99.8345
voorbespreking	1	722679	99.8346
voorbijgegaan	1	722680	99.8348
voorbijgevlogen	1	722681	99.8349
voorbijrijdt	1	722682	99.8351
voordeelurenabo	1	722683	99.8352
voordeliger	1	722684	99.8353
voordeursleutel	1	722685	99.8355
voordeurtje	1	722686	99.8356
voordien	1	722687	99.8357
voordragen	1	722688	99.8359
voorgaande	1	722689	99.836
voorgedaan	1	722690	99.8362
voorgehad	1	722691	99.8363
voorgehouden	1	722692	99.8364
voorgekomen	1	722693	99.8366
voorgemixte	1	722694	99.8367
voorgenomen	1	722695	99.8369
voorgeschoten	1	722696	99.837
voorgeschreven	1	722697	99.8371
voorgevallen	1	722698	99.8373
voorgevoel	1	722699	99.8374
voorgoed	1	722700	99.8375
voorhebben	1	722701	99.8377
voorheen	1	722702	99.8378
voorheffing	1	722703	99.838
voorhoofdsholte	1	722704	99.8381
voorjaar	1	722705	99.8382
voorje	1	722706	99.8384
voorkant	1	722707	99.8385
voorkeurslocatie	1	722708	99.8386
voorkeursmaand	1	722709	99.8388
voorkomend	1	722710	99.8389
voorleesexpress-avonden	1	722711	99.8391
voorlegt	1	722712	99.8392
voorlicht	1	722713	99.8393
voorlijk	1	722714	99.8395
voorlopge	1	722715	99.8396
voormiddagpintje	1	722716	99.8398
voornaam	1	722717	99.8399
voornemens	1	722718	99.84
voornl	1	722719	99.8402
voorrang	1	722720	99.8403
voors	1	722721	99.8404
voorschot	1	722722	99.8406
voorschrijft	1	722723	99.8407
voorspel	1	722724	99.8409
voorspelbaar	1	722725	99.841
voorspelde	1	722726	99.8411
voorspoedig	1	722727	99.8413
voorsprong	1	722728	99.8414
voorstander	1	722729	99.8415
voorstelln	1	722730	99.8417
voortbewoog	1	722731	99.8418
voorteken	1	722732	99.842
voorts	1	722733	99.8421
voortvloeien	1	722734	99.8422
voortzetten	1	722735	99.8424
voortzetting	1	722736	99.8425
vooruitgaan	1	722737	99.8427
vooruitgegaan	1	722738	99.8428
vooruitmin	1	722739	99.8429
vooruitzichten	1	722740	99.8431
voorvallen	1	722741	99.8432
voorverkoop	1	722742	99.8433
voorverwarmen	1	722743	99.8435
voorw	1	722744	99.8436
voorwaarden	1	722745	99.8438
voorwerp	1	722746	99.8439
voorwerpen	1	722747	99.844
voorzaal	1	722748	99.8442
voorzichtjes	1	722749	99.8443
voorziening	1	722750	99.8444
voorzijde	1	722751	99.8446
voot	1	722752	99.8447
voozien	1	722753	99.8449
vopgende	1	722754	99.845
vopro	1	722755	99.8451
voralleer	1	722756	99.8453
vorderen	1	722757	99.8454
vordert	1	722758	99.8456
voriue	1	722759	99.8457
vorosmarty	1	722760	99.8458
vortbal	1	722761	99.846
vortzakjes	1	722762	99.8461
vosken	1	722763	99.8462
vossendijk	1	722764	99.8464
vostro	1	722765	99.8465
voud	1	722766	99.8467
voudig	1	722767	99.8468
voudigduifwinnaar	1	722768	99.8469
voyage	1	722769	99.8471
vp-etentje	1	722770	99.8472
vpn	1	722771	99.8473
vppr	1	722772	99.8475
vr-avond	1	722773	99.8476
vr.Is	1	722774	99.8478
vraagbak	1	722775	99.8479
vraagde	1	722776	99.848
vraagjes	1	722777	99.8482
vraagprijs	1	722778	99.8483
vraagske	1	722779	99.8485
vraagstelling	1	722780	99.8486
vraagtekens	1	722781	99.8487
vrachtwagenchauffeur	1	722782	99.8489
vraf	1	722783	99.849
vragende	1	722784	99.8491
vragenlijst	1	722785	99.8493
vragenuurtje	1	722786	99.8494
vraqen	1	722787	99.8496
vre	1	722788	99.8497
vredelievend	1	722789	99.8498
vreedzame	1	722790	99.85
vreemden	1	722791	99.8501
vreemds	1	722792	99.8503
vreesde	1	722793	99.8504
vreesk	1	722794	99.8505
vreeswijk	1	722795	99.8507
vreezek	1	722796	99.8508
vreugd	1	722797	99.8509
vreugdevuren	1	722798	99.8511
vriende	1	722799	99.8512
vriendelijken	1	722800	99.8514
vriendelijkste	1	722801	99.8515
vrienden-feestje	1	722802	99.8516
vriendenfeest	1	722803	99.8518
vriendengroep	1	722804	99.8519
vriendinnetjesdag	1	722805	99.852
vriendloos	1	722806	99.8522
vriendschapsverzoek	1	722807	99.8523
vriest	1	722808	99.8525
vrii	1	722809	99.8526
vrijdagmiddagbiertje	1	722810	99.8527
vrijdagmiddagborrel	1	722811	99.8529
vrijdagritueel	1	722812	99.853
vrijen	1	722813	99.8532
vrijgezelle	1	722814	99.8533
vrijhouden	1	722815	99.8534
vrijhoudt	1	722816	99.8536
vrijkaarten	1	722817	99.8537
vrijmidb	1	722818	99.8538
vrijstelling	1	722819	99.854
vrijster	1	722820	99.8541
vrijuit	1	722821	99.8543
vrijwillig	1	722822	99.8544
vrijwilliger	1	722823	99.8545
vrijwilligeren	1	722824	99.8547
vrijwilligersbalie	1	722825	99.8548
vroegte	1	722826	99.8549
vroemvroem	1	722827	99.8551
vrolijkst	1	722828	99.8552
vrouwenavond	1	722829	99.8554
vrouwenvergadering	1	722830	99.8555
vrouwenwc	1	722831	99.8556
vrouwloos	1	722832	99.8558
vrouwtje	1	722833	99.8559
vrt	1	722834	99.8561
vrucht	1	722835	99.8562
vruchtensap	1	722836	99.8563
vrwdag	1	722837	99.8565
vryd	1	722838	99.8566
vsn	1	722839	99.8567
vsoeger	1	722840	99.8569
vtax	1	722841	99.857
vtw	1	722842	99.8572
vuilbak	1	722843	99.8573
vuilgrijs	1	722844	99.8574
vuiligheid	1	722845	99.8576
vuilnisbak	1	722846	99.8577
vuilniszak	1	722847	99.8578
vuilzakken	1	722848	99.858
vuistje	1	722849	99.8581
vul	1	722850	99.8583
vuren	1	722851	99.8584
vuurspugen	1	722852	99.8585
vuurstaart	1	722853	99.8587
vuurtoren	1	722854	99.8588
vuurwapen	1	722855	99.859
vuvuzelas	1	722856	99.8591
vvergeten	1	722857	99.8592
vverkleedklern	1	722858	99.8594
vw	1	722859	99.8595
vwb	1	722860	99.8596
vweder	1	722861	99.8598
vwo	1	722862	99.8599
vz	1	722863	99.8601
vzw	1	722864	99.8602
véél	1	722865	99.8603
vānåvõñd	1	722866	99.8605
w.krul@greenchoice-forze.com	1	722867	99.8606
wAs	1	722868	99.8607
wAt	1	722869	99.8609
wa's	1	722870	99.861
waa	1	722871	99.8612
waaaaauw	1	722872	99.8613
waaide	1	722873	99.8614
waaien	1	722874	99.8616
waakkat	1	722875	99.8617
waal	1	722876	99.8619
waalwijk	1	722877	99.862
waalzinnig	1	722878	99.8621
waan	1	722879	99.8623
waanbeeld	1	722880	99.8624
waanzin	1	722881	99.8625
waanzinnig	1	722882	99.8627
waardeer	1	722883	99.8628
waardeerde	1	722884	99.863
waardelois	1	722885	99.8631
waardig	1	722886	99.8632
waargenomen	1	722887	99.8634
waarie	1	722888	99.8635
waarna	1	722889	99.8637
waarnemingen	1	722890	99.8638
waaromXD	1	722891	99.8639
waarschijlijk	1	722892	99.8641
waarschuw	1	722893	99.8642
waarsdhijnlijk	1	722894	99.8643
waarzegger	1	722895	99.8645
wachtend	1	722896	99.8646
wachthouding	1	722897	99.8648
wachtkamer	1	722898	99.8649
wachtlijst	1	722899	99.865
wachttijd	1	722900	99.8652
wachtzaal	1	722901	99.8653
wafel	1	722902	99.8654
waggelend	1	722903	99.8656
waggelgat	1	722904	99.8657
wagi	1	722905	99.8659
waiter	1	722906	99.866
waj	1	722907	99.8661
wake-up	1	722908	99.8663
waket	1	722909	99.8664
wakken	1	722910	99.8666
wakkerbellen	1	722911	99.8667
wakkerblijven	1	722912	99.8668
wakkergesmst	1	722913	99.867
wakkermaak	1	722914	99.8671
wakkermaken	1	722915	99.8672
wakkie	1	722916	99.8674
wakr	1	722917	99.8675
wal	1	722918	99.8677
walibi	1	722919	99.8678
walken	1	722920	99.8679
walker	1	722921	99.8681
wallen	1	722922	99.8682
wallez	1	722923	99.8683
wallpost	1	722924	99.8685
wally	1	722925	99.8686
walter	1	722926	99.8688
walter's	1	722927	99.8689
wamt	1	722928	99.869
wanbeleid	1	722929	99.8692
wand	1	722930	99.8693
wandelbabbel	1	722931	99.8695
wandelfestijn	1	722932	99.8696
wandelingske	1	722933	99.8697
wandeln	1	722934	99.8699
wandelschoenen	1	722935	99.87
wandelweg	1	722936	99.8701
wanden	1	722937	99.8703
waneer	1	722938	99.8704
wangetjes	1	722939	99.8706
wanhopig	1	722940	99.8707
wanne	1	722941	99.8708
wannebe	1	722942	99.871
wannr	1	722943	99.8711
wannsee	1	722944	99.8712
wantkheb	1	722945	99.8714
waor	1	722946	99.8715
wapens	1	722947	99.8717
warande	1	722948	99.8718
warcraft	1	722949	99.8719
warempel	1	722950	99.8721
warenhuizen	1	722951	99.8722
warez-bb	1	722952	99.8724
warhoofd	1	722953	99.8725
warmen	1	722954	99.8726
warmere	1	722955	99.8728
warmoesstraat	1	722956	99.8729
warms	1	722957	99.873
warmtepomp	1	722958	99.8732
warout	1	722959	99.8733
warr	1	722960	99.8735
warrig	1	722961	99.8736
was-ie	1	722962	99.8737
was-nu-moet	1	722963	99.8739
was.er	1	722964	99.874
was.is	1	722965	99.8741
was.kun	1	722966	99.8743
wasbeer	1	722967	99.8744
wasdraad	1	722968	99.8746
wasgerief	1	722969	99.8747
washandje	1	722970	99.8748
washed	1	722971	99.875
wasjes	1	722972	99.8751
waslijnen	1	722973	99.8753
wasmachien	1	722974	99.8754
wasmand	1	722975	99.8755
wasopvouwactie	1	722976	99.8757
wassie	1	722977	99.8758
wassjop	1	722978	99.8759
wassup	1	722979	99.8761
wassut	1	722980	99.8762
wasyl	1	722981	99.8764
wat-moet-ik-met-mn-leven	1	722982	99.8765
watchmen	1	722983	99.8766
watchtrueblood.net	1	722984	99.8768
waterbed	1	722985	99.8769
wateren	1	722986	99.8771
waterflesje	1	722987	99.8772
waterkant	1	722988	99.8773
waterkraantjes	1	722989	99.8775
waterkwartier	1	722990	99.8776
watermanagement	1	722991	99.8777
watermoorke	1	722992	99.8779
waterpeil	1	722993	99.878
waterpijp	1	722994	99.8782
waterpompen	1	722995	99.8783
waterrat	1	722996	99.8784
waterskien	1	722997	99.8786
watersportwinkel	1	722998	99.8787
watertank	1	722999	99.8788
waterzuiger	1	723000	99.879
waterzuivering	1	723001	99.8791
watklusjes	1	723002	99.8793
watou	1	723003	99.8794
watt	1	723004	99.8795
wave	1	723005	99.8797
wawa	1	723006	99.8798
wax	1	723007	99.88
wb	1	723008	99.8801
wcborstels	1	723009	99.8802
wear	1	723010	99.8804
web-site	1	723011	99.8805
webapp	1	723012	99.8806
webbe	1	723013	99.8808
webcam	1	723014	99.8809
weblog	1	723015	99.8811
webmaster	1	723016	99.8812
webpages	1	723017	99.8813
webpagina	1	723018	99.8815
webshop	1	723019	99.8816
website-cursus	1	723020	99.8817
website-enquete	1	723021	99.8819
websiteklus	1	723022	99.882
webz	1	723023	99.8822
wechel	1	723024	99.8823
weckpotten	1	723025	99.8824
weddings	1	723026	99.8826
wedergekeerd	1	723027	99.8827
wederopzegging	1	723028	99.8829
wederpartij	1	723029	99.883
wederzijds	1	723030	99.8831
wedges	1	723031	99.8833
wedren	1	723032	99.8834
wedsteijden	1	723033	99.8835
wedstrijden	1	723034	99.8837
wedstrijdleider	1	723035	99.8838
wedstrijdsport	1	723036	99.884
wedt	1	723037	99.8841
weeg	1	723038	99.8842
week(weken)	1	723039	99.8844
week-ov	1	723040	99.8845
weekeinden	1	723041	99.8846
weekend(en)	1	723042	99.8848
weekendbiljet	1	723043	99.8849
weekendkamp	1	723044	99.8851
weekendmodus	1	723045	99.8852
weekendtas	1	723046	99.8853
weekendtoerist	1	723047	99.8855
weekendverhalen	1	723048	99.8856
weekloon	1	723049	99.8858
weekoverzicht	1	723050	99.8859
weekresult	1	723051	99.886
weekske	1	723052	99.8862
weekwnd	1	723053	99.8863
weel	1	723054	99.8864
weemoed	1	723055	99.8866
weense	1	723056	99.8867
weeoejd	1	723057	99.8869
weeps	1	723058	99.887
weer.in	1	723059	99.8871
weerga	1	723060	99.8873
weergegeven	1	723061	99.8874
weergevonden	1	723062	99.8875
weerken	1	723063	99.8877
weerkeren	1	723064	99.8878
weerman	1	723065	99.888
weeromstuit	1	723066	99.8881
weers	1	723067	99.8882
weerslag	1	723068	99.8884
weersomstandigheden	1	723069	99.8885
weerstand	1	723070	99.8887
weersvoorspelling	1	723071	99.8888
weersvoorspellingen	1	723072	99.8889
weervrouw	1	723073	99.8891
weerwolven	1	723074	99.8892
weerzien	1	723075	99.8893
weesten	1	723076	99.8895
weeten	1	723077	99.8896
weetk	1	723078	99.8898
weett	1	723079	99.8899
weewj	1	723080	99.89
weg.is	1	723081	99.8902
wegbewijzering	1	723082	99.8903
wegcijferen	1	723083	99.8905
wegdek	1	723084	99.8906
wegdrink	1	723085	99.8907
wegener	1	723086	99.8909
weggebleven	1	723087	99.891
weggebracht	1	723088	99.8911
weggefikte	1	723089	99.8913
weggegooid	1	723090	99.8914
weggejaagd	1	723091	99.8916
weggelopen	1	723092	99.8917
weggescholden	1	723093	99.8918
weggestofzuigd	1	723094	99.892
weggestuurd	1	723095	99.8921
weggevallen	1	723096	99.8922
weggeveegd	1	723097	99.8924
weggevertje	1	723098	99.8925
weghalen	1	723099	99.8927
weghouden	1	723100	99.8928
wegkijken	1	723101	99.8929
weglaten	1	723102	99.8931
wegleggen	1	723103	99.8932
wegliep	1	723104	99.8934
wegrenden	1	723105	99.8935
wegrestaurant	1	723106	99.8936
wegrijdt	1	723107	99.8938
wegsmelten	1	723108	99.8939
wegsteken	1	723109	99.894
wegtrekken	1	723110	99.8942
wegwaaiende	1	723111	99.8943
wegwaren	1	723112	99.8945
wegwerp	1	723113	99.8946
wegzijn	1	723114	99.8947
weigeren	1	723115	99.8949
weil	1	723116	99.895
weinige	1	723117	99.8951
weirdo's	1	723118	99.8953
weke	1	723119	99.8954
wekkerradio	1	723120	99.8956
wektewepten	1	723121	99.8957
wel.X	1	723122	99.8958
wel.bij	1	723123	99.896
wel.br	1	723124	99.8961
wel.t	1	723125	99.8963
wel.xxx	1	723126	99.8964
welgezind	1	723127	99.8965
welk(e)	1	723128	99.8967
welkome	1	723129	99.8968
welmee	1	723130	99.8969
welnee	1	723131	99.8971
welongeveer	1	723132	99.8972
welverdiend	1	723133	99.8974
wenkbrauwen	1	723134	99.8975
wenken	1	723135	99.8976
wenuur	1	723136	99.8978
werder	1	723137	99.8979
werdt	1	723138	99.898
wereldbol	1	723139	99.8982
werelden	1	723140	99.8983
wereldgerecht	1	723141	99.8985
wereldgerechtje	1	723142	99.8986
wereldoorlog	1	723143	99.8987
wereldrecord	1	723144	99.8989
wereldreiziger	1	723145	99.899
werelds	1	723146	99.8992
wereldschokkend	1	723147	99.8993
wereldwijde	1	723148	99.8994
weren	1	723149	99.8996
werkaanbieding	1	723150	99.8997
werkbaar	1	723151	99.8998
werkbijeenkomst	1	723152	99.9
werkdagen	1	723153	99.9001
werkdrink	1	723154	99.9003
werkelijks	1	723155	99.9004
werkend	1	723156	99.9005
werkenshow	1	723157	99.9007
werkerke	1	723158	99.9008
werketentje	1	723159	99.9009
werkgeheugen	1	723160	99.9011
werkgever	1	723161	99.9012
werkgroepavond	1	723162	99.9014
werkjes	1	723163	99.9015
werkkamer	1	723164	99.9016
werkkampen	1	723165	99.9018
werkleven	1	723166	99.9019
werkm	1	723167	99.9021
werkman	1	723168	99.9022
werkmens	1	723169	99.9023
werkmensen	1	723170	99.9025
werkmodus	1	723171	99.9026
werkperiode	1	723172	99.9027
werkplaats	1	723173	99.9029
werkproef	1	723174	99.903
werkschoenen	1	723175	99.9032
werksleutel	1	723176	99.9033
werktijden	1	723177	99.9034
werktitel	1	723178	99.9036
werkuitje	1	723179	99.9037
werkuren	1	723180	99.9039
werkweekje	1	723181	99.904
werkweken	1	723182	99.9041
werkwijze	1	723183	99.9043
werkwoord	1	723184	99.9044
werkza	1	723185	99.9045
werkzame	1	723186	99.9047
wert	1	723187	99.9048
wervelingen	1	723188	99.905
werven	1	723189	99.9051
wespen	1	723190	99.9052
wespensteek	1	723191	99.9054
westenwind	1	723192	99.9055
wester	1	723193	99.9056
westergasfabriek	1	723194	99.9058
westerkwartier	1	723195	99.9059
westkust	1	723196	99.9061
westmalles	1	723197	99.9062
westside	1	723198	99.9063
westvlaamse	1	723199	99.9065
wet-Willy	1	723200	99.9066
wetek	1	723201	99.9068
wetenschap	1	723202	99.9069
wetenschapper	1	723203	99.907
wetenschapsquiz	1	723204	99.9072
wetsuit	1	723205	99.9073
weweer	1	723206	99.9074
wg	1	723207	99.9076
whahahA	1	723208	99.9077
whatapp	1	723209	99.9079
whatcha	1	723210	99.908
whatev	1	723211	99.9081
whatnot	1	723212	99.9083
whatsappberichtjes	1	723213	99.9084
whatsappcontactenlijst	1	723214	99.9085
whatsappje	1	723215	99.9087
whatsappklootzakken	1	723216	99.9088
whatssapp	1	723217	99.909
whatsupp	1	723218	99.9091
whatup	1	723219	99.9092
whazzup	1	723220	99.9094
whenever	1	723221	99.9095
whii	1	723222	99.9097
whirlpool	1	723223	99.9098
whiskey	1	723224	99.9099
whisten	1	723225	99.9101
whitest	1	723226	99.9102
whoooooo	1	723227	99.9103
whose	1	723228	99.9105
wide	1	723229	99.9106
widm	1	723230	99.9108
wiebe	1	723231	99.9109
wiegen	1	723232	99.911
wiehoew	1	723233	99.9112
wielerronde	1	723234	99.9113
wielertoeristen	1	723235	99.9114
wielophanging	1	723236	99.9116
wielsbeke	1	723237	99.9117
wienerberger	1	723238	99.9119
wienerhaus	1	723239	99.912
wienerschnitzel	1	723240	99.9121
wierrook	1	723241	99.9123
wiet	1	723242	99.9124
wietplantage	1	723243	99.9126
wifinetwerk	1	723244	99.9127
wihoo	1	723245	99.9128
wii-en	1	723246	99.913
wii-tennist	1	723247	99.9131
wiiiinight	1	723248	99.9132
wiimote	1	723249	99.9134
wiitje	1	723250	99.9135
wijde	1	723251	99.9137
wijden	1	723252	99.9138
wijffie	1	723253	99.9139
wijhe	1	723254	99.9141
wijlen	1	723255	99.9142
wijnberg	1	723256	99.9143
wijnen	1	723257	99.9145
wijnfles	1	723258	99.9146
wijnglazen	1	723259	99.9148
wijnmaker	1	723260	99.9149
wijntips	1	723261	99.915
wijsheid	1	723262	99.9152
wijsneus	1	723263	99.9153
wijste	1	723264	99.9155
wijvenfeestje	1	723265	99.9156
wijzigt	1	723266	99.9157
wikipedia	1	723267	99.9159
wiktionary	1	723268	99.916
wil.jij.mij	1	723269	99.9161
wildernis	1	723270	99.9163
wilders	1	723271	99.9164
wildn	1	723272	99.9166
wilhelminabrug	1	723273	99.9167
wilhelminapark	1	723274	99.9168
wilje	1	723275	99.917
willeb	1	723276	99.9171
willek	1	723277	99.9173
willekeurige	1	723278	99.9174
williams	1	723279	99.9175
wilr	1	723280	99.9177
wilskracht	1	723281	99.9178
wimpels	1	723282	99.9179
win-win	1	723283	99.9181
windje	1	723284	99.9182
wineke	1	723285	99.9184
wing	1	723286	99.9185
wingdings	1	723287	99.9186
wink	1	723288	99.9188
winkelcentrum	1	723289	99.9189
winkelgebied	1	723290	99.919
winkelhaak	1	723291	99.9192
winkeltje	1	723292	99.9193
winterbbq	1	723293	99.9195
winterberg	1	723294	99.9196
winterlook	1	723295	99.9197
winterschade	1	723296	99.9199
winterse	1	723297	99.92
winterslaap	1	723298	99.9202
wintersporten	1	723299	99.9203
wip	1	723300	99.9204
wipte	1	723301	99.9206
wired	1	723302	99.9207
wishing	1	723303	99.9208
wiskey	1	723304	99.921
wiskundevak	1	723305	99.9211
wiskundige	1	723306	99.9213
wispelturig	1	723307	99.9214
wisselreceptie	1	723308	99.9215
wisselstoring	1	723309	99.9217
wisselstoringen	1	723310	99.9218
wisseltrofee	1	723311	99.9219
wistjedatjes	1	723312	99.9221
wit-rood-wit	1	723313	99.9222
witbiertjes	1	723314	99.9224
witbrant	1	723315	99.9225
withdrawing	1	723316	99.9226
witlof	1	723317	99.9228
witsel	1	723318	99.9229
witteman	1	723319	99.9231
witteman-pocket	1	723320	99.9232
wittenberg	1	723321	99.9233
wizzair	1	723322	99.9235
wjtte	1	723323	99.9236
wklt	1	723324	99.9237
wkn	1	723325	99.9239
wknd	1	723326	99.924
wkonn	1	723327	99.9242
wl	1	723328	99.9243
wnkl	1	723329	99.9244
wnnr	1	723330	99.9246
wodka's	1	723331	99.9247
woede	1	723332	99.9248
woendag	1	723333	99.925
woensd	1	723334	99.9251
woensdagochtend	1	723335	99.9253
woensdags	1	723336	99.9254
woenselse	1	723337	99.9255
woerden	1	723338	99.9257
wok-takeaway	1	723339	99.9258
wokchinees	1	723340	99.926
wokgroenten	1	723341	99.9261
wokkerig	1	723342	99.9262
wokkerigs	1	723343	99.9264
wokpan	1	723344	99.9265
wolk	1	723345	99.9266
wolkbreuk	1	723346	99.9268
wollige	1	723347	99.9269
wolters	1	723348	99.9271
wonde	1	723349	99.9272
wondelgem	1	723350	99.9273
wonden	1	723351	99.9275
wonderkusje	1	723352	99.9276
wonderlijke	1	723353	99.9278
wondje	1	723354	99.9279
woningmarkt	1	723355	99.928
wooh	1	723356	99.9282
woohoow	1	723357	99.9283
woonachtig	1	723358	99.9284
woonboelevaren	1	723359	99.9286
woonboot	1	723360	99.9287
woonplaats	1	723361	99.9289
woonrecht	1	723362	99.929
woonruimtes	1	723363	99.9291
woonservice	1	723364	99.9293
woonwagen	1	723365	99.9294
woonwinkel	1	723366	99.9295
wooohoohoo	1	723367	99.9297
woops	1	723368	99.9298
woordenboeken	1	723369	99.93
woordencollage	1	723370	99.9301
woordjes	1	723371	99.9302
woordkeuze	1	723372	99.9304
wop	1	723373	99.9305
woppa	1	723374	99.9307
wordet	1	723375	99.9308
wordfeuddate	1	723376	99.9309
woren	1	723377	99.9311
worked	1	723378	99.9312
works	1	723379	99.9313
workspace	1	723380	99.9315
worrying	1	723381	99.9316
worse	1	723382	99.9318
worstebroodjes	1	723383	99.9319
worstel	1	723384	99.932
worsten	1	723385	99.9322
worstenbroodje	1	723386	99.9323
worstenbroodjes	1	723387	99.9324
worstjes	1	723388	99.9326
wortelen	1	723389	99.9327
wortels	1	723390	99.9329
worteltjestaart	1	723391	99.933
wost	1	723392	99.9331
wouik	1	723393	99.9333
wouldve	1	723394	99.9334
wouwersdreef	1	723395	99.9336
wouwersnestje	1	723396	99.9337
wprk	1	723397	99.9338
wraak	1	723398	99.934
wraauuwwwwww	1	723399	99.9341
wrede	1	723400	99.9342
wriemelt	1	723401	99.9344
wringen	1	723402	99.9345
wringt	1	723403	99.9347
writers	1	723404	99.9348
writes	1	723405	99.9349
wrsl	1	723406	99.9351
wryvingen	1	723407	99.9352
wslijk	1	723408	99.9353
wsregem	1	723409	99.9355
wsrschlk	1	723410	99.9356
wsschnlijk	1	723411	99.9358
wt	1	723412	99.9359
wten	1	723413	99.936
wulle	1	723414	99.9362
wunderbar	1	723415	99.9363
wundwrbar	1	723416	99.9365
wuoj	1	723417	99.9366
wussies	1	723418	99.9367
wuvetje	1	723419	99.9369
wvttk	1	723420	99.937
wwekend	1	723421	99.9371
www.aaro-sa.com	1	723422	99.9373
www.celluloid-heroes.com	1	723423	99.9374
www.chirowvl.be	1	723424	99.9376
www.comedycentral.nl/newkids	1	723425	99.9377
www.dfib.net	1	723426	99.9378
www.dirkjekuik.com	1	723427	99.938
www.janne-en-tobe.be	1	723428	99.9381
www.kbc.be/gsapart	1	723429	99.9382
www.perspectief.nu	1	723430	99.9384
www.rotaractnijmegen.nl	1	723431	99.9385
www.ruuster.nl	1	723432	99.9387
www.sonarproject.be	1	723433	99.9388
www.versvooru.nl	1	723434	99.9389
wyze	1	723435	99.9391
wéten	1	723436	99.9392
wìl	1	723437	99.9394
x-factor	1	723438	99.9395
xX	1	723439	99.9396
xa	1	723440	99.9398
xboxen	1	723441	99.9399
xfm	1	723442	99.94
xich	1	723443	99.9402
xl	1	723444	99.9403
xlat	1	723445	99.9405
xmas	1	723446	99.9406
xml	1	723447	99.9407
xml-bestand	1	723448	99.9409
xml-bestanden	1	723449	99.941
xmls	1	723450	99.9412
xs	1	723451	99.9413
xtje	1	723452	99.9414
xxM	1	723453	99.9416
xxXXxx	1	723454	99.9417
xxXXxxXXXxxx	1	723455	99.9418
xxXxx	1	723456	99.942
xxj	1	723457	99.9421
xxwillemijn	1	723458	99.9423
xxxxxxxx	1	723459	99.9424
xxxxxxxxxx@hotmail.com	1	723460	99.9425
xxxxxxxxxxxxxxxx	1	723461	99.9427
xxxxxxxxxxxxxxxxxxx	1	723462	99.9428
xxxxxxxxxxxxxxxxxxxxxxx	1	723463	99.9429
xxxxxxxxxxxxxxxxxxxxxxxxxxxxxxxxxxxxxxxxxxxxxxxxxx	1	723464	99.9431
xxxxxxxxxxxxxxxxxxxxxxxxxxxxxxxxxxxxxxxxxxxxxxxxxxx	1	723465	99.9432
xxxxxxxxxxxxxxxzzzzzzzzzzzzzzzzzzzzzzz	1	723466	99.9434
xxy	1	723467	99.9435
xy	1	723468	99.9436
xz	1	723469	99.9438
yahoo	1	723470	99.9439
yan	1	723471	99.9441
yay	1	723472	99.9442
year-off-hell	1	723473	99.9443
years	1	723474	99.9445
yeeeeaaAhhhh	1	723475	99.9446
yeh	1	723476	99.9447
yellowmind	1	723477	99.9449
yens	1	723478	99.945
yey	1	723479	99.9452
yihaa	1	723480	99.9453
ynknown	1	723481	99.9454
yoghurtpotje	1	723482	99.9456
yolande	1	723483	99.9457
yolene	1	723484	99.9458
yord	1	723485	99.946
yosemite	1	723486	99.9461
you.can	1	723487	99.9463
yourself	1	723488	99.9464
youtube-film	1	723489	99.9465
youuuu	1	723490	99.9467
youuuuuuuu	1	723491	99.9468
yoy	1	723492	99.947
yp	1	723493	99.9471
yr	1	723494	99.9472
yrein	1	723495	99.9474
ys	1	723496	99.9475
ysje	1	723497	99.9476
yum	1	723498	99.9478
yup	1	723499	99.9479
yv	1	723500	99.9481
yvan	1	723501	99.9482
yvank	1	723502	99.9483
yvon	1	723503	99.9485
z-as	1	723504	99.9486
z-blokje	1	723505	99.9487
z.	1	723506	99.9489
zEla	1	723507	99.949
za-team	1	723508	99.9492
za.	1	723509	99.9493
za^^	1	723510	99.9494
zaad	1	723511	99.9496
zaadvingers	1	723512	99.9497
zaagde	1	723513	99.9499
zaagmans	1	723514	99.95
zaagt	1	723515	99.9501
zaaien	1	723516	99.9503
zaakje	1	723517	99.9504
zaalvoetbal	1	723518	99.9505
zaats	1	723519	99.9507
zachtaardigheid	1	723520	99.9508
zachtheid	1	723521	99.951
zachtmoedigheid	1	723522	99.9511
zaden	1	723523	99.9512
zagreb	1	723524	99.9514
zakdoeken	1	723525	99.9515
zakdoekjes	1	723526	99.9516
zakenreis	1	723527	99.9518
zakt	1	723528	99.9519
zalen	1	723529	99.9521
zalf	1	723530	99.9522
zalfkes	1	723531	99.9523
zaligen	1	723532	99.9525
zalmquiche	1	723533	99.9526
zang	1	723534	99.9528
zanggeweld	1	723535	99.9529
zanglesstudent	1	723536	99.953
zarzadzajacej	1	723537	99.9532
zatdrinkt	1	723538	99.9533
zatedag	1	723539	99.9534
zaterdagavnd	1	723540	99.9536
zaterdagen	1	723541	99.9537
zaterdagmorgen	1	723542	99.9539
zaterdags	1	723543	99.954
zaterdagsessie	1	723544	99.9541
zaterdagvm	1	723545	99.9543
zaterfag	1	723546	99.9544
zateroverdag	1	723547	99.9546
zatjes	1	723548	99.9547
zatrdagmiddag	1	723549	99.9548
zatter	1	723550	99.955
zattie	1	723551	99.9551
zattigheid	1	723552	99.9552
zaveri	1	723553	99.9554
zazie	1	723554	99.9555
ze.Xje	1	723555	99.9557
ze.be	1	723556	99.9558
zeb	1	723557	99.9559
zebbe	1	723558	99.9561
zebben	1	723559	99.9562
zebrakoeken	1	723560	99.9563
zebrastr	1	723561	99.9565
zedelgem	1	723562	99.9566
zeebaars	1	723563	99.9568
zeebrugge	1	723564	99.9569
zeedijk	1	723565	99.957
zeeen	1	723566	99.9572
zeeer	1	723567	99.9573
zeef	1	723568	99.9575
zeeft	1	723569	99.9576
zeeker	1	723570	99.9577
zeeland	1	723571	99.9579
zeemonster	1	723572	99.958
zeerste	1	723573	99.9581
zeevruchten	1	723574	99.9583
zeezicht	1	723575	99.9584
zeeziek	1	723576	99.9586
zeezottentijd	1	723577	99.9587
zege	1	723578	99.9588
zegels	1	723579	99.959
zegeltjes	1	723580	99.9591
zegg	1	723581	99.9592
zeggen-dat	1	723582	99.9594
zeggen.se	1	723583	99.9595
zegget	1	723584	99.9597
zeggwn	1	723585	99.9598
zegmaar	1	723586	99.9599
zegn	1	723587	99.9601
zegtem	1	723588	99.9602
zei.hij	1	723589	99.9604
zeide	1	723590	99.9605
zeikerd	1	723591	99.9606
zeil-toevoeging	1	723592	99.9608
zeilboot	1	723593	99.9609
zeilmeisje	1	723594	99.961
zeilplezier	1	723595	99.9612
zeilweekend	1	723596	99.9613
zeilweer	1	723597	99.9615
zeistpas	1	723598	99.9616
zekere	1	723599	99.9617
zekerheidskwestie	1	723600	99.9619
zekerheidsrecht	1	723601	99.962
zekerste	1	723602	99.9621
zekert	1	723603	99.9623
zeket	1	723604	99.9624
zeldzame	1	723605	99.9626
zelfbevrediging	1	723606	99.9627
zelfcursus	1	723607	99.9628
zelfmoordpreventie	1	723608	99.963
zelfst.	1	723609	99.9631
zelfstandig	1	723610	99.9633
zelfstandigheid	1	723611	99.9634
zell	1	723612	99.9635
zelve	1	723613	99.9637
zemelachtig	1	723614	99.9638
zencursus	1	723615	99.9639
zend	1	723616	99.9641
zenden	1	723617	99.9642
zending	1	723618	99.9644
zendt	1	723619	99.9645
zene	1	723620	99.9646
zengerink	1	723621	99.9648
zennen	1	723622	99.9649
zeppelin	1	723623	99.965
zeshonderd	1	723624	99.9652
zestien	1	723625	99.9653
zestig	1	723626	99.9655
zeteltje	1	723627	99.9656
zeur-hoofdpijn	1	723628	99.9657
zeus	1	723629	99.9659
zevenbergen	1	723630	99.966
zevental	1	723631	99.9662
zever	1	723632	99.9663
zhem	1	723633	99.9664
zichy	1	723634	99.9666
zidewinde	1	723635	99.9667
ziekenbezoek	1	723636	99.9668
ziekenfonds	1	723637	99.967
ziekenhuisbal	1	723638	99.9671
ziekenhuisboekje	1	723639	99.9673
zieker	1	723640	99.9674
ziekig	1	723641	99.9675
ziekskes	1	723642	99.9677
ziekten	1	723643	99.9678
ziekteverlof	1	723644	99.968
ziektewet	1	723645	99.9681
ziel	1	723646	99.9682
zielepootje	1	723647	99.9684
zielloos	1	723648	99.9685
zietsewel	1	723649	99.9686
zigeuners	1	723650	99.9688
ziin	1	723651	99.9689
ziiten	1	723652	99.9691
zijb	1	723653	99.9692
zijden	1	723654	99.9693
zijje	1	723655	99.9695
zijkantje	1	723656	99.9696
zijlijn	1	723657	99.9697
zijlschip	1	723658	99.9699
zijm	1	723659	99.97
zijn.to	1	723660	99.9702
zijnXD	1	723661	99.9703
zijne	1	723662	99.9704
zijstraat	1	723663	99.9706
zijvak	1	723664	99.9707
zijwieltjes	1	723665	99.9709
zillegem	1	723666	99.971
zilver	1	723667	99.9711
zilveren	1	723668	99.9713
zilverpapier	1	723669	99.9714
zinebt	1	723670	99.9715
zingende	1	723671	99.9717
zinin	1	723672	99.9718
zinken	1	723673	99.972
zinloos	1	723674	99.9721
zinloze	1	723675	99.9722
zinnige	1	723676	99.9724
zinnigers	1	723677	99.9725
zino	1	723678	99.9726
zinvolle	1	723679	99.9728
zippen	1	723680	99.9729
zit.no	1	723681	99.9731
zita	1	723682	99.9732
zitin	1	723683	99.9733
zitj	1	723684	99.9735
zitmeubilair	1	723685	99.9736
zitplaats	1	723686	99.9738
zitplaatsen	1	723687	99.9739
zitplekken	1	723688	99.974
zittek	1	723689	99.9742
zittem	1	723690	99.9743
zittijd	1	723691	99.9744
zittnwe	1	723692	99.9746
zitzakzetel	1	723693	99.9747
zitze	1	723694	99.9749
zjelòne	1	723695	99.975
zjoke	1	723696	99.9751
zn.	1	723697	99.9753
zo-ochtend	1	723698	99.9754
zo-zo	1	723699	99.9755
zoal	1	723700	99.9757
zodawe	1	723701	99.9758
zodirect	1	723702	99.976
zodus	1	723703	99.9761
zoekactie	1	723704	99.9762
zoekertjes	1	723705	99.9764
zoekkaarten	1	723706	99.9765
zoekresultaten	1	723707	99.9767
zoem	1	723708	99.9768
zoenie	1	723709	99.9769
zoete	1	723710	99.9771
zoey	1	723711	99.9772
zogenaamd	1	723712	99.9773
zoja	1	723713	99.9775
zojn	1	723714	99.9776
zomedrekkies	1	723715	99.9778
zomeravond	1	723716	99.9779
zomerbroek	1	723717	99.978
zomerklaar	1	723718	99.9782
zomerslaap	1	723719	99.9783
zomertype	1	723720	99.9784
zomerweer	1	723721	99.9786
zondad	1	723722	99.9787
zondagactiviteiten	1	723723	99.9789
zondagmuziek	1	723724	99.979
zondagnamiddag	1	723725	99.9791
zondagschool	1	723726	99.9793
zondagvoormiddag	1	723727	99.9794
zondigen	1	723728	99.9796
zondvloed	1	723729	99.9797
zonee	1	723730	99.9798
zonen	1	723731	99.98
zonlicht	1	723732	99.9801
zonnaturadchap	1	723733	99.9802
zonne	1	723734	99.9804
zonneallergie	1	723735	99.9805
zonnebanktegoed	1	723736	99.9807
zonnecreme	1	723737	99.9808
zonnepanelen	1	723738	99.9809
zonneslag	1	723739	99.9811
zonnestraal	1	723740	99.9812
zonnestralen	1	723741	99.9814
zooltjes	1	723742	99.9815
zoom	1	723743	99.9816
zoontje	1	723744	99.9818
zooooo	1	723745	99.9819
zoooooo	1	723746	99.982
zoow	1	723747	99.9822
zopie	1	723748	99.9823
zorgd	1	723749	99.9825
zorgn	1	723750	99.9826
zorgvoorzieningen	1	723751	99.9827
zorgvuldiger	1	723752	99.9829
zorgzaam	1	723753	99.983
zotgrappig	1	723754	99.9831
zottekot	1	723755	99.9833
zottin	1	723756	99.9834
zoude	1	723757	99.9836
zoudn	1	723758	99.9837
zovaak	1	723759	99.9838
zovele	1	723760	99.984
zoxxx	1	723761	99.9841
zozo	1	723762	99.9843
zr	1	723763	99.9844
zstudio	1	723764	99.9845
zuchten	1	723765	99.9847
zuchtje	1	723766	99.9848
zuden	1	723767	99.9849
zuidpoort	1	723768	99.9851
zuidwaarts	1	723769	99.9852
zuidwesten	1	723770	99.9854
zuidwilhelmsvaart	1	723771	99.9855
zuienkerke	1	723772	99.9856
zuigplek	1	723773	99.9858
zuigplekjes	1	723774	99.9859
zuil	1	723775	99.986
zuiltje	1	723776	99.9862
zuiniger	1	723777	99.9863
zuipend	1	723778	99.9865
zuipende	1	723779	99.9866
zuipinge	1	723780	99.9867
zuipkaart	1	723781	99.9869
zuiptime	1	723782	99.987
zuivere	1	723783	99.9872
zulk	1	723784	99.9873
zullm	1	723785	99.9874
zulu	1	723786	99.9876
zumbales	1	723787	99.9877
zuse	1	723788	99.9878
zuslief	1	723789	99.988
zussendagje	1	723790	99.9881
zussie	1	723791	99.9883
zussies	1	723792	99.9884
zusta	1	723793	99.9885
zusterlief	1	723794	99.9887
zutendaal	1	723795	99.9888
zuuh	1	723796	99.9889
zuurkoolstamp	1	723797	99.9891
zuuuuuuup	1	723798	99.9892
zwaaaar	1	723799	99.9894
zwaaar	1	723800	99.9895
zwaaikunsten	1	723801	99.9896
zwaailicht	1	723802	99.9898
zwaait	1	723803	99.9899
zwaargewonden	1	723804	99.9901
zwaarste	1	723805	99.9902
zwaartekracht	1	723806	99.9903
zwaartepunt	1	723807	99.9905
zwager	1	723808	99.9906
zwakjes	1	723809	99.9907
zwakste	1	723810	99.9909
zwangerschapsdementie	1	723811	99.991
zwangerschapstesten	1	723812	99.9912
zwaren	1	723813	99.9913
zwartgeblakerde	1	723814	99.9914
zweedse	1	723815	99.9916
zweef	1	723816	99.9917
zweeft	1	723817	99.9918
zweetbandjes	1	723818	99.992
zweetcoma	1	723819	99.9921
zweette	1	723820	99.9923
zwembaden	1	723821	99.9924
zwembadfeest	1	723822	99.9925
zwembadjes	1	723823	99.9927
zwembandjes	1	723824	99.9928
zwembril	1	723825	99.993
zwemkaart	1	723826	99.9931
zwemluiers	1	723827	99.9932
zwemmend	1	723828	99.9934
zwempas	1	723829	99.9935
zwemsessies	1	723830	99.9936
zwemshort	1	723831	99.9938
zwetende	1	723832	99.9939
zwijg	1	723833	99.9941
zwijnaarde	1	723834	99.9942
zwijnaardse	1	723835	99.9943
zwijnen	1	723836	99.9945
zwoegen	1	723837	99.9946
zwoeien	1	723838	99.9948
zwoel	1	723839	99.9949
zx	1	723840	99.995
zyde	1	723841	99.9952
zym	1	723842	99.9953
zzZzZzz	1	723843	99.9954
zzz's	1	723844	99.9956
zzzzzzzzzzz	1	723845	99.9957
zéker	1	723846	99.9959
zíe	1	723847	99.996
zó'n	1	723848	99.9961
zóveel	1	723849	99.9963
zürich	1	723850	99.9964
{	1	723851	99.9965
~	1	723852	99.9967
´k	1	723853	99.9968
¿	1	723854	99.997
Álles	1	723855	99.9971
Èchte	1	723856	99.9972
É	1	723857	99.9974
Écht	1	723858	99.9975
Øt	1	723859	99.9977
Überafhaak	1	723860	99.9978
ándere	1	723861	99.9979
áán	1	723862	99.9981
älskar	1	723863	99.9982
är	1	723864	99.9983
èchte	1	723865	99.9985
épuisée	1	723866	99.9986
éven	1	723867	99.9988
ééntje	1	723868	99.9989
ík	1	723869	99.999
óveral	1	723870	99.9992
ôôghten	1	723871	99.9993
õcko	1	723872	99.9994
über	1	723873	99.9996
Καλή	1	723874	99.9997
Μητέρα	1	723875	99.9999
jes	1	723876	100
